U
[ 0.07615259 -0.27638602  0.02437906  0.21885628  0.00857028 -0.14944969
 -0.04548174  0.07218947 -0.08408204 -0.0458838   0.16023499 -0.08231768
  0.178337    0.38823858 -0.04078425 -0.18890099 -0.20078078 -0.05850063
  0.14131442 -0.3144465   0.08269917 -0.1675478  -0.13367136  0.22045837
 -0.04668662  0.13928327  0.19366008  0.08381832  0.34694627  0.11353619
  0.06509606  0.1633819   0.03922227 -0.32706758  0.08874726  0.1893479
  0.12819862  0.18015106 -0.23455489 -0.33898     0.06720199  0.05137348
  0.15137155  0.40349418  0.06379172  0.09110883  0.12926026 -0.10964909
 -0.02564848 -0.12414981 -0.3472359   0.24496776 -0.04226625 -0.02205334
  0.10026426 -0.08006077 -0.12895964 -0.04871049  0.16432115 -0.14852075
  0.01831634 -0.3058169  -0.21093372  0.31743535 -0.06506885 -0.06720445
 -0.27669108  0.03452985 -0.12186857  0.05502852 -0.30893493 -0.08282468
 -0.18562748  0.04573306 -0.12365574  0.04260335 -0.01075289  0.07145257
 -0.27818006 -0.06422003 -0.02671107 -0.2197491   0.03398336  0.04138058
  0.17791937  0.02952716 -0.13718246 -0.02856989  0.12261372  0.03257208
 -0.00776558 -0.30687213  0.07098424 -0.12982279  0.17839195  0.13741876
  0.06538433 -0.10498439 -0.10646897 -0.01170417]