J
[ 0.1003722  -0.30593958  0.08981789  0.2235213   0.0203049  -0.16020912
 -0.05366811  0.03726029 -0.05542231 -0.10548003  0.1534119  -0.03723269
  0.26646352  0.32938612 -0.08662197 -0.23639473 -0.22374997  0.02713672
  0.18993254 -0.39956588  0.04934979 -0.15174718 -0.07804573  0.22625858
  0.01946406  0.05717702  0.15376301  0.12232713  0.23522902 -0.01640118
  0.05025595  0.05034771  0.0264888  -0.3380076   0.06077174  0.18652785
  0.1191102   0.06165949 -0.17588817 -0.43546525  0.06190999  0.05390185
 -0.00819094  0.36183864  0.06908144  0.14045472  0.2215365  -0.08822753
 -0.02640887 -0.09632863 -0.30280098  0.22323772 -0.15004146 -0.11088713
  0.02946187  0.00452973 -0.28516    -0.02038077  0.21771629 -0.19009124
 -0.0172974  -0.2342599  -0.15470423  0.28975224  0.01167852 -0.03884881
 -0.28952613  0.00395238 -0.13038974  0.02536044 -0.2550872  -0.10663361
 -0.17377055 -0.00962598 -0.11891954 -0.02459337 -0.00402015  0.11349195
 -0.13913357  0.0140329   0.0727728  -0.27724132  0.07940856  0.00997819
  0.17850046  0.03358638 -0.02511647 -0.04681523  0.07154285  0.0233353
  0.00226507 -0.28924912  0.142538   -0.16530398  0.09957291  0.21835865
  0.02892983 -0.00260701 -0.07388721  0.07579637]