O
[ 0.06288473 -0.2735643   0.05855172  0.2586407  -0.02252657 -0.15388772
 -0.04492635  0.04465941 -0.04246927 -0.10007402  0.11140914 -0.08792065
  0.23234071  0.3556622  -0.02604951 -0.17893751 -0.21875077 -0.02488185
  0.14265427 -0.36195746  0.0215713  -0.16375501 -0.10481337  0.2134064
 -0.01698854  0.0960791   0.19184257  0.07949708  0.269295    0.09630298
  0.09492757  0.12043279  0.01637939 -0.30711374  0.1247086   0.21200402
  0.14652961  0.16645049 -0.23268686 -0.3851858   0.09784444  0.04793051
  0.12157326  0.35755295  0.07416837  0.13829005  0.1409981  -0.08172587
 -0.045907   -0.08123865 -0.35570097  0.26510987 -0.13592014 -0.04421818
  0.09128159 -0.0143077  -0.19891821 -0.05178635  0.19564775 -0.16395387
  0.01795054 -0.25807503 -0.17689584  0.33724782 -0.05042923 -0.04453975
 -0.2611236   0.02486101 -0.12559013  0.02820645 -0.29823568 -0.14575638
 -0.13965249  0.06150424 -0.13463788  0.04607434  0.01576955  0.06753273
 -0.20081335 -0.00712431  0.03759737 -0.22354405  0.06537655  0.03335803
  0.16898948  0.01748645 -0.10024237 -0.03491562  0.09532085  0.02633144
 -0.00468663 -0.35575998  0.06956065 -0.19988383  0.1929078   0.16773516
  0.05364182 -0.05879094 -0.08945227  0.00857276]