N
[ 0.06699599 -0.279657    0.0522256   0.25850654 -0.02064068 -0.15802817
 -0.03910003  0.04507995 -0.03898861 -0.10921442  0.10542093 -0.06895996
  0.24875385  0.337496   -0.02331939 -0.19357659 -0.21995206 -0.01712046
  0.14299557 -0.37195545  0.02681067 -0.15305133 -0.10632198  0.21228287
 -0.00180532  0.09767821  0.17850105  0.08457173  0.26765245  0.06975334
  0.08219094  0.10996205  0.02307489 -0.30869472  0.12101419  0.21499269
  0.13756083  0.14283197 -0.21763864 -0.39030507  0.09976231  0.06480924
  0.0895975   0.3564652   0.07325546  0.14457515  0.16016296 -0.09203652
 -0.05105511 -0.08297392 -0.3562755   0.26710847 -0.14145257 -0.04831592
  0.08768662 -0.00703581 -0.22118433 -0.04705537  0.19936192 -0.16441019
  0.01751057 -0.2385041  -0.1631894   0.33273342 -0.0481161  -0.04640937
 -0.2629165   0.01666795 -0.14021921  0.0199768  -0.2987118  -0.13539204
 -0.14418744  0.05634984 -0.13024506  0.04409332  0.00595016  0.07687157
 -0.17801952  0.00438863  0.04803278 -0.22295041  0.07363334  0.02727421
  0.17632449  0.01863084 -0.0898027  -0.03699544  0.09449397  0.02367647
  0.00821862 -0.36036032  0.07699673 -0.210369    0.17602709  0.1779506
  0.05867396 -0.04396152 -0.09368827  0.03176913]