http://erau.edu/ontology/meme.owl#ForeverAloneMeme
[-4.28912342e-02 -8.77724886e-02  1.03954633e-03 -1.65170040e-02
 -4.41422015e-02  6.81186318e-02  1.14088655e-01  5.08138090e-02
  1.84319261e-02 -1.00918256e-01  1.36516929e-01 -1.34081110e-01
 -1.81232896e-02 -9.14812610e-02 -7.48253465e-02  4.72449586e-02
  4.46848646e-02  1.17049262e-01 -5.72688431e-02  1.97732239e-03
 -1.99966460e-01  1.70264289e-01  9.11937431e-02 -1.29411846e-01
  1.12102725e-01 -7.16933224e-04  1.44676909e-01 -1.21876232e-01
  1.25768006e-01  1.79332327e-02  1.10180900e-01  3.43321525e-02
 -2.01071836e-02 -1.29017085e-01 -1.48106560e-01  2.20287874e-01
 -7.37059042e-02  1.67114913e-01  4.47791442e-03 -7.38931745e-02
  1.12359365e-02  3.40076745e-01 -2.71648079e-01 -1.38175130e-01
  1.51945040e-01  9.59140658e-02  2.22897725e-04 -9.72406343e-02
 -4.72162627e-02  5.13155907e-02  1.39594644e-01  7.61933299e-03
 -1.22780852e-01 -8.60445127e-02 -1.78385362e-01 -7.14595467e-02
  1.35962605e-01 -1.79068714e-01  8.33057836e-02  8.67771953e-02
  2.98201777e-02 -1.33373782e-01  1.81819260e-01  3.65125686e-02
 -1.41070887e-01 -1.56699762e-01 -3.94518860e-02 -6.97487369e-02
 -1.90874293e-01 -1.13019802e-01 -1.39721960e-01  1.94073349e-01
  2.60562062e-01  9.27684382e-02  5.65662906e-02  2.22569540e-01
 -7.98308700e-02  1.31516472e-01  2.61287719e-01  8.62356350e-02
  5.15562333e-02 -1.01092890e-01 -6.13305978e-02 -1.61117464e-01
  1.19217575e-01 -9.57640484e-02 -9.56787467e-02 -3.54478545e-02
  8.56277123e-02 -9.90934670e-03  1.64455138e-02 -2.68879861e-01
  2.48146132e-01 -1.48295790e-01 -1.13718666e-01 -3.24621536e-02
  1.27955154e-01  1.26816717e-03 -2.26684567e-03 -4.61477414e-02
  2.30501041e-01 -2.98010670e-02  3.78990710e-01 -3.64593267e-02
  3.91723625e-02 -8.40543658e-02  1.10843934e-01  8.61223266e-02
 -5.88306934e-02 -6.65099174e-02 -8.14940222e-03 -4.97376211e-02
 -1.03686981e-01 -1.57469943e-01 -1.46162836e-02 -3.87329399e-03
 -2.69513130e-01 -1.33952349e-01  4.11940366e-02  5.82851395e-02
 -6.24617301e-02 -1.06208061e-03 -1.30207419e-01  1.18779302e-01
  1.20056868e-01 -1.50943741e-01 -1.62167698e-02  2.10974040e-03
  2.91931313e-02  5.14769107e-02 -2.42183357e-01  6.86880276e-02
 -8.20051879e-02 -6.35206103e-02 -6.24413416e-02  3.43013667e-02
 -4.42139544e-02 -2.52395961e-02 -1.54140234e-01  7.65890405e-02
 -2.34793216e-01 -1.23194500e-03  3.36295664e-02  7.40257427e-02
  2.31745616e-01 -3.26680779e-01  6.59694821e-02 -1.25343755e-01
  1.31720407e-02  2.16927692e-01  6.04572445e-02  1.12379650e-02
  1.42271705e-02  3.65859456e-02 -1.69985607e-01  6.88812211e-02
 -2.13782907e-01  1.77127868e-01 -1.16970968e-02 -3.85263227e-02
 -1.55879585e-02 -1.20520510e-01  1.07770842e-02 -1.16014838e-01
 -1.74027547e-01 -2.15670288e-01  1.23491371e-02  1.87740792e-02
 -3.11037332e-01  4.56037670e-02  2.45706029e-02  7.64128938e-02
  2.62294263e-01  1.45965949e-01  6.92358315e-02 -4.84179705e-02
 -8.82583559e-02 -3.03486455e-02  8.08267891e-02 -1.16117634e-01
 -9.79568660e-02  1.11314148e-01  1.08501635e-01  2.16261297e-02
 -7.96791613e-02 -8.23881850e-02  2.61479348e-01  9.02078953e-03
  2.26773098e-01 -1.06510252e-01  1.52338538e-02 -4.23445180e-02
 -2.15265542e-01  3.48006142e-03  1.30033772e-02 -6.94967508e-02
  9.39576235e-03  9.92746651e-02 -1.00219540e-01 -1.82614531e-02
 -2.64272615e-02  2.37509534e-02  5.04959375e-02 -9.54726189e-02
  1.57309882e-02 -1.56691715e-01 -2.77360138e-02  2.99595781e-02
  1.65749311e-01  1.12778172e-01  2.12824717e-01 -6.71733767e-02
 -8.90063941e-02 -1.10324875e-01  1.04067177e-01  2.81747766e-02
 -5.69332093e-02  2.80251522e-02  1.24409057e-01  1.50802270e-01
  5.43799140e-02  1.50084764e-01 -1.55828550e-01  1.14661917e-01
 -9.98580009e-02 -4.30754311e-02 -1.49792790e-01 -1.88935152e-03
  1.01420224e-01 -5.20399064e-02  1.28478318e-01 -3.03554349e-02
 -2.11735964e-01 -1.57600436e-02 -5.89586981e-02  4.42318320e-02
 -1.22819215e-01 -6.81818649e-02 -4.41192687e-02 -9.08391103e-02
 -3.92503999e-02 -1.08244032e-01 -1.29952643e-03  3.04350108e-02
 -4.69620526e-02 -9.68815945e-03 -9.50211734e-02 -4.71862070e-02
 -1.00722298e-01  4.06157970e-02  1.21195234e-01 -2.37172619e-02
  8.67586955e-02  7.51831755e-02  1.41428351e-01  4.74604405e-02
 -8.73968974e-02  6.59910664e-02  1.71222221e-02  5.84775582e-03
 -2.43779086e-02 -3.00667086e-03 -1.84822865e-02 -7.36869350e-02
 -1.46685481e-01 -2.19930425e-01  8.42020661e-02  3.67951728e-02
  1.21624209e-01 -6.11472279e-02 -2.91496664e-02 -1.13621287e-01
 -1.03397109e-02  8.07642788e-02  1.37008190e-01 -1.04021495e-02
  1.70154899e-01 -3.52218300e-02 -6.91860355e-03  4.19259146e-02
  6.85271695e-02  4.71711196e-02  7.38611370e-02 -1.38634637e-01
 -1.49417102e-01  2.01389194e-02 -5.20113222e-02 -2.99508069e-02
 -8.90968964e-02 -7.66742527e-02  1.34928674e-01 -3.88453528e-02
  3.29012908e-02 -6.52331486e-02  1.44566400e-02  5.68879917e-02
  1.17015295e-01  3.42176631e-02 -1.21939452e-02 -6.51599765e-02
 -1.06286973e-01 -1.68483227e-03 -5.24672195e-02  8.83828700e-02
 -2.04709861e-02 -7.17242062e-02  1.07398696e-01  2.14149114e-02
 -6.85293227e-03  4.80722338e-02  1.65517882e-01 -1.41592711e-01
  3.37789282e-02  8.51505399e-02 -5.80276996e-02  3.88046764e-02
 -2.98319142e-02  2.78546871e-03  4.77702729e-02 -6.59849942e-02
  1.02442883e-01 -2.04921383e-02  1.34685323e-01  5.16965650e-02
  2.90695112e-02  5.20058125e-02 -3.30100954e-02 -2.92857047e-02
  1.10997804e-01 -2.35513989e-02 -2.55861580e-02  9.12929773e-02
 -5.23673669e-02 -1.04239278e-01 -1.14646226e-01 -2.23923907e-01
  1.80309594e-01  1.81594938e-02 -4.86500748e-02  9.88553837e-02
 -2.91868821e-02  9.20239910e-02  9.08350572e-02 -7.00300606e-03
  2.71891039e-02 -1.16464444e-01 -3.90585959e-02  7.49180168e-02
 -3.21046598e-02 -8.84939358e-02 -7.80281052e-02  7.44777098e-02
 -5.32903820e-02  1.07656494e-01 -1.93246245e-01  5.31114601e-02
 -7.41992295e-02  1.58794317e-02  1.64702103e-01  5.42212874e-02
 -1.07281975e-01 -7.44627342e-02  1.06973104e-01 -1.17857404e-01
 -6.70242980e-02  9.25946236e-03 -5.45427054e-02  1.12832479e-01
  2.13805353e-03  6.29321262e-02  7.02947974e-02  3.51806208e-02
 -1.17940322e-01 -9.37104300e-02  1.04442097e-01 -1.10749453e-01
 -1.34752780e-01  9.33206901e-02 -4.24264781e-02  3.06256842e-02
 -1.24394502e-02  2.46580318e-03  5.34712598e-02 -2.86873318e-02
  6.89605623e-02 -9.23107788e-02 -3.09475306e-02  2.22418547e-01
  2.71902960e-02 -8.13036934e-02 -5.50810173e-02  6.43683746e-02
  7.40266964e-02  2.08216533e-01  1.81717295e-02 -2.48454124e-01
  1.22423451e-02 -1.63217839e-02  2.28026778e-01  2.30578315e-02
 -1.88097637e-02 -2.11024806e-01  1.64127812e-01 -2.24491015e-01
 -1.83743700e-01  3.87472846e-02 -1.32742971e-01  1.75782099e-01
  9.88017842e-02  1.54430628e-01 -7.42431208e-02 -1.48604736e-01
 -4.27589491e-02 -2.09766887e-02 -3.58967595e-02 -1.04013696e-01
 -4.06000279e-02 -1.19064838e-01 -5.49997501e-02  7.98521861e-02
  6.57045394e-02 -5.77204749e-02  3.00366674e-02  1.72510594e-01
 -7.43659735e-02 -3.20415422e-02 -3.28837568e-03  1.23493886e-02
  1.03880025e-01 -4.79800440e-02  2.23657582e-02  1.59103498e-01
  2.77650878e-02 -2.57231027e-01  2.17223883e-01  7.29706660e-02
  1.67099833e-01 -4.99897487e-02  1.14595786e-01  1.17830873e-01
  9.64278579e-02  8.21305439e-02 -1.81226790e-01  2.49169469e-01
 -3.06486309e-01  2.56028865e-02 -1.34056836e-01 -6.42329454e-02
 -1.79737478e-01  6.86123073e-02  6.45993650e-02  8.15487951e-02
  1.65594622e-01 -5.65477461e-02  2.38464892e-01  1.22956462e-01
  1.38996750e-01 -3.47502157e-02  1.73111483e-02  1.50349990e-01
  9.84990373e-02  1.70760274e-01  2.22031206e-01 -1.99741885e-01
 -3.06895487e-02  1.13295235e-01  7.34015927e-03 -2.34784067e-01
 -9.07031000e-02  6.27095923e-02  3.11047703e-01  6.69445768e-02
  3.63048643e-01  1.80000991e-01  8.12789574e-02 -1.14486344e-01
  1.16734549e-01 -1.09612703e-01 -5.22677274e-03  1.62368506e-01
  4.05578874e-03 -5.73913455e-02 -2.44595245e-01  2.61435151e-01
 -1.32255793e-01 -2.70914793e-01  4.38537449e-02 -2.48010433e-03
  1.37022985e-02  1.44892246e-01 -1.16115145e-01  3.38196605e-02
  6.94422498e-02  1.41828746e-01  1.11738555e-01  7.18236268e-02
 -2.37942431e-02  9.81569216e-02 -2.26077028e-02  6.96370890e-03]