http://erau.edu/ontology/meme.owl#LMFAOMeme
[-0.09856594 -0.00782832  0.07180257  0.13331479  0.04526755  0.04932341
 -0.07635875  0.03239512  0.09148417 -0.22447899 -0.12414613  0.28247058
  0.20008475  0.156431   -0.05657327 -0.18354842 -0.09611133 -0.07397392
  0.02748748 -0.05267545 -0.01265425  0.1691924  -0.04319853  0.14187428
  0.03231033 -0.1910396  -0.00051095 -0.02411832  0.03927404 -0.0773517
 -0.21864852 -0.07272831 -0.15601596 -0.02241663 -0.1297324   0.04987025
 -0.15354344  0.12486152  0.04408861  0.24769942  0.070665    0.03414546
 -0.26602024 -0.03264453 -0.22339977 -0.05331127  0.07305548 -0.18018852
  0.04962793 -0.17642681 -0.00817653  0.17305116  0.21750924  0.01062956
 -0.19079192  0.24327348 -0.08169916 -0.01750179  0.11771365  0.18151684
  0.18961969 -0.17365956  0.0199591   0.03227586 -0.06135641 -0.03975082
 -0.12005944 -0.06644713  0.10996647 -0.10199431  0.14491661 -0.02256726
 -0.01676808 -0.01352459 -0.21256968 -0.08019211 -0.04286245 -0.11224803
 -0.03367293 -0.11573578  0.15737975  0.18644471 -0.26862922 -0.10506334
 -0.04668271  0.00750781  0.12949651  0.05442014 -0.02104665  0.27221814
 -0.09846705 -0.00661931 -0.21519637 -0.02298278  0.05547658 -0.0823983
 -0.05426582  0.27468744  0.01764999 -0.02677542  0.10076867 -0.05665813
 -0.08607322  0.02801856  0.14837202 -0.00556223  0.08099237  0.19055802
  0.112803   -0.01542526  0.19008243  0.11813422  0.03217188  0.02214176
  0.17020214 -0.13375954  0.03809901 -0.01469319 -0.13701332 -0.01386307
  0.00243752  0.1546237   0.01256407  0.01299286 -0.20609373 -0.24409999
 -0.01890503  0.15381202 -0.23048048 -0.14301158 -0.03524569  0.04167699
  0.01960911 -0.17978698  0.10459152 -0.09953866  0.11350302  0.03706984
  0.04076954 -0.00406251 -0.081568   -0.00677918 -0.07045972  0.06546156
  0.01942471  0.02985916 -0.05821527 -0.12704009 -0.10500038 -0.02508198
  0.07596498  0.036711   -0.16380143 -0.13361394 -0.10433014 -0.13850628
  0.04245704 -0.00571398 -0.07236941 -0.05607011  0.07049764  0.23978637
  0.1006398   0.01537054 -0.1169318  -0.11134384  0.01068287  0.1449056
 -0.18226567 -0.04413687 -0.03286632 -0.0219553  -0.03278539  0.19302955
  0.13300912 -0.00921846  0.06213105  0.03516094  0.02057312 -0.0265018
 -0.18976584 -0.08872266 -0.03089656 -0.02868736 -0.02477882 -0.01714143
 -0.18170364  0.03717553  0.12658559  0.13044627  0.00094107  0.24236122
  0.20063238  0.13559157 -0.12107149 -0.0193202  -0.07961724 -0.05672506
 -0.13055713  0.18456209]