http://erau.edu/ontology/meme.owl#SpotifyPlaylistMessagesMeme
[-1.31934971e-01 -1.59064516e-01  5.93163371e-02  7.07820207e-02
 -3.22383642e-02  5.27626947e-02  1.82837948e-01  3.01834792e-01
  4.01272625e-02 -1.15027525e-01  5.10739395e-03  1.00640599e-02
 -6.43707737e-02 -5.86938299e-02 -6.04260759e-03 -7.93670863e-03
  1.14021301e-01 -1.11522283e-02 -2.15473515e-03  1.15960777e-01
 -2.64435291e-01  1.02229670e-01 -2.91193388e-02 -7.93120712e-02
  2.50236481e-01 -1.84761751e-02  1.38942033e-01 -1.40293032e-01
  3.61212909e-01  2.34431997e-01  7.36759929e-03  4.88241501e-02
  1.02045216e-01 -9.71285775e-02 -8.66702273e-02  1.16889931e-01
 -6.71030208e-02  2.21717916e-03 -9.85122100e-02 -1.85048521e-01
  1.28284782e-01  1.87600911e-01 -5.69153689e-02  1.21237963e-01
  9.22546983e-02  1.08230850e-02 -5.71864210e-02 -1.89393282e-01
  6.96630627e-02  8.11361670e-02  1.04330711e-01  8.21204484e-02
  1.78421400e-02 -8.20680186e-02 -8.80292058e-02 -1.15337826e-01
  6.08607307e-02 -5.39408326e-02  5.15728071e-02  1.04789305e-02
  7.18763769e-02 -3.37492349e-03  5.56580573e-02  2.25669518e-02
 -6.24717027e-02  3.62430066e-02 -4.59917895e-02 -4.85129096e-03
 -5.90233169e-02 -1.62045389e-01 -4.32489403e-02  3.21605578e-02
  7.18839839e-02 -2.54427399e-02  4.45584692e-02  6.29640967e-02
 -9.06743482e-02  4.65964861e-02  1.07379481e-01  4.08947356e-02
 -1.11238183e-02 -1.68781448e-02 -3.08735184e-02 -8.49343315e-02
  2.95684244e-02 -8.72261003e-02 -1.49759963e-01  1.59925923e-01
  1.74101785e-01 -2.54571345e-03  1.13017865e-01 -2.29720071e-01
  8.40955377e-02 -7.57872313e-02  5.50463656e-03  6.15840638e-03
 -9.72603858e-02 -3.85713726e-02 -2.87825521e-02 -1.30025014e-01
  2.86944620e-02 -4.62798290e-02  1.95330948e-01 -6.85538128e-02
 -2.92175114e-02  3.52242365e-02  4.64286506e-02 -2.16578450e-02
  7.41193211e-03 -1.20409206e-01  1.83303177e-01  3.08562245e-04
 -1.23686776e-01 -1.09954856e-01  2.85134069e-03  1.54566139e-01
 -1.47712499e-01 -3.55293117e-02  2.59877760e-02 -1.38691410e-01
 -7.54418783e-03  1.54481176e-02 -3.74019891e-02  6.47784323e-02
  1.35175347e-01 -9.06357765e-02 -2.19995715e-02 -4.52147871e-02
  3.72521281e-02  1.87979007e-04 -2.12128460e-01 -8.59758481e-02
 -4.90603708e-02 -1.90853968e-01 -5.92121556e-02  1.20380647e-01
 -3.29375118e-02 -5.44927269e-02 -2.39372373e-01  6.38087094e-02
 -2.72064269e-01  6.05773628e-02  9.38504189e-02 -2.32455801e-04
  1.69154048e-01 -1.64605856e-01  4.06771190e-02  6.59098700e-02
 -8.65113363e-02  3.13924514e-02 -4.14367355e-02 -5.13511384e-03
 -5.67411110e-02  7.03533366e-02  7.35486224e-02  1.01139449e-01
 -8.80927294e-02  1.78912655e-01  1.10350959e-01 -1.73993006e-01
  3.73370573e-02 -1.38715282e-01  1.17609814e-01 -4.22429740e-02
 -8.54640082e-02 -4.87262085e-02 -2.14513466e-02  2.56664325e-02
 -1.33125842e-01  1.31030008e-01 -8.75339285e-03  1.06197141e-01
  1.34043187e-01  9.42733511e-02  2.68281139e-02  1.85267497e-02
 -3.45176905e-02  4.55673262e-02  7.50360712e-02 -4.79556806e-02
 -1.56565066e-02  1.27490088e-01 -9.43544284e-02  1.66425824e-01
 -6.52962476e-02 -6.07652403e-02  1.34077951e-01  1.10251196e-01
  2.24782854e-01  3.23216952e-02  4.92716469e-02  9.34052914e-02
 -1.84991598e-01 -2.28762366e-02 -9.59123448e-02 -6.28161058e-02
 -3.56498845e-02 -5.81872724e-02 -3.67188640e-03 -2.87613645e-02
 -1.11974545e-01 -4.04852144e-02 -3.55787836e-02 -1.02804199e-01
 -7.64432251e-02 -1.87411651e-01  4.66543296e-03 -7.72453770e-02
  3.89599474e-03  4.37643938e-03  1.59565002e-01  1.11768648e-01
  6.69501573e-02 -1.24379471e-01  2.03604430e-01  1.04986772e-01
 -2.14321539e-02 -1.97559461e-01  1.37808189e-01  3.12855467e-02
  2.59409189e-01  6.97658211e-02 -6.59302250e-02  2.45167371e-02
  1.04149006e-01 -6.81974143e-02 -1.10872373e-01 -3.30793597e-02
 -5.83151169e-02  6.90771267e-02  1.59531832e-01  6.12249598e-02
 -5.60052507e-02 -1.18379831e-01  3.61977071e-02  8.53710175e-02
  7.73066073e-04  3.23763676e-02  1.29490018e-01 -6.18611649e-02
  1.64368629e-01  2.74341932e-04  2.49324124e-02 -5.04907966e-02
 -1.58476919e-01 -4.24888097e-02 -1.77173197e-01 -3.73073630e-02
  2.71522328e-02  7.52150267e-03  2.40974203e-02 -7.30276480e-02
  8.05625394e-02  1.00837126e-01  1.60124734e-01 -4.24573608e-02
 -1.37278542e-01 -1.01536624e-01  8.21610615e-02 -7.76067227e-02
 -7.78163671e-02 -9.53641236e-02  3.15758288e-02 -1.79772988e-01
 -4.99736471e-03 -1.08262300e-01 -1.26746684e-01  8.41439739e-02
  2.75398567e-02  2.57066134e-02 -3.81823182e-02  1.13037406e-02
 -6.18635044e-02  7.93910399e-02  7.77694434e-02 -1.03012525e-01
 -2.81095877e-02 -7.47733787e-02  7.15239272e-02 -7.03819320e-02
  7.59376884e-02  1.22104011e-01  4.51284135e-03  6.45435182e-03
 -1.89888738e-02 -1.33429497e-01 -1.23876156e-02  5.93362041e-02
  9.25809890e-03 -8.53978246e-02  6.01106733e-02  7.83870965e-02
 -4.48005013e-02  8.83739963e-02  1.23784086e-03 -1.71558540e-02
 -1.35466782e-02  2.72475071e-02 -2.48107705e-02  3.71580236e-02
 -1.52710184e-01  4.86330613e-02 -1.24887049e-01  2.06363782e-01
  1.16817755e-04  7.71443024e-02  4.29840423e-02  1.64030299e-01
  6.00347295e-02  4.19433974e-02  7.37607554e-02 -4.57969680e-02
  1.48807496e-01  1.20807163e-01  1.03689037e-01  7.48411193e-02
 -1.55449826e-02  8.78532454e-02 -8.70196223e-02 -1.37214452e-01
  2.79444568e-02 -1.17433712e-01  1.16298996e-01  7.76392743e-02
 -4.75149490e-02  3.50091979e-02 -4.02616970e-02  6.26107305e-02
  3.74054052e-02 -3.98094840e-02  1.18419516e-03  9.14930552e-03
 -2.07629651e-02 -5.02600856e-02 -1.11954853e-01 -2.24959135e-01
 -1.42262131e-02  1.59144163e-01 -2.35087663e-01 -2.00067293e-02
  2.34260280e-02  2.18064576e-01 -9.85055119e-02 -4.95554507e-03
 -1.52557820e-01 -1.29099227e-02  2.50516441e-02  6.33340180e-02
 -7.68663064e-02 -1.88865870e-01 -3.48790996e-02  1.53736234e-01
  1.77891105e-02  1.71766534e-01 -1.44151658e-01  6.44818991e-02
  2.50748098e-01  3.81745468e-03  1.08644880e-01 -6.76519871e-02
 -1.45527840e-01  2.19664022e-01  4.88193445e-02  3.03929020e-02
 -1.41515965e-02 -5.39582931e-02 -7.32806548e-02  1.18600756e-01
 -1.15395002e-01 -1.17410481e-01 -7.27285072e-02 -7.56132528e-02
 -2.85366029e-01 -8.41203146e-03  4.41688187e-02 -7.35168532e-02
 -2.34242052e-01  3.02168727e-02 -3.08008455e-02  6.72973916e-02
  7.70181417e-02  2.10527956e-01 -6.30795490e-03 -1.64188012e-01
  5.31091653e-02 -1.46556854e-01 -1.48312509e-01  6.12325445e-02
  2.88182478e-02 -2.01809585e-01 -3.37615656e-03  1.30757779e-01
  1.37526259e-01  1.87764272e-01 -1.16923727e-01 -3.20343226e-01
 -1.38820047e-02  3.79683673e-02  3.93602043e-01 -1.12631759e-02
  4.08726893e-02 -1.06585346e-01 -4.16604057e-02 -2.72384703e-01
 -2.77037501e-01  3.70275863e-02 -1.28419222e-02  3.96076828e-01
  2.05805808e-01  1.59493655e-01 -1.17394924e-02 -2.87948936e-01
 -1.13975108e-01 -4.98937853e-02  1.13067357e-02  3.92679386e-02
 -1.34408981e-01 -7.48252198e-02 -4.93222661e-02  2.26330265e-01
  1.25172213e-01  1.02857351e-01 -1.19479239e-01  7.80162215e-02
 -7.68766552e-02 -1.73947409e-01  4.21483885e-04  2.82379538e-01
  2.12529704e-01 -1.07174456e-01 -2.16554385e-02  3.78529459e-01
  1.02497667e-01 -7.35862851e-02  2.99539000e-01  2.41031840e-01
  4.80394550e-02 -1.28678218e-01  9.03236493e-02  8.83006528e-02
  1.28931984e-01  2.90722027e-02 -8.46634358e-02  3.36640507e-01
 -3.01751703e-01 -1.79057837e-01 -3.65591168e-01 -5.28675467e-02
 -6.13699481e-02  1.31268099e-01  2.72230636e-02  4.81608696e-02
  9.72594693e-02 -6.84268549e-02  9.12356973e-02 -6.05459623e-02
  8.02426785e-02  4.71812412e-02  2.11529955e-02 -6.47590682e-02
  2.42007002e-01  6.92061186e-02  1.57473609e-02 -6.77390695e-02
 -5.32650687e-02  9.68828499e-02 -5.15823513e-02 -9.15834531e-02
  2.56565399e-02  1.18981823e-01  1.77922979e-01  4.88699116e-02
  7.70372227e-02  1.81801245e-01  3.57231200e-02 -1.30994275e-01
 -2.85988245e-02 -2.64400572e-01 -1.34908736e-01  6.50663897e-02
 -8.69737342e-02  1.42456573e-02  6.31836988e-03  3.43501359e-01
 -1.04837656e-01 -1.47010893e-01  1.24368332e-01 -2.15586014e-02
  1.36335015e-01  2.49621794e-02 -8.58783796e-02  1.37509359e-02
 -3.18061910e-03 -2.53962800e-02  1.57467335e-01 -5.88178858e-02
 -1.46141544e-01 -1.07829131e-01  6.70699552e-02  1.03694133e-01]