http://erau.edu/ontology/meme.owl#MinecraftMeme
[ 0.00685684 -0.10760993  0.07713231  0.0051172  -0.09944279  0.01773532
  0.03408047 -0.06896794  0.05205272 -0.07082227  0.1389132  -0.02889662
  0.0728875  -0.04898612  0.00429982  0.00493808  0.01244368  0.11792762
  0.00658694  0.04731486 -0.0607421   0.07541659  0.21134548 -0.00672013
 -0.01883797  0.00124684 -0.03390218 -0.03639165  0.22955033  0.00077815
  0.10077564  0.10142063 -0.07755743 -0.04275938 -0.05419977  0.13612215
 -0.08479846  0.08457252 -0.06598171 -0.08943841 -0.0179414   0.08223119
 -0.20213102 -0.07020045  0.03457351 -0.09268863  0.10114428  0.0620025
 -0.03815919  0.03758297  0.01959345 -0.03186292 -0.137599   -0.03196288
  0.01890616 -0.04916806  0.14897797 -0.0465367   0.05825597  0.12268385
 -0.06617986  0.00662139  0.12249643  0.09288871 -0.14486894 -0.08978917
  0.1151765   0.01810833  0.00359401  0.04833209 -0.02830531  0.16409558
 -0.00642507  0.03315052  0.01142791  0.08007549  0.01603536  0.09908764
  0.13560356  0.06987286 -0.06781586  0.03016297  0.00256046 -0.08798314
  0.02196866  0.03214261  0.00135455  0.14217901  0.0269784   0.04167273
 -0.00703673 -0.14615312  0.04360939 -0.07050575 -0.10444868  0.05457893
 -0.09216756  0.00996698  0.08777159  0.0121049   0.14439404  0.06627327
  0.14378746 -0.01791218 -0.0173302   0.02806175  0.12637216  0.03715145
  0.03204564 -0.04276442 -0.06848107  0.00848716 -0.09513824  0.03322237
  0.08034066  0.04048105 -0.05876233 -0.16889724  0.08138243  0.03593451
  0.11983022 -0.14088602 -0.15658882  0.05611842 -0.01753955 -0.0351999
 -0.0927198   0.10153864  0.07765172  0.02710745 -0.1443154  -0.07850447
 -0.10225134  0.00044874 -0.11228957  0.09554868 -0.08370562 -0.09545252
 -0.01326612  0.02116531 -0.12634304 -0.07382456  0.04639977  0.06925199
  0.10785092 -0.14118756  0.14692356 -0.16590336  0.07132641  0.08675925
 -0.04788395 -0.11490187  0.01506962 -0.04980134 -0.08019797  0.02201666
 -0.09308996  0.20814656 -0.05759993 -0.06355602  0.05490998 -0.01155316
 -0.05360016  0.0082175  -0.28225347 -0.18483007 -0.05465087  0.1538547
 -0.14462848  0.12464244 -0.07711202  0.07377178  0.185498    0.01763008
 -0.01999743 -0.01655964 -0.07521833  0.04915426  0.07115643 -0.00642101
 -0.07108609 -0.07118307  0.04856541  0.04763601 -0.10333367 -0.0047048
  0.05860088  0.03224315  0.12903583 -0.10894852 -0.06242883 -0.07211232
 -0.11667724 -0.04930547 -0.0475954   0.04806051  0.06167949  0.2206986
 -0.1451559  -0.10092299  0.01086697 -0.01002392  0.14884174 -0.03944061
 -0.00874993 -0.29032248  0.02514205  0.03137692  0.12012997  0.15025742
  0.23760481  0.02008611  0.03637232 -0.02231051 -0.06081178  0.07707533
 -0.11475791 -0.07783446  0.02233834  0.15214941  0.14513065  0.15301694
 -0.07792898  0.04192112 -0.10308425 -0.04810175 -0.09130372 -0.04320442
 -0.10547081 -0.02306578 -0.04270937  0.08142642 -0.09879384 -0.01076932
 -0.05127572  0.04417069 -0.11274078 -0.12140312  0.13083553 -0.11194086
 -0.05720641  0.00185441  0.04457473  0.02133767 -0.28389856 -0.05410711
 -0.15177055 -0.03883272 -0.13306828  0.00544961  0.03969853 -0.04207466
  0.17499909 -0.06420393  0.18298802 -0.05527931 -0.12952305  0.01439286
 -0.00615997 -0.03086688 -0.06605281 -0.1277888  -0.08502633 -0.0600283
 -0.04986061 -0.20957609  0.11257175 -0.03769511  0.0832698  -0.08400767
 -0.05415432 -0.0086516  -0.01951616  0.08617985  0.14951445 -0.14937656
  0.18593965  0.04645375 -0.12212389  0.00068324  0.11670464  0.02394069
 -0.12251209 -0.10366755 -0.19207378  0.00335582 -0.15020427  0.02806802
 -0.06519038 -0.14860341  0.04930107 -0.05418731  0.0121324  -0.0630614
  0.07529765 -0.01425864  0.20288868  0.04343937 -0.1892765  -0.13378052
 -0.08873083  0.09135907  0.12561311  0.09725378  0.03883702 -0.01967896
  0.24626656 -0.10094553 -0.06664606 -0.04179157  0.25134158 -0.28059363
 -0.01889566 -0.1176218  -0.17299542 -0.07159109  0.01614899  0.03547801
  0.03923757  0.01130945  0.04386694 -0.1952427   0.04434557  0.20291816
  0.00722875 -0.00133295 -0.13329619 -0.01949145  0.22323973 -0.10771035
 -0.05546793 -0.01861021  0.09299651 -0.09235188  0.01226853 -0.21957867
  0.12967208  0.11601414  0.05841433  0.13349412  0.08550302  0.01842284
 -0.07033154 -0.00780937 -0.13790175  0.08402216 -0.10942958  0.08346026
  0.07039569 -0.08344336 -0.08020461 -0.00415706 -0.07701295  0.19561312
 -0.11197152  0.08165287  0.02948814 -0.01142691  0.18993169 -0.01993805
 -0.02199022  0.1651521   0.04418745 -0.12570336  0.12213332 -0.01604683
 -0.04529526  0.05315544 -0.0240881   0.08492366 -0.04322083  0.01213191
 -0.2022302   0.06655695  0.07613812  0.02097412 -0.11024348  0.07933099
 -0.00183346 -0.09026402  0.09375896  0.20150484 -0.06965755 -0.05399513
  0.13498297 -0.19170794 -0.12910028  0.12462851 -0.12290609 -0.11968415
 -0.01605901  0.11219596 -0.04333063  0.2897188   0.04043781 -0.26414928
  0.12170666 -0.03677237  0.18536305 -0.10431763 -0.10251113 -0.18694681
  0.06075162 -0.16888316 -0.04965108 -0.11038689  0.0297321   0.29190266
  0.11178745  0.06102215  0.2768054  -0.05274809 -0.19448575 -0.1182375
 -0.13991606  0.08193425 -0.19553052 -0.07646412 -0.03152627  0.02256139
  0.16962017  0.040605   -0.14427058  0.01444917  0.09804554 -0.11686244
 -0.06731187 -0.08823346  0.08550121  0.03356115  0.05822389  0.20563598
  0.1021198  -0.10640439  0.10597124  0.22216159  0.0305152  -0.15543334
 -0.07067817  0.19291489 -0.08092052  0.08438779 -0.18067072  0.26308987
 -0.33019704 -0.03129843 -0.12599127 -0.13487445 -0.01715454  0.05131783
  0.08430734  0.11712709  0.12090483 -0.05064143  0.24517652  0.09303135
  0.09264202  0.0249511   0.06254605 -0.00198295  0.24666935  0.05882952
  0.08070122 -0.08122075  0.01879971  0.21775268 -0.01675615 -0.24898311
 -0.1287097  -0.05923647  0.15510091 -0.03557594  0.16393642  0.10184618
  0.01462008 -0.19781889  0.21606886 -0.1878155   0.02810157  0.16713758
  0.06524738 -0.00482013 -0.09881119  0.2275018  -0.10603092 -0.15460141
 -0.0291382   0.03269134  0.07585967  0.09302733  0.03236208  0.05272054
 -0.00585273  0.05556242  0.05745779 -0.00517393  0.14530808 -0.09592009
  0.02456588  0.01293282]