http://erau.edu/ontology/meme.owl#ComicStripsMeme
[-3.55513133e-02 -1.20970726e-01 -4.58079055e-02  9.21632163e-03
  6.10813033e-03  7.65357837e-02  7.11812824e-02 -5.93400970e-02
 -1.69438974e-03 -2.95984130e-02  3.68432254e-02 -1.09410420e-01
  8.40619281e-02 -5.46201095e-02 -2.72182263e-02  3.15207206e-02
 -1.04934856e-01  6.91641718e-02 -7.32786581e-02  9.67726037e-02
 -5.28436564e-02 -7.07201613e-03  3.95510234e-02 -1.84373949e-02
 -2.24157590e-02 -4.05652486e-02 -4.71356511e-02  1.49870021e-02
  1.66222274e-01  8.85640383e-02  4.59334478e-02  4.70144004e-02
  1.63108349e-01 -1.11067019e-01 -1.05891287e-01  2.00750247e-01
 -4.63159755e-03  9.19713378e-02  3.47405411e-02 -1.90293089e-01
  4.59661894e-02  1.61358088e-01 -1.16866790e-01 -4.17879336e-02
  6.65711462e-02 -3.00808512e-02 -6.05908670e-02 -1.49385212e-02
 -8.19926411e-02  1.32484645e-01  1.03029096e-02 -8.04131106e-02
 -3.80056910e-02 -2.07125023e-02 -1.56334281e-01 -9.12139341e-02
  1.31645530e-01 -3.06108087e-01  1.05004385e-01 -9.85663384e-04
  3.44676450e-02 -1.23588353e-01  1.54613838e-01  6.80708662e-02
 -1.79066658e-01 -2.71251649e-01 -5.41141294e-02 -1.67955488e-01
 -1.09497271e-01 -2.24874914e-01 -3.26996446e-02  5.18423356e-02
 -1.32130180e-03  2.78519355e-02  8.44051987e-02  5.98686039e-02
 -2.43238956e-01 -1.39944367e-02  1.45621389e-01  2.77703181e-02
 -4.06445339e-02  5.46859428e-02  6.61453456e-02 -3.02674443e-01
  2.43500546e-01 -1.26915812e-01  2.46983650e-03 -1.75156835e-02
  8.69794786e-02 -2.45059021e-02 -1.84591845e-01 -2.60559559e-01
  4.94163968e-02 -2.33901456e-01  2.18846649e-03  7.39498734e-02
 -2.24951487e-02 -1.44788429e-01 -2.25514192e-02 -3.46880518e-02
  1.06560901e-01  1.67438209e-01  3.82889420e-01 -1.03558041e-01
 -9.49091688e-02 -1.18827954e-01  3.58642697e-01 -1.11559942e-01
 -3.66986655e-02 -1.10572569e-01 -3.25286426e-02  8.60395357e-02
 -1.01710856e-01  1.07742408e-02  9.51899737e-02  1.98262215e-01
 -3.76429737e-01 -2.09493473e-01  5.65721877e-02 -1.53618557e-02
 -9.43195000e-02 -1.48622915e-01 -2.03664266e-02  1.23400226e-01
  8.27926621e-02  1.12773515e-02  1.48776658e-02 -8.58365893e-02
 -1.11420371e-01 -5.78263998e-02 -3.10250670e-01 -6.25811666e-02
 -2.07631569e-02 -6.89291805e-02 -3.02887987e-02  1.48408255e-02
 -2.17413172e-01  8.95158425e-02 -1.67604238e-01  4.73711938e-02
 -1.80202335e-01  9.70325246e-02  1.43122047e-01  2.23129056e-02
  8.90587270e-02 -1.49637461e-01 -5.72862364e-02  7.84213096e-03
 -1.60371259e-01  9.87650678e-02  1.98717564e-02 -1.16803616e-01
 -1.75996553e-02 -6.55309036e-02  1.04501285e-02 -1.22278258e-02
 -1.87342376e-01  1.79300815e-01  9.81659517e-02 -1.01871863e-01
 -2.67694145e-02 -2.03670353e-01  2.29791515e-02 -7.56788403e-02
 -2.39069059e-01 -2.60085706e-02  1.67938508e-02  1.81629851e-01
 -4.15723383e-01  6.79537728e-02  5.53431250e-02  2.31823072e-01
  3.08159679e-01  2.00007573e-01 -5.94860613e-02 -9.19226781e-02
 -2.28819456e-02 -7.82374144e-02  1.63114116e-01 -9.52070802e-02
 -1.81402639e-01  2.25415483e-01  1.44532368e-01  3.30980420e-02
 -2.23154873e-01  1.72632467e-02  1.91836938e-01  6.58227280e-02
  4.26019207e-02 -7.86669403e-02  3.30833159e-02  7.61114359e-02
 -2.12417170e-01 -7.52810761e-02 -1.30982297e-02 -7.17975870e-02
  4.47719023e-02  1.91119269e-01 -8.00296292e-02 -4.60705310e-02
  5.81834838e-02  1.53821036e-02  2.93322802e-02  3.58949415e-02
 -1.88665301e-01 -1.82376385e-01 -7.52427578e-02 -1.57213375e-01
  1.52358294e-01  1.48913145e-01  2.05890179e-01  4.42402102e-02
  7.01982006e-02 -4.58967574e-02  9.43841338e-02  5.83724603e-02
  1.80818345e-02 -7.83720240e-02  2.13759676e-01  6.44407719e-02
  1.19437993e-01  3.06749403e-01 -7.69065693e-02  1.59491822e-01
 -4.80335020e-02  8.03581253e-03 -1.46408290e-01 -4.50337455e-02
 -1.09611504e-01  3.01064942e-02 -6.00507446e-02  2.33375467e-02
 -5.73538952e-02 -2.46019170e-01 -1.04382284e-01  2.90386751e-02
 -1.54959083e-01 -3.40945236e-02  1.01740845e-01 -3.33081582e-03
 -4.03422043e-02 -7.34785870e-02  2.18637008e-03 -3.67610864e-02
 -3.02913696e-01 -9.69030783e-02 -2.54010707e-01  1.37262166e-01
 -6.91950470e-02  1.03934482e-01  6.12659268e-02  3.75139974e-02
  6.68094531e-02  2.07297839e-02  3.62880498e-01  6.61808997e-03
 -7.49409124e-02 -1.24161905e-02 -1.73575915e-02  9.32648331e-02
 -1.72858328e-01 -2.05661699e-01 -8.20838436e-02 -1.07112527e-01
 -7.84323588e-02 -1.35855377e-01  1.52391851e-01  1.45882085e-01
  6.54032230e-02 -1.06003121e-01 -1.08708777e-01 -2.53802359e-01
 -1.74928382e-01  1.10632241e-01  6.65961206e-02 -5.28216846e-02
  1.02309160e-01 -1.21656351e-01 -5.19015864e-02  3.59248072e-02
  2.32048053e-02  7.62264952e-02 -1.31500527e-01 -8.66876319e-02
 -7.65464082e-02  1.28471732e-01 -2.20538229e-01 -3.86257693e-02
 -2.34484356e-02 -7.95658454e-02 -1.33706694e-02 -6.82782307e-02
  1.12007432e-01 -1.50677701e-02 -2.92429533e-02 -8.64008721e-03
 -1.99835114e-02  1.04703590e-01 -2.29580492e-01 -1.01001300e-01
 -3.36393684e-01 -3.63217443e-02  1.06171638e-01  3.61664817e-02
 -2.70257499e-02  3.23326960e-02  2.17391193e-01  1.15760590e-03
 -6.38786629e-02  1.01120196e-01  2.07959458e-01 -1.60027757e-01
 -4.44166660e-02 -2.97754612e-02 -8.47171694e-02  6.33951426e-02
  6.45581409e-02  1.96407177e-02  6.86860457e-02 -1.16868816e-01
  1.11566432e-01 -1.15713753e-01  2.67872483e-01  1.90846007e-02
 -6.63559586e-02  1.42141923e-01 -1.78172752e-01 -3.18644531e-02
  9.43350792e-02  1.13646463e-01 -4.45845537e-03 -8.63305572e-03
  1.34337187e-01 -1.10215560e-01  2.08671555e-01 -1.65179178e-01
  1.20701276e-01 -2.43841000e-02 -7.41869956e-02  5.47397807e-02
 -9.88671929e-03  1.14476174e-01 -1.69421770e-02 -6.00744858e-02
 -6.62459582e-02  1.99829694e-02 -7.35585466e-02 -1.07223457e-02
  4.50529009e-02  7.24704890e-03  8.42794105e-02  6.09617010e-02
 -2.32716069e-01  1.04255108e-02 -1.49204254e-01  6.79371655e-02
  1.20364480e-01  1.12033688e-01  1.59877017e-01 -2.82715689e-02
 -3.84495109e-02  8.46738666e-02 -1.22410664e-02 -9.83188078e-02
  4.94625345e-02 -1.19610436e-01 -6.18310869e-02  1.31590348e-02
  7.39898309e-02  8.22463334e-02 -5.50066829e-02 -9.29344371e-02
 -2.81735748e-01  5.93019016e-02  7.94929639e-02  7.26821367e-03
 -1.19094670e-01 -8.02286789e-02 -6.72135651e-02 -1.53025284e-01
  6.28469437e-02  1.97942480e-01 -1.53813720e-01 -1.79404944e-01
  1.53072327e-02  5.60932569e-02 -1.02131002e-01 -4.37347218e-03
 -2.06165644e-03 -8.37573688e-03 -7.97440112e-02  2.40198709e-02
  2.14135293e-02  5.70330285e-02 -1.38077408e-01 -1.10894248e-01
 -4.15298576e-03  9.41424351e-03  1.74485266e-01 -7.55459117e-03
  6.24428615e-02  1.10023417e-01  5.26620746e-02 -2.87396852e-02
 -9.95176807e-02 -5.69972163e-03 -9.07847509e-02 -1.28034130e-01
  1.26065090e-01 -1.22127309e-03  1.83804676e-01 -1.83719456e-01
 -1.67863935e-01  2.06619427e-02 -4.58673723e-02  4.45226990e-02
 -1.54680654e-01  2.91246660e-02 -7.06893057e-02  1.03390805e-01
  3.53401564e-02 -8.23922902e-02 -1.19510449e-01  8.70242808e-03
  2.38101138e-03 -4.02080901e-02 -4.08268757e-02  3.56652290e-02
  2.75702000e-01 -1.12298336e-02  5.31697646e-02  2.47981057e-01
  1.54838294e-01 -2.69434545e-02  2.49815091e-01  2.41175666e-01
  1.20497532e-01 -1.40977576e-01 -6.43428564e-02  1.22403599e-01
  2.92069197e-01  5.05540371e-02 -2.07707956e-02  3.60591561e-01
 -2.77416766e-01  8.63643456e-03 -2.99146086e-01 -1.55181184e-01
 -6.34133816e-02  2.73469776e-01 -1.14288613e-01  2.15523794e-01
  2.15386167e-01 -2.42353436e-02  3.23620021e-01 -1.22026242e-02
  1.74087495e-01 -2.55751889e-03 -2.95865932e-03  6.53453544e-02
  9.66006443e-02  8.46777782e-02 -2.05105748e-02  2.75422335e-02
 -2.87111625e-02  1.20224468e-01 -8.05913657e-02  2.64023207e-02
  5.90122715e-02  1.23560384e-01  3.72587070e-02  1.47816753e-02
  4.02045064e-02  1.09705307e-01  1.86157096e-02 -2.54173968e-02
  5.71991019e-02 -1.21698834e-01 -1.03117116e-01  8.02904889e-02
 -1.34713173e-01  1.21815518e-01 -9.54568014e-02  2.71307260e-01
 -3.72190885e-02 -2.33733043e-01  8.11160654e-02 -1.53027713e-01
  3.79400030e-02  2.06223633e-02 -1.55149311e-01  1.19032105e-02
 -4.01610421e-04  1.70134991e-01  9.82933678e-03 -1.20494068e-02
 -3.09143122e-02  5.55908890e-04  1.54117510e-01  1.09301500e-01]