http://erau.edu/ontology/meme.owl#DeathofPhilandoCastileMeme
[ 5.11343125e-03 -1.60062715e-01 -1.29131824e-01 -8.16439558e-03
  2.91194557e-03  2.29302227e-01  1.23249469e-02  6.16194233e-02
  8.14046264e-02 -6.67652190e-02  1.05806522e-01 -1.30428389e-01
 -1.31029524e-02 -3.64719294e-02 -4.73121665e-02  8.98780581e-03
  3.52279991e-02  5.62935788e-03 -8.77939239e-02  7.55496621e-02
 -5.76092303e-02  1.41537070e-01  1.20517323e-02 -3.47495526e-02
  1.48087993e-01 -5.72828837e-02 -7.46910181e-03  2.47530602e-02
  1.41119838e-01  1.51760116e-01  1.52375221e-01  2.48997658e-01
 -3.36830877e-02  1.11257017e-03 -2.15572305e-02  2.12603956e-01
  5.57727516e-02  1.33860365e-01 -6.95245489e-02 -8.64715949e-02
 -4.16062810e-02  4.09781523e-02 -1.97255969e-01  2.35170666e-02
  1.21486217e-01 -1.41714634e-02  6.15384467e-02 -1.35341272e-01
 -9.12405625e-02 -3.36042643e-02  2.16572955e-02  7.37730339e-02
 -9.82880294e-02 -1.59231007e-01 -2.08709091e-01  6.91650435e-02
  8.84808376e-02 -1.02866285e-01  1.79885432e-01 -5.99829368e-02
  8.47630203e-03  7.48319551e-02 -8.67796037e-03  1.91515870e-02
  3.52692381e-02 -3.01059820e-02  7.06457421e-02  5.48983626e-02
 -8.56615454e-02 -1.18484430e-01 -1.91952229e-01  2.63589807e-02
  6.74613565e-02  1.21071786e-01 -9.73985437e-03  1.35136709e-01
 -5.59471287e-02  2.36336440e-02  5.76365888e-02 -3.26740965e-02
 -7.41496310e-02 -1.43408492e-01 -8.32231417e-02 -1.62984818e-01
  1.08214445e-01 -9.05282646e-02 -9.00665149e-02 -1.69331953e-02
 -3.78750674e-02 -1.30499333e-01  8.76397640e-02 -7.57904351e-02
  6.61114082e-02 -5.71922883e-02  1.37065481e-02  3.89213413e-02
  8.93509313e-02 -6.71401024e-02 -8.13401788e-02 -3.84621024e-02
  1.81308314e-01  7.88238049e-02  3.44579816e-01 -8.79504755e-02
  6.99892342e-02  7.22378567e-02  4.78255376e-02  3.30611765e-02
  3.36795598e-02 -1.01378456e-01  4.15469855e-02  4.68297489e-02
  8.63938592e-03 -1.24642648e-01  1.54765606e-01  7.04787448e-02
 -1.67257547e-01 -8.93999562e-02 -2.27793176e-02  1.66481808e-01
 -9.27057788e-02  4.09696475e-02 -1.31042078e-01  4.11731005e-02
  2.05666587e-01 -7.15467632e-02  1.40611008e-01  4.12016734e-02
  4.46618870e-02  1.67052001e-02 -3.13357532e-01 -8.66780877e-02
  3.56557593e-02 -2.40300018e-02 -8.97202715e-02  1.30819097e-01
 -1.06760077e-01 -6.42717257e-02 -1.47904381e-01  1.45674765e-01
 -2.31357366e-01  8.89977217e-02  1.50678843e-01 -5.27507160e-03
  1.95607468e-01 -2.33341768e-01  1.03343530e-02 -1.08934313e-01
 -1.46946296e-01  1.64379656e-01 -2.12627053e-02  3.09451018e-02
 -4.35705632e-02  1.10041358e-01 -1.12239290e-02  1.47956386e-01
 -1.00290038e-01  2.17394620e-01 -3.70021188e-03 -1.73561290e-01
  2.06070617e-02 -2.39371751e-02  3.35277356e-02 -1.66504651e-01
 -1.75549552e-01 -1.17733650e-01  1.24580301e-01  2.16952905e-01
 -4.62498695e-01  1.28810778e-01  2.16429587e-03  1.51929811e-01
  1.62311956e-01  2.25764275e-01 -8.95823911e-02  1.97303272e-03
 -7.49888644e-03 -1.07254036e-01  8.18191096e-02  2.84205098e-02
 -1.29542083e-01  8.51255059e-02 -1.35287624e-02  5.63560016e-02
 -6.90854937e-02 -1.22938072e-02  4.04333137e-02  4.98520099e-02
  1.38760269e-01 -2.29498353e-02  1.28666088e-01 -2.55373623e-02
 -1.17544711e-01 -1.14784412e-01  1.39561649e-02  6.81519806e-02
 -4.16383855e-02  1.54279500e-01 -5.40328883e-02 -1.34283960e-01
  1.55017339e-02  1.39730051e-01  8.48379508e-02  1.25966016e-02
 -1.16067171e-01 -2.08583772e-01 -9.14804637e-02  3.15921791e-02
  3.00126914e-02  9.53467488e-02  2.57558495e-01  7.59222656e-02
  2.44882088e-02  2.62918398e-02 -1.10943489e-01  6.73424313e-03
 -1.15358993e-01  1.15153179e-01  1.44942135e-01  9.70508158e-02
  1.17460126e-02  1.21185491e-02 -2.73861885e-02  1.32869676e-01
  5.52291498e-02  4.09841649e-02  8.34133402e-02 -3.05017699e-02
 -4.79847901e-02  1.30133286e-01  9.28986892e-02  8.05032998e-02
 -3.24626267e-02 -1.31188467e-01 -3.92617062e-02  1.18428610e-01
 -1.33746518e-02 -1.77182093e-01  9.23154727e-02 -8.09751377e-02
 -9.35564637e-02 -1.51563063e-01 -5.09315468e-02 -1.06511258e-01
 -1.72277600e-01 -1.04553856e-01 -1.92296758e-01  6.07221462e-02
  8.02008510e-02 -5.24086505e-02  5.83884344e-02  7.39123523e-02
  3.28165032e-02  5.40223531e-02  2.05139309e-01  7.33080283e-02
 -2.04922274e-01  4.90080044e-02  1.53985033e-02  6.53303266e-02
 -7.26756677e-02 -1.52011931e-01 -6.30737767e-02 -2.01654509e-01
 -2.99194939e-02 -2.86884576e-01 -6.13296553e-02  9.57496837e-02
  1.25342816e-01 -1.29657194e-01 -1.94945574e-01 -1.16431080e-02
  2.58513931e-02  5.40899970e-02  4.73911762e-02  7.55870249e-03
  9.03525054e-02 -7.84899760e-03 -1.16014473e-01 -3.01172212e-02
  2.06684828e-01  6.70185387e-02  3.79569307e-02 -4.52499874e-02
 -1.89913973e-01 -3.29217725e-02 -7.09445998e-02  3.80744860e-02
 -1.51680168e-02 -1.12170786e-01 -2.83907191e-03 -2.05926016e-01
  1.79195683e-02  7.45214894e-02  7.15248957e-02 -1.67401414e-02
  5.49207963e-02  1.97948292e-02 -1.05364723e-02 -2.41577141e-02
 -2.79971302e-01  1.10388190e-01  4.80836295e-02  9.76094157e-02
 -1.48110101e-02 -3.25511619e-02  1.00443149e-02 -5.88528998e-02
 -4.01778743e-02  2.61555500e-02  2.11733863e-01 -6.29387721e-02
 -1.19287416e-01  1.24057988e-02 -1.72449723e-01  5.14030308e-02
 -1.02327034e-01 -4.01160382e-02  3.14603024e-03 -8.29597935e-02
  1.16524398e-01 -8.72792155e-02  1.57409444e-01  1.20808437e-01
  6.96162358e-02  1.19284406e-01 -7.40250647e-02 -6.12770766e-02
  4.27383184e-02  7.77022615e-02 -2.30010655e-02 -8.11763331e-02
 -9.59184021e-03 -2.96397895e-01 -1.20010767e-02 -2.31099308e-01
  2.37088695e-01 -5.91204017e-02  1.10070623e-01 -1.38622168e-02
 -6.41344860e-02  1.03753731e-02 -6.25148714e-02 -2.35419646e-01
 -6.11030944e-02 -1.05509542e-01 -2.77596898e-02  7.35624647e-03
  2.69095656e-02 -9.24760774e-02 -9.83366817e-02 -3.52021190e-03
 -1.45741805e-01  2.31514007e-01 -1.60246223e-01  1.46360233e-01
 -3.20106633e-02  5.06716222e-03  2.05865502e-01 -1.86604276e-01
 -1.01114318e-01  8.85152519e-02 -2.44538859e-02 -9.83006041e-03
  5.22349328e-02  7.33699556e-03 -1.09334216e-01  1.82142645e-01
  1.11751504e-01  8.81681740e-02  4.70489450e-02 -1.83455691e-01
 -2.04674989e-01  2.62522966e-01  7.76540712e-02 -2.37964801e-02
 -1.51872206e-02  4.51207310e-02 -1.19697087e-01 -1.55568272e-01
  8.73697251e-02  1.43666103e-01 -1.40966520e-01 -1.38015717e-01
  8.15454125e-02 -5.21687903e-02 -1.40859067e-01  1.94667205e-01
 -1.63042873e-01 -1.88556537e-01  4.83743772e-02 -8.02587532e-03
 -1.20279938e-01  3.30597907e-01 -6.91608433e-03 -1.10997878e-01
  5.08449711e-02  5.73681183e-02  5.34840763e-01 -1.11272402e-01
 -1.52689353e-01 -2.88948894e-01  9.28771347e-02 -3.77946347e-01
 -1.39975116e-01  1.10512160e-01 -5.83344884e-02  4.64773118e-01
  1.02217890e-01  7.64439180e-02  1.49984404e-01 -2.20424518e-01
 -1.15735531e-01  9.52602923e-03 -1.31140336e-01  6.98132366e-02
 -1.43697917e-01 -1.18654244e-01 -6.88459277e-02  1.60535321e-01
  1.21517308e-01 -5.40568121e-02 -2.92410344e-01  3.18007581e-02
  1.03370845e-02 -2.40591213e-01 -1.45125082e-02  3.10221910e-01
  1.24114074e-01 -7.05298875e-03  1.13791682e-01  2.06086412e-01
  1.12165576e-02 -2.92082518e-01  1.96265191e-01  2.94148445e-01
  6.10919148e-02 -1.88993752e-01  7.59083256e-02  1.83192581e-01
  9.69153047e-02 -5.93179613e-02 -1.16578788e-01  2.87621498e-01
 -1.95779771e-01 -6.25382066e-02 -1.90158725e-01 -6.97638392e-02
 -1.41926482e-01  4.33489792e-02  7.86721855e-02  1.49344936e-01
  1.13339022e-01 -4.22710145e-05  2.44253069e-01 -1.11322932e-01
  2.26728186e-01  1.82565451e-01  3.28233913e-02 -1.45313203e-01
  1.15535721e-01  1.41631335e-01  1.71156079e-01 -1.24408536e-01
  4.16940302e-02  9.47304070e-03 -8.32831580e-03 -1.70469761e-01
 -4.34876047e-02  9.29628834e-02  2.52923816e-01  9.83674377e-02
  2.71632016e-01  1.96122497e-01  8.64167064e-02 -1.02843150e-01
  2.04634428e-01 -1.56060681e-01 -1.45386681e-01  1.87911212e-01
 -1.23037718e-01 -5.02572842e-02 -5.93344122e-02  1.74516499e-01
 -5.65640740e-02 -1.98886752e-01 -1.43750772e-01 -6.10745475e-02
  1.44825697e-01  1.66923106e-02 -1.75441816e-01 -1.71398893e-02
 -8.32763016e-02 -1.47898287e-01  1.27419114e-01  2.99955928e-03
 -1.48811862e-01 -9.69813541e-02 -1.83574278e-02 -3.36032249e-02]