http://erau.edu/ontology/meme.owl#WreckingBallMeme
[-3.96522582e-02 -1.04352705e-01  4.97551523e-02  2.59592216e-02
 -2.34118686e-03  7.83838853e-02  1.81091696e-01  1.86692312e-01
  4.53665219e-02 -9.65800434e-02  4.05265875e-02  3.75342071e-02
 -1.77588046e-01  7.24267289e-02 -1.20225698e-01 -1.67710707e-02
  1.42256707e-01  1.21306956e-01  5.75715117e-02  5.59116602e-02
 -3.32124621e-01  2.50798948e-02  3.95093225e-02 -7.33083263e-02
  1.99189559e-01 -1.23647541e-01 -3.17826681e-03 -1.47036403e-01
  2.07834274e-01  5.37417345e-02  7.27294013e-02  7.02610388e-02
  1.62785992e-01 -1.47533178e-01 -5.22602459e-05  2.36973971e-01
  7.35016540e-02  9.00232717e-02 -4.57152352e-02 -1.16762459e-01
  6.07444148e-04  2.41336480e-01 -2.15886608e-01 -4.05581705e-02
  5.15705068e-03  9.55405645e-03  1.72540285e-02 -6.71514422e-02
  4.94748764e-02  1.47469854e-02  1.10626459e-01  8.42557475e-02
 -1.06012650e-01 -1.25357077e-01 -1.28737807e-01 -6.39239773e-02
  6.13146499e-02 -7.37854019e-02  1.10148713e-01  9.07984003e-02
 -6.33209245e-03 -6.80423155e-02  1.44033516e-02  3.97735089e-02
 -1.35737628e-01 -8.85661133e-03  1.03671448e-02  1.89623460e-02
 -7.88831413e-02  2.02168152e-03 -4.21386622e-02  3.22685950e-02
  1.91395208e-01  8.09739903e-02 -2.38524619e-02  1.97752208e-01
 -1.65396526e-01 -3.57855670e-02  1.60318501e-02 -1.21214706e-03
  3.52904154e-03 -2.04650775e-01 -9.27348584e-02 -7.58674592e-02
  1.09094649e-03 -1.71346799e-01 -1.57853603e-01 -9.76339448e-03
  1.03179611e-01 -1.03901751e-01  1.52206421e-01 -3.03549230e-01
  4.98989932e-02  4.25701365e-02 -5.24678752e-02  1.95398219e-02
 -1.32109344e-01  4.43968980e-04  1.28433956e-02 -6.67125583e-02
  7.00720847e-02 -2.43050940e-02  1.20455757e-01 -6.13321513e-02
 -1.16037028e-02  1.47808790e-01 -1.78400222e-02 -1.84146333e-02
  9.42737088e-02  2.41216701e-02  9.17085707e-02  2.21750066e-02
 -3.98902446e-02 -7.87436888e-02  2.63294987e-02  9.35574248e-02
 -1.77546531e-01 -8.87675509e-02  5.54092787e-02  9.57238004e-02
 -1.38112772e-02  1.22809246e-01 -3.57210897e-02  7.17652440e-02
  1.20210186e-01 -1.45373508e-01  1.44525036e-01  2.62931790e-02
  9.47145224e-02  3.17914747e-02 -1.87606245e-01 -4.20656912e-02
  5.53982742e-02 -7.05934539e-02  5.68238273e-02  1.28582299e-01
  6.66559860e-02 -7.71972165e-02 -1.93146020e-01  6.13406189e-02
 -2.60942221e-01 -4.34422530e-02  6.93343133e-02  7.03133121e-02
  2.22817495e-01 -8.76695067e-02  6.09409213e-02 -1.13859408e-01
 -3.26858088e-02  1.26924813e-01 -5.12201786e-02 -2.17119046e-02
 -1.73187643e-01 -3.97051126e-02  7.51611143e-02  1.42134339e-01
 -1.35184795e-01  1.59328982e-01  6.98849782e-02 -1.32561073e-01
  1.25452831e-01 -1.45939097e-01 -1.95827913e-02 -7.89571553e-02
 -1.10616967e-01 -1.31014094e-01  8.48586299e-03  1.24122992e-01
 -1.75013274e-01  1.17230259e-01  2.72145658e-03  1.86944827e-01
  1.11604720e-01  1.55448556e-01  3.07111070e-02 -1.48809060e-01
 -9.42415893e-02 -1.61064230e-02  1.45929918e-01  3.12423911e-02
 -1.02190673e-01  1.64798021e-01  3.10415756e-02  2.43540872e-02
 -1.25584481e-02 -4.46884856e-02 -2.08910946e-02  7.83794969e-02
  2.73109287e-01  6.90433308e-02  1.46548050e-02  4.93573248e-02
 -1.77811414e-01 -1.32761225e-01  2.20017936e-02  1.71592459e-02
  2.12142039e-02  9.80156939e-03 -3.19246575e-02 -6.26565143e-02
 -7.08496869e-02  3.93101983e-02  1.13355100e-01  1.49901984e-02
 -1.08478181e-01 -2.86056072e-01  4.12822179e-02 -1.22548817e-02
  7.38419220e-02  6.95383847e-02  3.44048202e-01  1.13726772e-01
 -5.63412458e-02 -1.12024739e-01  1.90705359e-01 -4.95991148e-02
 -4.76034964e-03 -7.48801976e-02  1.03423521e-01  1.28825203e-01
  1.86558262e-01  7.88947046e-02 -1.10866211e-01  1.07801914e-01
  1.05656885e-01 -2.70155203e-02 -1.22531869e-01 -1.71234400e-03
 -2.52673849e-02  4.60080616e-03  1.96356863e-01 -7.36177117e-02
 -6.05528466e-02 -1.74547985e-01  1.23047791e-01  1.10027693e-01
 -4.45346758e-02  6.09131530e-02  1.19376212e-01  6.93055540e-02
 -6.74569979e-02  6.02945387e-02  4.97391261e-02  6.89457208e-02
 -2.09394783e-01 -4.21926975e-02 -2.09754124e-01  1.20638637e-02
 -2.60699540e-02  9.61413383e-02  2.51301620e-02 -1.54131502e-02
  1.22567847e-01 -5.34021622e-03  1.37564316e-01 -7.28573129e-02
 -1.38179958e-01 -5.94320744e-02  6.25047460e-02 -3.97551246e-02
 -1.10523425e-01 -1.64155319e-01  2.44059209e-02 -1.45497143e-01
 -3.85349691e-02 -1.91914916e-01 -1.15464702e-01  5.12433760e-02
  8.20780843e-02  1.02653634e-02 -7.13315383e-02 -1.89277101e-02
  1.95039846e-02 -1.16556752e-02  1.39862612e-01  2.69354531e-03
  3.19782533e-02 -3.87501270e-02  8.91738012e-03  1.59561262e-02
  1.07131086e-01  2.17248857e-01 -1.89347360e-02 -1.40195221e-01
 -1.19168594e-01 -7.99868852e-02  9.35630649e-02 -1.28063578e-02
  6.66873762e-03 -1.72795600e-03  1.48234367e-01 -1.00797363e-01
 -5.64895868e-02 -1.09905072e-01 -4.41440046e-02  2.06877999e-02
  1.02298290e-01 -7.05456287e-02  5.63520864e-02 -8.25273097e-02
 -2.07512140e-01  7.88573995e-02 -7.35349581e-02  7.09600672e-02
 -5.22191375e-02 -3.44712250e-02  8.62292051e-02  3.86847965e-02
 -5.70739470e-02  5.87441027e-02  1.46992475e-01 -1.07517533e-01
  2.06439346e-02  9.48972404e-02  9.45034996e-03  1.23459265e-01
 -7.50514194e-02 -1.06295660e-01  8.58816057e-02 -1.24593012e-01
 -9.44335572e-03 -1.10318780e-01  8.23408365e-02  1.53346255e-01
 -7.66211376e-02  4.96184044e-02 -9.48692337e-02  1.11718096e-01
  7.77548328e-02  4.92705628e-02 -1.28454464e-02 -2.72860862e-02
 -2.98069101e-02 -7.60370344e-02 -8.65783095e-02 -9.32159349e-02
  1.66601222e-02  1.42508373e-01 -1.23355858e-01  1.14674885e-02
  6.07094243e-02  1.12940773e-01 -1.34707659e-01 -5.60818873e-02
  4.51886579e-02 -2.55172551e-02 -1.38321057e-01  5.12254685e-02
  1.76586602e-02 -1.91205695e-01 -9.84944329e-02  6.14900328e-02
 -8.30053613e-02  1.22082569e-01 -2.46455669e-01  1.87657569e-02
  5.04612513e-02 -3.33882943e-02  1.48058623e-01 -1.27133504e-01
 -1.24723792e-01  3.71065177e-02 -8.80470946e-02  5.22099435e-02
 -2.56120265e-02 -6.19198196e-02 -1.15692861e-01  1.09059736e-01
 -3.03275809e-02 -8.74946266e-02  3.59905399e-02 -6.09204955e-02
 -1.66098863e-01  7.87627175e-02 -7.33172968e-02 -1.40538305e-01
 -1.89539090e-01  1.23133352e-02  2.40877979e-02  3.15402970e-02
  1.12706311e-02  2.45535925e-01 -1.05755568e-01 -1.40680969e-01
  4.18841690e-02 -4.48793955e-02 -1.36328071e-01  1.66576430e-01
 -4.08497117e-02 -3.20836566e-02  2.77593117e-02  6.82355836e-02
  2.27775332e-02  1.74737945e-01 -5.17535098e-02 -2.18228728e-01
 -3.69335338e-02  9.80457813e-02  3.04464668e-01  5.03048971e-02
  2.57429555e-02 -9.41279233e-02  1.12292049e-02 -1.68529972e-01
 -1.52259901e-01  8.02855194e-02 -2.54256884e-03  1.93524510e-01
  1.27882197e-01  1.04683898e-01  7.23395422e-02 -1.96936935e-01
 -1.14133909e-01 -2.88579669e-02  5.99073283e-02 -9.55787003e-02
 -6.95916787e-02 -8.47271159e-02  1.17933061e-02  2.67963577e-02
  1.77592665e-01  8.85990635e-03 -1.29767463e-01  5.82719874e-03
 -1.01078108e-01 -2.26940438e-01  5.81621081e-02  2.52374768e-01
  5.80090769e-02 -1.40628800e-01  1.53285250e-01  2.11974233e-01
  7.74730742e-02 -1.27828285e-01  2.37064123e-01  1.48657337e-01
  6.34663627e-02 -1.33556604e-01  8.88285115e-02  1.86736077e-01
  4.89348322e-02  1.01999797e-01 -3.68867517e-02  3.05474699e-01
 -1.44600675e-01 -4.81055118e-02 -2.47315928e-01 -6.19747043e-02
  2.67948713e-02 -5.01888283e-02 -3.12306773e-04 -7.61674419e-02
  1.48250628e-02 -1.85604449e-02  8.65573287e-02 -2.57469825e-02
  5.83135374e-02  5.41045982e-03  1.09789725e-02 -2.87615862e-02
  7.21621737e-02  1.31791785e-01  7.52386004e-02  1.67395547e-02
 -2.67943144e-02  1.01207130e-01  1.03709809e-01  8.92898254e-03
  3.97224985e-02  1.73590675e-01  2.84178883e-01  4.69912495e-03
  1.74159020e-01  1.78237960e-01 -4.64446917e-02 -1.15669981e-01
 -1.05946064e-02 -3.74766231e-01 -1.21633425e-01  4.06749099e-02
  6.93302006e-02  4.33627889e-02  3.12883407e-02  1.98391914e-01
 -1.68760493e-01 -1.82677016e-01  4.67883162e-02 -1.46952331e-01
  2.17773795e-01  9.30837840e-02 -1.13259837e-01 -7.01783001e-02
  3.90377529e-02 -5.78840040e-02  2.01555580e-01 -3.00249662e-02
  5.40328585e-03 -5.26941940e-02  7.25487322e-02  1.29780397e-01]