http://erau.edu/ontology/meme.owl#GrahamMeme
[-1.89883471e-01 -1.13286749e-01 -1.65740494e-02  4.89631407e-02
  7.91167691e-02  3.25576551e-02  1.15782544e-01 -1.11056305e-01
 -4.68603112e-02 -4.52246256e-02  7.09486678e-02 -1.80759504e-01
  1.00629233e-01 -3.47951017e-02 -6.19639307e-02  1.96405873e-02
 -3.26167829e-02 -1.11852530e-02  2.94535309e-02  6.47150800e-02
 -5.48053607e-02  5.49826361e-02  4.33984473e-02 -1.52938336e-01
 -4.59847972e-02  1.29824132e-02 -5.00665382e-02 -1.61494941e-01
  1.88491151e-01  4.90911268e-02 -4.61275131e-02  3.73939425e-02
 -2.18705907e-02 -1.16329350e-01 -4.31562364e-02  2.04216376e-01
 -8.88049696e-03  7.79887289e-02  1.17952451e-02 -2.47900188e-02
  6.32588044e-02  1.36749849e-01 -9.46960077e-02 -1.23496493e-02
  9.56010297e-02  2.75392774e-02  2.35885456e-02 -2.20691320e-02
  1.12491935e-01  2.20076442e-02  1.08400686e-02  5.10878488e-02
 -6.46528304e-02 -1.70289576e-01 -6.67810664e-02 -3.39186862e-02
  1.04192719e-01 -8.63795802e-02  1.51687846e-01  6.70470223e-02
  3.52359824e-02 -1.03362851e-01  1.61607593e-01  5.51052690e-02
 -5.97625263e-02 -1.19143780e-02 -5.58672845e-02 -6.33128211e-02
 -1.03477307e-01 -2.57394195e-01 -1.55243471e-01  3.28648351e-02
  9.70027670e-02  1.55559066e-03  4.20279987e-02  2.32936032e-02
 -5.59830479e-02  3.00641060e-02  8.10209140e-02  2.27492061e-02
 -1.01797462e-01 -5.33797741e-02 -2.92413291e-02 -1.71912819e-01
 -2.29350338e-03 -6.67433888e-02 -3.69788185e-02  5.15712872e-02
  4.08530384e-02  4.81107906e-02 -1.00122303e-01 -1.05341561e-01
  1.07869938e-01 -5.98924831e-02 -3.60777415e-02  4.51944470e-02
 -1.54313892e-02 -5.67250662e-02 -5.43437377e-02 -2.26836000e-02
  8.98327120e-03  7.09900782e-02  2.01275453e-01 -7.16356933e-02
  4.13162028e-03 -1.02078705e-03  1.79215387e-01 -2.92357039e-02
 -3.98979485e-02 -2.26161182e-02 -4.76781130e-02 -1.97415128e-02
 -1.02078058e-01 -9.56085771e-02  1.54980868e-01  9.82901827e-02
 -2.19473153e-01 -1.69566467e-01  3.55350785e-02  1.45418361e-01
  1.86124984e-02 -6.72491863e-02  2.31206622e-02  5.75700141e-02
 -5.58390468e-03 -6.71167392e-03  6.97270408e-02 -4.68817130e-02
 -5.57304770e-02 -1.20975412e-02 -8.47878307e-02  1.13065233e-02
  1.27194211e-01 -1.46422789e-01 -1.48837343e-01  9.02899355e-02
 -1.80306472e-02  1.93636827e-02 -9.01958197e-02  1.06805205e-01
 -1.68045670e-01 -1.88287869e-02  5.98004030e-04 -3.86598930e-02
  9.66490433e-02 -1.38562396e-01  3.01705603e-03  2.37145163e-02
 -3.59487906e-02  8.75532553e-02  2.08599549e-02 -1.28381014e-01
  7.49531314e-02  4.31601480e-02 -6.18940666e-02  6.73687980e-02
 -1.75142825e-01  1.60869062e-01  8.44118744e-02  1.93490125e-02
  2.46612914e-02 -4.15226817e-02  5.60426153e-02 -2.27710642e-02
 -1.73445374e-01 -2.65038554e-02 -6.90526515e-02  1.52769923e-01
 -2.31263667e-01  3.38818245e-02  6.98660538e-02  1.10862695e-01
  1.25212133e-01  8.75022188e-02 -3.04382443e-02  1.42998889e-03
 -4.79695089e-02 -5.69290556e-02  1.91196669e-02 -3.04189604e-02
 -8.67078602e-02  1.33099034e-01 -1.95459952e-03 -2.64742170e-02
 -2.45302692e-02  1.26171082e-01 -1.90180559e-02  5.89223858e-03
  1.41609609e-01 -5.61173260e-02  4.55259606e-02 -1.27358939e-02
 -2.63339698e-01 -4.07823771e-02  1.92083977e-02  5.16507728e-03
  1.17921583e-01  1.72482684e-01 -7.08573908e-02  7.63937924e-03
  8.45496505e-02 -9.65839848e-02  6.04321137e-02 -7.80445486e-02
 -1.51067048e-01 -1.59764782e-01 -4.70022112e-02 -6.25008270e-02
  7.39865378e-02  1.12923734e-01  1.11898541e-01  1.88884825e-01
 -6.40716627e-02 -1.03885598e-01  9.82542709e-02  1.88540872e-02
 -1.44478381e-01  1.95295848e-02  7.40059838e-02  5.83029278e-02
  1.26870990e-01  1.99772958e-02 -1.26605168e-01 -2.37963274e-02
  6.32370785e-02  7.57246241e-02 -1.56602964e-01 -5.56390174e-02
 -7.10514840e-03 -5.34622418e-03 -3.36060114e-02  5.86840026e-02
 -1.41956538e-01 -9.86756235e-02 -5.18376799e-03 -1.02523817e-02
 -6.97114691e-02 -1.00566573e-01  1.71761855e-03 -1.19364835e-01
 -7.87005574e-03 -8.81525576e-02  1.58685427e-02 -5.09026721e-02
 -2.32319921e-01 -3.86903551e-03 -5.17772995e-02 -4.72901613e-02
 -2.30692010e-02 -2.11645905e-02  7.77977193e-03  1.99017059e-02
  1.33720681e-01  9.48038027e-02  1.46559551e-01 -1.18244708e-01
 -7.80979618e-02 -3.39825451e-03  3.37149315e-02  8.66803899e-02
 -8.87891576e-02 -2.17427537e-01  9.66751389e-03 -1.83625389e-02
 -2.60843690e-02 -1.42927945e-01 -2.50737034e-02 -1.99860334e-02
  6.41503036e-02 -1.10544905e-01 -3.49389650e-02 -1.39640182e-01
 -4.91026342e-02  8.26553330e-02  2.28512555e-01  1.85758267e-02
  4.70997766e-02 -3.15592587e-02 -5.51759228e-02  6.38360158e-03
  5.82431369e-02  6.98484806e-03 -3.65540851e-03 -5.03260717e-02
 -9.33363363e-02  6.82915673e-02 -1.65240895e-02  3.97977531e-02
 -2.26574037e-02 -1.36808202e-01 -1.47617422e-02 -1.53079256e-01
  1.67374965e-02 -7.77292401e-02  7.89088979e-02  1.43692158e-02
  2.64140759e-02  7.66727095e-03 -1.47083849e-01 -1.38145298e-01
 -2.11794123e-01 -6.02401374e-03  1.50252376e-02  4.33093943e-02
 -1.02642430e-02 -2.16750056e-02  1.99312612e-01 -3.27964835e-02
 -2.18020491e-02  5.67464828e-02  1.53039351e-01 -1.72905758e-01
 -6.54016295e-03  8.41781422e-02  3.36246155e-02  9.44865942e-02
 -2.61526592e-02  8.94480869e-02 -4.85628322e-02 -7.87292942e-02
  1.87349617e-01 -1.05856657e-01  1.33235186e-01  1.95665330e-01
 -2.58566383e-02 -9.44906175e-02 -1.58223152e-01  4.49025910e-03
  5.38524352e-02 -4.74947952e-02 -3.11523043e-02 -5.06604277e-02
  6.84299693e-02 -8.89454782e-02  4.42136312e-04 -2.14574397e-01
  4.30926643e-02  4.64278385e-02  4.04017791e-03 -4.01628576e-03
  8.26060958e-03  5.49531430e-02  8.17587972e-03 -7.12451413e-02
 -1.25475019e-01  1.82980653e-02 -6.05315939e-02  7.01010823e-02
 -7.86448494e-02 -1.41614884e-01 -3.95681709e-03  1.01795450e-01
 -9.60102007e-02  1.71684757e-01 -1.16656080e-01  6.39703795e-02
  3.66684943e-02 -1.23702623e-01  1.81672305e-01  1.97114199e-02
 -1.18461207e-01  1.69183612e-01 -4.09718379e-02 -1.03743248e-01
  3.99193913e-02 -5.26605658e-02 -4.05510217e-02 -3.81932557e-02
  1.40283136e-02  7.11059049e-02 -2.03394709e-04  5.05387895e-02
 -1.44155085e-01  1.98915880e-02  1.39125198e-01 -3.09504801e-03
 -2.76793540e-02 -2.76104528e-02  1.62164457e-02 -1.34366184e-01
  7.93203190e-02  1.44331217e-01 -4.88315299e-02 -5.48102073e-02
  8.92756432e-02 -3.53542492e-02 -6.97140098e-02  1.45635322e-01
 -3.59075069e-02 -1.93027750e-01 -6.17264733e-02  1.41573593e-01
  1.59393676e-05  1.84090972e-01 -1.04807265e-01 -8.78423676e-02
 -4.46269326e-02  1.62128866e-01  1.56132370e-01 -6.90888241e-02
 -2.79003251e-02 -8.54188874e-02 -1.00487145e-02 -2.81205893e-01
 -1.54463679e-01  7.58523867e-03  1.06508397e-02  3.12757611e-01
  5.75191416e-02  1.03117704e-01  5.83297610e-02 -2.60172606e-01
 -1.46718130e-01 -1.97697617e-02  9.94901545e-03  1.19441926e-01
  3.65144350e-02 -7.72765353e-02 -1.98002178e-02  8.41539353e-02
  6.69873320e-03 -7.16287250e-05 -5.88845201e-02 -4.91116792e-02
 -3.97407301e-02 -8.05271789e-02 -1.13167726e-01  1.25513881e-01
  8.24948922e-02 -1.40092224e-01 -1.46931661e-02  1.40102133e-01
  9.74304229e-03 -4.44585346e-02  1.15099274e-01  1.52652621e-01
 -2.96441857e-02 -7.31638521e-02  3.43078896e-02  8.00308436e-02
  1.97487488e-01  4.58746739e-02 -8.09775367e-02  2.47502282e-01
 -1.33212000e-01 -1.25695437e-01 -2.01343283e-01 -1.26344144e-01
 -1.36447817e-01  1.09213479e-01  1.85708895e-01  1.03422284e-01
  2.53063370e-03 -7.08858967e-02  2.42030501e-01  1.77544579e-02
  1.34828743e-02  6.35329634e-03  9.69459563e-02 -5.56864105e-02
  1.36034772e-01  1.21994279e-01  4.96907867e-02 -1.63654000e-01
 -1.86771173e-02  6.26225844e-02 -3.49164382e-02 -1.47495061e-01
 -2.52089445e-02 -4.47459333e-02  8.49396661e-02 -3.25046480e-02
  1.54592842e-01  2.33347148e-01  1.10417590e-01 -1.34521931e-01
  8.00388753e-02 -7.06254020e-02 -3.37609127e-02  9.55851451e-02
 -6.51726350e-02  2.00742856e-02 -1.00193202e-01  2.54088670e-01
 -6.18164912e-02 -1.51235789e-01  2.27759834e-02  2.66486988e-03
  4.95461226e-02 -1.64473839e-02 -6.68811351e-02 -3.22746113e-02
  9.63088199e-02  1.10604346e-01  2.49973983e-02 -1.13626672e-02
 -5.85409999e-02 -6.43174723e-02  7.20928609e-02  8.21862742e-02]