http://erau.edu/ontology/meme.owl#TheReportOfTheWeekMeme
[-0.09590463 -0.06588224  0.06359404  0.09998129 -0.05697162  0.09997588
  0.13536362 -0.09589057 -0.00258913 -0.10566615  0.09884744 -0.06373181
 -0.07733703  0.01247978 -0.03002702  0.02799036  0.15171017  0.12892942
 -0.03446087  0.07361268 -0.11531661  0.12856936  0.07564578 -0.06749497
  0.14714117 -0.07751914 -0.08455979 -0.03509798  0.35460922  0.16108926
  0.18862611  0.23970912  0.02958617 -0.04301308 -0.08329943  0.27478412
 -0.06386744  0.04473853 -0.02156087 -0.06005609 -0.10478485  0.15739721
 -0.32171738  0.07216569  0.05960799 -0.13655782  0.08112515 -0.07039374
 -0.02396716  0.04010563  0.04671762  0.09922045 -0.17760547 -0.19379619
 -0.10224375  0.13211268  0.20412654 -0.19475713  0.17000332  0.12422191
 -0.01383451  0.04335495  0.07151204  0.10960594 -0.14140807 -0.10105088
  0.02737054 -0.00950773 -0.1233656   0.03666602 -0.30141848  0.06316022
  0.07087484  0.11214146  0.07229196  0.03065356 -0.07679113 -0.05795246
  0.1276625   0.03953597 -0.08015386 -0.12282449 -0.06569231 -0.20039545
  0.07106789 -0.06033339 -0.17108479  0.07251215  0.10242967 -0.08894729
 -0.05356298 -0.24309525 -0.02465641 -0.07757564 -0.01118028  0.07824067
 -0.05674518 -0.02288573 -0.10284732 -0.11569337  0.10753515  0.05598959
  0.3536049  -0.1373603   0.10331232  0.10346988  0.09649164 -0.02174591
 -0.03449647 -0.07948215  0.06970187  0.09829979 -0.11804786 -0.09853031
  0.16958033  0.01935276 -0.22722398 -0.04670445  0.00937405  0.10409899
 -0.10246173 -0.07266003 -0.0802381   0.07530894  0.24602903 -0.0059178
  0.11371011  0.09456592  0.2378393   0.12040264 -0.31420127 -0.06251949
 -0.13205183 -0.06095067 -0.01655346  0.27875164  0.03494613 -0.07969135
 -0.21766703  0.07615772 -0.28224394  0.03945813  0.28440702  0.03336412
  0.24048649 -0.17292108  0.08053847 -0.18692961 -0.08021017  0.20953701
 -0.03006866 -0.13186398 -0.12164836  0.14810748  0.06558353  0.22828585
 -0.19329809  0.26279807  0.04960293 -0.09207787  0.07125725 -0.09636597
 -0.0488874   0.06304042 -0.24987009 -0.09903774  0.09640526  0.33445036
 -0.4571799   0.12698977 -0.03768028  0.13764364  0.11814568  0.19009353
 -0.10741841 -0.00348199 -0.11014657 -0.11964092  0.22188126  0.00487472
 -0.07644539  0.08298515  0.02954666  0.10362743 -0.06489834 -0.0132437
  0.06154821  0.14505892  0.25149018 -0.04940061 -0.00531213 -0.1261229
 -0.18909737 -0.12335043  0.05906922  0.0013767   0.06379382  0.2768477
 -0.11056381 -0.18213862  0.08830268 -0.02634342  0.26213768  0.05051475
 -0.14901525 -0.3346265   0.03642814 -0.01668173  0.08640315  0.20099562
  0.40671307  0.14503981 -0.00363682  0.09776353 -0.04196053 -0.04496728
 -0.12674238 -0.00850553  0.10433083  0.17145638  0.0050622   0.09413379
  0.01253961  0.13346432  0.05956579  0.09079957  0.0062421  -0.01707606
 -0.16555576  0.03490109  0.09279185  0.05124153 -0.05635821 -0.15616053
  0.05158346  0.16677143 -0.13080677 -0.08161958  0.06710298  0.04200023
 -0.11131688 -0.05248812  0.09032891 -0.05210901 -0.32549113  0.00446429
 -0.25802934  0.0664112   0.02564285 -0.02501629  0.01770661 -0.03948452
  0.17054631 -0.04281698  0.24701218 -0.05579327 -0.1594743   0.00167609
  0.02062211  0.0973698  -0.07679367 -0.04556941 -0.00928835 -0.13720237
 -0.06953226 -0.126916    0.05826424  0.08029329  0.08621018 -0.19003123
 -0.17066352 -0.07954887 -0.07155942 -0.13205427 -0.04563446  0.04940476
  0.09655908  0.11262404 -0.06035516  0.01106748  0.13272779  0.17253584
 -0.01982885 -0.11764643 -0.18549685 -0.00506053 -0.10791572  0.07376675
 -0.0427163  -0.09167957  0.03609424 -0.19899687 -0.06550879  0.02181647
 -0.05209526  0.0202907   0.16689686 -0.08118044 -0.14085019 -0.00049087
 -0.10222981  0.1273554   0.14465825  0.05233398 -0.07510245 -0.03488118
  0.00513498 -0.10898808 -0.15428418 -0.0515377   0.26301268 -0.09901531
 -0.06318349 -0.08453333 -0.133272    0.02692825 -0.06686677 -0.06625258
  0.08681116 -0.08229949  0.08077776 -0.16939121  0.10112911  0.14908968
  0.03722609 -0.07485534 -0.13507271  0.00708193  0.13839929  0.09489513
  0.08803197 -0.08585541 -0.01067899 -0.22165374  0.13606566 -0.08058049
  0.08220582  0.03167735  0.1300171   0.10330347  0.02595089  0.07153829
 -0.11452904 -0.20430401 -0.09541151 -0.11067826 -0.23683856  0.07998572
  0.05922939 -0.17758363 -0.07324369 -0.03270196 -0.12683259  0.2111507
 -0.08689398  0.18835106  0.05160574  0.04179387  0.1462908  -0.12150154
 -0.0355517   0.20129004 -0.101373    0.01582534  0.06683359  0.06725243
 -0.07567142  0.01278375  0.0903022   0.05577735 -0.01162668 -0.1976027
 -0.20004788  0.19261684 -0.03211409 -0.0339553   0.04646522  0.00105688
 -0.11126261 -0.07884528  0.11075505  0.27975884 -0.16290921 -0.13602273
 -0.00320959 -0.1814643  -0.17099293  0.06224247 -0.1765596  -0.04708394
  0.08197929  0.04710477 -0.12033464  0.22994266 -0.04193908 -0.1250827
  0.03993912  0.11212208  0.48833793 -0.15750247 -0.0475831  -0.06710279
  0.09363089 -0.21457696 -0.05042316  0.0230822  -0.0007003   0.34349805
  0.1251194   0.0013246   0.14579967 -0.17644069 -0.08795898 -0.02104186
 -0.11005795  0.15945965 -0.2096681  -0.06684548 -0.17411317 -0.01842652
  0.10956588 -0.06398058 -0.2849366  -0.09386929  0.08986104 -0.26567566
  0.00295914  0.15998141  0.1088939   0.02315382  0.20085654  0.17815743
  0.0550909  -0.16564612  0.10164711  0.21459849  0.12794843 -0.06844394
 -0.04025929  0.11031836  0.02642725 -0.01553744 -0.03403608  0.2207765
 -0.26077402 -0.010602   -0.19014877 -0.04832617 -0.07648506  0.01211035
  0.10905393  0.05085335  0.08896518  0.10819727  0.09725519 -0.10522755
  0.1403011   0.08691999  0.04287578 -0.09696022  0.01049166  0.04931555
  0.10304754 -0.03915719  0.04334029  0.03280174  0.13031358 -0.16002095
 -0.09400866  0.10652877  0.07619882  0.00752859  0.09113555  0.03995253
 -0.0526189  -0.08400498  0.10936711 -0.25324112 -0.1380302   0.0867927
 -0.05808257 -0.11213609 -0.02909505  0.19049673 -0.24759096 -0.11858841
 -0.10640072 -0.0802838   0.17680547  0.01319232 -0.12625684 -0.11845282
 -0.07694885 -0.1062511   0.12218171  0.03008786 -0.06310135 -0.23294793
  0.09274094  0.1318187 ]