http://erau.edu/ontology/meme.owl#TheSingularityMeme
[-8.49423036e-02 -1.90204248e-01  7.95121714e-02 -8.17886069e-02
  3.60840559e-02 -6.49922192e-02  2.55043358e-01  1.00949928e-01
 -7.70703005e-03 -1.07935637e-01  1.89525530e-01 -1.37514576e-01
  1.76673055e-01  3.98004949e-02 -1.36864394e-01 -5.84104508e-02
 -3.51424925e-02  2.18337253e-01  1.59904957e-01  7.25209117e-02
 -2.70869106e-01  1.47817716e-01  1.15187652e-01 -1.12245731e-01
  1.08394511e-01  1.34790823e-01  1.08442269e-01 -1.12272739e-01
  3.21576834e-01  9.46090296e-02 -4.90569845e-02  8.86948779e-02
  8.98780003e-02 -1.39627546e-01 -2.77024843e-02  2.38404140e-01
  1.69170499e-02  7.54313990e-02  2.83293389e-02 -1.98557749e-01
 -2.01561786e-02  1.98812813e-01 -1.73807561e-01 -7.44016394e-02
  1.04397103e-01 -3.78566980e-03  6.88157305e-02 -2.48661712e-02
  6.41298592e-02 -1.99760951e-04  5.29223792e-02 -6.61944449e-02
 -7.36145228e-02 -1.29607990e-01 -9.72892046e-02 -2.01712191e-01
  2.41561681e-02  1.75213930e-03  1.79542989e-01  5.64080961e-02
 -1.92449272e-01 -1.92853391e-01  1.64573580e-01  2.00930126e-02
 -2.08844021e-01 -4.17627506e-02 -6.76587746e-02 -7.84931481e-02
 -1.28362194e-01 -1.95804611e-01 -5.65522462e-02  9.35977623e-02
  1.61497563e-01 -4.27670516e-02  5.08373342e-02  7.27002174e-02
 -1.74700648e-01 -3.99920829e-02  2.39057153e-01  7.34521484e-04
 -1.21688239e-01 -1.09314278e-01 -1.22942090e-01 -2.24000886e-01
  7.12628067e-02 -1.23974510e-01 -1.10309698e-01  7.91387931e-02
  6.71982616e-02  5.46445586e-02 -2.12572217e-02 -2.78388470e-01
  1.79795936e-01 -1.18348480e-03 -1.17899150e-01  3.33960205e-02
  2.87114754e-02 -7.33860955e-02  3.02215982e-02 -1.35759532e-01
  4.47496846e-02  5.71234860e-02  1.88235745e-01 -1.95383191e-01
 -1.67418867e-02  4.81716879e-02  2.62586415e-01 -9.60793570e-02
 -1.03868078e-02 -8.24629962e-02 -5.74120879e-02 -9.00786817e-02
 -1.60508648e-01 -4.86114658e-02  1.49271116e-01  8.65881667e-02
 -2.77737856e-01 -3.21667016e-01  1.47804990e-01  1.82361186e-01
  1.10615149e-01 -4.53969538e-02  6.15228107e-03 -1.15616526e-02
 -1.07707940e-02 -7.89348707e-02  6.56545162e-02 -1.50409356e-01
  7.76550695e-02 -4.35261652e-02 -1.90298125e-01 -4.18007448e-02
  5.64692579e-02 -1.71248186e-02 -8.39858651e-02  8.60004425e-02
 -5.66760562e-02 -7.49041885e-02 -6.26771748e-02  1.87784478e-01
 -2.55261689e-01 -9.29045305e-02  1.82226244e-02  9.09646079e-02
  1.46934748e-01 -1.01601049e-01  5.41803353e-02 -7.15467110e-02
 -4.53549437e-02  1.74781829e-01  6.79038465e-02 -6.20792322e-02
  5.91926314e-02 -5.03129326e-02 -3.49586494e-02  3.33210230e-02
 -1.39795467e-01  1.61415428e-01  1.68696970e-01 -1.30223036e-01
  2.41858196e-02 -5.45120090e-02 -7.80966645e-03 -1.19372427e-01
 -2.05438957e-01 -1.80823013e-01 -8.73841997e-03  6.79916143e-02
 -2.81371355e-01  7.33521059e-02  9.70569327e-02  1.19757690e-01
  2.50584126e-01  1.55912042e-01 -4.32507358e-02 -9.25914794e-02
 -9.17895958e-02 -3.83386835e-02  1.27888262e-01  4.91461530e-02
 -1.59234390e-01  9.05443355e-02  1.73369534e-02 -7.65961781e-02
 -4.74838465e-02  6.27813414e-02 -2.94511728e-02  7.56991981e-03
  2.71409482e-01  3.59064527e-02  1.85771920e-02 -1.41955400e-02
 -3.20560157e-01 -1.09582603e-01 -5.58466502e-02  6.39415532e-02
 -4.61464701e-03  2.15983242e-01 -5.44868447e-02  4.05526347e-02
  3.20496894e-02 -3.96227278e-02  1.22684225e-01 -1.84903130e-01
 -6.79412857e-02 -2.30647609e-01 -6.92572561e-04 -9.37541127e-02
  2.03953594e-01  1.02712095e-01  2.88059473e-01  1.31742939e-01
 -5.07971905e-02 -1.32752821e-01  1.56073913e-01 -3.02758384e-02
 -9.57820117e-02 -9.55609381e-02  2.70605162e-02  1.80058450e-01
  3.68375182e-01  2.02693984e-01 -1.29184455e-01  3.79630625e-02
  4.22788896e-02 -5.63593656e-02 -2.40451202e-01 -7.31728673e-02
  3.93510163e-02  7.40470886e-02  1.25206098e-01  1.08753741e-02
 -8.08217004e-02  8.09655860e-02 -3.15104797e-02  6.27435297e-02
 -2.55305246e-02 -3.53138410e-02  1.69239700e-01 -6.06502332e-02
 -2.45232843e-02 -5.79779968e-02 -5.66266663e-02 -7.95140341e-02
 -1.15372404e-01  3.98109779e-02 -2.14416519e-01 -6.73030764e-02
 -9.51306000e-02  7.69441528e-03  1.12522945e-01  8.42555612e-03
  1.22426659e-01 -5.55049516e-02  8.01068544e-02 -2.40117870e-02
 -4.99559753e-02 -9.22165718e-03 -2.27786917e-02  7.96910673e-02
 -1.25635862e-01 -1.60661131e-01  3.90260257e-02 -3.85046117e-02
 -4.36500274e-02 -1.57869503e-01  3.30186747e-02 -4.48905900e-02
  1.55403435e-01 -6.51497170e-02  4.85450253e-02 -1.23605132e-01
  1.78201720e-02  1.34086475e-01  2.30047122e-01 -1.51376843e-01
  1.64848752e-02 -6.39548451e-02 -4.87443916e-02 -2.90477760e-02
  1.09912418e-01  1.00593656e-01 -4.84368838e-02 -7.00739250e-02
 -1.29457340e-01  1.34412050e-01 -9.88955572e-02  3.48622762e-02
  3.78792956e-02 -5.27944900e-02  7.47729763e-02 -3.95647436e-02
  9.08613354e-02 -1.71456009e-01 -1.64791755e-02 -4.79012281e-02
  1.75844580e-01  1.42661911e-02 -4.59696874e-02 -2.46229067e-01
 -1.60730824e-01 -8.70091766e-02 -2.82243099e-02  6.37476658e-03
 -6.23661466e-02  7.08500445e-02  2.76367724e-01  6.10174425e-02
  1.60760373e-01 -6.06844388e-03  8.83627906e-02 -1.57913566e-01
  4.78100255e-02  1.83861807e-01  2.23991070e-02  4.09092419e-02
  4.91942465e-02  2.80085374e-02  9.63922665e-02 -9.52317789e-02
  8.34522098e-02 -1.21791311e-01  1.49761856e-01  8.50565955e-02
  3.66609991e-02  5.70144020e-02 -2.40330696e-01 -2.66638724e-03
  1.06289849e-01  4.14723996e-03 -8.49502068e-03 -7.75687862e-03
  1.74800456e-01 -9.79061127e-02 -1.27927344e-02 -1.46786258e-01
  6.74746484e-02  2.99231764e-02 -8.64991769e-02  3.31646651e-02
 -2.09432170e-02  1.08353786e-01 -9.80411377e-03  5.78292273e-03
 -5.56514189e-02  2.77097132e-02 -7.44578689e-02  6.35914179e-03
 -1.26313521e-02 -9.81404111e-02 -5.71744442e-02  1.10197194e-01
 -1.52165100e-01  1.01164572e-01 -1.70723006e-01 -1.15048988e-02
  3.44284102e-02 -9.46766883e-02  2.28848785e-01  8.28431025e-02
 -1.57643557e-01  8.21050555e-02 -4.83434238e-02 -7.88947754e-03
  4.45893668e-02 -1.57879904e-01 -7.03231245e-02  2.11910792e-02
 -4.30038422e-02  5.16272373e-02 -1.24356791e-01  4.36181575e-02
 -2.21549630e-01  6.87867310e-03  8.35009757e-03 -7.18410686e-02
 -1.16588496e-01 -5.20155765e-02 -6.09988421e-02 -3.79305845e-03
  2.59191059e-02  1.75812364e-01 -1.08784325e-01 -5.64661473e-02
  1.87333941e-01 -1.28765106e-01 -4.00761701e-03  1.01141810e-01
 -5.28645404e-02 -6.45940527e-02 -1.28773510e-01  1.36363670e-01
 -1.62738394e-02  1.87951982e-01 -4.81123291e-02 -2.38703862e-01
  8.42754822e-03  1.69695809e-01  1.49412751e-01 -1.14848793e-01
 -6.13772646e-02 -6.96952417e-02 -1.04390278e-01 -1.04881123e-01
 -4.59862612e-02 -2.48651262e-02  2.64993664e-02  1.38424098e-01
  7.50715733e-02  1.30299106e-01  2.60727108e-01 -1.56598762e-01
 -2.02550516e-01 -3.93722393e-02  1.25709057e-01 -3.10873482e-02
 -2.78357901e-02 -9.83009208e-03  6.14558682e-02  9.06138048e-02
  2.91331671e-02 -6.44045556e-03  5.91405760e-03  1.01396181e-01
 -3.09929550e-02 -1.87979206e-01 -1.07522704e-01  1.17785066e-01
  8.44109058e-02 -2.14883506e-01  7.28859156e-02  2.27184638e-01
  1.18324459e-01 -7.44669959e-02  2.22676411e-01  1.76145867e-01
  1.96260251e-02 -8.46939161e-03  2.75983987e-03  9.77756009e-02
  6.43090904e-02  1.11347176e-01 -1.31862506e-01  2.37962827e-01
 -1.48804948e-01 -4.74036857e-02 -1.56056538e-01 -3.23620647e-01
 -1.36982203e-01  1.53824121e-01  5.69548421e-02 -1.39593426e-02
  9.71742421e-02  2.18193103e-02  1.80208325e-01  1.37451878e-02
  6.97298273e-02 -4.51086983e-02  7.98384100e-02 -6.22226857e-02
  1.15837686e-01  1.47630557e-01  7.98877776e-02 -7.86825567e-02
 -5.56334679e-04  1.41791761e-01 -4.92470078e-02 -1.76773712e-01
  3.76469567e-02 -3.14911902e-02  8.80706906e-02 -2.51814164e-02
  2.74112612e-01  1.02837674e-01  2.74451403e-03 -1.44214317e-01
  2.05614567e-02 -1.82390183e-01 -7.50827640e-02  4.42920588e-02
  2.14488059e-02  1.01448365e-01 -1.67265594e-01  2.69838393e-01
 -7.07273930e-02 -2.07674444e-01  6.94559962e-02 -4.76438925e-02
  1.78678304e-01  1.59360677e-01 -4.07097377e-02  6.52379990e-02
  8.48495588e-02  9.42252949e-02  1.75277427e-01 -1.73980463e-02
 -1.54722650e-02 -3.94053757e-03  6.79690689e-02  1.45516604e-01]