http://erau.edu/ontology/meme.owl#OKGoDancingXMeme
[-0.03222842 -0.1537292   0.01927791 -0.0191155  -0.05351816 -0.02326747
  0.22067271  0.04851849  0.01605821  0.02064711  0.22289626 -0.05229946
  0.02682814  0.01987183 -0.08075145 -0.01352509  0.07703739  0.23051476
  0.03420654  0.07286681 -0.23359351  0.11587822  0.19485588 -0.12303408
  0.04352177 -0.01008908  0.04083478 -0.15053515  0.25609225  0.09180678
 -0.02032905  0.09709017  0.03280512 -0.06493084 -0.01227708  0.28356686
 -0.04527595  0.08768678 -0.04666641 -0.20216107  0.0019888   0.16941224
 -0.24641825 -0.09809582 -0.02417611  0.06307095  0.09987991  0.04175704
  0.11883704 -0.00281548  0.03200038 -0.05686148 -0.09926575 -0.10842828
 -0.07747847 -0.03026829  0.03590472 -0.00880133  0.09175633  0.10669959
 -0.13763602 -0.0810479   0.1538116  -0.01670309 -0.24570864  0.00730853
 -0.02152283  0.08016084  0.05414641 -0.10056606 -0.08036575  0.17051332
  0.14433461  0.12837112 -0.03684306  0.15512408 -0.01353499  0.02709184
  0.17862067  0.04321986 -0.09984964 -0.12158215 -0.12389316 -0.13922606
 -0.06893229 -0.07841872 -0.09901229  0.08940655  0.0409568   0.04983658
  0.05257297 -0.20691884  0.12027611  0.10544356 -0.13078901  0.0839162
 -0.04382175 -0.07512654  0.00950899 -0.00237681  0.03190092 -0.05129914
  0.13712268 -0.17304821  0.09849171  0.07630725  0.15951572  0.02317659
  0.10098972 -0.04864933 -0.00310194  0.00148024 -0.08700868 -0.09497265
  0.16455506  0.0386904  -0.13280469 -0.22647542  0.09712592  0.11901867
  0.05960114 -0.0068651  -0.03109103 -0.04230791 -0.01971536 -0.05827186
 -0.00372471 -0.04588711  0.08759946 -0.03666436 -0.07884827 -0.11658272
  0.07947087 -0.00087781 -0.0539651   0.12175765 -0.0116852  -0.12059874
 -0.00433858  0.03148961 -0.24439873 -0.03274069  0.0437856   0.17597373
  0.14792459 -0.04009192  0.08004537 -0.19036551  0.02406627  0.18170463
  0.01120109 -0.08794647  0.0762049  -0.08071601 -0.05204501  0.00369918
 -0.19774437  0.12946546  0.02562205 -0.18953514  0.001      -0.10775965
 -0.05623234 -0.01603646 -0.1940134  -0.21206746 -0.08027982  0.11066248
 -0.15677576  0.08922387  0.05966853  0.09661435  0.15627642  0.11968786
 -0.02803327 -0.06704974 -0.02171252  0.00214302  0.10614697  0.08350384
 -0.11600261  0.03324079  0.07292556 -0.06306198  0.01970936  0.04861938
 -0.04876453  0.11203389  0.1801582   0.01099642  0.00619478 -0.04360874
 -0.13792616 -0.11581111 -0.07030059  0.14648986  0.09103442  0.17104645
 -0.08526646 -0.01281929  0.02634064  0.07643825  0.07957833 -0.17747377
  0.02076327 -0.1483443  -0.04057657  0.04019315  0.03499258  0.12366953
  0.15746832  0.10195632 -0.00757484 -0.07007247  0.02619258 -0.03419219
 -0.18755257 -0.1237525  -0.00681281  0.01281547  0.23672913  0.06988592
 -0.08091359 -0.03011023 -0.03692382 -0.04069948 -0.17761114 -0.0914534
 -0.00594084  0.03529379  0.06629258  0.09045675  0.02050501  0.10904618
  0.05103217  0.09057392 -0.01854886 -0.03781589  0.16391383 -0.03286672
  0.07506561 -0.02459112 -0.03936762  0.02888955 -0.1643221  -0.05527533
 -0.233825   -0.12264906 -0.19856584  0.04513626  0.01073455  0.02384701
  0.20280327  0.01120032  0.08715636 -0.13577075  0.01196526 -0.03580904
 -0.01255937  0.00465458 -0.03594622 -0.09083179  0.00372785 -0.04895575
  0.00826697 -0.18668096 -0.07299643 -0.11002612  0.15351768 -0.00550546
  0.00871034  0.02291397  0.08087523  0.07837231  0.25423756 -0.12210214
  0.09730805 -0.04770688 -0.06918342 -0.01585033  0.12579846  0.04051805
 -0.1203405  -0.133021   -0.19175023  0.07413207 -0.04540498 -0.01108082
 -0.0145837  -0.03282626  0.07206822 -0.03827641 -0.01810126 -0.20082529
  0.00213117 -0.02457552  0.2648638  -0.029654   -0.08366934 -0.27012357
 -0.12493527 -0.01051418 -0.01482408  0.02741992 -0.08220254 -0.03495485
  0.20354393 -0.08126228  0.05017237  0.01155657  0.08973482 -0.2385408
 -0.01783841  0.04560708  0.01914738  0.0209907   0.05438392  0.01146979
  0.03288884 -0.026969   -0.03997988 -0.15366024  0.13472392  0.20133297
  0.00487188  0.03865099 -0.17661487 -0.11590593  0.14024262 -0.02566553
  0.01304835  0.09267025  0.05689816 -0.00944831 -0.13519412 -0.20177269
  0.11752322  0.13482004 -0.09370239  0.05198841  0.06976179 -0.01239481
 -0.0690003   0.0135092  -0.0894295   0.01190174 -0.10288423  0.17284086
  0.05315376 -0.1917746  -0.07489685  0.04601094 -0.11704186  0.08957481
 -0.17821327  0.06815639  0.00549496 -0.13671052  0.23554769  0.01824373
 -0.11695138  0.16570275 -0.08497635  0.03148132  0.10971077 -0.12996927
 -0.00054303  0.12520322 -0.1058874   0.02428654  0.00145853  0.0811161
 -0.18661651 -0.02185274 -0.04855715 -0.07687793 -0.11156254  0.05142071
  0.01353053 -0.00334363  0.05076343  0.21509038 -0.17579678  0.0402939
  0.16983908 -0.07870463 -0.1350389   0.06824279 -0.18774241 -0.09262877
 -0.11584866  0.11379082 -0.12661037  0.07473217  0.04094117 -0.18558276
  0.10289219  0.01520501  0.00066568  0.03339424  0.01960628 -0.11024044
 -0.08983918 -0.06084489  0.04386415 -0.01717874  0.08538757  0.14944953
  0.1083082   0.14022027  0.25646973 -0.1218804  -0.24291039 -0.10423756
  0.04351493 -0.03863531  0.06057474 -0.11955699  0.0789388   0.05629305
  0.07014398  0.02506145  0.03707935  0.01766764 -0.11447799 -0.23048039
 -0.05428756  0.0769281   0.02012533 -0.10103935  0.15558153  0.24908485
  0.01738667 -0.12214635  0.08861469  0.13399993 -0.03733272 -0.10090044
  0.05340485  0.12967746 -0.07192258  0.16642487 -0.07492757  0.2006542
 -0.19717085 -0.04533385 -0.0293079  -0.11590783 -0.02843888  0.02118945
  0.07701749 -0.0288545   0.099812    0.01130825  0.22774693  0.04678985
  0.01622395  0.1536039   0.06848033 -0.0820266   0.20045304  0.10498489
  0.1735405  -0.08716468 -0.00465688  0.18925744 -0.03453897 -0.18354027
 -0.09198748 -0.01586071  0.18103878 -0.06338937  0.34463865  0.04690219
  0.00529147 -0.2119787   0.13034207 -0.15789683  0.11021277  0.06320877
  0.17565449 -0.00852557 -0.10475412  0.23591316 -0.11330624 -0.12163363
  0.06099523 -0.06517757  0.16174415  0.11262687 -0.01621533  0.01560871
  0.02696169  0.01960403  0.19048914 -0.06871997  0.08187295 -0.1208573
 -0.02735307  0.16327555]