http://erau.edu/ontology/meme.owl#GardOlvesPulseWatchMeme
[-9.88110304e-02 -1.58498690e-01  7.30621964e-02 -2.61808746e-02
 -6.89169317e-02  3.35855335e-02  1.80227369e-01  6.41518235e-02
 -4.62813396e-03 -6.85054809e-02  1.28471568e-01 -9.92633700e-02
  3.30434591e-02 -1.95950083e-02 -1.12172194e-01 -4.90831360e-02
  1.83702428e-02  1.76405847e-01  6.59796745e-02  1.74584046e-01
 -2.20924437e-01  9.69182998e-02  1.23616241e-01 -1.48174629e-01
  1.49716362e-01  2.78643165e-02  4.91370857e-02 -1.61713526e-01
  3.54439825e-01  1.51080906e-01  4.37480807e-02  1.67656645e-01
  3.96450497e-02 -9.55974385e-02 -1.14474714e-01  2.48991460e-01
 -4.84635867e-02  1.58511147e-01 -2.52138898e-02 -1.22333281e-01
  2.28424780e-02  2.09398761e-01 -1.66899413e-01 -5.40587567e-02
  1.01470388e-01  2.48641372e-02  4.67646122e-02  1.20061566e-03
 -7.82944914e-03  4.12202254e-02  3.78510766e-02 -4.44405749e-02
 -6.86426684e-02 -9.82663706e-02 -1.24163434e-01 -8.43597427e-02
  7.36923814e-02 -8.60746056e-02  2.06921354e-01  6.96236826e-03
 -5.86668737e-02 -7.80898407e-02  1.91768631e-01  6.05729595e-02
 -1.62513390e-01 -9.12438184e-02 -2.50102039e-02 -3.48819494e-02
 -1.28133968e-01 -1.48364708e-01 -1.64223775e-01  1.55975878e-01
  1.58279896e-01 -6.54653297e-04  3.92261147e-02  1.23767607e-01
 -2.63467003e-02  1.52946159e-01  2.38040626e-01  6.37517050e-02
 -6.18450306e-02 -1.12997152e-01 -1.19148210e-01 -2.80943334e-01
  6.45393804e-02 -6.98598623e-02 -4.94171120e-02  7.14381337e-02
  1.34744748e-01 -3.15183140e-02 -2.59343954e-03 -2.53304631e-01
  1.42001286e-01 -1.22397795e-01 -7.00047389e-02  1.94756296e-02
 -9.80776362e-03 -4.14031930e-03 -1.93863995e-02 -1.75238177e-02
  1.04429603e-01 -3.67660932e-02  3.56663495e-01 -2.17023224e-01
  9.18266177e-03  7.81413540e-03  1.45597145e-01 -2.77535673e-02
  4.02247086e-02 -1.25162825e-01 -4.29032259e-02  4.86010015e-02
 -1.82353064e-01 -1.60928652e-01  1.35538578e-01  1.25351191e-01
 -3.49085987e-01 -2.54246742e-01  1.06691860e-01  1.36819929e-01
 -7.65655190e-02 -2.09363047e-02 -1.28209174e-01  6.08743308e-03
  5.63284718e-02 -9.28257778e-02  2.07441719e-03 -1.70440823e-02
  4.85429242e-02  1.96351260e-02 -1.81629360e-01 -7.71728382e-02
  2.23348336e-03 -2.47907080e-02 -1.11534208e-01  6.53426200e-02
 -1.91411879e-02 -2.15039290e-02 -7.45712593e-02  1.31520778e-01
 -2.00341299e-01  4.10593934e-02  2.24652681e-02  5.05116768e-02
  1.00616865e-01 -2.39044920e-01  6.28143251e-02 -1.14466913e-01
  5.33749685e-02  1.77182809e-01  5.40066026e-02 -1.28731012e-01
  1.14842765e-01 -2.89117359e-03 -5.85232899e-02  7.59843737e-03
 -1.99128553e-01  1.82001576e-01  5.88681847e-02 -1.01335891e-01
  7.17884069e-03 -1.01193577e-01  1.87427886e-02 -4.32549454e-02
 -2.05693439e-01 -2.44788989e-01 -1.73387807e-02  5.47271930e-02
 -3.12862784e-01  1.23170361e-01  8.82936344e-02  7.01869428e-02
  2.14224920e-01  1.45278826e-01 -6.72941387e-04 -8.60607531e-03
 -4.79934327e-02 -7.80815184e-02  4.19455245e-02 -8.30817521e-02
 -8.05202648e-02  2.74959281e-02  2.64566261e-02 -7.62284473e-02
 -6.12404197e-02  1.68041524e-03  6.21188283e-02 -2.17089318e-02
  2.41846502e-01 -7.64738247e-02  2.49092542e-02 -7.60054439e-02
 -2.35433325e-01 -1.74693335e-02 -7.78523088e-02 -2.93513332e-02
  9.70091298e-02  1.10119067e-01 -6.36930540e-02 -3.36810388e-03
  7.82067329e-03 -1.49766915e-02  2.50789803e-02 -4.19244766e-02
  2.16227435e-02 -2.33630106e-01  1.59812439e-02  8.33040196e-03
  1.63031355e-01  1.20748550e-01  1.78340018e-01  4.42532040e-02
  6.91930251e-03 -1.08057685e-01  1.09429263e-01  2.77818181e-02
 -1.07315704e-01 -8.94962624e-03  1.15775101e-01  1.35935530e-01
  1.44529775e-01  1.36873677e-01 -1.17442392e-01  1.93901677e-02
 -7.31930062e-02 -8.25694874e-02 -1.26333073e-01 -7.15135410e-02
  1.41813830e-02 -1.49717713e-02  4.27866168e-02  3.53120938e-02
 -1.05948813e-01 -1.08812116e-02 -9.57338512e-02 -3.40551957e-02
 -6.58637136e-02 -7.69385919e-02  9.98864695e-02 -6.08151034e-02
 -3.64861675e-02 -7.59253453e-04  2.01247837e-02 -2.20671408e-02
 -9.36759859e-02  1.88606344e-02 -5.12211397e-02 -4.13093530e-02
 -6.39071539e-02 -7.39149190e-03  7.87070692e-02 -2.26190146e-02
  9.20061246e-02  3.12670916e-02  1.07798770e-01  3.34133208e-02
 -1.14871442e-01  1.93588398e-02  2.71936040e-02 -9.37790573e-02
 -8.82558525e-02 -3.26753147e-02 -4.13225107e-02 -7.47374892e-02
 -5.86708188e-02 -1.54235214e-01  4.47305292e-02  9.42903850e-03
  9.17336121e-02 -1.10149235e-01  5.08381017e-02 -1.19123079e-01
 -5.70332780e-02  9.95825753e-02  2.00541034e-01 -5.61103858e-02
  8.80933478e-02 -2.15895288e-02 -1.09542944e-01 -9.57453530e-03
  8.26148018e-02  8.18348750e-02 -6.92477226e-02 -8.78874436e-02
 -1.46051139e-01  8.48402232e-02 -1.22083224e-01  3.23170424e-02
 -9.86911543e-03 -9.05028880e-02  1.02165379e-01 -1.55553192e-01
 -1.11857709e-02 -9.25719365e-02  4.47357595e-02 -2.14430899e-03
  1.56719059e-01  9.19776335e-02 -1.23186193e-01 -1.34474576e-01
 -1.39179409e-01  3.92019413e-02  2.22266540e-02 -3.50871566e-03
 -3.54477428e-02 -7.86902905e-02  1.89489380e-01  1.37238600e-03
  4.30687144e-02  1.38318371e-02  2.03170031e-01 -2.54154831e-01
  2.78364476e-02  8.65837634e-02 -3.94668542e-02  1.61939804e-02
  5.27893640e-02  8.16198289e-02  5.60742021e-02 -4.81310412e-02
  5.73991947e-02 -2.10506901e-01  1.48667186e-01  1.85141072e-01
  9.30114239e-02  5.07029817e-02 -1.55773237e-01 -1.16881607e-02
  1.25398949e-01 -9.38349683e-03 -3.68032116e-03 -3.19535546e-02
  5.74182160e-02 -2.15108991e-02  6.02280386e-02 -2.01353237e-01
  1.14524551e-01  2.93885786e-02  2.40220856e-02  3.58827636e-02
  1.18784234e-02  1.27513960e-01 -2.27183364e-02 -7.06580188e-03
 -7.69563541e-02 -1.52348988e-02 -2.33090706e-02 -1.25261757e-03
 -1.24675529e-02 -4.87315692e-02 -2.61582974e-02  3.83605547e-02
 -7.14642555e-02  1.17076859e-01 -1.22524932e-01  7.68737346e-02
  8.93358840e-04 -2.90698893e-02  2.02965528e-01  4.56719324e-02
 -1.01454183e-01  5.88636734e-02 -8.86373222e-03 -5.95407896e-02
  1.27589004e-02 -1.61583964e-02 -1.57347154e-02  6.33261353e-03
  3.73597257e-04  4.71487232e-02  1.41866109e-03 -6.80511966e-02
 -1.24914169e-01 -4.17615175e-02  9.15856510e-02 -3.65260839e-02
 -6.70636296e-02  3.59723605e-02 -9.17295367e-02  6.76031783e-02
  5.17545640e-02  1.30230248e-01 -2.12446246e-02 -1.98242231e-03
  1.17576249e-01 -1.74183518e-01 -8.99104476e-02  1.59715489e-01
 -3.67177278e-02 -4.16771211e-02 -8.09833854e-02  8.15282688e-02
 -6.84657469e-02  2.60270089e-01 -7.66318515e-02 -2.04151943e-01
  5.74411340e-02 -7.47777463e-04  1.81128040e-01 -6.90314993e-02
 -8.30254480e-02 -2.58169085e-01  5.19183837e-02 -2.52370805e-01
 -1.17471389e-01 -4.84523997e-02 -7.47873485e-02  3.84402692e-01
  1.62756667e-01  1.91000067e-02  1.00145407e-01 -5.12851104e-02
 -1.20715551e-01 -1.42587647e-02 -9.64455679e-02  6.26110733e-02
 -5.05537651e-02 -3.17911096e-02 -1.72789134e-02 -3.56407207e-03
  1.11439802e-01 -1.49501236e-02 -1.10717095e-01  3.69418673e-02
  1.34648755e-01 -5.02013043e-02 -1.07214883e-01 -3.40641998e-02
  6.52930886e-02 -7.61509016e-02 -1.47074815e-02  8.16323310e-02
  1.04621667e-02 -6.52558133e-02  1.94105640e-01  1.79404467e-01
  1.16526209e-01 -1.10563606e-01  9.72482562e-03  8.07322636e-02
  7.18710646e-02  7.08656758e-02 -1.59958333e-01  2.51613051e-01
 -2.50073761e-01 -8.66797343e-02 -1.07758574e-01 -1.29552856e-01
 -1.18418530e-01  6.54653534e-02  2.10445188e-02  1.31075710e-01
  2.14541405e-01 -7.55762234e-02  2.02940464e-01  5.43186329e-02
  1.18089050e-01  8.44749447e-04  1.58717372e-02  2.82569565e-02
  1.35761276e-01  9.98162329e-02  1.47893161e-01 -1.05501480e-01
 -8.96356255e-03  1.57038152e-01 -2.05512624e-02 -1.79450080e-01
 -8.30859914e-02  2.88039679e-03  2.18988895e-01  4.08101603e-02
  1.83091268e-01  1.39235795e-01  4.93505690e-03 -1.02497511e-01
  1.24730192e-01 -1.19302928e-01 -5.41473553e-02  1.12152979e-01
  1.78363435e-02  5.64207360e-02 -8.53442326e-02  1.78039014e-01
 -3.75138223e-02 -1.72788471e-01  1.25825536e-02  6.74704909e-02
  9.55675766e-02  8.65251720e-02 -1.15370257e-02  9.82360332e-04
  1.19591139e-01  6.80845901e-02  4.57403064e-02  6.96841478e-02
  3.10764145e-02 -1.30037358e-02  1.46337114e-02  4.92906431e-03]