http://erau.edu/ontology/meme.owl#ParkourMeme
[ 7.86663145e-02 -8.13078359e-02 -1.18833664e-03  6.65852949e-02
  5.82000129e-02  4.94142324e-02  5.87948561e-02  7.25944573e-03
  5.09361140e-02 -8.97501558e-02  1.17623515e-01 -3.44267488e-02
 -7.35669434e-02  6.52130544e-02 -6.55468181e-02 -1.79886401e-01
  8.58535096e-02  8.81833136e-02 -7.41634816e-02  4.85834479e-02
 -2.57190436e-01  1.86323807e-01  1.25048772e-01 -1.79134116e-01
  1.29986003e-01 -7.18147159e-02  3.04418225e-02 -2.79734377e-02
  2.73581475e-01  7.48711452e-02  1.42710283e-01  1.91202253e-01
 -1.30761238e-02 -5.50748818e-02 -3.26286592e-02  2.23274335e-01
  6.07649237e-02  6.18208349e-02 -5.39155304e-03 -1.13203451e-01
 -1.36872023e-01  1.75285786e-01 -2.33277559e-01 -8.61426368e-02
  1.35417819e-01  8.37068632e-02  9.45550576e-02 -9.99853984e-02
 -3.48607861e-02  7.67254177e-03  8.15122053e-02 -2.84395181e-02
 -1.52455986e-01 -1.69048086e-01 -1.13251023e-01 -2.33793315e-02
  1.15815356e-01 -7.60971680e-02  1.89361393e-01 -7.11209606e-03
 -7.78312609e-02 -3.11805680e-02  4.77570556e-02  6.68598637e-02
 -7.08658770e-02 -1.01702556e-01 -1.05276797e-02 -1.22053707e-02
 -1.18291490e-01  3.12141851e-02 -1.18722573e-01  1.14080772e-01
  1.70523703e-01  6.92751482e-02  5.57551347e-03  1.25589862e-01
  1.51804946e-02  2.82616932e-02  1.39390752e-01 -2.39346009e-02
 -2.54708696e-02 -9.44550186e-02 -7.36665428e-02 -1.40641451e-01
  7.87317455e-02  7.06786430e-03 -1.40826628e-01  1.90330930e-02
  3.62721458e-02 -3.50090861e-02  5.02085201e-02 -2.15410009e-01
  9.01025310e-02 -5.42224161e-02 -8.09760839e-02  2.76555233e-02
  3.53853181e-02 -7.17202723e-02 -5.06679416e-02 -2.73800716e-02
  1.67591557e-01 -2.14740001e-02  2.03370929e-01 -8.82958770e-02
 -1.00726448e-01  7.98847750e-02  1.29007380e-02  1.05625920e-01
  3.07220034e-02 -7.43896663e-02  8.06348119e-03 -2.21812781e-02
 -1.07007280e-01 -9.85656157e-02  1.00158200e-01 -2.71433708e-03
 -1.70703456e-01  3.09326663e-03  1.16981938e-01  1.56548053e-01
  1.88217591e-02  1.29145791e-03 -1.47124976e-01 -2.01203898e-02
  9.34165493e-02 -7.75275603e-02  7.73620382e-02  6.59187362e-02
  7.67872632e-02  5.73907942e-02 -1.93627372e-01 -5.87453507e-02
 -6.94244802e-02 -5.06137684e-02  2.17406289e-03  2.21999764e-01
 -5.80430143e-02 -5.82834855e-02 -9.25059840e-02  1.23146504e-01
 -2.90668577e-01  3.33922058e-02  2.12479383e-01  1.24879606e-01
  1.26706570e-01 -2.90748388e-01  9.64735299e-02 -1.41668320e-01
 -1.50644273e-01  1.04465112e-01  4.50789742e-02  1.98119301e-02
 -9.80168730e-02  7.26680737e-03  4.14458923e-02  6.09666742e-02
 -9.93887484e-02  2.18396798e-01  3.92022058e-02 -1.49147257e-01
  6.55840710e-02  1.21440785e-02  3.42510343e-02 -6.25818744e-02
 -2.92124897e-01 -9.51658040e-02  1.41768917e-01  1.67556986e-01
 -3.07719499e-01  1.38496339e-01 -1.20886732e-02  1.08920805e-01
  2.35360488e-01  1.34802192e-01 -5.35611697e-02 -2.47697737e-02
 -3.18970159e-02 -4.71733250e-02  6.39758259e-02  2.11785026e-02
 -1.09775357e-01 -1.32886285e-03 -1.47954384e-02 -3.40655819e-02
  2.75516929e-03 -9.98318866e-02  8.49070624e-02  7.63398632e-02
  1.46690920e-01 -2.24693250e-02  2.65528858e-02 -7.59242326e-02
 -1.48634598e-01 -1.40878484e-01 -1.26918536e-02 -3.91164944e-02
 -1.78938508e-02  9.65974927e-02 -4.49613109e-02 -7.72721171e-02
  3.44878761e-04  3.38303074e-02  8.72784555e-02 -3.37964371e-02
 -4.31311950e-02 -3.43615264e-01 -8.06901678e-02 -8.55221041e-03
  1.77816242e-01  1.57377899e-01  3.03054422e-01  3.04847825e-02
  6.61546737e-02 -1.29363742e-02 -2.57178713e-02  4.22643386e-02
 -7.33049661e-02 -2.93078180e-02  8.81229267e-02  1.42962843e-01
  7.01132566e-02  1.04768090e-01 -2.14007478e-02  7.90653601e-02
  3.81638035e-02  4.24228869e-02 -3.85976098e-02  1.40512083e-02
 -6.35388792e-02  3.04130130e-02  1.38708591e-01  3.84736061e-02
 -1.39419675e-01 -1.88856870e-02 -9.31010321e-02  7.77205378e-02
  1.29993558e-02 -1.11403011e-01  1.26145100e-02  7.97938406e-02
 -7.90987685e-02 -3.82932164e-02  1.53027680e-02 -2.32100412e-02
 -1.10775091e-01 -2.42737588e-02 -1.40973687e-01 -1.20218396e-02
  3.14222164e-02 -2.79548205e-02  1.02208339e-01  3.73371840e-02
  5.07804379e-02 -5.07264286e-02  3.58884372e-02  3.80458869e-02
 -1.12990633e-01  8.28083158e-02  5.40699363e-02 -2.19454188e-02
 -3.03583089e-02 -9.41156670e-02 -7.24005550e-02 -1.88092813e-01
 -6.56695738e-02 -2.28210256e-01  7.38773942e-02  7.67924711e-02
  1.57523140e-01 -8.54681507e-02 -4.06344086e-02 -3.69435884e-02
  9.10753477e-03 -3.88205005e-03  5.38080148e-02 -8.87548625e-02
  8.86562690e-02  3.54232192e-02 -2.73268372e-02 -7.67325163e-02
  7.86965117e-02  1.01456814e-01  6.47783326e-03 -2.35098451e-02
 -1.11517698e-01 -7.84006864e-02 -1.19780868e-01  3.79705802e-02
 -7.40002990e-02 -1.11083366e-01  1.47883952e-01 -1.24947645e-01
 -1.77948494e-02  2.09024251e-02  3.72006507e-05 -2.18869504e-02
  1.68643579e-01  1.27260881e-02  4.39464711e-02 -9.61134508e-02
 -6.97267950e-02  1.16158566e-02 -5.08278832e-02  8.79965648e-02
 -3.42355147e-02 -1.94259156e-02  1.43419709e-02  5.42362966e-02
 -5.74623942e-02 -1.16376076e-02  1.90138012e-01 -9.61190164e-02
 -1.24005787e-01 -4.82296981e-02 -1.12699509e-01  1.69805661e-02
 -1.97455660e-02 -4.40259790e-03  3.39624248e-02 -2.10042149e-02
  1.27715040e-02 -2.66399849e-02  2.85078734e-02  1.46010026e-01
  1.20746411e-01  4.03990485e-02 -8.41861889e-02  2.64917295e-02
  1.43663958e-02 -2.67550051e-02 -2.88321394e-02 -7.69625008e-02
 -4.40683216e-02 -1.70680583e-01 -2.67613232e-02 -1.31909877e-01
  1.87114626e-01  8.48856568e-02  4.97536846e-02 -7.97509402e-03
 -2.68568993e-02  2.56458409e-02 -9.34798867e-02 -7.07023665e-02
  5.19257113e-02 -6.36717752e-02  1.91310719e-02 -4.26731398e-03
 -5.43048643e-02 -8.58540758e-02 -8.71355012e-02  2.53620949e-02
 -4.50896583e-02  1.07674859e-01 -1.38667852e-01  2.38253791e-02
 -6.42910134e-04  6.49667978e-02  9.30177122e-02 -4.81160283e-02
 -5.04538789e-02 -2.01268960e-03 -3.03457249e-02  5.91627881e-03
  2.63619088e-02 -2.16515269e-02 -4.51135449e-02  5.33691309e-02
  6.51904121e-02 -2.72510406e-02  2.50569228e-02 -1.05334841e-01
 -2.12595478e-01  1.33096501e-01 -4.83958796e-02 -1.91874579e-02
 -8.06893334e-02  2.38488577e-02 -1.65445045e-01  4.74704690e-02
  3.51270102e-02  1.43024489e-01 -9.82097015e-02 -1.45035565e-01
  1.31197333e-01 -2.59721786e-01 -4.33867574e-02  2.21224740e-01
 -1.17083237e-01 -1.19650170e-01  6.52106851e-02  2.58430913e-02
 -7.56025985e-02  3.57747644e-01  3.38273533e-02 -2.03668386e-01
  1.03735492e-01  6.02699071e-02  5.25663316e-01 -2.38077313e-01
 -1.38463542e-01 -3.52687657e-01  1.19151570e-01 -2.84431875e-01
 -1.56116575e-01  2.82365624e-02 -3.30960304e-02  5.60851097e-01
  1.05853863e-01  1.14681505e-01  7.35074282e-02 -3.64884362e-02
 -6.29259422e-02 -3.88183184e-02 -6.56856224e-02  5.70821278e-02
 -5.88492267e-02 -1.54200971e-01 -3.02951802e-02  4.40369621e-02
  1.62222221e-01  2.22972594e-03 -1.28207490e-01  6.51706606e-02
 -1.67441816e-04 -1.44419566e-01 -4.42578197e-02  2.25527510e-01
  8.19928870e-02 -9.92920101e-02  8.46427903e-02  1.87729791e-01
  2.17778329e-03 -1.87683955e-01  1.87348992e-01  1.84202462e-01
  1.44990712e-01 -1.64270595e-01  5.25577962e-02  1.78593785e-01
 -6.60153553e-02  2.00866610e-02 -1.25625193e-01  1.24984734e-01
 -1.72193125e-01 -4.20869365e-02 -1.32605255e-01 -6.97688162e-02
 -1.56118453e-01 -1.36018815e-02  7.09806755e-02  2.31115967e-02
  1.69545785e-01  2.67894436e-02  7.83614293e-02  1.96509100e-02
  1.17101744e-01 -1.54412836e-02  6.12131320e-03 -8.38352889e-02
  1.12223014e-01  7.06000626e-02  1.58904329e-01 -1.26395464e-01
  1.46889523e-01  1.12957917e-01  7.40403906e-02 -1.83475956e-01
 -5.76306656e-02  2.57744845e-02  2.50695646e-01  1.43288020e-02
  2.12725282e-01  8.92858505e-02  4.54460718e-02 -2.08159894e-01
  1.24966137e-01 -1.15242690e-01 -1.25908002e-01  5.69489859e-02
  1.56407487e-02 -1.85552929e-02 -6.75802156e-02  6.33176714e-02
 -1.50390252e-01 -9.42677110e-02 -7.59320408e-02  3.11559122e-02
  7.07255453e-02  2.08840854e-02 -1.38438568e-01 -1.88079253e-02
 -1.02968207e-02 -3.40914838e-02  1.37070730e-01 -2.33676303e-02
 -2.35290918e-02 -3.69143789e-03 -2.13872585e-02 -4.68913876e-02]