http://erau.edu/ontology/meme.owl#JemeleHillTrumpCommentsControversyMeme
[-8.50726515e-02 -2.38013074e-01  4.89571318e-02  6.75683022e-02
  1.08632538e-02  2.09031850e-01  1.03869066e-01  5.88865392e-02
  3.02960956e-03 -1.23003684e-01  1.00015357e-01 -8.44874904e-02
  4.38676924e-02  2.72411387e-02  1.38744310e-01  2.98693907e-02
  3.44620571e-02  8.08542073e-02 -3.50896223e-03  1.14076287e-01
 -1.36966333e-01  9.81049016e-02  1.12853914e-01 -2.75018513e-02
  1.17517523e-02 -5.48503250e-02 -3.48716043e-02 -5.45607060e-02
  3.12493026e-01  1.72603667e-01  6.84284121e-02  2.38539636e-01
 -8.57679546e-02 -1.22463524e-01 -7.01769441e-02  1.90265343e-01
 -2.22219862e-02  4.94727418e-02  6.19167695e-03 -1.40047401e-01
  3.02919131e-02  1.44246444e-01 -3.90809774e-02  8.33285749e-02
  1.71466991e-01  4.18127067e-02  4.48426232e-02 -3.69708501e-02
  2.06027124e-02  6.22833185e-02  9.05947294e-03  2.07559280e-02
 -8.88453871e-02 -1.35216981e-01 -4.96764481e-02  4.61811274e-02
  7.32229576e-02  4.48262095e-02  9.97733176e-02  4.70942147e-02
 -4.08258699e-02  2.06870716e-02  3.33027653e-02 -6.42606094e-02
 -5.16154245e-02  3.35481167e-02 -5.39707765e-02  6.50689565e-03
 -7.34304786e-02 -2.11907998e-01 -2.29353443e-01  4.08922546e-02
 -3.58045660e-02  3.92781980e-02  6.04449622e-02 -2.66163796e-02
  7.28269145e-02  9.99285746e-03  1.72073856e-01 -1.56559963e-02
 -1.79515839e-01  2.35505626e-02  2.96381861e-02 -1.64980695e-01
  2.62316898e-03 -4.57340702e-02 -1.50065184e-01  1.32164881e-01
  2.19457209e-01 -8.17463621e-02 -6.52309507e-02 -1.34314880e-01
  1.89038482e-03 -7.80432150e-02 -1.05717033e-01  1.02223650e-01
 -9.91627350e-02 -4.08634059e-02 -1.86851695e-01 -8.02185573e-03
  1.06161565e-01  2.49720346e-02  4.87393200e-01 -8.32292810e-02
  3.27639431e-02 -3.73180620e-02  6.83134273e-02  9.23414081e-02
  5.99868484e-02 -2.46052459e-01  4.29561399e-02 -1.28443399e-02
 -1.62437305e-01 -5.05678393e-02  1.73961639e-01  2.40788192e-01
 -2.55987078e-01 -5.88574260e-02  3.58155780e-02  1.56217009e-01
  2.11865958e-02 -3.32268663e-02 -7.33856410e-02  7.99637660e-02
  4.18626564e-03  1.23657795e-04  4.96073700e-02  2.12274659e-02
 -3.15902121e-02 -2.98952516e-02 -1.86340988e-01 -9.69716236e-02
 -9.21703577e-02  9.06994343e-02 -9.04563516e-02  1.54342309e-01
 -7.08155334e-02 -7.70556927e-02 -3.07826549e-02  1.01984248e-01
 -2.50886172e-01  7.61031136e-02  1.91257000e-01  6.85941661e-03
  1.01687789e-01 -1.28188148e-01 -4.49634250e-03 -1.10418350e-01
 -1.46939084e-01  1.15907274e-01 -1.35352969e-01 -1.71911865e-01
 -4.81496938e-02  1.96130812e-01  1.16786562e-01  1.55406073e-01
 -9.26675349e-02  2.51121104e-01  7.62323961e-02 -1.36853352e-01
 -1.87430251e-02 -1.62195772e-01 -1.48930568e-02 -3.53170857e-02
 -2.20879287e-01 -2.25630373e-01  7.22518265e-02  1.72825754e-01
 -4.82672632e-01  1.90256119e-01 -3.05711627e-02  1.10572360e-01
  1.02749422e-01  6.02232851e-02 -1.56149790e-01  1.38943821e-01
  6.83773309e-02 -1.17733717e-01  1.65518355e-02  6.59547839e-03
 -3.61957960e-02  4.63825911e-02 -7.12055899e-03  1.34600937e-01
 -9.30158570e-02 -3.65104042e-02 -1.11112921e-02  1.15996830e-01
  2.54811376e-01  2.40574144e-02  4.20297263e-03 -1.68835625e-01
 -2.14843392e-01 -1.84387174e-02 -3.52649949e-02 -3.87135111e-02
  4.22941633e-02  1.46112427e-01 -1.56582102e-01 -2.04012290e-01
  5.12173288e-02 -2.51125321e-02  2.49639116e-02 -2.57129949e-02
 -6.01622611e-02 -3.79847407e-01  2.28460617e-02 -7.77938515e-02
  4.47160788e-02  1.13111876e-01  4.41622078e-01  2.39871368e-01
  5.88596687e-02  3.17010358e-02  7.42234662e-02  1.88447267e-01
 -3.83548811e-02  4.29315632e-03  1.70175791e-01  5.38762473e-02
  9.04618651e-02  4.38086614e-02 -4.09624092e-02  6.26992248e-03
  3.85689139e-02  1.92219079e-01 -1.71695352e-02 -1.16032206e-01
 -1.06387004e-01  1.00929156e-01  5.86198568e-02  7.95021653e-02
  2.24525183e-02  5.45035750e-02  1.19138815e-01 -9.28360224e-03
  2.98922826e-02 -5.48847578e-03  1.61305532e-01 -6.34041498e-04
  2.49901675e-02 -1.64980650e-01  3.99168395e-02 -9.97459632e-04
 -1.19106680e-01  2.34671719e-02 -1.55736446e-01  8.74172449e-02
  8.21200758e-02 -1.27321288e-01  4.81038839e-02 -8.39675665e-02
  7.06543624e-02  1.48874581e-01  7.29261860e-02 -1.31207496e-01
 -2.43317947e-01 -9.71828327e-02  1.22575238e-01  6.06891252e-02
 -1.44548640e-01 -1.22449875e-01 -1.13007739e-01 -2.50977665e-01
  1.50793910e-01 -2.56228000e-01 -6.04193062e-02  9.67370644e-02
  2.39287317e-02 -4.65053394e-02 -2.84802914e-02 -3.08774300e-02
 -1.00632176e-01  5.67849772e-03  6.83792084e-02  6.80607790e-03
  3.62594314e-02 -9.92566347e-02 -6.00191914e-02 -1.32648662e-01
  2.94958502e-02  4.41775937e-03  3.46712135e-02 -1.98791362e-02
 -2.14044943e-01 -9.83898863e-02 -6.67059794e-02  5.57183363e-02
 -7.80675327e-04 -2.08597675e-01 -9.45983976e-02  1.56573448e-02
 -2.34647449e-02  1.35941997e-01 -1.91538110e-02 -1.27618918e-02
 -7.86506608e-02  6.45788312e-02 -5.75772636e-02 -3.24388705e-02
 -9.65413079e-02  9.98596027e-02  2.11656373e-02  1.13975167e-01
  1.47709791e-02 -5.71578480e-02  1.85252607e-01  7.25770444e-02
 -4.06290079e-03  5.55787012e-02  7.83085302e-02 -1.39623821e-01
  3.13971713e-02  1.66920628e-02 -1.64395958e-01 -3.86653561e-03
 -1.85212735e-02  2.06197854e-02 -9.06833112e-02  1.23771662e-02
  1.12790121e-02 -1.02345936e-01  4.58274931e-02  2.63359230e-02
  5.01846895e-02  7.39435405e-02 -1.15480028e-01  1.18561764e-03
  1.01983555e-01 -7.32047632e-02 -1.89968776e-02 -9.02954265e-02
  9.12728906e-02 -1.05838530e-01  4.40927744e-02 -1.22979753e-01
  8.50410238e-02  3.13213170e-02 -3.33570614e-02 -4.79354411e-02
  8.39321837e-02  9.99854431e-02 -8.09946582e-02 -8.98513868e-02
 -4.08717021e-02 -1.10663518e-01 -1.94533402e-03  3.32279839e-02
  7.60475127e-03 -3.99832428e-02 -1.31480293e-02  2.47743949e-02
 -4.14633974e-02  1.84988990e-01 -1.55283481e-01  9.01602209e-02
  1.34519026e-01 -3.25061642e-02  1.13169327e-02 -1.84377968e-01
 -9.93947461e-02  4.54317853e-02  1.13953047e-01  6.43782839e-02
  2.35338584e-01 -1.23933032e-01 -5.24309576e-02  6.26135096e-02
  9.58012864e-02  1.16404586e-01 -5.32130413e-02 -7.47716427e-02
 -1.63991615e-01  3.90131176e-02  1.07292183e-01  4.48110662e-02
 -4.01467122e-02 -5.92442118e-02 -2.68318150e-02 -1.50291458e-01
  7.70630389e-02  1.09128520e-01  3.35746780e-02 -1.31989673e-01
  4.73999865e-02 -7.83146769e-02 -1.19263157e-01  3.50260809e-02
 -4.38010000e-04 -1.04817279e-01  1.06759891e-02  4.84487005e-02
 -2.18345560e-02  1.59131169e-01  5.91624565e-02 -4.02851775e-02
 -2.67710108e-02  6.17840625e-02  2.97302276e-01 -3.29834744e-02
 -1.34090737e-01 -6.98866397e-02  1.07018910e-01 -1.29401922e-01
 -9.66223404e-02  7.40901381e-02  8.93259719e-02  2.40670279e-01
  9.52589437e-02  4.53956090e-02  1.09826148e-01 -1.24133460e-01
 -5.67863546e-02  6.19416498e-02 -1.56904534e-01  6.84443787e-02
 -8.24881643e-02 -1.68315750e-02 -6.42857235e-03  1.97525218e-01
  9.89830345e-02  1.77703779e-02 -1.16099983e-01  2.18401458e-02
 -3.93607952e-02 -1.24113873e-01 -7.41233071e-03  1.14576623e-01
  2.06430592e-02 -5.51305003e-02  9.18967053e-02  2.01971963e-01
  1.07925627e-02 -3.23820189e-02 -7.16879591e-02  1.66123480e-01
 -7.07369819e-02 -1.38003260e-01 -1.09282553e-01  1.99590459e-01
  1.81397021e-01 -1.35542275e-02 -6.76815137e-02  1.15841530e-01
 -9.73229259e-02 -2.10094824e-01 -1.76443025e-01 -7.44250566e-02
 -1.48039296e-01 -6.50640279e-02  6.62529618e-02  1.60471588e-01
  3.66224498e-02  3.44273001e-02  5.75762577e-02  1.28430431e-03
  4.37548868e-02  1.51834503e-01 -1.51193500e-01 -2.32080109e-02
  4.67288941e-02 -6.82742521e-02 -4.96827699e-02 -5.92976324e-02
  8.81708264e-02 -2.49502081e-02 -6.21739887e-02 -1.14425719e-01
  6.55910149e-02 -3.72751201e-05  9.59931239e-02  1.29900838e-03
 -9.88817960e-02 -1.97514649e-02  7.12926388e-02 -3.31035187e-03
 -2.00356767e-02 -9.98434275e-02 -1.35184750e-01  6.37724996e-02
 -2.00635344e-01 -2.25600842e-02  2.75918674e-02  2.33155131e-01
 -4.61149141e-02 -6.84299832e-03 -2.84511782e-03  8.93242583e-02
  7.58961514e-02  3.15075479e-02 -6.01629391e-02 -4.24673781e-02
 -2.69943960e-02 -1.11626372e-01  1.44711494e-01 -2.56160181e-02
 -8.40229169e-02 -9.15559456e-02  7.51623586e-02  4.26264256e-02]