http://erau.edu/ontology/meme.owl#BeakoMeme
[-1.98854692e-02 -5.63119389e-02  9.55571085e-02 -1.26087852e-02
 -5.73944561e-02  8.38683993e-02  1.34460688e-01  1.02908529e-01
 -3.61386593e-03 -3.43497843e-02  4.88061719e-02 -3.80951427e-02
 -9.00473371e-02 -4.21970226e-02 -1.22179255e-01  9.77857709e-02
  1.60543516e-01  3.57245281e-02  1.56935900e-02  7.66747631e-03
 -2.18846887e-01 -9.51376464e-03  8.58634040e-02 -5.43630198e-02
  2.18021646e-01 -1.05602495e-01 -1.37216672e-02 -9.96061862e-02
  1.12858661e-01  1.11037210e-01  8.58053565e-02  6.73341155e-02
  1.75506026e-01 -1.17748164e-01 -1.45462258e-02  1.36553556e-01
 -1.27548156e-02  1.56489268e-01 -5.70296496e-02 -7.69401565e-02
  3.78974453e-02  2.55444169e-01 -1.90118834e-01 -8.66082683e-02
  1.74361262e-02  8.94425735e-02 -8.85088183e-03  9.63504019e-04
 -4.91804145e-02  4.74664336e-03  3.63226794e-02  4.88070808e-02
 -3.43284495e-02 -4.97464761e-02 -2.50345409e-01 -5.57668135e-02
  9.01057050e-02 -1.39738858e-01  2.14528158e-01  1.54741317e-01
  8.42514038e-02 -4.77858819e-02  1.58614159e-01  1.08619295e-01
 -1.43677220e-01 -8.08606893e-02  4.53374237e-02 -2.02298425e-02
 -8.91731381e-02 -5.01237959e-02 -6.48888201e-02  1.00494534e-01
  1.94531187e-01  1.00662433e-01  5.20611964e-02  2.01357096e-01
 -1.90645143e-01  5.82983866e-02  5.56617975e-02  3.91780511e-02
 -4.33808602e-02 -1.90319538e-01 -2.18338054e-02 -1.10234685e-01
  1.33637726e-01 -1.77529693e-01 -1.04409968e-03 -7.45601654e-02
  3.85712013e-02 -2.32815649e-02  3.50650623e-02 -2.21428841e-01
  6.04646057e-02 -9.86188874e-02 -1.49321884e-01  9.05943811e-02
  7.52848713e-03  9.69356950e-03  3.17753218e-02 -1.22305527e-01
  1.58494487e-01  1.42391743e-02  2.56097823e-01 -5.36789112e-02
 -2.20817793e-02  5.50014637e-02  8.32877308e-02 -9.72825959e-02
 -3.73866931e-02  2.15577967e-02 -5.45372143e-02  1.71277579e-02
 -3.13944444e-02 -6.93056956e-02 -7.73997828e-02 -2.66127270e-02
 -2.70296842e-01 -2.28374183e-01 -4.70194556e-02  5.04200906e-02
 -9.98591334e-02  5.59510030e-02 -8.19997340e-02  1.78930327e-01
  1.04350857e-01 -2.07307905e-01 -4.54195142e-02  6.55466095e-02
  8.78945664e-02  3.27420086e-02 -2.32144818e-01  6.14206418e-02
 -1.08928680e-02 -2.97093429e-02 -7.17076436e-02  4.95514870e-02
  6.15506247e-02 -6.01872895e-03 -2.25254506e-01 -1.61163602e-02
 -2.08322391e-01  2.17424389e-02 -3.34395352e-03  7.32109994e-02
  2.93105423e-01 -2.76157439e-01  1.45598538e-02 -5.01494408e-02
  3.18394862e-02  1.45744890e-01  8.03441554e-03 -6.86383918e-02
 -1.47347108e-01 -4.27258126e-02 -1.31194917e-02  5.76032326e-02
 -1.87691435e-01  6.11613467e-02  5.12854345e-02 -9.82893109e-02
  4.56700213e-02 -8.14715773e-02  4.26388718e-02 -2.35853549e-02
 -1.27531454e-01 -1.15960024e-01 -4.63103950e-02  1.39622167e-01
 -2.80981570e-01  1.41267434e-01  3.43981162e-02  1.73227683e-01
  2.02613428e-01  1.85460448e-01  1.04670078e-01 -8.47674385e-02
 -9.40721184e-02 -3.83380763e-02  1.23310477e-01 -3.87045927e-02
 -1.40478060e-01  1.62776574e-01  9.34774131e-02  6.41974714e-03
 -1.17053479e-01  2.25904081e-02  1.38163209e-01  2.65350491e-02
  2.29235128e-01 -4.05663215e-02  4.56662849e-02  4.56010811e-02
 -1.51770219e-01 -1.53368907e-02 -2.72955876e-02 -6.61051869e-02
  7.75845200e-02  3.45432572e-02 -4.02291343e-02 -3.54769155e-02
 -7.52743036e-02  4.60963622e-02  3.86674292e-02  2.88087898e-03
 -3.69211398e-02 -2.52735257e-01  2.69495118e-02 -4.27200347e-02
  1.84072733e-01  1.22314095e-01  1.54707313e-01  6.11579753e-02
 -1.22961998e-01 -9.79131237e-02  9.98225510e-02 -5.69954924e-02
 -5.41119426e-02 -5.48320524e-02  2.39598125e-01  1.72499776e-01
  9.50677693e-02  1.69429705e-01 -1.78845063e-01  1.26762390e-01
  2.85670650e-03 -9.38826520e-03 -2.06620246e-01 -9.70549695e-03
  1.33030117e-02 -7.45567754e-02  1.50201887e-01 -3.68231684e-02
 -1.03491805e-01 -2.37699434e-01 -7.28327706e-02 -1.71208438e-02
 -1.40602633e-01 -1.33247897e-02 -2.88245045e-02 -7.82369375e-02
 -1.02997315e-03 -8.17214623e-02  5.22999913e-02  4.00395021e-02
 -2.76804388e-01 -8.77305344e-02 -1.64296418e-01 -5.70213832e-02
 -1.77862778e-01  1.60671636e-01  1.10069446e-01  3.25834528e-02
  7.62313157e-02  9.31432918e-02  2.21035644e-01  3.91845824e-03
 -1.56157255e-01 -7.73813501e-02  6.77134283e-03 -2.01597456e-02
 -1.45128503e-01 -8.52199644e-02  6.57619117e-03 -7.60343298e-02
 -1.69511557e-01 -1.96034387e-01 -6.72284514e-02  6.91480264e-02
  5.88477775e-02 -1.48422599e-01 -1.10621534e-01 -1.35907739e-01
  1.17434831e-02  6.62948191e-02  8.78301412e-02  3.13276462e-02
  7.73085803e-02 -1.19713902e-01  1.02346279e-02  1.01783454e-01
  1.75044134e-01  1.40785500e-01 -4.23423527e-03 -1.80438131e-01
 -2.31638134e-01  8.69542286e-02 -4.34747897e-02 -5.27057648e-02
 -2.00075693e-02  2.54365746e-02  1.28792331e-01 -1.91490501e-01
  7.00977398e-03 -1.70667171e-01 -1.64465308e-02  3.03568002e-02
  8.69578272e-02 -5.36339283e-02 -1.22619547e-01 -8.42613801e-02
 -2.76015908e-01  8.90900716e-02 -3.14938389e-02 -6.27871742e-03
  6.00015894e-02 -7.54006281e-02  7.61780217e-02 -7.76823238e-02
 -1.43347681e-01  1.62605986e-01  3.27699184e-01 -1.65367827e-01
  1.44095197e-02  1.09182946e-01 -3.53888161e-02  3.84035781e-02
 -9.99172106e-02  9.10351402e-04  1.48834988e-01 -4.99106757e-02
  3.40211652e-02 -7.13254362e-02  1.38741210e-01  8.42138454e-02
 -6.06621616e-02  1.20078549e-01 -2.38628127e-02  6.52247444e-02
  9.36782435e-02  5.25737647e-03  1.40293747e-01  5.13278767e-02
 -6.21037371e-02 -8.14570710e-02 -7.98795447e-02 -2.10687786e-01
  7.29354843e-02  1.02664717e-01 -5.77283166e-02  1.24221019e-01
  7.81458765e-02  8.85911062e-02 -8.37348495e-03  2.34963745e-02
 -5.10705858e-02 -9.09508858e-03 -1.52288958e-01  7.43230358e-02
  1.79607868e-02 -1.33873343e-01 -7.55259581e-03 -9.20856819e-02
 -7.80125707e-02  1.26296163e-01 -2.06808299e-01  7.56022334e-03
 -4.25296724e-02 -1.03186816e-01  2.78222233e-01 -1.28924459e-01
 -4.61705476e-02 -1.68876518e-02  3.15493811e-03 -1.04676940e-01
 -1.42780691e-01 -1.40396808e-03 -1.70097783e-01  6.50557801e-02
 -1.05777808e-01 -2.28612665e-02  3.76446061e-02  3.24180685e-02
 -2.61733830e-01  1.04748107e-01  8.14954340e-02 -1.27399981e-01
 -1.88584015e-01  1.00858517e-01 -7.39937276e-02 -2.06605601e-03
  1.58896297e-02  1.42133430e-01 -1.07658841e-01 -1.18667029e-01
 -3.47364508e-02 -2.31083892e-02 -1.33564174e-01  1.33620679e-01
  3.76836322e-02 -3.33501697e-02 -3.52037288e-02  1.68260522e-02
  1.22393994e-02  1.40034229e-01 -1.15873046e-01 -1.99972987e-01
 -1.99316372e-03  6.59760684e-02  8.59772414e-02  6.37811199e-02
  6.65421933e-02 -1.31557792e-01  7.86834024e-03 -1.01360627e-01
 -5.47612756e-02  6.87455609e-02 -9.28208381e-02 -4.07648198e-02
  1.52009442e-01  6.29866449e-03 -1.84168573e-03 -1.85330108e-01
 -1.74393162e-01 -1.05658248e-01  7.54617760e-03  8.74674937e-04
 -6.90342635e-02 -5.34063987e-02  2.22857837e-02  5.63516002e-03
  9.79349241e-02  1.23419845e-02 -1.49034366e-01  2.75544822e-02
 -1.29266800e-02 -1.02431670e-01  1.31323906e-02  7.61696547e-02
  8.99369493e-02  1.71299055e-02  1.02888003e-01  1.39767036e-01
  5.78054972e-02 -1.71763420e-01  3.03073525e-01  1.20064117e-01
  8.96545053e-02 -2.64804185e-05  8.44487026e-02  8.02505389e-02
  1.25610396e-01  1.15256764e-01 -7.67490044e-02  3.57926816e-01
 -2.00639978e-01  9.60928798e-02 -1.67314112e-01 -1.90746382e-01
  1.34156710e-02  8.72149318e-02 -2.87789982e-02  1.39525712e-01
  1.57837644e-01 -3.19293663e-02  3.38620216e-01  2.30389629e-02
  1.51502207e-01 -9.55785662e-02  9.52173993e-02  6.05388917e-02
  5.47237247e-02  1.66776046e-01  1.27301544e-01 -1.64206065e-02
 -1.39793888e-01  1.27144054e-01 -3.62644605e-02 -6.24124184e-02
  5.55831054e-03  1.38751239e-01  1.68102354e-01  3.00751464e-03
  2.88597643e-01  1.08678736e-01 -1.06406771e-02 -1.00109346e-01
  9.25979540e-02 -1.33504957e-01 -6.58585727e-02  1.48374781e-01
  4.29672375e-02 -3.49254757e-02 -1.10030487e-01  2.13953614e-01
 -1.19162604e-01 -2.65210450e-01 -4.60208133e-02 -1.06385671e-01
  8.69340450e-02  1.01828136e-01 -1.26066700e-01  1.81871429e-02
  8.00953805e-02  4.37245555e-02  5.19671738e-02  1.30351841e-01
  6.27583265e-02  5.81680574e-02  7.24756420e-02  5.91535121e-02]