http://erau.edu/ontology/meme.owl#DrakesCourtsideReactionMeme
[-1.31108537e-01 -7.33796880e-02  1.57503635e-01  4.19637002e-02
 -3.61288674e-02  1.02268972e-01  8.39009061e-02 -2.65727099e-02
  2.20744945e-02 -1.59883618e-01  1.88916288e-02  5.22575527e-02
  2.13892926e-02 -9.70720872e-02  9.18428972e-02  1.40065197e-02
  1.57103673e-01  1.25857973e-02 -2.15293951e-02 -3.69195715e-02
 -1.14718840e-01  1.35544702e-01  4.52583767e-02  3.87137607e-02
  1.49572238e-01 -4.62530591e-02 -1.65656749e-02  8.32490064e-03
  2.94493228e-01  2.30395392e-01  1.45755544e-01  1.09966092e-01
  6.44152798e-03 -9.42355469e-02 -1.43187910e-01  1.82864100e-01
 -9.41438079e-02  3.28470729e-02 -5.07998727e-02 -5.88828214e-02
  7.14113191e-02  2.38487303e-01 -1.63975984e-01  1.29716247e-01
  1.28236622e-01 -6.19655475e-02 -1.06918626e-02 -1.41716093e-01
 -7.91752115e-02  6.97317272e-02  1.96843352e-02 -5.82751110e-02
 -6.91172183e-02 -4.23323140e-02 -1.74624920e-01  4.56203148e-02
  1.90713152e-01 -1.22901656e-01  2.30608329e-01  6.33866265e-02
  1.99689977e-02  1.38126552e-01  1.68658257e-01  1.08715080e-01
 -3.94585058e-02 -5.39250262e-02  3.40979546e-02 -9.60843340e-02
 -7.13423789e-02  9.59003903e-03 -1.46483362e-01  1.69961393e-01
  1.24521675e-02 -1.31192440e-02  1.00503094e-01  1.84806734e-02
 -3.59021164e-02  5.34948111e-02  1.64251968e-01  3.23727168e-02
 -9.43623260e-02  4.30606641e-02  2.05134135e-02 -2.16787487e-01
  1.11855760e-01  3.41107906e-03 -1.46853477e-01  9.89077240e-02
  1.58932850e-01 -1.38319423e-02 -7.91847631e-02 -1.58398300e-01
  1.47210825e-02 -2.19074041e-01 -2.10495722e-02  7.29477555e-02
 -2.91847158e-02 -3.43364328e-02 -1.08770534e-01 -5.10105044e-02
  2.45477661e-01  1.11369804e-01  5.41517913e-01 -3.77250067e-03
 -9.95917171e-02 -3.88082042e-02  1.16728134e-01  7.24418610e-02
 -5.05183116e-02 -1.94977015e-01 -4.67367191e-03 -9.99682862e-03
 -2.11009867e-02 -7.12524951e-02 -1.96852256e-02  1.01074323e-01
 -2.56225497e-01 -5.32558039e-02 -8.71433541e-02 -2.10404508e-02
 -5.72355911e-02 -1.54437184e-01 -9.76498127e-02  1.66539848e-01
  1.24432325e-01 -3.59101221e-02 -9.74749103e-02  1.14020973e-01
  1.42671809e-01  6.41815662e-02 -3.15262675e-01  6.04188554e-02
 -1.71581089e-01 -1.02773696e-01 -7.52877593e-02  1.86602443e-01
 -5.03834300e-02 -3.81856896e-02 -1.58572078e-01  9.14011151e-03
 -2.11658329e-01  1.59790397e-01  1.94726229e-01 -5.12340255e-02
  3.00810993e-01 -3.04602206e-01  2.89361812e-02 -4.93792109e-02
 -1.79032490e-01  7.18696564e-02 -8.20412636e-02 -1.47767320e-01
 -1.20608233e-01  1.50688618e-01 -9.47709195e-03  1.48799077e-01
 -1.08387738e-01  2.24391729e-01  4.28748392e-02 -1.02111660e-01
  6.72556162e-02 -1.65511414e-01  4.81375270e-02 -4.66665328e-02
 -2.61019289e-01 -1.34832084e-01  1.68923791e-02  1.84319511e-01
 -3.43046129e-01  2.38104075e-01 -1.11086987e-01  9.93971378e-02
  2.24543303e-01  1.27625391e-01 -6.81901649e-02  7.74279237e-02
 -4.28296961e-02 -9.73012857e-03  7.94987902e-02 -7.76497275e-02
 -3.31078544e-02  6.75141513e-02  6.69580698e-02  1.88951969e-01
 -2.30492443e-01 -1.15802899e-01  2.88052976e-01  1.33228913e-01
  1.91116065e-01 -2.50230660e-03 -5.67807741e-02 -4.70717177e-02
  1.05759054e-02  4.03795280e-02  2.95591820e-02 -1.73226923e-01
 -8.24393034e-02 -3.91372740e-02 -1.59598291e-02 -9.96041670e-02
 -5.72602712e-02 -9.54517350e-02 -1.54789314e-01  1.00353964e-01
  7.30997622e-02 -2.45272741e-01  5.53175025e-02 -7.27415159e-02
  4.03756946e-02  6.27166033e-02  1.54467255e-01 -2.17013750e-02
  5.07644415e-02  3.69822048e-02 -1.65061923e-04  7.06564263e-02
  8.07660744e-02 -8.19958597e-02  9.38244909e-02  1.12899877e-01
 -5.19559942e-02  1.03860237e-01 -4.62115519e-02  5.49560599e-02
  4.52363268e-02  1.14800312e-01 -5.72000369e-02 -7.60328621e-02
 -1.20075732e-01 -9.72846225e-02 -2.74073109e-02 -1.55299692e-03
 -9.98692214e-03 -2.35504121e-01 -4.94845696e-02  3.28036882e-02
 -8.95924270e-02 -7.57387206e-02 -1.80952027e-02 -1.08198218e-01
  3.65085043e-02 -1.13114432e-01  6.46788403e-02  3.63377249e-03
 -2.83348292e-01 -2.05105767e-02 -1.36654958e-01  4.90838401e-02
 -1.09036446e-01 -3.01359203e-02  7.48727843e-02 -6.40548542e-02
  8.58162940e-02  1.17305838e-01  2.51202852e-01  5.42378575e-02
 -2.65098035e-01 -9.21880361e-03  5.48589639e-02  5.07626589e-03
 -2.33547643e-01 -9.55903903e-02 -1.43215105e-01 -2.82578498e-01
 -8.12212899e-02 -1.84083104e-01 -1.73398778e-02  1.99121431e-01
 -7.28240535e-02 -1.07627653e-01 -2.92964950e-02 -6.76673204e-02
 -1.17497712e-01 -5.48372753e-02 -9.26176533e-02 -1.39326695e-02
  1.27136275e-01 -5.42946272e-02  5.32080531e-02 -4.56494577e-02
  1.45435825e-01  1.12733416e-01  1.87543817e-02 -7.41923898e-02
 -1.65807530e-01  9.37183667e-03 -6.19239882e-02  1.13390777e-02
 -6.31405488e-02 -1.61169618e-01  5.84673174e-02 -4.76926565e-03
 -2.21394394e-02  1.04254603e-01  1.12684155e-02 -3.82191204e-02
 -2.48261932e-02  5.59295341e-02 -1.62798166e-01  6.14406355e-02
 -1.18048504e-01  1.14914328e-01  3.35197374e-02  7.93013498e-02
  4.41224873e-02  7.33704492e-03  1.32149130e-01  4.60200794e-02
 -5.65110296e-02  4.64055985e-02  2.85673648e-01 -1.36591449e-01
  3.37505923e-03 -7.24345222e-02 -1.17246240e-01 -1.40073076e-01
 -1.41057894e-01  1.04913898e-01 -1.03366219e-01 -6.03615865e-02
  6.56844005e-02  1.05448067e-02  1.26883388e-01  9.32851657e-02
 -6.76660100e-04  8.20968747e-02  7.69078508e-02 -1.79791562e-02
  2.37978905e-01  7.59406537e-02  4.86255474e-02 -1.30194828e-01
  2.96616368e-03 -1.42637163e-01 -1.06407534e-02 -2.56993890e-01
  6.23031370e-02  4.82919775e-02  2.07153577e-02  1.71460450e-01
  2.89583467e-02  2.13959143e-01 -8.09426606e-02 -3.45462747e-02
 -9.93096307e-02  3.69027369e-02 -2.69314479e-02  1.11358702e-01
  2.65540127e-02 -9.52213034e-02 -1.21258001e-03 -3.54419388e-02
 -1.22446932e-01  1.17985532e-01 -7.99669251e-02  9.73758101e-02
  2.05665663e-01  1.28290758e-01  1.59969613e-01 -1.25575528e-01
  2.64171194e-02  5.07931896e-02  1.97030738e-01 -1.00402884e-01
  1.35065928e-01  7.65142636e-03 -6.84785023e-02  1.10926159e-01
  1.15380101e-02  1.89965907e-02 -6.38324395e-02 -1.46936670e-01
 -3.04971546e-01 -5.42765297e-03  8.92217159e-02 -1.90709308e-02
 -7.00170323e-02  7.76537806e-02 -3.45624238e-02 -4.02690768e-02
  9.11813974e-02  1.54567644e-01  1.89050846e-02 -1.28657877e-01
  5.95134608e-02 -1.56245574e-01 -1.17760874e-01  9.91774797e-02
  1.69540972e-01 -1.25723824e-01  2.22753342e-02  3.54162082e-02
  5.97462021e-02  1.97190925e-01  9.67958104e-03 -3.04835558e-01
  3.08929626e-02  9.11845942e-04  4.05969262e-01  2.91703944e-03
 -1.93993300e-02 -9.78448465e-02  2.41119191e-02 -2.22393841e-01
 -3.05991679e-01  3.89942862e-02 -2.74984557e-02  2.85982549e-01
  9.50270891e-02 -8.67650434e-02  3.34567251e-03 -2.24896759e-01
 -1.07020020e-01 -1.91176217e-02 -1.81763977e-01  1.16219737e-01
 -2.71423101e-01  1.08002229e-02 -2.14807503e-02  1.45572752e-01
  1.87843129e-01 -5.35664856e-02 -3.10973376e-01  8.23794771e-03
  7.75701329e-02 -6.64215237e-02  4.11414839e-02  1.99924801e-02
  2.53029317e-01  9.56169814e-02  9.53175575e-02  2.91516215e-01
  1.05211318e-01 -1.44197196e-01  2.30496839e-01  1.62923023e-01
  1.31182373e-01 -2.12295074e-03 -6.89616874e-02  9.10054892e-02
  2.30408281e-01  5.33364043e-02 -1.04806066e-01  3.79834801e-01
 -3.84086430e-01 -1.19821489e-01 -3.30495536e-01 -1.29802644e-01
 -8.28846842e-02  9.45897400e-02  2.74688695e-02  3.02292436e-01
  1.09699972e-01  6.55856915e-04  1.86368063e-01  1.17207505e-01
  1.60470396e-01  1.68469385e-03 -2.13503391e-02  7.82382488e-03
  1.94854781e-01  4.34577391e-02  7.62838945e-02 -5.71603626e-02
 -1.18161552e-01  7.02877566e-02 -1.43846020e-01 -1.40315950e-01
 -8.55967635e-04  7.76641667e-02  1.12906948e-01  1.04336463e-01
  3.89272869e-02  8.08222666e-02  6.69203922e-02 -1.11254320e-01
  4.14849521e-04 -1.35580465e-01 -9.81325507e-02  1.95680246e-01
 -1.93055093e-01 -5.88536896e-02 -6.06812835e-02  3.16627622e-01
 -1.54147401e-01 -1.91356033e-01 -6.27331436e-02  6.89255521e-02
  2.52948571e-02 -2.60871891e-02 -1.29539341e-01  7.54530281e-02
  4.78083976e-02  3.14647257e-02  9.07429904e-02  1.74948886e-01
 -5.02139255e-02 -3.62345241e-02  1.76456034e-01  6.24521635e-02]