http://erau.edu/ontology/meme.owl#TrumpYellingatLawnmowingBoyMeme
[-8.69828239e-02 -2.55433828e-01  7.22188363e-03  4.05639820e-02
 -3.32086273e-02  1.64200097e-01  4.45917509e-02  5.26276454e-02
  1.24065921e-01 -4.80730645e-02  1.86755940e-01 -1.41384229e-01
 -1.01266941e-02 -3.19106481e-03  1.18022591e-01  7.30432868e-02
  4.97479364e-02  9.87241194e-02  2.65898779e-02  1.68487057e-01
 -1.46411015e-02  8.31425041e-02  1.59660310e-01 -5.73451817e-02
  1.06841989e-01  5.79553321e-02  2.07453202e-02 -6.22412227e-02
  1.96325406e-01  1.70194030e-01  4.69968989e-02  1.40447035e-01
 -1.07438616e-01 -6.16404824e-02 -7.68508241e-02  2.13071808e-01
 -5.84460311e-02  2.12307945e-02 -7.10368231e-02 -1.73318505e-01
  8.59759375e-02  7.07081929e-02 -1.18815765e-01  1.76994652e-02
  1.06945001e-01  9.36897248e-02 -1.54301822e-02 -1.00052640e-01
 -5.32304496e-02  1.57528035e-02  7.39485957e-03 -3.70540060e-02
 -1.16105460e-01 -1.71014026e-01 -3.32968868e-02  1.18565805e-01
  1.43980710e-02  4.44723889e-02  7.28565156e-02  2.26083789e-02
  3.14311800e-03  4.69360948e-02  8.48642886e-02  5.08593395e-02
 -7.33357072e-02 -1.28344661e-02 -5.56896850e-02  4.51828428e-02
 -7.87870735e-02 -2.34925970e-01 -2.82463670e-01  6.65853396e-02
 -4.44902927e-02  8.19723010e-02  3.55802625e-02  4.66136187e-02
 -1.87893938e-02  1.89126190e-02  1.43269420e-01 -1.05387988e-02
 -1.60424098e-01  3.21483985e-02 -6.10255823e-02 -1.87076420e-01
  1.58137195e-02 -4.24503200e-02 -1.58185378e-01  9.57854167e-02
  2.09330931e-01 -5.68162762e-02  3.20421834e-03 -2.08178341e-01
  1.10342406e-01 -6.51891083e-02 -1.00477919e-01  1.19084612e-01
 -2.19597165e-02  3.24920602e-02 -1.53280124e-01  5.83314821e-02
  1.34718716e-01  6.13467256e-03  5.05417764e-01 -1.03831254e-01
  5.75127602e-02 -5.19342273e-02  2.19332259e-02  1.28315315e-01
  7.95907453e-02 -2.57052749e-01  9.41663329e-03  5.47107235e-02
 -9.59176868e-02 -1.13189399e-01  1.24080434e-01  1.55297309e-01
 -3.15557778e-01 -2.02344973e-02  2.21804976e-02  8.36413130e-02
 -1.30241707e-01 -5.86838238e-02  7.65171880e-03  1.09470502e-01
  9.65988263e-02  2.54020700e-03 -1.27906604e-02  2.70146802e-02
 -8.69311690e-02  1.59821156e-02 -2.62348205e-01 -9.42677185e-02
 -2.23463252e-02  5.14191203e-02 -1.54032707e-01  1.63443595e-01
 -5.27717955e-02 -1.50354654e-01 -7.02197701e-02  4.40403707e-02
 -2.58292377e-01  1.13993391e-01  1.03211395e-01 -4.83796932e-02
  1.34404719e-01 -2.18059316e-01 -2.72209328e-02 -2.01656342e-01
 -6.24545552e-02  1.15478717e-01 -5.53380474e-02 -1.70085743e-01
  5.69531955e-02  2.19262168e-01  5.65626882e-02  1.28858224e-01
 -1.32902101e-01  2.87881076e-01 -9.41377226e-03 -1.42096967e-01
  3.08468398e-02 -2.18336403e-01 -3.31793055e-02  2.72713508e-02
 -1.88464135e-01 -2.67579943e-01 -1.14526395e-02  1.40881196e-01
 -4.76187348e-01  9.86029729e-02  2.63563897e-02  1.62286371e-01
  3.44964825e-02  1.11582994e-01 -1.56244949e-01  8.16722438e-02
  4.35383208e-02 -1.53521821e-01  1.07574597e-01 -4.78285551e-02
 -4.74266112e-02  8.66861790e-02  4.33515310e-02  1.21202335e-01
 -2.23730505e-02 -4.40178365e-02  4.26137000e-02  1.23970442e-01
  1.55043915e-01 -6.65841401e-02  1.02869555e-01 -1.38834253e-01
 -2.63280362e-01 -5.49023412e-02 -6.48283288e-02 -5.97838946e-02
  2.52899043e-02  2.08242759e-01 -1.08757734e-01 -1.73433527e-01
  4.18611765e-02 -7.86891580e-02  2.15643924e-02 -1.48886681e-01
 -5.75926304e-02 -4.07482177e-01 -4.34782989e-02 -1.16214734e-02
  3.84542868e-02  1.58948138e-01  3.93657476e-01  1.94304258e-01
  3.45241278e-02 -4.61613834e-02  9.53129381e-02  1.09707624e-01
 -2.12652192e-01 -2.38462519e-02  2.01670900e-01 -2.65133596e-04
  5.39843505e-03  5.08258380e-02 -1.11548580e-01  1.33465882e-02
 -7.85440132e-02  9.99904424e-02 -6.83255494e-02 -1.27433002e-01
 -1.76551461e-01  1.02162264e-01  1.88182779e-02  1.36700571e-01
 -7.36272559e-02 -1.98323037e-02  2.21463665e-02 -8.28781798e-02
  8.28407519e-03 -1.28941700e-01  2.06612557e-01 -9.53534767e-02
 -6.00574836e-02 -1.25263587e-01  2.41841860e-02  6.38657296e-03
 -2.72669911e-01 -1.12792902e-01 -1.94353238e-01  9.36076194e-02
 -4.90569696e-02 -9.51083377e-02  2.88794079e-04 -5.88240586e-02
  1.39022574e-01  1.56460807e-01  1.90799624e-01 -1.71717688e-01
 -2.08639905e-01 -7.52179176e-02  5.72354272e-02  1.09993085e-01
 -1.88439205e-01 -7.21875280e-02 -1.42500922e-01 -2.13099241e-01
  1.13643140e-01 -3.12035918e-01 -8.22465271e-02  6.67888820e-02
  9.89013836e-02 -1.42887738e-02 -5.47450082e-03 -6.95544779e-02
 -2.04041064e-01  6.03034422e-02  5.72680905e-02 -4.17768545e-02
  1.40286207e-01 -4.36399579e-02 -1.08322904e-01 -4.93966714e-02
  1.65512357e-02 -2.97788102e-02 -8.51888657e-02 -7.07619861e-02
 -2.27063328e-01 -2.53711268e-02 -5.58335930e-02  2.63224216e-03
 -5.91406375e-02 -1.65274411e-01 -7.03902096e-02  4.94035194e-03
 -2.43338477e-02  9.32188407e-02  5.24862073e-02  1.61040816e-02
  1.09900594e-01  1.16805993e-01 -1.61747932e-01 -8.87789801e-02
 -1.32741690e-01  1.20715342e-01  8.27970579e-02  1.60344124e-01
  7.84084052e-02 -1.95465758e-01  1.96357459e-01 -2.30321772e-02
 -2.94896644e-02  3.55405919e-02  1.57941937e-01 -2.09075615e-01
 -3.48612107e-02  1.12469913e-02 -1.44835353e-01  1.46681890e-02
  2.86813881e-02  5.05675301e-02 -1.28511250e-01  2.56806631e-02
  4.34866324e-02 -1.98195502e-01  1.70854747e-01  6.87328279e-02
  1.10769808e-01  2.62086676e-03 -9.70355943e-02 -1.15216404e-01
  1.70619249e-01  2.46225614e-02  1.68550313e-02  1.23897532e-03
  1.92174409e-02 -9.99463424e-02  1.27984509e-02 -1.82823405e-01
  1.92182496e-01  5.56483306e-02 -7.39700869e-02 -1.80223342e-02
  1.08588384e-02  1.04503334e-01 -5.22158593e-02 -5.77454008e-02
 -7.55855367e-02 -9.05397534e-02 -5.58107197e-02  7.52182677e-02
  7.68192403e-04 -8.30082446e-02 -2.92287655e-02  1.06968269e-01
 -3.78680639e-02  2.20275775e-01 -1.49609298e-01  2.21408352e-01
  5.94328605e-02 -5.38634211e-02  1.62892073e-01 -1.69828385e-01
 -1.26425400e-01  1.28484920e-01  6.90852404e-02  4.27794084e-02
  1.35925457e-01 -3.66447642e-02 -8.13644528e-02  8.35518762e-02
  3.32358591e-02  9.77458134e-02  7.95947388e-02 -6.60293028e-02
 -2.06319660e-01  7.73666427e-02  1.14649318e-01  2.64588855e-02
 -1.07400753e-01  2.58356147e-02 -8.38477015e-02 -1.45523697e-01
  1.36206552e-01  1.19168140e-01  1.19400304e-02 -9.28562731e-02
  1.25058115e-01 -8.69366154e-02 -1.11082815e-01  2.47669742e-02
 -1.02326952e-01 -1.38531864e-01 -9.23099667e-02 -6.35062382e-02
 -1.43243773e-02  1.41886339e-01 -7.66022177e-03  2.18034443e-02
  4.92123961e-02  2.44155750e-02  7.81352371e-02 -4.10304725e-04
 -1.12112433e-01 -6.51325211e-02  1.11559145e-01 -2.13427484e-01
 -3.46310660e-02  2.65734531e-02  5.58204800e-02  2.54301608e-01
  1.74117431e-01  4.93892767e-02  9.63112712e-02 -1.29553631e-01
 -1.22219980e-01  1.00294203e-02 -2.02037692e-01  6.83424389e-03
 -1.52102679e-01 -1.39478371e-01  1.17771346e-02  2.06100374e-01
  1.36394471e-01 -5.77730797e-02 -1.45844147e-01  6.52549118e-02
 -1.07002794e-03 -1.49963349e-01 -2.70805229e-02  9.21801180e-02
  4.27424610e-02 -3.20562199e-02  7.67808035e-02  2.57415920e-01
  1.06379436e-02 -1.54787064e-01 -9.66377277e-03  2.22958520e-01
 -2.16132645e-02 -9.52776894e-02  1.27541628e-02  2.08256513e-01
  8.01962018e-02 -3.05930488e-02 -1.10474207e-01  2.30896398e-01
 -2.93300837e-01 -2.70307362e-01 -2.15393931e-01 -1.34748027e-01
 -1.28133163e-01  2.71395296e-02  1.00387387e-01  2.16333717e-01
  1.00031689e-01  5.11260878e-05  1.73357546e-01 -7.87996594e-03
  1.19784862e-01  2.38520280e-01 -4.59995344e-02 -7.31907114e-02
  1.42112225e-01 -9.12782401e-02  1.28432855e-01 -1.49546191e-01
 -1.26766236e-02  3.55335400e-02 -7.23761916e-02 -5.65985404e-02
 -1.88471447e-03  7.94753879e-02  2.47436047e-01 -3.26980352e-02
 -9.77388863e-03  7.53556266e-02  2.88727991e-02 -6.77022114e-02
  1.86438799e-01 -1.47813082e-01 -9.71869826e-02  1.87039226e-01
 -1.01390548e-01 -5.46968319e-02 -1.09322190e-01  2.80864269e-01
 -1.30221352e-01 -1.55397564e-01  3.17623951e-02  1.74466185e-02
  2.65861452e-02  4.86394837e-02 -1.34088278e-01 -6.18659407e-02
 -2.02790461e-02 -5.17957769e-02  1.09039687e-01 -1.34702940e-02
 -1.24240495e-01 -1.51034161e-01  7.56220147e-02  9.36128497e-02]