http://erau.edu/ontology/meme.owl#LegendofXSkywardYMeme
[-9.44807306e-02 -9.32041183e-02  1.06004916e-01  4.20032209e-03
  5.98786399e-03  7.74091631e-02  1.76739529e-01  4.28088233e-02
  8.84956568e-02 -9.24724117e-02  1.08124085e-01 -5.19524738e-02
 -8.22380036e-02 -8.34254399e-02 -1.44363523e-01  1.22697845e-01
  1.45865828e-01  1.97835684e-01 -2.02726703e-02  1.77049994e-01
 -1.44079685e-01  9.99929756e-02  1.18155912e-01 -1.07828565e-01
  1.31851226e-01 -1.10020759e-02  1.09206975e-01 -9.17230770e-02
  2.72312820e-01  2.37099119e-02  7.94730410e-02  1.52759120e-01
  5.49925976e-02 -6.10312894e-02 -6.67306706e-02  2.76194543e-01
 -7.78337419e-02  2.90525202e-02 -7.50341341e-02 -1.83576033e-01
 -7.21788257e-02  1.76031604e-01 -2.43586823e-01 -1.16900206e-01
 -1.95423029e-02  4.93603982e-02  5.89937158e-02 -3.10592558e-02
 -6.78588897e-02  9.73189548e-02  1.03218697e-01 -1.02853343e-01
 -1.52615875e-01 -1.18477091e-01 -8.07143822e-02 -8.05166960e-02
  1.61114261e-01 -1.58479437e-01  1.39504597e-01  5.59898093e-02
 -1.18326088e-02 -4.21619378e-02  1.22848779e-01  8.22528750e-02
 -2.32368678e-01 -2.01449409e-01  6.36329427e-02 -1.49490982e-01
 -9.95114297e-02 -1.26074284e-01 -1.66104317e-01  1.38865426e-01
  2.12328985e-01  2.40912855e-01  3.81699344e-03  2.12041855e-01
 -9.64750350e-02  3.96947302e-02  1.89338908e-01  1.55962721e-01
 -8.63215886e-03 -2.32742563e-01 -1.85455516e-01 -2.41355121e-01
  1.01129174e-01 -1.73258394e-01 -1.02714583e-01  7.96096027e-02
  8.06788430e-02 -1.38061643e-01 -1.10455854e-02 -4.22740310e-01
  9.81920958e-02 -6.02885559e-02 -6.57691360e-02  9.69397798e-02
  2.56611798e-02 -9.01577473e-02 -8.60606693e-03 -4.90711741e-02
  1.30606025e-01  1.57392104e-04  3.07201743e-01 -2.03939214e-01
  1.11272477e-01  3.78870256e-02  2.65673548e-01 -7.55471587e-02
  6.41996413e-02  4.60485928e-02  2.26382632e-02  1.37564272e-01
 -2.00307921e-01 -1.81892902e-01  1.26682103e-01  2.89230850e-02
 -3.19672048e-01 -1.84258237e-01  4.77422960e-02  7.50065222e-02
 -8.59801546e-02 -6.42267317e-02 -7.27052093e-02 -1.70537867e-02
  1.00838035e-01 -1.28898382e-01  6.42371029e-02 -4.45781127e-02
  1.37087911e-01 -2.03137603e-02 -2.91908413e-01 -1.30072832e-01
 -6.57568797e-02 -1.64550357e-02 -6.93286285e-02  2.47588500e-01
 -9.54445899e-02 -6.73927590e-02 -1.67260721e-01  2.72342749e-02
 -4.23724949e-01  2.56925672e-02  2.31660604e-01  1.35732576e-01
  2.54850388e-01 -1.77442193e-01  1.11521341e-01 -1.96073040e-01
 -1.57143369e-01  1.91559225e-01  4.65200059e-02 -6.81781843e-02
 -1.28281116e-01 -1.36691511e-01 -7.10184425e-02  3.28819044e-02
 -2.39246175e-01  1.41417295e-01  3.28421146e-02 -2.11125568e-01
  1.50244594e-01 -1.62614062e-01 -4.66680862e-02 -8.81310627e-02
 -2.40247712e-01 -1.11449175e-01 -5.31146768e-03  2.48513639e-01
 -3.05753112e-01  1.48846522e-01 -4.37109619e-02  2.14136377e-01
  2.72105128e-01  1.91160202e-01 -2.39835065e-02 -1.12979300e-01
 -1.09220408e-01 -1.95129793e-02  2.88606018e-01  1.70327350e-02
 -6.85647726e-02  1.79406554e-01  9.63632986e-02  4.42114472e-02
 -1.78727597e-01 -5.47997281e-02  7.66705722e-02  1.26905948e-01
  1.84834987e-01 -2.99473759e-02  5.71214892e-02 -2.59144418e-02
 -2.07580537e-01 -1.37149826e-01 -8.44164416e-02  9.79477391e-02
 -4.95174751e-02  2.76964009e-01 -2.09421083e-01 -1.31390505e-02
  4.85236235e-02  7.60649890e-02  2.34072044e-01 -2.64672637e-02
 -9.28619951e-02 -2.81941444e-01 -3.25953811e-02 -5.04981130e-02
  6.03021197e-02  2.02050865e-01  3.17339838e-01  7.75198340e-02
  4.91517149e-02 -4.50866893e-02  6.09732941e-02 -1.40314111e-02
 -1.50073960e-01 -1.80424720e-01  1.78646177e-01  6.29963130e-02
  2.89265364e-01  2.08591238e-01 -9.81505774e-03  1.16853543e-01
 -6.45187683e-03 -5.21383919e-02 -1.36180326e-01 -7.34711289e-02
  1.07992534e-02 -2.72855293e-02  1.11100942e-01  3.67041305e-02
 -6.30477071e-03 -1.23866215e-01  1.10491455e-01  1.57292634e-01
 -8.51607919e-02  4.44584377e-02  5.56416623e-02  9.17590708e-02
  8.61584116e-03  2.63829697e-02  1.33460805e-01 -2.77510397e-02
 -2.03863055e-01 -6.56792149e-02 -2.53984004e-01 -2.06853654e-02
 -1.77372351e-01  1.66375577e-01  4.02045064e-02  3.17168720e-02
  1.53793216e-01 -3.54787409e-02  2.32694402e-01 -2.93856915e-02
 -7.01270476e-02 -6.51643425e-02 -7.50676394e-02  2.25529950e-02
 -2.24756692e-02 -1.67738155e-01  5.40641695e-02 -1.30577862e-01
 -9.91089568e-02 -1.68689832e-01  5.95896393e-02  7.51186982e-02
  2.87833422e-01 -1.15145229e-01  1.58644114e-02 -1.21806659e-01
 -3.10355835e-02 -2.78234538e-02  1.21792331e-01 -1.27562866e-01
  7.97494352e-02  1.20112384e-02 -1.07560046e-01  2.48525366e-02
  8.95272940e-02  1.79782778e-01 -1.57312676e-01 -1.03576571e-01
 -1.07685111e-01 -3.06678005e-02 -1.27103254e-01 -2.39435583e-02
 -4.09152731e-02 -4.09265570e-02  1.18503496e-01 -8.10869709e-02
 -7.29113668e-02 -1.12520278e-01  1.33938771e-02  1.09579332e-01
  2.56137609e-01 -6.37559816e-02  1.32918239e-01 -9.47327837e-02
 -1.60966754e-01  3.80840823e-02  8.52645468e-03  1.80204138e-02
 -7.25228712e-02 -6.11078031e-02  6.26675412e-02 -1.18337631e-01
 -6.06514402e-02  1.40887260e-01  1.55727476e-01 -1.61243647e-01
 -8.09380636e-02 -4.41604853e-02 -4.41416688e-02  5.04146609e-03
 -1.75815318e-02 -9.98309925e-02  1.64627030e-01 -1.36988878e-01
 -4.88709807e-02 -2.07145020e-01  8.15120637e-02  1.36861339e-01
 -2.49093734e-02  5.11219501e-02 -1.73783988e-01 -4.77377605e-03
  4.67075817e-02 -2.12601405e-02  5.96381761e-02  1.21136375e-01
 -1.13550005e-02 -6.54298440e-02 -1.30264815e-02 -1.50360629e-01
  1.54208854e-01  1.51445419e-01 -3.17276232e-02  9.84465778e-02
  1.02415346e-01  6.71770200e-02 -5.94303198e-02 -3.25568840e-02
 -5.31466044e-02  3.57759744e-02 -1.60714835e-01  1.16203889e-01
 -3.02469265e-02 -1.41820177e-01 -2.68444549e-02  6.57743365e-02
 -1.34030223e-01  1.35933846e-01 -2.10282266e-01  1.36798192e-02
 -1.28976703e-01 -2.00426891e-01  1.58130199e-01 -3.03054787e-02
 -1.12936378e-01  2.16498420e-01 -1.51228070e-01  6.56940416e-02
  8.02530907e-03 -1.99200287e-02 -5.79244159e-02  7.49981254e-02
 -8.49588290e-02  9.88371205e-03 -6.47308826e-02 -2.61910968e-02
 -1.98829219e-01  9.94805545e-02 -1.49759099e-01 -1.37958467e-01
 -1.34579390e-01 -3.31340060e-02 -1.39867976e-01 -6.57476112e-02
  1.17882982e-01  1.84649438e-01 -2.65622288e-01 -1.52470320e-02
  5.77674098e-02 -7.28299394e-02 -1.70262173e-01  8.45199674e-02
 -2.50500411e-01  3.96998674e-02  6.60799677e-03  9.91718173e-02
 -9.74781886e-02  7.22703636e-02 -6.70008287e-02 -7.99883902e-02
  2.41205078e-02  7.56294802e-02  2.36830562e-01 -9.46735516e-02
 -2.98721604e-02 -1.61320880e-01 -2.98537593e-02  1.18801715e-02
 -5.53346844e-03 -3.65781933e-02 -7.77895600e-02  3.34385708e-02
  1.55435070e-01  1.79968908e-01  2.25565612e-01 -1.65445626e-01
 -1.26925081e-01 -1.61446840e-01  5.22447601e-02  9.84036997e-02
 -5.79381883e-02 -3.96818807e-03 -5.17184995e-02 -8.72366354e-02
  1.25927493e-01 -8.31144210e-03 -1.01741195e-01  5.66459857e-02
 -4.36667353e-04 -2.13905767e-01  8.66388995e-03  2.01336354e-01
  9.85300839e-02 -1.01484343e-01  1.62604660e-01  1.81362912e-01
  1.47504032e-01 -1.13478996e-01  1.85447648e-01  1.31538793e-01
 -7.39404261e-02 -1.93921402e-01 -3.77743281e-02  1.32200345e-01
 -8.58197212e-02  1.02650620e-01 -7.40871206e-02  1.66801944e-01
 -2.74783462e-01  1.19649246e-01 -5.05352058e-02 -9.33646336e-02
  2.05141064e-02  8.48610848e-02  3.94660756e-02 -1.83429811e-02
  1.69555709e-01  2.31138343e-04  2.50045925e-01 -1.11651793e-01
  6.31111786e-02 -3.55008282e-02  5.20349964e-02 -5.80482222e-02
  1.25078902e-01  1.02974735e-01  1.52565852e-01 -7.32549205e-02
  9.48315561e-02  1.25550508e-01  5.70222251e-02 -4.65726927e-02
 -1.61750354e-02  9.90563110e-02  9.41553116e-02 -2.75926832e-02
  2.77467728e-01  1.85747575e-02 -1.04386464e-01 -3.86217935e-03
  1.97145790e-01 -2.13793397e-01 -2.31813435e-02  2.07315255e-02
  7.85848051e-02  1.90035272e-02 -5.87993562e-02  2.86847591e-01
 -1.77360907e-01 -1.49399355e-01  3.81960161e-02 -8.75138491e-02
  7.21933097e-02  1.16551984e-02 -9.01632980e-02 -6.70317188e-02
 -7.58387223e-02  3.00386269e-02  1.89473912e-01 -6.03839941e-02
  6.04253523e-02 -2.44780913e-01  9.46233794e-02  1.65407315e-01]