http://erau.edu/ontology/meme.owl#WheelofFortunePuzzleBoardParodiesMeme
[-1.32579252e-01 -1.58333391e-01  4.19670530e-02 -1.07532717e-01
  2.04195142e-01  1.11483298e-01  2.16941655e-01  1.04511142e-01
 -1.97679792e-02 -5.17664589e-02  1.95946425e-01 -2.86373854e-01
  4.38046679e-02 -1.13477081e-01 -1.67237744e-02  1.36798769e-01
 -1.39666051e-01  5.39965443e-02 -2.49087095e-01  2.03838930e-01
 -2.52864778e-01  1.27620429e-01  1.90846458e-01 -1.14122108e-01
  4.15505990e-02 -3.55553590e-02  1.29157841e-01 -1.48955077e-01
  2.33170807e-01 -6.37722621e-03  1.73005536e-01  9.21070129e-02
  3.46577540e-02 -1.15426987e-01 -6.80131689e-02  2.86952615e-01
 -1.82291970e-01  3.16811837e-02  8.33513364e-02 -1.44248843e-01
 -4.09004651e-02  2.39099450e-02 -4.14770544e-01 -1.19801633e-01
  6.63278922e-02  1.34508058e-01 -5.17149977e-02 -1.44155413e-01
  9.80399251e-02 -2.61395052e-02  2.86998838e-01 -5.87931722e-02
 -8.32221881e-02  9.54348501e-03 -2.26591468e-01 -8.25840086e-02
 -2.36276723e-02  1.68251805e-02 -2.67276585e-01 -7.14002475e-02
  4.65274900e-02 -1.06788352e-01  2.52458513e-01 -6.75699264e-02
  3.74059826e-02 -1.20858759e-01 -1.39318004e-01 -5.34778647e-02
 -1.70684114e-01 -2.18016028e-01 -1.18093997e-01  2.10823417e-01
  1.05423793e-01  7.41082579e-02 -2.03953341e-01  4.65856493e-02
 -1.18796654e-01  1.82009518e-01  5.06013222e-02  7.42771029e-02
  1.97159313e-02  6.52434379e-02 -7.39971921e-02 -2.55998939e-01
 -8.10612887e-02  2.10561659e-02 -1.10422403e-01 -1.78746328e-01
  1.30013511e-01 -2.06270680e-01 -2.82291561e-01 -1.77936003e-01
  2.36484110e-01  9.59372967e-02  3.35566252e-02 -3.23568285e-02
 -7.73554854e-03 -1.44131497e-01 -1.75224826e-01 -1.29492670e-01
 -2.84927152e-03 -1.71739221e-01  3.95158410e-01  4.17114012e-02
 -3.81102273e-03 -2.41854228e-02  2.01578110e-01  1.30619779e-01
  1.79319590e-01 -1.47197947e-01 -9.06023905e-02  3.44182216e-02
 -2.70111207e-02 -2.76640266e-01  6.14804700e-02  1.03951208e-01
 -2.78594762e-01 -4.81082499e-02 -6.34390116e-02  2.11035416e-01
 -1.13370262e-01 -2.79781222e-01 -1.43123090e-01  2.25637674e-01
 -5.06196432e-02 -7.83135593e-02  7.36265182e-02  1.05473734e-02
  5.93581013e-02 -1.33426070e-01 -1.19004071e-01 -1.25382960e-01
  7.31785744e-02 -5.81239089e-02 -9.82821211e-02  9.20139775e-02
 -7.53309503e-02  2.73318496e-02 -8.05469677e-02  7.11033046e-02
 -1.06431872e-01  2.10569516e-01  3.95763256e-02  1.68430597e-01
  1.03844799e-01  1.64688807e-02  1.32205561e-01 -4.61645052e-02
  2.32518502e-02  2.14517087e-01 -1.73135474e-02 -4.02853936e-02
  1.22267120e-01  1.74240477e-03 -2.31349200e-01  4.53844182e-02
 -1.70094773e-01  2.98215926e-01 -2.61456389e-02 -1.67432234e-01
 -1.90914825e-01 -1.55375227e-01 -2.47009471e-01 -1.45676032e-01
 -2.43458614e-01 -3.71054143e-01 -1.87781200e-01  1.70134425e-01
 -3.68880540e-01  1.02815367e-01  6.53389320e-02  1.02280587e-01
  6.39799191e-03  1.68660417e-01 -2.95344263e-01 -2.12486401e-01
  9.21883062e-02 -8.54423121e-02  3.57953683e-02  5.45921884e-02
 -2.62478199e-02  6.50255233e-02  9.30676609e-02 -1.42403036e-01
  2.25742143e-02 -5.58182523e-02  1.93573162e-01 -4.51089181e-02
 -5.71264476e-02  7.99576491e-02 -4.92941849e-02 -1.09872930e-02
 -7.21742511e-02  5.47308065e-02 -3.50075364e-02 -1.01000175e-03
 -9.16973576e-02  6.54040799e-02 -9.40135419e-02 -1.40955478e-01
 -1.20686896e-01 -8.95439740e-03 -1.98889077e-01 -1.20521732e-01
  1.78744481e-03 -3.33157867e-01 -5.61373681e-02  2.22773291e-02
  7.56861120e-02  1.06359728e-01  2.85910100e-01  8.54209438e-02
  2.93820165e-02 -1.74352646e-01  1.16423042e-02 -8.75316933e-02
 -1.91931561e-01  1.54246822e-01  3.19528878e-01  5.92349321e-02
  2.08842725e-01  1.21906921e-01  1.89665928e-02 -3.16654295e-02
 -2.17812330e-01 -3.17733437e-02 -4.55218889e-02 -2.73355693e-01
 -1.08584492e-02  1.35096297e-01  5.68966493e-02  7.34768212e-02
 -7.13137090e-02  1.49405934e-02  7.88092911e-02  6.57308251e-02
 -1.01904109e-01 -5.94870262e-02  9.27571431e-02 -6.08578958e-02
 -1.31295115e-01 -4.18735482e-02 -4.29020189e-02 -4.09990549e-02
 -2.58333355e-01 -8.07016417e-02 -3.21422756e-01  1.29255056e-01
 -8.22128281e-02  1.22371219e-01 -2.28168070e-01  1.35476753e-01
 -1.10495575e-01  1.08571969e-01  1.98781714e-01 -8.34046006e-02
 -2.98067424e-02 -3.15882154e-02 -5.31933866e-02 -8.48829374e-02
 -2.89000034e-01 -2.37528205e-01 -1.57128945e-01  4.57330905e-02
 -5.54677956e-02 -3.02957952e-01  1.21246435e-01  1.65601686e-01
  8.46101865e-02  1.97813228e-01  6.15101606e-02  2.59587113e-02
  3.93407643e-02  2.23598763e-01  3.56504619e-01  3.17118689e-02
  2.75795937e-01 -1.58887863e-01 -1.61179766e-01 -1.77786052e-02
  8.46920311e-02  1.67688653e-01 -2.38262087e-01 -2.94176370e-01
 -1.29840136e-01  4.96122241e-02  1.12276152e-01 -1.76082756e-02
 -1.16145819e-01 -3.17277402e-01 -1.67338789e-01  2.41655484e-02
  1.48752481e-01 -1.70165762e-01 -8.74043442e-03  4.24234234e-02
  2.58242600e-02  1.11156709e-01  1.34860337e-01 -3.74607384e-01
 -5.37309647e-02  1.62170194e-02  4.93831709e-02  9.93216261e-02
 -6.83716387e-02 -2.19781592e-01  2.48444825e-01 -1.41070873e-01
 -1.84630185e-01 -1.04515254e-01  1.76265135e-01 -8.62004887e-03
  3.77994739e-02 -1.63417254e-02 -3.28325480e-01  6.19788468e-02
  4.69411388e-02 -2.27283090e-02 -1.17664374e-02 -7.01983273e-02
  6.86146170e-02 -3.45080733e-01  1.15520097e-01  1.34321049e-01
  9.33649316e-02  1.85799330e-01 -8.55542943e-02 -6.09936658e-03
  3.40656340e-01  1.82922423e-01 -9.15630534e-02 -1.06876828e-02
  8.14319476e-02 -3.14281955e-02 -3.87455449e-02 -1.60931319e-01
  1.75576195e-01 -6.51059523e-02  1.00722201e-01 -1.01846516e-01
 -1.09576501e-01  2.02386957e-02  7.59513527e-02 -1.78480759e-01
  2.77373404e-03  1.27645424e-02 -2.04435084e-04 -1.63674012e-01
  3.09333920e-01 -9.27150548e-02  5.50611988e-02  1.74677566e-01
 -3.16405416e-01  1.51062608e-02 -2.94077396e-01 -9.93958190e-02
 -2.08202600e-02  1.91225577e-02  1.13235317e-01 -1.43617705e-01
 -1.33087531e-01 -7.64803663e-02  3.48657854e-02  1.30223945e-01
  4.19480130e-02 -2.57030595e-02 -1.14292994e-01  2.58844197e-01
  6.04859069e-02  1.19897753e-01  2.41952881e-01 -2.09199592e-01
 -9.25785676e-02  2.51014948e-01  6.45391867e-02  7.72817507e-02
 -3.03585172e-01 -3.60762998e-02 -8.89552981e-02 -4.44649793e-02
 -2.49623850e-01  2.47286066e-01  8.65847990e-02 -2.99336333e-02
  5.36219813e-02  1.71954498e-01 -2.12440252e-01 -2.47132499e-02
 -1.27144501e-01 -1.93488866e-01  1.26753926e-01 -9.99825671e-02
  1.62522495e-02  2.68972248e-01  4.19396907e-02  9.76042524e-02
 -1.69871107e-01 -9.06324014e-03  5.28186858e-02  1.14628367e-01
 -1.44352261e-02 -6.83360919e-02  6.14301376e-02 -6.24711737e-02
 -8.99378434e-02  6.89000562e-02 -7.51518756e-02  7.42513314e-02
  1.03373826e-01  2.03439072e-01  6.60843402e-02 -7.52577186e-02
 -7.65387490e-02  1.20733641e-01  1.00147771e-02 -2.31299192e-01
 -1.71339035e-01 -3.90770882e-01  8.58716071e-02  3.78650606e-01
  1.20179601e-01 -1.90172195e-01 -2.21054971e-01  9.52783879e-03
  1.63192730e-02 -1.15229845e-01 -4.47145104e-02  7.65035227e-02
  1.85645714e-01 -2.34811261e-01  1.01599507e-01  2.94170529e-01
  3.35149206e-02 -1.67608649e-01  2.48886749e-01  4.17132288e-01
  2.32664406e-01 -2.64112294e-01  1.78838894e-01  1.96092382e-01
  1.21078417e-01  1.95969060e-01 -3.86697710e-01  3.57651174e-01
 -4.83097911e-01 -3.00204992e-01 -2.45990649e-01 -2.94915468e-01
 -1.89232558e-01 -7.17009278e-03 -1.47744482e-02  3.19406152e-01
  3.23613763e-01 -9.87806097e-02  3.09368759e-01  4.29981202e-03
  3.59551638e-01  3.24634671e-01 -1.08808123e-01 -8.19399655e-02
  1.02319948e-01  1.59353122e-01  2.95667380e-01 -1.72938615e-01
  7.51595348e-02  1.86805680e-01  3.48782679e-03  5.26966117e-02
  7.53261056e-03 -7.07841814e-02  5.30653656e-01  5.06824180e-02
  3.66238356e-01  3.21302503e-01  1.18589558e-01  5.33733107e-02
  3.78079832e-01 -3.74159157e-01 -2.09316358e-01  3.81445020e-01
  1.47903785e-01  2.24715862e-02 -8.72774422e-02  5.36948740e-01
 -2.09191650e-01 -2.58888811e-01 -4.39626463e-02 -1.78055599e-01
  3.19519639e-01 -4.25464325e-02 -2.80879617e-01 -2.41131093e-02
 -2.45889157e-01  5.77902384e-02  2.79675573e-01 -1.18312806e-01
 -2.40543768e-01 -1.13452911e-01 -1.19775586e-01  1.67938724e-01]