http://erau.edu/ontology/meme.owl#PhotoofSmugDogWearingBalaclavaWieldingToyWaterPistolEveryDayMeme
[-8.55362564e-02 -1.38424039e-01 -1.19772879e-02 -2.05791760e-02
  1.47665134e-02  1.13580070e-01  8.99149179e-02  5.50264232e-02
  3.10102943e-02 -8.64393190e-02  2.49345507e-02 -6.57364950e-02
  3.68728563e-02 -7.57169724e-02 -2.56661512e-02  2.75601763e-02
 -1.13472424e-03  6.55983910e-02  3.55616324e-02  1.44266829e-01
 -1.23151978e-02  7.72069097e-02  8.85739364e-03 -3.74607556e-02
  7.96030462e-02  8.08328614e-02  1.81263424e-02 -3.42578664e-02
  1.89738333e-01  9.36410800e-02 -1.15532912e-02  1.25371948e-01
  8.65142271e-02 -8.13584030e-02 -9.68211442e-02  2.21658617e-01
 -2.56479438e-02  1.23451412e-01 -1.24796880e-02 -1.91361010e-01
  5.74748032e-02  1.63864017e-01 -3.32746059e-02  3.98219097e-03
  5.97186759e-02 -1.99462753e-02 -3.83520685e-02 -2.63761096e-02
 -1.86828915e-02  1.03511006e-01 -6.10814709e-03 -5.33370674e-02
 -1.24698050e-01 -4.91408594e-02 -3.64951454e-02 -3.37086543e-02
  9.45208967e-02 -1.66363880e-01  1.41020834e-01 -4.44993638e-02
 -5.41280373e-04 -5.57838157e-02  1.03345998e-01  4.44119535e-02
 -1.74115077e-01 -1.57037467e-01 -3.42907719e-02 -1.36289343e-01
 -3.32728699e-02 -2.32124120e-01 -9.86480787e-02  3.86498570e-02
 -5.55696227e-02  2.89616976e-02  5.71371019e-02  8.44209641e-02
 -2.02461794e-01  2.44527198e-02  1.34910896e-01  2.19469145e-02
 -6.32660612e-02 -3.70502379e-03 -4.59837029e-03 -2.80504346e-01
  1.08182378e-01 -1.01334244e-01 -4.60364744e-02  1.01153776e-01
  1.22144423e-01 -4.13515372e-03 -5.00897169e-02 -2.78735787e-01
  7.77189508e-02 -1.78981185e-01  6.45023659e-02  6.09558411e-02
  3.22735752e-03 -5.89467026e-02  3.06608509e-02 -2.16883384e-02
  1.16289526e-01  1.82020530e-01  4.39374149e-01 -1.62584528e-01
  1.01691028e-02 -8.71090218e-02  3.08618486e-01 -9.55381915e-02
  1.51071902e-02 -1.50227502e-01 -1.12065300e-03  6.63296655e-02
 -1.32500440e-01 -2.29089186e-02  1.25007197e-01  2.55029857e-01
 -3.40040803e-01 -2.22529948e-01  3.07722278e-02  4.63715866e-02
 -7.29141012e-02 -8.52562189e-02 -1.44445123e-02  7.28581324e-02
  7.95807093e-02 -4.84606111e-03  4.89735119e-02 -5.34041598e-02
 -2.50378381e-02  5.74491423e-06 -2.60530740e-01 -5.16096205e-02
 -1.45331994e-02 -5.07714450e-02 -5.84782399e-02  9.37080756e-02
 -1.34888574e-01  6.31592982e-03 -1.38195023e-01  5.94462417e-02
 -2.06534266e-01  8.47048536e-02  8.95058885e-02 -3.14765237e-02
  1.25864610e-01 -1.60417363e-01 -5.95307983e-02 -3.42819691e-02
 -1.18386120e-01  1.37189418e-01  1.64454011e-03 -1.54078186e-01
  2.51498781e-02  3.49933025e-03  2.70055644e-02  4.73232847e-03
 -1.50132120e-01  1.86888173e-01  1.21639587e-01 -7.44401813e-02
 -1.33941704e-02 -2.69526511e-01  2.41037961e-02 -5.32032587e-02
 -1.46834895e-01 -2.74152234e-02  1.99226812e-02  1.43493488e-01
 -3.40104729e-01  9.43527371e-02  2.82662474e-02  1.94442034e-01
  2.22631454e-01  1.92156643e-01 -4.59770598e-02 -3.28874253e-02
 -1.64000764e-02 -1.28703862e-01  2.06159934e-01 -1.02015816e-01
 -1.24096669e-01  1.59751594e-01  1.47737429e-01  3.39507237e-02
 -1.63700119e-01  1.27696665e-02  3.58344018e-02  1.11453369e-01
  1.53769493e-01 -4.01479267e-02  1.78145412e-02  5.19550638e-03
 -1.64393365e-01 -2.86026280e-02 -4.97040898e-03 -3.49541456e-02
  1.01721369e-01  1.42992198e-01 -4.17813249e-02  1.29645346e-02
  1.00051649e-01  2.47875918e-02  1.09682366e-01  3.80645543e-02
 -1.93284422e-01 -1.19406417e-01 -1.75964390e-03 -5.56663685e-02
  8.28503296e-02  9.65837464e-02  2.01411277e-01  4.45411243e-02
  3.88055444e-02 -1.51042659e-02  1.04723416e-01 -5.36787603e-03
 -3.00947856e-02 -6.22972995e-02  1.27830744e-01  1.09876119e-01
  1.02464348e-01  1.52384833e-01 -8.89355317e-02  9.21462998e-02
 -2.96359621e-02 -1.35703078e-02 -9.32442546e-02 -7.80934468e-02
 -8.34177285e-02 -1.10239042e-02 -6.76180143e-03  2.20003072e-03
 -4.34777848e-02 -1.45609677e-01 -3.05834529e-03  5.72659075e-02
 -7.48546049e-02  1.70842502e-02  1.58592299e-01 -1.10605573e-02
  4.80334135e-03 -9.99318883e-02  2.31812634e-02 -6.09120876e-02
 -1.92982092e-01 -5.41252792e-02 -2.07562894e-01  1.25599682e-01
 -2.68730521e-02  5.77106699e-03  6.06138594e-02 -2.71123573e-02
  9.47441459e-02 -1.35067722e-03  2.19239563e-01  9.57329385e-03
 -6.96178898e-02  3.18665318e-02  7.12484568e-02  1.07643783e-01
 -1.18924305e-01 -1.50354087e-01 -4.20132577e-02 -1.06288455e-01
 -3.31998654e-02 -9.63027701e-02  7.75946379e-02  1.15862429e-01
  3.10223345e-02 -1.30992413e-01 -4.86179963e-02 -1.90644220e-01
 -1.79389805e-01  5.51346317e-02  7.02382103e-02 -5.92006817e-02
  9.29109603e-02 -7.10804760e-02 -5.76537661e-02  2.64981929e-02
  3.47191840e-02  2.41216198e-02 -7.25482404e-02 -4.12814599e-03
 -6.10132217e-02  8.69953036e-02 -2.04410404e-01 -9.97788459e-03
 -8.58339202e-03 -2.93076709e-02 -1.51970778e-02 -4.07785550e-02
  6.71101734e-02  2.59795152e-02 -1.27084376e-02  1.04278317e-02
  7.00936690e-02  5.62115349e-02 -1.66014150e-01 -5.25037795e-02
 -2.16368288e-01 -1.10480804e-02  9.25047547e-02  6.60273060e-02
 -3.17056999e-02  1.67632662e-02  1.85969710e-01 -7.81970844e-03
  2.08329223e-02  1.06524497e-01  1.35792062e-01 -1.69197395e-01
  1.36677288e-02  2.66536362e-02 -6.69663846e-02  4.16694283e-02
  1.30036771e-02  5.36223687e-02  4.61887270e-02 -1.09002970e-01
  8.29043612e-02 -1.46084949e-01  2.10305005e-01  5.67965247e-02
  2.23723240e-02  7.69708604e-02 -2.28679895e-01 -3.80252413e-02
  5.58513738e-02  4.82068546e-02 -4.48522121e-02 -3.83258872e-02
  1.39922291e-01 -1.17623389e-01  1.54888123e-01 -1.21705368e-01
  1.06135383e-01 -7.96988048e-03 -4.63924184e-02  1.55706763e-01
  2.59251590e-03  1.45143762e-01 -3.15426961e-02 -6.31525144e-02
 -9.22484025e-02 -2.21119132e-02 -1.46659896e-01 -4.19478938e-02
 -4.54283506e-02 -2.68944297e-02  5.57336174e-02  3.24876122e-02
 -2.25378841e-01  9.03559849e-02 -1.50446087e-01  1.47156507e-01
  1.57074109e-01  2.07231734e-02  1.82624876e-01 -5.62350675e-02
 -9.46664512e-02  1.06690459e-01 -2.74859499e-02 -4.67797890e-02
  1.28722548e-01 -1.47299051e-01 -3.58923152e-02  3.21015343e-02
  6.33878782e-02  8.90946463e-02 -8.61613825e-02 -1.16304792e-01
 -2.33009338e-01  2.46050730e-02  8.40131268e-02  4.22021700e-03
 -6.32130578e-02 -7.05946162e-02 -5.36838770e-02 -1.59318864e-01
  7.89132491e-02  2.24921525e-01 -1.39109775e-01 -1.47964194e-01
  1.26120701e-01 -8.71692151e-02 -1.78754568e-01  6.76407143e-02
 -4.56571132e-02 -4.03146930e-02 -1.57875419e-01  7.96539113e-02
 -5.80273308e-02  1.46128103e-01 -1.42931536e-01 -1.80726483e-01
  3.15349177e-02  3.95442136e-02  3.82896990e-01 -8.50440189e-02
 -4.45331028e-03  9.11347219e-04  4.79173698e-02 -1.27078474e-01
 -1.94725960e-01  2.53705238e-03 -5.65370955e-02  1.60035700e-01
  1.65463790e-01 -1.94556955e-02  2.07812235e-01 -1.73158646e-01
 -1.76725611e-01 -4.47792225e-02 -5.84183522e-02  2.93288361e-02
 -1.39274061e-01  1.12611335e-02 -4.25980501e-02  7.40466937e-02
  7.50219598e-02 -7.69309551e-02 -1.61229044e-01  4.41659801e-02
  2.68094838e-02 -1.25988677e-01 -7.28424639e-02  7.39133507e-02
  2.35750213e-01 -2.36425605e-02  6.19303361e-02  2.84538001e-01
  1.25190154e-01 -1.34736663e-02  1.86701223e-01  2.57640511e-01
  1.06370285e-01 -1.28563255e-01 -6.90001175e-02  1.44580826e-01
  2.15330154e-01  5.47757149e-02 -9.06241611e-02  3.64135355e-01
 -3.16766590e-01 -5.78095689e-02 -3.08260649e-01 -1.30990043e-01
 -6.31039143e-02  2.69549310e-01  7.51157617e-03  1.28995821e-01
  2.10953549e-01 -7.91178178e-03  2.61096120e-01 -6.40121996e-02
  1.49363384e-01  1.80178117e-02  5.76845417e-03  6.12677634e-03
  1.23353653e-01  7.07389936e-02  5.36390254e-03 -2.82938257e-02
 -7.58893462e-03  1.30939171e-01 -1.01127505e-01 -7.79210702e-02
  2.23180354e-02  1.00938283e-01  6.28223047e-02  7.09937827e-04
  1.55806318e-02  1.42007858e-01  2.53781560e-03 -9.27256271e-02
  5.20966500e-02 -1.86423957e-01 -9.88300890e-02  4.70695682e-02
 -1.59997389e-01  4.26599719e-02 -1.16463773e-01  2.82301337e-01
 -1.16764002e-01 -2.31206194e-01  8.60005245e-03 -6.54257536e-02
  6.86005577e-02  5.93286008e-02 -6.34505972e-02  1.71205848e-02
 -4.56739627e-02  7.57150501e-02  1.53516784e-01  1.45351952e-02
 -4.29852679e-02 -1.09682769e-01  1.25190496e-01  1.56649515e-01]