http://erau.edu/ontology/meme.owl#KittenWearingaTinyHatMeme
[-1.77864730e-02 -1.25741526e-01 -7.51172155e-02  1.30030401e-02
 -6.73662573e-02  7.43428394e-02  8.75210017e-02  5.06007299e-02
  3.96616720e-02  5.38323820e-02  1.29628137e-01 -7.28163049e-02
 -7.80209601e-02  2.28174012e-02 -8.87584388e-02 -9.70261171e-02
  7.24480972e-02  1.68686360e-01  1.33936582e-02  1.27314419e-01
 -2.29313269e-01  5.98397590e-02  5.39821312e-02 -1.36787385e-01
  9.51097161e-02  6.15662672e-02 -9.04851500e-03 -2.57285871e-02
  3.03613067e-01  2.05636829e-01  6.40479997e-02  1.71553522e-01
  2.12946683e-02 -2.10793652e-02 -1.79715604e-02  2.10258380e-01
  6.41344339e-02  1.47360682e-01 -1.82362720e-02 -5.50251231e-02
  5.73892072e-02  2.31970534e-01 -1.39920026e-01 -3.79126221e-02
  6.63368627e-02  2.94689555e-02  5.88380955e-02 -1.19744666e-01
 -7.68580521e-03  5.12399003e-02 -3.96684520e-02 -2.48627979e-02
 -1.21367730e-01 -1.87358111e-01 -1.73966497e-01 -6.33238479e-02
  7.41399154e-02 -2.19928864e-02  2.95861065e-01  5.06681297e-03
 -3.45497206e-02 -2.51479447e-02  5.95709234e-02  5.80262989e-02
 -1.42435089e-01 -8.22238624e-02 -5.40822819e-02  2.48622079e-03
 -9.54646841e-02 -1.17766403e-01 -1.72868446e-01  8.80994722e-02
  1.87340900e-01  1.24307573e-01  4.01375853e-02  1.51895180e-01
 -3.19259614e-02  5.73486835e-03  1.95060357e-01  6.79461360e-02
 -9.29822028e-02 -1.77011892e-01 -1.52258396e-01 -2.24617332e-01
  9.46008693e-03 -1.05525725e-01 -1.48641691e-01  7.43321795e-03
 -1.37066247e-03 -3.17973224e-03  8.83289129e-02 -3.43722373e-01
  8.03668797e-02 -5.00594750e-02 -6.87244087e-02  4.50577252e-02
  1.84507351e-02 -4.63922881e-02 -6.62796721e-02 -9.73274112e-02
  9.91180614e-02  5.61554544e-03  3.19218546e-01 -2.33542234e-01
  6.51321039e-02  7.07180798e-02  9.64602605e-02 -4.32630479e-02
  3.88466716e-02 -6.81906492e-02  4.72177416e-02  6.08546175e-02
 -9.42548588e-02 -1.75398603e-01  1.33786470e-01  3.39365453e-02
 -2.75034100e-01 -2.44061336e-01  1.09930038e-01  1.97753057e-01
 -1.27486303e-01  9.86063778e-02 -7.34037384e-02 -1.60015316e-03
  1.04422733e-01 -1.08085461e-01  8.87936130e-02 -1.65837668e-02
  5.63779399e-02  6.89660683e-02 -2.42704004e-01 -1.48767874e-01
  7.72818699e-02 -1.59680527e-02 -8.22049826e-02  1.67274520e-01
  1.60563726e-03 -1.05417632e-01 -1.56790674e-01  6.74098730e-02
 -3.82309049e-01  8.32938030e-02  9.66914669e-02  1.10613436e-01
  1.67488873e-01 -2.57712632e-01  1.28571801e-02 -2.08471000e-01
 -1.19813256e-01  1.51576728e-01  1.02272250e-01 -3.63329612e-02
  6.81432988e-03  6.18650578e-02  8.58495459e-02  1.15202807e-01
 -2.48473912e-01  1.75960109e-01 -8.78627133e-03 -1.44872338e-01
  7.02237114e-02 -3.66762355e-02  4.56676930e-02 -8.73031169e-02
 -2.40719199e-01 -1.34019837e-01  4.92705330e-02  1.18482836e-01
 -3.81603271e-01  1.85312569e-01  5.61165288e-02  5.23402542e-02
  1.29647300e-01  2.21606225e-01  4.47259424e-03 -4.98644914e-03
 -1.97849404e-02 -7.74647761e-03  1.43464282e-01  1.71404835e-02
 -1.39636874e-01  6.79185092e-02  2.58576288e-03 -7.63026327e-02
 -9.46942270e-02  5.23538515e-02 -2.98780892e-02  7.11122379e-02
  2.32044145e-01 -4.09763902e-02  8.47663209e-02 -3.59650776e-02
 -2.33461469e-01 -1.61222890e-01 -1.55376578e-02  2.96639837e-02
  5.86950295e-02  1.40279785e-01 -4.44520079e-02 -1.82879791e-02
 -5.23882592e-03  7.46197104e-02  8.15835223e-02 -3.80434766e-02
 -3.14396918e-02 -2.20640346e-01 -1.76347345e-02  1.17829498e-02
  1.27959833e-01  1.72630221e-01  3.42735559e-01  1.18611746e-01
 -4.39944752e-02 -5.26608638e-02  2.16651913e-02  8.31985474e-03
 -1.59861982e-01 -7.01898038e-02  1.31310821e-01  1.47638902e-01
  2.00430557e-01  1.27185062e-01 -1.20325916e-01  9.58091170e-02
  3.65687348e-02 -8.25155899e-02 -6.25707507e-02 -4.14493904e-02
  2.61431709e-02  1.11348750e-02  2.37610847e-01  1.64722443e-01
  4.35976833e-02 -6.58729523e-02 -7.09102899e-02  8.67167395e-03
 -5.83653226e-02 -2.97573283e-02  7.06574097e-02  2.19452381e-02
  1.38950879e-02 -6.65727779e-02 -2.17365734e-02 -7.42526352e-02
 -1.03806876e-01 -5.57976440e-02 -9.77431908e-02 -6.96884394e-02
  6.83916509e-02  6.62195438e-04  8.56340379e-02  7.71722719e-02
  7.42494315e-02 -1.09567493e-02  6.45505115e-02  2.18212251e-02
 -7.39044473e-02  1.87081564e-02  8.20014998e-02 -5.34874499e-02
 -1.10493489e-02 -4.90450999e-03  4.31644656e-02 -1.70068145e-01
 -1.31759152e-01 -1.49779260e-01 -7.77940899e-02  2.61571407e-02
  1.57725319e-01 -1.79066032e-01  1.84495356e-02 -4.67939973e-02
  2.53621191e-02  1.82239059e-02  1.75305575e-01 -9.43420175e-03
 -2.81908433e-03  3.05551458e-02 -7.65036941e-02 -4.94656451e-02
  1.06783301e-01  1.04727447e-01 -1.59746446e-02  7.19498750e-03
 -1.93069622e-01  1.12488130e-02 -1.16833605e-01  8.88850465e-02
  4.15748022e-02  3.81677076e-02  1.11819953e-01 -2.04560265e-01
 -7.52176791e-02 -1.00825801e-01  5.88165640e-05 -1.30795212e-02
  1.81335047e-01  1.70731787e-02 -8.32972974e-02 -1.32836670e-01
 -1.41296118e-01  6.97675422e-02 -1.17715159e-02 -4.51147743e-02
 -5.85113605e-03 -4.62071504e-03 -2.80619301e-02  6.29434586e-02
  4.48002182e-02  4.05518897e-02  1.83845937e-01 -1.75058648e-01
 -5.00262193e-02  9.23942551e-02  2.29751989e-02  8.23960155e-02
 -5.83214266e-03  2.64459681e-02  1.04945287e-01 -4.99504060e-02
 -1.30077358e-02 -1.43565774e-01  1.07985541e-01  1.59030467e-01
  7.94673786e-02  6.52539507e-02 -1.11171573e-01 -5.61399106e-03
  4.17162217e-02 -1.52943225e-03  6.24948321e-03 -1.55919893e-02
 -2.18992308e-02 -1.15757167e-01 -1.86367314e-02 -1.94693178e-01
  1.63186461e-01  1.21841757e-02  3.98143232e-02  1.58514343e-02
 -7.12289149e-03  1.42560601e-01 -9.83928964e-02 -8.27019140e-02
  5.24052456e-02 -1.10509627e-01  4.29443084e-02  9.11981687e-02
 -7.99695253e-02 -1.32452413e-01 -8.59917477e-02  7.26206368e-03
 -1.37971034e-02  1.64825439e-01 -9.29729715e-02  7.31678084e-02
 -3.16243097e-02 -1.32526547e-01  2.54737943e-01 -5.25237769e-02
 -9.47066993e-02  7.27099925e-02 -1.28948987e-01  5.73621280e-02
  1.84650179e-02 -7.40495557e-03 -8.36367235e-02 -2.67369077e-02
 -7.96162151e-03  8.71301256e-03 -1.36057101e-02 -1.27271250e-01
 -1.55836955e-01  1.16375923e-01 -8.08839407e-03 -1.01603135e-01
  2.07017753e-02  3.59423235e-02 -1.89584270e-01  1.32382559e-02
  1.92814022e-01  1.93454489e-01 -2.00854912e-01 -9.06069651e-02
  9.79087055e-02 -1.54126287e-01 -1.07977763e-01  1.89792231e-01
 -1.05282933e-01 -1.44786388e-01 -7.33577609e-02  8.01137090e-02
 -1.34800896e-01  1.78496256e-01 -6.59569725e-02 -1.94446757e-01
  4.79351953e-02  8.66055116e-02  3.06939512e-01 -1.08835623e-01
 -1.00935578e-01 -3.06631207e-01 -7.84449056e-02 -2.97258109e-01
 -8.30404237e-02 -1.51120843e-02  2.86717378e-02  5.37631810e-01
  1.55441776e-01  1.40182957e-01  1.58280835e-01 -1.77903567e-02
 -1.28623679e-01  5.83678111e-03 -1.46397188e-01  1.09273240e-01
  2.36465572e-03 -8.65546539e-02 -4.46521901e-02 -7.70306354e-03
  5.69394976e-02  6.90272376e-02 -2.02626303e-01  3.37868966e-02
  7.37765431e-02 -2.26848617e-01 -1.89621244e-02  2.06040233e-01
  1.96027830e-02 -5.56920171e-02  8.33591521e-02  1.34325445e-01
  3.57197151e-02 -1.89377949e-01  7.71734789e-02  1.36114478e-01
 -2.38014795e-02 -8.50803629e-02 -4.20825323e-03  1.39651701e-01
  5.15591055e-02 -4.27547656e-03 -4.04904149e-02  2.26904795e-01
 -9.85639915e-02 -3.61434859e-03 -1.13274030e-01 -1.22206740e-01
 -1.39404193e-01  2.78493743e-02  1.42216429e-01  1.66810639e-02
  8.61034095e-02  5.49377389e-02  2.30261907e-01 -5.90589754e-02
  1.07812949e-01  2.99300961e-02  1.21267676e-01 -4.76508848e-02
  1.34107038e-01  9.73943099e-02  1.58999577e-01 -1.88964963e-01
  1.71199422e-02  1.42671689e-01 -3.04924380e-02 -2.16890424e-01
 -7.38556460e-02  7.92550594e-02  2.26606831e-01  1.13381883e-02
  2.98022956e-01  7.94171989e-02  6.85317907e-03 -1.04930162e-01
  1.55451924e-01 -1.11536622e-01 -9.22241062e-02  2.84868199e-02
  4.58120927e-03  2.44467370e-02 -1.13866627e-01  2.02371582e-01
 -6.44249618e-02 -1.69123590e-01 -2.04523653e-02  4.36543627e-03
  1.15680933e-01  5.37527800e-02 -1.65928289e-01 -8.18380713e-02
  6.77615553e-02 -1.00331098e-01  1.64174795e-01 -2.89256591e-03
 -5.92329577e-02 -8.83594081e-02  8.66499171e-03  7.04506114e-02]