http://erau.edu/ontology/meme.owl#Oprah2020Meme
[-2.52048019e-02 -1.85954332e-01 -1.51293084e-03  9.82626602e-02
 -1.79437120e-02  8.67450014e-02  1.00778997e-01  1.01657331e-01
 -6.69613015e-04 -2.46034153e-02  1.54670149e-01 -7.25592747e-02
 -6.53425753e-02 -5.83877899e-02 -9.38348547e-02 -7.73214251e-02
  7.49904439e-02  5.69903813e-02  1.05976919e-02  1.25134811e-01
 -2.09259376e-01  1.31714389e-01  6.62055835e-02 -1.30209774e-01
  2.14905262e-01 -1.10428676e-01 -9.83022153e-03 -8.59012976e-02
  3.77860367e-01  2.53124505e-01  1.91969588e-01  1.36841014e-01
  1.80990286e-02  1.84944412e-03  1.52710266e-02  8.03222209e-02
 -1.00357998e-02  1.10954978e-02 -8.13090801e-02 -1.49398744e-01
  2.82799304e-02  7.13693276e-02 -1.92756712e-01  9.78443697e-02
  1.25061497e-01 -4.38176505e-02  1.08785192e-02 -1.49901330e-01
  1.53307924e-02  2.20999327e-02  5.85151203e-02 -9.98970773e-03
 -1.01315103e-01 -2.25302160e-01 -1.38913929e-01  7.71325408e-03
  1.10474735e-01 -8.22703317e-02  1.48480967e-01  6.24776967e-02
  3.50337960e-02  6.38176361e-03  1.03738762e-01  1.78106483e-02
 -4.72924821e-02 -1.18261628e-01  5.72103783e-02  6.59464598e-02
 -1.02396533e-01 -1.06593050e-01 -1.64687559e-01  9.79706738e-03
  1.09048337e-01  1.11367702e-02 -1.60458069e-02  3.75561528e-02
  3.50871123e-02  4.97977510e-02  1.04416892e-01 -1.84100904e-02
 -5.92023842e-02 -9.68328193e-02 -3.99967097e-02 -7.83644170e-02
  9.41362530e-02  5.63110737e-03 -1.35439381e-01 -1.36435851e-02
  5.80037981e-02 -4.60972115e-02 -2.75649112e-02 -1.17230214e-01
  3.70902270e-02 -1.38816945e-02 -7.34186247e-02  2.36346591e-02
  6.30200952e-02  1.52670825e-02 -3.85883115e-02 -4.54583950e-02
  1.75798357e-01  2.52699908e-02  3.11572164e-01  2.63804998e-02
  1.82440579e-02  8.20304751e-02  4.36913371e-02 -4.12625074e-02
 -7.92732537e-02 -4.64925505e-02  2.65859906e-02  4.90740538e-02
 -7.23579600e-02 -1.61580056e-01  1.23480842e-01 -1.22702690e-02
 -2.17482954e-01 -1.14503808e-01  1.11616692e-02  1.41177755e-02
 -3.89207713e-02 -7.19073042e-02 -1.79253757e-01  9.24548879e-02
  1.04445621e-01 -8.94156843e-02 -7.87884369e-02  1.49236936e-02
  3.50270867e-02 -6.28739893e-02 -2.50894785e-01 -7.23487064e-02
 -4.59077582e-02 -1.40737936e-01 -1.26567036e-01  1.21768072e-01
 -8.33857339e-03 -7.51022622e-02 -1.64817810e-01  9.12107900e-02
 -2.61415809e-01  5.33939078e-02  1.09791405e-01  6.07319409e-03
  2.01024503e-01 -3.03200096e-01  7.99978375e-02 -1.07307464e-01
 -1.24577828e-01  1.08906120e-01  4.54672117e-05 -8.78793001e-02
 -9.97043476e-02  3.37124988e-02 -5.83590046e-02  1.61315322e-01
 -1.66351095e-01  2.86415070e-01 -3.72943794e-03 -1.45939633e-01
  7.58415088e-02  4.19825241e-02  3.11441496e-02 -2.01672986e-02
 -2.39204511e-01 -1.26687318e-01 -6.10413551e-02  1.52473435e-01
 -3.17321390e-01  2.07769662e-01  4.43796627e-02  1.89236924e-01
  2.08975360e-01  8.77309516e-02 -1.20147355e-01 -3.23945992e-02
  8.24155565e-03  5.90235852e-02  2.69371774e-02 -7.10112751e-02
 -1.12414494e-01  5.95500208e-02 -4.53235693e-02  5.84175624e-02
  5.11100143e-03 -6.12983145e-02  1.85170531e-01  1.63729414e-02
  6.40684143e-02 -1.79871265e-02  1.45580843e-02 -1.99529473e-02
 -1.62136346e-01 -1.11613289e-01  5.14745936e-02 -5.48698530e-02
 -7.55469203e-02  1.11634657e-01 -1.96939204e-02 -1.01140104e-01
 -9.31503624e-02 -3.88571769e-02  6.92799408e-03 -8.96786004e-02
 -7.80710578e-02 -2.18892723e-01 -8.91297474e-04 -3.08676865e-02
  6.95042834e-02  1.46338731e-01  2.75332481e-01  1.06843635e-01
  1.62153617e-02 -6.01288788e-02  2.92288773e-02  5.31771854e-02
 -1.18576564e-01 -4.78222333e-02  1.41560733e-01  2.17604470e-02
  7.48690218e-02  4.31537703e-02 -8.75783637e-02  8.98002833e-03
  1.13858432e-01 -4.04598154e-02 -3.54403518e-02  4.75700945e-02
 -7.49165118e-02  9.41305831e-02  6.68116882e-02  1.44514057e-03
 -2.08862592e-02 -1.78546265e-01 -6.01972602e-02  5.55593781e-02
 -5.25359958e-02 -2.24130392e-01  7.26815173e-03 -9.51543227e-02
 -3.86937452e-03 -4.19160293e-04  6.46769926e-02 -3.23434733e-02
 -2.16595531e-01 -6.40910640e-02 -9.50270444e-02 -6.07780851e-02
 -1.48871448e-02  7.04709217e-02  1.03673682e-01  8.44573900e-02
  5.91577813e-02  1.45654297e-02  1.22890815e-01 -2.84566283e-02
 -1.68275997e-01  6.74656942e-04 -1.34160459e-01  1.00031681e-01
 -9.60575342e-02 -7.67478198e-02 -8.11419785e-02 -2.31937587e-01
 -9.75094512e-02 -6.14402816e-02 -1.25007508e-02 -1.22260032e-02
  3.79308388e-02 -5.83511479e-02 -7.85307139e-02 -6.96818382e-02
  5.09328805e-02  1.09338518e-02  6.92390054e-02  9.63500421e-03
  6.46253079e-02 -3.13348919e-02  4.83174808e-03 -5.75715117e-03
  1.50447592e-01  5.90052791e-02  1.89787615e-02 -3.93941514e-02
 -1.42999277e-01  1.90856848e-02 -7.72739947e-02 -1.93006694e-02
 -4.34715524e-02 -7.43027851e-02  9.05572176e-02 -8.24820474e-02
  4.83140312e-02  1.41616294e-03  7.97030851e-02  2.59084739e-02
  9.76717249e-02  2.22455245e-02 -9.47812945e-02 -1.14045806e-01
 -1.63431928e-01  5.08312024e-02 -4.11077701e-02  1.38688281e-01
  6.04982972e-02  3.07050031e-02 -5.63740777e-03 -7.73842409e-02
 -2.83051599e-02  1.52282491e-02  2.62863040e-01 -9.45354402e-02
 -4.39257808e-02  3.74758765e-02 -3.37786004e-02  3.90846515e-03
 -5.84326722e-02  9.51647907e-02 -5.76836504e-02 -5.38121052e-02
  1.65061578e-01 -9.41465795e-02  8.04982558e-02  1.31652370e-01
 -3.90497334e-02  6.60644844e-02  6.69039553e-03 -5.75430132e-02
  8.23791102e-02  4.08057459e-02  5.54066151e-02 -6.29709587e-02
  2.67955940e-02 -2.01649189e-01 -8.11034441e-02 -1.64479822e-01
  1.43980220e-01  1.09607458e-01 -6.94723427e-02 -4.12218347e-02
 -5.86044863e-02  1.32180348e-01 -1.18896216e-01 -2.88437866e-02
 -1.09098218e-01 -5.22053316e-02  2.61373892e-02  1.83871359e-01
 -6.67483583e-02 -1.04818337e-01 -9.02004316e-02  3.50239351e-02
 -3.80242988e-02  2.11737782e-01 -1.61077365e-01  5.85533381e-02
 -5.00953794e-02  2.33159494e-02  1.87531903e-01 -1.23397432e-01
 -6.52274936e-02  1.24638356e-01 -1.13583095e-02 -1.08883549e-02
 -5.92964068e-02  9.28959399e-02 -4.86010574e-02  8.71705711e-02
  4.97546829e-02  5.18583506e-02 -5.25943637e-02 -7.45733902e-02
 -2.89591640e-01  1.04594566e-01 -1.58699248e-02 -4.83875796e-02
 -2.04804149e-02  3.43358181e-02 -7.95091391e-02 -9.36141983e-02
  1.71100900e-01  1.08519942e-01 -1.03399299e-01 -1.00422665e-01
  8.21219683e-02 -1.64269283e-01 -1.76975444e-01  2.49512792e-01
 -8.25265273e-02 -2.90921390e-01  3.15102786e-02  7.27394670e-02
 -8.74456018e-02  4.17798430e-01  2.19161846e-02 -2.63417989e-01
  1.78493381e-01  8.86560977e-02  4.89613652e-01 -1.53516829e-01
 -1.32597521e-01 -2.93754399e-01  6.02977388e-02 -3.44708443e-01
 -1.10939622e-01  3.78133357e-02 -6.86270371e-02  4.93189126e-01
  1.21464610e-01  1.24906283e-03  7.05904663e-02 -2.11059839e-01
 -1.16591655e-01  1.32607459e-03 -1.07269846e-01  1.40242085e-01
 -1.50132492e-01 -2.15400904e-01 -1.08579332e-02  1.55037135e-01
  1.73507512e-01  1.21321073e-02 -2.31247365e-01  1.79739241e-02
 -2.50922590e-02 -1.19783260e-01 -4.87734936e-03  1.24180064e-01
  1.43725365e-01 -2.30153352e-02  1.96557157e-02  2.19086617e-01
  5.59530780e-02 -1.62334904e-01  7.83852935e-02  1.27101555e-01
 -3.76094133e-02 -1.00462072e-01  3.81639902e-03  1.09588578e-01
  9.87673029e-02 -1.20616378e-02 -2.22679637e-02  2.96977401e-01
 -1.57328889e-01 -2.49600131e-02 -1.36403829e-01 -7.11983219e-02
 -5.68844043e-02  3.44817601e-02  9.74667668e-02  8.22909176e-02
  1.08279519e-01 -1.53680015e-02  1.45127729e-01  9.69231054e-02
  1.47169277e-01  1.25198349e-01  1.47748098e-01 -1.43859088e-02
  1.12746172e-01  1.71359092e-01  1.51029974e-01 -9.77699086e-02
  7.42675588e-02  4.53973562e-02 -1.48996189e-02 -1.41487107e-01
 -4.92031081e-03  5.14284931e-02  1.42711088e-01  1.01469075e-02
  1.11451678e-01  5.28876595e-02  2.95639914e-02 -8.86500478e-02
  7.55020082e-02 -1.23508006e-01 -6.89795241e-02  1.74668580e-01
 -5.78679554e-02 -2.56467294e-02  2.01815134e-03  1.46820232e-01
 -7.24805817e-02 -1.83742076e-01 -1.12755969e-01 -3.49973068e-02
  9.08973664e-02 -6.51121661e-02 -9.96037126e-02 -2.01616138e-02
  3.28594223e-02 -1.89733263e-02  4.97720540e-02  1.50079662e-02
 -3.04719303e-02 -5.75433159e-03 -7.17815827e-04  8.94607417e-03]