http://erau.edu/ontology/meme.owl#LinsanityJeremyLinMeme
[-1.14554562e-01 -1.64879814e-01 -1.71716567e-02  7.76435882e-02
 -6.05139285e-02  1.00050688e-01  1.37778401e-01  6.20655082e-02
  7.20573068e-02 -9.90629718e-02  1.16728030e-01 -1.19525358e-01
 -1.10602360e-02 -3.30344103e-02  5.47643192e-02  8.32508057e-02
  5.38040511e-02  9.31543931e-02 -1.36368992e-02  1.31575525e-01
 -1.64492764e-02  1.19760536e-01  8.86126384e-02 -1.07318468e-01
  1.02930143e-01  1.84795707e-02  5.74412011e-02 -9.97313857e-02
  1.59686148e-01  1.04364239e-01  5.54684140e-02  1.54112443e-01
 -8.17379281e-02 -2.28374712e-02 -7.45664909e-02  2.46949315e-01
 -9.35668275e-02  4.56437655e-02 -1.65619422e-02 -1.59730747e-01
  7.01987464e-03  1.13476060e-01 -1.32118121e-01  1.84860080e-02
  8.45678076e-02  2.73897648e-02  1.89802404e-02 -4.36887890e-02
 -1.93184968e-02  3.69069576e-02  4.51275781e-02  1.87710039e-02
 -1.44379735e-01 -1.59220845e-01 -1.29448446e-02  8.03107470e-02
  5.47081083e-02 -3.06324288e-02 -7.67513039e-03  2.44434383e-02
 -7.83586204e-02  2.76397262e-02  5.21707498e-02  3.28470115e-03
 -1.04698494e-01 -5.23796752e-02 -4.27051485e-02  1.69747900e-02
 -2.74434909e-02 -1.62653252e-01 -2.22060829e-01  8.41102600e-02
 -1.54334670e-02  7.31515437e-02  1.74826663e-02  8.60856697e-02
 -7.99942687e-02  4.01022583e-02  1.22016303e-01  2.77181994e-03
 -6.15291074e-02 -2.61506671e-03 -3.23253758e-02 -1.79149508e-01
 -8.43362790e-03 -5.65604791e-02 -1.87483698e-01  1.74244970e-01
  9.89687368e-02 -3.67676541e-02  2.04124693e-02 -1.97625250e-01
  1.12325944e-01 -6.84005916e-02 -3.66564281e-02  6.79830089e-02
 -1.41536887e-03  5.83462827e-02 -8.57758820e-02  8.25205166e-03
  1.20158873e-01  2.00970415e-02  4.25436020e-01 -9.93146449e-02
  1.20764852e-01 -3.34107578e-02  5.35630062e-02  7.71067888e-02
  6.46871704e-05 -1.82221904e-01  6.82338774e-02  6.83779791e-02
 -1.15191951e-01 -9.27397832e-02  1.06378667e-01  1.30499065e-01
 -2.25790098e-01  1.40148597e-02  2.02517752e-02  3.34376171e-02
 -1.09578684e-01 -6.22102432e-02  1.94193982e-02  1.11736268e-01
  1.21997871e-01 -2.65990701e-02  3.12256105e-02  1.26451021e-02
  4.05328767e-03  7.11397529e-02 -2.42952168e-01 -3.08681000e-02
 -1.26519604e-02 -1.21568618e-02 -8.18864331e-02  1.12867095e-01
 -3.12538892e-02 -1.08940557e-01 -8.28119144e-02  6.61211982e-02
 -2.63200104e-01  3.88407148e-02  1.32089227e-01 -3.81434453e-03
  1.01511747e-01 -1.68125361e-01  1.52280191e-02 -1.89878047e-01
 -3.67980488e-02  1.59262642e-01 -3.55405733e-02 -1.29517451e-01
  5.58761396e-02  1.91536218e-01  1.99557394e-02  1.05591528e-01
 -1.32602528e-01  2.49413654e-01  4.42717262e-02 -6.02867976e-02
  7.44182756e-03 -2.20355734e-01 -2.91146711e-02 -7.07030296e-03
 -1.18357964e-01 -1.76768631e-01 -2.61061937e-02  1.33442745e-01
 -3.53800625e-01  1.08321473e-01  2.28416137e-02  1.42938867e-01
  8.14269185e-02  1.41691461e-01 -9.89965051e-02  1.33499736e-02
 -3.79118808e-02 -1.48697659e-01  1.57439783e-01 -5.22602983e-02
 -1.35331228e-02  8.57543871e-02  3.05498168e-02  1.03884012e-01
  2.79348567e-02  3.86718614e-03  5.11269532e-02  1.09498769e-01
  2.04312950e-01 -8.26225951e-02  7.67452642e-02 -8.48186687e-02
 -1.46040753e-01 -5.72606747e-04 -2.99850963e-02  9.10116825e-03
  2.43225507e-02  1.77218094e-01 -5.44696599e-02 -1.23249874e-01
  6.00244552e-02 -1.87069811e-02  8.08190182e-02 -8.03620890e-02
 -6.50345907e-02 -2.03333557e-01 -3.81258354e-02  8.09845701e-03
 -7.49811605e-02  8.66876841e-02  2.40893528e-01  1.29390448e-01
  2.11854577e-02  3.09315622e-02  2.87183169e-02  7.92093351e-02
 -1.55392885e-01 -4.36141267e-02  6.37400448e-02  2.80721150e-02
  6.24854304e-02  2.80990750e-02 -6.51421547e-02  2.50623492e-03
 -5.59590831e-02  8.60974640e-02 -1.22653052e-01 -9.10469070e-02
 -1.34084821e-01  8.59665722e-02  1.99454408e-02  5.54610193e-02
 -8.97380114e-02  2.47933809e-03  7.58202672e-02  1.81791838e-02
 -3.22044306e-02 -3.90446037e-02  1.63338900e-01 -8.09141174e-02
 -1.32718980e-02 -9.87849981e-02  2.36746445e-02 -1.26083260e-02
 -2.21629575e-01 -6.05720878e-02 -2.27531508e-01  3.38763259e-02
 -8.19626749e-02 -8.68969709e-02 -6.40997151e-03 -5.48648871e-02
  1.96946472e-01  1.13571703e-01  2.16073081e-01 -1.27669051e-01
 -1.24919377e-01 -2.14844733e-03  7.21165836e-02  1.01919308e-01
 -6.43417612e-02 -9.15314928e-02 -5.74087277e-02 -1.84150279e-01
  6.25835210e-02 -3.13821346e-01 -2.57326979e-02  2.44061295e-02
  6.13357462e-02 -7.09659606e-02 -4.30544727e-02 -3.42856646e-02
 -1.52992770e-01  5.24081988e-03  4.68618125e-02 -5.91047443e-02
  1.60133675e-01 -2.43082568e-02 -5.93835302e-02  4.89590690e-03
  6.94162473e-02 -8.12811498e-03 -4.31077890e-02 -7.52635300e-02
 -1.93449095e-01 -4.18159142e-02 -5.29704355e-02 -2.21191207e-03
 -7.79847130e-02 -1.61308572e-01  1.60384993e-03 -2.06475928e-02
 -1.45658199e-02  5.31159863e-02  2.71192547e-02 -1.98949804e-03
  1.20788507e-01  4.62849922e-02 -1.33753762e-01 -5.26233837e-02
 -1.51977703e-01  8.25848654e-02  3.32145244e-02  1.23794876e-01
 -2.89810710e-02 -1.20333381e-01  1.51138991e-01 -2.56007835e-02
 -4.12579663e-02  4.21067886e-02  1.23090081e-01 -1.36874780e-01
 -2.23577823e-02 -1.68952551e-02 -7.21965283e-02  4.75211106e-02
  5.62573923e-03 -3.42875347e-02 -1.04957297e-01 -3.03003211e-02
  7.80154541e-02 -1.67483374e-01  1.51664242e-01  9.17708948e-02
  3.35375145e-02 -6.21072054e-02 -1.16815247e-01 -1.09751537e-01
  1.33464128e-01  1.82389636e-02 -1.58814229e-02  4.91853543e-02
  2.40489934e-02 -1.24446206e-01 -3.14453393e-02 -1.92466646e-01
  1.59413919e-01  6.62427917e-02 -4.22154590e-02  4.23019640e-02
  4.67314050e-02  6.30930290e-02 -3.49495821e-02 -4.75475639e-02
 -8.14495087e-02 -1.06301926e-01 -1.06997959e-01  1.32947937e-01
 -1.19007751e-03 -1.80909351e-01 -3.99290249e-02  5.78715503e-02
 -9.95669514e-02  1.72827289e-01 -9.88177285e-02  2.31837347e-01
  9.63323265e-02 -1.89704616e-02  1.35452345e-01 -8.14860612e-02
 -1.26963362e-01  1.26583725e-01  1.47705404e-02  4.60377857e-02
  1.37808561e-01 -6.49331734e-02 -2.31721606e-02  1.09337464e-01
  4.07389142e-02  9.89161730e-02  2.63298079e-02 -5.57368435e-02
 -1.55671939e-01  3.34694865e-04  1.03980668e-01  6.77573821e-03
 -5.41584492e-02  1.35414945e-02 -2.94505432e-02 -1.00521944e-01
  6.59915283e-02  1.79068372e-01 -2.96773165e-02 -1.03384867e-01
  1.48889348e-01 -7.24696517e-02 -1.43660307e-01  4.21013162e-02
 -1.31276950e-01 -4.91010360e-02 -8.47569704e-02  4.67370450e-02
 -1.30530708e-02  1.34362966e-01 -2.90680807e-02 -1.15055740e-01
  2.16423124e-02  6.11734018e-02  1.70372277e-01 -3.42056830e-03
 -5.57479374e-02 -3.62687074e-02  9.67928246e-02 -2.23098651e-01
 -6.01035021e-02  4.87057231e-02  2.67058648e-02  3.01302403e-01
  1.27282828e-01  1.06543228e-01  1.31416783e-01 -1.70158371e-01
 -1.48121372e-01 -6.96250296e-04 -1.23511277e-01 -4.99797463e-02
 -1.39213130e-01 -1.11929923e-01 -7.03517795e-02  1.45659357e-01
  6.57995567e-02 -5.06117418e-02 -1.49570897e-01  4.68443334e-02
 -3.41491923e-02 -2.01557547e-01 -1.87567770e-02  1.12819485e-01
  1.15281105e-01 -2.89508607e-02  5.01044355e-02  2.78546184e-01
  2.13470887e-02 -1.68093100e-01  7.35076219e-02  2.08524391e-01
  7.36552700e-02 -7.31056407e-02  6.06604964e-02  2.03194752e-01
  8.98670107e-02  2.58169714e-02 -1.27033725e-01  2.87078619e-01
 -3.29073101e-01 -1.66355580e-01 -2.40391031e-01 -2.87137665e-02
 -1.13864355e-01  4.35937457e-02  9.29800719e-02  1.71975642e-01
  6.10187761e-02 -4.85323463e-03  1.59080282e-01 -5.93703538e-02
  1.17706403e-01  1.86012655e-01  1.39387930e-02 -7.23246112e-02
  1.45305097e-01 -5.10190334e-03  1.35212541e-01 -1.57306463e-01
 -2.84203533e-02  1.04332075e-01 -2.51568686e-02 -1.37879938e-01
 -7.54210800e-02  6.34752586e-02  2.47101620e-01 -2.75628157e-02
  1.19768925e-01  1.38352230e-01  7.98308849e-02 -1.60486355e-01
  1.27451167e-01 -2.05091655e-01 -3.01171653e-02  1.28324509e-01
 -7.66899362e-02 -7.78823495e-02 -1.44917622e-01  3.18849653e-01
 -1.70612320e-01 -1.72848180e-01  5.86694591e-02 -7.48005230e-03
  8.92224088e-02  1.27383873e-01 -9.15826038e-02 -2.35832576e-02
 -2.60059126e-02 -2.74274009e-03  1.93584114e-01 -3.83548178e-02
 -1.08489610e-01 -1.37052402e-01  8.71670246e-02  1.39249295e-01]