http://erau.edu/ontology/meme.owl#ImYouButStrongerMeme
[-1.56281784e-01 -1.65000275e-01  2.70911567e-02  2.01812997e-01
 -6.42730445e-02  8.90241712e-02  2.54594013e-02  1.16755873e-01
 -9.18730572e-02 -9.64831188e-02  1.43924877e-01 -1.41360089e-01
 -7.15682134e-02 -2.08153620e-01  6.28291890e-02  5.22082187e-02
  1.53341621e-01 -6.98720710e-03 -1.16089676e-02 -4.71255742e-02
 -3.06400865e-01  2.35826194e-01  1.02072433e-01 -1.16235569e-01
  1.14063166e-01  8.75749364e-02  1.51796475e-01 -2.42509127e-01
  4.17919427e-01  3.66772890e-01  4.77784425e-02 -2.78823916e-02
 -8.49573314e-02 -2.37047300e-01 -3.36741835e-01  2.82765388e-01
  2.52196454e-02  1.28432438e-01 -1.35520011e-01 -2.99868315e-01
  3.32473934e-01  2.81054884e-01 -1.78077951e-01  9.36831608e-02
  1.88059002e-01  1.64259702e-01 -8.23492855e-02 -2.59240776e-01
  8.72337744e-02  2.51263291e-01  6.64212704e-02 -8.69140401e-02
  2.33194306e-02 -1.99774206e-01 -7.12942854e-02 -2.63897553e-02
  1.36000872e-01 -1.00534208e-01  2.00959951e-01  4.92095500e-02
  7.67768919e-02 -7.18709975e-02  1.33610964e-01  1.15220593e-02
  1.03501845e-02  7.60900527e-02 -1.99985489e-01 -7.16014728e-02
 -1.61479279e-01 -3.75191659e-01 -3.30842465e-01  1.07577361e-01
 -2.47745607e-02 -1.52947545e-01  2.48843014e-01 -9.43659842e-02
  1.09572038e-02 -8.18756875e-03  2.31269881e-01 -1.40747219e-01
 -2.19773054e-01  2.35169847e-02  1.78418234e-01 -2.91622609e-01
  1.06849708e-02 -9.69126895e-02 -2.82864898e-01  8.26195925e-02
  3.20126474e-01  2.65277419e-02 -1.84389874e-01 -1.59423694e-01
  1.60157029e-02 -2.57725835e-01 -6.17806837e-02  4.40029753e-03
 -4.25385945e-02 -4.18032333e-02 -1.13145605e-01 -1.22913763e-01
  2.32558742e-01  1.36857911e-04  5.26281774e-01  6.84086084e-02
 -8.02152604e-02 -2.49736115e-01  5.49272075e-02 -5.84790558e-02
 -1.19951896e-01 -3.52555782e-01  5.35276942e-02 -7.27883279e-02
  9.21473727e-02 -2.71456718e-01  9.78325680e-02 -5.48051205e-03
 -3.73209685e-01  6.61609024e-02 -1.02561429e-01 -3.44663346e-03
 -1.47917479e-01 -1.47027254e-01  1.04620524e-01  5.43494262e-02
 -1.54149637e-01 -1.29392311e-01  4.08642329e-02 -1.30674774e-02
  4.57114279e-02  9.28953663e-02 -2.27150485e-01  1.00596383e-01
 -1.28742158e-01 -1.35231435e-01 -2.05554530e-01  3.37709457e-01
 -3.37241143e-02 -1.71146601e-01 -1.59485325e-01  3.51536972e-03
 -2.12232426e-01  1.13995023e-01  1.21271983e-01 -2.24685267e-01
  2.88265795e-01 -3.98764491e-01  7.17972964e-02  2.39805449e-02
 -2.69053400e-01  4.42187935e-02  4.63144155e-03 -8.40011016e-02
 -1.67114176e-02  2.92497039e-01  3.04058909e-01  3.13225031e-01
 -1.08655445e-01  1.29595175e-01  2.98013110e-02 -4.15116064e-02
  6.57148380e-03 -2.31272519e-01  2.51543730e-01  4.03513834e-02
 -3.27097446e-01 -1.71959621e-03 -9.09677148e-02  2.38346726e-01
 -3.52171808e-01  3.04758519e-01 -1.34301126e-01  1.07824191e-01
  2.06492320e-01  2.29982346e-01 -4.95790094e-02  1.12427652e-01
 -4.65960987e-02 -2.50658423e-01  9.58758369e-02 -2.06672862e-01
 -2.24980302e-02  6.62653372e-02 -1.32991998e-02  3.16880673e-01
 -1.90610766e-01 -4.38678004e-02  2.57366329e-01  2.10870475e-01
  3.10791433e-01 -6.01197407e-02  1.84460893e-01 -2.43092906e-02
 -1.06530905e-01  3.37691419e-02 -3.58447544e-02 -1.80355400e-01
  1.58389792e-01 -1.06481194e-01  6.60345480e-02 -1.33080631e-01
  3.06116361e-02 -1.96404502e-01 -1.35594040e-01 -1.76916316e-01
 -4.18334715e-02 -4.33614343e-01  5.59708141e-02 -1.46864057e-01
 -1.44482955e-01  1.95982233e-01  1.88518748e-01  2.14424506e-01
 -7.93675333e-02 -1.24220930e-01  2.82279819e-01  8.48598555e-02
 -1.55635834e-01 -1.52480364e-01  2.88763613e-01 -3.32097001e-02
  8.22679698e-02 -9.37028602e-02 -1.50726169e-01 -4.95912880e-02
  2.90785849e-01  3.22328508e-01 -1.95512667e-01 -1.69431921e-02
 -1.24637440e-01  4.91205119e-02  6.68118224e-02  1.31145373e-01
 -1.44447297e-01 -2.09255844e-01 -8.94459412e-02 -1.68177679e-01
  1.88363418e-01 -1.07582912e-01  6.65091500e-02 -1.96321443e-01
  1.25463396e-01 -2.65228510e-01 -3.69717716e-03  6.30350262e-02
 -3.63514841e-01  2.50954218e-02 -5.10888956e-02  3.20703894e-01
  6.85285553e-02 -2.33317822e-01 -1.71287451e-02 -6.97433501e-02
  5.50746871e-03  2.15914577e-01  1.52000070e-01 -1.47638666e-02
 -1.19650185e-01  5.88213950e-02  3.16109985e-01  1.82474047e-01
 -1.59178704e-01 -1.56026006e-01 -3.82489190e-02 -1.79991364e-01
  1.92473963e-01 -2.60201603e-01 -3.66342217e-01  8.69146138e-02
 -1.42692342e-01 -1.50972649e-01 -7.64912646e-03 -1.41540542e-01
 -1.94882929e-01  6.56236485e-02  6.75352663e-02 -4.82818522e-02
  1.44309148e-01 -1.38204485e-01  6.54571950e-02 -1.46678716e-01
  1.70721859e-01 -1.26227781e-01  1.54376626e-01  1.59191132e-01
 -2.13891104e-01 -4.48588096e-02  9.52370688e-02  1.38170838e-01
 -2.23124400e-01 -2.30127230e-01 -4.75562848e-02  1.62973240e-01
 -9.68035832e-02  7.61232451e-02  2.66467519e-02 -4.94154207e-02
 -9.52221900e-02 -5.60262287e-03 -1.56750098e-01  9.54737142e-02
 -1.50605500e-01  2.90826652e-02 -9.71248969e-02  4.11762655e-01
 -1.35579389e-02 -3.47792394e-02  1.59609348e-01  4.56512645e-02
  2.58591175e-02  3.29609454e-01  1.74589291e-01 -4.05687504e-02
  1.40953526e-01 -1.01421148e-01  2.72977613e-02 -9.67359096e-02
  2.49074623e-02  2.37092555e-01 -2.77410716e-01 -2.92313900e-02
  1.38408214e-01  7.01611191e-02  6.28323853e-02  3.56373042e-02
  1.75745133e-02  1.75808370e-02  1.26420438e-01 -7.74954483e-02
  1.33033052e-01 -6.14501052e-02 -3.24269459e-02  3.14591918e-03
  2.19932739e-02 -2.57596612e-01 -1.52405113e-01 -2.82652169e-01
  9.99219343e-02  1.08657725e-01 -2.51429796e-01  1.37242854e-01
  6.68574721e-02  1.04365475e-01 -3.48616615e-02 -1.58575132e-01
 -1.00903444e-01  1.17419481e-01  2.44679060e-02  1.41700059e-01
 -4.95759919e-02 -1.40288606e-01  4.18406278e-02 -1.99494716e-02
 -3.21928784e-02  2.89415181e-01 -2.84810103e-02  1.30872294e-01
  2.01076567e-01  4.71439585e-02  1.07379436e-01 -2.30955929e-02
 -9.62012410e-02  6.29861280e-02  3.05720866e-01 -1.55988753e-01
  6.86877668e-02  2.13408489e-02 -1.34542370e-02 -1.93174005e-01
 -1.47889912e-01  8.91938573e-04  9.53850802e-04 -2.75658481e-02
 -2.71010637e-01 -1.10587031e-02  2.02473208e-01  6.93912432e-02
 -2.68563658e-01  6.47240272e-03  1.38627708e-01 -1.78944081e-01
  9.44824070e-02  4.28131782e-02  8.84886980e-02 -1.73694104e-01
  6.55525476e-02 -3.65722477e-02 -3.06683928e-02  1.88186709e-02
  2.40663335e-01 -2.01042056e-01 -2.21276030e-01 -1.31147102e-01
  2.59325236e-01  2.54335236e-02 -8.06561783e-02 -1.71567753e-01
 -6.90779649e-04  2.22865820e-01  1.62912443e-01  4.67046015e-02
  9.23435017e-02  1.64647549e-01 -6.31074533e-02 -2.88052678e-01
 -4.12331551e-01  3.21000325e-03  2.10271537e-01  3.73812109e-01
  2.39422515e-01  1.37928173e-01 -1.95347473e-01 -3.63290787e-01
 -1.59895699e-02 -1.06323650e-02  2.86591146e-02  2.15904247e-02
 -1.45368934e-01 -1.12403641e-02 -1.07471988e-01  3.11161816e-01
  2.33361125e-01 -5.33355176e-02 -1.04487151e-01  1.97292119e-01
  7.63457175e-03 -6.55441284e-02 -1.02723286e-01  3.11959833e-01
  3.65508974e-01 -1.93989128e-01 -6.72457814e-02  2.85477579e-01
  2.55517550e-02 -1.10269010e-01  2.45296329e-01  1.54352099e-01
  7.77136981e-02  9.94701982e-02  1.97139755e-02  4.05121595e-02
  7.49198273e-02 -1.70184061e-01 -9.61876363e-02  1.49870858e-01
 -2.46284992e-01 -1.92654878e-01 -2.05226839e-01 -1.69641778e-01
 -1.37417987e-01  2.00005069e-01  1.69890285e-01  2.14681432e-01
 -3.45182158e-02 -1.38351386e-02  1.59047574e-01  7.01728165e-02
  9.57498420e-03  1.23532914e-01 -8.69125035e-03  2.84564886e-02
  2.30573177e-01 -9.73687097e-02  3.02485377e-02 -3.79975117e-03
 -1.25928298e-01 -1.97166782e-02 -1.67013317e-01 -3.63616347e-02
  5.10730222e-02 -7.85792172e-02  2.26061675e-03 -2.44843904e-02
  4.99317534e-02  1.38243020e-01  1.78900778e-01  3.73146753e-03
 -3.43657434e-02 -5.03230467e-03 -7.43024945e-02  1.46750435e-01
 -2.38875762e-01 -8.53983387e-02 -1.33263797e-01  4.43501055e-01
  1.22120403e-01 -3.05765476e-02  3.88421603e-02  1.89220861e-01
 -1.14235863e-01 -2.03764260e-01 -2.45724559e-01 -1.29082482e-02
  1.14967406e-01 -1.14066713e-01  2.12789699e-01  1.85787492e-02
 -3.07588905e-01  6.68103173e-02  1.14240170e-01  3.13621789e-01]