http://erau.edu/ontology/meme.owl#WhoaWereHalfwayThereMeme
[-1.29907072e-01 -1.77577510e-01  7.15925032e-03  6.19601980e-02
  9.09583643e-02  1.18596047e-01  1.36532962e-01  9.94070247e-02
  8.63932073e-02 -1.46554887e-01 -2.94902641e-02 -3.94988582e-02
 -5.84072992e-02  1.30729666e-02 -2.72787400e-02 -5.48654236e-02
 -6.70372099e-02  7.96331838e-02 -6.09452650e-03  1.60375699e-01
 -1.94894448e-01  8.95371661e-02 -6.90097036e-03 -2.14839149e-02
  6.61306828e-02  7.47330561e-02  1.69372797e-01 -5.70355728e-02
  3.16304415e-01  1.04882471e-01 -1.00067079e-01  1.15394890e-01
  1.38146669e-01 -1.08351171e-01 -8.32801908e-02  3.13964963e-01
  5.08960895e-03  7.77124092e-02  2.69666295e-02 -1.55301377e-01
 -5.70679689e-03  1.25115529e-01 -3.22248563e-02 -4.20823134e-02
  1.47850215e-02 -1.78331882e-02  9.31800529e-02 -6.09333068e-02
  9.11394879e-02  1.16344556e-01 -3.67571437e-03 -2.24575009e-02
 -7.91262910e-02 -2.45582759e-02 -8.36408287e-02 -1.19731434e-01
 -9.93130147e-04 -3.79504971e-02  1.78082600e-01 -1.23209223e-01
 -4.91186976e-02 -9.59319919e-02  3.93073680e-03  6.28610253e-02
 -2.58780748e-01 -6.78131953e-02 -5.88638037e-02 -1.15302414e-01
 -3.54001261e-02 -2.96184212e-01 -5.70137762e-02  9.10055190e-02
  8.60818177e-02  6.44335523e-02  9.75278243e-02  1.07969470e-01
 -2.42154896e-01 -2.63379756e-02  2.14558646e-01  5.65130189e-02
 -7.50804171e-02 -1.51370376e-01 -3.00007518e-02 -2.66164184e-01
  9.85181239e-03 -6.15197904e-02 -1.03699155e-01  1.23652332e-01
  1.28673151e-01  8.70505441e-03 -4.13874015e-02 -4.25282061e-01
  1.08891487e-01 -1.53478026e-01 -6.95390776e-02 -4.13992675e-03
 -6.50032482e-04 -2.74742581e-02  7.56505132e-02 -2.17625163e-02
  4.03395742e-02  4.68454435e-02  3.25981289e-01 -1.74943969e-01
 -4.34979447e-04  2.87720608e-03  2.48644486e-01 -5.77036254e-02
  5.48986010e-02 -2.12985307e-01  1.75695773e-02  3.62881273e-02
 -1.45413965e-01 -1.61997378e-01  1.08040340e-01  2.46915102e-01
 -3.02049190e-01 -1.63636550e-01  5.71894459e-02  1.36690423e-01
  4.51076863e-04 -4.78763431e-02 -3.35761812e-03 -2.84808222e-02
 -1.35952495e-02 -3.95857804e-02  8.76756459e-02 -2.64403801e-02
  3.01161315e-02  3.15541178e-02 -1.80445313e-01 -3.65583450e-02
  6.08738028e-02 -1.19942956e-01  1.17561743e-02  1.04734443e-01
 -1.37130246e-01 -2.44265813e-02 -9.82093066e-02  7.64774680e-02
 -2.64983714e-01  1.20505340e-01  9.70112439e-03  3.20031904e-02
  1.19863637e-01 -1.48676053e-01 -4.66618016e-02  3.19497436e-02
 -8.86594057e-02  9.50721353e-02 -1.97692793e-02 -1.20095229e-02
 -6.32711276e-02 -3.77952643e-02  7.86733553e-02 -2.67748535e-02
 -9.74476337e-02  1.56766355e-01  1.45679086e-01 -1.74006909e-01
  1.14235610e-01 -2.43732527e-01  3.67938466e-02 -9.05493349e-02
 -1.25232756e-01 -4.27711047e-02  1.12023568e-02  8.89018252e-02
 -2.79660374e-01  1.14670135e-01  6.11873418e-02  9.93105173e-02
  3.11195165e-01  2.39049688e-01 -3.47907618e-02  4.03818935e-02
 -2.21038051e-03 -5.50632402e-02  1.58914834e-01 -5.94358146e-02
 -1.18096285e-01  1.63247228e-01  6.95223063e-02  4.86229874e-05
 -1.32633492e-01  5.62651716e-02 -7.42434859e-02  1.01277784e-01
  2.37607002e-01  3.88142541e-02 -1.30486311e-02  1.24106824e-01
 -1.80170789e-01 -2.23758277e-02 -1.09614722e-01  5.31715937e-02
  7.30496347e-02  5.82651375e-03 -5.75700291e-02  5.13956174e-02
  6.05534762e-02 -2.81044170e-02  2.01355945e-02  2.83354726e-02
 -8.43705162e-02 -4.66845967e-02 -2.85063516e-02 -3.62245962e-02
  6.25081882e-02 -1.33961393e-02  1.81357011e-01  1.72256976e-01
  8.03789571e-02 -1.74582884e-01  1.75426751e-01 -4.48430702e-03
  7.82537647e-03  2.86896061e-02  1.20760500e-01  1.30222917e-01
  3.02134782e-01  1.17483400e-01 -3.53470407e-02  8.46823305e-02
  4.79108505e-02 -9.72610191e-02 -3.54223102e-02 -1.45065337e-01
 -3.18427905e-02 -3.46870646e-02 -2.50527095e-02  9.10759345e-03
  2.68132379e-03 -6.71313331e-02  9.69211534e-02  6.02012277e-02
  7.01572672e-02  1.24646097e-01  1.14298262e-01  3.01830824e-02
  7.28843808e-02  5.97549304e-02  2.22271904e-02 -2.08333470e-02
 -1.32366493e-01  3.52922245e-03 -7.55182728e-02  8.28920826e-02
 -4.78513502e-02 -1.06326966e-02  6.73211887e-02  3.90778072e-02
  6.47007525e-02  5.40229725e-03  2.52917975e-01  5.74975424e-02
 -4.75656576e-02 -7.79447258e-02  4.86084409e-02 -4.43759449e-02
 -7.27009550e-02 -2.05381483e-01 -3.47696133e-02 -8.19398984e-02
  8.64020456e-03 -1.28475055e-01  3.16527113e-02  1.37702450e-01
  8.81071687e-02  5.30242696e-02 -2.82442812e-02 -6.98687658e-02
 -8.09225664e-02  8.72978643e-02  1.75870866e-01 -4.83216494e-02
  1.03139980e-02 -2.62646899e-02 -1.21509500e-01 -1.13230042e-01
  1.89313397e-03  8.55033249e-02 -3.97671871e-02  6.99961483e-02
  6.07974268e-02  2.05331366e-03 -1.39814541e-01  7.00588077e-02
  1.79706160e-02 -5.91122434e-02  4.12643775e-02  3.52931656e-02
 -1.34462779e-02 -2.83039138e-02 -3.82669345e-02 -2.96118651e-02
  8.44585076e-02  2.91027166e-02 -4.18984704e-02 -1.09741732e-01
 -1.08437404e-01 -3.19593251e-02 -1.26287378e-02 -3.17795016e-02
 -5.20561412e-02  8.14065635e-02  1.19703732e-01  4.14189184e-03
  9.42289010e-02  6.10612035e-02  1.80543307e-02 -1.34279817e-01
  3.77840437e-02  9.32733044e-02  1.08534507e-02  9.79021266e-02
 -1.66949574e-02  3.90155129e-02  5.96137419e-02 -1.43855870e-01
  5.29462360e-02 -1.04076333e-01  1.01412766e-01  1.13545723e-01
  3.99406292e-02  2.15605237e-02 -1.81740984e-01 -1.37796057e-02
  5.53949140e-02  1.86487306e-02 -9.49051231e-02 -6.72907308e-02
  1.18221655e-01 -5.07305339e-02  1.26776129e-01 -2.46164680e-01
  2.61573270e-02  5.40897697e-02 -5.12596592e-02  7.21882135e-02
  3.70789245e-02  6.34789169e-02  2.35980842e-02 -1.12747708e-02
  2.32002325e-02  4.84276703e-03 -3.10937297e-02 -2.11866610e-02
 -9.18646678e-02 -1.17729992e-01 -2.95630773e-03  6.29125088e-02
 -1.54997677e-01  1.87186286e-01 -2.09330082e-01  3.96870375e-02
  1.69617295e-01 -8.83478299e-02  1.76862270e-01 -1.10005429e-02
 -9.97635573e-02  1.17008500e-01 -8.81044567e-02 -2.07502283e-02
  1.08045690e-01 -2.03841314e-01 -2.99997139e-03  7.17595126e-03
  2.62098038e-03  1.61012243e-02 -7.82778934e-02 -1.22495279e-01
 -9.06479508e-02  5.45160845e-02  9.63050574e-02  4.65579331e-02
 -2.55287252e-02 -1.24163397e-01 -1.17564328e-01 -1.06757045e-01
  9.76580903e-02  2.01557279e-01 -1.77099362e-01 -2.38220841e-01
  1.92048267e-01  6.87386021e-02 -4.37485576e-02  6.74726069e-02
  3.49287912e-02  1.41156744e-02 -9.14291516e-02  1.11062169e-01
 -2.83802133e-02  2.75701005e-03 -7.36983269e-02 -7.24140331e-02
 -4.94172648e-02  7.68666267e-02  1.15816407e-01 -7.25490227e-02
 -3.98937240e-02 -4.05437388e-02 -3.30328476e-03 -6.50372170e-03
 -9.71626118e-02 -6.65440410e-02  5.48786810e-03  9.46661979e-02
  7.72607028e-02 -3.10748443e-03  1.83435947e-01 -1.51245102e-01
 -1.31145298e-01  3.91919864e-03 -5.09602353e-02 -3.75685133e-02
 -1.09179378e-01 -1.31668225e-02  7.84416962e-03  4.59725931e-02
  4.74207290e-02  2.71314406e-04 -2.80289114e-01  8.40766802e-02
 -1.11988150e-02 -2.22147718e-01 -1.35305122e-01  1.55291080e-01
  2.01886475e-01 -1.58712432e-01  5.05087227e-02  2.42201909e-01
  6.63368497e-03  1.09034695e-01  1.64492741e-01  2.94233143e-01
 -8.41259733e-02 -2.36178368e-01 -7.11254925e-02  1.82029873e-01
  1.72781751e-01  1.30085617e-01 -1.26521006e-01  3.88425499e-01
 -2.73544818e-01 -1.73612654e-01 -3.32544059e-01 -1.13966949e-01
 -1.06164366e-01  2.19324589e-01  2.86127180e-02  1.01520374e-01
  1.38761908e-01 -1.09017156e-01  1.95619732e-01 -1.59263954e-01
  4.86146472e-02 -3.96568663e-02  3.83775905e-02 -1.18943699e-01
  1.65465713e-01  6.43920675e-02  7.27145076e-02 -8.69191960e-02
  5.92990108e-02  1.87877715e-01 -1.02155432e-01 -9.05781463e-02
  2.40397244e-03  5.20815104e-02  1.66851923e-01 -4.43340056e-02
  1.44967169e-01  2.26272449e-01  2.91720256e-02 -1.26375973e-01
  1.13880664e-01 -3.13327521e-01 -5.81551604e-02  8.47402737e-02
 -4.60522957e-02  1.01917356e-01 -9.03695151e-02  3.16908360e-01
 -1.48231640e-01 -3.21126103e-01  8.76582786e-02 -4.58749160e-02
  1.83752507e-01  5.60626723e-02 -1.27940521e-01 -5.41958325e-02
  6.50868891e-03  1.29591459e-02  2.64054388e-01 -5.70363142e-02
 -1.75905243e-01 -6.62882775e-02  2.79852189e-02  1.55864537e-01]