http://erau.edu/ontology/meme.owl#IRanOutOfIdeasMeme
[-3.38317566e-02 -1.76721573e-01  9.37144011e-02 -8.42573047e-02
  2.81169955e-02  1.01986028e-01  1.42538682e-01  2.94299833e-02
  7.88274482e-02 -9.92614627e-02  9.37472507e-02 -6.36201724e-02
 -3.12693939e-02  3.31664272e-02 -3.83129604e-02  2.39882618e-02
  7.60381669e-02  1.83583662e-01  3.37040052e-02  9.95837823e-02
 -1.92132980e-01  1.08951949e-01  7.27434829e-02 -4.70354334e-02
  8.67933333e-02  6.49524480e-02  7.75269568e-02 -5.55067062e-02
  2.23752871e-01  5.21719120e-02 -6.39452506e-03  1.85393468e-01
  2.39744876e-02 -5.18834814e-02 -4.00211513e-02  3.43798012e-01
 -6.21188544e-02  9.41995531e-03 -3.45350616e-02 -1.48981899e-01
 -5.90523444e-02  1.29222855e-01 -1.62164822e-01 -1.16533175e-01
 -1.45138963e-03  6.95420653e-02  9.12000164e-02 -6.47470355e-02
 -1.02866115e-02  1.70130469e-02  5.11405356e-02 -5.12812510e-02
 -1.06652722e-01 -1.42180055e-01 -9.84277874e-02 -3.79036106e-02
  9.95952338e-02 -6.84939101e-02  1.56235084e-01  1.49504878e-02
 -7.15028942e-02  9.54301504e-05  5.58364131e-02  3.28435116e-02
 -2.43025377e-01 -1.32633016e-01  1.63658743e-03 -1.30789638e-01
 -4.94601466e-02 -1.57695770e-01 -1.25290275e-01  1.39995456e-01
  1.18910648e-01  2.23290354e-01  4.69308607e-02  2.07971692e-01
 -1.54644862e-01 -2.05470715e-02  2.00848922e-01  1.12561069e-01
 -5.84186725e-02 -1.50610521e-01 -1.79432452e-01 -2.12528110e-01
  4.08308767e-02 -1.04972318e-01 -2.19464824e-02  4.64949049e-02
  7.26864934e-02 -9.56165493e-02  5.48854284e-02 -3.85172278e-01
  1.59884304e-01  2.33740918e-02 -1.01149201e-01  1.29127190e-01
  3.05846129e-02 -8.40299502e-02 -2.81852949e-02  1.97814535e-02
  1.42469078e-01  5.97028695e-02  2.90699452e-01 -1.67885616e-01
  9.38965455e-02  7.95016959e-02  2.25085571e-01  1.85590126e-02
  1.21153578e-01 -4.88524511e-02 -2.06996175e-03  8.04130584e-02
 -1.94203526e-01 -1.55802265e-01  1.34668574e-01  7.27301240e-02
 -3.00819546e-01 -2.46290579e-01  3.55010554e-02  1.44687608e-01
 -7.59528056e-02 -2.99864989e-02 -5.77337928e-02  1.72061659e-03
  1.02750205e-01 -9.31794941e-02  5.65900430e-02 -1.22049022e-02
  1.54072508e-01 -1.23129413e-02 -2.57282346e-01 -1.17554486e-01
  1.15713021e-02 -2.16617770e-02 -2.61726137e-02  1.68467909e-01
 -1.18776180e-01 -6.70769736e-02 -7.73712993e-02  1.45591525e-02
 -3.67627263e-01  4.33153212e-02  1.53445706e-01  1.86793149e-01
  2.13376284e-01 -1.40490308e-01 -3.15741566e-03 -2.12476268e-01
 -1.63062215e-01  2.43231848e-01 -4.20362614e-02 -8.48248899e-02
 -1.05675660e-01 -7.89071769e-02 -5.57201356e-02  1.86717827e-02
 -1.93023741e-01  1.82500303e-01  4.58766073e-02 -2.23351359e-01
  1.19427115e-01 -1.53677031e-01 -1.16708942e-01 -7.95164406e-02
 -1.83572039e-01 -1.58645123e-01  8.66578743e-02  1.99662030e-01
 -3.26141804e-01  1.03646055e-01 -1.21781202e-02  1.22257285e-01
  2.05177769e-01  2.09489793e-01 -6.55406937e-02 -6.41923174e-02
 -3.31109017e-02 -3.23684774e-02  2.90001214e-01  5.99978641e-02
 -1.08886741e-01  1.42762527e-01  1.22518316e-01 -2.66349334e-02
 -9.19179395e-02 -3.05776708e-02 -5.09266332e-02  1.47242203e-01
  2.24603206e-01  5.45684174e-02  1.10414453e-01 -4.77025732e-02
 -2.29943737e-01 -1.13826290e-01 -6.40369579e-02  1.07676893e-01
  8.38175323e-03  2.48045355e-01 -2.02485353e-01 -1.46621000e-02
  7.53264353e-02  8.08392763e-02  1.85422659e-01 -6.36827871e-02
 -1.00247785e-01 -2.43710980e-01 -5.03223762e-02 -5.26798815e-02
  1.25508219e-01  1.01839714e-01  3.31533432e-01  7.98301026e-02
  4.34984416e-02 -4.69951518e-02  2.96804961e-02 -5.39017841e-02
 -7.05541745e-02 -1.33198485e-01  1.31787822e-01  1.19235158e-01
  2.26356387e-01  2.14217380e-01 -3.25901471e-02  1.18243508e-01
 -5.93434162e-02 -4.58863452e-02 -1.48554698e-01 -1.30587310e-01
 -2.77792495e-02 -2.78182272e-02  1.09246239e-01  9.57561359e-02
  1.59333944e-02 -5.18256389e-02  1.02775410e-01  1.12734124e-01
 -8.83075222e-03  4.75243516e-02  1.24097288e-01  4.77114990e-02
 -1.82688162e-02 -3.81892957e-02  8.27681348e-02 -1.67349260e-03
 -2.04592332e-01 -5.97552732e-02 -2.52060890e-01 -9.02715176e-02
 -1.62235767e-01  9.48602483e-02  5.86670544e-03 -1.72305405e-02
  1.11212231e-01 -6.45261928e-02  2.60872215e-01 -4.44930121e-02
 -1.20894894e-01 -2.75649205e-02 -3.74275967e-02  2.70071384e-02
 -9.73319784e-02 -1.51980758e-01 -3.19689955e-03 -9.81237516e-02
 -1.26025885e-01 -2.74743229e-01  8.61008838e-02  1.14871398e-01
  2.84519732e-01 -1.09800130e-01 -2.31166892e-02 -9.05180871e-02
 -3.39492671e-02 -1.39846317e-02  1.19428061e-01 -1.57994911e-01
  5.09434342e-02  4.37510870e-02 -9.69915912e-02 -7.14433566e-02
  6.10407814e-02  1.73572674e-01 -1.27533570e-01 -1.46014988e-01
 -1.10670067e-01  4.21566479e-02 -1.40283704e-01  7.96253141e-03
  2.54707001e-02 -4.18156572e-02  7.14093894e-02 -1.26384929e-01
 -7.89114740e-03 -1.28121361e-01  1.19847246e-02  7.24631920e-02
  2.47885182e-01 -4.10595424e-02  3.56439687e-02 -1.84504390e-01
 -1.63354740e-01  2.44742949e-02  1.62005443e-02 -3.96349188e-03
 -5.27287573e-02 -9.27575454e-02  1.38700694e-01 -4.27834205e-02
  3.22608650e-02  5.70624210e-02  9.60938185e-02 -2.35177115e-01
 -1.12943575e-01  7.04932436e-02 -9.30325240e-02  9.61669907e-02
 -4.89954911e-02 -7.64902681e-02  1.56756088e-01 -1.53330103e-01
 -7.77770355e-02 -1.76709965e-01  1.60607621e-01  1.86199576e-01
  5.38050430e-03  6.30357116e-02 -2.44976386e-01  2.82705249e-03
  1.13680281e-01 -3.53250350e-03  1.00313075e-01  7.15560317e-02
  2.83735264e-02 -2.97673419e-02  2.41744667e-02 -1.99143171e-01
  1.61333293e-01  8.02466944e-02  5.30361049e-02  1.13677427e-01
  6.14601634e-02 -6.35764329e-04 -8.59921239e-03 -3.14728022e-02
 -8.77926592e-03 -9.14184898e-02 -1.09261572e-01 -9.59727971e-04
 -8.78153136e-04 -1.44686282e-01 -2.96416525e-02  8.43819827e-02
 -1.72519788e-01  1.47934765e-01 -2.16346771e-01  1.55235557e-02
 -2.70503610e-02 -2.21929923e-01  2.31279150e-01 -9.42544341e-02
 -1.27436861e-01  2.02490360e-01 -1.46232396e-01  9.27672982e-02
  4.06461321e-02 -1.89639986e-01 -9.03061032e-02  1.01371318e-01
  2.15771683e-02  2.24768259e-02 -1.64166454e-03 -7.59920627e-02
 -1.76532716e-01  1.01243757e-01 -1.14423595e-01 -8.34183320e-02
 -5.72889261e-02  8.63103475e-03 -1.68073654e-01 -4.88772690e-02
  6.32211715e-02  2.54683614e-01 -2.47959286e-01 -7.46281892e-02
  8.88606161e-02 -2.80321836e-02 -8.54910240e-02  8.38324502e-02
 -1.98644564e-01  8.14489871e-02 -2.97502913e-02  9.09665599e-02
 -1.26530811e-01  2.28326432e-02  3.43641192e-02  3.32959965e-02
 -4.49112505e-02  4.31625964e-03  8.37076157e-02 -6.89315796e-02
 -6.30450025e-02 -7.03486055e-02 -9.70400870e-04  1.29642323e-01
  1.13771603e-01  4.63983528e-02 -3.93164605e-02 -1.35888293e-01
  9.15550068e-02  1.19036146e-01  3.01496953e-01 -5.65291569e-02
 -1.53989539e-01 -1.79179594e-01  3.44106229e-04  7.17640892e-02
 -3.60025764e-02 -5.54167107e-02  1.27235269e-02 -8.76664370e-02
  8.88053924e-02 -3.32312994e-02 -1.00094937e-01  6.45031258e-02
 -5.59219755e-02 -2.94258922e-01 -4.24125092e-03  1.40345007e-01
  5.04113082e-03 -7.27030337e-02  2.57187545e-01  2.10891381e-01
  6.04043566e-02 -1.24570556e-01  7.67523572e-02  1.66987211e-01
 -9.48325172e-02 -1.56471103e-01 -2.27039549e-02  1.91421300e-01
 -4.46071848e-02  1.51623264e-01 -8.59566033e-02  2.36069426e-01
 -2.72970825e-01  2.69548632e-02 -1.36110961e-01 -9.12481546e-02
 -5.79195991e-02  6.70749247e-02  3.22453044e-02  6.25957455e-03
  1.84959710e-01 -5.96573111e-03  2.02874541e-01 -1.09284438e-01
  4.65199314e-02  3.08698155e-02  2.63073128e-02 -1.04573466e-01
  1.09909087e-01  7.22558945e-02  1.68882847e-01 -1.48051366e-01
  9.46054235e-02  1.20910682e-01 -3.16743217e-02 -1.07377872e-01
  5.80248539e-04  9.94274989e-02  1.18081272e-01 -1.55964652e-02
  1.95021376e-01  1.01470491e-02 -6.21532835e-02 -1.63353980e-01
  2.04381108e-01 -1.95143163e-01 -4.35935371e-02  4.13562059e-02
  8.12411681e-02 -1.99147612e-02 -9.76482108e-02  1.87107533e-01
 -2.13017538e-01 -2.02097863e-01  3.07254866e-03 -9.83003974e-02
  1.20424405e-01  6.58349469e-02 -8.19154605e-02 -3.66850272e-02
 -8.71801376e-02 -3.46690156e-02  2.05194026e-01 -4.46392894e-02
  2.70414036e-02 -1.93995401e-01  6.74087033e-02  7.90231898e-02]