http://erau.edu/ontology/meme.owl#LifeHacksMeme
[-5.87773183e-03 -1.31333888e-01  4.06317459e-03  8.15551821e-03
  9.23618823e-02  8.14547241e-02  2.04677328e-01 -2.23763566e-02
 -3.17189470e-02 -8.91009793e-02  8.49793926e-02 -1.12657808e-01
 -5.67385443e-02 -4.62108552e-02 -9.65711102e-02  9.70367866e-04
 -3.17171104e-02  1.23185873e-01 -7.94942006e-02  9.23487023e-02
 -1.45226166e-01  1.55099526e-01  1.02761105e-01 -1.28330469e-01
  1.00636426e-02 -9.15053114e-03  8.67731217e-03 -1.12280235e-01
  1.98445320e-01 -7.42363781e-02  1.09433815e-01  1.05333440e-01
  4.25881855e-02 -6.75939694e-02 -1.01212546e-01  2.65137821e-01
 -1.82953227e-06  1.74818367e-01  1.39501067e-02 -8.45749900e-02
 -7.47467205e-02  1.11283183e-01 -2.64863849e-01 -8.07949007e-02
  5.78622855e-02  3.33433263e-02 -6.63790898e-03 -5.38983420e-02
  3.14307623e-02  3.32755633e-02  1.19093522e-01 -4.87166271e-03
 -1.42313823e-01 -1.57085821e-01 -1.36477828e-01 -3.54093574e-02
  1.38759226e-01 -1.94400012e-01  6.81187361e-02  5.73034175e-02
 -1.85457189e-02 -1.03007376e-01  1.38712093e-01  4.12784284e-03
 -1.15425967e-01 -1.51208088e-01 -8.47853534e-03 -5.14559485e-02
 -1.10159025e-01 -5.95668480e-02 -5.29311772e-04  1.17751852e-01
  9.61394981e-02  3.19510736e-02 -4.63289954e-02  9.39672068e-02
 -1.06258646e-01  2.92984731e-02  1.13800332e-01  1.04988292e-02
  4.79555726e-02 -5.40730618e-02 -6.58223629e-02 -2.38803327e-01
  6.80508614e-02 -7.78933391e-02 -6.19800612e-02 -3.41177620e-02
  3.33422944e-02 -3.84687372e-02 -3.07808518e-02 -1.75711662e-01
  1.26006067e-01 -2.46862415e-02  1.16897011e-02 -4.39852327e-02
  5.09694144e-02 -6.22983761e-02  5.03063248e-03 -6.04577400e-02
  1.01909325e-01  6.95448741e-02  2.35123262e-01 -4.78667542e-02
  9.36128423e-02  6.87086284e-02  1.94956720e-01  1.99875813e-02
  7.91680515e-02  5.50655499e-02 -3.37101854e-02 -1.16186570e-02
 -1.12103440e-01 -6.38141409e-02  1.24807887e-01  3.87380458e-02
 -1.86306074e-01 -1.37839079e-01  2.22802404e-02  1.52542681e-01
  6.57875382e-04 -3.72747122e-03 -1.10537156e-01  8.20149556e-02
  4.49043810e-02  4.87290882e-03  7.73800984e-02  7.99083635e-02
  6.25592396e-02  1.15716439e-02 -2.09172323e-01 -3.99134457e-02
  1.77178383e-02 -7.00847581e-02 -4.66041863e-02  1.37440667e-01
 -2.40094699e-02 -9.88176651e-03 -1.30486131e-01  1.25657767e-01
 -1.84029922e-01  4.13264371e-02  1.20160311e-01  2.64945235e-02
  2.23931149e-01 -1.58335656e-01  4.63190749e-02 -4.97861207e-02
 -2.18433123e-02  1.83969900e-01  8.25692713e-03 -6.14991486e-02
 -4.65171635e-02 -4.43912596e-02 -1.07506528e-01  4.68341336e-02
 -1.59334451e-01  1.96289942e-01  3.40734161e-02 -1.07317291e-01
  5.05226105e-03 -2.11292207e-02 -9.55283940e-02 -7.08361268e-02
 -2.14965329e-01 -1.14470467e-01 -7.79579068e-03  1.56979427e-01
 -2.18411654e-01  9.74651128e-02  5.95474523e-03  1.36921450e-01
  2.14135945e-01  1.62003666e-01 -4.19542752e-02 -1.38540819e-01
  6.23439625e-02 -1.17937233e-02  9.89089385e-02 -1.22481706e-02
 -1.01131342e-01  3.14915851e-02  1.19093262e-01 -5.96123077e-02
  1.38446037e-02 -2.81394552e-03  1.09382533e-01  5.00313342e-02
  9.56542194e-02 -3.61544453e-02 -8.63762870e-02 -1.51445344e-02
 -1.85262084e-01 -9.56751257e-02  1.63479522e-02  3.34180892e-02
  6.65050074e-02  1.50809646e-01 -6.05120771e-02 -7.39713162e-02
  1.74537897e-02  3.94226834e-02  1.45830303e-01  1.38561865e-02
 -1.40553415e-01 -1.92813709e-01 -2.16788445e-02  5.44115454e-02
  1.76072150e-01  1.84800208e-01  2.49046788e-01 -2.86061224e-02
 -1.85992327e-02 -4.25737798e-02  2.05047056e-02 -1.98512059e-02
 -7.07861781e-02  6.14742078e-02  1.73261389e-01  1.58168912e-01
  5.27608581e-02  1.75744757e-01 -5.50561622e-02  1.20872289e-01
 -6.66691735e-03  1.46499090e-02 -8.46660789e-03 -6.50512874e-02
  4.93941382e-02 -4.88631874e-02  5.15838377e-02 -7.66572505e-02
 -9.80382487e-02 -5.78551888e-02  4.16081212e-02  1.26184061e-01
 -1.18550301e-01 -1.27590626e-01  8.96440595e-02 -4.81362641e-02
 -8.50058049e-02 -6.37653992e-02  5.71896136e-03 -5.66477850e-02
 -8.42915550e-02 -4.45818640e-02 -1.55070782e-01 -8.47723335e-03
 -3.49645428e-02  4.37395880e-03  2.56192479e-02  5.18824421e-02
  1.24959730e-01 -5.68293594e-02  1.16756670e-01 -2.05338411e-02
 -1.00900851e-01  6.38086423e-02  5.12547567e-02 -1.70514937e-02
 -7.92594701e-02 -1.88165650e-01 -7.68702030e-02 -9.93223563e-02
 -9.58270803e-02 -1.72900245e-01  6.92973509e-02  4.46417481e-02
  7.95150325e-02 -7.90025890e-02 -7.87456110e-02 -1.36821732e-01
  6.83618933e-02  4.49808501e-02  1.58898905e-01  4.23441753e-02
  1.37133896e-01 -4.50888276e-02 -6.13562986e-02 -3.66931930e-02
  5.88659495e-02  1.07815400e-01  6.68102270e-03 -8.37326124e-02
 -1.29702017e-01  4.29305173e-02 -4.72142212e-02 -6.98633566e-02
 -1.11862496e-01 -1.26827538e-01  7.38447830e-02 -7.94240981e-02
  4.56288643e-02 -8.60460326e-02 -8.96347221e-03  8.66015106e-02
  1.13584444e-01  5.35311066e-02 -2.77341567e-02 -1.62385151e-01
 -1.91812307e-01  2.57187020e-02 -1.03750508e-02  1.15122296e-01
 -1.46550452e-02 -3.94346453e-02  8.25678036e-02 -5.95010370e-02
 -1.42436940e-02  1.38290292e-02  1.89388931e-01 -1.24198452e-01
 -1.30162714e-02  7.05562383e-02 -1.48129433e-01  3.38013768e-02
 -8.47656503e-02 -2.28245594e-02  5.21652400e-02 -1.01355948e-01
  1.05924673e-01 -1.60095319e-01  7.32554421e-02  2.04218268e-01
  4.55079228e-02  5.38984761e-02 -1.25598565e-01 -3.14289145e-02
  1.25180572e-01  3.81733738e-02 -6.53975382e-02 -5.18121608e-02
  2.93039437e-02 -8.59359503e-02  5.52638294e-03 -7.86020085e-02
  1.84390247e-01  2.16185600e-02  2.46210657e-02  6.69697896e-02
  1.42296283e-02  5.77305891e-02 -1.19302208e-02 -1.04276359e-01
  6.76544607e-02 -7.81368688e-02 -9.52624753e-02  2.39053220e-02
 -4.50983457e-03 -7.43300766e-02 -3.86586860e-02 -8.98869056e-03
 -1.56435132e-01  6.45722151e-02 -2.32980937e-01  3.05191502e-02
 -3.85511070e-02  2.76438594e-02  1.96939558e-01 -2.38773171e-02
 -6.19420297e-02 -4.44768257e-02 -3.38112786e-02 -4.80602421e-02
  5.47093078e-02 -1.96352433e-02 -2.89280992e-02  1.13158420e-01
  1.32986665e-01  6.86734691e-02 -8.12537596e-03 -1.08709417e-01
 -4.98719551e-02  5.98397292e-02  5.22331474e-03 -4.22319695e-02
 -3.12151778e-02 -2.00925618e-02 -3.06253415e-02 -4.75903377e-02
 -2.38194931e-02  1.34861127e-01 -1.12403408e-01 -2.82596815e-02
  1.63127407e-02 -4.24531884e-02 -1.27963781e-01  2.30072230e-01
 -4.49044034e-02 -6.23999089e-02  8.24183300e-02  3.57961915e-02
 -7.16833770e-02  2.90873140e-01 -1.71682369e-02 -1.70686126e-01
  2.13409849e-02  5.28574921e-02  3.70350987e-01 -4.41528670e-02
  2.97168940e-02 -2.37277746e-01  1.14378251e-01 -1.79581627e-01
 -8.10580924e-02 -1.90899745e-02 -1.30619824e-01  2.16605604e-01
  5.19883297e-02  6.66721463e-02  1.02175102e-01 -1.37771130e-01
 -1.00827850e-01 -2.27449778e-02 -7.05038663e-03  7.79103534e-03
 -5.43533545e-03 -1.16642006e-01  2.06936076e-02  3.75378802e-02
  1.06962115e-01 -3.34315486e-02 -7.03532025e-02  4.28758673e-02
 -6.11945465e-02 -8.00243467e-02 -5.93696199e-02  2.31711939e-02
  1.04492977e-01 -4.58037034e-02  2.05654334e-02  1.10569678e-01
  6.30569234e-02 -1.43485889e-01  1.29984275e-01  7.05837086e-02
  9.27297026e-02 -1.62887171e-01  5.14566936e-02  1.09320618e-01
  1.29268676e-01  1.06966846e-01 -7.96589479e-02  2.08117023e-01
 -1.33231863e-01  1.86063536e-02 -1.36604175e-01 -1.50145637e-03
  4.70048003e-03  2.53117457e-02  1.84960160e-02  5.97568136e-03
  1.37944326e-01  1.70381293e-02  1.24268286e-01  4.54845876e-02
  1.53040558e-01  3.31109054e-02  3.97871137e-02  5.13794273e-02
 -1.03860451e-02  1.69749454e-01  9.27994102e-02 -1.19144566e-01
  7.11489245e-02  1.38867930e-01 -8.70098639e-03 -1.13609903e-01
 -1.47787649e-02  1.09385448e-02  1.58693194e-01  2.05359422e-02
  1.51462138e-01  1.30041882e-01 -4.15188707e-02 -9.20444503e-02
  3.31044085e-02 -1.29465386e-01 -3.87256145e-02  8.15488175e-02
  4.61643655e-03  1.53534068e-02 -6.50740713e-02  1.04200035e-01
 -9.62632895e-02 -1.19343780e-01 -4.91345786e-02 -5.70007861e-02
  9.92452577e-02  2.28240434e-02  2.57568643e-03  4.99999411e-02
 -5.72890714e-02  4.59179580e-02  1.17679566e-01 -3.66425291e-02
  7.50671625e-02  4.74270843e-02 -5.40931001e-02 -5.51595399e-03]