http://erau.edu/ontology/meme.owl#4chanUniversityMeme
[-6.09896481e-02 -1.05459556e-01  1.37296738e-02  8.11473932e-03
 -1.20435752e-01  2.29991693e-02  1.13705106e-01  1.36750534e-01
  1.09831154e-01 -4.03289869e-02  1.47863224e-01 -9.59351808e-02
 -1.32662486e-02 -1.36296675e-01 -4.36962284e-02  1.34319499e-01
  1.06054954e-02  7.14730173e-02 -5.68125173e-02  9.52342376e-02
 -4.49162088e-02  9.47179943e-02  7.78193474e-02 -1.69949308e-01
  1.36704654e-01 -2.45728418e-02  1.23259142e-01 -1.22247085e-01
  1.18599124e-01  4.80523705e-02  8.88674036e-02  2.21651956e-03
 -9.79271457e-02 -7.68494606e-03 -8.34280476e-02  9.25384983e-02
 -5.26815802e-02  8.67063273e-03 -1.15267605e-01 -1.60323054e-01
  6.67211488e-02  1.95874423e-01 -1.77279398e-01 -5.64778820e-02
  4.90322784e-02  8.05634484e-02 -2.58635506e-02 -7.93925002e-02
 -7.29838386e-02  3.77988555e-02  1.24580570e-01 -7.66429976e-02
 -6.62037283e-02 -1.94167510e-01 -1.17097698e-01 -1.19041748e-01
  4.04555686e-02 -6.86168596e-02  7.26035833e-02  1.10365815e-01
  2.32081041e-02 -6.77072555e-02  1.42484665e-01  6.43588826e-02
 -2.25776583e-02 -1.01385720e-01  3.35472338e-02  1.87696014e-02
 -6.82787225e-02 -1.39145389e-01 -1.57340035e-01  1.04267821e-01
  1.52130321e-01  4.31690812e-02 -4.68511656e-02  2.03431800e-01
 -7.17005730e-02  8.59808698e-02  1.19694851e-01  2.84521021e-02
  6.27078637e-02 -7.56997913e-02 -1.04576729e-01 -5.98937050e-02
  9.22774076e-02 -8.58555138e-02 -1.18945427e-01  3.72437388e-02
  9.01614409e-03 -5.67798242e-02  2.63772458e-02 -1.84179768e-01
  1.47364408e-01 -9.72972736e-02 -7.88047835e-02  4.56040986e-02
  2.66059358e-02  3.77750657e-02  6.97109429e-03 -2.26494786e-03
  1.92736581e-01 -3.48314121e-02  2.73795307e-01 -1.09737575e-01
  2.06500664e-02 -2.56296527e-02  5.72704598e-02  2.83026583e-02
 -4.33188491e-02  2.79296748e-03  2.51264870e-02  6.09237850e-02
 -2.00016741e-02 -1.38722524e-01  3.26143466e-02 -2.31447686e-02
 -2.58294314e-01 -1.45469114e-01  4.99856845e-02 -6.97480887e-02
 -8.90997052e-02  1.72000900e-02 -1.04147084e-01  9.30773690e-02
  8.54596123e-02 -9.05929804e-02 -9.81845930e-02 -6.47038519e-02
 -2.65316665e-02 -1.49202847e-03 -2.89297253e-01 -5.02590202e-02
 -6.60768226e-02 -6.25966070e-03 -1.66014388e-01  1.06741965e-01
 -4.60302196e-02 -1.02307707e-01 -1.69457257e-01  1.16896912e-01
 -3.40738654e-01 -6.09286502e-02  1.08893134e-01 -3.65850586e-03
  2.52097875e-01 -2.53044754e-01  7.77197257e-02 -1.65531605e-01
 -7.77613930e-03  1.37680545e-01  2.02728827e-02 -2.36359984e-02
  1.99690592e-02  3.27204727e-02 -1.28274351e-01  6.38272762e-02
 -2.07753479e-01  1.90805197e-01 -5.10447323e-02 -1.55642614e-01
  9.66712385e-02 -6.94452152e-02  5.68948761e-02 -5.43524399e-02
 -1.98868498e-01 -2.06046522e-01 -1.23394318e-01  1.46943569e-01
 -2.41520897e-01  8.79278854e-02 -3.75210866e-02  1.88206807e-01
  2.15026662e-01  7.93783143e-02 -1.11671351e-02 -5.99996857e-02
 -1.57443464e-01  4.84562153e-03  9.84647423e-02 -6.01307303e-02
 -5.49945273e-02  1.40044495e-01 -1.43145630e-03  1.17217973e-01
 -6.94946125e-02 -5.19640222e-02  2.30600744e-01  5.60989343e-02
  1.26602829e-01 -1.63208753e-01  7.00985119e-02  1.79466680e-02
 -1.81725278e-01 -4.88050506e-02 -7.32373744e-02  8.94585159e-03
 -6.64238855e-02  1.80316776e-01 -1.73843130e-02 -4.95066084e-02
 -7.45732635e-02 -4.94744303e-03  3.57273780e-02 -1.10256754e-01
  1.36508495e-02 -1.81792900e-01 -5.56336604e-02 -1.45136928e-02
 -9.01623070e-02  1.07282989e-01  1.51602685e-01  1.36102149e-02
 -3.34204845e-02 -5.76958247e-02  9.54247341e-02  1.39358059e-01
 -2.09411353e-01 -1.29485905e-01  2.04193845e-01 -1.41283013e-02
  1.83733508e-01  1.22664467e-01 -1.09108984e-01  3.90353091e-02
  1.89170218e-03 -8.12538713e-03 -2.20037729e-01  1.49272997e-02
 -2.24442892e-02  4.00590934e-02  6.43915981e-02 -3.97487767e-02
 -2.10312665e-01 -4.71206494e-02 -7.43260384e-02 -6.41646516e-03
 -9.86299515e-02 -1.46595731e-01  4.93714400e-02 -1.49820194e-01
  7.04615191e-03 -3.52428220e-02  4.73339222e-02  1.04200160e-02
 -1.45135999e-01 -1.14960700e-01 -2.35041961e-01 -5.90237603e-02
 -1.64841697e-01  7.67484903e-02  1.14208542e-01  3.28690163e-03
  1.65922076e-01  1.03883825e-01  1.95086658e-01 -4.85207736e-02
 -1.27060473e-01 -1.33401342e-02 -7.59214535e-02  2.62587462e-02
 -6.09463602e-02 -1.18185461e-01 -6.53788913e-03 -1.84146017e-01
 -5.48161939e-02 -2.21391544e-01  3.80750443e-03 -1.07259806e-02
  1.72825724e-01 -1.01905875e-01  3.07115167e-02 -1.26443401e-01
 -6.50432557e-02  1.08969554e-01  1.43812373e-01 -1.05210528e-01
  1.65232196e-01 -9.27864611e-02 -4.85686958e-02  6.94254860e-02
  1.11464687e-01  6.54290542e-02 -3.34549844e-02 -5.97434193e-02
 -2.06945896e-01  3.83222243e-03 -8.27986971e-02 -7.51703009e-02
 -1.05440304e-01 -1.61364198e-01  1.37304366e-01 -7.51943812e-02
  1.88019183e-02 -5.03636338e-02  6.60319105e-02  7.42868036e-02
  1.75612137e-01  8.34195390e-02 -1.38834091e-02 -4.36953716e-02
 -3.20835859e-01  4.42224927e-02 -8.15018862e-02  1.21723101e-01
  7.78990388e-02 -5.17372526e-02  9.60196108e-02 -1.10828951e-02
 -5.40047092e-03  1.22602224e-01  2.51583368e-01 -1.81495413e-01
 -7.26386532e-02 -1.38552720e-02  2.10962296e-02  1.80551270e-03
  4.01474768e-03  1.63819268e-02 -5.80004938e-02 -7.97222927e-02
  2.54407409e-04 -2.24838793e-01  1.67014405e-01  8.87751952e-02
 -6.02271147e-02  2.11269688e-02 -1.21215498e-02 -1.11883931e-01
  6.49393052e-02 -4.78919595e-02  1.91871095e-02  1.14235692e-01
 -3.59220617e-02 -1.07801765e-01 -1.38121292e-01 -2.11428851e-01
  2.09468216e-01  1.60789594e-01 -1.48247570e-01 -3.24261263e-02
 -1.56256594e-02  1.41932786e-01 -5.31418063e-02  2.39779055e-02
 -7.90546089e-02 -3.43106836e-02  1.05503923e-03  1.60141528e-01
 -1.06575251e-01 -6.80195838e-02 -7.99982399e-02  9.69076976e-02
  2.87373811e-02  1.09567553e-01 -1.52867898e-01  1.23707362e-01
 -1.16949260e-01 -1.32581308e-01  1.69664800e-01 -1.24696791e-02
 -1.28002211e-01  8.13784823e-02  2.54715458e-02 -7.68167386e-03
 -1.03042796e-01  1.05070636e-01 -1.08711131e-01  1.45773485e-01
 -1.23992823e-01  1.72457248e-02 -5.53708635e-02  5.61900847e-02
 -2.50313014e-01 -4.30734307e-02  4.37383652e-02 -1.74225762e-01
 -1.30353585e-01  1.41441985e-03 -8.21368620e-02 -5.52302897e-02
  1.36735588e-01  7.09887519e-02 -4.53311019e-02  5.19237481e-02
  1.15737364e-01 -1.16819464e-01 -7.23937601e-02  1.15681805e-01
 -1.44518599e-01 -8.88695642e-02 -6.03440665e-02  6.12002760e-02
  5.51834442e-02  1.07347675e-01 -3.06304600e-02 -1.92263633e-01
  1.03799835e-01  7.67823160e-02  7.63983428e-02 -4.86511923e-02
 -4.11717333e-02 -3.31814408e-01 -1.59667134e-02 -1.96636200e-01
 -9.96117070e-02 -2.71543078e-02 -1.21920660e-01  2.09678948e-01
  1.60016477e-01  2.33239904e-01  4.63899076e-02 -2.57342160e-01
 -8.79488289e-02 -9.48898196e-02 -4.52968180e-02  2.24497914e-02
 -4.76677977e-02 -1.31598860e-01 -2.78420020e-02  6.54073209e-02
  5.40583804e-02  2.85138991e-02 -2.21527573e-02  1.26985908e-01
 -6.60463944e-02 -6.87136352e-02  1.19410679e-02  8.97278562e-02
  6.90755099e-02 -1.69399697e-02 -4.67604548e-02  1.79487228e-01
  1.01195931e-01 -2.04350069e-01  1.95566833e-01  8.41420069e-02
  6.92276983e-03 -4.01276350e-02  9.21149924e-02  1.80262804e-01
 -1.26097556e-02  3.61027336e-03 -1.28730193e-01  2.47556403e-01
 -3.00237805e-01 -1.06904488e-02 -1.29019737e-01 -1.18504465e-01
 -3.18809412e-02  3.74502577e-02  6.37580827e-02  9.39625874e-02
  9.36078802e-02 -5.48738204e-02  2.41227031e-01 -7.65920850e-03
  1.39306679e-01 -3.72998230e-02  1.33267328e-01  3.07980739e-02
  2.20752269e-01  4.86868285e-02  1.53098866e-01 -1.66692749e-01
 -8.02069902e-03  1.79366425e-01 -4.08516219e-03 -1.11719966e-01
 -8.45285207e-02  5.96752167e-02  1.91028699e-01  6.37396276e-02
  3.08092058e-01  1.24442898e-01  9.63734277e-03 -5.25969081e-02
  1.17901079e-01 -1.21507049e-01  2.98731718e-02  8.38830844e-02
  1.79495923e-02 -2.97770370e-02 -1.04895957e-01  2.38425657e-01
 -7.20380396e-02 -4.95662428e-02  8.11284110e-02  1.37983607e-02
 -4.96112220e-02  1.14416696e-01 -7.30414987e-02 -2.65276283e-02
  1.00727193e-01  9.84512717e-02  1.51735663e-01 -2.79500987e-03
  2.78224610e-02  5.92378452e-02  3.32303680e-02 -4.66158390e-02]