http://erau.edu/ontology/meme.owl#WashingtonRedskinsNameControversyMeme
[-0.1107377  -0.15651466 -0.00188719  0.0837916  -0.0482021   0.1403448
  0.10006843  0.07225347  0.05753343 -0.09797054  0.09809762 -0.10870633
  0.03310229 -0.04863509  0.03213003  0.09009636  0.00467896  0.06000547
 -0.01483437  0.12303322  0.02662768  0.10867342  0.05346255 -0.07340235
  0.13323744  0.04819192  0.09218748 -0.08256218  0.1423132   0.12964922
  0.01725457  0.20278677 -0.06524341 -0.02869143 -0.08450444  0.26172218
 -0.10866336  0.05217342  0.00064501 -0.19109991  0.00915859  0.11908315
 -0.05975808  0.00467157  0.12350756  0.02909912  0.04601688 -0.02038977
 -0.02539888  0.07035726  0.00526523  0.0513423  -0.12263719 -0.08845993
 -0.01462378  0.02575463  0.00759633 -0.03827849  0.01041697 -0.00654084
 -0.07326537  0.00453843  0.03016616 -0.00980601 -0.12449825 -0.10267075
 -0.03465186 -0.03501287 -0.02349369 -0.22025117 -0.19514881  0.07987186
 -0.02191376  0.07427962  0.04597513  0.13598798 -0.1272764   0.01333741
  0.14288084  0.01087493 -0.07474447 -0.0376231  -0.00265366 -0.21583678
  0.07031744 -0.10212753 -0.14005844  0.21436471  0.10615011 -0.06660219
 -0.00859285 -0.24859178  0.13922693 -0.14642319 -0.06134383  0.10134625
  0.01654612  0.05217276 -0.07185099 -0.00167303  0.13437355  0.06822353
  0.46258444 -0.1348009   0.10518385 -0.05038858  0.14457616 -0.02162425
 -0.05546004 -0.23385228  0.0445483   0.08792796 -0.15380082 -0.11493311
  0.11779228  0.20830189 -0.26807836 -0.06032501  0.02680101  0.01225881
 -0.10274556 -0.11745288  0.03588578  0.09349435  0.08137979 -0.04290878
  0.03959348 -0.02935331 -0.03614645  0.05363326 -0.26004288 -0.04412188
 -0.03395159 -0.03035999 -0.09492297  0.02437635 -0.10126709 -0.11605397
 -0.07870791  0.09681751 -0.27113584  0.02766118  0.12881157  0.00607106
  0.08825846 -0.19997427 -0.02582638 -0.14265206 -0.05429605  0.15251385
 -0.05700918 -0.12631081  0.04350918  0.1850577   0.02832277  0.0613581
 -0.12165931  0.19799362  0.10433134 -0.03886473  0.00619367 -0.223546
 -0.00106783 -0.07579216 -0.11058021 -0.1308428  -0.00088596  0.12089025
 -0.40121335  0.12393469  0.01727688  0.13774739  0.15470746  0.15499136
 -0.10608168  0.03847167 -0.02519664 -0.1968618   0.14046876 -0.07554804
 -0.03781479  0.13949288  0.0362532   0.08514853 -0.04960161  0.04819941
  0.03503371  0.07928491  0.24491966 -0.09540052  0.11504174 -0.05077861
 -0.15928064  0.04562889 -0.05512379  0.02478807  0.03442987  0.18437403
 -0.08431991 -0.08459586  0.08031109  0.01952029  0.10493322 -0.04252941
 -0.06963881 -0.16467424 -0.05432776 -0.04122327 -0.05672048  0.03969369
  0.22300872  0.15005143  0.03464532 -0.00577271  0.02856272  0.09184801
 -0.13209042 -0.0566413   0.10508143  0.06543782  0.09757739  0.08825707
 -0.06193044 -0.00062076 -0.05951553  0.06606392 -0.10737399 -0.10454267
 -0.0899979   0.06162103 -0.01137254  0.05230325 -0.04952683 -0.03809685
  0.09714412  0.01558466 -0.03163562  0.01728674  0.15130252 -0.06514797
  0.01258029 -0.12230043  0.0391109  -0.0160972  -0.23072976 -0.0285987
 -0.20132324  0.05076066 -0.07429873 -0.06259849  0.03331394 -0.02815378
  0.15625164  0.094037    0.24731337 -0.0806097  -0.12110739 -0.01935777
  0.08662066  0.11222889 -0.03991907 -0.11084754 -0.02389565 -0.14854942
  0.06254359 -0.3387727  -0.02902284  0.08390614  0.09291754 -0.07960782
 -0.04473336 -0.06671484 -0.17700472  0.04760431  0.06441827 -0.07613966
  0.13231298 -0.05543928 -0.0907892   0.00437355  0.06165218 -0.01654743
 -0.04666598 -0.07321975 -0.16192353 -0.01387882 -0.1236086   0.01218781
 -0.05793564 -0.18046036 -0.01313548 -0.03610747 -0.01595363  0.0334392
  0.00315703 -0.00274204  0.09290935  0.03363714 -0.11882852 -0.06924952
 -0.19751163  0.06990248  0.02650411  0.08381363 -0.03325013 -0.1004568
  0.15514305 -0.04759032 -0.03866156  0.10475217  0.13891299 -0.13355772
 -0.02049673  0.04349141 -0.05772962  0.09359754  0.00877044 -0.03618251
 -0.0642368  -0.03504113  0.06720258 -0.17768236  0.16530542  0.07280806
  0.01080889 -0.03139998 -0.18906775 -0.06751856  0.11035368 -0.03380886
 -0.01113012  0.05927613  0.08323057 -0.15028057 -0.00943932 -0.24871549
  0.16860905  0.02590961 -0.03266223  0.06386659  0.06452914  0.05265906
  0.02014862 -0.0168397  -0.10542189 -0.0823254  -0.08641368  0.09375186
 -0.02943064 -0.14012058 -0.02825663  0.05877583 -0.12237556  0.20617454
 -0.11584296  0.21025503  0.09907578 -0.07880948  0.12554486 -0.09157362
 -0.1444727   0.12751524  0.05018018  0.03697831  0.13596982 -0.08061208
 -0.04282527  0.09325723  0.02427036  0.11001763  0.01431265 -0.05875365
 -0.16137916  0.01564463  0.14084598  0.03523239 -0.04900072 -0.02573433
 -0.03915776 -0.1254416   0.07914477  0.14857167 -0.06423205 -0.1432817
  0.16604249 -0.03408705 -0.10825948  0.05006233 -0.12151009 -0.04572557
 -0.10319938  0.07088463  0.02192526  0.12048578 -0.0466116  -0.0926087
 -0.02135892  0.08069343  0.17933688 -0.03924166 -0.07995231 -0.01447857
  0.10897893 -0.17494532 -0.09000081  0.03206554  0.01841848  0.25723132
  0.11215702  0.14235707  0.14971586 -0.15676652 -0.14832655 -0.02435712
 -0.11039748 -0.02842906 -0.09631291 -0.08337598 -0.06973421  0.14770739
  0.04202241 -0.02799412 -0.19177581  0.05658049 -0.0193617  -0.199552
 -0.0382328   0.1574281   0.14944065 -0.03772883  0.01781986  0.28983662
 -0.01416428 -0.12540129  0.09377973  0.21729659  0.00807479 -0.12541443
  0.01655691  0.21965662  0.1791004   0.03563654 -0.139144    0.3120869
 -0.32969576 -0.1691105  -0.28589222 -0.06125687 -0.17415524  0.11685043
  0.09542944  0.20128912  0.09670807 -0.01562108  0.20168272 -0.14057712
  0.1049298   0.13085851 -0.00376734 -0.08149382  0.16397676 -0.00526955
  0.14139412 -0.12839754 -0.01774569  0.07979446 -0.09383507 -0.15334995
 -0.09092478  0.03526491  0.19104591 -0.02866356  0.13294509  0.15446198
  0.11292216 -0.1716436   0.1547206  -0.17338751 -0.04445171  0.10608812
 -0.15752877 -0.06339826 -0.17144014  0.38076526 -0.14088668 -0.20323884
  0.07803348 -0.0231233   0.08721442  0.11742292 -0.10053717 -0.00935562
 -0.03940054 -0.00577147  0.18569571 -0.00171298 -0.11893963 -0.08126698
  0.09173787  0.15474103]