http://erau.edu/ontology/meme.owl#2204355CoxinhaRollMeme
[-0.05140916 -0.22692388  0.10721339 -0.10345452  0.01342851  0.04410079
  0.03018495 -0.04137354  0.10268135 -0.05534581  0.14371245 -0.03990822
 -0.0164833  -0.08143983 -0.05560742 -0.03173376  0.13701248 -0.02061722
  0.01559767  0.05831521 -0.02079212  0.19381587  0.23274732 -0.09483617
  0.09534976 -0.01517059  0.00787197 -0.08216204  0.2593266   0.07658984
 -0.06928205  0.1365023   0.02525439 -0.07060156 -0.16077484  0.31906173
 -0.1266001   0.18852405  0.01854098 -0.21377915  0.00231899  0.2618181
 -0.2014678   0.01944135  0.09004489  0.06066256  0.15629633  0.06155713
  0.08511517  0.11330841 -0.1058207  -0.03902712 -0.15450807  0.01045449
 -0.0446198  -0.09729815  0.02046452 -0.0711633   0.18065384  0.00281644
 -0.04567419 -0.13084644  0.1785542   0.2452872   0.00787447 -0.00532556
 -0.07917792 -0.12903254  0.08702706 -0.17540935 -0.14584604  0.03194018
 -0.15967739  0.10814556 -0.0417382   0.07004715 -0.08687885  0.09480868
  0.04110601 -0.10197192 -0.24786308 -0.03219884  0.10891821 -0.08367686
 -0.04729312 -0.0478694   0.19826657 -0.02812804  0.12520836  0.04066939
 -0.18056946 -0.16836067  0.02723743 -0.13227566 -0.02032512  0.21188585
  0.04298662 -0.06367397  0.01621696  0.01710379  0.06142503  0.09528007
  0.23273256 -0.05923649 -0.04146745 -0.0931328   0.25881234 -0.17191203
  0.05865421 -0.18572535 -0.2699889   0.11424775 -0.1754736  -0.00768618
  0.05475662  0.12879863 -0.22823773 -0.35265133  0.02077804  0.13122065
 -0.08098495 -0.1319415  -0.17677666  0.0340842  -0.07123459 -0.07926647
 -0.10299339  0.11575384  0.04656434 -0.06186241  0.01315511 -0.03360263
 -0.08569837  0.05421031 -0.09933487  0.21038406 -0.00363888  0.13661176
 -0.14169836  0.06025363 -0.09322675  0.12939766  0.00630614  0.15636893
  0.06826935 -0.22202039 -0.01787383  0.02348674 -0.03480309  0.15024789
 -0.09393465 -0.18837811 -0.09924122 -0.08419493  0.05187079  0.01342127
 -0.10729217  0.12207255  0.13433518 -0.17472032 -0.09052128 -0.13289416
 -0.03545036 -0.02230991 -0.14169228 -0.03288243 -0.01512273  0.20924236
 -0.22962202  0.06070988 -0.02261629 -0.00712047  0.06201742  0.10209331
  0.00230845  0.12762742 -0.02780996 -0.08205287 -0.05866152 -0.10627694
 -0.22569783  0.06243121  0.04116708  0.06872256 -0.2756301   0.02581626
 -0.06761033  0.08544479  0.1470873   0.03085762  0.0449394  -0.15769286
 -0.17396809  0.0829692  -0.0118773   0.03953455  0.1828133   0.0191684
 -0.20193866 -0.08199304  0.05364776  0.03651691  0.11004317 -0.00332129
 -0.2591906  -0.31433454  0.02572082 -0.05948703  0.06904665  0.17889567
  0.15198967  0.16153732  0.03777837 -0.04898805 -0.09573098 -0.05488294
 -0.01880553 -0.06065108  0.23305264  0.20763752  0.10997622  0.10294317
 -0.06921017  0.0700056  -0.16712508 -0.04595458 -0.03903554 -0.09658702
 -0.170733    0.0121611  -0.01871596  0.00639447 -0.00295499 -0.12666038
 -0.07032309  0.0888387  -0.10512615 -0.02475945 -0.04096716  0.00093309
  0.01070697 -0.16861169  0.06871703  0.0037655  -0.42575586 -0.0235459
 -0.31111482  0.15986118 -0.13239673 -0.01807437  0.00811611 -0.06954847
 -0.04988047  0.13268442  0.11164139 -0.01514614 -0.16269194 -0.06946087
  0.16798265 -0.05076802 -0.16977538 -0.17016377 -0.16256197  0.00250724
 -0.12481653 -0.11119031 -0.13161531  0.1584681   0.1661969  -0.24019626
 -0.14811529 -0.12102389 -0.11554088  0.08322715  0.0564606  -0.13011032
  0.09321069 -0.11723679 -0.16363463  0.10061202  0.12347081 -0.04232114
 -0.08355331 -0.14400199 -0.17967118  0.08445164 -0.29714313 -0.00828537
 -0.11001236 -0.25740921 -0.10214671 -0.13399173  0.15973017 -0.1352626
 -0.0179627   0.00946495  0.08373446 -0.18828402 -0.13284163 -0.21193805
 -0.14398596  0.14055596  0.0218289  -0.01939253 -0.0995684  -0.11826196
  0.12574588 -0.04819442 -0.0768855   0.19075298  0.2482006  -0.2816565
  0.03105041  0.02146785 -0.14066885  0.04486008 -0.1717157   0.1350104
  0.14844249 -0.03436507 -0.06341258 -0.185353    0.2105653   0.12547019
  0.06720954  0.08771183 -0.17717609 -0.04543583  0.03380916 -0.0538843
  0.15738478  0.03534549 -0.00563547 -0.2816352   0.1279875  -0.07784387
  0.04661054 -0.03977852  0.19534877  0.22495459  0.15055889 -0.14520968
 -0.02127949 -0.0779223  -0.07351328  0.05251621 -0.2306146  -0.1447312
  0.178274   -0.08573816  0.00842576 -0.2860687  -0.21045592  0.18814991
 -0.11096516  0.0133693   0.22927189 -0.03204945  0.09500319 -0.11533502
  0.07415124  0.04960716  0.03692393 -0.04816142  0.13409352 -0.04278953
 -0.08436323 -0.05710628 -0.05217925  0.10624091  0.05508227 -0.15351206
 -0.2604839   0.15748969  0.05412962  0.10487376 -0.2365172   0.00671666
 -0.16404568 -0.09337015 -0.00672821  0.22984548 -0.10978043 -0.1572018
  0.21808112 -0.18296976 -0.15935534 -0.01396132 -0.01938174 -0.06573603
 -0.11581019  0.00665109 -0.08812572  0.29428104 -0.24871911 -0.0512884
  0.06899741  0.0526945   0.3875923  -0.15912114  0.04209234  0.04332836
  0.08212874 -0.13076185 -0.16322294  0.08037767  0.13616244  0.10173764
  0.24440408 -0.00269422  0.19614437 -0.03023446 -0.09488156 -0.18634495
 -0.02564808  0.07435326 -0.174714   -0.06690373 -0.0070194  -0.01730021
  0.077044   -0.01017738 -0.19300526 -0.02571469  0.0974148  -0.18600565
 -0.2633935   0.00336095  0.19300362 -0.00269154  0.15347272  0.3594757
 -0.0852539   0.0361856   0.15544848  0.3569237   0.11723979 -0.06543732
  0.06600497  0.1073501  -0.02869907  0.00236359 -0.1729383   0.28896087
 -0.3871787  -0.1341045  -0.18500262 -0.26270455 -0.05423512  0.19154035
  0.08078478  0.30556473  0.23234735 -0.14111196  0.37448132 -0.01920316
  0.04370337  0.06041607 -0.10906031 -0.17246911  0.17644396  0.04488978
  0.06690898 -0.08438995 -0.13508771  0.13058202 -0.08620917 -0.24665856
  0.00356035 -0.09629969  0.05274629  0.02250367  0.1428728   0.18978171
  0.12933342 -0.13820337  0.27983248  0.0723569  -0.07348946  0.15772831
 -0.01526658 -0.06192335 -0.14606975  0.21239229 -0.1665231  -0.01639799
 -0.11817409  0.06229401  0.0185627  -0.05895655 -0.1641291  -0.07226792
 -0.07428526 -0.17701419 -0.03936555  0.05355206 -0.10692105 -0.07207526
  0.04490729  0.12299163]