http://erau.edu/ontology/meme.owl#AtDawnWeRideMeme
[ 2.70725004e-02 -1.12907365e-01  1.81814060e-02  3.39064077e-02
 -5.84814837e-03  6.32989779e-02  6.63894489e-02  9.65005979e-02
  4.63693663e-02 -1.53065100e-02  1.58631265e-01 -8.55995044e-02
 -2.78498493e-02 -6.29696026e-02 -1.35329977e-01  4.95199673e-02
 -1.28480000e-02  1.15195349e-01 -2.41362844e-02  6.89846054e-02
 -9.39979255e-02  1.24634907e-01  9.77204442e-02 -1.48769408e-01
  1.14385806e-01  6.54993206e-03  1.34700119e-01 -1.31056815e-01
  2.08203256e-01  1.13420606e-01  4.77589816e-02  9.92868394e-02
 -5.52167045e-03 -3.24987546e-02 -7.92035460e-02  1.58217788e-01
  2.24299030e-03  3.26211117e-02 -1.66321650e-01 -2.42366180e-01
  8.29286277e-02  1.17771707e-01 -1.98532149e-01 -5.93420453e-02
  5.23274690e-02  1.34890661e-01  7.70582110e-02 -1.12427600e-01
  3.73229734e-03 -2.34057847e-03  1.03651114e-01 -7.32963532e-02
 -4.45946753e-02 -1.80506080e-01 -1.27266586e-01 -9.64189246e-02
  4.55187447e-02 -1.07159875e-01  8.02264586e-02  4.69227582e-02
 -6.40288973e-03 -1.05852090e-01  1.68234140e-01  3.95967215e-02
 -6.79596364e-02 -7.36189112e-02 -9.18142125e-03 -1.30146379e-02
 -3.72140147e-02 -2.10306332e-01 -1.07851833e-01  6.32247254e-02
  7.95950443e-02  3.59732397e-02  9.58339032e-03  1.44605309e-01
 -4.12488170e-02  5.19059412e-02  1.50815338e-01  9.65354033e-03
  3.54422294e-02 -1.29202098e-01 -6.90182298e-02 -1.16120160e-01
  8.68102536e-02 -3.37179527e-02 -5.31401597e-02  1.26705868e-02
  7.32673407e-02 -2.48625241e-02  4.08324748e-02 -1.91602096e-01
  1.22867092e-01 -5.46483770e-02 -1.54348388e-01 -1.62747642e-03
  4.28733788e-02  2.69012284e-02 -9.17083491e-03  2.99980175e-02
  1.51448503e-01 -3.01873218e-02  2.30115250e-01 -9.23328176e-02
 -4.95726615e-03  1.35020260e-02  4.60923687e-02  5.86189935e-03
 -8.97346064e-03 -1.30655035e-01 -4.36164923e-02  6.18180707e-02
  5.69370687e-02 -1.10955812e-01  1.63684130e-01 -5.13928868e-02
 -2.38168240e-01 -9.35463309e-02  9.49901789e-02 -1.48641709e-02
 -4.70210314e-02 -1.51293250e-02 -8.17568079e-02  9.01698507e-03
  3.67330462e-02 -5.03029302e-02 -7.40882307e-02 -4.52942364e-02
 -1.31040365e-02 -1.29044890e-01 -2.40810737e-01 -1.22630946e-01
 -5.48279248e-02 -5.91758378e-02 -1.48892835e-01  1.41355827e-01
 -8.23441893e-02 -6.69388473e-02 -7.84201771e-02  6.98578954e-02
 -2.71208733e-01 -1.36856874e-02  8.97358283e-02 -1.49768936e-02
  1.62635177e-01 -1.93623215e-01  1.78144071e-02 -7.27295652e-02
 -1.33663053e-02  7.68851787e-02  3.59802544e-02 -4.02685516e-02
  4.03130390e-02 -7.13997185e-02 -1.00937232e-01  1.26431128e-02
 -1.29513159e-01  1.36025310e-01 -2.53693517e-02 -1.84422508e-01
  5.88486195e-02 -1.12907343e-01  2.62402110e-02 -9.26251756e-04
 -2.37507969e-01 -1.06596068e-01 -1.04193777e-01  2.13385314e-01
 -2.12801814e-01  8.43777061e-02  7.60725811e-02  1.70916498e-01
  2.48408437e-01  1.38944849e-01 -3.75318639e-02 -4.18418422e-02
 -6.34418800e-02 -1.49118444e-02  7.89082944e-02 -9.29145291e-02
 -1.13737367e-01  6.01938441e-02  1.18465601e-02  5.86521290e-02
 -5.24938619e-03 -5.91099635e-02  6.64842948e-02  6.24993742e-02
  9.26763639e-02 -1.04583010e-01  1.27549544e-01  9.72513203e-03
 -1.95606232e-01 -5.97989187e-02 -1.15831219e-01  2.23989338e-02
 -1.50941322e-02  1.41709775e-01 -9.10659879e-03  2.31215116e-02
  1.95043147e-04 -1.90614462e-02  2.71942914e-02 -1.42237604e-01
 -3.81998569e-02 -2.20297679e-01 -4.57586125e-02 -2.40785908e-02
  6.69553578e-02  1.36644870e-01  7.57205784e-02  8.50381255e-02
  2.07947218e-03 -7.39065558e-02  1.10347822e-01  4.69233170e-02
 -2.06296667e-01 -1.29214182e-01  2.13203043e-01 -3.89177129e-02
  2.12412998e-01  1.18621811e-01 -1.00500889e-01 -1.52002191e-02
  2.36134287e-02 -1.05021179e-01 -1.59199655e-01  5.92613257e-02
 -4.51037288e-02  1.05585583e-01  3.15791406e-02  1.81647372e-02
 -1.47461608e-01 -7.58195966e-02 -1.01893358e-01 -1.98762808e-02
  1.80402640e-02 -1.92349777e-01  8.86803940e-02 -9.52860415e-02
  3.58302258e-02 -5.22785299e-02  1.08246412e-02 -3.41777541e-02
 -1.52278125e-01 -1.05292715e-01 -1.80731177e-01  7.87782250e-04
 -1.02286525e-01  5.99901974e-02  1.25496179e-01  5.67426346e-02
  1.29208624e-01  1.09559551e-01  1.84678629e-01 -2.17426717e-02
 -6.53610826e-02  1.86600070e-02 -9.63696465e-02  1.29296511e-01
 -1.23222642e-01 -7.51943886e-02 -1.11780996e-02 -1.71088815e-01
  2.84393281e-02 -1.79844648e-01  3.75238596e-03 -3.13596129e-02
  1.71727911e-01 -8.51081461e-02 -2.11183075e-03 -1.20499164e-01
 -2.10353360e-02  1.41212940e-01  1.98319390e-01 -1.38404533e-01
  1.72304958e-01 -3.70184928e-02 -4.30558398e-02 -1.25257457e-02
  1.39818683e-01  5.65117225e-03 -6.53958842e-02 -1.03475647e-02
 -1.16310053e-01  1.49120716e-02 -1.37624219e-01 -5.59738390e-02
 -9.19023082e-02 -7.80014396e-02  8.22521448e-02 -6.53764606e-02
  6.27956614e-02 -3.85688730e-02  9.82965305e-02  2.51074843e-02
  1.51024714e-01  1.68151688e-02 -7.06820935e-02 -1.43609017e-01
 -2.18444660e-01  1.31545113e-02 -6.39542490e-02  1.82371274e-01
  4.48958203e-02 -2.03374662e-02  1.17800675e-01 -5.55336773e-02
  6.01637363e-02  1.13993704e-01  1.44387335e-01 -1.82670608e-01
 -4.05287743e-02  1.86362192e-02 -3.20694805e-03 -2.73442157e-02
  2.37900242e-02  7.22162277e-02 -8.70148912e-02 -2.75783129e-02
  6.52081147e-02 -1.34744659e-01  1.97014734e-01  1.18432589e-01
  2.14040112e-02  3.09674609e-02 -9.42185223e-02 -1.30826026e-01
  8.97435993e-02 -5.82198352e-02  3.65474261e-02  8.94261301e-02
  7.91990012e-02 -6.43807352e-02 -7.08701462e-02 -2.20470086e-01
  1.94280148e-01  1.53179601e-01 -1.68932989e-01 -3.67701687e-02
 -5.29933013e-02  4.84502017e-02  2.93575842e-02  3.82871926e-02
 -1.51938632e-01 -3.01494803e-02  2.80359369e-02  1.23709634e-01
 -5.90379387e-02 -9.01341289e-02 -6.99323863e-02  1.06542110e-01
 -4.10447568e-02  1.13290623e-01 -1.82168692e-01  1.46676078e-01
 -7.03996792e-02 -1.87135860e-02  1.92772746e-01 -2.97120679e-02
 -1.22107469e-01  1.51343554e-01 -3.05621903e-02  4.34743613e-03
 -5.15450723e-02 -8.56820773e-03 -4.51198965e-02  1.15442559e-01
 -1.07789859e-01 -6.01768354e-03 -1.28869200e-02  7.04199001e-02
 -2.33171925e-01 -3.91801521e-02 -5.35152247e-03 -4.91150059e-02
 -1.04157537e-01  4.79440764e-03 -4.62529808e-02 -7.05190673e-02
  1.44424126e-01  1.48521483e-01 -8.16474110e-02  8.72425642e-03
  1.30160481e-01 -3.56551073e-02  1.37818297e-02  1.00064419e-01
 -5.70887811e-02 -6.90109804e-02 -1.31176174e-01  5.85722141e-02
  1.43611617e-02  6.00807182e-02  1.33380769e-02 -1.42017156e-01
  1.38320863e-01  2.76806634e-02 -2.55642086e-02 -1.86106823e-02
 -6.73826486e-02 -1.95728794e-01 -5.15596569e-02 -1.10310994e-01
  5.69137651e-03 -1.31927859e-02 -1.70516539e-02  1.38180465e-01
  1.80995315e-01  1.28490880e-01  1.34065852e-01 -2.29389086e-01
 -1.45504177e-01 -1.48776621e-01 -2.07375418e-02  8.76226649e-02
 -2.36606169e-02 -1.48500308e-01  8.75680521e-03  8.10089707e-02
  9.18301046e-02 -1.74146183e-02 -1.05384691e-02  8.01156983e-02
 -7.60962367e-02 -1.31736681e-01 -8.54687393e-02  1.22693792e-01
  1.66876048e-01 -6.30783811e-02 -6.82530086e-03  1.95219904e-01
  6.37768358e-02 -1.12896837e-01  2.22771749e-01  1.90559849e-01
 -2.97030471e-02 -1.21407792e-01  9.35295448e-02  1.23373911e-01
 -3.05137713e-03  1.15399063e-03 -8.03921595e-02  1.87913001e-01
 -2.32140198e-01 -6.77898303e-02 -5.70818558e-02 -9.72215161e-02
 -3.76165472e-02  7.42811039e-02  4.59948294e-02  6.75482526e-02
  1.69999555e-01 -9.77403373e-02  1.63780719e-01 -1.14828805e-02
  8.10971633e-02  6.79679513e-02  3.05654388e-02 -7.75800049e-02
  1.75748006e-01  4.66470346e-02  1.24153554e-01 -8.38406906e-02
  6.71288231e-04  1.18362315e-01  1.27430744e-02 -6.30293414e-02
 -6.01422675e-02 -1.36724545e-03  8.81937221e-02  5.31307515e-03
  2.13213667e-01  7.69039914e-02  1.59337837e-02 -9.06125754e-02
  6.05021045e-02 -5.09494804e-02  1.06276169e-01  7.79938251e-02
  2.42129955e-02  2.48473808e-02 -8.31607655e-02  1.25156313e-01
 -1.38976816e-02 -5.05482368e-02  5.07231168e-02 -2.41857674e-02
 -1.51265645e-03  8.26533884e-02 -1.18289068e-01  1.67234372e-02
  3.47734131e-02  3.21595147e-02  1.02460645e-01 -2.71903705e-02
 -1.07787701e-03  3.19933444e-02 -7.94799882e-04  1.96058322e-02]