http://erau.edu/ontology/meme.owl#ItsOver9000Meme
[-0.17402399 -0.20571905  0.13024978  0.05327949 -0.0497977  -0.057406
  0.19365263 -0.08305012  0.19230841 -0.09372859  0.12450422 -0.0215503
  0.15216094  0.10185511 -0.07021938 -0.05281824  0.15650283  0.21905175
  0.1916367   0.05382929 -0.14650409  0.12455082  0.203551   -0.05372696
  0.3358966  -0.09623462 -0.05519529  0.05401263  0.16153133  0.19676268
  0.06191548  0.06750076  0.14200948 -0.2172317  -0.05413279  0.09658391
 -0.11434389 -0.0184496  -0.04292522 -0.16242112 -0.1665949   0.18751949
 -0.29075176 -0.111825    0.02127679  0.00668766 -0.09993986 -0.09409375
 -0.03628012  0.00350355  0.05920815 -0.01959535 -0.17646118 -0.07482248
 -0.05446686  0.03509417  0.13602266 -0.1902286   0.14577316  0.18989773
 -0.13062024 -0.12291676  0.09694584  0.23619568 -0.29806456 -0.07869875
 -0.07496694 -0.03805759 -0.25567317  0.03550958 -0.17607397  0.08089339
  0.14220826  0.11793424  0.06474791  0.17217034 -0.28557116  0.0421604
  0.1775428   0.16196425 -0.19543007 -0.03094033 -0.06378622 -0.20565453
  0.02525299 -0.19896996 -0.19562443  0.09222323  0.044705    0.0257781
 -0.02219951 -0.3581732   0.22440653 -0.03102435 -0.15135314  0.09980579
  0.00796677 -0.05402053 -0.08401543 -0.13552253  0.05970271  0.04975259
  0.29229504 -0.04088165 -0.11103236  0.00379732  0.21662076 -0.03778027
 -0.10365128 -0.1675048   0.16593413  0.0079987  -0.10355356 -0.03525405
  0.10723607  0.12681027 -0.20173989 -0.14706248  0.0816285  -0.08613825
 -0.03116472 -0.08791424  0.08037949  0.12858514  0.2563793  -0.08335773
  0.02628291  0.0362307   0.07035518  0.0108142  -0.30381823  0.10845237
  0.01517968 -0.1564601   0.147124    0.13479781 -0.11351153 -0.16593191
 -0.23073816  0.0230547  -0.281811   -0.23030517  0.07857871  0.19551302
  0.15441337 -0.13628553  0.09280422 -0.3072122   0.08391753  0.24591285
  0.00525908 -0.06925531 -0.0524429   0.15355386 -0.21966098  0.14135924
 -0.05821829  0.17147815  0.11109383 -0.02652109  0.0706559  -0.23479347
 -0.09510627  0.03943015 -0.1371378  -0.2470781   0.08207487 -0.00464317
 -0.287068    0.07808945 -0.02115159  0.21442996  0.3707816   0.15444592
 -0.12195314 -0.15962516 -0.12112349 -0.12284301  0.29061463  0.09991282
 -0.13243881  0.18778995  0.03931914  0.0653388  -0.21681958 -0.10453579
  0.17833689  0.1254545   0.3356642  -0.18209687  0.06891198 -0.02449572
 -0.18994927 -0.08794504  0.02805831 -0.06279827 -0.06562813  0.33112836
 -0.02109544  0.03170314  0.10617328  0.04877248  0.12587464 -0.00060884
 -0.10562009 -0.23090078 -0.02424712 -0.10069034  0.317043    0.25912955
  0.39750764  0.08556392 -0.12603442 -0.05506738  0.08442923 -0.04672939
 -0.08151811 -0.1562328  -0.03772081  0.22048782  0.22958407  0.29438043
 -0.10203269  0.16029432  0.01662575 -0.06919838 -0.17018409  0.09389275
 -0.07751571 -0.06929152  0.05421737 -0.07041029  0.07188093 -0.20679715
  0.03841893  0.10497281 -0.24193826 -0.09116501  0.08536945 -0.03103381
 -0.03686384  0.01739952 -0.11877791 -0.02417369 -0.25471467 -0.03813156
 -0.2809962  -0.08924401 -0.27275923 -0.03727278  0.0635265  -0.10828085
  0.1966212  -0.0903772   0.29897094  0.00818126 -0.08170358  0.05505581
 -0.16198257  0.11665609 -0.20234616 -0.00313293  0.12262297  0.05243691
 -0.14191958 -0.04538478  0.11376391  0.00197139  0.11528509  0.0039206
 -0.06448692  0.05882354 -0.04504533  0.0160373  -0.08543032 -0.1527942
 -0.04201973  0.01400507 -0.00528754  0.06317014  0.148638    0.1749341
 -0.01369604 -0.21303281 -0.11397216  0.04585831 -0.14721029 -0.04810236
 -0.00205268  0.04039225  0.03657048  0.032912    0.04696746 -0.07423003
  0.00663655 -0.07749512  0.21571949  0.01237575 -0.05744722 -0.16080882
 -0.08078074  0.02626953  0.12969692 -0.10992898  0.08996856  0.08445489
  0.14604001  0.02819143  0.07968456 -0.1407568   0.00786734 -0.12357108
 -0.03136495  0.00302285 -0.00313781  0.1250492  -0.04118356 -0.08681399
  0.10695844 -0.13791502  0.02635739 -0.02582629  0.18780011  0.08425996
 -0.081701   -0.03414673 -0.07297898 -0.02179562  0.10960709  0.11060373
 -0.05296794  0.00517178  0.06007474 -0.18198036  0.08600769 -0.15169793
 -0.053629    0.11339119  0.04522111  0.13237609 -0.08045652  0.15812698
 -0.06440988 -0.04935122 -0.16582273  0.19069242 -0.19556113  0.21114686
  0.09896368 -0.2684185  -0.14193563  0.11388138 -0.23268723  0.09897617
 -0.04796062  0.02823007  0.09757613 -0.007259    0.23415752  0.02763748
  0.05561581  0.14154643 -0.02571967 -0.0422083   0.08137837 -0.13940413
 -0.13856785  0.15651576 -0.01962426  0.03556289 -0.13736935  0.01907536
 -0.2745486   0.05560204  0.06859569 -0.0368333  -0.09261517  0.08477857
  0.03878194 -0.07186414 -0.01204354  0.18190624 -0.14039285 -0.20560057
  0.11144402 -0.1614011  -0.04082648  0.21328    -0.22884022 -0.09894352
 -0.01165027  0.1524212  -0.08254225  0.2351235   0.00702752 -0.27327338
  0.13553658  0.13017705  0.2732508  -0.18370973 -0.05543392  0.04003797
  0.07506473 -0.16175927  0.0102633   0.06056931 -0.10693515  0.1587423
  0.0324823  -0.11608556  0.2555378  -0.14107548 -0.24182853  0.02288002
  0.04070651 -0.06768528 -0.1614885   0.13108388 -0.04761678  0.02745361
  0.07492575 -0.15544942 -0.03680468  0.0204727  -0.08691376 -0.38184547
 -0.01525367 -0.06865013  0.11262237 -0.03295707  0.30638346  0.29141775
  0.31387088 -0.13618165  0.18363929  0.16337046  0.19706231  0.04195033
  0.04358894  0.0855955   0.00646385  0.10362738 -0.128608    0.48262686
 -0.31199726 -0.03756008 -0.2080781  -0.18928184 -0.13941151  0.16257408
 -0.12049493  0.01732245  0.04686088  0.0013019   0.16433042  0.04738421
  0.2799603  -0.03188268  0.04308759 -0.09459518  0.14090642  0.23887107
  0.20000625 -0.02139086 -0.04218868  0.08993012  0.01120651 -0.19265229
  0.04027885  0.174042    0.17268832  0.02968866  0.3185891   0.16446117
  0.0401964  -0.15239082  0.13128643 -0.3091645  -0.07475738  0.23460919
 -0.01657016 -0.10746081 -0.08096728  0.2585042  -0.360672   -0.39411062
  0.01807228 -0.11458828  0.1802853   0.18147917 -0.07453626  0.02858998
  0.06611519  0.1527122   0.07248349  0.12951781  0.00498444 -0.229535
  0.15087554  0.10372311]