http://erau.edu/ontology/meme.owl#MyNYPDMeme
[-9.16959941e-02 -2.18109563e-01 -2.59180628e-02  2.78535411e-02
 -1.94837023e-02  2.81142205e-01  2.79767741e-03  1.06345728e-01
  5.61816469e-02  4.28859256e-02  1.84423611e-01 -1.17954098e-01
  4.40251008e-02 -7.20281601e-02  4.85295616e-02  1.65450707e-01
 -2.35483199e-02  3.29367258e-02 -5.14014140e-02  1.04907036e-01
 -6.23374572e-03  6.34090453e-02  8.64110366e-02  3.58162709e-02
  1.09592602e-01  1.21918455e-01  7.22764656e-02 -8.35444778e-02
  5.40607721e-02  2.37458140e-01  8.15194249e-02  2.42788106e-01
 -9.69372317e-02  2.95575764e-02 -6.91969916e-02  1.81131616e-01
 -1.37160659e-01 -2.30339412e-02 -1.48448750e-01 -2.47757256e-01
  1.91770330e-01  4.16089185e-02 -2.93913838e-02  6.01682439e-02
  8.81498978e-02  4.76288907e-02  1.06533356e-01 -1.15252383e-01
 -2.53158547e-02 -1.56227276e-02  6.00387827e-02 -1.59004126e-02
 -1.06914558e-01 -1.33287072e-01 -2.26818398e-02  1.22778438e-01
 -1.17909843e-02  4.40751342e-03 -4.61710570e-03 -4.29469859e-03
  4.87528145e-02  9.08401981e-02  1.18736871e-01 -1.55134657e-02
 -9.90433618e-02 -5.99292815e-02 -1.52963828e-02  2.18116716e-02
  7.67533481e-02 -3.09158087e-01 -2.26888746e-01  9.30950493e-02
 -1.27157956e-01  5.79072237e-02  3.40037346e-02  4.85813357e-02
 -1.00058593e-01  1.27893360e-03  1.14190765e-01 -4.75556701e-02
 -1.03478611e-01 -6.03934303e-02 -7.00137988e-02 -1.96088433e-01
 -5.13067329e-03 -6.68183938e-02 -1.32822141e-01  1.36133313e-01
  1.76616639e-01 -1.17349878e-01 -2.28539687e-02 -2.29211614e-01
  4.97455038e-02  1.58921499e-02 -1.14295460e-01  1.03582405e-01
 -4.19706292e-02  6.29517734e-02 -1.77547440e-01  1.42931506e-01
  1.74772188e-01  1.09268054e-01  6.33033156e-01 -1.29631698e-01
  1.47727713e-01 -1.33473240e-02  1.47880435e-01  7.52693117e-02
 -1.15351845e-02 -3.30757588e-01 -8.73972774e-02  1.38431817e-01
  1.60893574e-02 -9.17574912e-02  1.89603209e-01  1.54706478e-01
 -3.54477227e-01 -1.08990036e-01 -3.29923071e-02  4.95745577e-02
 -1.22057214e-01 -1.26321211e-01 -8.04145471e-04  9.27007869e-02
  2.83772452e-03 -3.85860243e-04 -1.22284330e-02  5.09898458e-03
 -1.88770741e-02 -7.89293423e-02 -2.82211304e-01 -1.09799489e-01
 -6.01888485e-02  2.80713663e-02 -1.28566191e-01  1.26284376e-01
 -9.09399912e-02 -1.74545243e-01 -2.13599205e-02 -2.30290238e-02
 -2.48953328e-01  1.19923405e-01  1.62849367e-01 -5.93592711e-02
  2.21534848e-01 -1.29482478e-01 -7.92711228e-02 -1.91709563e-01
 -1.04354806e-01  8.38263258e-02 -6.56123012e-02 -1.60142630e-01
  9.86622348e-02  1.50118485e-01  3.89598757e-02  1.06666669e-01
 -1.65611655e-01  2.85329700e-01 -1.27958031e-02 -1.53056860e-01
  8.31544995e-02 -3.12711805e-01 -8.69780332e-02  3.82991880e-02
 -2.77000129e-01 -2.26496950e-01 -9.58589688e-02  3.11010808e-01
 -4.01392937e-01  2.37306818e-01  1.76854581e-02  1.65485352e-01
  1.46281794e-01  1.89414889e-01 -2.62722611e-01  3.04435417e-02
  8.74004364e-02 -1.95086285e-01  1.09785423e-01 -3.47123221e-02
 -5.76731898e-02  3.88602056e-02  7.20100179e-02  2.23332997e-02
  1.84018388e-02 -9.43979248e-03 -7.01385438e-02  1.56656966e-01
  6.19242676e-02 -9.89460424e-02  1.22566909e-01 -1.69633087e-02
 -3.69007327e-02  3.39959003e-02 -3.60842352e-03 -1.57050341e-02
  2.32827701e-02  2.41113111e-01  1.52089773e-02 -1.09735616e-01
  9.31771938e-03  3.82203632e-03  2.12650858e-02 -6.98279366e-02
 -5.24397530e-02 -2.75098950e-01 -1.21906716e-02 -6.25110939e-02
 -4.00444977e-02  6.64840937e-02  2.88978338e-01  2.03457564e-01
  6.80932030e-02 -1.02233991e-01  5.53138480e-02  7.79002309e-02
 -2.11362138e-01 -3.24933752e-02  1.93988234e-01 -3.81616838e-02
  6.23377375e-02  1.49759306e-02 -8.17930326e-02 -1.54645979e-01
 -5.27065545e-02  3.95566039e-02 -7.59834051e-02 -1.66432977e-01
 -1.51848331e-01  9.47083086e-02 -1.12801827e-01  9.31158587e-02
 -4.31573577e-02 -2.80177612e-02  7.94015974e-02 -9.67909917e-02
  9.97461006e-02 -7.39665050e-03  2.50199765e-01 -1.31664112e-01
 -7.56197725e-04 -8.85103345e-02  1.29564675e-02  6.09199814e-02
 -3.17975402e-01 -1.06031619e-01 -2.12758273e-01  1.14206500e-01
 -1.08556129e-01 -4.83414792e-02 -8.90754105e-04  7.56517202e-02
  1.35010824e-01  1.27095312e-01  2.77012557e-01 -1.61248490e-01
 -1.48164272e-01  9.55728348e-03  1.48584358e-02  1.70149669e-01
 -2.02973410e-01 -1.47288203e-01 -1.33578042e-02 -2.57837445e-01
  9.54795778e-02 -4.19738263e-01  5.54789416e-02  1.28393009e-01
  1.32493898e-01  1.18839890e-02 -3.79878618e-02 -8.63809735e-02
 -1.42470032e-01  7.46542513e-02  9.45588723e-02  3.84377548e-03
  2.83574313e-01 -6.82488307e-02 -1.74959660e-01 -1.79567318e-02
  1.03471823e-01 -9.21573862e-02 -1.44084737e-01 -9.62228030e-02
 -1.70698553e-01  1.35756601e-02 -1.09081931e-01 -2.68277787e-02
 -5.49631119e-02 -2.11950943e-01 -8.18069428e-02  2.90229358e-02
  8.60771388e-02  4.91962619e-02  1.31525556e-02 -1.33216735e-02
  1.94104955e-01  6.50961176e-02 -1.79968968e-01 -1.10227957e-01
 -1.99121803e-01  7.11584985e-02  5.34691885e-02  1.28995061e-01
  1.19381703e-01 -2.09405333e-01  2.32125103e-01 -1.55401185e-01
 -4.10838798e-02  9.78665724e-02  1.12278663e-01 -2.48450860e-01
 -8.99132118e-02 -1.31884500e-01 -1.71033233e-01  9.12010856e-03
  4.60029319e-02  6.16603233e-02 -1.90486535e-01  6.18098602e-02
 -2.74500460e-03 -1.55843452e-01  1.79572567e-01  8.96556824e-02
  1.21516816e-01  4.25806679e-02 -1.29435450e-01 -1.69764265e-01
  2.44247615e-01  6.97266590e-03 -7.23114051e-03 -2.89995093e-02
  1.41683981e-01 -8.82131159e-02 -3.44769806e-02 -2.71458358e-01
  1.78637996e-01  7.03350306e-02 -8.58111009e-02  3.93401571e-02
  6.74685165e-02  2.01451369e-02  1.80247724e-02 -9.44068059e-02
 -1.50598511e-01 -1.03895932e-01  1.72297079e-02  9.73478928e-02
 -1.41856605e-02 -1.01142891e-01 -4.89609577e-02  1.34379059e-01
 -1.22545138e-01  1.63547561e-01 -1.78366661e-01  2.19705462e-01
  8.99210200e-02 -1.10742904e-01  2.44365767e-01 -1.41528845e-01
 -1.40172586e-01  1.53772190e-01  5.28963506e-02  4.73166704e-02
  1.93410680e-01 -1.23653486e-01 -8.35185871e-02  2.30140403e-01
  5.55563569e-02  1.46684259e-01  3.80326435e-02 -6.89312443e-02
 -2.21357897e-01  1.04058616e-01  1.58559635e-01  3.17276567e-02
 -7.83360302e-02  1.85194686e-02 -1.86607037e-02 -2.42351145e-01
  1.67729214e-01  2.71797717e-01 -1.87603906e-02 -9.08402503e-02
  2.34716505e-01  9.80567187e-02 -1.54277697e-01  4.31864616e-03
 -1.16049543e-01 -5.62079549e-02 -1.14086665e-01 -1.99113064e-03
 -3.75312045e-02  6.81199133e-02  7.95760229e-02  9.30428803e-02
  3.61254178e-02 -1.00195315e-02  3.99174169e-02  1.78593211e-02
 -1.77547202e-01 -1.07796460e-01  4.13720571e-02 -5.26283421e-02
 -2.77747288e-02  7.96110928e-03  3.55487689e-03  2.70997047e-01
  2.09053114e-01  4.15232033e-02  2.20203757e-01 -2.13054061e-01
 -7.91308805e-02 -3.78662869e-02 -2.25393504e-01  1.65665876e-02
 -1.64032772e-01 -1.90668046e-01  3.78194377e-02  2.35008702e-01
  7.92453736e-02 -1.18470974e-01 -3.42238873e-01  3.61544117e-02
  1.33252190e-02 -2.34090507e-01 -3.34574394e-02  5.75278737e-02
  1.92602560e-01 -2.55220421e-02  1.18697979e-01  3.13764513e-01
  6.63079694e-02 -5.54489009e-02  3.39561701e-02  3.43361437e-01
 -7.00388923e-02 -2.03727305e-01 -5.98392375e-02  2.83870459e-01
  1.63590744e-01 -5.72687499e-02 -9.45014656e-02  2.98204333e-01
 -4.29197550e-01 -2.50117481e-01 -2.37648621e-01 -1.37131274e-01
 -9.72435772e-02  7.68911764e-02  1.00577332e-01  3.04210186e-01
  1.86683938e-01 -5.03288992e-02  3.11868876e-01 -1.49806231e-01
  1.94457486e-01  2.15598568e-01 -5.57355471e-02 -5.45233786e-02
  1.80241629e-01 -4.85613309e-02  1.65379018e-01 -7.03578815e-02
  3.00194826e-02  7.90940225e-02 -1.72828332e-01 -6.23698868e-02
 -8.16600844e-02 -2.17437781e-02  2.97847062e-01 -4.29053940e-02
 -4.62243818e-02  7.29008988e-02  9.67651829e-02 -1.06943570e-01
  1.60129890e-01 -1.62869141e-01 -5.30243926e-02  1.88144431e-01
 -8.48690718e-02 -1.50475413e-01 -8.02923888e-02  3.79839242e-01
 -1.87434509e-01 -1.18414171e-01 -3.62989902e-02 -2.75012422e-02
  8.55735168e-02  5.77695034e-02 -1.65106133e-01 -3.22852321e-02
 -1.34344399e-01 -4.19494994e-02  2.31774151e-01 -5.90018891e-02
 -1.76364824e-01 -1.52680561e-01  1.00483984e-01  8.86236727e-02]