http://erau.edu/ontology/meme.owl#SquirrelMonkeyMeme
[-0.06843457 -0.28521237 -0.03827784  0.02138318 -0.05429887  0.18087338
 -0.01266241 -0.02454058  0.26870307 -0.09222975  0.13262796 -0.20832072
  0.01878045  0.05917574  0.11776161 -0.04731625 -0.1238439   0.08096126
 -0.09030396  0.1299036  -0.04073664  0.15222414  0.15013963 -0.02125179
 -0.04505783  0.14192604  0.06017369  0.08363212  0.11650392  0.02829101
  0.01055554  0.08198105 -0.03421237 -0.11118744 -0.01301465  0.17785831
  0.08214078  0.0404807  -0.03036271 -0.10277161 -0.0348459   0.02532721
 -0.10621139 -0.10554142  0.03745421  0.05000023 -0.02353002 -0.21735182
 -0.07247943 -0.0317555   0.0112822  -0.14968508 -0.00375353 -0.16231216
 -0.03400603 -0.01299843  0.01133175  0.01903742  0.16885714 -0.10252331
 -0.04588184 -0.06932428  0.05580868  0.10880307 -0.0318781  -0.0668546
 -0.06845742 -0.0132164  -0.11067241 -0.21431248 -0.19595604  0.00605929
 -0.0032208   0.0677038   0.07810839  0.01417043 -0.27846736 -0.09485177
  0.16329515 -0.03608937 -0.0920364   0.05431319 -0.08513732 -0.25439635
 -0.07148128 -0.03007982 -0.09894346 -0.01552911 -0.03053067 -0.09251526
 -0.0172912  -0.28013662  0.16478005 -0.07900975 -0.02034143  0.03579367
  0.01532553 -0.05928758 -0.07077877  0.08724131  0.11906897  0.08560062
  0.31976703 -0.10666884 -0.05632066 -0.01312843  0.08239582  0.14427245
  0.05936861 -0.19707772 -0.00454101  0.07691408  0.0455821  -0.12764461
  0.13609618  0.08246052 -0.24201593 -0.08286972  0.11275495  0.11387756
 -0.08568374 -0.05391202 -0.00882221  0.05647878  0.1519315   0.06734612
  0.0902592  -0.013669   -0.08250631  0.04520196 -0.28297678 -0.0967436
  0.06453033  0.05007163 -0.04355031  0.17575864 -0.17275558 -0.07200553
 -0.04995383  0.07612412 -0.15516935  0.02044551  0.08873316 -0.02901618
  0.03731817 -0.14717127 -0.0355037  -0.17846757 -0.12810947 -0.00486797
 -0.00221709  0.00273891  0.02567105  0.09717496 -0.03808445  0.08582213
  0.04438541  0.30161414 -0.06611468 -0.18051559  0.1360467  -0.14567775
 -0.03346723  0.00106252 -0.19990236 -0.21072039  0.12321369  0.17835517
 -0.32558158  0.07358947 -0.00179118  0.12332994  0.14457868  0.15707508
 -0.12556496  0.02081055 -0.02047192 -0.05009172  0.20075095  0.06546328
 -0.09490716  0.05251301  0.00400613 -0.00157391 -0.06584046 -0.04452647
  0.02202536  0.06320915  0.00997856 -0.08676653  0.1268207   0.01760141
 -0.3208357  -0.21255106 -0.10878746  0.06659026 -0.07294685  0.36275434
 -0.06933281 -0.11492403 -0.00380346 -0.11670779  0.10276817 -0.05288976
 -0.19439963 -0.34663352 -0.05337803 -0.08556715  0.14868928  0.20714277
  0.47349274  0.1693113  -0.04292774 -0.07146648  0.08699401 -0.05076737
 -0.11253315  0.07754723  0.21555467  0.18939972  0.23005563  0.18476684
 -0.11959927  0.13481507 -0.04872597 -0.05803399 -0.06837323 -0.07094554
 -0.1445964   0.00347337 -0.05247919  0.10586772 -0.13912992 -0.09631662
 -0.12686107 -0.05371946 -0.00697927 -0.1115533   0.27596843 -0.11242671
 -0.12656125 -0.05309935 -0.05604244 -0.05427708 -0.27096355 -0.18147375
 -0.14689945  0.08846921  0.02940286 -0.04611438  0.07579844 -0.00870494
  0.0614912  -0.01270796  0.3148041  -0.00591263 -0.20774816  0.04562118
 -0.02539483  0.11514812 -0.27298456 -0.1892737  -0.17056209 -0.1912144
  0.05812173 -0.27948144  0.05139156  0.11741002  0.19731575 -0.02021757
 -0.02647912 -0.07824159 -0.1294992   0.08171794  0.05029901 -0.06087852
  0.04133701  0.0891287  -0.20012794 -0.07827794  0.01709534  0.0213339
 -0.09046513  0.06216136 -0.03902815  0.01643291 -0.09523749 -0.01913171
  0.00440052 -0.12199474 -0.00218322 -0.04739868  0.09955242  0.04637682
  0.04429118 -0.08667777  0.17078444  0.17467473 -0.08985679 -0.14578474
 -0.22806734  0.07123058  0.08532036  0.0531171   0.08801658 -0.06421933
  0.12040897  0.00980812  0.11204297 -0.0799727   0.05942466 -0.17580536
 -0.09626719 -0.08576574 -0.1656009   0.07602316 -0.00858256  0.03650855
 -0.02680672 -0.09957487  0.01717886 -0.13128446  0.18202613  0.0608844
  0.06951767  0.03080621 -0.05189117 -0.0959554   0.16584608  0.09095594
 -0.0462194  -0.0894934   0.01743799 -0.15973094  0.17329599 -0.18364947
  0.19704199  0.0416092   0.01997571 -0.03282243 -0.12926556  0.06327619
 -0.06113577 -0.13596983  0.0885525  -0.04162848  0.03907221 -0.04383535
 -0.01324074 -0.02756935 -0.00687089  0.14060052 -0.15698722  0.14558776
 -0.06185021  0.1967031   0.02309877  0.02905855  0.1947637  -0.09595534
 -0.09069015  0.04696379 -0.01048889 -0.03610578  0.08661467 -0.1423719
 -0.21772258  0.09689491  0.07150862  0.08436303 -0.05282559 -0.15639348
 -0.21235116  0.21247202  0.10314944  0.02752473 -0.06873392  0.00577591
 -0.15878682 -0.19893166  0.00636534  0.17997931 -0.11601724 -0.17284828
  0.14158113 -0.00554392  0.0423959   0.05352626 -0.1291605  -0.01004575
 -0.06932239  0.04795608 -0.08263075  0.13415018 -0.0871584   0.02424308
 -0.00488916  0.03541229  0.11731705 -0.22455905 -0.20878677 -0.11800978
  0.0836915  -0.17938377  0.0472767   0.01410701 -0.00510857  0.19972157
  0.11257565 -0.04487404  0.24255145 -0.0772711  -0.12126795  0.00584926
 -0.18236704  0.01419559 -0.24448614 -0.07593332 -0.04383384  0.10089864
  0.0923935  -0.11894674 -0.18810378  0.11332154  0.04942007 -0.23612848
 -0.05336107  0.07800458  0.04741012 -0.05252377  0.10239211  0.18030274
  0.14291926 -0.09013103  0.13728493  0.32269078  0.05861499 -0.12986875
 -0.01398166  0.23087244  0.00359705 -0.06085145 -0.14157954  0.2556067
 -0.19696505 -0.15522991 -0.31907132 -0.177159   -0.06997094  0.10909379
  0.05282536  0.21153677  0.06450201 -0.05399487  0.21107244 -0.04404475
  0.19072254  0.01482031  0.03044107 -0.07216596  0.19547613 -0.0592839
  0.09265654 -0.16450378 -0.00727732  0.17664003 -0.09568225 -0.03072442
  0.04667073  0.12005692  0.28412563  0.07720864  0.07037078  0.20924881
  0.03576117 -0.03894621  0.22750917 -0.25220966 -0.18230258  0.18850416
 -0.08076198  0.05595132 -0.08721924  0.19544291 -0.10734662 -0.23322915
 -0.02253978  0.04293086  0.03192553  0.06853891 -0.16846064 -0.08935472
  0.03807468  0.00781767  0.0956329  -0.09489562 -0.1158876  -0.08959311
  0.05861062 -0.07713809]