http://erau.edu/ontology/meme.owl#SlowClapMeme
[-3.54914591e-02 -8.34735408e-02  5.40709570e-02  4.29514535e-02
  6.58508739e-04 -2.54285205e-02  2.00573459e-01  4.63680550e-02
 -7.72644356e-02 -4.42798436e-02  1.57905653e-01 -1.78276449e-02
  3.25145386e-02 -7.33888289e-03 -8.76518190e-02 -3.65691744e-02
  4.69273925e-02  1.76760063e-01 -4.01635580e-02  5.92158129e-03
 -2.61851043e-01  1.66511640e-01  1.96230590e-01 -1.89301878e-01
  9.17099789e-02 -1.00793280e-02  1.03717381e-02 -1.59855455e-01
  2.01402426e-01  8.87182541e-03  1.18692152e-01  6.35413900e-02
  1.59340978e-01 -1.47091597e-01 -1.20959930e-01  1.97986126e-01
 -1.57586280e-02  1.65338308e-01 -3.21445912e-02 -2.07204819e-01
 -5.02175535e-04  2.54378915e-01 -2.21335322e-01 -1.38598517e-01
  3.78323123e-02  7.34121576e-02 -2.36047097e-02 -1.19892936e-02
  4.68389057e-02 -7.71112321e-03  9.26834270e-02 -6.57783076e-02
 -1.24101572e-01 -6.41936809e-02 -9.57211107e-02 -6.98433965e-02
  8.56802687e-02 -2.61143178e-01  8.96835029e-02  1.18592247e-01
 -7.07631325e-03 -1.76506951e-01  2.25678161e-01  6.77007483e-03
 -9.77427587e-02 -1.15082428e-01 -2.16028225e-02 -4.87273000e-02
 -6.60585565e-03 -6.18328750e-02  7.81115741e-02  1.36591583e-01
  3.48346792e-02  1.37451338e-02  5.04537672e-02  4.72731553e-02
 -8.61737132e-02  3.50985005e-02  9.81604606e-02 -6.12482838e-02
  1.55888479e-02 -2.88998336e-02  6.38942793e-03 -1.74929619e-01
  3.50941606e-02 -3.68709229e-02 -4.43071984e-02 -6.22051023e-03
  3.19802389e-02  4.59875986e-02 -1.29233571e-02 -1.33664519e-01
  4.10052948e-02 -5.94073012e-02 -5.48847765e-02 -7.00641200e-02
 -2.03292519e-02  3.23819332e-02 -2.64555849e-02 -7.36429775e-03
  9.98594388e-02  1.21187061e-01  1.80691257e-01 -4.68486883e-02
 -6.64007477e-03 -4.83779050e-02  2.33989269e-01  1.77476257e-02
  4.38389741e-02 -3.82897630e-02 -6.42496422e-02 -4.75094765e-02
 -2.88772397e-02  5.83722293e-02  7.63886198e-02  9.58642981e-04
 -1.95791781e-01 -1.72087342e-01  8.59831721e-02  3.78329232e-02
 -7.23140407e-03 -1.70529224e-02 -4.93179373e-02  1.37096524e-01
  6.12782016e-02 -5.40837273e-02 -4.50679660e-02  5.93508743e-02
  4.38657142e-02 -4.88311984e-02 -2.16059670e-01  3.16932728e-03
 -8.16995576e-02 -1.32255033e-02  2.59839930e-02  1.86329573e-01
  1.83087774e-02 -9.57918093e-02 -7.56986290e-02  2.58934349e-02
 -7.32705891e-02 -1.23825949e-02  1.38091803e-01  6.59235865e-02
  2.46670693e-01 -1.97823077e-01  1.59423165e-02 -6.39386177e-02
 -2.51869176e-04  1.00469828e-01  8.18965137e-02 -6.28695861e-02
 -3.39380726e-02 -5.88409640e-02 -1.24021567e-01  1.24976868e-02
 -8.69085640e-02  1.79981545e-01  1.63633190e-02 -4.76477481e-02
 -7.61596560e-02 -1.45683512e-01 -7.43708909e-02  4.13443409e-02
 -2.74876565e-01 -1.72547922e-01 -6.30690828e-02  7.37927034e-02
 -1.38072908e-01  1.07543901e-01  1.78971104e-02  1.72560588e-01
  2.93155611e-01  2.29470313e-01  3.01148631e-02 -1.19949505e-01
  2.64271852e-02 -6.12335615e-02  1.02253459e-01 -5.67091294e-02
 -1.98355347e-01  1.62986722e-02  1.18631072e-01 -8.04323480e-02
 -4.98563163e-02 -4.07325439e-02  1.64704368e-01  1.35700464e-01
  3.70749570e-02 -1.46669239e-01 -3.43679935e-02 -5.56860864e-02
 -1.10116139e-01 -5.05259410e-02  2.92583145e-02 -7.86886886e-02
  7.04391152e-02  1.44241855e-01 -4.94355820e-02 -9.92634706e-03
  7.62514621e-02  1.12125929e-03  7.50045106e-02 -3.69759053e-02
 -6.73794299e-02 -3.33445132e-01  3.07644233e-02  5.02768718e-03
  3.07740629e-01  2.68394023e-01  2.38085836e-01 -2.59740502e-02
 -5.71904443e-02 -7.65598118e-02  1.42504677e-01 -7.66150206e-02
 -4.56474833e-02 -3.96879278e-02  1.02831639e-01  1.28339455e-01
  1.18716173e-01  2.78363615e-01 -1.52237520e-01  3.24576683e-02
 -1.52666893e-04  1.89276710e-02 -9.63807106e-02 -2.45568343e-02
 -1.46021843e-02 -9.11296383e-02 -2.34584848e-04 -9.86008123e-02
 -1.86772689e-01 -1.08996205e-01 -1.11556999e-01  3.16078886e-02
 -9.29090828e-02 -7.27412030e-02  1.04010172e-01 -8.84828940e-02
 -9.26247314e-02 -1.27828464e-01 -3.78652513e-02  2.56261614e-04
 -2.27404714e-01 -4.47085649e-02 -1.92873225e-01 -1.76976807e-02
 -1.14875920e-01  6.46051988e-02  8.04480761e-02  5.81478663e-02
  1.37655720e-01 -7.68183917e-02  1.68053702e-01  1.24338614e-02
 -3.02364379e-02  1.34895504e-01  6.45248145e-02  9.94706154e-02
 -1.39402151e-01 -1.04419105e-01 -7.56654739e-02 -5.89746684e-02
 -7.63019249e-02 -1.44498929e-01  1.36590615e-01  2.39046477e-02
  3.38961482e-02 -1.06053285e-01 -1.45941302e-02 -1.41832083e-01
 -2.39732023e-03  4.70665842e-02  1.95893258e-01 -7.94731677e-02
  2.71713197e-01 -2.78716208e-03  4.81385365e-02  1.05704525e-02
  7.68401101e-02  2.45591253e-02  1.62595930e-03 -9.69515666e-02
 -1.24084294e-01  2.54363157e-02 -1.56529337e-01 -1.63357764e-01
 -9.08998773e-02 -1.84745774e-01  4.74127643e-02 -3.12314462e-02
  2.51812767e-02 -1.52845562e-01  8.60620569e-03 -1.19074415e-02
  1.81990564e-01  7.89538473e-02 -1.72408834e-01 -2.03127623e-01
 -1.77457497e-01 -3.61891352e-02 -1.02146547e-02  1.19502664e-01
 -8.00256282e-02 -1.44640887e-02  2.07085237e-01 -6.58149347e-02
  2.39491835e-02  3.54376212e-02  1.06327012e-01 -2.34185144e-01
 -1.84782650e-02 -4.00348566e-02 -1.72386393e-01  1.07179617e-03
 -3.17236297e-02  1.25004083e-01  3.57778277e-03 -1.27692506e-01
  7.53521025e-02 -9.04881582e-02  1.69324920e-01  1.65390730e-01
  1.12312317e-01  3.46869491e-02 -1.44139946e-01 -1.02959082e-01
  1.82802513e-01 -6.32722583e-03  4.08916920e-03 -7.96345845e-02
  4.71973829e-02 -1.07458018e-01 -1.76014006e-02 -1.64201304e-01
  1.62193656e-01  7.58984163e-02 -5.48183173e-02  1.73050538e-01
  1.57794598e-02  9.49744731e-02 -5.40909693e-02 -5.63539639e-02
 -3.71101461e-02  2.37799231e-02 -1.27178803e-01  6.90371618e-02
  5.06179128e-03 -9.90011469e-02 -2.59780977e-03 -1.33885564e-02
 -1.70238763e-01  2.86383908e-02 -1.68068409e-01  8.87851566e-02
  3.48816700e-02  1.28380075e-01  2.04046458e-01  6.77829012e-02
 -3.16484980e-02 -2.13924758e-02  8.67640227e-02 -9.87525657e-02
  7.58461282e-02 -1.26039758e-01 -6.33279756e-02  1.02759182e-01
  9.22248513e-02 -1.65800732e-02 -5.55908978e-02  1.18172662e-02
 -1.63024053e-01 -1.66832563e-02  4.05469202e-02 -4.41364385e-02
 -1.23818651e-01  4.29195091e-02  1.32418513e-01 -7.57240597e-03
 -3.11745126e-02  1.46673471e-01 -2.59371698e-02 -7.78122619e-02
  6.97609857e-02 -1.12272553e-01 -1.53534740e-01  1.62785828e-01
 -5.02900034e-03 -7.59998932e-02 -8.64424184e-02  6.05804585e-02
 -3.79966237e-02  2.47892454e-01 -5.27870515e-03 -2.62568235e-01
  6.24502376e-02  4.60937992e-03  2.75547564e-01 -2.67034899e-02
  6.33656010e-02 -1.60810396e-01  1.44635290e-01 -7.79161155e-02
 -1.88232690e-01 -4.58603278e-02 -5.30150607e-02  3.05561215e-01
  1.38867453e-01 -1.29774613e-02  6.69869483e-02 -1.23933487e-01
 -1.57638267e-01 -6.41644597e-02  1.67116113e-02 -3.26065384e-02
 -2.49679964e-02 -1.10610738e-01  3.41611095e-02  1.01641901e-01
  1.56466752e-01 -1.07781522e-01  6.93008229e-02  5.87185957e-02
 -7.49298558e-02 -4.57028672e-02 -9.35641155e-02 -8.05975348e-02
  2.26697847e-01 -5.08218706e-02  3.61757316e-02  1.90500826e-01
  1.19230330e-01 -9.50641185e-02  2.39255697e-01  9.76515785e-02
  2.11546391e-01 -6.14958778e-02  8.05910379e-02  8.92985985e-02
  2.52154227e-02  1.54620692e-01 -1.45012423e-01  1.59266472e-01
 -2.59350032e-01  1.33489920e-02 -1.24656379e-01 -5.08448705e-02
  4.62198034e-02  7.23768845e-02  6.61043962e-03  3.37403268e-02
  2.15461954e-01 -5.42434938e-02  1.88128814e-01  1.63662478e-01
  1.94035962e-01 -1.65677257e-02  2.87541393e-02  9.92781818e-02
  9.66737494e-02  1.26382560e-01  1.10052310e-01 -8.45850706e-02
 -1.46537364e-04  2.16900244e-01 -2.96572018e-02 -8.46202970e-02
  1.43663697e-02 -9.71872266e-03  1.71523586e-01 -3.29802260e-02
  1.19154498e-01  1.74825475e-01 -6.55631442e-03 -1.44166887e-01
 -4.15720865e-02 -8.97541866e-02  1.43937739e-02  9.27798003e-02
  9.67483521e-02 -6.74233958e-03 -9.84928682e-02  1.02361277e-01
 -1.10823005e-01 -4.60077189e-02 -6.22633025e-02 -9.48695838e-02
 -1.95900686e-02  4.04759310e-02 -2.57048197e-02  8.54629353e-02
 -4.79310825e-02  1.58364773e-01  1.11327007e-01  1.96331572e-02
  7.10754693e-02  1.18039615e-01  2.37008519e-02  1.19507955e-02]