http://erau.edu/ontology/meme.owl#DonLemonMeme
[-6.92270137e-03 -1.93684220e-01 -7.11270273e-02  4.47563343e-02
  1.84467211e-02  1.89047456e-01 -7.90189486e-03 -9.77502912e-02
  1.29621565e-01  2.56806072e-02  8.30675364e-02 -1.78414926e-01
 -3.90635394e-02  5.71099408e-02  1.23973653e-01 -1.84450485e-02
  1.56787839e-02  5.28987981e-02 -6.54554516e-02  2.61452585e-01
 -2.65149176e-01  1.32337317e-01  2.64976054e-01 -4.99109551e-02
 -1.96247697e-02 -3.72813717e-02 -5.63820489e-02  8.41603577e-02
  3.56822878e-01  1.49562940e-01  9.00642425e-02  4.13790010e-02
  2.07561417e-03 -1.00022689e-01 -1.05024368e-01  8.78316686e-02
  5.04504256e-02 -2.83826813e-02 -1.56217858e-01 -5.27754463e-02
  8.72808099e-02  3.36677842e-02 -1.36855990e-01  1.21583520e-02
  8.64617452e-02  1.34007866e-02  9.47825238e-03 -1.62687778e-01
 -3.36026400e-02  5.82550950e-02 -2.03633625e-02 -1.67214483e-01
  4.76806276e-02 -2.89167720e-03 -2.81014573e-02 -7.37079009e-02
  8.44851807e-02  6.70699552e-02  1.44145489e-01 -1.14957973e-01
  1.33074760e-01  8.50547254e-02  9.12539735e-02  8.32732394e-02
 -2.34490242e-02 -1.59639698e-02 -3.25073898e-02 -1.26680195e-01
 -9.11435559e-02 -5.46141565e-02 -1.73453301e-01  6.50221929e-02
 -5.97026460e-02  8.81823897e-02  3.93262394e-02  4.32584062e-02
  3.48532200e-02 -7.04759806e-02  1.22766495e-01 -5.25050089e-02
 -2.12332040e-01  6.25671372e-02 -1.27694411e-02 -2.82003850e-01
 -2.94280425e-02 -1.33038774e-01 -1.15749441e-01  1.72924660e-02
  1.12167247e-01 -1.27031028e-01  1.36005282e-02 -3.12478393e-01
 -4.34460118e-02 -7.31042847e-02 -9.65693593e-03  1.48417622e-01
 -1.85002655e-01 -2.10515559e-01 -1.33161590e-01 -2.99426951e-02
  8.60181525e-02 -4.57151048e-02  2.68225014e-01 -1.34020403e-01
 -1.36367738e-01 -7.10803270e-02  7.83723742e-02  8.45527723e-02
  1.64922759e-01 -1.86010107e-01 -2.53811907e-02  9.95231271e-02
 -7.26519525e-03  1.94832939e-03  1.38477072e-01  4.65944037e-02
 -2.36700192e-01 -9.70986262e-02  6.88315332e-02  7.15046301e-02
 -1.00290161e-02 -5.46584986e-02 -1.32032469e-01 -5.57486620e-03
 -5.22794202e-02 -4.37201224e-02  3.33195440e-02  5.12201302e-02
 -8.23810697e-02  2.94786207e-02 -1.97679579e-01 -1.23765320e-01
 -1.10383399e-01  7.51685053e-02 -1.25208974e-01  2.25401342e-01
 -1.40508622e-01 -1.47021070e-01 -4.04824205e-02  7.15778992e-02
 -1.47346646e-01  1.22690856e-01  1.57447800e-01  6.34933114e-02
 -6.07892289e-05 -2.46016487e-01  8.61568898e-02 -4.75042723e-02
 -2.06473067e-01 -1.10557504e-01 -1.23712607e-01 -1.10815167e-01
 -7.16498718e-02 -2.78392415e-02  1.00919053e-01  6.40312880e-02
  6.91925467e-04  2.05601215e-01 -9.27340910e-02 -2.64377743e-01
  5.84326833e-02 -1.07736148e-01  1.35796266e-02 -6.12036586e-02
 -2.96059370e-01 -4.97127213e-02  5.26584536e-02  1.83267489e-01
 -2.82395065e-01  1.60386339e-01 -7.49569684e-02  6.98415637e-02
  7.55585954e-02  4.95722704e-02 -1.31133497e-01  5.43387085e-02
  4.95517775e-02 -3.88763123e-03  1.18413279e-02  7.12389573e-02
 -4.94109131e-02  8.54728743e-02 -1.13632590e-01  5.24696447e-02
 -2.12239668e-01 -7.97353759e-02  9.35855806e-02  9.28701013e-02
 -8.75116661e-02 -5.90730757e-02  2.76100729e-02 -2.27989946e-02
 -1.88500881e-01 -2.28182510e-01 -1.23887546e-01  4.83048323e-04
 -2.91529410e-02  1.85029730e-01 -8.81044790e-02 -1.93395376e-01
 -9.91319716e-02 -6.96047395e-02 -3.64148989e-02 -2.94867670e-03
 -1.24690225e-02 -5.50874174e-01 -4.95268516e-02 -6.33220896e-02
  4.29420397e-02  2.58328348e-01  3.62398058e-01  8.85310248e-02
  1.24767438e-01 -6.82764649e-02  6.63567893e-03  1.69306383e-01
 -9.85775962e-02 -1.36821061e-01  2.34258905e-01 -1.37181189e-02
  1.66223839e-01  1.98842734e-01  7.49556795e-02  5.82200959e-02
  3.79259959e-02  6.69971704e-02 -7.46421590e-02 -1.61754191e-01
 -1.56696498e-01  3.07431258e-02 -2.42872369e-02  3.11600059e-01
  1.01104006e-01 -7.75594041e-02 -8.75959247e-02 -1.15550615e-01
 -1.84154846e-02 -5.54444082e-02  2.30954915e-01  7.03993291e-02
 -1.77990198e-02 -9.94690582e-02  5.58638610e-02 -3.29289623e-02
 -2.57282645e-01 -1.10239357e-01 -1.57028854e-01  6.56535402e-02
  5.87866940e-02 -7.23329484e-02 -1.06043769e-02  9.08450335e-02
  1.07910018e-04  8.32149833e-02  1.61578253e-01  1.72570627e-02
 -2.43777588e-01 -1.01017050e-01  8.22859555e-02 -6.43820614e-02
 -1.43877745e-01 -1.43847808e-01 -1.27468824e-01 -2.59182304e-01
  4.29117605e-02 -2.32537031e-01 -1.39127020e-02  1.44751772e-01
  2.45266613e-02 -8.78701955e-02  6.47921190e-02 -2.16663629e-02
  3.64875956e-03  7.24096596e-02  1.48162069e-02 -1.25279650e-01
  5.10651916e-02 -4.18414921e-02 -2.05127046e-01 -1.05608910e-01
 -2.28351336e-02  3.34511958e-02 -1.09076045e-01  2.04674713e-02
 -2.02798650e-01 -5.14972098e-02 -1.21350467e-01  4.54282388e-02
  1.22350536e-01 -5.01652062e-02 -1.59156114e-01  1.09937610e-02
 -2.65944004e-02  1.67076901e-01 -1.63889881e-02 -8.76444727e-02
  8.73130560e-02  2.06450462e-01 -5.90075366e-02 -1.05715588e-01
 -1.32733002e-01  9.13982168e-02  1.18483253e-01  1.81899890e-02
  1.00450419e-01 -2.10504923e-02  8.35784748e-02  9.55894664e-02
 -1.50878221e-01 -2.44413521e-02  1.38824075e-01 -2.31454477e-01
 -1.32366017e-01 -4.90052141e-02 -2.12912455e-01 -1.57594904e-02
  8.09057876e-02  5.40394448e-02 -3.83297578e-02  7.63394311e-02
 -9.09664705e-02 -1.40455127e-01  5.12229130e-02  8.87313485e-02
  9.91211087e-02  2.29087681e-01 -9.53860432e-02 -2.17915652e-03
  1.09157763e-01  2.29586046e-02  3.81245464e-02 -1.36687025e-01
  4.18835357e-02 -7.09472671e-02  1.23803928e-01 -2.49228895e-01
  1.79263189e-01  1.39357401e-02 -7.97045007e-02  1.19507138e-03
  5.82121760e-02  1.32949173e-01 -8.61079246e-02 -3.19091901e-02
 -5.54083325e-02  9.13523436e-02  5.91949932e-02 -1.05382092e-01
  6.58439025e-02  1.00885937e-02  2.94623170e-02  1.01603381e-01
 -1.05493173e-01  1.34142235e-01 -1.22842573e-01  5.47672398e-02
  5.75753562e-02 -9.81629863e-02  1.38431907e-01 -1.45279139e-01
 -5.61845526e-02  1.51197255e-01  2.84736627e-03  1.88952759e-02
  1.58677191e-01 -6.77007437e-02 -2.15245843e-01 -7.46496096e-02
 -3.08676958e-02  2.89185978e-02 -2.92788912e-02 -1.53701693e-01
 -3.27812403e-01  2.45332465e-01  2.54364498e-02  3.69910933e-02
 -2.49454707e-01  3.12793776e-02 -2.18631282e-01 -1.26738951e-01
  1.95341349e-01  2.28111416e-01 -1.73153341e-01 -1.68580532e-01
  8.49313214e-02 -2.00866923e-01 -2.37743691e-01  1.11873835e-01
 -2.81441331e-01 -3.00933510e-01  7.44007677e-02  2.85834037e-02
 -1.65748313e-01  4.63495284e-01 -5.70706949e-02 -7.96184018e-02
  8.16895366e-02  5.89809455e-02  4.14239794e-01 -2.09691510e-01
 -1.30660430e-01 -3.09069484e-01  4.61490527e-02 -3.06876600e-01
 -1.45543203e-01 -5.00648171e-02  2.31526922e-02  5.46175182e-01
  2.38045171e-01 -2.53973361e-02  1.92634419e-01  2.38742437e-02
 -1.44743502e-01  3.59070376e-02 -2.06942499e-01  1.24998391e-01
 -1.94865495e-01 -5.63091189e-02 -1.16692362e-02  1.92904830e-01
  2.73167133e-01  6.66611940e-02 -2.77516842e-01  8.32715817e-03
  1.38254806e-01 -2.47008294e-01 -1.22778401e-01  2.02915296e-01
  1.72946453e-01 -5.91230690e-02  1.45660877e-01  3.83353174e-01
  1.89355314e-01 -1.34305298e-01  1.84342399e-01  3.91042113e-01
 -5.46486415e-02 -2.66737044e-01 -1.32765859e-01  1.39299750e-01
 -2.20527640e-03 -3.48987356e-02 -6.55230135e-02  1.22810699e-01
 -2.54204661e-01 -1.82316229e-01 -2.75293827e-01 -2.61361659e-01
 -1.28501445e-01  5.86869866e-02  7.89254829e-02  3.16820621e-01
  2.36359641e-01  4.65582497e-02  3.15364450e-01  3.76087278e-02
  2.20420942e-01  1.38042092e-01 -8.62028375e-02 -7.75613934e-02
  2.12902233e-01 -8.59150812e-02  1.80096582e-01 -7.09805563e-02
  6.10184334e-02  1.89423293e-01 -8.39571655e-02 -6.08986430e-02
  5.67678213e-02  7.70511106e-02  2.36686528e-01  1.10156909e-01
  1.01795629e-01  3.04027498e-02  1.70934461e-02 -2.21073590e-02
  3.43725532e-01 -1.19098634e-01 -2.80205101e-01  1.33948132e-01
 -8.92495140e-02  3.45787182e-02  2.24401820e-02  2.22893685e-01
 -2.06428729e-02 -5.61448708e-02 -4.85595465e-02  2.65670195e-02
  9.79877412e-02 -1.20253779e-01 -2.85531789e-01 -1.80743784e-01
 -1.03253014e-01 -1.34875864e-01  1.12049587e-01 -1.60823748e-01
 -9.45151672e-02 -2.47152552e-01  1.84253931e-01  2.15320997e-02]