http://erau.edu/ontology/meme.owl#DiggyDiggyHoleMeme
[ 0.00600567 -0.01555535  0.05133859  0.07527221  0.05584098  0.10343735
  0.1175733   0.09155822 -0.04363478  0.01986557  0.05837764 -0.16677783
 -0.17230974 -0.10946583 -0.19148092  0.10187368 -0.00186195  0.03249608
 -0.12075053  0.17332394 -0.1142737   0.01799398  0.12091726 -0.13705109
  0.08841925 -0.01632708  0.0817039  -0.01726824  0.19865455  0.00611822
  0.06442779  0.23031554  0.13852657 -0.00616732 -0.01215267  0.08828758
 -0.0999328   0.0172614   0.00496112 -0.09760962 -0.01869632  0.09911244
 -0.11971352 -0.0627911   0.03436008 -0.00278407  0.08376987  0.02732239
 -0.07256632  0.08191283  0.04299421 -0.05875309 -0.05628651  0.09140927
 -0.06745104 -0.10162269  0.05352164 -0.12009989  0.04300763 -0.07290325
  0.07494338 -0.06999723  0.07105548  0.05318132 -0.21107952 -0.20426606
  0.02847984 -0.16971247 -0.07525563 -0.04326866 -0.07365697  0.06752925
  0.18232016  0.16160478 -0.02024828  0.15168451 -0.06480902  0.07951064
  0.11676975  0.08666945  0.06378013 -0.17092952 -0.12769628 -0.12097908
  0.17408267 -0.15243728 -0.02690045 -0.06985784  0.05105419 -0.09048685
 -0.01253736 -0.30133355  0.07370076 -0.06848966  0.04676523  0.03896761
 -0.03064269 -0.0348257   0.07876396 -0.11890484  0.00931839 -0.06624371
  0.17837645 -0.14513633  0.08135357  0.04196091  0.22184776 -0.10355492
  0.04449335  0.01805375 -0.07225324  0.2198386  -0.13906722 -0.10370325
 -0.01786066  0.00693746 -0.2218718  -0.10462276  0.06145782  0.0033909
 -0.07683484 -0.08284334 -0.19739921 -0.05237076  0.01680581 -0.07741974
  0.0162541  -0.04717615  0.11386497 -0.07348593 -0.1213849  -0.077472
 -0.10053806 -0.02080269 -0.07046325  0.06619682 -0.00130689  0.04598079
 -0.18653846 -0.01611552 -0.12586571  0.12332415  0.06907208  0.07442424
  0.05784417 -0.1804642   0.04780733 -0.00066537  0.03335074  0.10239822
  0.07181346 -0.06310507 -0.0283995  -0.1655478  -0.01666561 -0.04913626
 -0.17612223  0.07719189  0.04056945 -0.19920653  0.08951223 -0.14881736
  0.00138567 -0.07718151 -0.11785722  0.09757198 -0.0227321   0.14476566
 -0.26743117  0.14812209  0.09863667  0.13040666  0.15677503  0.16350898
  0.00863131 -0.16680308 -0.07092601 -0.01713898  0.07505391 -0.06293987
 -0.01913729  0.14052641  0.05790877  0.00749934 -0.13209634 -0.04988841
  0.08369801 -0.0040794   0.06142162 -0.02731146  0.04003898  0.10687786
 -0.30621204  0.00182842 -0.1383304  -0.00900954  0.02476584  0.08844873
 -0.13012579 -0.0202761  -0.02718477  0.0299922   0.19380547 -0.09743017
 -0.1010499  -0.26490405 -0.03782994 -0.03982142  0.08845451  0.12941901
  0.20826301  0.07586063  0.08931262 -0.13762064  0.0595187   0.07436249
 -0.10236517 -0.10646542  0.1946363   0.04207734  0.22201169  0.14519802
  0.01513015  0.05325401 -0.01314689 -0.20290072 -0.10670873 -0.10430826
 -0.10397904 -0.00591492  0.1553245   0.07509459 -0.07376484 -0.1435189
  0.00700088  0.11374205 -0.11397225  0.08420534  0.05591281  0.17077926
  0.01406645  0.06285641  0.14629984 -0.03331141 -0.30313239 -0.06002274
 -0.3037035   0.08952188 -0.14256087  0.09476167  0.06704427  0.14165261
  0.05856583  0.15228882  0.20544189 -0.00695458 -0.10795392 -0.16174045
 -0.00199    -0.12705874  0.03763197 -0.10548273  0.00523062 -0.0683971
 -0.15552    -0.1381523  -0.00081669  0.12705913  0.18300997 -0.03016225
 -0.00775413 -0.19732723 -0.07388867  0.17931454  0.14234748 -0.05826904
  0.15573667 -0.0985553  -0.10307311  0.07434031  0.06204341  0.07682239
 -0.1756785  -0.09579846 -0.14814587  0.07683771 -0.13302647  0.04883813
 -0.04220531 -0.13419512  0.15451203 -0.0429329  -0.09541274  0.00988997
 -0.06466272  0.05624197  0.21362634 -0.04843725  0.02903668 -0.09470871
 -0.20639956  0.03270848  0.01780331 -0.0329297  -0.0546388  -0.08241704
 -0.00379804 -0.10305508 -0.20009917  0.12624411  0.29440016 -0.11718651
  0.03815765  0.01617027  0.0049799  -0.00170714  0.04978144 -0.05011332
  0.21866088 -0.01869692  0.03287176 -0.21806158  0.09115983  0.05003197
  0.08203057  0.08294651 -0.19676365  0.08990508 -0.00413586  0.0398364
  0.07145754  0.11734152  0.00590418  0.00168316  0.02239968 -0.16974378
  0.0619923   0.08711072 -0.09213281 -0.045793    0.10351974  0.09224501
 -0.02398671  0.06196121 -0.05176739  0.04147663 -0.03639909 -0.03809946
  0.0566843  -0.11673561 -0.00438381  0.02202211 -0.03006357  0.14427973
 -0.18513227  0.00390228 -0.07568583 -0.10972049  0.10457608 -0.00389963
 -0.0358116   0.11413572 -0.07942045 -0.05860641 -0.02856304  0.05702113
 -0.02855673 -0.0051461  -0.11581597 -0.06955245  0.01145592 -0.07893941
 -0.27819717  0.10656659 -0.01627885 -0.01682237 -0.28416377  0.00408034
 -0.24488825  0.03035431  0.06739747  0.26452637 -0.20404099 -0.10427888
  0.07573955 -0.04439187 -0.09066684 -0.07976428 -0.05396478 -0.05457564
  0.00371535  0.07532582 -0.05647064  0.17861883 -0.21387947 -0.07353426
  0.00365475 -0.05882399  0.17010218 -0.0141377   0.04666843 -0.17813216
  0.02304622 -0.07032792 -0.01541614 -0.03771819 -0.02382294  0.13991596
  0.21434261  0.06125757  0.09258031 -0.20827326 -0.09712216 -0.09935532
 -0.01157116  0.02711047 -0.12520514 -0.15142761 -0.02058326  0.02760815
  0.08333843  0.07638611 -0.30354616  0.04110206  0.10835238 -0.10162269
 -0.03270259  0.25614536  0.23742314 -0.10972574  0.0404386   0.234089
  0.06276523 -0.06267969  0.28255877  0.21396983  0.02007151 -0.25548133
  0.0507955   0.12920423  0.07989571  0.01504581 -0.15428275  0.27300298
 -0.3514164  -0.05336424 -0.25254017 -0.15829884 -0.01068049  0.13298586
  0.02956188  0.10534664  0.32701236  0.01566702  0.30898967 -0.13733295
  0.17603256 -0.02907504 -0.00180098 -0.05436919  0.03429816  0.10508495
  0.11420212  0.03488918  0.00387639  0.11140323 -0.06964203 -0.00053467
 -0.05500429  0.10331751  0.23538476  0.02977597  0.27734938  0.12018514
 -0.0267269   0.00163058  0.19484288 -0.21781677 -0.13916934  0.01809355
  0.0479116   0.08668473 -0.07355243  0.23295161 -0.11219878 -0.19750284
  0.01080878 -0.09927382  0.13392474  0.08310817 -0.21719345 -0.04764051
 -0.07015271 -0.01993439  0.08181321 -0.13159986 -0.02944313 -0.21795
  0.06225668  0.09832102]