http://erau.edu/ontology/meme.owl#PerrythePlatypusMeme
[-6.81491420e-02 -8.47885758e-02  1.36397004e-01 -2.62589613e-03
  2.99471449e-02 -6.91531748e-02  3.33272099e-01  9.27606076e-02
 -1.37175322e-01 -3.85880433e-02  2.25263938e-01 -4.50784378e-02
 -8.61661062e-02  9.76876840e-02 -1.05361298e-01  5.45993773e-03
  1.96229555e-02  1.68830499e-01  9.37733352e-02  4.13314812e-02
 -3.33819747e-01  6.89374134e-02  2.22456008e-01 -2.26930246e-01
  2.61535551e-02  6.87946239e-03  7.94669241e-02 -2.06489205e-01
  3.24916780e-01  2.58371066e-02 -1.70919206e-02  5.79107180e-02
  1.22002147e-01 -1.34591311e-01 -8.61410946e-02  2.31916100e-01
 -5.00299260e-02  1.31924048e-01  5.61585240e-02 -1.25913918e-01
  5.27954055e-03  2.65758306e-01 -2.95869291e-01 -1.18881874e-01
  6.46291077e-02  7.39818439e-02  4.44067307e-02  1.49239963e-02
  1.55710831e-01 -5.68987522e-03  1.07715048e-01  5.24921641e-02
 -1.84783190e-02 -1.58488289e-01 -7.89472163e-02 -3.66955698e-02
  8.74435827e-02 -7.90515170e-02  7.98263866e-03  2.01585993e-01
 -1.07877016e-01 -2.21072257e-01  2.01974690e-01  3.52994492e-03
 -3.12611282e-01 -8.56543183e-02 -1.26789838e-01  6.98958486e-02
 -1.22767583e-01 -1.49200395e-01 -3.74697670e-02  9.62512121e-02
  1.92523882e-01  7.63364194e-04  5.81224449e-02  1.77958515e-02
 -1.17863499e-01  1.12877069e-02  2.49065280e-01  9.76366103e-02
  2.37536114e-02 -5.35707064e-02 -1.00163817e-01 -1.79270789e-01
 -2.23798025e-02 -4.83742654e-02 -1.74934566e-01  6.86796084e-02
  1.47609845e-01  1.22131668e-01 -5.50811663e-02 -2.45776817e-01
  1.71116933e-01  3.71731408e-02 -1.78279757e-01 -2.10175030e-02
 -3.71032394e-02  5.19555435e-02 -3.85771282e-02 -1.13571838e-01
  2.72687804e-03 -8.26288834e-02  1.50360018e-01 -6.61501661e-02
  8.99843574e-02  3.17510664e-02  7.95729533e-02  1.99181344e-02
  4.58065383e-02 -2.02972889e-02 -3.55714969e-02 -6.80528283e-02
 -1.48976326e-01 -1.41693190e-01  1.59702465e-01  3.88782769e-02
 -2.35257804e-01 -9.10899416e-02  1.59979135e-01  1.36580378e-01
 -5.78169990e-03 -1.30441133e-02 -2.10535545e-02  4.99315299e-02
  1.33651122e-02 -5.73222414e-02 -5.43930270e-02 -8.01014248e-03
  1.05492815e-01  3.36844847e-03 -1.81378543e-01 -4.88779843e-02
  1.81553252e-02 -7.65406340e-02 -4.95417230e-02  1.50817990e-01
  4.05598655e-02 -8.98401812e-02 -1.08926207e-01  8.63723233e-02
 -1.92026734e-01 -3.89026292e-02  2.49262787e-02  1.10799111e-01
  1.75990060e-01 -8.65315124e-02  9.09432545e-02 -9.20595601e-02
  2.09895477e-01  2.39153564e-01  1.28436476e-01 -9.95546654e-02
  9.66330618e-02  5.65469451e-02 -2.99650319e-02  6.32847548e-02
 -1.80475399e-01  1.52091563e-01  1.30571246e-01 -5.71194850e-02
  7.15185283e-03 -1.83399841e-01 -1.11091986e-01  1.85040683e-01
 -2.31153697e-01 -1.67122588e-01 -1.19825050e-01  1.36212945e-01
 -2.80969560e-01  1.05353400e-01  1.64884627e-01  1.51775315e-01
  1.57352909e-01  1.88267797e-01  5.45519404e-03 -8.47625211e-02
 -4.18517217e-02 -2.26515569e-02  1.12116262e-01 -6.76439656e-03
 -8.98304954e-02  3.49756926e-02  9.22426209e-02 -8.66120160e-02
  1.05431549e-01  2.93506552e-02  7.95971677e-02  5.62202744e-02
  2.52287656e-01 -1.14439195e-02 -7.19366595e-02 -7.52103552e-02
 -2.62016356e-01 -8.76165647e-03 -5.02002612e-02 -6.29782230e-02
  1.62952542e-01  1.41814992e-01 -2.59832870e-02  3.71681079e-02
  2.53469311e-02 -1.01968288e-01  1.30264938e-01 -2.05359638e-01
  1.10299345e-02 -2.13149607e-01  4.28992957e-02  3.54065411e-02
  1.99471951e-01  1.29939139e-01  2.23720104e-01  1.39114931e-01
 -1.16408773e-01 -5.97869419e-02  2.08050087e-01 -6.44030347e-02
 -2.34263882e-01 -1.32994764e-02  8.73831585e-02  1.55826807e-01
  2.65620857e-01  1.61873534e-01 -1.35116160e-01 -3.75977368e-03
 -7.26797432e-02 -6.76792786e-02 -2.14302391e-01 -9.44140553e-03
 -2.97967438e-02  9.75771528e-03  8.61243680e-02  3.58082876e-02
 -1.89838186e-01  7.89898857e-02 -1.72159374e-02  3.48165818e-02
 -1.28586456e-01 -1.10750571e-02  1.08219333e-01 -1.95603892e-02
 -5.90856597e-02 -4.69961145e-04 -2.79123452e-03  1.55957807e-02
 -2.13414267e-01 -4.17535678e-02 -1.48294494e-01 -5.20976372e-02
 -1.15662545e-01  3.80187370e-02 -7.41659850e-02 -1.56449694e-02
  2.25968242e-01 -9.46829002e-03  8.50850716e-02 -1.59032673e-01
 -8.27725045e-04  1.05692046e-02  3.37875932e-02 -1.19780209e-02
 -1.17276609e-01  7.22943619e-03 -1.20508127e-01 -4.97652823e-03
 -5.58523508e-03 -1.89540610e-01 -4.54760417e-02 -7.92721584e-02
  1.53059363e-02  1.10029411e-02  2.05178090e-04 -7.58527890e-02
 -7.12846220e-02  9.16151106e-02  3.16002578e-01 -4.81520444e-02
  1.76299185e-01  2.06625387e-02  5.02049103e-02 -3.25621925e-02
  3.67512666e-02  1.52225539e-01 -3.98495644e-02 -1.17481671e-01
 -1.81014046e-01  6.41992837e-02 -2.98596770e-02 -3.36213708e-02
 -1.43339843e-01 -8.24817419e-02  1.90414697e-01 -3.62740457e-02
 -9.92270187e-02 -1.72673255e-01 -9.10771731e-03 -3.92158292e-02
  2.10932225e-01 -6.05570897e-02 -2.03161508e-01 -3.10831964e-01
 -7.88978487e-02  1.11518456e-02 -6.73808903e-02  1.24974065e-01
 -1.69763699e-01 -1.25525862e-01  2.95446217e-01 -6.07545786e-02
  2.15087403e-02 -6.14568740e-02  1.93679690e-01 -1.60578623e-01
  7.79652372e-02  1.12162717e-01 -5.34210280e-02  8.30523223e-02
  6.30574226e-02  3.82799469e-02  4.71912175e-02 -8.34591985e-02
  8.17611441e-02 -1.08258314e-01  1.55610129e-01  1.92361474e-01
  1.07860237e-01 -1.81833625e-01 -1.35613173e-01 -1.88883301e-02
  2.13211805e-01  2.82642320e-02  6.95840735e-03  5.09495102e-02
 -2.09447090e-02 -4.76340875e-02 -2.63395216e-02 -2.00757310e-01
  6.67181686e-02  1.65740564e-01 -8.11872929e-02  1.01243483e-03
 -1.67264789e-02  1.33051768e-01 -3.31443474e-02  5.56962006e-02
 -8.70723799e-02  1.22557851e-02 -1.40817955e-01  1.66352138e-01
  6.29666224e-02 -2.06737652e-01 -9.82521772e-02  1.19459316e-01
 -6.03106208e-02  1.74802706e-01 -1.48282573e-01  1.15878679e-01
  1.85012314e-02  3.03921942e-02  2.35045254e-01  4.43676114e-02
 -1.54460788e-01  7.66130611e-02  4.75453176e-02  1.31452512e-02
 -6.80867396e-03 -2.37713698e-02  1.38294240e-02  1.11415526e-02
 -1.20928481e-01 -5.21426424e-02  2.61004362e-02  6.21322729e-02
 -7.79499486e-02 -5.73644675e-02  4.25572842e-02 -2.91745383e-02
 -1.19297884e-01 -1.55728664e-02  2.39545126e-02  6.07638732e-02
 -2.19021980e-02  1.15700848e-01 -2.69948281e-02 -2.43831668e-02
  5.09376451e-02 -8.34868625e-02 -2.41456609e-02  1.71385091e-02
  3.28240581e-02 -7.29219839e-02 -7.40236416e-02  5.86482733e-02
  6.82376251e-02  1.21889941e-01 -1.81305651e-02 -2.13143647e-01
  1.93431377e-02  6.48287535e-02 -8.53858069e-02  5.78701496e-02
  9.75608751e-02  4.61392431e-03  3.49407755e-02 -7.03478679e-02
  6.60362421e-03 -6.18946180e-02  5.57030998e-02  9.75271389e-02
  4.52001020e-02  5.40681072e-02  8.87298137e-02 -1.42773479e-01
 -1.93008259e-01 -5.22577837e-02  2.24872697e-02 -3.61129269e-02
 -1.12494519e-02 -1.61736190e-01  4.36100625e-02  6.33958951e-02
  1.37153760e-01 -1.56959018e-03  9.12269019e-03 -3.19235101e-02
 -8.23460668e-02 -5.65200560e-02 -7.40674511e-02  3.95430950e-03
  3.57254371e-02 -1.38631195e-01  1.70685370e-02  1.95269525e-01
 -6.68716058e-03 -1.07117705e-01  1.72831625e-01  1.16861165e-01
  1.02645196e-01 -6.59593614e-03  1.55439928e-01  6.93303645e-02
  4.93666232e-02  1.84800893e-01 -1.54831171e-01  2.24118993e-01
 -1.72180638e-01 -1.28877848e-01 -1.49361148e-01 -7.88994804e-02
 -3.63388583e-02  5.31462580e-02  1.16413735e-01 -2.84893326e-02
  1.30823448e-01  3.16297798e-03  1.32769838e-01  1.08857498e-01
 -5.25540207e-03  5.76543584e-02  9.36822221e-02 -1.66163091e-02
  5.49759939e-02  1.35797143e-01  1.77024230e-01 -8.45195949e-02
 -8.52415860e-02  2.38801628e-01  1.80912372e-02 -7.94145018e-02
 -4.43091728e-02 -2.57930756e-02  2.03294337e-01 -1.19874217e-01
  2.55545020e-01  2.17992067e-01 -1.83625929e-02 -1.13169402e-01
  5.25326245e-02 -2.55156457e-01  2.22200118e-02  1.40577421e-01
  1.14530466e-01  5.57097085e-02 -1.58436611e-01  2.26543203e-01
 -1.46508321e-01 -1.91151664e-01  7.11898133e-02 -1.39651299e-01
  2.32036084e-01  2.05012068e-01 -3.42065617e-02  2.21012123e-02
  2.81356089e-02  1.30036786e-01  1.15819253e-01 -2.20376216e-02
 -1.50002437e-02 -5.21937311e-02  1.21605247e-02  1.82748809e-01]