http://erau.edu/ontology/meme.owl#SuperSmashBros4CharacterAnnouncementParodiesMeme
[-1.51049152e-01 -1.50680915e-01 -6.20930865e-02 -2.22374443e-02
 -6.03207340e-03  1.71196237e-01  3.51848640e-02  2.90438440e-03
 -1.03975892e-01  1.07352426e-02  1.38293222e-01 -1.57913879e-01
  2.21252993e-01 -4.79987264e-02 -1.08384594e-01 -1.93233155e-02
  5.61551237e-03  8.83198604e-02  9.10386667e-02 -3.54739837e-02
 -2.17216730e-01  1.49037605e-02  1.06440194e-01 -1.39463302e-02
 -1.74975656e-02  2.42953897e-02 -4.51302603e-02 -1.30704746e-01
  1.48079932e-01  1.66817829e-01 -1.26125619e-01  1.68552563e-01
  3.23047489e-02 -2.30734751e-01 -4.50705029e-02  2.40069926e-01
  2.78136935e-02  3.39596458e-02 -5.03567345e-02 -2.09751844e-01
  1.83201998e-01  2.13556990e-01 -3.73057649e-02 -3.04149669e-02
  1.78497091e-01  3.89547423e-02  1.73613712e-01 -2.41511092e-02
  2.41327379e-02  1.44583270e-01 -2.30733231e-02  6.10269979e-02
 -3.50334756e-02 -7.71956742e-02 -1.34696871e-01 -7.20675513e-02
  1.53011113e-01 -2.54735470e-01  1.04262829e-01  6.65240437e-02
 -8.07161778e-02 -9.52683240e-02  1.62995487e-01  7.04459101e-02
 -1.32291019e-01 -5.05501330e-02 -2.93345824e-02 -2.17556417e-01
 -2.99064331e-02 -2.86907971e-01 -6.44032359e-02  8.77508447e-02
  2.99592800e-02  4.51954156e-02  9.53910127e-02  7.30645284e-02
  3.79030500e-03 -4.59647216e-02  2.49034539e-01  7.54301772e-02
 -1.87374681e-01 -1.53487623e-01 -6.13638340e-03 -2.59092301e-01
  5.70410676e-02 -1.43021166e-01 -3.30834463e-02  7.26624057e-02
  1.27088159e-01 -2.30332240e-02 -1.43736243e-01 -2.23931879e-01
  7.51868114e-02 -8.64793509e-02 -1.67372063e-01  1.21036410e-01
 -7.92891979e-02 -1.54541343e-01 -9.71721932e-02 -2.48768087e-02
  2.24890951e-02  8.23266581e-02  2.71852255e-01 -8.40323642e-02
 -1.51446089e-02 -1.15991966e-03  2.68422246e-01 -1.08865067e-01
  4.14207997e-03 -2.09646702e-01 -4.29653451e-02  3.51793915e-02
 -1.47933945e-01 -3.20953354e-02  2.64994770e-01  1.24978416e-01
 -2.78853804e-01 -3.34139198e-01  1.89083815e-01  4.61193658e-02
  2.74343882e-02 -1.24437407e-01  2.04753913e-02  1.42948143e-02
 -1.26598746e-01 -7.12896883e-02  7.76154846e-02 -1.27990216e-01
 -1.88881811e-02 -1.17380572e-02 -1.89701080e-01 -1.15163326e-01
 -6.74684048e-02 -1.37339368e-01 -7.70031139e-02  1.11472346e-01
 -1.10572554e-01 -3.55665982e-02 -8.76119807e-02  1.53901279e-01
 -2.23995224e-01 -1.76231470e-02 -3.81976925e-03  6.35789260e-02
  9.67337862e-02 -1.05320364e-01 -5.31137437e-02 -3.57797258e-02
 -1.06482320e-01  2.72956304e-02  3.75302956e-02 -1.55684754e-01
  9.83581170e-02  1.39920609e-02 -2.52532288e-02  1.47386014e-01
 -1.81553945e-01  1.46765828e-01  1.92762330e-01  1.56432260e-02
  1.27432674e-01 -1.29531413e-01  7.91594312e-02 -3.76695395e-02
 -3.04453075e-01 -7.38861412e-02 -4.61356677e-02  1.49874389e-01
 -2.75273979e-01  7.32850209e-02  5.98001741e-02  3.17712277e-02
  3.34687144e-01  1.88126385e-01  1.46453660e-02 -1.65630151e-02
 -6.16203286e-02 -1.06683835e-01  8.18826910e-03 -5.88348396e-02
 -1.29206926e-01  5.06813042e-02  1.52146909e-02 -5.06395064e-02
 -1.82375357e-01  6.41898513e-02 -1.57516837e-01  5.93838729e-02
  2.49957442e-01 -6.53194115e-02  1.45307600e-01  6.73787203e-03
 -2.31282562e-01  2.31710114e-02 -2.42997464e-02 -2.91223917e-02
  1.85590622e-03  1.49098009e-01 -1.95713699e-01  5.68751991e-02
  5.32667264e-02  2.68807504e-02  1.22640952e-02  3.47221717e-02
 -9.68078598e-02 -1.21562131e-01  1.31186135e-02 -1.99078873e-01
  1.51944995e-01  6.12146892e-02  1.29972771e-01  2.08284065e-01
 -2.88087688e-03 -8.34502876e-02  1.17469780e-01  1.73087288e-02
 -1.32641615e-02 -8.99957791e-02 -7.62640908e-02  1.14094898e-01
  1.68698803e-01  1.50711581e-01 -5.61708882e-02 -7.48425201e-02
  1.06149405e-01  3.12577188e-02 -1.18627369e-01 -3.80309857e-02
  8.12887773e-03 -5.99823371e-02 -1.03701033e-01  7.39765912e-02
 -1.39847517e-01 -7.62182996e-02 -5.21375192e-03  7.48218596e-02
  1.70961246e-02  8.34426731e-02  1.32392287e-01 -1.05543412e-01
 -3.03072855e-02 -4.75024022e-02 -1.03196256e-01 -9.99666527e-02
 -2.88454056e-01 -2.29432732e-02 -3.04313935e-02  9.05283391e-02
 -2.45329253e-02  2.75798459e-02  1.66625008e-02  1.07743360e-01
  1.30290329e-01  8.32753927e-02  1.15149051e-01 -5.02070189e-02
 -7.01355040e-02 -4.10471708e-02  7.79743195e-02  7.24336952e-02
 -7.17257932e-02 -1.73492849e-01  1.37986049e-01 -2.14744993e-02
  5.21292910e-02 -3.03682119e-01  1.96053460e-03  8.47266391e-02
  1.04622230e-01 -1.65988222e-01 -1.03511557e-01 -1.70379058e-01
 -4.53995243e-02  8.02142397e-02  2.20112145e-01 -1.37175605e-01
  9.28574875e-02  1.20024672e-02 -1.34209365e-01  1.22242863e-03
  1.88862488e-01 -5.97680323e-02 -8.52729157e-02 -5.70486896e-02
 -1.51635274e-01  4.38024104e-02 -1.49924457e-01  6.49717078e-02
  3.47119905e-02 -1.78034514e-01  1.50146950e-02 -8.48305523e-02
  8.76673404e-03 -1.66706353e-01 -6.13827899e-04 -6.47895634e-02
  2.67035235e-02 -2.50298940e-02 -1.63789719e-01 -1.08786374e-01
 -2.45439649e-01 -3.88009734e-02  1.80362277e-02  5.46445064e-02
 -9.69854444e-02  2.76817251e-02  2.99766600e-01 -1.04533928e-02
 -1.30004091e-02  9.28688422e-02  1.07420728e-01 -1.84368029e-01
  5.24469726e-02  7.54727498e-02 -7.91633222e-03  2.05845777e-02
 -3.62521075e-02  2.53488626e-02 -1.71039887e-02 -2.27971412e-02
  1.46526262e-01 -1.20397368e-02  1.65480271e-01  1.45627901e-01
  2.07490996e-02  3.17049436e-02 -2.72641182e-01  1.51207997e-02
  3.19201946e-02 -6.56861588e-02 -6.38941452e-02  1.91460643e-02
  1.65922791e-01 -4.53270487e-02 -2.21445914e-02 -2.40175813e-01
  7.30305444e-03  4.70104143e-02 -2.61063688e-02  1.00061119e-01
  5.57163768e-02  2.12368611e-02 -4.22098953e-03 -1.02031492e-01
 -1.00724608e-01  1.07037574e-01 -6.33223504e-02  4.18993011e-02
  3.40093821e-02 -1.65645003e-01 -7.43983127e-03  1.55756578e-01
 -1.25240475e-01  1.51884094e-01 -1.53701439e-01  1.06762677e-01
  1.64130241e-01 -1.03083044e-01  1.94920123e-01  6.29900619e-02
 -1.44790709e-01  1.48945063e-01  4.61197022e-04 -7.27891773e-02
  1.47217914e-01 -2.10921675e-01 -2.15933882e-02 -5.49181998e-02
 -4.86602448e-02  1.82666574e-02  1.49450526e-02  5.23323305e-02
 -1.08957544e-01  6.23786822e-02  5.62102199e-02  9.20739472e-02
 -8.31292719e-02  4.47226875e-02  2.52724029e-02 -6.85721710e-02
  1.64800391e-01  2.35344887e-01 -2.23942436e-02 -1.15127288e-01
  2.80144870e-01 -3.38771418e-02 -8.18154868e-03  2.22302228e-01
  4.25411854e-03 -1.61559775e-01 -9.80227888e-02  1.25261977e-01
  2.68760748e-04  3.18374991e-01 -8.25777352e-02 -2.42743418e-01
 -5.72451837e-02  1.18797548e-01  3.88054579e-01 -9.16823968e-02
 -2.45690756e-02 -7.56370053e-02  2.92147305e-02 -3.02068502e-01
 -1.64630592e-01 -3.57076190e-02  1.45162150e-01  3.18082154e-01
  9.70063508e-02  2.84649711e-02  1.58440471e-01 -2.77392894e-01
 -1.03861131e-01 -8.38754028e-02  6.44536316e-02  1.27917260e-01
  3.32780145e-02  1.78039037e-02 -4.65257354e-02  1.56894341e-01
 -5.30637354e-02 -7.39553198e-02 -1.49242967e-01 -1.30786255e-01
  6.29651472e-02 -1.40817359e-01 -1.26983345e-01  1.77653134e-01
  1.47819370e-01 -1.55599728e-01  6.25567660e-02  2.05458686e-01
  1.87246427e-02  3.24773192e-02  1.93275049e-01  2.53003865e-01
 -7.25590214e-02 -1.45080760e-01 -5.00451513e-02  1.27222523e-01
  2.03617007e-01 -5.96041605e-02 -3.04042399e-02  1.71347126e-01
 -1.77034274e-01 -1.17621638e-01 -2.48239636e-01 -2.33833447e-01
 -1.00338303e-01  1.39926136e-01  1.20487571e-01  1.95402667e-01
  6.25144094e-02 -6.93682358e-02  3.04814726e-01  2.60366704e-02
  5.93855008e-02  1.36106135e-02  1.72588583e-02 -1.05311602e-01
  2.10461572e-01  1.39621496e-01  3.60969566e-02  2.22494379e-02
 -2.32160036e-02 -5.90813160e-02 -8.81691799e-02 -1.77020878e-01
  5.97619032e-03 -2.87493709e-02  9.10627320e-02 -3.73037234e-02
  1.73479825e-01  1.51308089e-01  1.57521322e-01 -1.76696107e-01
  3.36872637e-02 -3.15936580e-02 -3.08077852e-03  7.54007548e-02
 -1.22422688e-01  2.35327892e-02 -9.88003463e-02  3.36801916e-01
 -7.27481022e-03 -2.21756503e-01  8.23332220e-02 -6.50632083e-02
  9.05176550e-02  3.24824862e-02 -1.08344331e-01  4.14901227e-02
  5.29861869e-03  4.95223552e-02  4.51635849e-03  7.97026381e-02
  6.48426497e-03 -3.18197086e-02  1.79182798e-01  1.16624214e-01]