http://erau.edu/ontology/meme.owl#OldHeadshotsDayMeme
[ 2.74614934e-02 -1.34267703e-01  1.26530128e-02  8.63958970e-02
 -8.75668600e-02  7.15216175e-02  1.16559863e-02  4.59252037e-02
  1.42468855e-01 -3.97307724e-02  6.11755364e-02  5.76568469e-02
 -5.73944412e-02  1.38302399e-02  2.77180038e-02 -2.61159730e-03
  1.61668703e-01  7.40836635e-02 -1.03372149e-03  4.40379232e-02
 -2.55916454e-02  1.76401064e-01  1.96501613e-02 -2.29661223e-02
  2.44860485e-01 -1.71746667e-02  1.91687942e-02 -1.12713829e-01
  1.52745336e-01  2.14651003e-01  1.10119753e-01  6.43643662e-02
  6.85485452e-02  3.74869518e-02  8.29184335e-03  2.15452239e-01
 -4.30000462e-02  3.53302509e-02 -1.30334988e-01 -6.49142489e-02
  4.13319282e-03  1.57539204e-01 -1.28935501e-01  1.01939082e-01
  6.60211518e-02  2.09041368e-02 -3.64717878e-02 -2.18445480e-01
 -3.77190188e-02 -8.18288252e-02  3.28402855e-02  1.03648685e-01
 -1.13724828e-01 -1.79943934e-01 -5.61186187e-02  4.27766033e-02
  6.16848320e-02 -1.18626520e-01  1.10430695e-01  1.08366050e-01
  1.03519760e-01  6.84290007e-02  9.13724452e-02  5.32331429e-02
 -4.99353325e-03 -1.32773109e-02 -5.62938396e-03  1.06014237e-01
 -4.17446867e-02  4.06819023e-03 -1.41314700e-01 -2.97937337e-02
 -3.12631950e-02  5.49197122e-02  3.06745805e-02  3.60575579e-02
 -1.72285125e-01 -9.85723827e-03 -2.35344842e-03 -8.09723362e-02
  4.48831469e-02 -4.76824120e-02 -9.01518688e-02 -4.99954820e-02
  4.05026637e-02 -3.64285819e-02 -4.45459336e-02  1.31680490e-02
  8.52401331e-02 -3.16661000e-02  1.23327315e-01 -1.18898176e-01
  1.61511060e-02 -1.05821120e-03 -3.39885652e-02  1.33485824e-01
  2.39673946e-02 -2.11729743e-02 -5.40350601e-02  3.18118818e-02
  1.14493869e-01  1.30080447e-01  1.96764901e-01 -6.37015253e-02
  7.38294423e-02  7.88752437e-02  1.97844803e-02 -3.92121971e-02
 -1.08433500e-01 -1.25026420e-01  7.47009367e-02 -2.41184011e-02
  1.01527877e-01 -7.93902799e-02  6.21678568e-02  3.25080603e-02
 -1.55756369e-01 -3.15417461e-02 -6.45237640e-02 -6.13586344e-02
 -1.41105086e-01  4.27343398e-02  1.83820538e-02  1.71959832e-01
  2.57073373e-01 -2.34487765e-02 -3.58683020e-02 -2.79639736e-02
  3.30036953e-02 -2.68338918e-04 -2.70337403e-01 -5.80833200e-03
 -6.18501790e-02 -7.72056356e-02 -6.27493188e-02  1.08536422e-01
  6.63348585e-02 -8.91854838e-02 -1.36385962e-01 -2.19091699e-02
 -1.89139828e-01  6.84570000e-02  1.91188589e-01 -5.14059626e-02
  2.24676371e-01 -1.36637598e-01 -4.84366678e-02 -6.78571463e-02
 -1.39576077e-01  1.90875158e-02 -4.57073189e-02 -1.16217740e-01
 -5.97048588e-02  8.07708874e-02  6.09689616e-02  1.05739601e-01
 -7.60163888e-02  1.70853838e-01 -9.78789292e-03 -5.09878173e-02
 -8.09180737e-02 -3.64157222e-02  2.54589412e-02 -1.33649688e-02
 -1.20491236e-01 -7.88568780e-02  4.94541898e-02  1.61989927e-01
 -1.51121691e-01  6.63380623e-02  1.76040661e-02  1.49572954e-01
  5.26105687e-02  1.05301477e-01 -6.95467815e-02 -2.02567056e-02
  5.06044887e-02 -9.52155069e-02  1.79550648e-01 -6.96020126e-02
 -9.52471867e-02  6.44103214e-02 -4.96460497e-03  9.14979726e-02
  4.85530645e-02 -6.17135577e-02  1.24759756e-01  1.12295993e-01
  6.31698370e-02 -1.56180682e-02  1.18381113e-01 -1.01265505e-01
 -4.48514633e-02 -1.41794086e-01  8.06915760e-02 -1.08757146e-01
 -3.00286319e-02  1.68971196e-01  3.79124880e-02 -1.81948598e-02
  8.74566659e-03 -4.14090119e-02  8.38087201e-02  2.09523225e-03
 -1.35302693e-01 -2.80353040e-01  4.18742886e-03 -1.08890243e-01
  7.67807961e-02  7.18776286e-02  2.81204045e-01  4.92792241e-02
 -7.31233805e-02 -4.68430249e-03  7.55310953e-02 -1.15704410e-01
 -4.33087796e-02 -8.70548487e-02  1.80448189e-01  8.65059048e-02
 -8.48098695e-02  1.61391899e-01 -1.79030016e-01  1.08753137e-01
  4.29167598e-02  9.52186435e-02 -7.55671933e-02  7.50546008e-02
 -1.49231762e-01  2.59633139e-02  6.28545135e-02 -1.98601875e-02
 -4.26215790e-02 -2.38450617e-01 -5.31143136e-02 -4.13570739e-02
 -3.70044559e-02 -7.32909739e-02  4.43513468e-02 -8.44441429e-02
  1.19055784e-03 -1.36687309e-01  9.63109881e-02  3.39606702e-02
 -1.71683326e-01 -6.55106530e-02 -1.38158321e-01  5.32283336e-02
  1.03215165e-02  7.81770945e-02  7.68449754e-02 -6.20038286e-02
  8.21201056e-02 -2.74067838e-02  2.88044870e-01 -1.14275590e-01
 -1.87680349e-01  1.11321308e-01  1.92389339e-02  2.50072956e-01
 -1.84864938e-01 -1.56519320e-02 -1.43204983e-02 -1.81397945e-01
 -1.81356613e-02 -8.70012790e-02 -3.84954214e-02  3.76648419e-02
  1.35017990e-03 -1.42381266e-01 -1.09598145e-01 -1.11950584e-01
 -5.45022339e-02 -4.40492928e-02 -6.95799664e-02  5.39307017e-03
 -2.00988110e-02  3.25990990e-02  1.40924364e-01  6.98581934e-02
  8.73857737e-02  2.16732789e-02 -2.13885922e-02 -6.23907819e-02
 -1.19346879e-01 -3.31152976e-02 -8.75151008e-02 -8.86572599e-02
  3.62638123e-02  5.59591595e-03  5.15502542e-02 -9.86952260e-02
  9.52881053e-02 -3.50614451e-02  8.46566353e-03 -7.41740828e-03
  1.13166787e-01 -4.72457223e-02 -1.83015570e-01 -4.53482829e-02
 -1.70856073e-01  1.02913186e-01 -1.71268918e-02  1.28604129e-01
  2.24506911e-02 -6.60025477e-02  4.85259406e-02 -5.22940680e-02
  1.35100996e-02  7.87439868e-02  1.83741674e-01 -1.72140479e-01
 -7.85397962e-02  1.28520848e-02 -7.54367858e-02  5.52527457e-02
 -3.67081799e-02  1.29747406e-01 -1.03173509e-01 -1.00558430e-01
  6.42482191e-02 -6.01807460e-02  1.98155940e-01  1.38049379e-01
 -8.55304971e-02  5.55839241e-02 -4.46191020e-02  1.26622962e-02
  1.86388806e-01  4.82392758e-02  8.38386863e-02 -7.18939751e-02
  2.81219161e-03 -1.86684012e-01  2.34152284e-02 -1.29101291e-01
  2.00608149e-01  8.25646818e-02 -1.05986513e-01  9.83135924e-02
 -1.58933718e-02  8.92830417e-02 -1.49057955e-01 -1.38636678e-01
 -1.58118159e-01 -1.70238346e-01 -1.12756297e-01  1.79976851e-01
 -6.53841645e-02 -9.01136920e-02 -7.29083503e-03  6.57165572e-02
 -9.77315456e-02  1.69804156e-01 -1.28187716e-01  1.72044218e-01
  1.20465353e-01  8.46396536e-02  1.86455011e-01 -2.23330200e-01
 -1.36782095e-01  1.76404968e-01  9.16367024e-03 -2.70786625e-03
  1.26277981e-02 -8.49691927e-02 -1.43767774e-01  1.27994508e-01
  7.78186396e-02  3.60711850e-02 -2.09135376e-02 -1.00043088e-01
 -3.36711049e-01  1.11954838e-01  6.25118837e-02 -1.75771326e-01
 -1.06386058e-01  1.60822794e-01  6.26469180e-02 -8.86537731e-02
  8.89877826e-02  1.86153680e-01 -8.26973468e-02 -1.24175154e-01
 -2.10181065e-02 -1.37395039e-01 -1.82600558e-01  1.36730090e-01
 -8.39120150e-02 -6.88625425e-02 -6.71484098e-02  1.57158412e-02
 -1.74024906e-02  1.18536636e-01 -2.00870167e-02 -1.76824197e-01
  4.98083048e-02  8.24514180e-02  3.47745657e-01 -4.35686968e-02
 -6.10336438e-02 -1.44373747e-02  2.64607426e-02 -2.15828583e-01
 -1.55701429e-01  1.23685367e-01 -4.94623445e-02  2.63608575e-01
  2.10662782e-01  2.93413401e-02  1.50489733e-01 -2.25946739e-01
 -1.18593335e-01 -4.32940759e-02 -8.20889026e-02  7.98960403e-02
 -1.88947082e-01 -1.11186221e-01 -9.01794061e-02  1.01101637e-01
  1.92743152e-01 -9.36951339e-02 -7.41586238e-02  3.73210423e-02
 -6.78829104e-02 -2.27437153e-01 -1.06584681e-02  1.81177795e-01
  1.42316878e-01  3.80240306e-02  1.65955007e-01  2.95238018e-01
  1.13760032e-01 -2.50933111e-01  2.17173472e-01  2.37847254e-01
  7.55846873e-02 -1.98511947e-02  1.15387253e-01  1.86675683e-01
  1.07471302e-01  5.51916920e-02 -3.24398093e-02  3.61397505e-01
 -2.69300669e-01 -3.15628499e-02 -2.57570565e-01 -7.79126361e-02
 -1.41022667e-01  7.29567260e-02  1.07475549e-01  6.10636957e-02
  1.72818229e-01 -2.77550216e-03  1.92623913e-01 -4.64104582e-03
  1.33643284e-01  1.47563815e-01  4.61899675e-02  1.69233494e-02
  1.47111535e-01  9.56232473e-02  1.53230503e-01 -6.67209700e-02
 -4.52673901e-03  8.91832858e-02  6.30133748e-02 -6.94853663e-02
  5.58181554e-02  1.62690938e-01  2.04184815e-01  2.58996692e-02
  4.36477475e-02  1.19770795e-01  5.68305552e-02 -1.87196121e-01
  1.34630818e-02 -1.74322307e-01 -1.48309097e-01  6.39676452e-02
 -7.95689598e-02 -1.40548617e-01 -1.23809101e-02  2.28906766e-01
 -1.73434928e-01 -1.37621403e-01 -9.54465717e-02 -6.33735955e-02
  9.54533294e-02 -2.61797942e-02 -1.05025716e-01 -6.05948530e-02
 -3.19754668e-02 -3.27872857e-02  1.63455784e-01  3.11660767e-02
 -2.92225797e-02 -1.27791658e-01  1.10148638e-01  8.09549019e-02]