http://erau.edu/ontology/meme.owl#HistoryFandomMeme
[ 5.55338450e-02 -1.10205881e-01 -5.11981510e-02  1.45650372e-01
 -3.76134925e-02  1.81321189e-01  2.67935470e-02  9.79748368e-02
  7.13122869e-03  4.91985958e-03  7.01216236e-02 -9.60929841e-02
 -1.44324124e-01  1.73028372e-02  1.30065419e-02 -3.03315464e-02
 -2.99181379e-02  4.79195379e-02 -1.36644961e-02  7.56579265e-02
 -1.80635646e-01  8.72672200e-02  9.70441550e-02 -6.44591525e-02
 -2.42796894e-02  1.00133546e-01  1.10560171e-02  7.47922435e-03
  2.39801586e-01  2.53871888e-01  5.44250803e-03  1.96539462e-01
  1.33624345e-01 -2.64699981e-02 -4.04590778e-02  2.21748710e-01
  7.28023006e-03  9.39320847e-02 -6.04243018e-03 -1.72337577e-01
  1.52909562e-01  1.81424856e-01 -4.15292159e-02  4.07002121e-02
  7.84096047e-02  2.81420425e-02  7.69012794e-02 -1.23532116e-01
  5.49469562e-03  1.18294522e-01 -4.65150699e-02 -9.52566117e-02
 -8.33286420e-02 -1.03975624e-01 -3.72673161e-02 -2.26753391e-02
  1.68396253e-02  5.44249006e-02  1.48524910e-01 -3.04373633e-02
 -1.89971291e-02 -2.47321315e-02 -2.83139087e-02  3.38423960e-02
 -1.61282673e-01 -2.39924677e-02 -9.22543183e-02 -3.49889323e-02
  1.71966385e-02 -1.89246491e-01 -1.68917045e-01  4.08549421e-02
 -5.14166579e-02  2.46195272e-02  1.47134781e-01  2.58361679e-02
 -1.57451883e-01 -6.72104061e-02  1.12524547e-01 -1.05520576e-01
 -9.45633054e-02 -7.68789798e-02 -2.99180839e-02 -1.58052862e-01
 -3.75706777e-02 -7.49779493e-02 -1.33218095e-01 -1.58762410e-02
  6.97419941e-02  1.21931639e-02  1.73499472e-02 -2.99683839e-01
 -1.35103625e-03 -7.57075772e-02 -3.62417251e-02  4.57371399e-02
 -1.23794638e-01  5.73260002e-02  3.56636792e-02  1.34626478e-02
  8.37744027e-02  9.92224142e-02  3.55134308e-01 -1.19179487e-01
  3.84592079e-02 -3.27584743e-02  1.28586069e-01 -6.33393079e-02
  1.78570822e-02 -2.41766766e-01 -1.07890060e-02  5.56560308e-02
  2.33688932e-02 -1.16599664e-01  6.33757636e-02  1.25596449e-01
 -2.79388368e-01 -1.14961214e-01  5.21927699e-02  1.08932763e-01
 -1.05943233e-01  5.01551740e-02 -2.27225963e-02 -3.47494781e-02
  1.53157376e-02 -3.90893500e-03 -1.61662567e-04 -5.98897552e-03
  3.94497663e-02 -2.89394194e-03 -1.60768792e-01 -5.77680096e-02
  5.53037878e-03 -2.75238771e-02 -1.10711440e-01  1.61312029e-01
  1.76339559e-02 -1.64522022e-01 -4.87999991e-02  4.35489640e-02
 -1.36519030e-01  7.85272643e-02  2.26367339e-02 -7.55107775e-02
  1.18041202e-01 -2.06276387e-01 -6.99265301e-02 -5.42811826e-02
 -9.98514071e-02 -2.45673885e-03  6.44983649e-02 -5.16742095e-02
  1.73437260e-02  1.07928112e-01  1.63881704e-01  9.04351771e-02
 -9.92836729e-02  1.78740948e-01 -4.30871136e-02 -9.61732641e-02
  2.83535849e-02 -1.84339881e-01  6.08117282e-02  2.96074171e-02
 -2.08402202e-01  5.48034385e-02  7.59157818e-03  1.33796200e-01
 -3.42451692e-01  2.18085155e-01  7.88073838e-02  9.97819528e-02
  1.10775813e-01  2.42012843e-01 -9.40698981e-02 -3.48764472e-02
  3.59211192e-02 -1.04633726e-01  6.31541386e-02 -4.26479131e-02
 -7.10211769e-02  4.37131375e-02  2.42526084e-02  5.49352877e-02
 -6.25159666e-02  8.21740367e-03 -2.43702140e-02  8.36028904e-02
  1.67450488e-01 -1.54250190e-02  8.05066824e-02  7.52913058e-02
 -1.59334973e-01 -1.21861855e-02 -3.89713868e-02 -2.83215810e-02
  1.28880784e-01  4.46693562e-02  5.26701696e-02 -2.40350584e-03
  3.74561250e-02 -2.88388766e-02  6.33695275e-02 -2.12205723e-02
 -7.92162344e-02 -2.32389539e-01 -2.03349236e-02 -2.79692374e-02
  3.81869413e-02  6.19189516e-02  2.34735608e-01  1.44059286e-01
  2.15259399e-02 -1.21794835e-01  1.07849590e-01  5.17686233e-02
 -1.04181632e-01  1.61793288e-02  1.31775469e-01  8.61142799e-02
  4.91293631e-02  9.02808532e-02 -5.55403642e-02  4.75622490e-02
  7.37794116e-02  4.04522046e-02 -3.05238292e-02 -1.11796856e-01
 -1.59412757e-01  1.91583484e-02  8.82541090e-02  1.97053298e-01
  4.05982584e-02 -4.92808633e-02 -4.48228084e-02 -6.76435903e-02
  1.25445858e-01  1.24433734e-01  1.70128435e-01  4.14089561e-02
 -8.15166626e-03 -4.22177687e-02  6.61328137e-02  4.93734181e-02
 -2.22319037e-01 -9.27038863e-02 -1.10867627e-01  1.53817356e-01
  2.06127334e-02 -1.67188302e-01 -1.44919697e-02  6.55304790e-02
  5.58343623e-03  5.23961820e-02  1.45228133e-01 -6.27138466e-02
 -1.18667692e-01 -5.50201945e-02  1.29730582e-01 -2.52157357e-03
 -1.10350698e-01 -1.90713611e-02  4.73254500e-03 -9.68922228e-02
  3.11387256e-02 -1.70412332e-01 -1.03662528e-01  9.22526419e-02
  4.81678806e-02 -5.30378520e-02 -1.36182066e-02 -1.41005591e-01
 -9.92330238e-02  1.28286168e-01  6.59765601e-02  2.80844960e-02
  9.03248712e-02  1.37556659e-03 -5.27639128e-02 -1.29836900e-02
 -3.90037820e-02 -1.51538793e-02  8.38444382e-03  1.68015793e-01
 -1.27514243e-01  6.99934810e-02 -1.17956519e-01  5.51545732e-02
  1.30403573e-02 -8.65483060e-02  5.72247095e-02  3.73814851e-02
 -8.15068409e-02  5.81521392e-02 -5.71026132e-02 -8.04605484e-02
  1.32525608e-01  7.62694180e-02 -1.87483341e-01 -2.04536747e-02
 -1.54717609e-01  4.58934531e-02  2.02023219e-02 -1.34371668e-02
  6.59848526e-02 -3.19834910e-02  1.08143061e-01  3.49514410e-02
  3.90385240e-02  1.03692643e-01  1.18436724e-01 -1.33941174e-01
 -7.25226523e-03  2.22224537e-02  1.06499270e-02  2.00363938e-02
  5.00547178e-02  1.12755328e-01 -4.20969166e-03 -1.20711839e-03
  2.85828905e-03 -2.57010236e-02  9.41446275e-02  6.55571446e-02
  1.34824410e-01  1.67987682e-02 -1.22423202e-01 -5.51253976e-03
  3.74109484e-02  2.41754651e-02 -4.63409871e-02 -1.38057292e-01
  9.73283201e-02 -8.47722739e-02  6.13658801e-02 -1.88443825e-01
  9.08935741e-02  3.32663693e-02 -1.71165183e-01  5.50323799e-02
  5.90572692e-02  1.51328847e-01 -8.79852697e-02 -4.68606912e-02
 -4.13664319e-02  1.31297391e-03  1.71828531e-02 -4.94213477e-02
 -1.03159063e-01 -2.01512333e-02 -5.09907864e-02  3.34284790e-02
 -5.60557703e-04  2.48138532e-01 -5.02963439e-02  1.43757507e-01
  2.67345477e-02 -1.54554471e-01  1.92013845e-01 -9.88202468e-02
 -8.68927911e-02  7.69500136e-02  2.95195058e-02 -3.63689996e-02
  8.82490426e-02 -4.34932970e-02 -9.27561373e-02 -3.53844464e-02
 -5.71737578e-03  2.64877137e-02 -4.71129268e-02 -8.10042396e-02
 -2.07200438e-01  1.08205251e-01  1.44769236e-01 -1.06517905e-02
 -8.93437862e-02  3.32620852e-02 -8.08900073e-02 -1.28661752e-01
  2.00527817e-01  2.26552039e-01 -1.61242664e-01 -2.07908288e-01
  6.51636347e-02  7.21651763e-02  3.55431214e-02 -1.33846939e-01
  1.06572844e-01  5.10585867e-02 -1.73990965e-01  8.63880664e-03
 -7.42642656e-02 -3.01083308e-02 -3.61019373e-02  1.02438770e-01
 -9.55199972e-02  1.18105831e-02 -1.57274306e-01  2.90186685e-02
 -2.53524482e-02 -8.53413623e-03 -1.00408584e-01  8.56817216e-02
  1.96720362e-02 -5.95931821e-02  7.92321339e-02  2.90004518e-02
  1.44102409e-01 -9.77628976e-02  1.75121278e-01 -1.29532203e-01
 -8.71651396e-02  7.09541887e-02 -1.86260864e-01  1.66343711e-02
 -1.44503593e-01 -9.67937931e-02 -1.13286432e-02  5.62619753e-02
  1.47194415e-01  4.13306244e-02 -2.73361951e-01  8.52831081e-02
  6.72636628e-02 -1.56604707e-01 -6.28719106e-02  1.62744626e-01
  1.73003152e-01 -2.38883216e-02  1.37896063e-02  1.67720169e-01
  4.10015732e-02 -3.93156447e-02  1.05779665e-02  2.25320250e-01
 -8.53751227e-02 -8.92489031e-02 -4.69334014e-02  2.31175408e-01
  1.45310536e-01 -9.65265334e-02 -3.07834707e-02  2.77765006e-01
 -1.95350200e-01 -1.53378099e-01 -2.57800847e-01 -9.94282141e-02
 -7.50185400e-02  1.98951244e-01  1.36169791e-01  1.36380896e-01
  1.29100204e-01  5.78304641e-02  2.31374741e-01 -9.68362764e-02
  9.18183625e-02  4.82661799e-02 -3.08711044e-02 -4.60462458e-02
  3.97204719e-02 -6.32784271e-04  6.93831071e-02 -1.72704719e-02
 -2.16143224e-02  1.72147766e-01 -2.46284813e-01 -1.29488371e-02
  3.63159142e-02  4.28503864e-02  1.83562711e-01 -9.02776718e-02
  9.33446288e-02  1.64505601e-01  1.70717631e-02 -8.36759806e-02
  1.07348531e-01 -1.78918824e-01 -1.62752822e-01  2.73902975e-02
 -1.09521143e-01  2.10650899e-02 -2.30094716e-02  1.58861443e-01
 -4.37266864e-02 -9.94964540e-02 -8.51844251e-02  1.08304834e-02
  8.21482614e-02  3.93340513e-02 -2.07228303e-01 -1.07483104e-01
  4.51016128e-02 -1.49106979e-01  1.73803940e-01 -1.25174269e-01
 -1.52572870e-01 -1.72058359e-01  3.74507643e-02  6.33160323e-02]