http://erau.edu/ontology/meme.owl#SeinfeldEffectMeme
[-9.70044583e-02 -1.86766773e-01  1.78548574e-01  1.18624225e-01
 -9.32311341e-02 -4.27538939e-02  1.28157601e-01 -1.78545937e-01
  2.09164023e-01 -2.25124300e-01  1.97468728e-01 -1.05067141e-01
  6.23487355e-03  2.64434993e-01  8.92283022e-02 -8.27214569e-02
  4.72874427e-03  2.54183501e-01 -1.88114941e-02  5.49517944e-02
 -2.05731064e-01  2.34621972e-01  2.20760196e-01 -8.62636790e-02
  5.11739291e-02  5.04745264e-03  4.96390164e-02  4.01082709e-02
  3.90980512e-01  9.75726172e-02  5.07142879e-02  3.44170593e-02
  6.86557293e-02 -1.21920511e-01 -5.10317720e-02  1.93653449e-01
 -4.28065546e-02 -8.84204730e-02  1.17022291e-01 -4.35805544e-02
 -3.05771798e-01  1.49196178e-01 -2.38127738e-01 -6.53369725e-02
  9.05842856e-02 -2.19502859e-02 -1.59064624e-02 -1.46014661e-01
 -1.03459470e-01 -1.34280650e-02  8.48282054e-02 -7.38099217e-02
 -5.48654050e-02 -1.14995368e-01  6.10022023e-02  2.61634905e-02
  7.65009001e-02 -2.25282107e-02  1.36083961e-01  8.81139934e-02
 -1.32738575e-01 -5.82378283e-02  9.28776935e-02  1.83693454e-01
 -2.09593430e-01 -8.70087221e-02 -1.45077109e-01  4.79406789e-02
 -2.14560643e-01  3.48142311e-02 -3.01189125e-01  1.03994481e-01
  5.52685633e-02  5.00205383e-02  1.37814045e-01 -5.04778139e-02
 -2.11724222e-01 -4.42262031e-02  2.83697188e-01  7.37824589e-02
 -7.47026876e-02  1.34775072e-01 -9.72853899e-02 -2.08983898e-01
 -2.21297015e-02  3.20957713e-02 -1.11351110e-01  1.14405930e-01
  6.79861605e-02  1.41424069e-03 -1.05021253e-01 -3.31661642e-01
  1.11038685e-01 -1.18229106e-01 -1.40256330e-01  3.35691236e-02
  1.29957385e-02 -4.43324856e-02 -8.83128569e-02 -4.66324165e-02
  9.00960416e-02  1.43284141e-03  1.67515174e-01 -1.24838136e-01
 -3.73622216e-02 -2.92596314e-02  1.37873381e-01  1.08363420e-01
 -2.15351339e-02 -2.37755224e-01  1.57000974e-01 -1.94796920e-02
 -1.07564621e-01 -1.02913767e-01  2.69926842e-02  4.94736433e-02
 -1.45990774e-01  9.61289257e-02  1.98330238e-01 -4.80712503e-02
 -6.60889074e-02 -1.51053667e-01  5.85183352e-02  6.83963001e-02
  3.07908893e-01  4.19743545e-02 -2.96756402e-02  6.14673123e-02
  1.84194282e-01  1.36855632e-01 -2.76077181e-01  7.17466921e-02
 -1.47004560e-01 -7.98915923e-02  6.73398525e-02  2.47804075e-01
 -9.67057496e-02 -9.57299769e-02 -7.91084543e-02  2.28117150e-03
 -2.09928319e-01 -7.00565800e-02  2.64527142e-01  9.92422029e-02
  1.70036324e-03 -2.21984595e-01  1.06259950e-01 -1.75425678e-01
  2.98957471e-02  1.25969559e-01  1.83374584e-02 -2.88900025e-02
 -4.56358045e-02  2.40957662e-01 -5.22247106e-02  4.75742221e-02
  5.13882153e-02  3.00217450e-01 -1.27943372e-02  4.70226456e-04
  1.22239031e-02 -1.12659037e-01 -8.53591561e-02  1.25091687e-01
 -1.51144013e-01 -2.50339627e-01  2.10666567e-01  9.53975618e-02
 -3.61351758e-01 -5.85235422e-03 -5.36375679e-02  1.05808333e-01
  1.66177973e-01  1.33854583e-01 -1.16465576e-01  4.95924130e-02
 -8.90941992e-02 -3.96137089e-02  2.92243063e-01  2.00519860e-02
  4.06300090e-02  5.31103052e-02 -2.29663029e-02  6.28316328e-02
 -1.20581035e-02 -2.08795175e-01  2.01225355e-01  8.57169256e-02
  2.75908828e-01 -1.55907243e-01  3.81751806e-02 -1.46569476e-01
 -2.81418562e-01 -1.85646012e-01 -7.99893811e-02 -9.81834680e-02
 -4.90046814e-02  3.59563172e-01 -1.16642922e-01 -9.32527408e-02
  6.41794950e-02 -1.92473054e-01  1.70998693e-01 -1.16680048e-01
 -2.32853601e-03 -4.73436654e-01 -4.96344045e-02 -1.22650228e-01
  3.13356251e-01  2.35136852e-01  5.23099184e-01  1.32987678e-01
 -2.51460914e-02  3.52852121e-02  5.54189719e-02 -7.68346339e-02
 -6.13391139e-02 -4.59160991e-02  8.03787559e-02  3.36303145e-01
  1.70535892e-01  2.99403191e-01 -9.99830440e-02  2.16740087e-01
 -1.31661296e-01  6.73408657e-02 -5.21803163e-02  3.47626209e-02
 -2.66011178e-01 -7.78270215e-02  6.35870919e-03  6.44173771e-02
 -1.46633744e-01 -6.03107456e-03 -1.42757684e-01 -5.01991697e-02
 -7.98124820e-02 -3.17981243e-02  2.81284321e-02 -4.01370320e-03
 -1.07310228e-01  7.18413107e-03  3.87721844e-02 -4.68452871e-02
 -2.76390940e-01 -2.61160992e-02 -1.15006916e-01  3.73554823e-04
 -4.53716181e-02 -2.98296791e-02  3.25712422e-03 -1.87465981e-01
  1.55560836e-01 -1.19923003e-01  3.83056641e-01 -4.09650430e-02
 -1.75461948e-01  4.64958996e-02 -1.20368131e-01  7.43109137e-02
 -2.22917676e-01  1.22351058e-01 -2.05812335e-01 -4.07773517e-02
 -4.08896208e-02 -8.13548490e-02  1.67300507e-01  2.70488635e-02
  7.25446939e-02 -3.79762910e-02 -1.97924916e-02 -1.05812121e-02
 -2.19414055e-01 -2.43146252e-02 -1.30160138e-01 -1.57903582e-01
 -4.36755680e-02  2.82620192e-01  2.04229299e-02 -6.69955388e-02
 -9.34806690e-02  1.48717821e-01 -4.51282263e-02 -1.29850889e-02
 -8.00788254e-02  4.77465661e-03 -1.31482989e-01  4.40390185e-02
 -3.40120643e-02 -1.07604302e-01  8.55407119e-02  2.65527740e-02
 -2.62811761e-02  9.82646868e-02  6.96342438e-02 -7.71740600e-02
  1.78768009e-01  8.57350603e-02 -1.15878008e-01 -1.02639638e-01
  6.61605299e-02  6.92310408e-02  1.17581472e-01  2.42187157e-02
 -4.23075184e-02 -7.79151171e-02  1.11038551e-01  9.40605253e-02
  6.88603744e-02 -2.74211049e-01  9.82545018e-02 -2.06540391e-01
 -7.94821084e-02 -9.29154009e-02 -1.82988808e-01  7.94135630e-02
  3.55632529e-02  3.78615297e-02  2.23756358e-02 -1.48658767e-01
  5.43093868e-02 -1.05370350e-01  7.68158287e-02  7.14912638e-02
  3.61952521e-02 -1.48757279e-01 -8.33076462e-02 -2.93742679e-03
  2.55686432e-01  8.43457878e-02  6.78949952e-02 -6.83235154e-02
  2.81182746e-03 -1.06989034e-01  2.82672703e-01 -1.31332412e-01
  1.45231962e-01  1.26929745e-01  6.28001764e-02  6.18859269e-02
 -1.26447320e-01  1.45564854e-01 -1.71253920e-01 -7.32199699e-02
 -9.56660360e-02  3.42146493e-02 -1.16563477e-01  7.70559460e-02
  9.40822288e-02 -1.71924725e-01 -1.71480235e-02  1.88372850e-01
 -1.40485674e-01  2.41329640e-01  7.33249485e-02  1.04304381e-01
  1.01483479e-01  1.19630046e-01  7.73340166e-02  3.07131708e-02
  3.00340559e-02  1.89138174e-01 -1.06055969e-02 -8.31983387e-02
  4.99285199e-02 -1.22742482e-01 -1.80535063e-01 -9.09201279e-02
  1.72014963e-02  3.35246581e-03 -5.37980013e-02 -1.12792090e-01
 -3.08008075e-01  4.51856032e-02  7.72579312e-02 -1.13672474e-02
 -1.46423414e-01  4.15185653e-02 -9.18377936e-02 -2.40134052e-03
 -1.10032130e-02  1.32598698e-01 -9.31313038e-02 -1.76801115e-01
  6.20694719e-02 -3.50799471e-01  2.50445344e-02  4.15490046e-02
 -2.14148208e-01  1.58215035e-02  1.32017257e-02  1.37147069e-01
 -2.84307338e-02  2.60364234e-01 -3.09069455e-02 -1.73694670e-01
  6.20068572e-02  9.17747095e-02  2.11349621e-01 -3.00704509e-01
 -1.44867241e-01  5.43669192e-03  1.78950727e-01 -2.51898170e-01
  3.35810743e-02  8.90359562e-03  1.69258565e-02  1.81963995e-01
  4.77337614e-02 -8.76882896e-02  1.68536395e-01  1.13757793e-03
 -1.50467664e-01 -2.39529810e-03 -1.01565167e-01  3.98151055e-02
 -3.33378136e-01 -5.62800653e-02 -1.30920678e-01 -1.55470474e-02
  2.07784280e-01 -1.93478316e-01  7.14800600e-03  2.74336338e-02
  6.05251789e-02 -2.96730787e-01 -4.13184874e-02 -4.78233844e-02
 -2.20477786e-02 -4.60365005e-02  2.07679257e-01  2.44035512e-01
  1.94121078e-01 -1.61561906e-01  1.65882468e-01  2.81831890e-01
  2.13544995e-01  8.76792744e-02  8.60030428e-02  1.66115761e-01
 -1.54793739e-01  1.39856813e-02 -1.80119604e-01  2.62467802e-01
 -3.91713887e-01 -9.77649316e-02 -2.90692359e-01 -1.68516800e-01
 -2.09550798e-01  7.02266470e-02 -4.77217371e-03  9.31869671e-02
  1.44448906e-01  7.41174743e-02  9.80848968e-02  4.92900535e-02
  7.58198574e-02 -8.06318130e-03  1.89790875e-02 -9.93574709e-02
  1.34240568e-01 -8.31145495e-02  2.02262893e-01 -1.75562754e-01
 -4.85269278e-02  2.60543883e-01  9.61781070e-02 -1.31921485e-01
  6.87403753e-02  1.58147737e-01  2.19122127e-01 -1.89594217e-02
  8.28177035e-02  1.30210817e-01 -1.94179248e-02 -1.74740031e-01
  2.48523921e-01 -2.73521662e-01 -2.34274775e-01  2.16135845e-01
  1.33026382e-02 -3.99595238e-02 -1.03768952e-01  2.09902599e-01
 -2.99792469e-01 -2.87132144e-01  1.04926117e-02  1.36649739e-02
  1.34305626e-01  1.41974032e-01 -1.16708055e-01 -9.43648145e-02
  1.35918185e-01  8.17876682e-02  3.11276428e-02  7.33241159e-03
 -1.28331780e-01 -2.71264553e-01  1.64295539e-01  7.03857765e-02]