http://erau.edu/ontology/meme.owl#VidConMeme
[ 1.94208380e-02 -1.19262867e-01  1.96236074e-02 -9.25506186e-03
 -5.69563434e-02  6.06718920e-02  1.56318992e-01  1.11842610e-01
  4.01718821e-03 -3.32971960e-02  1.97059974e-01 -6.60905987e-02
 -2.23352779e-02  5.29013649e-02 -1.52218878e-01 -1.17811017e-01
  8.66094008e-02  1.91487521e-01  2.58377427e-03  1.20176226e-01
 -3.20871383e-01  1.79618120e-01  9.33183581e-02 -1.57451078e-01
  1.65399760e-01 -4.67052273e-02 -5.87541144e-03 -1.35574237e-01
  3.27375650e-01  1.83014944e-01  1.39452592e-01  1.86625957e-01
  5.33353314e-02 -4.75291908e-02 -8.75054747e-02  2.74802774e-01
  3.31654511e-02  1.68832421e-01 -4.16702516e-02 -1.35149300e-01
 -3.21962349e-02  2.51506060e-01 -2.88117051e-01 -9.09015238e-02
  1.39782771e-01  7.79742748e-02  5.47738336e-02 -9.76324901e-02
 -4.17460799e-02  2.73091923e-02  8.24768245e-02 -3.92156988e-02
 -1.12229131e-01 -2.09875286e-01 -1.68249995e-01 -3.60267609e-02
  9.41961557e-02 -1.11377798e-01  2.73637295e-01  2.72112843e-02
 -4.22794409e-02 -2.74053914e-03  1.50750920e-01  1.29879862e-02
 -9.64968726e-02 -1.26741439e-01 -2.66589485e-02  7.99840689e-03
 -1.00312285e-01 -7.45994970e-02 -1.85953945e-01  1.40882000e-01
  2.11088747e-01  9.73995700e-02  3.37248407e-02  1.89733565e-01
 -1.10570490e-02  8.39159489e-02  2.21337587e-01 -7.25578691e-04
 -5.45422249e-02 -1.63797289e-01 -1.35142177e-01 -2.43417293e-01
  5.60269579e-02 -5.49049154e-02 -8.29603896e-02 -3.77351940e-02
  6.82852194e-02 -8.63448530e-02  7.77566731e-02 -2.70456076e-01
  1.20894164e-01 -2.66028028e-02 -7.27290958e-02  3.77354547e-02
  3.25665809e-02 -4.90544476e-02 -7.70218745e-02 -1.42783616e-02
  1.93228543e-01 -2.23550927e-02  3.70495588e-01 -1.84704795e-01
  7.31957052e-03  6.70096427e-02  1.05157636e-01  7.29089929e-03
  3.05040777e-02 -8.01236331e-02  9.61446390e-03  1.11883422e-02
 -1.21730998e-01 -1.88833952e-01  1.52658582e-01  4.89501804e-02
 -3.31050038e-01 -2.33313233e-01  1.15625829e-01  1.94683924e-01
 -1.01080514e-01  7.81766102e-02 -1.67818323e-01  2.40484093e-04
  1.48522735e-01 -1.31962925e-01  3.70240621e-02  2.67872866e-02
  1.12162761e-01 -1.08450036e-02 -2.52597719e-01 -1.07270561e-01
 -7.19270576e-03 -2.58790497e-02 -5.74304387e-02  1.47793069e-01
  6.35181461e-03 -9.00833160e-02 -1.34168893e-01  1.51433572e-01
 -2.71025926e-01  5.59728816e-02  1.65852636e-01  1.36820257e-01
  1.98290974e-01 -3.24360222e-01  8.91690701e-02 -1.94812760e-01
 -8.42031538e-02  1.90660626e-01  7.00537637e-02 -3.90293561e-02
 -2.04320066e-02 -3.19854245e-02 -5.52757047e-02  6.28067926e-02
 -2.42916584e-01  2.36003146e-01  1.04188798e-02 -1.29980475e-01
 -9.50222649e-03 -5.79283899e-03 -9.35067143e-03 -8.93754289e-02
 -2.81319648e-01 -2.51081556e-01  6.76220506e-02  1.40007704e-01
 -3.98653060e-01  1.94050759e-01  4.66457121e-02  1.00177802e-01
  2.34657392e-01  1.86116904e-01 -2.87988037e-02 -6.57787323e-02
  9.14329570e-03 -3.16986293e-02  6.05863146e-02 -4.87116165e-03
 -1.40588328e-01  6.33838549e-02  1.25391530e-02 -1.10848606e-01
 -1.46742985e-02 -4.48530987e-02  1.14676945e-01  1.48309628e-02
  2.26333559e-01 -2.89043114e-02  4.00506817e-02 -1.06456071e-01
 -1.59039721e-01 -1.42142504e-01  5.83820185e-03 -1.53024392e-02
  4.15172875e-02  1.32337272e-01 -4.29350771e-02 -4.25912216e-02
 -5.03324717e-02  6.96114451e-02  5.50529696e-02 -4.53395173e-02
 -2.36219284e-03 -3.17289472e-01 -2.49521844e-02  2.91311536e-02
  1.86710566e-01  1.68632030e-01  2.83896029e-01  1.26752462e-02
 -7.89594930e-03 -5.70847429e-02  3.68641056e-02 -1.63072310e-02
 -8.25361535e-02 -1.33363195e-02  1.43692136e-01  1.52013019e-01
  7.01279715e-02  1.61043569e-01 -1.15744904e-01  7.57398978e-02
 -1.47375530e-02 -1.91608984e-02 -6.55520484e-02 -9.00386833e-03
  6.62329122e-02  1.99710894e-02  1.68552831e-01  4.70376536e-02
 -3.31190079e-02 -4.83976305e-02 -1.40564561e-01  7.36245839e-03
 -3.17355916e-02 -1.14005029e-01  5.64374626e-02 -9.10451543e-03
 -6.75245970e-02 -6.54389858e-02  1.95052736e-02 -1.63919814e-02
 -6.74646720e-02 -1.35260494e-02 -6.62954375e-02 -9.62164328e-02
  1.24018788e-02  3.90257388e-02  6.55194595e-02  1.28592551e-02
  3.51545401e-02 -7.97408968e-02  5.25117442e-02  5.12869321e-02
 -1.25205547e-01  1.12017460e-01  5.70827816e-03 -5.71096689e-02
 -6.58540651e-02 -1.90791078e-02 -3.31309102e-02 -1.59126863e-01
 -1.02175713e-01 -1.58511311e-01  8.05272907e-03  2.46891025e-02
  1.19143769e-01 -1.29471034e-01  5.17039371e-05 -4.92916182e-02
  5.81827201e-02  1.13655571e-02  1.66064382e-01 -3.45153585e-02
  7.14687109e-02  9.79279820e-03 -4.27500159e-02 -6.86316565e-03
  1.31027445e-01  1.02266319e-01  1.09002441e-02 -7.30910972e-02
 -1.70010164e-01  3.93875688e-02 -8.12506825e-02 -6.67734956e-03
 -8.81570205e-03 -3.51868174e-03  1.23128228e-01 -1.95044547e-01
  2.34268885e-03 -7.95478448e-02  6.07286990e-02  1.82677098e-02
  1.62091464e-01  5.80508411e-02 -9.91760381e-03 -1.35770053e-01
 -1.43013582e-01  6.32843003e-02 -3.68417650e-02  1.89351663e-02
 -1.56035321e-02 -5.00643142e-02  4.64079604e-02  2.85319444e-02
  2.01327521e-02  1.65232811e-02  2.06137046e-01 -1.97575107e-01
 -6.33275807e-02  5.56685999e-02 -7.78367743e-02  4.99262027e-02
 -1.22293765e-02  4.34021987e-02  4.93675023e-02 -6.96057901e-02
 -9.43964440e-03 -1.37336999e-01  1.09070532e-01  1.98305339e-01
  8.18901733e-02  1.59149468e-01 -7.91871622e-02  3.18519608e-03
  1.12994574e-01 -1.03951534e-02  2.42856424e-02 -6.94669336e-02
  9.77331866e-03 -1.29723787e-01 -2.70679314e-02 -1.79879010e-01
  2.20924318e-01  1.01726521e-02  2.52759568e-02  2.93734521e-02
 -1.77024044e-02  1.09258980e-01 -1.11188076e-01 -7.75490552e-02
 -1.14219794e-02 -9.16176587e-02  1.76263917e-02  5.15248952e-03
 -1.22636482e-02 -4.99279052e-02 -7.29672909e-02  3.92383151e-02
 -8.15615878e-02  1.25477418e-01 -1.45124361e-01  2.94317976e-02
 -6.53554723e-02 -2.11105682e-02  2.04167113e-01 -2.89418418e-02
 -9.59341452e-02  2.96283998e-02 -4.32705320e-02 -1.54037506e-03
  1.86467927e-03 -5.49926702e-03 -5.96177094e-02  9.19977278e-02
  6.76810816e-02  2.64626127e-02 -5.81227359e-04 -1.05679356e-01
 -2.31316939e-01  3.98056060e-02 -1.94737762e-02 -1.35420740e-01
 -7.71499276e-02  5.93000352e-02 -8.09049904e-02  6.29674494e-02
  8.75692740e-02  1.06187783e-01 -1.12672798e-01 -4.23531653e-03
  7.04481974e-02 -2.11999863e-01 -1.41741216e-01  2.43338376e-01
 -1.35751054e-01 -1.18602797e-01 -2.26059519e-02  7.31256232e-02
 -1.30664140e-01  3.37081790e-01  1.63086541e-02 -2.41886869e-01
  6.45875484e-02  2.35659201e-02  3.83928984e-01 -1.21739171e-01
 -1.03859201e-01 -3.93766880e-01  5.90156354e-02 -2.77840585e-01
 -1.41135231e-01  3.31689119e-02 -1.10394381e-01  4.88442391e-01
  1.55837983e-01  7.46515617e-02  9.33007896e-02 -5.28860055e-02
 -1.15053676e-01 -2.45670751e-02 -8.51446986e-02  5.96302263e-02
 -2.61530820e-02 -1.17306888e-01 -1.46748936e-02  6.15301169e-03
  1.83780238e-01 -1.11306310e-02 -6.42631203e-02  7.54976273e-02
  3.43432948e-02 -1.22023299e-01 -2.79540177e-02  1.01657726e-01
  4.61205132e-02 -5.52546531e-02  7.20499232e-02  1.21167570e-01
  5.43360524e-02 -2.32619941e-01  1.87832609e-01  1.11395285e-01
  9.62198675e-02 -1.20343529e-01  2.69151274e-02  1.30162612e-01
 -5.43256849e-03  6.31198809e-02 -1.16603188e-01  2.02929854e-01
 -1.84136629e-01  4.09152545e-02 -3.40534933e-02 -7.86104277e-02
 -1.31254882e-01  1.33817513e-02  2.24222057e-02  2.69533172e-02
  1.90326422e-01  3.23472079e-03  2.11754218e-01  9.12646800e-02
  1.52063340e-01  2.62024011e-02  3.06435879e-02  5.24774007e-02
  1.14714794e-01  1.69605985e-01  2.00849727e-01 -1.50616318e-01
  6.48759156e-02  1.54850379e-01  6.24383101e-03 -1.89187750e-01
 -3.69703621e-02  3.88123579e-02  2.97610521e-01  5.44774346e-02
  2.48456597e-01  8.00977275e-02 -2.83947377e-03 -1.30600750e-01
  1.48695424e-01 -1.09786123e-01 -1.22794837e-01  9.73104760e-02
  6.56298846e-02  1.32121062e-02 -6.39896914e-02  1.04449198e-01
 -8.02322626e-02 -1.20587073e-01 -8.20555091e-02  1.66270453e-02
  7.71757439e-02  3.94942239e-02 -8.06837529e-02  1.61747448e-03
  6.81143999e-02 -1.83926914e-02  9.66864899e-02  3.58660370e-02
  2.25548204e-02  1.79076698e-02 -2.95480378e-02 -3.98331098e-02]