http://erau.edu/ontology/meme.owl#SorryFeministsMeme
[-0.10952973 -0.15451846 -0.06527425  0.09185742 -0.0599618   0.11737865
  0.07634746  0.10816149  0.02715959 -0.08143813  0.18843806 -0.18037426
  0.03001375 -0.13086312  0.05389103  0.05877433  0.04211293  0.04777325
 -0.04591613 -0.0022566  -0.13206083  0.15021884  0.14494726 -0.068183
  0.08042294  0.11684831  0.14084    -0.12584442  0.1038193   0.14497788
  0.04583506  0.11957105 -0.16028623 -0.00905191 -0.1342068   0.11802407
 -0.04785667  0.08261342 -0.06178191 -0.20465419  0.0992959   0.1676995
 -0.03942013 -0.02686213  0.17262526 -0.0073805  -0.05529674 -0.05139025
 -0.15256692  0.06467801  0.05658955  0.00981076 -0.03315248 -0.11082984
  0.02484096 -0.02662234  0.06129598  0.03401006  0.03838135  0.11529765
 -0.10240056  0.04135708  0.03483223 -0.01085066 -0.09217353 -0.06088251
  0.03174013  0.01111026 -0.08023048 -0.22525524 -0.191626    0.09664908
 -0.00667385  0.00110291  0.2084777   0.07160253 -0.15072398 -0.00664119
  0.22477698 -0.05070111 -0.03426787  0.03014242 -0.02510032 -0.23155247
  0.17811577 -0.1339476  -0.14037453  0.20517553  0.11486395  0.02420078
 -0.01844675 -0.14107527  0.1457285  -0.15833548 -0.10262575  0.04227826
 -0.00403857  0.10822473 -0.04694824 -0.02545246  0.29060352  0.08216943
  0.45249793 -0.08834725  0.16634195 -0.11492668  0.11679391  0.10803203
 -0.12094682 -0.1984619   0.04060796  0.0285256  -0.10273922 -0.07006814
  0.1647141   0.11068104 -0.3865976  -0.10268826  0.02904649 -0.0141211
 -0.01891197 -0.06137602 -0.01893569  0.07959177  0.13389418 -0.05995497
 -0.07129001 -0.03643155 -0.11545331  0.05244019 -0.27073166 -0.03657899
 -0.09894606  0.02960406 -0.16466919  0.03774771 -0.13391113 -0.13978593
 -0.15029144  0.01879751 -0.24362132  0.05679666  0.08319748 -0.16046482
  0.14785701 -0.2840866   0.00694608 -0.13568471 -0.13657679  0.09620693
 -0.00961162 -0.13949275  0.10915708  0.258412    0.10747007  0.14917459
 -0.0794353   0.2937647  -0.01637131 -0.11637656  0.11184108 -0.22971213
  0.04083898 -0.02124068 -0.1713608  -0.2412226  -0.05542504  0.1629785
 -0.4062812   0.10976288  0.08228626  0.15767719  0.22740817  0.14575572
 -0.05924874  0.09015646 -0.04541451 -0.15852737  0.10129889 -0.04306525
  0.04516777  0.0754694  -0.07712729  0.08553895 -0.01276572 -0.01706488
  0.08838958  0.05434607  0.22816516 -0.12947553  0.13084142 -0.0297979
 -0.20337117 -0.00906022 -0.07309463 -0.00143108 -0.0763538   0.14381047
  0.02401752 -0.07074827 -0.09960824 -0.08194968  0.01980215 -0.16650127
  0.00835616 -0.14626913 -0.06669682 -0.03881111 -0.08129316 -0.00156642
  0.1875169   0.11746415  0.03001426 -0.03343063  0.09397201  0.20075801
 -0.17110176  0.01226651  0.04548895 -0.00118996  0.0772428  -0.00378343
 -0.18716274 -0.03895279 -0.06389162  0.13238283 -0.19465218  0.00949817
 -0.15029682  0.08753224  0.02589346  0.09354802 -0.24821714  0.01613965
  0.01367035 -0.07092418  0.02679696 -0.00848187  0.28150332 -0.13907501
 -0.00326428 -0.18194084 -0.01722549 -0.02143313 -0.29047754 -0.08942074
 -0.22049695  0.0551861  -0.06275015 -0.20472673  0.04834483 -0.06129197
  0.27281606  0.23286763  0.3125179  -0.03750802 -0.2051122  -0.00898879
  0.06184757  0.14776601 -0.11307933 -0.08501215 -0.04696768 -0.23752801
  0.13162419 -0.49194467 -0.04389827  0.01558295 -0.01626748 -0.07795495
 -0.06856751 -0.08075286 -0.24190722  0.18498023  0.04700163 -0.15397127
  0.25091118 -0.11678457 -0.0711094  -0.04052283  0.05545969 -0.08788093
  0.00871396 -0.01433428 -0.2672195  -0.00431378 -0.09446413  0.05095371
 -0.10118358 -0.23155388  0.09180952  0.04262213  0.02572613  0.11297894
  0.03748828 -0.04428897  0.03914579  0.10311022 -0.24538547 -0.01881116
 -0.23346424  0.00313235 -0.05822378  0.28564435  0.03724196 -0.16181014
  0.29024953  0.01128847  0.03067803  0.08351905  0.19413245 -0.19180405
 -0.02461273 -0.00971607 -0.00364108  0.04063682  0.06046779  0.01944457
 -0.10173261 -0.00541659  0.13500851 -0.05445487  0.23358443 -0.00066461
  0.10787231 -0.01027385 -0.09524798 -0.1529968   0.18883063 -0.01739349
  0.00374563  0.02150039  0.04414057 -0.1176511  -0.13123122 -0.36410576
  0.19911475  0.05487686 -0.188407    0.03143545  0.07265183  0.08137223
 -0.05128239  0.02748357 -0.17139846 -0.07876357  0.09074715  0.1704371
 -0.08180981 -0.13251428 -0.07832391  0.12404303 -0.00829609  0.26596212
 -0.07492191  0.26376376  0.04654724 -0.05568788  0.15703553 -0.09457263
 -0.21111104  0.08458906  0.21988371 -0.06490269  0.08453652 -0.0510506
 -0.02925877  0.11501297 -0.03639123  0.06706489  0.0107238   0.02602063
 -0.28214592 -0.03040072  0.22954366 -0.02126909 -0.16742292  0.06973153
 -0.03354886 -0.15477297  0.16057618  0.07070343  0.08767443 -0.13426358
  0.21266967 -0.13612534 -0.03242912  0.08753349  0.01890795 -0.09377866
 -0.15543173  0.0626155   0.16015522  0.1937365  -0.03827858 -0.22011155
  0.0435723   0.04306012  0.20589145  0.0061098  -0.14795578 -0.09573942
  0.11449811 -0.34922266 -0.1634891   0.00093369 -0.03830038  0.3585861
  0.22930661  0.08463769  0.16384321 -0.3195588  -0.102576   -0.04168826
 -0.19960853  0.03945838 -0.15520391 -0.07880773 -0.03886281  0.22689961
  0.08023892  0.07299584 -0.16479926  0.13107967 -0.02825201 -0.05783233
  0.05382785  0.10748949  0.07593611 -0.03963639 -0.07715064  0.26748472
  0.00915108 -0.19303952  0.11806031  0.17182519 -0.09927788 -0.05256678
  0.04327205  0.24490273  0.23611028 -0.0498418  -0.057816    0.23022382
 -0.27857557 -0.19292842 -0.29655775 -0.14283407 -0.1663123   0.04427725
  0.08580557  0.2043135   0.04063319 -0.00774408  0.23135787  0.03336528
  0.05733277  0.07183354  0.01408517  0.01176497  0.17815708 -0.05478357
  0.05559956 -0.06822492 -0.17745033  0.11068089 -0.18676063 -0.08146657
 -0.04296661  0.04525555  0.2625262   0.00675419  0.05114826  0.12387418
  0.05853677 -0.1785932  -0.01610866 -0.1960357  -0.03564931  0.02390372
 -0.21852729 -0.01661731 -0.12785134  0.31013465  0.03768448 -0.12753302
  0.08632682  0.0837389  -0.02325334  0.23254943  0.0216372   0.1170741
  0.08181654  0.01327345  0.03110435  0.00756658 -0.08784927  0.03632606
  0.13442998  0.08302753]