http://erau.edu/ontology/meme.owl#StormfrontMeme
[-1.42697275e-01 -1.12462305e-01  6.47280961e-02  1.77718997e-01
 -1.92949940e-02  2.02084277e-02  1.60535172e-01 -6.87215924e-02
  6.55103102e-02 -1.29609942e-01  4.18647192e-02 -2.24190298e-02
  2.15736721e-02  2.89208051e-02  1.93841327e-02  8.49429925e-04
  5.18014282e-02  4.38439958e-02  5.22330999e-02  9.53816399e-02
 -1.40996829e-01  9.45970491e-02  7.67752230e-02 -9.72286090e-02
  1.58823252e-01 -1.20999597e-01 -1.21668108e-01 -3.02449707e-03
  3.17996830e-01  1.95601285e-01  1.94652602e-01  8.69938284e-02
  1.49809644e-01 -6.64796010e-02 -5.04660271e-02  9.21171531e-02
 -3.15868706e-02  2.81176474e-02 -2.88819727e-02 -5.21057285e-02
 -1.10429607e-01  1.68177262e-01 -1.57223165e-01  3.57481912e-02
  5.12853898e-02 -7.93053210e-02 -1.02498673e-01 -9.36263651e-02
  5.85262850e-03 -1.85953837e-03  3.09218392e-02  6.64014891e-02
 -1.24286301e-01 -1.48890093e-01 -3.40407118e-02  4.71162833e-02
  1.00166105e-01 -1.33492857e-01  1.45572320e-01  1.28764704e-01
  8.59117284e-02 -7.37775415e-02  7.90240616e-02  6.91422075e-02
 -1.74344316e-01 -1.06396675e-01  2.66329087e-02  9.66451690e-03
 -9.95563716e-02  2.58034724e-03 -1.38616338e-01 -2.47415118e-02
  4.27674390e-02 -2.70579569e-02  1.10935435e-01 -2.26399601e-02
 -2.09184051e-01  1.80163886e-02  5.57755344e-02 -4.70570363e-02
  7.80037697e-03 -1.87358691e-03  3.69533971e-02 -1.28883019e-01
  3.66120562e-02 -8.64242464e-02 -1.42836630e-01  8.45111683e-02
  5.33034690e-02  4.14103866e-02 -1.57870818e-02 -1.22134075e-01
 -3.23301321e-03 -9.78264213e-02 -7.36290440e-02  4.90147397e-02
 -1.07074745e-01  5.78195136e-03 -4.81238551e-02 -3.05217896e-02
  7.72522390e-02  1.20082758e-01  3.12223166e-01 -1.64549500e-02
 -1.73797067e-02  2.96794679e-02  1.09246217e-01 -6.30071685e-02
 -1.34819046e-01 -6.39158487e-02  5.98424301e-02 -2.48089284e-02
 -7.81441946e-03 -4.24624495e-02  8.61578062e-02  9.34007764e-02
 -2.25479960e-01 -5.53823002e-02 -2.46672500e-02 -1.19326264e-02
 -6.05893647e-03 -8.99183750e-02 -1.94535516e-02  2.49714673e-01
  1.90298781e-01  1.41708748e-02 -5.06604128e-02  4.23127487e-02
  5.27594984e-02  3.69192325e-02 -2.50313103e-01  5.01775220e-02
 -5.12745678e-02 -1.38984144e-01 -4.49847467e-02  5.57723083e-02
  5.98287582e-03 -5.91600314e-03 -1.89028069e-01  4.71148789e-02
 -1.68940634e-01 -7.30498135e-02  1.69407293e-01 -3.68730426e-02
  1.65301040e-01 -1.87627375e-01  3.18265930e-02 -3.21156085e-02
 -2.12392826e-02  7.82340690e-02 -4.56670262e-02 -1.76768616e-01
 -7.21998960e-02  1.58955514e-01 -2.82763364e-03  1.34560838e-01
 -7.10097700e-02  2.75284827e-01  4.07018550e-02 -8.98753945e-03
  2.00993046e-02 -1.47143707e-01 -6.64366269e-03  2.89671663e-02
 -1.97489619e-01 -8.81481469e-02 -2.78371526e-03  1.75283432e-01
 -2.27475405e-01  1.35591060e-01  2.95422748e-02  2.36577675e-01
  2.27515727e-01  1.04820490e-01 -9.80492532e-02  2.09103711e-02
 -3.22756246e-02 -6.48017079e-02  1.67556554e-01 -4.90660407e-02
 -4.36249226e-02  1.24340311e-01 -4.47617322e-02  9.43494663e-02
 -1.93683861e-03 -5.36401942e-02  2.16915727e-01  4.53010909e-02
  1.63433790e-01 -1.32562652e-01 -6.27367347e-02  3.45591456e-02
 -1.41525194e-01 -1.17937110e-01  1.38422549e-01 -1.21396132e-01
  7.92098567e-02  2.25632116e-01  2.99092233e-02 -5.04922196e-02
  4.86618131e-02 -1.30649656e-01  9.14273411e-02  6.01262972e-02
 -1.48450837e-01 -2.76964962e-01  1.93773098e-02 -7.12993219e-02
  1.56105980e-01  1.50528207e-01  3.14174503e-01  7.50405267e-02
 -5.13077080e-02 -5.72258122e-02  1.19009674e-01  5.92647828e-02
 -1.41516672e-02 -2.22935416e-02  1.59431666e-01  1.40284598e-01
  6.47591054e-02  1.53729394e-01 -1.86654776e-01  9.14331228e-02
  2.64818445e-02  4.38041463e-02 -1.27447620e-01  4.16763537e-02
 -1.75744489e-01 -5.10205925e-02 -4.16865386e-02 -7.26407245e-02
 -1.05122752e-01 -2.28069201e-01 -3.40804383e-02 -3.76645960e-02
 -1.80913493e-01 -1.00656003e-01  5.29534779e-02 -8.92383829e-02
 -8.06000605e-02 -1.70321316e-02  7.48046264e-02 -5.36420289e-03
 -3.11563104e-01 -5.10291569e-02 -1.47615567e-01 -5.33575378e-02
 -1.06020816e-01  1.09640975e-02  6.06269464e-02 -3.10081616e-02
  2.19136089e-01 -2.73659527e-02  3.67477328e-01 -7.93143287e-02
 -2.07671553e-01  4.98834886e-02 -4.95522767e-02  1.24570921e-01
 -1.54938698e-01 -5.84089160e-02 -8.57567489e-02 -1.46801651e-01
 -4.04629037e-02 -9.83769447e-02  1.16248764e-01  4.20374833e-02
 -7.57499188e-02 -9.62163433e-02 -1.34340540e-01 -1.07677408e-01
 -9.44753811e-02 -3.28044370e-02 -3.37410979e-02  5.99969737e-02
  3.35800014e-02 -1.57925915e-02  1.52964871e-02  3.35500650e-02
  9.95107517e-02  1.07336186e-01  4.52292971e-02 -1.06637254e-01
 -1.02682769e-01  3.93025316e-02 -1.25422835e-01 -2.34637838e-02
  2.56540682e-02 -3.51539291e-02  4.43441607e-02 -8.72896239e-02
  8.95213932e-02  6.76536784e-02 -1.85105111e-02 -3.44254598e-02
  5.30213229e-02  4.62936200e-02 -2.82784969e-01 -4.37127613e-02
 -1.77919522e-01  6.16932586e-02  1.03798971e-01  4.70231436e-02
  5.59398793e-02  5.11686131e-02  1.27686337e-01 -5.92624769e-03
 -5.46421446e-02 -3.51906233e-02  1.99411437e-01 -1.95165008e-01
 -4.75006364e-02 -6.89296471e-03 -4.45306115e-02  5.59759550e-02
 -3.03216968e-02  6.70109242e-02 -2.53988225e-02 -1.13573305e-01
  1.94558367e-01 -5.33091612e-02  1.38913542e-01  1.07534982e-01
 -9.07618329e-02 -4.92377803e-02 -6.03033695e-03  1.53881880e-02
  1.62727892e-01  9.47292745e-02  4.52305563e-02 -1.31769806e-01
  1.11070365e-01 -1.36599496e-01  6.34060800e-02 -1.42274335e-01
  6.11197725e-02  8.90149400e-02 -9.27734375e-02  1.45133659e-01
 -1.63384899e-02  1.98150814e-01 -8.78009722e-02 -6.37877509e-02
 -1.81606561e-01 -2.15738751e-02 -1.46705613e-01  1.81602508e-01
 -2.92292256e-02 -1.15409419e-01 -3.36840264e-02  2.14049760e-02
 -1.34724021e-01  1.75638095e-01 -9.82909352e-02  1.13472693e-01
  1.28843859e-01  7.88412690e-02  1.37913495e-01 -9.58193317e-02
 -4.46039140e-02  1.30529985e-01  2.29678936e-02 -1.26281813e-01
  2.95475665e-02 -1.11924335e-02 -6.50561601e-02  5.18533252e-02
  6.78525865e-02  7.03361928e-02 -1.44174412e-01 -5.65105528e-02
 -3.21256965e-01  5.58098368e-02  1.44857109e-01 -9.55908224e-02
  2.18817987e-03  5.69624081e-02  8.28541964e-02 -1.05083667e-01
  5.52765988e-02  1.72009349e-01 -7.94547573e-02 -1.77838281e-01
 -4.97314855e-02 -1.30775630e-01 -1.22290380e-01  1.27232984e-01
 -1.12551749e-02 -8.34886208e-02  7.84916654e-02  1.07175127e-01
 -1.83842815e-02  1.36934683e-01 -3.33141126e-02 -1.92334831e-01
  4.82338890e-02  1.17158018e-01  1.69677004e-01 -1.13039628e-01
 -9.46929231e-02  7.34458491e-02  8.07405934e-02 -1.13890350e-01
 -7.63773471e-02  2.11893506e-02 -1.18792228e-01  1.46045655e-01
  8.02857727e-02 -1.60420716e-01  1.46590814e-01 -1.52685463e-01
 -1.77884087e-01  9.47387591e-02 -1.63763374e-01  3.62728238e-02
 -2.29702473e-01 -3.46476920e-02 -1.15529016e-01  6.02495298e-02
  1.46316782e-01 -4.41099294e-02 -1.52618617e-01 -2.61240695e-02
 -6.32125363e-02 -1.12311043e-01 -4.69251449e-04 -7.36723468e-02
  1.52485237e-01  1.61829684e-02  6.38085157e-02  2.22302258e-01
  1.67096004e-01 -1.03916079e-01  1.29550740e-01  1.59720227e-01
  1.06792159e-01 -2.60195718e-03 -2.90513365e-03  1.22302815e-01
  2.23457545e-01  1.10091068e-01 -4.42066714e-02  3.61902863e-01
 -1.72343478e-01 -1.05944884e-04 -2.62688637e-01 -4.14100438e-02
 -6.93216920e-02  7.72037655e-02  3.21649127e-02  1.05246499e-01
  7.22910240e-02 -2.64831516e-03  1.42900005e-01  8.31400901e-02
  1.21011727e-01 -2.72369385e-02  1.08783215e-01  1.08824223e-01
  5.74709363e-02  1.00378640e-01  5.55817783e-02 -4.40606428e-03
 -5.56697138e-02  1.24910392e-01 -7.37509690e-03 -6.31843209e-02
 -1.80614123e-03  1.23754799e-01  1.10944860e-01  5.99835580e-03
 -1.10065192e-02  1.49066493e-01 -1.72171313e-02 -9.88510549e-02
 -3.64419036e-02 -2.26915717e-01 -9.38369185e-02  9.87782627e-02
 -4.55130562e-02 -7.56042749e-02 -2.55512856e-02  1.54083788e-01
 -1.92149311e-01 -2.24680901e-01 -4.94614132e-02 -6.57522678e-02
  1.15328208e-01  8.04539174e-02 -2.65214164e-02 -3.17667536e-02
  7.95704946e-02  1.31622463e-01  4.69432995e-02  1.12985253e-01
  3.67893018e-02 -3.43432315e-02  1.90694690e-01  2.52718441e-02]