http://erau.edu/ontology/meme.owl#ChickenTetrazziniMeme
[-0.10128736 -0.01141988  0.07434219  0.12951419  0.04714737  0.04928087
 -0.08398616  0.03923449  0.09829412 -0.22457321 -0.12309726  0.2864851
  0.20868477  0.15894957 -0.06326538 -0.18443364 -0.09824108 -0.07352688
  0.02895613 -0.05151015 -0.00852627  0.17114516 -0.04296228  0.14462706
  0.03300767 -0.19262764 -0.00627349 -0.02613215  0.03803081 -0.07410192
 -0.22173902 -0.07754839 -0.15297937 -0.02268345 -0.127138    0.05169465
 -0.15276548  0.12543495  0.05000124  0.24986939  0.07339016  0.034603
 -0.27216727 -0.03400764 -0.22913127 -0.05637886  0.07840974 -0.18341173
  0.05031362 -0.17282747 -0.00706195  0.18128447  0.22021675  0.01316908
 -0.18749796  0.24449497 -0.07826052 -0.01451159  0.11757988  0.18661276
  0.1908822  -0.17451334  0.01958064  0.03754445 -0.06151841 -0.03953383
 -0.12167934 -0.067725    0.10937665 -0.10249838  0.14709963 -0.02025985
 -0.01884347 -0.01428622 -0.21797897 -0.08150505 -0.03996485 -0.11791812
 -0.02766344 -0.12110002  0.15352054  0.18991207 -0.26996836 -0.10587222
 -0.05212643  0.01145553  0.12968104  0.05380337 -0.02542329  0.27641544
 -0.09952138 -0.00856962 -0.22167534 -0.02182927  0.0571015  -0.08333338
 -0.05124461  0.2762425   0.01680708 -0.02201798  0.10076741 -0.05786701
 -0.08744085  0.02778138  0.14371552 -0.00344015  0.08291212  0.1917535
  0.11064762 -0.02061195  0.19203651  0.12096626  0.0322547   0.0239468
  0.1678671  -0.13321407  0.04006149 -0.01009977 -0.13900122 -0.01267456
 -0.00172313  0.15699127  0.01090057  0.01116922 -0.20879163 -0.25035432
 -0.01807775  0.15365371 -0.2305019  -0.15065445 -0.03619168  0.04480001
  0.01732094 -0.1864245   0.10475548 -0.10420836  0.11103091  0.03333138
  0.04131874 -0.00700595 -0.07786017 -0.00422197 -0.06982784  0.06514576
  0.0142134   0.03195166 -0.05479499 -0.1312084  -0.10243832 -0.02301088
  0.07748874  0.03864797 -0.1652093  -0.12998998 -0.10367479 -0.13514987
  0.04699785 -0.00267481 -0.07103015 -0.05510948  0.07314557  0.24230275
  0.10326849  0.0186553  -0.11736667 -0.11183199  0.00669357  0.14461143
 -0.18680736 -0.04649403 -0.03632021 -0.02339067 -0.03355678  0.19261515
  0.13209333 -0.00737927  0.06593631  0.03715599  0.01993465 -0.02841655
 -0.19140488 -0.09370729 -0.02929012 -0.02905108 -0.02833439 -0.01826658
 -0.18363969  0.03698123  0.13355719  0.13094145  0.00097554  0.24969128
  0.2072325   0.13227807 -0.11829139 -0.01454725 -0.07373357 -0.05707319
 -0.13552985  0.1843854 ]