http://erau.edu/ontology/meme.owl#NabillasAllparodiesMeme
[-0.01055853 -0.11497311 -0.00798902 -0.12576035  0.06630894  0.07995293
  0.09283452  0.04743537 -0.01519858  0.04923099  0.10054632 -0.14643824
  0.11221518  0.02395336 -0.13276097 -0.01644654 -0.0154596   0.08038075
 -0.00665835  0.10527726 -0.10860483  0.06577992  0.03937358 -0.01402493
  0.09013154  0.14815472  0.06002723 -0.02711408  0.2132446   0.09801964
  0.02042651  0.18139139  0.05316076 -0.0183837   0.02433926  0.31937623
 -0.03299908  0.0382931  -0.06499413 -0.18843581  0.04412678  0.09798922
 -0.14578962  0.03812474  0.13111575 -0.04847726  0.20296946 -0.10502968
  0.03003593  0.06434888  0.02547262 -0.02352345 -0.04358835 -0.17368394
 -0.14362513 -0.07061499  0.06521457 -0.11718693  0.07134501 -0.01454683
 -0.15422362 -0.08794785  0.08655912  0.10479181 -0.17444059 -0.07897221
 -0.00605401 -0.09602946 -0.05250439 -0.14002395 -0.09711425  0.19377014
  0.08951787  0.00899419 -0.00918157  0.08325824 -0.16175438 -0.06348652
  0.11796818 -0.00204565 -0.10187936 -0.11816635 -0.20019037 -0.23359178
  0.12808466 -0.10351305 -0.0674397   0.09427926  0.16980837 -0.02174218
 -0.05205907 -0.22837886  0.13997047  0.09993025 -0.0624887   0.11042516
 -0.06155204 -0.11509714 -0.06836104 -0.00125265  0.04187563  0.1080761
  0.27804238 -0.13435882  0.00937858  0.15381923  0.25248644 -0.03783284
  0.06498334 -0.13634196 -0.15337266  0.05834862 -0.09258994 -0.0697362
  0.17365192  0.01582365 -0.29199493 -0.23028369  0.00880483  0.15727152
  0.04193259 -0.09016196 -0.03603575 -0.08355509  0.01130127 -0.01076111
  0.11435907 -0.0672209   0.04943024 -0.0774745  -0.13168125 -0.1479566
  0.07841761 -0.07002352 -0.06835252  0.05824885 -0.09110496 -0.03987003
 -0.04411439  0.12355883 -0.22174357  0.01812473  0.06697115  0.05809165
  0.11145385 -0.05974844  0.00991923 -0.07658754 -0.15912448  0.08538827
  0.07503446 -0.0282889   0.07789115 -0.10506452  0.03106594  0.01523758
 -0.18967044  0.19950931  0.08674282 -0.17352656  0.18151999  0.0025458
 -0.00481229 -0.0679196  -0.26910603 -0.05558963  0.00453157  0.23224196
 -0.23989578  0.15087976  0.08958863  0.17824872  0.23340565  0.25249866
 -0.21392934 -0.11956885  0.00497139 -0.12105213  0.08082993  0.08894929
 -0.13124894  0.01190911  0.06354753 -0.12883368  0.01169927  0.07013511
 -0.17954437  0.06678224  0.04520018  0.0572353   0.02870819  0.05420586
 -0.20387107 -0.0853253  -0.03015196  0.08886262  0.07472065  0.27766094
  0.0212281   0.01493008  0.03523229 -0.02205479  0.12817064 -0.08070337
 -0.11231973 -0.1892138  -0.06010828 -0.10035779  0.07261278  0.02947482
  0.19259392  0.11077425  0.10222704 -0.18157105  0.01338025 -0.04242137
 -0.18682794 -0.11440203  0.06293437  0.07851082  0.12311569  0.10811161
  0.00695042 -0.00184881  0.08306356 -0.03793445 -0.12706123 -0.11729395
 -0.04087985  0.12916072  0.03745915  0.10480122 -0.05992448  0.00729026
  0.0302463   0.12435655  0.12202955 -0.0470928   0.21880417 -0.03428472
  0.01624158  0.06580525  0.00576081 -0.01531598 -0.18878913 -0.0443135
 -0.22782858  0.00876731  0.002563    0.01471893  0.04062063  0.1681954
  0.06386562 -0.0639111   0.16566624 -0.11217485  0.01349377 -0.00927814
 -0.04470195  0.07323346 -0.18549085 -0.1929585   0.11579216 -0.11674008
 -0.0934092  -0.2526036   0.18120621  0.12505375  0.22417223  0.02365736
 -0.05269016 -0.15019113  0.04223621  0.10043047  0.1044535  -0.08345155
  0.13599584 -0.01021182 -0.14788243 -0.04772303  0.10818319  0.07801923
 -0.13152224 -0.11621323 -0.06954371  0.10813818 -0.07785349  0.08200981
  0.05393162 -0.05144025  0.06914181 -0.0601801   0.09157386 -0.14163895
 -0.09365525 -0.0113248   0.28473037  0.01461846 -0.08497844 -0.19126254
 -0.19404171 -0.07455245 -0.01083852 -0.04202954 -0.01926651 -0.02645779
  0.20482957 -0.03972714 -0.02880543 -0.06029259  0.13168    -0.13275726
 -0.12194701 -0.03769755 -0.0182661   0.00498162  0.06770244 -0.01559149
  0.08680034 -0.00827686  0.04291891 -0.07255292  0.17186265  0.1648031
  0.11693938  0.03349489 -0.29400438 -0.05605763  0.0704194   0.12390722
 -0.02806646 -0.03414736  0.1245805  -0.0378124   0.05228611 -0.19532269
  0.06486458  0.09162932  0.00958164 -0.02753012  0.05717335 -0.01327434
  0.02642892 -0.05736516 -0.02552051 -0.04044954  0.0792511  -0.06882174
  0.01545914 -0.08757108 -0.09305383  0.141344   -0.12316789  0.04138624
 -0.27968168  0.08393256  0.0983614  -0.10963907  0.23426482 -0.05961405
 -0.1124745   0.18413185 -0.11629458 -0.00221855  0.06439813 -0.09359979
 -0.04399541  0.12658556  0.00824585  0.06442469 -0.04405364 -0.04653196
 -0.21678986  0.18355584 -0.02216674  0.04125918 -0.02265534  0.03540304
 -0.20425327 -0.05472919  0.07024278  0.35011768 -0.16161919 -0.03843135
  0.1760262  -0.03780939 -0.00698123  0.09673108 -0.10231558 -0.03195794
 -0.04473038  0.00499249 -0.08068288  0.21778002  0.01243311 -0.06741091
  0.03059595  0.05163587  0.21571705 -0.11693454 -0.0924189  -0.09153818
 -0.12988298 -0.04279494  0.02160846  0.02815914  0.00979184  0.2718271
  0.15595551  0.07462715  0.2486867  -0.14390224 -0.09280011 -0.06347272
 -0.06269673  0.06340326 -0.0630364  -0.12504591  0.03207764  0.10486752
  0.09064978 -0.00246632 -0.28984064 -0.02072201  0.05461403 -0.20052278
 -0.08958092  0.22100319  0.13250096 -0.12626453  0.10821937  0.21885486
  0.05197198  0.00197707  0.0919116   0.33179012  0.01257012 -0.19646522
 -0.03188159  0.11946187  0.09627058 -0.06664091 -0.02504385  0.21619612
 -0.21760033 -0.09644223 -0.21573341 -0.20794472 -0.10083953  0.12836467
  0.03447558  0.06519512  0.17876688  0.03356204  0.20144828 -0.17225672
  0.07673815  0.02236529  0.00868358 -0.11780893  0.01926446  0.13362846
  0.14336663  0.00388907  0.1312429   0.09793618 -0.08585414 -0.03046243
 -0.07426769 -0.09001384  0.09879749 -0.06073952  0.15421703  0.03758017
  0.04354456 -0.19653966  0.08357958 -0.21876255 -0.12096714  0.01867011
  0.02851693 -0.01080244  0.00353624  0.20763065 -0.15194373 -0.09669837
 -0.06961375 -0.0557888   0.21898536  0.0415878  -0.06774177 -0.00386674
 -0.05606068  0.02334923  0.19164874 -0.12864119 -0.0960253  -0.17797379
  0.00463877  0.09269471]