http://erau.edu/ontology/meme.owl#THEBABYMeme
[-1.50436312e-01 -9.72746238e-02  4.18053642e-02 -2.61435248e-02
 -3.68213095e-02  9.53444317e-02  1.24289341e-01  1.69660710e-02
  4.88761254e-02 -7.62819126e-02  7.24074543e-02 -1.37806842e-02
 -1.14501920e-02 -6.90138713e-02 -4.34402898e-02  3.86543311e-02
  1.14345752e-01  7.66933709e-02  7.32768402e-02  1.55541316e-01
 -1.43388927e-01  5.49267456e-02  9.29713771e-02 -7.61370212e-02
  1.82395980e-01 -8.00457969e-03  4.66080103e-03 -6.97816387e-02
  3.68824273e-01  1.94085717e-01  1.07936665e-01  1.11412190e-01
 -2.07078420e-02 -6.33406043e-02 -6.00981042e-02  1.43718541e-01
 -6.74606711e-02  5.35462089e-02 -8.65882859e-02 -8.98160562e-02
  7.47660398e-02  1.29991710e-01 -1.02855235e-01  5.22750802e-02
  5.13141938e-02 -4.32462320e-02 -3.33963595e-02 -1.19286209e-01
  5.65670058e-02  2.83534601e-02  2.96578556e-02 -9.50120110e-03
 -5.85996211e-02 -3.86774950e-02 -6.90595135e-02 -2.32605357e-02
  1.11295074e-01 -5.66867590e-02  1.69007331e-01  3.30406614e-03
  8.89569074e-02  1.19026825e-02  1.82913110e-01  3.89350951e-02
 -1.16727389e-01 -1.17866350e-02  1.01474456e-01 -2.66753957e-02
 -4.89223413e-02 -4.68316004e-02 -9.24901664e-02  1.37667716e-01
  9.72644016e-02 -5.13560362e-02  3.61921303e-02  7.51549676e-02
  2.03430895e-02  1.14277303e-01  1.41690582e-01  1.00539103e-01
 -4.36160937e-02 -4.13690917e-02 -4.27376553e-02 -1.59522191e-01
  7.47231171e-02 -7.08670691e-02 -8.23888183e-02  1.39850825e-01
  1.04817040e-01 -1.65719800e-02  3.86803448e-02 -1.62014768e-01
  6.65941760e-02 -1.08837917e-01 -2.59325909e-03  5.55206463e-02
 -6.77855089e-02 -8.30392390e-02 -6.91913068e-02 -6.92267194e-02
  7.39914328e-02 -2.45302562e-02  2.82553285e-01 -2.04645813e-01
 -4.08787355e-02  5.02632447e-02  8.23924467e-02  6.01993548e-03
  1.82584208e-02 -4.08721194e-02 -2.04190724e-02 -1.97840761e-02
 -9.04596075e-02 -7.29884431e-02  9.53366831e-02  6.15985841e-02
 -1.83886126e-01 -1.67258501e-01 -8.48594774e-03  1.42127117e-02
  2.66451370e-02 -4.88019064e-02 -1.14251278e-01  3.72577384e-02
  2.48398334e-02 -6.27371967e-02  5.29661374e-05 -4.94245905e-03
  1.90532357e-02  1.88630354e-02 -1.58697784e-01 -7.69649595e-02
 -9.08746645e-02 -4.70915325e-02 -1.25946134e-01  5.20658307e-02
 -5.24999946e-02 -7.20032677e-02 -9.40781459e-02  4.77837697e-02
 -2.02852398e-01  3.47693786e-02  9.18550938e-02 -1.88677926e-02
  1.35623395e-01 -1.81724563e-01  5.35357520e-02 -5.79892285e-02
 -5.82919829e-02  1.10058717e-01 -4.80578467e-02 -1.32152006e-01
  4.87659276e-02  2.86892187e-02 -1.72279179e-02  5.97350486e-02
 -1.08902909e-01  1.40011743e-01  3.03012263e-02 -1.56426862e-01
  1.79468226e-02 -9.91371349e-02  8.15158561e-02 -7.55636394e-02
 -2.12880224e-01 -1.14901379e-01 -2.73092836e-02  9.64349434e-02
 -1.49854645e-01  1.37984276e-01  8.71092547e-03  1.29322127e-01
  1.39973208e-01  2.06604227e-02 -4.35661785e-02  2.16677357e-02
 -2.89863907e-02 -2.07952335e-02 -8.57577194e-03  1.36167218e-03
 -3.40426825e-02  1.60002727e-02  2.38831211e-02 -6.68039965e-03
 -8.18215534e-02 -1.32669574e-02  1.03517786e-01  2.87459139e-02
  5.84171303e-02 -7.14785680e-02 -3.25527228e-02  2.18614843e-02
 -1.35994226e-01 -1.41580254e-01  5.82268974e-03 -4.52376194e-02
  5.66720776e-02  8.96370783e-02 -3.20434896e-03 -5.20908199e-02
 -4.77365814e-02 -9.97451786e-03 -3.28100403e-03  1.07728103e-02
  2.82590967e-02 -2.91971207e-01  2.24373005e-02 -4.22445200e-02
  7.96135888e-02  1.15162194e-01  2.06818461e-01  2.63461992e-02
  3.11838593e-02 -1.34859413e-01  6.21274896e-02  7.21609220e-02
 -8.78601149e-02 -1.57639787e-01  1.45525470e-01  5.97123764e-02
  1.18583046e-01  8.76979157e-02 -8.04132894e-02 -9.90026165e-03
  1.97851262e-03 -7.17498213e-02 -1.33858860e-01 -7.59796277e-02
 -3.42727266e-02 -4.19337042e-02 -9.96095408e-03  1.05593011e-01
 -3.77758443e-02 -1.12413675e-01 -1.94463450e-02  3.14888381e-03
 -1.20718397e-01 -1.18358582e-01  1.02771103e-01 -5.81266135e-02
  6.05597347e-02 -1.95734873e-02  2.50752363e-02 -5.24905585e-02
 -1.57697469e-01  2.15308759e-02 -1.14686906e-01 -4.42031957e-02
 -5.59857637e-02 -7.76716135e-03  1.39507696e-01  2.04947535e-02
  1.51231021e-01  5.22565283e-02  1.07745953e-01  3.73707265e-02
 -1.70207337e-01  3.33745703e-02  2.34802291e-02 -4.54583168e-02
 -9.37397256e-02 -4.78284210e-02  2.47677639e-02 -1.97164133e-01
 -7.03336000e-02 -1.32059321e-01  1.48546211e-02  6.52546212e-02
  3.62431705e-02 -8.17685202e-02  5.53417355e-02 -1.75992157e-02
 -1.34486575e-02  1.07901432e-02  9.37147215e-02 -1.61768626e-02
  3.61501202e-02 -5.13533913e-02 -3.13068107e-02 -3.16471048e-02
  1.09643780e-01  1.05867557e-01 -8.10511261e-02 -9.99607965e-02
 -9.77142677e-02 -2.62589417e-02 -4.91667464e-02  4.62998152e-02
  8.15294236e-02 -4.10744846e-02  2.39898618e-02 -1.08900562e-01
  1.61001366e-02  9.17288009e-03  4.40007728e-03 -1.86521020e-02
  1.37152284e-01  9.37891528e-02 -1.04676858e-01 -7.49226809e-02
 -1.04000792e-01  4.43620458e-02  2.34851032e-03  5.70476316e-02
  3.97945940e-02  2.95859221e-02  1.37745753e-01 -9.33270156e-03
 -4.31392379e-02 -2.04818696e-02  1.48695335e-01 -2.17515990e-01
  8.02096352e-03  4.16872799e-02 -5.39255254e-02 -5.57946675e-02
  3.57077047e-02  9.11847576e-02  1.06071215e-02 -1.26520242e-03
  5.32637164e-02 -1.27339289e-01  1.01673476e-01  1.92735523e-01
  9.91932210e-03  5.29879071e-02 -6.14947826e-02  4.72209416e-02
  1.51067093e-01  2.52094045e-02 -9.67442151e-03 -5.91690987e-02
  5.69559708e-02  1.56160202e-02 -4.27079983e-02 -2.01606423e-01
  6.36761710e-02  7.23903552e-02 -5.04639670e-02  4.65410985e-02
  3.25802639e-02  1.61300793e-01 -1.74052082e-02  1.46801472e-02
 -1.26904771e-01 -1.67367160e-02  1.04631549e-02  1.18970647e-01
 -9.21719372e-02 -4.48424555e-02 -4.26686890e-02  7.56191686e-02
 -2.40299981e-02  5.39564416e-02 -1.50187254e-01  7.41458833e-02
  4.79798242e-02 -3.57688428e-03  1.75010800e-01 -3.69303711e-02
 -9.19456407e-02  1.44384339e-01  3.28803174e-02 -1.80163532e-02
  4.91886362e-02  5.12585789e-02 -8.02165568e-02  3.12283877e-02
 -1.73716377e-02  2.87031606e-02 -4.98851426e-02 -6.09152429e-02
 -1.94288850e-01  1.22032007e-02  4.46977876e-02 -6.98441193e-02
 -6.80195391e-02  8.01893398e-02 -4.04940546e-03  4.89024594e-02
  1.00503176e-01  1.83797657e-01 -3.28035355e-02  1.84702184e-02
  6.80373460e-02 -1.55838028e-01 -1.46108985e-01  1.77710474e-01
 -1.87867861e-02 -1.63344815e-01  3.57824303e-02  8.31440166e-02
 -4.80994545e-02  1.58774540e-01 -1.64981280e-02 -2.42475659e-01
  1.11535199e-01  5.68846427e-03  2.50588596e-01 -5.27700782e-02
 -9.15971920e-02 -1.72832742e-01 -6.17040657e-02 -2.41895795e-01
 -1.89162567e-01 -5.91924042e-02 -4.88575585e-02  4.02889192e-01
  1.50294125e-01  8.01068842e-02  7.24787340e-02 -5.47147468e-02
 -2.11246267e-01 -2.43752860e-02 -6.03345335e-02  1.33040234e-01
 -7.20994696e-02 -1.77101307e-02 -2.31481344e-02  5.75590953e-02
  1.48813218e-01  7.21019208e-02 -1.25746712e-01 -2.81112473e-02
  6.14398979e-02 -9.90439206e-02 -3.38460468e-02  5.83836734e-02
  1.64413571e-01 -2.69921590e-02 -3.06732766e-03  2.14667395e-01
  1.11918546e-01 -9.25695226e-02  1.82446435e-01  1.42511368e-01
  6.69726282e-02 -1.16479084e-01 -4.81291115e-02  4.20506783e-02
  1.04296260e-01  1.04893215e-01 -1.08572267e-01  1.79382429e-01
 -2.40960285e-01 -9.81360674e-02 -1.50671527e-01 -1.15954444e-01
 -8.59316364e-02 -1.04071642e-03  7.95552135e-02  1.49066135e-01
  1.35758579e-01  2.72274995e-03  1.85008168e-01  1.47175323e-02
  1.57504648e-01  2.56619398e-02  4.74931188e-02  2.34247185e-02
  2.33073205e-01  7.07444698e-02  1.43478617e-01 -3.40906233e-02
  4.05088952e-03  7.68045634e-02  3.00988834e-02 -1.70563743e-01
 -1.25532791e-01  2.18688678e-02  9.44729224e-02  9.49544609e-02
  1.38856143e-01  5.59097119e-02  2.33313236e-02 -1.35765970e-01
  5.33314459e-02 -1.32737204e-01 -6.48576543e-02  9.41514969e-02
 -7.62035474e-02 -4.24702950e-02 -5.26757957e-03  2.22474650e-01
 -2.60606725e-02 -7.96363056e-02  2.36823093e-02  6.14458695e-02
  8.30751806e-02  7.71021284e-03 -4.19528522e-02  2.17094482e-03
  2.20117811e-02  5.49759269e-02  9.02134180e-02  3.33295725e-02
  6.01168573e-02 -7.45757669e-02  8.63200277e-02  2.97547374e-02]