http://erau.edu/ontology/meme.owl#KagerouProjectMekakucityActorsMeme
[-4.05847095e-03 -9.99457538e-02  8.68916884e-03  9.61814448e-02
  1.32866457e-01  1.54114470e-01  4.38254140e-02 -5.47799021e-02
 -3.25492322e-02 -1.04064837e-01 -1.38209974e-02 -1.22021221e-01
  8.82775057e-03  5.71857803e-02  7.48506710e-02 -3.62714007e-02
 -1.39089033e-01  4.76421081e-02 -2.02313483e-01  2.46169209e-01
 -1.25458404e-01  1.78071976e-01  1.46577045e-01 -2.45383512e-02
  6.63781911e-02 -8.33475888e-02 -1.23381494e-02  1.30792573e-01
  3.33258182e-01  2.29032487e-02  1.48233101e-01  2.47785360e-01
  5.25035225e-02 -1.23851940e-01 -5.01301661e-02  2.31279686e-01
  1.77622084e-02  4.64777239e-02 -1.55015485e-02 -1.12126671e-01
 -1.65181890e-01  2.19493806e-02 -1.33595079e-01 -1.89791813e-01
  5.17183542e-02  4.15914692e-02  3.51078436e-02 -6.47034794e-02
  1.38897281e-02  1.49030508e-02  5.72073311e-02  3.92902419e-02
 -5.77949807e-02  4.63926382e-02 -1.32191882e-01  2.24949466e-03
  8.00140128e-02 -1.79971725e-01  7.70414919e-02 -1.14154182e-01
  8.20292458e-02 -1.08229518e-01 -1.52985211e-02  2.89865285e-02
 -1.34173930e-01 -6.98166713e-02  6.46394268e-02 -6.42528906e-02
 -6.47896975e-02  2.44771633e-02  7.50523014e-03  1.77309111e-01
  1.15663610e-01  1.54283121e-01  2.98679862e-02  1.14454575e-01
 -7.05021694e-02  7.83262551e-02  6.84689805e-02 -8.04281607e-03
 -4.19844966e-03 -5.72908446e-02 -6.31292015e-02 -1.97863981e-01
  5.83738573e-02 -1.37730896e-01 -1.63777098e-02  8.35126042e-02
  8.97414088e-02 -9.09445137e-02  5.39982915e-02 -1.87978357e-01
  6.27707019e-02 -1.05145507e-01 -2.92583671e-03 -2.03332379e-02
 -1.20677151e-01 -1.89222798e-01 -4.10499163e-02  3.01974192e-02
  1.11061782e-01  2.00508572e-02  3.87392998e-01 -1.05510950e-01
 -9.35028046e-02  2.00019199e-02  8.98088440e-02  1.32707775e-01
  9.42874774e-02 -1.11342765e-01 -9.17685404e-02  9.06093717e-02
  1.46108689e-02 -7.06895366e-02  1.07555501e-01  1.69329390e-01
 -1.74445048e-01  4.15690206e-02  7.71406591e-02  1.14389129e-01
  7.44995102e-02 -3.54301333e-02 -1.23440079e-01 -6.00435585e-02
  4.94637936e-02 -2.82329172e-02  1.29353642e-01  5.78556061e-02
  7.43604302e-02  1.39481369e-02 -1.48221165e-01 -4.18917052e-02
 -3.27376761e-02 -8.14666748e-02  2.63720360e-02 -2.98976488e-02
 -1.93977118e-01  2.99343448e-02  4.37008664e-02  4.13349569e-02
 -4.19339053e-02 -4.43240851e-02  1.54754356e-01  2.93909628e-02
 -8.46729502e-02 -2.45418236e-01  4.00339030e-02 -2.50945874e-02
 -2.39157174e-02  6.46708310e-02 -9.05161649e-02 -2.98372637e-02
 -3.49680409e-02 -6.88675866e-02 -6.20222352e-02 -1.04063123e-01
  2.05672178e-02  1.33353069e-01  3.27486321e-02 -1.53092876e-01
  3.13566700e-02 -1.59004107e-01 -3.77642661e-02 -6.68078065e-02
 -1.81640700e-01  2.79557868e-03  1.92095175e-01  1.55475065e-01
 -2.45242938e-01  1.03559971e-01  2.18498539e-02  1.49496794e-01
  2.58875012e-01  1.18816786e-01 -1.30872473e-01  5.28785307e-03
  8.73532146e-03 -1.05380006e-01  1.12418517e-01 -1.15615958e-02
 -2.84750834e-02  6.48866966e-02  8.32681805e-02  4.54941057e-02
 -1.57389611e-01  3.41063971e-03  3.04425210e-02  4.10140827e-02
  8.16028416e-02 -1.15876764e-01 -1.52811594e-02  1.17203034e-01
 -1.03442691e-01 -1.17162108e-01 -8.92652497e-02  1.23212524e-02
  1.49387717e-01  1.40613317e-01 -7.55746365e-02 -4.55415808e-02
  6.10288344e-02  7.52276462e-03  1.04914919e-01  1.04609363e-01
 -7.69763663e-02 -2.56757408e-01 -1.22880630e-01 -1.18209487e-02
  2.13545591e-01  1.03465077e-02  2.47360528e-01  3.54913659e-02
  9.15354416e-02 -1.43278256e-01  2.77986731e-02  1.43047541e-01
 -1.07761761e-02  4.80057821e-02  2.48175219e-01  1.39772207e-01
  9.47525129e-02  2.09854186e-01  4.21036370e-02  1.10651337e-01
 -2.21657678e-02 -1.55701404e-02 -3.42169553e-02 -1.76038593e-01
 -1.20122105e-01  7.14464951e-03  9.10935691e-04  6.08640127e-02
 -8.07505026e-02 -1.31029338e-01  2.71842312e-02  2.39305887e-02
 -1.15457969e-02 -3.93285565e-02  1.56165600e-01  4.99409586e-02
  8.15114938e-03 -2.90700849e-02  4.24486138e-02 -5.42146526e-02
 -1.38343543e-01 -4.51780409e-02 -1.06619790e-01 -4.61488850e-02
 -2.22612359e-02 -2.56807404e-03  6.46873862e-02  8.65281448e-02
  5.82924113e-02 -2.79771426e-04  3.12832177e-01  7.31122792e-02
 -1.43379837e-01 -7.43282074e-03 -1.03145011e-03 -1.73433013e-02
 -1.15787417e-01 -1.26951829e-01 -9.57912952e-03 -1.06381208e-01
  8.96938238e-03 -2.06600294e-01  2.40063459e-01  1.73082650e-01
  6.38628379e-02  8.42583403e-02 -3.31587866e-02 -2.92816125e-02
 -2.64111403e-02 -1.47777898e-02  1.33790329e-01 -3.18082497e-02
  3.25999185e-02 -6.86749294e-02 -1.39401481e-01 -2.02854604e-01
 -8.39247406e-02  1.19309008e-01 -4.39332165e-02 -8.83503854e-02
  9.42482986e-03 -2.40288079e-02 -1.86500460e-01  6.26759008e-02
  9.09660384e-02 -5.75861484e-02 -8.67827982e-02 -1.19161479e-01
 -7.48937528e-05  1.05405785e-01 -1.25857936e-02 -1.92299616e-02
  8.10329020e-02  7.41395578e-02 -1.36725549e-02 -2.60708593e-02
 -8.65994543e-02 -8.62360075e-02  8.01133439e-02 -2.25589927e-02
  2.87030619e-02 -3.08440579e-03  1.11763999e-01  2.78751720e-02
 -6.54118434e-02 -1.04153261e-01  6.30019605e-02 -2.43831366e-01
 -7.44543374e-02 -2.58589890e-02 -1.41732216e-01  6.14819191e-02
  5.82419224e-02  2.41073109e-02  6.51814714e-02 -9.44632292e-03
  6.63671643e-02 -1.07834384e-01  9.48152617e-02  2.00272769e-01
  7.02759400e-02  8.97548534e-03 -2.11502492e-01  2.96379160e-02
  1.68946281e-01 -6.15971861e-03  3.08400560e-02 -1.09782532e-01
  1.33511648e-01 -4.29147203e-03  1.22418486e-01 -3.62691104e-01
  1.51154637e-01  1.35048963e-02  1.07200481e-02 -3.79786305e-02
  1.35938767e-02  3.61731909e-02  3.04436404e-02  7.66579658e-02
 -5.92018478e-02  2.00492237e-03 -3.26637039e-03 -9.53744948e-02
  1.18860481e-02 -4.54652756e-02  2.09638644e-02  1.03163980e-01
 -1.10174447e-01  1.45264760e-01 -2.48750493e-01  2.62735095e-02
  9.60940197e-02 -7.39175379e-02  1.05560876e-01 -2.32914627e-01
 -2.72811167e-02  2.06847429e-01 -5.58702275e-02 -1.44396827e-01
  1.03970610e-01 -1.20034873e-01 -9.13765505e-02  6.78919181e-02
  6.53164312e-02 -8.31859782e-02 -9.85218063e-02 -1.66766495e-01
 -1.85622558e-01  9.08428133e-02  1.29757300e-01  4.64552492e-02
 -1.03924163e-02 -3.62069197e-02 -1.33990169e-01 -1.88418739e-02
  4.71739881e-02  2.13610321e-01 -1.63391262e-01 -1.37144834e-01
  3.69322370e-03 -2.76502129e-02 -8.48957673e-02  1.09619945e-01
 -1.65288791e-01 -3.00280936e-03  6.45732731e-02  1.53451249e-01
 -8.03763270e-02  1.35628268e-01  3.50851603e-02 -4.71165478e-02
 -3.96967493e-03 -7.16649219e-02  2.70497471e-01 -8.17148983e-02
 -1.86160699e-01 -2.09380522e-01  1.27437010e-01 -3.43341492e-02
 -8.88131037e-02 -7.26617221e-03 -1.89406782e-01  1.87327772e-01
  1.34509519e-01 -1.09719127e-01  2.26317003e-01 -1.47163635e-02
 -1.50146276e-01 -6.97247609e-02 -1.61684319e-01  6.17430359e-02
 -1.03810675e-01 -5.60072735e-02 -2.43389495e-02  2.60087550e-02
  1.81451231e-01  5.76009713e-02 -1.73718214e-01 -1.54777179e-02
  7.36568645e-02 -1.61893144e-01 -1.48898229e-01  6.69211671e-02
  1.25297964e-01 -2.02450585e-02  1.05300680e-01  1.97780475e-01
  8.14579204e-02  1.57635063e-02  2.39231512e-01  3.18027973e-01
  1.41079485e-01 -3.61607820e-01  1.16936229e-02  1.83516562e-01
  1.55839548e-01  2.10978299e-01 -1.34517491e-01  3.17051053e-01
 -2.96484023e-01 -9.21727046e-02 -3.18355024e-01 -2.27917824e-03
 -2.04365328e-01  4.28392179e-02 -5.07151634e-02  1.59628585e-01
  3.80120426e-01 -5.60840853e-02  2.12908089e-01 -1.13810726e-01
  1.87666267e-01  9.76883527e-03 -1.15411445e-01 -4.32350561e-02
  5.81112653e-02  3.92036624e-02  1.63224891e-01 -2.90453304e-02
  1.53895155e-01  2.03935474e-01 -2.37893257e-02 -1.93273604e-01
 -3.67966108e-02  1.00232370e-01  2.32978135e-01  5.22724912e-02
  1.13113575e-01  2.88806319e-01  8.62922706e-03 -2.66382426e-01
  2.06223533e-01 -3.73374522e-01 -1.34929344e-01  1.15859710e-01
  3.34192328e-02  2.12648921e-02 -1.35307247e-02  1.29438236e-01
 -1.77639335e-01 -2.22089812e-01 -4.46546860e-02  2.36796085e-02
  1.99846596e-01  2.29661241e-02 -1.18099481e-01  1.02958838e-02
 -1.15417741e-01  4.40170057e-02  2.19406515e-01 -5.15109673e-03
  1.01177040e-02 -1.80361748e-01  3.56105492e-02  6.34049028e-02]