http://erau.edu/ontology/meme.owl#JugheadsImWeirdSpeechMeme
[-1.16238192e-01 -1.34342030e-01  8.34672675e-02 -4.51754183e-02
 -3.45398672e-02  7.51503929e-02  5.43025061e-02  4.54492830e-02
  2.20596511e-02 -2.62761228e-02  7.96969458e-02  5.35368621e-02
  5.12959138e-02 -5.41280434e-02 -1.02557577e-01 -2.62247790e-02
  1.80456832e-01  1.17395539e-02  9.67735499e-02  6.81676790e-02
 -1.57337055e-01 -8.37555807e-03  1.29885495e-01 -5.44525273e-02
  2.65000254e-01 -1.11532010e-01 -5.59038483e-02 -3.84702981e-02
  2.37685472e-01  1.89920023e-01  1.68377504e-01  4.99799475e-02
  2.21475717e-02 -1.02302879e-01  3.88283841e-02  4.71940376e-02
 -4.32316884e-02  6.86119571e-02 -9.43734273e-02 -9.01115909e-02
  5.21818325e-02  2.41477951e-01 -1.53936192e-01  5.62473154e-03
  1.60422951e-01 -8.75073206e-03 -8.13025690e-04 -5.03637381e-02
 -2.13944893e-02 -3.96920480e-02  5.43814376e-02  3.11283618e-02
 -5.98921180e-02 -9.07832459e-02 -8.28142315e-02  2.50153374e-02
  5.51276840e-02 -6.85334206e-02  1.77259326e-01  1.55672878e-01
  6.35263324e-02 -2.89220028e-02  1.58419922e-01  1.38968229e-01
 -9.25352052e-02 -6.15658239e-02  1.67472631e-01 -9.64365155e-03
 -1.12668984e-01 -9.36227757e-03 -3.57595049e-02  1.17748119e-01
  1.37680620e-01  1.88058652e-02  2.57608369e-02  1.42013058e-01
 -3.06507908e-02  4.89342958e-02  1.07690290e-01  5.18760532e-02
 -8.32789391e-02 -1.31918281e-01 -8.61898512e-02 -1.43125445e-01
  8.41771662e-02 -9.25360918e-02 -6.79931343e-02  5.46583794e-02
  6.31612018e-02 -8.02466273e-02  2.93509196e-02 -1.86155394e-01
  1.11589551e-01 -1.62500404e-02 -1.70293316e-01  1.19200423e-01
 -3.91961411e-02  5.11189960e-02 -9.88128856e-02 -6.74639940e-02
  1.54345065e-01  5.91750396e-03  2.90183812e-01 -1.73626672e-02
 -8.57988596e-02  7.11278096e-02  1.01743408e-01 -3.23701873e-02
 -8.26171413e-02 -7.14291632e-02 -4.53078859e-02  3.98245081e-02
 -4.28164378e-02 -7.67148286e-02 -2.87066177e-02  6.95531592e-02
 -2.10698605e-01 -1.14732042e-01  2.96478393e-03 -5.61295711e-02
  2.02851016e-02 -7.04486389e-03 -9.65060890e-02  1.71666741e-01
  1.29430726e-01 -1.55658662e-01 -1.07453391e-01  3.79309170e-02
  1.39401341e-02 -3.36455321e-03 -1.74836293e-01 -1.85035355e-02
 -7.19081238e-02 -6.76901639e-02 -8.32289904e-02  6.88873902e-02
  2.18086392e-02 -5.95603250e-02 -1.55320600e-01 -5.69943851e-03
 -2.13976234e-01 -3.44943553e-02  7.83511549e-02  9.15789008e-02
  1.35083288e-01 -2.49792799e-01  1.38380453e-01 -1.29692584e-01
 -5.64678051e-02  3.27466545e-03 -6.27562637e-03 -9.43826959e-02
 -1.35216579e-01  1.90279409e-02 -9.08446237e-02  9.59474146e-02
 -8.80376175e-02  1.31893799e-01  8.53262544e-02 -4.72520664e-02
  1.19575769e-01 -5.89053147e-02  2.91706715e-02  4.95559536e-04
 -1.93054393e-01 -2.04874858e-01  6.17532898e-03  8.00767839e-02
 -1.94735289e-01  1.57708317e-01  2.30750162e-03  2.25907996e-01
  1.86603323e-01  2.94924546e-02 -4.66824099e-02 -4.98739653e-04
 -5.51711507e-02 -2.02011671e-02  6.39197901e-02 -5.93206566e-03
 -1.13160349e-01  6.51773363e-02  1.08703775e-02  7.16721639e-03
 -9.29753110e-02 -2.34701429e-02  1.60386369e-01  3.53623033e-02
  1.23026535e-01 -8.03189799e-02  4.75327857e-02 -3.33940499e-02
 -6.79751039e-02 -6.35214821e-02  5.66765219e-02 -1.22314505e-01
 -3.94117534e-02  8.76292139e-02  6.15084963e-03 -3.61462571e-02
 -1.36783987e-01  1.14951069e-02  2.08355077e-02 -3.77606391e-03
  8.62894729e-02 -2.29336336e-01  9.49130952e-02 -1.29446909e-01
  1.55332282e-01  9.19414833e-02  2.20476225e-01  1.06744599e-02
 -7.06986785e-02 -7.70544335e-02  6.79856241e-02  4.72812615e-02
 -1.13279045e-01 -1.35270819e-01  1.12021133e-01  1.01982996e-01
  1.03890017e-01  1.72099680e-01 -1.59385413e-01  1.30117394e-03
  3.20636295e-03 -3.25532048e-03 -1.79879099e-01  3.74030583e-02
  9.32434667e-03 -2.17884406e-02  5.88692427e-02 -3.82744893e-02
 -3.79134677e-02 -2.22191453e-01 -1.74658410e-02 -1.75466090e-02
 -1.31538272e-01 -1.11777604e-01  4.25356813e-03 -8.64807591e-02
  1.16411485e-02 -2.13378016e-02  3.86986434e-02  1.08381184e-02
 -2.44984403e-01 -1.10199764e-01 -1.04053989e-01 -1.50014848e-01
 -8.92902464e-02  1.27610207e-01  1.31811276e-01  3.81531641e-02
  1.00481980e-01  6.76490441e-02  1.02809787e-01 -6.48545101e-02
 -1.59339353e-01 -7.32017010e-02 -4.96867448e-02  4.85928468e-02
 -1.66339293e-01 -4.72920947e-02 -2.18201187e-02 -2.43668213e-01
 -1.31128371e-01 -1.03821978e-01  8.24836921e-03  3.30502801e-02
  3.18922438e-02 -5.76528534e-02 -8.58075728e-05 -1.93092432e-02
 -8.86032241e-04  2.58496404e-02  1.63753498e-02  2.58370209e-02
 -2.68971547e-03 -7.67927840e-02  6.67475164e-02  7.67455176e-02
  1.47098899e-01  8.33164901e-02 -1.14049716e-03 -1.46984100e-01
 -1.70574486e-01 -7.94497039e-03 -4.51661758e-02 -8.77747014e-02
  5.77295534e-02 -1.45505811e-03  8.88269767e-02 -1.23335443e-01
  3.79716679e-02 -1.11024074e-01  1.35771558e-02 -1.16356499e-02
  1.20094694e-01 -5.53453676e-02 -1.58317387e-01 -1.48504004e-01
 -1.31826237e-01  3.97196151e-02 -2.11015455e-02  1.03023410e-01
  7.23986849e-02 -4.58541065e-02  1.60496339e-01 -5.84604293e-02
 -6.21128529e-02  4.94270176e-02  2.48470426e-01 -2.25972459e-01
 -8.41571987e-02  8.47351551e-02 -5.11269260e-04  4.34186533e-02
 -5.64650632e-02  6.45671114e-02  1.79809015e-02 -2.66992692e-02
  1.88381840e-02 -6.09842390e-02  1.53966323e-01  1.20785154e-01
 -5.32027408e-02 -4.40606585e-04 -2.83250436e-02  2.16115862e-02
  8.93778503e-02 -4.84600365e-02  9.07194242e-02  2.09502466e-02
 -3.50759923e-02 -8.61956626e-02 -1.35044530e-01 -2.41368115e-01
  5.45091256e-02  1.52475506e-01 -7.65922889e-02  5.16435057e-02
 -1.15265409e-02  1.51873022e-01 -3.08166202e-02  8.99852663e-02
 -1.84518352e-01  3.23031060e-02 -5.55154693e-04  2.02564850e-01
 -4.80098650e-02 -5.85581921e-02 -7.02930316e-02  5.40135689e-02
 -4.57665883e-02  1.62507430e-01 -1.60565928e-01  8.30689743e-02
  7.41514191e-02 -4.04434837e-02  1.94671601e-01 -1.20631427e-01
 -8.49190578e-02  8.67750496e-02  5.85733578e-02 -5.22247553e-02
 -3.42132226e-02  3.09888814e-02 -1.77093044e-01  9.95248854e-02
 -1.06074192e-01 -3.24413106e-02  8.92255828e-03  4.83786687e-02
 -3.33953917e-01  8.22674856e-02  3.98141704e-02 -7.60989785e-02
 -1.45021558e-01  1.00513332e-01 -3.01472172e-02 -1.23142749e-02
  1.23881720e-01  1.14051655e-01 -1.00953868e-02 -5.90020604e-02
  1.57525986e-02 -2.01375276e-01 -1.25907436e-01  2.26024166e-01
 -4.65614209e-03 -2.07431883e-01  7.02689886e-02  5.59821986e-02
  7.01904669e-02  2.76029408e-01 -2.62152124e-02 -2.98074126e-01
  1.35863945e-01  6.43521920e-02  2.26083145e-01 -2.69460287e-02
 -4.95956764e-02 -1.35150045e-01  1.93085484e-02 -2.26165652e-01
 -1.60292000e-01  3.47647034e-02 -7.81786069e-02  2.79903114e-01
  1.29280895e-01  1.91091038e-02  3.49117443e-02 -1.56781361e-01
 -1.66941851e-01 -8.62383619e-02 -1.07609130e-01  6.29338399e-02
 -8.90631974e-02 -1.22222804e-01  1.91420745e-02  1.42001659e-01
  1.97364807e-01  2.13928781e-02 -1.65204495e-01 -2.39815265e-02
 -2.02962779e-03 -1.38973340e-01  2.27425043e-02  6.74658418e-02
  6.80041686e-02 -4.15554494e-02  8.41890052e-02  2.90272564e-01
  1.37243882e-01 -1.08441256e-01  1.92560881e-01  1.78961962e-01
  5.31327203e-02 -3.12659778e-02  4.19184268e-02 -8.96532182e-03
  1.53113082e-01  1.11500621e-01 -7.43919536e-02  3.33309025e-01
 -1.82968393e-01 -3.56342383e-02 -2.57731169e-01 -1.74821392e-01
 -3.70095372e-02  5.58442138e-02  6.17420115e-02  1.93367898e-01
  1.09627694e-01 -6.66792616e-02  2.46792808e-01  1.60702720e-01
  1.12066619e-01 -5.46628870e-02  9.00230259e-02  4.29751910e-02
  2.58760810e-01  1.49791375e-01  1.41550720e-01 -5.62307844e-03
 -6.68735802e-02  1.12013057e-01 -3.01202238e-02 -1.34784073e-01
 -2.93613058e-02  6.52216896e-02  2.21689403e-01  3.21679600e-02
  1.51352376e-01  1.22744642e-01  8.53579938e-02 -1.74723461e-01
  9.03546661e-02 -1.35288507e-01 -9.80365574e-02  1.41904444e-01
 -3.22369970e-02 -6.73135296e-02 -4.14800569e-02  3.31728935e-01
 -1.56065717e-01 -2.02922910e-01 -1.04004234e-01  1.22051593e-02
  9.18701664e-03  5.73137328e-02 -9.82302204e-02  2.01135632e-02
  8.87759626e-02  7.48837590e-02  3.58397979e-03  1.85835749e-01
  4.99529615e-02 -8.33788440e-02  1.39224961e-01  7.31215626e-02]