http://erau.edu/ontology/meme.owl#GreenochflamewarsMeme
[-5.32425717e-02 -1.58791021e-01 -9.46013033e-02  3.77579369e-02
  1.18476927e-01  5.49546219e-02  1.61001794e-02 -3.19811516e-02
  1.05678000e-01 -1.19746931e-01  6.38021380e-02 -2.14852780e-01
  1.89334750e-02  6.61743134e-02  1.11166732e-02 -8.16179533e-03
 -1.11105002e-01  4.17011715e-02 -4.90170419e-02  1.87121645e-01
 -2.35150918e-01  1.81010023e-01  2.22148702e-01 -1.57602280e-01
 -3.25108990e-02  6.86619952e-02  9.85159427e-02  5.92732392e-02
  1.05628259e-01 -7.51203373e-02  5.33298217e-02 -7.97258411e-03
 -1.33295904e-03 -1.53711364e-01 -1.28649145e-01  1.55072495e-01
  7.15349913e-02  9.34745893e-02  1.10856906e-01 -4.97659072e-02
 -1.12323344e-01  1.63038298e-01 -1.41520664e-01 -2.14434132e-01
  9.69518870e-02  1.65950105e-01 -1.28048301e-01 -1.02506496e-01
  1.84624139e-02 -3.65210436e-02  1.01578400e-01 -1.44540474e-01
 -8.33197087e-02  1.69995911e-02  3.96620072e-02 -8.62606019e-02
  7.69272894e-02  4.17939052e-02  1.06491126e-01 -1.36074260e-01
  8.44080374e-03 -2.28404164e-01  1.14274748e-01  7.54936412e-02
 -8.26793015e-02 -1.76263988e-01 -9.92981121e-02 -1.56955898e-01
 -2.04611108e-01 -1.85587466e-01 -3.71410064e-02  9.79565531e-02
  1.19616888e-01  4.44240905e-02  5.46351634e-02  1.20901905e-01
 -1.76929653e-01 -1.17724072e-02  1.62676439e-01 -4.20735702e-02
  1.64384507e-02  1.23690553e-01  1.14233904e-02 -2.71638513e-01
 -4.76614945e-03 -3.95429246e-02 -1.58498839e-01 -7.64000267e-02
 -4.65249270e-02 -4.90371175e-02 -3.34228650e-02 -3.20119560e-01
  2.65809417e-01 -1.46382168e-01  7.84889460e-02 -4.72577438e-02
  9.59367212e-03 -1.38700783e-01 -7.53071755e-02 -6.28580898e-02
  1.10888004e-01  6.62940089e-03  2.02297986e-01 -1.28194064e-01
 -1.28209010e-01 -7.47898594e-02  2.95943618e-01  1.09554492e-01
  2.98383832e-02 -6.96595311e-02 -5.45973133e-04 -4.57783863e-02
 -1.38013646e-01  2.55144201e-02  1.28361642e-01  1.33421585e-01
 -3.22465092e-01 -1.23843618e-01  1.95059448e-01  1.76009655e-01
  1.87491849e-02  1.31249884e-02 -6.54474944e-02  3.53643000e-02
  9.98715013e-02 -7.70419091e-02  1.65268034e-01 -3.70747894e-02
 -1.16983697e-01  1.92416403e-02 -2.31218204e-01  1.39668239e-02
 -5.14361486e-02  5.24160303e-02  1.91339720e-02  2.01795280e-01
 -2.16769516e-01  2.42039654e-02 -9.79271606e-02  1.40027821e-01
 -1.20761298e-01 -2.46524476e-02  9.64534432e-02  7.12648928e-02
 -6.30463520e-03 -1.57613903e-01  5.11780307e-02 -1.36713013e-01
 -1.23283304e-01  6.27453476e-02  6.64654747e-02  2.85730660e-02
  1.40346251e-02 -2.11159419e-02 -9.62090418e-02 -2.81278901e-02
 -1.31506007e-02  2.03284383e-01  7.98695460e-02 -1.65389761e-01
 -1.03356512e-02 -2.48806372e-01 -8.34656954e-02 -1.09924801e-01
 -2.22255930e-01 -1.12215020e-01  1.40223488e-01  9.54471156e-03
 -3.49963725e-01 -1.15462374e-02  5.96966781e-02  1.77807733e-01
  1.95461214e-01  1.24413103e-01 -5.68979196e-02 -9.77688953e-02
 -2.26891097e-02 -1.20576061e-01  8.18896964e-02  5.40629402e-02
 -1.45721629e-01  1.26636118e-01 -4.88048792e-02 -4.97604385e-02
 -6.74700737e-02 -3.84562500e-02  2.13053107e-01  7.00431764e-02
 -3.77660594e-03 -8.95098299e-02  6.66382313e-02 -1.70743838e-02
 -4.16740924e-01 -1.91300169e-01 -4.01914343e-02 -2.43527871e-02
 -3.51669043e-02  3.02133650e-01 -7.87610933e-02 -7.58897364e-02
  6.34830212e-03 -5.99308833e-02  1.88059598e-01 -1.24308750e-01
 -1.68975919e-01 -5.01425564e-01 -1.23103231e-01 -5.56860864e-02
  3.87386829e-01  3.10375452e-01  5.52671969e-01  1.83683280e-02
 -1.64816603e-02 -9.20938104e-02  1.60611838e-01 -7.89191481e-03
 -1.09675705e-01  2.51679532e-02  2.26081297e-01  2.19711125e-01
  3.01732004e-01  3.54088843e-01 -7.51319900e-02  1.35076985e-01
 -1.16046101e-01 -7.09737986e-02 -1.39983758e-01 -8.26688856e-02
 -1.26361903e-02  3.06782443e-02  6.59071356e-02  1.20756015e-01
 -1.84560329e-01  2.74150837e-02 -1.26547545e-01  1.73253864e-02
 -1.50240332e-01 -4.58023278e-03  1.78040385e-01  9.09173638e-02
 -1.58191413e-01 -1.61262691e-01 -8.96907449e-02 -9.25921872e-02
 -5.37811853e-02 -7.58591965e-02 -2.58856744e-01  4.38053161e-02
 -9.87292919e-03 -1.62465796e-01  7.64756277e-02  6.13562241e-02
  3.59857567e-02 -5.63369095e-02  1.15678236e-01 -2.59126117e-03
 -4.30778563e-02  7.95133635e-02  1.05267987e-01  2.82606538e-02
 -1.06832452e-01 -1.94981605e-01 -7.98641443e-02 -3.75603810e-02
 -4.71238047e-02 -2.52905399e-01  1.66009322e-01  9.46132839e-02
  1.56288549e-01 -2.49207336e-02  9.40241218e-02 -8.35002512e-02
 -1.13567255e-01  1.70971319e-01  1.32544979e-01 -8.76075849e-02
  1.46596953e-01 -2.75175851e-02 -6.49377927e-02 -1.40909171e-02
 -9.08097103e-02  9.20243114e-02 -6.49819970e-02  2.02328172e-02
 -7.35783875e-02 -8.93179420e-03 -1.46682277e-01 -7.88982436e-02
  5.90251200e-02 -7.15581998e-02 -1.53813809e-02 -2.19024078e-04
  9.06482115e-02 -6.36109151e-03 -4.86786738e-02 -1.16750054e-01
  5.50941676e-02  2.10213006e-01  2.50049867e-02 -1.39989793e-01
 -2.92128585e-02 -8.51537958e-02  4.81908321e-02  2.75861379e-02
 -1.63465808e-03 -3.65871452e-02  1.77312136e-01  1.27329364e-01
  8.38251263e-02 -6.91834614e-02 -8.16652402e-02 -1.18816964e-01
 -9.94440094e-02  4.47835922e-02 -2.14288414e-01  1.13223329e-01
  1.09824181e-01  3.88925523e-02  3.53619531e-02 -4.88367751e-02
  1.43714640e-02  3.14856577e-03  1.67995125e-01 -7.55445100e-03
  1.98147893e-01  8.95361323e-03 -1.59371138e-01  2.28223763e-02
 -7.45591754e-03  3.87998763e-03 -1.15504831e-01 -3.48257571e-02
  4.26255353e-02 -1.08200096e-01  6.55828640e-02 -6.50724247e-02
  1.75159886e-01 -1.45134404e-01 -6.97190464e-02 -3.94643135e-02
 -1.76271558e-01  1.11568592e-01  3.23254764e-02 -2.90869325e-02
  1.10868156e-01 -3.41127324e-03 -3.28482091e-02 -1.70445606e-01
 -6.45504445e-02  1.03343792e-01  1.97483823e-04  1.85322970e-01
 -1.83197051e-01 -6.46388251e-03 -7.17738420e-02  3.87443462e-04
 -3.90995406e-02  1.06652617e-01  7.44606405e-02  9.98604894e-02
 -1.20281987e-01 -1.51350647e-01  4.04257365e-02  1.33975800e-02
  8.44079703e-02 -1.99954033e-01 -1.60330087e-01  3.55414301e-02
  1.03052720e-01  2.01203283e-02 -3.04566659e-02 -1.78900454e-02
 -1.33116230e-01  1.38671741e-01  8.36867914e-02 -3.35893556e-02
 -1.62732527e-01 -9.03181285e-02 -1.00447424e-01 -3.75575833e-02
 -7.92703480e-02  8.29348192e-02 -4.06005532e-02 -2.27343529e-01
  7.98089206e-02 -8.65183622e-02 -6.35296898e-03  6.11012131e-02
 -1.31107181e-01 -2.17793416e-02  1.33559238e-02  2.93823909e-02
 -7.55658001e-02  2.01727226e-01 -3.98718528e-02  8.66256841e-03
 -7.70796165e-02  1.92994496e-03  1.97475150e-01 -1.64008468e-01
 -1.19628683e-01 -1.12912230e-01  1.88260898e-01 -1.04998186e-01
 -8.03278908e-02  2.20837221e-02 -1.05131291e-01  1.69846877e-01
  8.54613781e-02  7.62593225e-02  1.28862724e-01 -5.84471924e-03
 -1.20772421e-01  7.80808851e-02  4.78638373e-02 -1.63398609e-01
 -8.86033624e-02  2.07690764e-02 -6.21528691e-03  1.47151619e-01
  2.00317670e-02 -1.07089065e-01  1.05915070e-01  1.69763058e-01
 -5.85380830e-02 -1.01577103e-01 -1.90113094e-02  1.03656322e-01
  7.51825124e-02 -1.92278549e-01  8.71463194e-02  1.85369045e-01
  1.42298684e-01 -1.84627816e-01  2.15158805e-01  1.53461203e-01
  2.08789781e-01 -1.47418603e-01  1.62246674e-02  1.10820211e-01
  2.16562655e-02  1.03638567e-01 -1.94346726e-01  1.02303229e-01
 -1.83714539e-01 -1.32190064e-01 -2.55435109e-01 -1.92021161e-01
 -1.76450670e-01  2.04344735e-01 -6.65419223e-03  1.34665847e-01
  2.19992206e-01 -2.87095997e-02  1.58323377e-01  1.68241784e-02
  2.36328781e-01 -5.19730747e-02 -5.80487140e-02  1.05099715e-01
  1.45164490e-01  3.88247892e-02  7.27247447e-02 -1.22440904e-01
  1.32883610e-02  2.47652858e-01  3.98647785e-03 -7.23365322e-02
  3.70975696e-02  1.29049957e-01  3.40182394e-01  5.58154322e-02
  2.38557264e-01  2.21095249e-01  6.20399229e-03 -2.26415507e-02
  1.31844059e-01 -1.70441166e-01 -2.47377068e-01  2.62596365e-03
 -5.58008738e-02  6.65393472e-02 -1.30246893e-01  9.84143838e-02
 -5.97476885e-02 -1.38789341e-01  2.73210593e-02 -1.72372125e-02
 -1.81405246e-02  1.08157046e-01 -1.18774489e-01 -4.92770933e-02
  1.00177014e-02  8.55442360e-02  6.95182458e-02 -1.17870323e-01
 -6.73122182e-02  6.67096004e-02  5.66700809e-02 -3.31272595e-02]