http://erau.edu/ontology/meme.owl#TechnovikingMeme
[ 0.02450108 -0.0935319   0.16073415 -0.08384757 -0.04389458  0.06229071
  0.28078657  0.16693611  0.03305925 -0.11561865  0.02948007  0.01462676
 -0.09338909  0.0833319  -0.0872292  -0.04092218  0.07710619  0.17411979
  0.06303438  0.08887342 -0.3075275   0.02846463  0.15493944 -0.00276887
  0.11962062 -0.04287812  0.00314361 -0.0602668   0.25096005 -0.03015035
  0.01449925  0.12828983  0.18648678 -0.17102101  0.00715885  0.22980335
 -0.0375706   0.12484831 -0.00078428 -0.01062016 -0.08052883  0.2610429
 -0.2983557  -0.02878424  0.0595733  -0.03456162  0.00912557 -0.04655194
  0.06009179 -0.00323159  0.128552   -0.01199024 -0.02029642 -0.04610539
 -0.16336764 -0.16481775  0.1392531  -0.06344616  0.05449395  0.06750348
 -0.10770674 -0.13171686  0.06644979  0.03498724 -0.22958821 -0.0729633
 -0.01434938 -0.00945211 -0.13992691  0.05949791  0.0314318   0.08944572
  0.21565397  0.14762923 -0.01554248  0.11806818 -0.21673228 -0.00200886
  0.13080375  0.07442054 -0.0615364  -0.13448028 -0.10865253 -0.13509323
  0.03407733 -0.17732862 -0.1117683  -0.05332721  0.04394551 -0.04482884
  0.05737757 -0.34814203  0.08952225  0.04815336 -0.01943352  0.08237716
 -0.12698945 -0.11061107  0.0318951  -0.19151266  0.02332267 -0.04788356
  0.1489799  -0.10790681 -0.0204891   0.11230049  0.05983288 -0.06922469
  0.11915249  0.01481723  0.02830807  0.00556397 -0.07940561 -0.11126964
  0.02951272  0.11002883 -0.14537439 -0.19030756  0.07910419  0.15861379
  0.01996453  0.08501237 -0.08655069  0.08157547  0.12610026 -0.11448003
  0.10157752  0.03333301  0.2010822   0.01986309 -0.18134183 -0.04632258
  0.04933926 -0.00191317  0.01317472  0.10764001  0.04934648  0.00653871
 -0.17315675  0.09733286 -0.2203492  -0.0473054   0.04756151  0.14846064
  0.1717167  -0.03668282  0.09084345 -0.12386385  0.06095035  0.21739063
 -0.03886166 -0.06433252 -0.11045629 -0.11661743  0.011875    0.07970989
 -0.09801714  0.14102632  0.09902699 -0.12125451  0.04296997 -0.07167948
 -0.12777244 -0.1088188  -0.13397463 -0.16732226  0.03399489  0.06402194
 -0.15985131  0.10001651 -0.00733251  0.04595926  0.0713427   0.12465031
  0.02358751 -0.14078614 -0.15527241  0.04608192  0.16851898  0.06499043
 -0.11141521  0.08465471  0.07123262  0.01806152 -0.06653642 -0.03676288
  0.02021615  0.02092084  0.28789672  0.1245852  -0.0163601   0.03423519
 -0.12915616 -0.06163314 -0.03660899  0.07727969 -0.08179614  0.02635233
 -0.06285582 -0.04534629 -0.08820018  0.02229355  0.08711057  0.02283948
 -0.06134601 -0.19302629  0.12303367  0.02532357  0.12325245  0.02528994
  0.27119505  0.04363936 -0.12466073 -0.03147333  0.11057361 -0.1404318
  0.05586176 -0.02739941  0.02698566  0.21878001  0.25902498  0.15713963
 -0.05890764  0.1710454   0.00477993 -0.13532414 -0.11871736 -0.02152954
 -0.04165009 -0.0903459   0.20867594 -0.03016333  0.00709899 -0.08229341
  0.09172244  0.1452819  -0.13946691  0.12590346  0.15130125  0.05133425
 -0.07506673  0.07704931  0.03900946  0.01404753 -0.17067209 -0.0138677
 -0.25007042  0.05139416 -0.07596749  0.18547903  0.02893564 -0.05049632
  0.05491696 -0.10165162  0.10749206  0.00345296 -0.1405234  -0.03873903
  0.03640152 -0.08355377 -0.16608526 -0.10833193 -0.01283542 -0.09593388
 -0.11381258 -0.1286168  -0.07535042  0.05542053  0.07861642 -0.00201312
 -0.0348422  -0.01617372  0.06841082  0.02833315  0.1889824  -0.06654315
 -0.0328303   0.01146729  0.00888921  0.04862465  0.09210079  0.29282886
 -0.10491985 -0.16613635 -0.17859621  0.04501288  0.02662902 -0.0147708
  0.04925068  0.02067975  0.14223571 -0.03262167 -0.04179027 -0.20981945
 -0.07406554 -0.00841934  0.12853742 -0.04220913  0.05144275 -0.13989508
 -0.09259786  0.05861507  0.00819357 -0.04171143 -0.12599015 -0.00131153
  0.1956736   0.02768393  0.01736462 -0.01948302  0.13235989 -0.07537629
  0.09489399  0.12938102 -0.08646679  0.08380179 -0.02958242 -0.10964751
  0.22598878 -0.1607071  -0.03783444 -0.06992973  0.11305977  0.0988144
 -0.07638063  0.05297133 -0.07023373  0.1664258   0.1833927   0.10503058
 -0.04835818 -0.00203805  0.02145713 -0.05034336  0.01631881 -0.0661029
  0.0091882   0.05021434  0.01337216  0.02922077  0.03066202  0.10947102
 -0.13217059 -0.053866    0.00515042  0.00999782 -0.17514262 -0.01502132
  0.19008785 -0.11612017 -0.05456045  0.01676022 -0.1912272   0.1260912
 -0.19827278  0.01444545  0.06433153  0.03605738  0.16658536 -0.14352202
 -0.12046228  0.01894517 -0.06780514  0.03475345  0.04543245 -0.11289445
 -0.14095253  0.13599975 -0.02288709 -0.06778658  0.03864095 -0.09647547
 -0.14251398  0.16832441 -0.03156959 -0.09890169 -0.19164224 -0.00768885
 -0.03967015  0.03690975 -0.10956371  0.24487412 -0.13657059 -0.16281769
  0.06533075 -0.09060087 -0.14246827  0.12810966  0.00965506 -0.0240412
  0.02897777  0.03315843 -0.00857048  0.22933856 -0.1257748  -0.29448518
 -0.07408775  0.08036162  0.29557556  0.03475934 -0.06057404 -0.04631798
 -0.03970553 -0.13625205 -0.11665942  0.03634681 -0.00196592  0.07319059
  0.09887707  0.07058886  0.20021816 -0.09423178 -0.14832766 -0.02530275
  0.03240669 -0.10697075 -0.17957793  0.00974744  0.00053058 -0.01539903
  0.13451669  0.02797846 -0.16463305 -0.03108892  0.0070616  -0.1964459
  0.01830028  0.11304861  0.06783626 -0.11501824  0.23982242  0.19058576
  0.13440898 -0.08563934  0.31851822  0.16724408  0.14676462 -0.09709353
  0.05986036  0.14482825  0.0320685   0.18965429 -0.12036195  0.35936594
 -0.15745765  0.0297164  -0.18568644 -0.18457176  0.02031259 -0.03825684
 -0.05777426  0.01215948  0.07922432 -0.015692    0.18289042  0.01041992
  0.09942118 -0.04874583 -0.00712643 -0.00091736  0.05148086  0.16929545
  0.06587444  0.01912881 -0.09862634  0.1464611   0.10709247 -0.05507094
  0.03122163  0.16515821  0.20126101  0.07372838  0.28091753  0.1641113
 -0.03152738 -0.06443708  0.02940608 -0.35909215 -0.040312    0.10466596
  0.12831599  0.09688322 -0.02887941  0.2788433  -0.15160602 -0.278522
  0.07168104 -0.12379227  0.28754586  0.14108863 -0.09430344  0.01524741
  0.00298239 -0.01305039  0.1313684   0.03034952  0.07536111 -0.09665962
  0.06075839  0.11915432]