http://erau.edu/ontology/meme.owl#YanetGarciaMeme
[ 5.72222434e-02 -7.50409812e-02  1.56251676e-02  4.00540456e-02
  2.96065561e-03  8.68914351e-02  8.99987370e-02  1.13882432e-02
 -1.16867460e-02 -4.69444469e-02  1.18059300e-01 -5.40391495e-03
 -4.26017791e-02  4.06823978e-02 -9.79912728e-02 -1.31951228e-01
  8.05668235e-02  5.05516939e-02 -7.59516731e-02 -2.95474734e-02
 -1.93515971e-01  1.69700250e-01  7.88499340e-02 -1.64919510e-01
  9.69081819e-02 -2.84617860e-02 -4.58033234e-02 -4.42423224e-02
  1.66278228e-01  3.62026021e-02  1.17334701e-01  1.96156457e-01
  5.30771278e-02 -6.10841960e-02 -3.72484513e-02  2.34162822e-01
  4.36644554e-02  1.31523848e-01 -5.28815016e-02 -6.18350655e-02
 -7.97742233e-02  2.19917685e-01 -2.91444987e-01 -5.33625372e-02
  1.26612663e-01  4.85133417e-02  1.06879778e-01 -7.51705393e-02
 -3.76191325e-02  2.50852704e-02  6.62682280e-02  5.79011776e-02
 -1.61464915e-01 -1.96474209e-01 -1.61913753e-01 -1.06770080e-02
  1.19439714e-01 -1.63748577e-01  1.95505038e-01  6.57990426e-02
 -4.34594154e-02 -5.04055433e-02  8.79119784e-02  5.94859533e-02
 -7.33482540e-02 -1.22563720e-01 -1.45462183e-02 -3.49097177e-02
 -6.92303926e-02 -4.17742468e-02 -9.75859314e-02  8.58959481e-02
  1.45448118e-01  1.36366129e-01  1.02255298e-02  1.40994400e-01
 -7.40726888e-02 -4.43195878e-03  1.12719253e-01 -2.90921740e-02
 -4.88993563e-02 -1.78351313e-01 -8.83448273e-02 -1.78823143e-01
  4.67327237e-02 -2.25902814e-02 -1.17539480e-01 -4.12468985e-02
  8.43124744e-03 -6.55675605e-02  3.71490009e-02 -2.23735064e-01
  8.78909975e-02 -2.14081965e-02 -8.70003328e-02  5.61648794e-02
  2.96888128e-02 -4.73964913e-03 -7.18176290e-02 -2.71449294e-02
  1.28347501e-01  8.85898918e-02  2.75683820e-01 -2.35861652e-02
 -4.94952593e-03  7.70101324e-02  8.23674500e-02  4.58813412e-03
  3.89217836e-04 -3.88432778e-02 -6.91768015e-03  3.19620520e-02
 -6.06129616e-02 -1.21256299e-01  9.21395048e-02  1.46399941e-02
 -1.86847776e-01 -1.13404855e-01  1.05835430e-01  1.57670960e-01
 -3.57390009e-02  2.60273851e-02 -1.33108571e-01  6.00742325e-02
  1.32293865e-01 -5.33706658e-02  5.34394868e-02  1.09163679e-01
  1.62610248e-01  8.25840700e-03 -2.28786930e-01 -3.81405950e-02
  6.89933449e-03 -7.98760056e-02 -1.93568040e-02  1.90236777e-01
  3.09886429e-02 -2.66006365e-02 -1.54189497e-01  1.32933661e-01
 -2.36802906e-01  2.91518997e-02  1.73612729e-01  1.41731471e-01
  2.22518653e-01 -2.76777327e-01  2.81950571e-02 -1.42482847e-01
 -5.93352094e-02  1.43226162e-01  3.49569209e-02 -5.78555465e-03
 -7.17628002e-02  1.81629844e-02 -5.06735742e-02  1.10872850e-01
 -1.58313736e-01  2.27971837e-01  4.36782017e-02 -7.36192539e-02
  5.62289618e-02  1.37513271e-02 -5.32819405e-02 -3.66823152e-02
 -2.73037583e-01 -8.63284618e-02  9.29198936e-02  1.87374815e-01
 -3.26398283e-01  1.74514338e-01 -3.40630708e-04  9.91560072e-02
  2.25348666e-01  2.26151660e-01 -1.96854360e-02 -5.49739078e-02
 -2.18008943e-02 -4.75137271e-02  1.15516409e-01 -1.37462122e-02
 -1.66620165e-01  5.92142642e-02  2.12689824e-02 -3.88103426e-02
 -4.51946957e-03 -2.03039050e-02  4.09227610e-02  6.05001673e-02
  2.14167029e-01 -1.90318027e-03  4.45642583e-02 -8.41250047e-02
 -1.12350285e-01 -5.60917705e-02  3.97877246e-02  3.14285950e-04
  2.48230863e-02  1.10238485e-01 -4.78465110e-02 -5.22717349e-02
  7.32087530e-03  5.98795488e-02  1.04437172e-01  7.18257995e-03
 -8.09598267e-02 -2.36250415e-01 -1.97641533e-02  4.41552550e-02
  1.58386275e-01  1.46559790e-01  2.29600266e-01  5.24331629e-02
 -1.13869337e-02  1.37604559e-02 -2.94079650e-02 -5.13397641e-02
 -5.84160164e-02  2.68162414e-02  7.31033161e-02  1.84864283e-01
  4.59517203e-02  1.17148049e-01 -9.79488343e-02  9.98603031e-02
  5.91424890e-02  3.45954038e-02 -7.23064644e-03  4.47948091e-02
  3.02754133e-03 -2.20215190e-02  1.41958728e-01 -6.90070586e-03
 -1.03211060e-01 -9.76915210e-02 -5.86444475e-02  1.19176999e-01
 -3.58867720e-02 -6.83695301e-02 -1.46614257e-02 -8.72900151e-03
 -1.21946238e-01 -7.40620121e-02  7.83724431e-03 -2.12097932e-02
 -1.92543656e-01 -4.16833162e-02 -1.26951709e-01 -4.88030761e-02
  7.73419952e-03  3.55759971e-02  3.60077359e-02  3.62943076e-02
  7.69978166e-02 -8.60225931e-02  7.55048469e-02  1.54628949e-02
 -7.69774094e-02  9.73090455e-02  6.48924038e-02  2.67735627e-02
 -6.84393048e-02 -1.08168654e-01 -6.35919422e-02 -1.35640845e-01
 -9.81119648e-02 -2.12156564e-01 -1.73726249e-02  5.28761484e-02
  1.22786753e-01 -1.35942340e-01 -1.22412331e-01 -6.19728304e-02
  6.68725669e-02 -5.31096244e-03  1.12035632e-01 -7.55622983e-03
  9.76538435e-02  6.01887368e-02  3.75027186e-03 -1.36189070e-02
  1.40487805e-01  9.55332741e-02  5.37628718e-02 -7.93799907e-02
 -1.64622694e-01 -1.28617685e-03 -7.25524351e-02 -4.45609763e-02
 -6.99874312e-02 -9.62818563e-02  1.08668230e-01 -1.71800628e-01
 -2.26395912e-02 -3.81700844e-02  9.77657549e-03  3.44945528e-02
  1.34460464e-01 -7.74423629e-02 -5.76940179e-02 -1.22677289e-01
 -1.76878229e-01  3.87267917e-02 -4.71643871e-03  5.57744801e-02
 -4.21952903e-02  7.26246135e-03  2.19436064e-02 -1.17984368e-03
 -2.04032436e-02  3.02401930e-02  2.21489206e-01 -1.08836316e-01
 -6.97461143e-02  3.40777449e-02 -1.04372546e-01  6.15113713e-02
 -1.31423131e-01 -1.39894895e-02  4.91840504e-02 -8.84757563e-02
  6.79913163e-02 -6.38216212e-02  1.02914281e-01  1.96397856e-01
  6.11938275e-02  7.16893142e-03 -7.86647573e-02  1.66932456e-02
  4.90668453e-02 -2.25637313e-02 -2.47036526e-03 -8.25482011e-02
 -2.14134492e-02 -2.19806656e-01 -3.99447531e-02 -1.55779719e-01
  1.82524100e-01  2.53838431e-02  6.75476640e-02  1.08084314e-01
 -7.98384845e-03  3.07511967e-02 -8.82310197e-02 -1.25564739e-01
 -6.49625377e-04 -7.83984214e-02 -7.37667382e-02  3.56723461e-03
 -6.00760104e-04 -1.26192048e-01 -1.10333495e-01 -5.22499159e-02
 -1.48991242e-01  1.76398009e-01 -1.47291154e-01  6.62551299e-02
  2.50498317e-02  2.38886420e-02  1.95541844e-01 -8.30327421e-02
 -3.83909568e-02  1.55279366e-02 -3.75104509e-02 -5.34806959e-02
  3.93741168e-02 -3.88680473e-02 -7.07171857e-02  9.01123434e-02
  5.22109680e-02 -1.51289925e-02  3.59039791e-02 -9.20332968e-02
 -1.90079570e-01  1.20944589e-01 -3.28735192e-03 -7.47941285e-02
 -5.29685132e-02  4.87199128e-02 -5.25265224e-02 -7.42843421e-03
  3.11412420e-02  1.48657203e-01 -1.24943599e-01 -1.28615722e-01
  7.92328417e-02 -1.66925535e-01 -7.42749944e-02  2.29148015e-01
 -6.14212453e-02 -1.39651462e-01  1.69163439e-02  4.79468331e-02
 -6.16470613e-02  3.48757088e-01 -3.04266792e-02 -2.26526767e-01
  3.19119394e-02  8.64150524e-02  4.78127420e-01 -1.38738349e-01
 -7.18610659e-02 -2.89816290e-01  9.21883956e-02 -2.65821457e-01
 -1.47933856e-01  7.62807652e-02 -2.24595591e-02  4.69412446e-01
  6.96050376e-02  8.08661059e-02  8.41446444e-02 -1.32526964e-01
 -8.19955096e-02 -4.37491648e-02 -6.10847250e-02  4.37146463e-02
 -6.80464581e-02 -1.55527279e-01 -1.12445569e-02  3.01943813e-02
  1.30408555e-01 -2.68756077e-02 -1.72237799e-01  2.07519513e-02
 -3.89669463e-02 -1.81216046e-01 -4.32599522e-02  1.59242183e-01
  1.31914720e-01  1.16437394e-03  8.71001929e-02  1.80798620e-01
  2.88682301e-02 -1.77197874e-01  1.70087755e-01  1.22351706e-01
  1.16389088e-01 -7.43806139e-02  6.14349172e-02  1.47379071e-01
  6.91918954e-02  2.74173282e-02 -9.43206102e-02  2.26825327e-01
 -1.27881899e-01  3.80017385e-02 -1.44930705e-01 -3.04471198e-02
 -6.32413328e-02  1.80771463e-02  1.29027635e-01  2.24040588e-03
  8.13617930e-02  8.15291051e-03  1.19837970e-01  2.39494145e-02
  1.11783847e-01 -1.77438743e-02  4.69362400e-02 -4.90223169e-02
  3.78141291e-02  1.57896981e-01  1.27297446e-01 -1.32247642e-01
  3.61772217e-02  1.21979319e-01  9.31677502e-03 -1.98850811e-01
 -1.26067251e-02  1.99711528e-02  2.12487623e-01  1.14471642e-02
  2.04540312e-01  1.45754993e-01  4.02496532e-02 -2.21078038e-01
  7.72603303e-02 -9.65767428e-02 -5.38527444e-02  7.75190070e-02
  4.82622981e-02 -3.41489092e-02 -1.00974612e-01  1.16804831e-01
 -1.93731442e-01 -1.48879096e-01 -1.53139904e-01 -3.10510937e-02
  7.68231601e-02  4.09694165e-02 -1.18485495e-01 -5.03197080e-03
 -2.53344122e-02 -2.89769527e-02  1.24677166e-01  3.68432365e-02
  6.46554958e-03  1.30249662e-02 -3.25264707e-02 -3.42700668e-02]