http://erau.edu/ontology/meme.owl#SurveyMemeSemanticTag
[-0.0985594  -0.00823893  0.07232818  0.13334003  0.04968872  0.04700162
 -0.07687837  0.03401517  0.09952594 -0.22089137 -0.12018543  0.27834502
  0.19975045  0.1538147  -0.05898733 -0.18760818 -0.09980183 -0.07104855
  0.02830367 -0.0510921  -0.01365567  0.16783698 -0.03724894  0.14178243
  0.03144301 -0.18889245 -0.0057345  -0.02681182  0.04188833 -0.07635126
 -0.22193305 -0.07465807 -0.15559894 -0.02291978 -0.12817527  0.05139712
 -0.1527483   0.11903333  0.04866193  0.24531434  0.07285859  0.03116771
 -0.26602158 -0.03256303 -0.21910924 -0.0570306   0.07654817 -0.17463599
  0.04943077 -0.17446892 -0.00883613  0.17364465  0.21225011  0.01232287
 -0.18143505  0.24150099 -0.08364853 -0.01286595  0.11358855  0.18188654
  0.18939683 -0.16792211  0.01858856  0.03812322 -0.0602347  -0.0469842
 -0.12030733 -0.06737833  0.10915654 -0.10499526  0.14494328 -0.02369719
 -0.02380476 -0.01029199 -0.20839998 -0.08095961 -0.03816781 -0.1139692
 -0.02824586 -0.12091556  0.1546533   0.182167   -0.27017474 -0.10437282
 -0.053381    0.00799329  0.13204989  0.04907422 -0.02327145  0.27124092
 -0.09793972 -0.00893668 -0.21788569 -0.02546971  0.05177576 -0.08277749
 -0.05101698  0.2770242   0.02566953 -0.02253029  0.09563334 -0.05404979
 -0.08888315  0.03029112  0.1418619  -0.00980564  0.08414741  0.19037077
  0.10752781 -0.01442978  0.18885882  0.11589167  0.02965382  0.02769823
  0.16540709 -0.12701374  0.03846275 -0.01658981 -0.13456216 -0.01742908
  0.00192265  0.15262347  0.01458862  0.01496743 -0.20628399 -0.23926614
 -0.02077136  0.14816557 -0.22710909 -0.1444649  -0.03152454  0.04205056
  0.02438258 -0.18140277  0.10234211 -0.10253894  0.10959329  0.0345919
  0.04265619 -0.00176466 -0.07956814 -0.00371275 -0.06379382  0.06007595
  0.01996031  0.03023861 -0.05244436 -0.12718888 -0.10628781 -0.02359991
  0.07552055  0.03606383 -0.15866044 -0.13221584 -0.09986161 -0.13459031
  0.04463905 -0.00438991 -0.06943709 -0.04913801  0.07017244  0.2373583
  0.10191736  0.01296287 -0.11152815 -0.11260939  0.00876492  0.14464529
 -0.18030863 -0.04523535 -0.03483289 -0.02303347 -0.02967442  0.19457696
  0.12995815 -0.00770303  0.05875408  0.03140926  0.0229912  -0.0270632
 -0.18540652 -0.0893397  -0.02946777 -0.03169335 -0.02474805 -0.01671329
 -0.18098015  0.03459188  0.12690715  0.13132976 -0.00150747  0.24310412
  0.19718066  0.13113464 -0.11952531 -0.02074762 -0.07487225 -0.05100616
 -0.1365014   0.17917192]