http://erau.edu/ontology/meme.owl#DescriptiveNoiseMeme
[ 0.01712681 -0.06480857  0.02933596 -0.02631529 -0.02703654  0.04804578
  0.07788236  0.06994925  0.00403231  0.03973779  0.09029433 -0.03416861
 -0.03259532 -0.03402635 -0.10443823 -0.00105892 -0.02559538  0.05448443
 -0.00617052  0.03011897 -0.16372654  0.0272936   0.09532837 -0.08660772
  0.04838567 -0.03714395  0.08454531 -0.05095374  0.13743547  0.05660792
  0.03528903  0.0256267   0.04079045 -0.04840036 -0.07935449  0.08083816
  0.04141628  0.08115991 -0.10284942 -0.090331    0.05716766  0.14234819
 -0.2177887  -0.07746839  0.03499008  0.07320371  0.00265624 -0.07794989
  0.00988733 -0.02316577  0.07710923 -0.06668089  0.03433425 -0.1888756
 -0.19858396 -0.09750287  0.03420448 -0.0788671   0.1202546   0.08217583
  0.03633685 -0.1146918   0.12373479  0.06938545 -0.08270165 -0.03779146
  0.05565472  0.06712393 -0.04989583 -0.1437707  -0.04861308  0.09000206
  0.12679222  0.0396596   0.01035521  0.11155304 -0.06357801  0.05274807
  0.12246811  0.01981746  0.00572868 -0.12175187 -0.11753862 -0.11729251
  0.01474871 -0.06618265 -0.03597926 -0.05638942 -0.01231775  0.01908167
  0.01856996 -0.10285542  0.05399763 -0.01856031 -0.13583948 -0.00847208
  0.02696881  0.00112192 -0.04686429  0.01262367  0.11956348 -0.01894988
  0.22006905 -0.08024815 -0.00523791  0.01492914  0.03309338 -0.00222804
  0.02228381 -0.0339811  -0.04494057  0.0309393   0.06032916 -0.10949023
  0.04826463 -0.05581687 -0.18435967 -0.14435619  0.07461347  0.028077
 -0.1144002   0.04375581 -0.11605572  0.0988586   0.03440991 -0.05480028
 -0.08014008  0.01254414  0.04469953 -0.02920262 -0.21728387 -0.08461521
  0.03432511  0.00933161 -0.11225059  0.1431161  -0.00470124 -0.00597359
 -0.11449604  0.05319735 -0.18963857  0.0086566   0.0357622  -0.03169598
  0.20105797 -0.22392876  0.06076705 -0.0499129   0.06039835  0.06774075
  0.03835158 -0.00907778 -0.00498004 -0.03046843 -0.07214369  0.04815339
 -0.11735999  0.10865172 -0.04757993 -0.15542212  0.08396126 -0.04857541
  0.00082534  0.03280287 -0.19738187 -0.11585999 -0.07427906  0.19048445
 -0.17963333  0.08480888  0.02697591  0.11396583  0.15646596  0.15413418
 -0.00204773  0.01743283 -0.01938565  0.04834408  0.05558564 -0.0295519
 -0.0696184   0.03510575  0.02925495  0.01485511 -0.02915535 -0.04052673
  0.09877855  0.04683786  0.10179735 -0.07855032  0.02732717  0.03395693
 -0.14078255 -0.05520152 -0.07226245 -0.01344306  0.04249758  0.12770388
  0.00406527 -0.01526942 -0.04802563 -0.04973793 -0.01027959 -0.07516486
 -0.00293301 -0.21049829  0.01587572 -0.00237409  0.11059076  0.13784944
  0.15153311  0.06650021 -0.05315876 -0.09992473  0.10436273  0.07209162
 -0.19223866 -0.02804979  0.27914953  0.05709717  0.19094749  0.14824763
 -0.16253607  0.06240841 -0.02417565 -0.06681253 -0.13967136  0.0450812
 -0.04304733  0.02229498  0.05601148 -0.00955395 -0.14343981 -0.05905972
 -0.12583753 -0.03363325 -0.08145168 -0.18026523  0.05626978 -0.08091375
 -0.03866034 -0.01223912 -0.02667886 -0.03138147 -0.17149371 -0.15775329
 -0.08319907 -0.0308464  -0.10724759  0.08101898  0.05839457  0.0713102
  0.11127008  0.05906863  0.18387075 -0.03935573 -0.15608163 -0.03577793
 -0.05280708 -0.00987475 -0.13503788 -0.08390638 -0.10905395 -0.21003911
 -0.05345793 -0.18044561 -0.03554028  0.00823312  0.13803868 -0.07467529
 -0.00112467 -0.1397869  -0.05760705  0.12800463  0.1793846  -0.0558289
  0.14046876 -0.02709194 -0.05866465 -0.00351209  0.10891416  0.12213556
 -0.02967882 -0.03415677 -0.16096182  0.08140275 -0.11338918 -0.08594144
 -0.10082895 -0.09824055  0.14826031 -0.16924314  0.03069446 -0.12503065
  0.09248309  0.00469185  0.12366773  0.02322171 -0.12646013 -0.17322534
 -0.24647866  0.06544803 -0.04132267  0.11585987  0.06580036 -0.09830912
  0.11528002 -0.02859252  0.01857064  0.08625828  0.2730005  -0.23025697
 -0.0882849   0.06217586 -0.0233847   0.02223485 -0.03803987  0.04228754
 -0.01251807 -0.0665458   0.06234925 -0.11222892  0.18606551  0.13105822
  0.04683005 -0.03025589 -0.02460823 -0.10253739  0.09978311  0.03650036
  0.09133429  0.02899298 -0.03617735 -0.02918266 -0.00145725 -0.23993073
  0.17427073  0.1566961  -0.11172496  0.0268701  -0.00641206  0.09761783
 -0.01054968 -0.01254604 -0.07565403 -0.04561716 -0.00207242  0.13517924
 -0.01733205 -0.0939594  -0.07921946  0.03878253 -0.01109408  0.11687142
 -0.15295012  0.12058075 -0.03440179 -0.03344547  0.2303151  -0.05856618
 -0.07376758  0.08617185 -0.04761336 -0.03643086 -0.07558669  0.05874439
 -0.09891687  0.07290643 -0.0872421  -0.06620252  0.02787876  0.00698303
 -0.18122405  0.07176709  0.05587966 -0.08855961 -0.07707373 -0.01381626
 -0.11272095 -0.00098529  0.10324352  0.10067889 -0.152367   -0.02744664
  0.00250252 -0.02203126 -0.00534445  0.08956596 -0.00928409 -0.0364618
 -0.02492275  0.0308172   0.02801857  0.04213142 -0.01659001 -0.05383796
  0.12120782  0.05864499 -0.07493158  0.0328141   0.00305705 -0.18519647
 -0.04814396 -0.05810564  0.04207819 -0.02869637 -0.04705143  0.02979019
  0.09200141  0.06083509  0.10842177 -0.14265355 -0.0865577  -0.09567023
 -0.13114557  0.09458476 -0.03984393 -0.1163381   0.01064054 -0.00126653
  0.10987931  0.0464589  -0.08046614  0.03538941 -0.07105864 -0.0691632
 -0.02468727  0.01161177  0.02773424 -0.00109137 -0.02475679  0.08831096
  0.08839623 -0.05365437  0.18480366  0.13051155 -0.00896489 -0.04665606
  0.0919228   0.06203402  0.04116154  0.04698928 -0.05998478  0.20805354
 -0.12866521  0.0117446  -0.06929504 -0.06871381  0.05936577  0.00597331
 -0.00798379  0.09172505  0.07892312 -0.11854085  0.21609303  0.04726177
  0.07007419 -0.02971433  0.0716728  -0.01173608  0.14718056  0.05255288
  0.10629066 -0.0694376  -0.05257454  0.19403653 -0.00514894 -0.03218563
 -0.02958141  0.06086461  0.12208574 -0.00555573  0.16046093  0.13619806
 -0.00414618 -0.00262729  0.05585082 -0.02798593  0.11366643  0.08621725
  0.07397365  0.04498202 -0.08406851  0.07670406 -0.01651984 -0.0833075
  0.01015666 -0.01453077  0.00857263  0.04188735 -0.07623339  0.00952898
  0.06935211  0.05008131  0.03632423  0.00469844  0.06074293  0.04043158
  0.00177606 -0.08063743]