http://erau.edu/ontology/meme.owl#4chanSafetySquadRaidsMeme
[-5.18808439e-02 -1.32044330e-01 -3.30578089e-02  3.58762741e-02
 -7.99040496e-02  1.53920516e-01  1.03940994e-01  9.79178548e-02
  6.85809106e-02 -7.79107809e-02  7.82186538e-02 -9.57550108e-02
 -1.87499467e-02 -5.32573126e-02  2.66881241e-03  6.95083812e-02
 -2.11324655e-02  5.67774847e-02  1.21655017e-02  1.18076196e-02
 -6.49342537e-02  9.02556181e-02  2.20178775e-02 -4.89811189e-02
  3.52212600e-02  3.62502448e-02 -5.68669243e-03 -5.25787752e-03
  6.67436868e-02  5.85018694e-02  1.19378373e-01  1.00314073e-01
  3.26142311e-02 -1.67093985e-02 -3.71867418e-02  1.30777791e-01
 -3.00810654e-02  9.57022160e-02 -4.74461913e-02 -9.89532545e-02
  8.39216784e-02  1.76740482e-01 -1.15328245e-01  4.42690328e-02
  1.05007976e-01 -2.58997809e-02 -4.10022363e-02 -9.74082276e-02
 -6.93069100e-02  5.19899353e-02  4.70595993e-02 -2.21203957e-02
 -1.66381299e-01 -2.04519406e-01 -2.83204373e-02  5.82728535e-03
  1.05528496e-01 -7.62194544e-02  2.24358290e-02  9.43099931e-02
  4.97349072e-04 -4.88211140e-02  5.40713929e-02  5.78676760e-02
 -1.34432331e-01 -1.46870077e-01 -1.46564115e-02 -1.43463872e-02
 -7.41393492e-02 -1.14980355e-01 -1.11744717e-01  6.78235758e-03
 -6.69094771e-02  1.61094312e-02  4.78781797e-02  8.57182369e-02
 -2.52842188e-01 -2.02738717e-02  1.00749731e-01 -2.22724751e-02
  2.93495525e-02  4.62406455e-03 -3.02518327e-02 -1.08879499e-01
  5.42122573e-02 -6.51799142e-02 -1.50001556e-01 -1.77621711e-02
  4.68933806e-02  6.23140670e-03  2.37997323e-02 -2.30143249e-01
  6.25976399e-02 -6.46036342e-02  3.46128107e-03  2.14433372e-02
 -1.92745179e-02  6.95685074e-02  3.82866040e-02  5.75902127e-02
  1.57865748e-01  1.77586153e-01  3.68888080e-01 -4.16428931e-02
  3.35223638e-02 -5.23255020e-02  1.36750534e-01 -1.30151976e-02
 -7.26576988e-03 -9.93531346e-02  2.00119317e-02  1.29019632e-03
 -1.93667337e-02 -4.39502448e-02  1.60111990e-02  1.34090751e-01
 -2.62857884e-01 -1.64944366e-01 -2.87924204e-02  1.40895844e-02
 -8.36574212e-02 -7.84791820e-03 -2.77859196e-02  2.23628372e-01
  1.39750987e-01  1.00026112e-02 -5.99585176e-02  9.99618042e-03
  5.63795166e-03 -1.10717863e-02 -2.87365466e-01 -3.80900619e-03
  2.39054132e-02 -6.02534190e-02 -7.88461044e-02  1.09576859e-01
  7.29568012e-04 -6.53226823e-02 -1.71854421e-01  1.05863281e-01
 -2.15247884e-01 -1.17870839e-02  3.62753868e-02 -7.62248337e-02
  2.58954704e-01 -1.69355407e-01 -1.04575111e-02 -1.38753757e-01
 -1.68925356e-02  1.18820265e-01 -2.25702729e-02 -1.01541035e-01
  1.76124200e-02  1.42728463e-01 -2.32032761e-02  1.56595588e-01
 -1.46431386e-01  2.96042919e-01 -1.24955559e-02 -3.26689482e-02
  7.66670555e-02 -2.00753123e-01 -9.02045611e-03 -1.14569664e-02
 -1.96278319e-01 -1.47771582e-01 -2.21280865e-02  1.15546346e-01
 -3.12701434e-01  1.12834729e-01  1.75792743e-02  1.51191056e-01
  1.89962789e-01  1.94048062e-01 -9.79305208e-02 -7.28995427e-02
 -1.71173606e-02 -5.42913489e-02  1.59215599e-01 -8.98644701e-02
 -1.26861528e-01  1.03849463e-01  1.06304400e-01  1.28558785e-01
 -2.33274270e-02 -6.36530593e-02  1.01725526e-01  7.67224357e-02
  1.97969615e-01 -6.40085191e-02  6.62169373e-03  3.26357372e-02
 -1.63379386e-01  2.64858885e-04  8.91149044e-02 -3.19100544e-02
  3.32896747e-02  1.42912075e-01 -8.73192865e-03 -5.11107519e-02
  1.33908633e-03 -4.67642546e-02  8.05048347e-02  2.38108113e-02
 -1.50456250e-01 -1.26158163e-01  1.36630228e-02 -1.20601151e-03
  4.95843776e-02  8.91979560e-02  2.95088679e-01  5.22046983e-02
 -9.16991234e-02 -5.03318571e-02  1.57276586e-01  2.89548952e-02
 -7.33949766e-02  9.69852041e-03  8.13352093e-02  1.07914530e-01
  1.41600864e-02  1.35040015e-01 -1.47969246e-01  1.00574315e-01
 -9.63011757e-03 -1.27302231e-02 -8.48064795e-02  2.73099868e-03
 -1.18687965e-01 -2.03986056e-02  5.65921627e-02 -4.44350243e-02
 -1.47443250e-01 -6.92601651e-02  4.29870037e-04 -9.14423168e-03
 -8.07034671e-02  9.30456351e-03  2.03695565e-01 -1.26880288e-01
 -1.32909775e-01 -3.48697789e-02  3.88092995e-02  2.00483054e-02
 -2.72856623e-01 -1.23660661e-01 -2.17865393e-01  8.44517425e-02
 -1.13430500e-01 -2.18801014e-02  7.25246519e-02 -3.32342461e-02
  1.48591086e-01  1.84393935e-02  2.66593874e-01 -9.33398753e-02
 -2.01319396e-01  2.14222893e-02  4.04177643e-02  1.01097979e-01
 -1.36085406e-01 -1.05665937e-01 -6.60529733e-02 -1.77156419e-01
 -6.93108737e-02 -2.45968729e-01  2.70867776e-02  5.63600250e-02
  6.44091889e-02 -1.02516621e-01 -8.63244757e-02 -2.13353693e-01
 -1.43559888e-01  7.83517733e-02  8.09220895e-02  1.91389304e-02
  1.85265839e-01 -2.43233964e-02 -5.54468669e-03  6.94443136e-02
  3.56373116e-02  8.64683762e-02 -1.21869538e-02 -6.15855213e-03
 -1.48819163e-01  8.30055401e-02 -1.01941854e-01 -6.36071861e-02
 -5.72032295e-02 -1.30174801e-01  9.69766900e-02 -3.84774990e-02
  7.42516071e-02  1.04034860e-02 -1.59640983e-02  8.26808996e-03
  1.56726629e-01  8.14856738e-02 -2.24577472e-01 -2.64103524e-02
 -2.93473780e-01  8.78228769e-02  3.67447101e-02  1.06795505e-01
  7.91468918e-02 -3.40499133e-02  2.20755294e-01  1.81375965e-02
  2.10879855e-02  7.04497546e-02  2.20764324e-01 -1.96469218e-01
 -2.36970256e-03  2.28475872e-02 -7.24595189e-02  6.69257268e-02
 -6.20791279e-02  3.71285342e-02 -8.05057026e-03 -1.05398275e-01
  1.02647588e-01 -8.70126784e-02  2.02791110e-01  8.97818580e-02
  2.18880624e-02  2.99887004e-04 -4.82306667e-02 -2.96191666e-02
  1.37392178e-01  7.10382834e-02 -3.69904675e-02 -6.35762215e-02
  9.38928202e-02 -1.52821690e-01  3.43142301e-02 -1.54898897e-01
  1.71912745e-01  5.27019463e-02 -1.20249026e-01  1.19914785e-01
  5.01466822e-03  1.80457249e-01 -5.93790486e-02 -1.20654181e-01
 -5.17084263e-02 -1.03885092e-01 -1.06544964e-01  6.29596412e-02
 -7.20784664e-02 -6.25840202e-02 -9.72900763e-02  4.27081287e-02
 -1.27273455e-01  1.62321687e-01 -1.25506043e-01  2.17282340e-01
  4.25896309e-02 -6.58810977e-03  2.40663081e-01 -9.12329257e-02
 -1.25430852e-01  1.91137958e-02  1.30831134e-02 -4.49293070e-02
  2.11572275e-02 -5.63967526e-02 -7.60614574e-02  1.15367897e-01
  1.03519700e-01  8.20299387e-02 -2.70909742e-02 -6.51951134e-02
 -2.22666770e-01  4.75646928e-02  1.53647855e-01 -6.11474887e-02
 -4.42218967e-02  3.45919989e-02  2.27619540e-02 -1.53247640e-01
  7.00403079e-02  2.29644790e-01 -5.98084107e-02 -1.44112691e-01
  5.17147034e-02  1.27577605e-02 -2.56948024e-02  6.75385669e-02
  6.96833953e-02  3.48674133e-02 -1.02585301e-01 -1.50795106e-03
  2.35401858e-02  3.94323133e-02 -5.47931530e-04 -7.78634846e-02
  1.90286594e-03  5.91890514e-02  3.11187375e-02  2.17128005e-02
 -3.57673876e-02  1.59449968e-02  6.31696656e-02 -1.86592434e-02
 -4.73814011e-02  3.32928286e-03 -5.99377491e-02 -1.98007971e-02
  1.05468228e-01 -2.63120364e-02  1.85924456e-01 -2.49606103e-01
 -1.34807706e-01  4.54295725e-02 -1.51701048e-01 -3.90352570e-02
 -1.79007158e-01 -1.45601764e-01 -9.37576592e-02  5.76688014e-02
  1.02953233e-01 -8.77260119e-02 -1.87939554e-01  6.80393726e-02
 -6.40124306e-02 -9.62846503e-02  8.05007108e-03 -2.13066721e-03
  1.68383673e-01  6.15633372e-03  5.60467355e-02  2.40594000e-01
  1.20352410e-01 -1.49089962e-01  8.07583705e-02  1.67169333e-01
  7.91611448e-02 -3.83013971e-02 -6.95893029e-03  2.56636560e-01
  2.02552348e-01 -1.20137818e-02 -9.58212540e-02  4.09044147e-01
 -2.68808126e-01 -3.23410630e-02 -2.85890579e-01 -6.29242659e-02
 -1.92611897e-03  1.31891206e-01  9.68521759e-02  1.30681247e-01
  5.02267554e-02 -3.18001956e-02  1.91116929e-01  1.36983041e-02
  1.52974144e-01  6.58855028e-03  8.04629549e-02  1.12856850e-01
  3.10423374e-02  7.02666342e-02  5.96690364e-02 -5.26569150e-02
 -6.38655722e-02  1.22758515e-01 -1.04109682e-01 -4.46828231e-02
 -4.57670540e-02  1.05106369e-01  1.92943394e-01 -2.24030614e-02
  5.57096191e-02  1.80451885e-01  1.75776314e-02 -6.71721250e-02
 -2.13958789e-02 -1.88756064e-01 -1.06137246e-02  8.85384455e-02
 -5.50915897e-02 -6.52084947e-02 -1.07602768e-01  1.59525529e-01
 -1.48564026e-01 -1.96548507e-01  1.87757984e-02 -7.85825327e-02
  2.90041063e-02  1.54781029e-01 -6.64037988e-02 -2.01701764e-02
  4.57989424e-02  3.67913432e-02  1.28973201e-01 -1.19827001e-03
  2.82908734e-02 -6.56987447e-03  5.37955537e-02 -4.02792580e-02]