http://erau.edu/ontology/meme.owl#DemExitMeme
[-0.10638809 -0.17932896 -0.0152418   0.1011059  -0.05248089  0.10746252
  0.13584085  0.0589328   0.01856091 -0.09660178  0.14620143 -0.15324424
  0.03311927 -0.01652898  0.02785427  0.10125218  0.02080064  0.07441991
  0.0917769   0.1596202  -0.07341477  0.06131906  0.07840953 -0.10465718
  0.03640776 -0.03555078  0.03932489 -0.13474093  0.19001307  0.1682118
  0.0626422   0.16225101 -0.07404307 -0.02706008 -0.01034464  0.18034907
 -0.08819707  0.02777378 -0.00711564 -0.160604    0.00958869  0.11737502
 -0.04351466  0.02166743  0.18179007  0.02396733  0.04804134 -0.0075993
  0.00243525  0.02752266  0.04495001  0.01304085 -0.09181984 -0.16365637
  0.04636213  0.08600457  0.05580583  0.00303743 -0.03959111  0.07929748
 -0.0565378   0.01422545  0.08735218 -0.03687378 -0.12450161 -0.04475482
 -0.07331753  0.03015349 -0.07654005 -0.22369038 -0.24115252  0.04809593
 -0.00712387  0.02725474  0.03988171  0.06739213 -0.05654708  0.04950863
  0.17980446  0.00184017 -0.06074909  0.04215393  0.03706395 -0.16056177
  0.00325601 -0.08291969 -0.17716151  0.17106111  0.1335111   0.00934181
 -0.02643546 -0.20872156  0.09227429 -0.12744503 -0.12130755  0.08075729
  0.00216803  0.07220365 -0.0900203   0.00360152  0.16232271 -0.01089637
  0.43740866 -0.04409794  0.11364551 -0.05719388  0.01794595  0.03710671
 -0.06523367 -0.2349715   0.08622606  0.03818844 -0.14948596 -0.14231636
  0.13315457  0.18432567 -0.2552774   0.01956241  0.06293979  0.0114697
 -0.07234392 -0.10357741  0.04355313  0.1560446   0.0649629  -0.03767803
 -0.032575   -0.03654668 -0.10831778  0.00426948 -0.307189    0.0235211
 -0.03973558 -0.03022725 -0.11906594  0.08843798 -0.0515582  -0.11981463
 -0.05287834  0.08488128 -0.2940606  -0.01995151  0.11518141 -0.03063786
  0.11042091 -0.22953698  0.05367942 -0.14198829  0.00247436  0.15886259
 -0.0377189  -0.18905309  0.01990314  0.22059855  0.00230471  0.10597838
 -0.14119262  0.25637043  0.09058917 -0.00361018  0.01669389 -0.2314834
  0.00736667 -0.00558469 -0.13476601 -0.20718408 -0.0866738   0.13933899
 -0.42073902  0.13698645  0.01023627  0.17371233  0.14764397  0.10967434
 -0.08669946  0.04929918 -0.03585229 -0.16655494  0.11795979 -0.06516683
  0.00724341  0.11702995  0.00329484  0.1378116   0.05543284 -0.00850601
  0.07189166  0.08550214  0.24542356 -0.1343871   0.06078058 -0.06124667
 -0.19749846  0.0322859  -0.03263018 -0.05620987 -0.00267973  0.22334978
 -0.10951135 -0.10941359  0.02944804 -0.05590708  0.08019693 -0.10356638
 -0.070931   -0.25580576 -0.03309821 -0.04466689 -0.00530685  0.08557808
  0.30466196  0.20440586  0.00630988  0.00061744  0.0951996   0.1376353
 -0.14075162 -0.05542937  0.04818017  0.01976593  0.15348358  0.05838979
 -0.1080438  -0.02165282 -0.04311239  0.08862676 -0.15759055 -0.07324325
 -0.14200604  0.08562527 -0.03179398  0.03941006 -0.09615901  0.025954
  0.06767938 -0.0415875  -0.04282127 -0.0457675   0.12442052 -0.13554335
 -0.02062522 -0.06339435  0.06394047  0.01908287 -0.2521878  -0.04382132
 -0.1795405   0.02374623 -0.12044241 -0.07094187  0.012508   -0.03181537
  0.21624264  0.13080499  0.23037691 -0.19079453 -0.18480478 -0.0547039
  0.04125527  0.11757207 -0.03493431 -0.09801913 -0.06406362 -0.20718233
  0.10456305 -0.30535457 -0.04648337 -0.01062161  0.0274732  -0.04101859
 -0.06063092 -0.06385614 -0.17211139  0.06968358  0.08370379 -0.05738078
  0.14487377 -0.03136097 -0.04024776  0.02314398  0.06894487 -0.03069481
 -0.0200103  -0.03711472 -0.18464775 -0.0539792  -0.07450411  0.02184951
 -0.10174482 -0.17572218  0.0583736   0.03581392 -0.02015139  0.06027087
  0.09937026 -0.03828279  0.08091968  0.07165997 -0.1167798  -0.05062025
 -0.17237839  0.08354969  0.02931295  0.13125879 -0.01394324 -0.1349704
  0.22903237 -0.04100999 -0.069401    0.09181058  0.1603483  -0.13191365
 -0.03219866 -0.01444212 -0.06671467  0.02210404  0.03055543 -0.00464417
 -0.15938948  0.0160194   0.08464666 -0.09649689  0.09585939  0.06096824
  0.0135713  -0.07521185 -0.0613744  -0.07091077  0.12995248 -0.06273677
 -0.02669673  0.02621176  0.05051726 -0.12735999 -0.02187886 -0.23256491
  0.13318394  0.10796431 -0.12444417 -0.02623877  0.05783545  0.12174388
 -0.04883527 -0.01972797 -0.11965165 -0.04069185 -0.09125634  0.17380992
 -0.02688823 -0.16142492 -0.01898179  0.10442255 -0.0643758   0.23482832
 -0.0886759   0.20611486  0.07183327 -0.04967995  0.10843635 -0.06176626
 -0.1936051   0.12586258  0.07968506  0.01329119  0.11989909 -0.07642454
  0.02097691  0.1050942   0.03585993  0.10446083 -0.00806555  0.04538409
 -0.21288593 -0.01088485  0.16895647  0.01014593 -0.03530581 -0.03255336
 -0.00206901 -0.17957667  0.10821994  0.11798232  0.01198848 -0.16788173
  0.18233688 -0.06836397 -0.15220729  0.06797063 -0.09174439 -0.09790753
 -0.05784181  0.0561067   0.04260033  0.18328793  0.01061562 -0.13176215
  0.03885751  0.12125776  0.09968117 -0.02692826 -0.08769508 -0.04215985
  0.1623991  -0.20508526 -0.06788132  0.03285298  0.02945817  0.2837291
  0.11674816  0.07826702  0.0860142  -0.22717097 -0.15750585  0.01705013
 -0.17634696 -0.02283614 -0.15572101 -0.1118368  -0.06120613  0.20648059
  0.07946097 -0.05965806 -0.16574252  0.06157724 -0.04581413 -0.12925051
 -0.00512238  0.0979923   0.09615976 -0.10844053  0.03358318  0.30323383
  0.02902748 -0.17097974  0.07499409  0.2261294   0.02247538 -0.09958138
  0.00867714  0.26121014  0.1351148   0.01550919 -0.10738373  0.31709644
 -0.30232114 -0.21764138 -0.2601417  -0.05759723 -0.14477532  0.06996974
  0.1259715   0.23022139  0.08236036 -0.02378688  0.19713001  0.016463
  0.08343646  0.16830912  0.05193497 -0.02763437  0.14094938 -0.01754801
  0.10202907 -0.16392809 -0.02041776  0.07304183 -0.03641471 -0.10323983
 -0.0756477   0.06646322  0.23997541 -0.08123149  0.09288281  0.16901292
  0.11913172 -0.09536351  0.11560798 -0.1732876  -0.02921718  0.17179273
 -0.13809687 -0.06116613 -0.15931289  0.32066253 -0.13742784 -0.22896673
  0.13071682 -0.0108157   0.09621124  0.12082206 -0.0855054   0.00680922
  0.00735582  0.07851889  0.12645747 -0.00367063 -0.09971217 -0.095124
  0.14069615  0.1039944 ]