http://erau.edu/ontology/meme.owl#ColumbianChemicalsPlantExplosionHoaxMeme
[ 0.14860237 -0.13649397 -0.11214172 -0.05211963 -0.00938803  0.15207021
  0.08923291  0.0866767   0.23039524 -0.18895948  0.09367193 -0.08388315
  0.24168769  0.16439702  0.09390911 -0.12624025 -0.11219556  0.03923366
  0.00540575  0.05018551 -0.08133131  0.16020502 -0.06814224 -0.00183849
  0.2171905  -0.05416675 -0.09386168  0.31240052  0.18516283  0.27100375
  0.27969322  0.40821764  0.11218551  0.02568252  0.16686168  0.29352513
  0.04112095  0.07722367 -0.08584154 -0.06974277 -0.23431522  0.06316856
 -0.45540413  0.15721789  0.16409805 -0.1141386   0.03338647 -0.26338825
 -0.16304615 -0.12153974  0.10419913  0.04030367 -0.16799904 -0.33598492
 -0.34969696  0.02137052  0.1667765   0.04077142  0.08866665 -0.13290425
 -0.19661644  0.16597638 -0.1969562   0.03270366  0.1303465   0.15498029
  0.029552    0.09747865 -0.2936511   0.02980798 -0.3035391   0.14133519
  0.0134686   0.19803256 -0.0238314   0.14949262 -0.2530055   0.02319554
 -0.08219723 -0.11177181 -0.2876923  -0.07905029 -0.1680755  -0.25568986
  0.02130286 -0.06904344 -0.29427868  0.06872432 -0.11547583 -0.14820305
  0.1455391  -0.08361959  0.02466049  0.09193199  0.0145987   0.08294401
 -0.01438088 -0.18543398 -0.18913937  0.00904262  0.16154361  0.10553057
  0.5173457  -0.14295818 -0.1930504   0.0457072  -0.06248358  0.14445838
  0.0321319  -0.28392258  0.15112552 -0.05649927  0.11730979 -0.18869503
  0.09094343  0.1886702  -0.11512324  0.02525544  0.00202537  0.33984157
 -0.05040827 -0.04789804 -0.10805156  0.15674119  0.5258294   0.00398884
  0.18988563  0.06692247  0.16357787 -0.06884233 -0.4430745  -0.11779669
  0.268072   -0.10428645 -0.10294043  0.16196783 -0.21438466 -0.0349975
 -0.02822794  0.44558376 -0.32705027 -0.03217883  0.1085704   0.10282033
  0.12505057 -0.22773644  0.07829285 -0.22044307 -0.12389135  0.26730832
 -0.0684584   0.1316665   0.12338232  0.24733016 -0.20999068  0.21664494
  0.05703817  0.40316117 -0.01233278 -0.25869992 -0.14306593  0.03085576
 -0.05345582 -0.18337688 -0.30014092 -0.19803172  0.31895527  0.1720236
 -0.61110127  0.1589965  -0.03876088  0.05837577 -0.03304198  0.3171846
 -0.3553174  -0.05464719 -0.03383674 -0.22671753  0.09229723  0.20885965
 -0.19895671  0.10538829 -0.15887551  0.19982867 -0.04359988  0.01694905
  0.00540506 -0.03634209  0.2923709   0.10225822  0.1878822  -0.04851498
 -0.1751427  -0.07586668  0.04494304  0.22435893 -0.28003216  0.19703385
  0.05315085 -0.16951698  0.13173857  0.20823844 -0.10221718 -0.02479355
 -0.05766936 -0.38213447 -0.21905224  0.05894242  0.0524      0.06340371
  0.33326405  0.10582975  0.10961326  0.06433547 -0.23995766  0.04500413
 -0.21436958  0.16047232 -0.04706787  0.11994111  0.05762513  0.11902563
  0.07764547  0.28586406  0.07679415  0.1508996   0.1148132  -0.02934203
 -0.22318968  0.36907595  0.17851286  0.33910343  0.19214603  0.05693347
 -0.07784975  0.1724998   0.05953965 -0.21505256  0.23840857 -0.04561342
 -0.35765076 -0.13652368 -0.1434337  -0.1685964  -0.14707135 -0.1560732
 -0.37848932  0.08968212  0.00309877 -0.12374376 -0.03258484 -0.11450259
 -0.05538062 -0.0259826   0.2561117   0.07133953 -0.2859668   0.04424618
 -0.10593424  0.07421968 -0.25072128 -0.09608918 -0.04603717 -0.16775116
  0.01119322 -0.41996706 -0.01838825 -0.0065153   0.15424234 -0.03065173
 -0.20103994  0.19926618  0.09411406  0.15188366  0.02493986 -0.13924374
 -0.07781932  0.0602533  -0.06425253  0.01841211  0.16217092  0.30474144
 -0.05133613 -0.04000632 -0.23519932  0.05221118 -0.08012679  0.03446957
  0.11928771 -0.15355627 -0.15879516 -0.22322094 -0.00503749  0.21874385
  0.11541144 -0.16539858  0.08820105  0.10518992 -0.01236678 -0.03016705
 -0.1997588   0.17860189  0.3226578  -0.06148073 -0.02007117  0.04318183
  0.28548273  0.08437129  0.09576693 -0.26743802  0.16272107  0.07686733
 -0.19483954  0.11899805 -0.20407759  0.13386714 -0.02377979 -0.17117552
 -0.06491838 -0.086667    0.13799079  0.00463982  0.2668247   0.14096375
  0.10660099  0.01452751 -0.08568703 -0.00878654  0.10793225  0.22202104
 -0.17983118 -0.35349345  0.13563041 -0.44008988  0.1446918  -0.34649116
  0.28868565 -0.10953896  0.22993189 -0.11778433 -0.17988396  0.08007769
 -0.1805815  -0.35961258 -0.31468287 -0.00172589 -0.07938515 -0.16194128
  0.15381972 -0.15757266 -0.20840405  0.05381437 -0.35461664  0.33457878
 -0.06121451  0.17131098  0.03933539  0.03446636  0.25764367 -0.35023502
 -0.1601413   0.20894377 -0.13402484  0.14931087  0.17476803  0.08124471
 -0.19751891  0.3532498   0.27587703  0.08829845  0.10988025 -0.3136731
 -0.4016014   0.50496304  0.18156242  0.01536241 -0.04279316  0.13003251
 -0.16745095 -0.14575793 -0.00625046  0.17082357 -0.23692974 -0.24124202
  0.04024676  0.0217062   0.03281401 -0.11791122 -0.17677489 -0.0921491
  0.116209   -0.11202265 -0.15543428  0.20412153  0.13670725  0.14212792
 -0.00911717  0.14247566  0.07385971 -0.0890957  -0.35009354 -0.07690177
 -0.13193598 -0.1750053  -0.05340147  0.22803846 -0.04762904  0.25409532
 -0.05375355  0.03789669  0.4699818  -0.19384687 -0.29546893  0.1506706
 -0.18561484  0.05173975 -0.42286524 -0.14273784 -0.10478054  0.16092183
  0.26198804 -0.07398676 -0.3836481   0.01032764  0.06573873 -0.53339684
 -0.04750093  0.40266788  0.12431107  0.05140586  0.2975411   0.23320164
  0.20137897 -0.46225643  0.3217156   0.5222376   0.19315454 -0.09711573
  0.08453245  0.38264     0.06003101 -0.03997162 -0.27137265  0.49321055
 -0.13980328 -0.14503896 -0.25557473 -0.16152768 -0.2838228   0.0516063
  0.07546022  0.20953372  0.03825717  0.04555178  0.21439129 -0.24510026
  0.38726622  0.35025638 -0.15854591 -0.4001521   0.12237871  0.1676955
  0.2452565  -0.09915096 -0.00988492 -0.02337955  0.07580378 -0.23985422
  0.0296135   0.08682287  0.30547354  0.13182525  0.46948484  0.386903
  0.15174384 -0.28667283  0.27551606 -0.28052405 -0.1061921   0.29039225
 -0.04450638  0.02511451 -0.06516717  0.16310479 -0.116524   -0.28759545
 -0.3048717  -0.12141619  0.36149058  0.12277342 -0.25629836  0.02351994
 -0.18211332 -0.2765369   0.22780082 -0.1325028  -0.20963477 -0.47485673
 -0.09952041 -0.12934975]