http://erau.edu/ontology/meme.owl#VinylScratchsBassCannonMeme
[-1.49942771e-01 -1.08637907e-01 -2.44220011e-02 -1.54850194e-02
  6.65819868e-02  9.29182097e-02  2.14623526e-01 -4.62594908e-03
 -1.55855477e-01 -2.45298296e-01  1.52346399e-02 -8.27823877e-02
  5.33422008e-02 -1.33360460e-01 -7.22560510e-02  3.48624960e-02
  1.30339548e-01  6.84767291e-02  1.37300879e-01  1.00755855e-01
 -2.86769062e-01  1.27748087e-01  8.19544941e-02 -1.72130167e-01
  2.11904570e-01 -1.72001049e-01 -1.13912346e-02 -1.94666773e-01
  4.73290652e-01  1.62557796e-01  1.10109873e-01  1.24365285e-01
  1.70416776e-02 -2.37271652e-01 -1.95365418e-02  2.63933510e-01
  5.28946519e-02  8.26640502e-02 -9.13268849e-02 -1.35516509e-01
 -3.74091789e-02  2.50017196e-01 -6.78125396e-02  1.28182536e-02
  2.18722999e-01 -6.38705865e-02  8.30830783e-02 -8.29369947e-03
  1.42965212e-01  8.92388821e-02  1.19742237e-01  1.53449848e-01
 -6.28297925e-02 -1.01356678e-01 -9.87771302e-02 -3.70804258e-02
  1.85901716e-01 -1.98259011e-01  4.65214886e-02  8.25485140e-02
  5.36937565e-02 -1.40187263e-01  9.96426046e-02 -3.86269949e-02
 -9.84689146e-02  6.68967739e-02  1.25536934e-01 -3.59489173e-02
 -1.24445640e-01 -4.99232151e-02 -5.03659025e-02  5.43256029e-02
  8.16784203e-02 -6.41240999e-02 -5.02868295e-02  6.16743639e-02
  9.58581790e-02  1.66753724e-01  4.85636890e-02  4.64005545e-02
 -1.30122919e-02 -1.46623090e-01  6.58766031e-02 -8.00993890e-02
  7.61879906e-02 -1.72884390e-01 -5.37754185e-02  1.21891223e-01
  1.73865899e-01  1.12998039e-02  1.41469697e-02 -7.47050159e-03
  3.64061147e-02 -9.35864523e-02 -7.14268833e-02  4.18386310e-02
 -2.27913377e-03 -9.22087058e-02  5.45578785e-02 -8.92501101e-02
  1.11813724e-01  1.67210530e-02  2.97484063e-02  5.04741557e-02
  1.26887457e-02 -9.76477470e-03 -4.33928929e-02  6.97234739e-03
  5.98862097e-02  2.65434831e-02  9.18660313e-03 -1.66965917e-01
 -9.11185890e-02 -7.40648359e-02  1.24168709e-01  8.95303562e-02
 -1.40914470e-02 -6.38590381e-02  4.77918237e-02  5.99609362e-03
  2.08972946e-01 -4.32393923e-02 -1.00031823e-01  9.93919969e-02
 -1.93828661e-02 -1.82861149e-01  1.11218251e-01  3.15345116e-02
 -2.58778557e-02  8.27728584e-02 -1.57171831e-01  3.82013619e-02
 -4.44235317e-02 -2.68970430e-01 -1.34530783e-01 -1.60244608e-03
 -7.07328171e-02 -6.40391000e-03 -3.12340036e-02  1.36535928e-01
 -2.26003200e-01 -1.75440177e-01  1.62751079e-02 -5.18935472e-02
  6.81504831e-02 -2.02299505e-01  1.68281481e-01  1.25005811e-01
 -3.40360440e-02  1.32316023e-01 -8.24011266e-02 -1.27685189e-01
 -5.54271415e-02  1.76944770e-02 -8.39474127e-02  6.59952089e-02
 -1.38424132e-02  7.14950189e-02  5.44054732e-02  5.12434691e-02
 -3.57788689e-02 -4.36423495e-02  1.37641132e-01 -6.42955080e-02
 -9.06651914e-02 -3.33519019e-02 -4.25407477e-02  5.77201694e-02
 -2.09933724e-02  2.23037060e-02 -9.51009840e-02  1.35487124e-01
  1.74297377e-01  2.70790439e-02  4.76737730e-02  2.41425596e-02
 -1.07349135e-01 -1.04925692e-01  2.37338468e-02 -6.72748983e-02
  3.78958099e-02  2.20287562e-04  3.76860835e-02  1.23834707e-01
 -9.38739181e-02 -7.20133707e-02  1.45974997e-02 -2.74623651e-02
  1.52673557e-01 -1.02446176e-01 -4.05029505e-02  1.81597136e-02
 -1.66551441e-01 -7.26809204e-02  1.07482530e-01 -4.82464172e-02
  9.99506190e-02  4.47055697e-02 -1.08412988e-01 -1.88911911e-02
  7.98127726e-02 -5.72745176e-03  3.52095813e-02  9.79485363e-02
 -1.25803337e-01 -2.23524839e-01  6.95290267e-02 -1.50294438e-01
  9.60955843e-02  9.36423391e-02  1.77976429e-01  8.75634924e-02
 -5.13514131e-02 -1.57884091e-01  2.07865030e-01  5.16724102e-02
 -3.52607220e-02 -1.03937306e-01  6.51178509e-02  1.60522968e-01
  1.82859063e-01  2.21370980e-02 -1.52513579e-01  5.28256334e-02
  1.18698984e-01  1.24634624e-01 -1.31881997e-01 -3.30779590e-02
 -3.51115987e-02 -3.71503830e-02 -2.83614323e-02 -1.16272837e-01
 -2.26913020e-01 -9.52139720e-02  1.30800813e-01  7.18373880e-02
 -7.57729486e-02 -9.98409241e-02  1.61894057e-02 -1.39288947e-01
  1.07451547e-02  2.91863233e-02  9.48501229e-02 -2.41224486e-02
 -1.27050743e-01  9.00190920e-02 -7.64976162e-03  2.41621360e-02
  2.01229677e-02  5.75534254e-02  9.15617347e-02  5.72945084e-03
  1.00551233e-01  6.68029711e-02  1.28546447e-01  3.56119126e-02
 -1.34660825e-01  5.04128225e-02  2.10501608e-02  1.15383826e-01
  2.42966600e-02 -1.35436758e-01  4.20838483e-02 -8.74119401e-02
  2.51185801e-02 -1.10373184e-01  6.11213632e-02 -2.93735508e-03
 -1.26805669e-02 -1.34277016e-01 -1.40953988e-01 -1.90181434e-02
  5.56818172e-02 -6.65474945e-05  1.36357427e-01  9.61415842e-03
  4.15555015e-02  5.05240336e-02  7.45310774e-03 -4.40667532e-02
  1.13843478e-01  7.58216977e-02  1.41454801e-01 -9.68025997e-02
 -7.02702254e-02 -1.98585376e-01 -8.66322964e-02  5.43236397e-02
  4.59055789e-02 -1.49286166e-01 -2.31118072e-02 -6.34585619e-02
 -6.42464729e-03 -3.43130864e-02  5.55929281e-02  6.22573011e-02
  2.36185193e-02 -5.19953296e-02 -1.11313015e-02 -7.80318528e-02
 -2.11454377e-01 -5.77793121e-02  1.85726620e-02  2.25476742e-01
 -1.83954671e-01  8.93232301e-02  2.58684188e-01 -5.23557514e-02
 -9.07362401e-02  3.08760051e-02  1.45879760e-01 -2.00945929e-01
  5.84070245e-03  8.90855789e-02 -7.22121522e-02  4.46632989e-02
 -5.42187802e-02  5.49124926e-02 -1.27237877e-02 -1.02237582e-01
  2.72070140e-01 -4.51527908e-02  1.65792499e-02  2.39942223e-01
 -8.66784602e-02  1.50997918e-02 -1.57600418e-01  9.35509652e-02
  8.12761784e-02  1.48795927e-02 -4.30562496e-02 -1.14658922e-01
  1.21622935e-01 -1.35112613e-01 -8.74863416e-02 -2.48376399e-01
  6.60663843e-02  1.43109202e-01 -5.39450832e-02  9.97032896e-02
  2.15703156e-02  6.43798336e-02  3.64433043e-02 -7.45757446e-02
 -1.66642919e-01  3.46300378e-02 -1.66275695e-01  3.96667458e-02
 -5.29799722e-02 -9.28627104e-02  3.97074930e-02  7.99468085e-02
 -1.17947511e-01  1.96128756e-01 -2.67282069e-01  9.82511416e-02
  1.23315334e-01 -7.15947449e-02  1.06029451e-01 -8.57490152e-02
 -1.98585600e-01  1.01947658e-01  7.75114894e-02 -1.38590157e-01
  1.72479041e-02  8.73637199e-03 -2.96465680e-02 -1.11832544e-02
  5.14619872e-02 -4.19112854e-02  1.66522879e-02  2.24914066e-02
 -1.69309601e-01  5.35762906e-02  7.38534480e-02 -1.06078535e-02
 -2.51695067e-02 -1.04754129e-02  7.41874203e-02 -6.34874254e-02
 -2.31367741e-02  1.06820509e-01  5.80286905e-02 -1.08110838e-01
  8.27797279e-02 -1.22047760e-01 -1.91919118e-01  3.46696079e-01
 -4.73871268e-02 -2.12787792e-01  6.76380098e-02  1.84796512e-01
  3.06248479e-02  3.77369940e-01  2.91684177e-02 -3.56538296e-01
  7.10759237e-02  1.15565956e-01  5.27883828e-01 -8.86474997e-02
 -4.71594259e-02 -1.25459224e-01  1.31564036e-01 -3.41393590e-01
 -3.90990883e-01  5.97508289e-02 -7.25362748e-02  3.79183829e-01
  1.15572825e-01  1.13986820e-01 -2.13111453e-02 -1.35584489e-01
 -1.99551240e-01 -5.82401827e-02  1.20348306e-02  1.03483960e-01
 -1.58916190e-02 -1.25333995e-01 -1.18085012e-01  1.36157006e-01
  1.98839009e-01 -8.88291001e-03 -5.17605320e-02 -1.51321217e-02
 -6.71874918e-03 -8.39461088e-02 -1.25352070e-01  1.72023937e-01
  1.77786767e-01 -2.15521023e-01  3.51179428e-02  2.66847849e-01
  1.01872021e-02 -6.17653057e-02  2.84225047e-01  3.69712383e-01
  1.44299254e-01 -1.18645228e-01  6.26249984e-02  6.81575760e-02
  1.88475862e-01  9.43466872e-02 -1.35938585e-01  2.45499551e-01
 -2.36835837e-01 -8.64310861e-02 -3.18470389e-01  7.09513319e-04
 -1.57602623e-01 -3.11121661e-02  1.86138853e-01  1.53650045e-01
  2.21136034e-01 -1.38625562e-01  1.33264482e-01  1.25240490e-01
  6.38263375e-02  3.81767079e-02  5.83347194e-02 -4.01810296e-02
  1.52940482e-01  1.82492182e-01  1.42768279e-01 -1.03103839e-01
  6.81224689e-02 -2.11923681e-02  1.59632310e-01 -2.02644050e-01
 -6.41887560e-02 -2.53262967e-02  7.41367713e-02 -2.47353525e-03
  1.81886360e-01  2.96228081e-01  1.32294238e-01 -2.38977164e-01
  6.44137338e-02 -1.08101174e-01 -3.39803696e-02  1.55460611e-01
 -1.08658627e-01 -6.31373003e-02 -5.84312156e-02  1.80322841e-01
 -1.82892457e-02 -1.71275526e-01 -4.33820905e-03 -2.97053773e-02
  1.32911265e-01 -2.90249847e-02 -2.10535601e-02  3.31085734e-02
 -2.66321879e-02  6.63997084e-02  1.16200186e-01  1.09748974e-01
 -2.79651843e-02 -7.53344372e-02  9.20185670e-02  7.36411735e-02]