http://erau.edu/ontology/meme.owl#TubcatMeme
[-0.06563867 -0.13165809  0.11228741 -0.04684245 -0.00623569  0.01870854
  0.09187991  0.01906161  0.03981827 -0.06193595  0.07927179 -0.0483296
  0.12682779  0.00131004 -0.0983713  -0.07515775  0.01688082  0.09296097
  0.05712889 -0.02739588 -0.10846817  0.10066216  0.04476566 -0.0148056
  0.09184636  0.1011949   0.07267587 -0.03324554  0.14931984  0.1237893
 -0.02161838  0.04762656  0.05428666 -0.04096983 -0.00234676  0.09809558
 -0.04881438  0.02065591 -0.06041543 -0.10318315 -0.01389965  0.17437239
 -0.1214858  -0.00295524  0.12317261  0.00709369  0.09844803 -0.12195636
  0.01643994 -0.05131502  0.03980173 -0.02807554 -0.03506754 -0.13049611
 -0.07449526 -0.10137661  0.09449478 -0.11908935  0.18854074  0.10327701
 -0.11708716 -0.04727026  0.17682849  0.12158059 -0.15244967 -0.13169837
  0.01893294 -0.085605   -0.07066993 -0.13097131 -0.0276924   0.00693316
  0.08698244  0.06721226  0.06492573  0.04287448 -0.20203929 -0.07422416
  0.19802618  0.06930167 -0.10469311 -0.09764949 -0.12200635 -0.20000896
  0.08118673 -0.03571916 -0.02951533  0.10063438  0.03873206  0.04804534
 -0.06384725 -0.2569239   0.18381515 -0.01612611 -0.13888612  0.11287402
  0.04018747  0.00713074 -0.02617141 -0.07406099  0.12049035  0.08825772
  0.27396834 -0.05520905 -0.00492427  0.05329878  0.20104715 -0.03885495
 -0.10736418 -0.09181565 -0.07433427  0.07023353 -0.13970566 -0.04625083
  0.10084653  0.03510476 -0.28127664 -0.2070341   0.04329636  0.07914542
  0.01972249 -0.0734299  -0.02390752  0.06547255  0.09603173 -0.04831363
 -0.06304286 -0.06439421  0.09811381 -0.03824711 -0.26259202 -0.032774
 -0.03076564 -0.03229395 -0.05070648  0.10052218 -0.0681377   0.00144618
 -0.13219589  0.03107267 -0.24930461  0.02913194  0.07175607  0.07954533
  0.19314018 -0.11560791  0.02830353 -0.10723115 -0.11870965  0.04616041
  0.08641069 -0.09449092 -0.04838883 -0.09646253 -0.02389088  0.06686859
 -0.14206909  0.15040916  0.14034328 -0.11148676  0.15272842 -0.06194045
 -0.05237519  0.04317816 -0.2350776  -0.15150593  0.0156335   0.24061342
 -0.24624094  0.17523727  0.0585358   0.14498562  0.22996761  0.15827434
 -0.02911852 -0.07362055 -0.0815249   0.0508572   0.21291018  0.03770682
 -0.12626226  0.08339918  0.00503499 -0.0375789  -0.07498924  0.0301229
  0.03998508  0.06880087  0.12534665  0.01968145  0.06056136 -0.01004415
 -0.1923444  -0.03978482 -0.02340001 -0.02085543 -0.13263622  0.2529715
 -0.02031904  0.02201574 -0.05956958 -0.10194015  0.15293229 -0.09268455
 -0.09690893 -0.16901037  0.07387219 -0.14776127  0.15690121  0.05671868
  0.18565194  0.06215796 -0.03596404 -0.00487802  0.03964917 -0.05475213
 -0.04275754 -0.09079576 -0.0298156   0.14532875  0.2747139   0.19455114
 -0.09931701  0.01140044  0.01535412 -0.09673941 -0.2335017   0.04850746
 -0.0551966  -0.00310143  0.03039542  0.00740334 -0.05965083 -0.14210266
 -0.04896096  0.03082929 -0.05086537 -0.01625182  0.04017238 -0.11128241
 -0.01210155 -0.02629426  0.02001854 -0.03764628 -0.24533974 -0.06526989
 -0.1642169  -0.0815536  -0.11151091  0.11147748  0.09557448  0.0134903
  0.13859682 -0.04735047  0.2115588  -0.03596838 -0.08085214  0.01063872
 -0.07148455  0.15042825 -0.21275885 -0.14159808 -0.01666612 -0.18219098
 -0.08588414 -0.18362416  0.12052555  0.03212718  0.12361613 -0.09706674
 -0.05882345 -0.12896547 -0.05680868  0.06230297  0.03207698 -0.14404106
  0.06468499  0.00937133 -0.04195433  0.04269169  0.17200035  0.03858693
 -0.08685061 -0.09630612 -0.11855302  0.08953065 -0.1304382  -0.02096315
 -0.00508996  0.01975706  0.13910587 -0.06935921  0.0878328  -0.08900713
  0.02366752 -0.06849644  0.17362505 -0.05285006 -0.19914953 -0.17815469
 -0.14492673 -0.00591542 -0.04494159  0.03307791 -0.00183411  0.00883341
  0.21549428 -0.03692993  0.08403271  0.0236008   0.12941137 -0.1324587
 -0.04489252 -0.02986017 -0.0157646   0.00931205 -0.01961428  0.01457507
  0.04770998 -0.06619179  0.03166002 -0.06074685  0.23764712  0.06007938
 -0.02272063  0.00798099 -0.10294563 -0.01719767  0.17166248 -0.06209117
  0.0798584   0.00378878  0.05649285 -0.12495872  0.02175715 -0.21453051
  0.06495457  0.10067175 -0.02952236  0.05841304  0.00176723  0.07416053
  0.00067161  0.03172665 -0.09460808  0.01356553  0.00458914  0.13955088
  0.00878627 -0.14702068 -0.08072191  0.0634813  -0.18214764  0.1129724
 -0.11360667  0.12225218  0.08844113  0.0409057   0.27733737 -0.00411138
 -0.09180979  0.15574186 -0.04009439 -0.00144543  0.01699552 -0.14787827
 -0.08386536  0.13818668 -0.03942193  0.0628473  -0.12042343  0.01980014
 -0.30134693  0.09786162 -0.00545543 -0.05786336 -0.0702005   0.0236029
 -0.13687474 -0.06883721  0.06820337  0.2601557  -0.07836183 -0.1310364
  0.17302638 -0.09714313 -0.02462488  0.08106653 -0.02631435 -0.04650221
 -0.06553338  0.17066178 -0.00638875  0.13894166 -0.06521724 -0.25594562
  0.04981519  0.05451415  0.13342454 -0.13940455 -0.06573907 -0.00843773
 -0.03982623 -0.03086615  0.04644514 -0.00863626 -0.00628195  0.12203263
  0.12773004 -0.03271012  0.26526433 -0.22146688 -0.17954683 -0.10823671
 -0.04827222  0.11386163 -0.19223864 -0.02502427  0.00232991  0.10168625
  0.05431383 -0.06124613 -0.25963423  0.03970908  0.02621368 -0.19360086
 -0.07091039  0.03607698  0.10930696 -0.07970025  0.15151457  0.24838012
  0.17440206 -0.09542463  0.2704672   0.2467416   0.01651902 -0.04301917
 -0.05151522  0.11510333  0.05578938  0.08728047 -0.03710698  0.36713746
 -0.22912467 -0.01090368 -0.21722484 -0.23132525  0.00303157  0.19535884
  0.035891    0.09942171  0.10260672 -0.02158243  0.23482798  0.03601972
  0.07093453 -0.08574814  0.10036903 -0.06136136  0.19766392  0.15373178
  0.06814179 -0.06811176 -0.05382642  0.16964316 -0.11643268 -0.10070706
  0.01330422  0.00487234  0.08907793 -0.00275052  0.15344138  0.0383215
  0.01153685 -0.16142243  0.02168546 -0.21052063 -0.0535059   0.05823485
 -0.02283176  0.06531832 -0.12251785  0.29555959 -0.2111211  -0.2509823
 -0.03262224 -0.0498889   0.10864198  0.10715257 -0.0678014   0.03086778
  0.01536416  0.11960381  0.05315822 -0.00036724  0.00055167 -0.0846018
  0.15171432  0.12522285]