http://erau.edu/ontology/meme.owl#FriendshipArsenalMeme
[ 1.10402390e-01 -4.97418195e-02  1.58424620e-02 -5.22703212e-03
 -5.02346791e-02  1.96933076e-01  7.83687755e-02  5.27059324e-02
  4.08409089e-02  6.76919743e-02  1.55417994e-01 -1.08567365e-01
 -1.71628490e-01 -8.56898725e-02 -1.18296847e-01  1.18222736e-01
  1.40615821e-01  3.16574685e-02 -3.01980853e-01  6.72226325e-02
 -9.30488482e-03  8.53479877e-02  1.03930138e-01 -1.14034653e-01
  2.56343961e-01 -1.61973909e-01  1.14889726e-01  5.80456965e-02
  1.71333775e-01  3.77667993e-02  1.71239153e-01  1.02639474e-01
  9.34633538e-02 -4.05951068e-02 -8.57271999e-02  2.71749675e-01
 -1.43085077e-01  1.12530008e-01 -4.93328646e-02 -1.25826642e-01
 -3.08492389e-02  1.70527309e-01 -3.26672167e-01 -1.21591054e-01
 -3.99274901e-02  1.85697630e-01 -4.15855423e-02 -1.73522115e-01
 -1.36203095e-01  2.11375766e-02  6.66102916e-02  9.10969358e-03
 -3.02077439e-02 -9.63309929e-02 -3.62605691e-01  1.74234770e-02
  1.32524893e-01 -3.86211455e-01  1.37229010e-01  4.33894433e-02
  1.78737432e-01 -8.91203359e-02  1.35090187e-01  1.56810820e-01
 -1.97628483e-01 -2.22502947e-01  1.39730036e-01  1.32784666e-02
 -7.07824752e-02 -3.63834538e-02 -9.94621739e-02  1.47465706e-01
  1.66105181e-01  2.29477167e-01 -1.64501034e-02  2.97295213e-01
 -1.92986369e-01  1.42733425e-01  6.23863414e-02  8.17056596e-02
  2.36476236e-03 -9.71707329e-02 -9.36459526e-02 -1.56236202e-01
  2.32143596e-01 -9.43148658e-02  6.42471239e-02 -1.75350830e-01
 -3.06419823e-02 -1.01636916e-01  2.05869437e-03 -2.12105334e-01
  1.20451480e-01 -8.41833875e-02 -3.29090245e-02  5.37228920e-02
  1.73995465e-01 -9.03889090e-02 -4.28284854e-02 -1.05120562e-01
  1.68549597e-01 -4.65432554e-02  3.19920778e-01 -9.95140672e-02
  3.22793946e-02  9.99478847e-02  2.26272210e-01 -8.61203447e-02
  3.84222642e-02  6.96928874e-02 -1.02744371e-01  1.43999100e-01
 -3.50715257e-02 -2.08165437e-01 -2.95296013e-02 -2.26982147e-01
 -2.83591390e-01 -1.69571608e-01 -1.00055560e-01  1.45528745e-02
 -3.34043562e-01  5.95011711e-02 -2.13875368e-01  1.13844939e-01
  1.92301244e-01 -1.44272506e-01  1.22516388e-02  5.11144102e-02
  2.05453530e-01  5.81122003e-02 -2.86353499e-01 -1.10686980e-01
 -5.16684866e-03 -6.79395497e-02 -1.05614930e-01  1.10116102e-01
 -1.60880890e-02  3.10635939e-02 -3.17446947e-01  4.91438359e-02
 -2.53521979e-01  2.05984801e-01  1.73103139e-01  1.22896940e-01
  3.07520837e-01 -3.36155981e-01 -3.91473398e-02 -9.12766680e-02
 -2.64914371e-02  2.46631786e-01  3.67709137e-02  1.14565723e-01
 -1.09092705e-01 -7.59759406e-03 -8.19583014e-02  1.19668961e-01
 -2.37415761e-01 -1.79563854e-02 -1.46149382e-01 -1.39368951e-01
 -8.76235664e-02  4.21118028e-02  7.90562946e-03 -5.65531813e-02
 -2.40909234e-01 -2.22060848e-02  2.86537483e-02  2.26952821e-01
 -4.03554738e-01  1.10633276e-01  4.79846373e-02  1.44483402e-01
  2.17972726e-01  3.15050721e-01 -2.13045515e-02 -8.85210931e-02
 -3.96069512e-03 -4.15763585e-03  1.61408439e-01 -5.00804931e-03
 -1.56599358e-01  1.47228777e-01  1.87703550e-01  2.91691497e-02
 -1.80288166e-01 -4.42673452e-02  3.03735971e-01  1.20116837e-01
  5.84247801e-03 -5.91868423e-02  1.40044451e-01  8.16794708e-02
 -1.60632461e-01 -7.97107667e-02 -6.09963462e-02 -1.64472070e-02
  4.71866392e-02  1.76539987e-01 -1.24895707e-01 -8.39501917e-02
 -6.31699115e-02  1.82097688e-01  1.42680898e-01  1.43274972e-02
 -6.59742132e-02 -2.29251161e-01 -1.33089587e-01  4.07773070e-02
  1.82744130e-01  2.43129477e-01  1.99416533e-01 -6.85744137e-02
 -3.16350013e-02 -9.04425606e-02 -1.41134396e-01 -4.37751366e-03
 -2.25728273e-01 -2.63450686e-02  5.01360297e-01  1.25734359e-01
 -1.09165445e-01  3.09789121e-01 -6.80021644e-02  2.52873182e-01
 -6.96043149e-02 -4.31000702e-02 -9.71510783e-02 -2.00982429e-02
 -2.21616942e-02 -3.82576808e-02  2.34682322e-01  1.00219168e-01
 -4.90946546e-02 -2.99664706e-01 -6.30207136e-02  7.47178942e-02
 -2.03038916e-01 -1.77036285e-01 -1.45463616e-01 -8.07272717e-02
  1.74923185e-02 -1.46313488e-01  7.54950047e-02 -2.47162543e-02
 -2.17663378e-01 -2.39667863e-01 -3.11436921e-01 -3.20752598e-02
 -6.72592595e-02  1.67593926e-01  4.25670594e-02  1.91705719e-01
 -3.78229946e-04  5.74682392e-02  3.29565078e-01  3.54248448e-03
 -1.44459978e-01 -2.76946537e-02 -3.71837877e-02 -8.19219127e-02
 -1.54335737e-01 -6.31208569e-02  1.57116575e-03 -1.05003133e-01
 -2.68129855e-01 -2.25144476e-01  1.02334600e-02  2.32740879e-01
  2.57542104e-01 -2.07274258e-01 -1.75797686e-01 -1.08196951e-01
  3.71831330e-03  6.33707643e-02  7.67780468e-02 -8.94189067e-03
  1.74020886e-01 -8.64681080e-02 -8.12792480e-02  4.81686667e-02
  1.75134242e-01  2.08741501e-01 -3.47017758e-02 -1.97471008e-01
 -2.62890816e-01  1.09901123e-01 -1.19505785e-01 -8.28633383e-02
 -7.00023025e-02 -1.12319447e-03  4.70943525e-02 -2.88046688e-01
 -2.93978117e-02 -1.34211481e-01 -5.34261353e-02  1.31305188e-01
  1.65749624e-01  4.96561592e-03 -2.25267671e-02 -1.29331559e-01
 -2.81271845e-01  8.40714350e-02 -1.96214896e-02  5.46429045e-02
  2.51199789e-02 -1.45353422e-01 -1.60928801e-01 -8.69442001e-02
 -2.67704099e-01  1.97316453e-01  4.13912147e-01 -1.32054672e-01
 -1.37677714e-01 -7.46032083e-03 -1.85408697e-01  1.05032742e-01
 -1.29511222e-01 -3.45278382e-02  2.16243953e-01 -1.28088579e-01
  2.40090452e-02 -1.66433766e-01  2.89185703e-01  1.72487900e-01
  1.77110694e-02  1.35280550e-01 -4.94048335e-02  1.99841391e-02
  1.01183914e-01  1.26550332e-01  1.18629754e-01  1.24001801e-01
 -1.76533371e-01 -1.63840398e-01 -1.61608569e-02 -2.93577135e-01
  3.27368140e-01  7.20017552e-02  1.22884169e-01  6.30318001e-02
  6.92548789e-03  5.37618622e-02  1.13569826e-01 -9.08460841e-02
 -3.11578829e-02 -1.98123693e-01 -6.39597327e-02  1.45229409e-02
  4.47608754e-02 -6.97955266e-02  6.24184730e-03 -6.35516271e-02
 -8.67003426e-02  1.41710386e-01 -3.18386674e-01  7.58950189e-02
 -1.27544999e-01 -9.84602645e-02  2.61280835e-01 -2.76019037e-01
  4.68743891e-02  3.88290063e-02 -5.45421876e-02 -5.59592657e-02
 -2.17120737e-01  2.54184037e-01 -1.65000826e-01  1.69150308e-01
 -1.23415086e-02 -5.27228266e-02  1.05106249e-01 -1.52198955e-01
 -1.43780947e-01  2.37677753e-01 -2.33841967e-02 -1.19234845e-01
 -1.32171005e-01  1.16743691e-01 -2.37201825e-01  1.40424222e-02
 -3.37794833e-02  7.41497055e-02 -2.38252625e-01 -6.43413439e-02
 -2.08977878e-01  5.32984100e-02 -7.66323656e-02  1.05034597e-01
 -1.10136524e-01 -1.98924132e-02  6.77306801e-02 -6.62847161e-02
 -1.15277052e-01  3.90517451e-02 -6.34113178e-02  4.29481752e-02
 -1.04414951e-02 -1.63864868e-03  7.60567635e-02  9.00864750e-02
  1.19864754e-01 -2.25219086e-01  6.01542788e-03 -1.21273352e-02
  6.97036907e-02  8.07875320e-02 -1.47497103e-01 -7.57056102e-02
  1.46018907e-01  1.54268801e-01 -2.80410070e-02 -1.82062641e-01
 -8.08987394e-02 -4.20910753e-02 -9.80454907e-02  1.03438109e-01
  7.75158731e-03 -1.96780369e-01 -1.17191687e-01 -5.82629023e-03
  9.74976048e-02  4.54074182e-02 -1.58501863e-01  8.83004591e-02
 -1.19596839e-01 -7.12854043e-02 -3.59162837e-02  1.28617778e-01
  1.56706974e-01  1.14734948e-01  5.06013930e-02  1.20318152e-01
  4.68000621e-02 -2.67051518e-01  2.98572809e-01  6.81477711e-02
  1.30916476e-01 -1.40360922e-01  1.91114232e-01  4.10584174e-02
  3.86208631e-02  1.99327208e-02 -1.35850430e-01  2.96381652e-01
 -3.53075743e-01  1.38378277e-01 -9.70017016e-02 -1.62651576e-03
 -3.78205217e-02  3.16354334e-02 -7.51333907e-02  2.11024120e-01
  2.84916848e-01 -1.90529060e-02  4.11757678e-01 -1.16245918e-01
  2.48909146e-01  6.13039583e-02  1.03255101e-02 -2.71042231e-02
  3.94517779e-02  1.74073711e-01  2.73219854e-01 -1.40517399e-01
  1.53728724e-02  1.11929834e-01  5.96840605e-02 -1.09044641e-01
 -7.26295039e-02  1.17990710e-01  1.85553774e-01  5.76581433e-02
  5.26614428e-01  9.32304189e-02 -3.49524082e-04 -1.04851276e-03
  2.94908643e-01 -2.13827081e-02 -3.50893289e-02  1.43909082e-01
  9.73097160e-02 -1.00035027e-01 -1.88741818e-01  1.66737840e-01
 -1.09502740e-01 -2.13498950e-01 -7.25332797e-02 -1.26705542e-01
 -1.26037886e-02 -5.86150065e-02 -2.33080730e-01 -9.46610048e-02
 -9.66138169e-02 -2.45914068e-02  4.08843942e-02  5.61187379e-02
 -2.55941562e-02  6.51099207e-03 -1.08816139e-01 -5.19306101e-02]