http://erau.edu/ontology/meme.owl#SpongebobCopsMeme
[-6.51344955e-02 -1.74017832e-01 -7.27849174e-03  1.12511396e-01
  5.17646931e-02  2.01036781e-01  3.88620719e-02  5.51487915e-02
  7.55151138e-02 -3.66054401e-02  9.59249362e-02 -1.40752003e-01
  5.22221066e-03  6.99865371e-02 -9.25991684e-02  4.72179018e-02
 -2.51920964e-03  2.45995093e-02 -7.74306729e-02  5.96420281e-02
 -1.57239228e-01  1.18982024e-01  4.90781628e-02 -7.07930624e-02
  2.19850436e-01 -8.12275335e-02 -1.61497276e-02  1.04700163e-01
  2.57288963e-01  2.26276428e-01  1.03220016e-01  2.74933875e-01
  2.17634961e-01 -6.59889430e-02  4.70092446e-02  1.86154991e-01
  1.86346658e-02  6.81512430e-02  3.03441249e-02 -1.03643671e-01
 -4.35705371e-02  9.91395563e-02 -1.03117581e-02  1.12311346e-02
  1.19106859e-01 -8.05730522e-02  1.08549021e-01 -6.40943721e-02
 -8.96056965e-02 -3.52443606e-02 -4.53987531e-02  1.65176079e-01
 -1.61444828e-01 -3.36705931e-02 -1.72445923e-01  3.23252231e-02
 -1.67013370e-02 -4.79411632e-02  2.85555094e-01  5.49000315e-03
  3.00593488e-02 -2.23029256e-02 -5.85737899e-02  9.05848816e-02
 -1.51293308e-01 -4.23055999e-02  1.18531115e-01  1.40510872e-02
 -2.29358338e-02 -5.50543405e-02 -1.73790812e-01 -6.32909983e-02
  5.91123849e-02  5.15687577e-02  8.14863816e-02  9.04915780e-02
 -1.99224889e-01 -4.83491831e-03 -1.06595000e-02 -4.82203923e-02
 -6.68044835e-02 -1.67498320e-01 -4.50964496e-02 -5.35728708e-02
  1.38578653e-01 -1.39286041e-01 -1.29740201e-02 -2.24330686e-02
 -3.82897295e-02  2.23677084e-02  1.77748322e-01 -1.06417961e-01
 -1.79495364e-02 -4.81631383e-02 -7.37321600e-02 -1.41896866e-02
  5.92251122e-02 -1.71736255e-02  6.99938368e-03 -5.31115904e-02
  8.86581540e-02  2.09568813e-01  2.30010718e-01 -1.28466532e-01
  6.24720305e-02  1.16912670e-01  1.15677439e-01 -9.34430212e-02
 -6.13562902e-03 -6.29180819e-02 -6.45391364e-03  7.14938762e-03
 -2.47235205e-02 -5.00371978e-02  3.40923364e-03  1.00696161e-01
 -1.42204478e-01 -1.39146104e-01 -4.78485823e-02  1.09079331e-01
 -3.07600293e-02  7.79542103e-02 -9.91231110e-03  4.26630676e-02
  1.77062944e-01 -9.60420817e-02  8.70588571e-02  2.02259142e-02
  6.45990223e-02  3.15186158e-02 -1.96890190e-01  3.21821943e-02
  9.03957039e-02 -1.37913361e-01 -1.25894351e-02 -2.75039710e-02
 -3.83498780e-02 -1.11814141e-01 -1.49337232e-01  9.14576352e-02
 -1.98307633e-01  6.62386464e-03  5.32478578e-02 -4.98551410e-03
  1.79152846e-01 -2.93120235e-01 -1.12444654e-01  1.68234762e-02
 -8.17171782e-02  9.36299339e-02 -5.55641726e-02  5.35440221e-02
 -1.30875424e-01  1.44456312e-01  1.06174439e-01  1.07221052e-01
 -3.84048410e-02  1.01088487e-01 -1.29654035e-02 -1.55245177e-02
  2.36701481e-02 -4.69332077e-02  1.25756666e-01 -1.80873215e-01
 -5.27854897e-02  2.17741057e-02  1.07649736e-01  5.98927587e-02
 -3.87296379e-01  1.61049843e-01  8.29270706e-02  1.61793023e-01
  2.61860430e-01  2.38995343e-01 -7.14884698e-02  4.46478352e-02
  8.47846922e-03 -6.90395981e-02  5.47317527e-02  4.54013571e-02
 -1.01878762e-01  1.91980258e-01  2.03383919e-02  8.63748416e-03
 -1.39667988e-01  1.26919504e-02 -4.17376086e-02 -2.39170585e-02
  2.56156951e-01 -7.12469444e-02  1.78977922e-02  1.95609927e-01
 -1.74001262e-01 -9.82580334e-02  4.24324162e-02 -9.18038096e-03
  8.60432386e-02  1.21343456e-01 -1.75942611e-02  1.72343943e-02
  2.00451892e-02  5.16833812e-02  1.54522136e-01  8.09682235e-02
 -1.42893150e-01 -1.86224446e-01 -1.13607615e-01 -4.92883809e-02
  1.91457629e-01  4.29964475e-02  2.92575598e-01  1.66311234e-01
 -5.67684360e-02 -2.43902221e-01  4.21639234e-02  4.71000262e-02
 -5.65493032e-02  9.21716541e-02  1.36141539e-01  1.99158713e-01
  3.61986719e-02  9.03519318e-02 -1.07130207e-01  1.10750034e-01
  5.59446551e-02  3.32636898e-03  2.71815304e-02 -2.82647852e-02
 -8.90368000e-02  2.20066290e-02  1.40730441e-01  5.16122393e-02
 -7.53898825e-03 -2.36031070e-01 -9.11779422e-03  1.15714059e-03
 -4.24612425e-02 -1.45517907e-03 -7.84199312e-03 -3.26096080e-02
 -3.12665105e-02 -2.17072410e-03  3.87396067e-02 -8.94948095e-02
 -2.54017651e-01 -7.18262978e-03 -9.62038711e-02 -3.81023362e-02
  7.03035444e-02 -4.33428884e-02  1.51788697e-01  1.41068861e-01
  4.45921160e-02  1.09417796e-01  2.64088273e-01  7.28693008e-02
 -2.09282696e-01 -4.54728976e-02  3.71523127e-02  4.68226783e-02
 -2.40134206e-02 -2.67343353e-02  5.64759597e-02 -9.59530771e-02
 -1.17911227e-01 -1.49693623e-01 -2.25869268e-02  1.46749511e-01
  1.11956254e-01 -1.10068202e-01 -1.76866040e-01 -7.41237327e-02
 -3.00939642e-02  3.54076438e-02 -4.29943241e-02  1.32436097e-01
 -1.30559849e-02 -8.25572312e-02 -1.18952103e-01  1.73834087e-05
  9.01969597e-02  9.40096155e-02  1.12197608e-01 -3.02083846e-02
 -5.92595115e-02 -1.36645250e-02 -1.47736147e-01  5.27711362e-02
  1.28065780e-01 -6.91344216e-02 -1.24754552e-02 -1.95376694e-01
 -3.55798788e-02  8.79085511e-02 -2.78460514e-03 -6.63115531e-02
  2.61989292e-02  5.16544050e-03 -7.40578994e-02 -2.87184827e-02
 -2.77095705e-01  6.71432465e-02  2.72440370e-02 -1.24538645e-01
  1.28147647e-01  9.74273458e-02 -4.74009551e-02  5.36701865e-02
 -8.70506465e-02  6.00518472e-02  2.08332852e-01 -1.66215479e-01
 -1.28416285e-01  1.11493781e-01 -3.85584310e-02  1.16586171e-01
 -1.68808356e-01  4.38361503e-02  1.51142254e-01 -9.03976038e-02
  1.91637367e-01 -1.21013150e-02  1.03957936e-01  1.14967264e-01
  9.25624594e-02  7.23964572e-02 -1.72974810e-01  5.96860535e-02
 -1.76630020e-02  7.60860220e-02  4.92081083e-02 -1.55982599e-01
  6.29103407e-02 -2.71870375e-01  3.62700522e-02 -3.05390477e-01
  8.16182494e-02 -1.54272921e-03  2.69235531e-03  3.33335921e-02
  7.21893087e-02  1.01363383e-01 -1.76198652e-03 -1.12643465e-01
 -9.06505287e-02 -5.43292984e-02 -5.98521419e-02  1.60540529e-02
 -7.98348263e-02 -9.59867164e-02 -9.52450931e-02 -4.54998463e-02
 -5.43193556e-02  2.69579500e-01 -1.58684731e-01  6.42431015e-03
  4.80769854e-03 -1.81466088e-01  2.53837794e-01 -2.39918888e-01
 -1.62663255e-02  2.19545532e-02 -3.15071754e-02 -1.09024465e-01
 -7.37294182e-03  2.38422845e-02 -1.52524114e-01  3.51768807e-02
  1.23729095e-01  5.77544235e-02 -1.04572080e-01 -1.04547225e-01
 -2.17714354e-01  2.64770776e-01  1.71693638e-01 -6.40098378e-02
  3.87225002e-02 -1.72010921e-02 -1.18334748e-01 -1.00890487e-01
  2.09947065e-01  1.94812000e-01 -1.87560499e-01 -2.46912092e-01
  3.15751843e-02 -7.22955819e-03 -2.43072156e-02  2.08383009e-01
 -8.17927495e-02 -9.53704193e-02  6.13687886e-03  1.65845782e-01
 -1.13066502e-01  2.37695828e-01 -5.99067695e-02 -7.21655637e-02
 -4.75566387e-02  1.38492897e-01  3.96836460e-01 -1.88441187e-01
 -1.42856047e-01 -2.29149103e-01 -1.87767809e-03 -2.31157601e-01
 -1.03864744e-01  5.76523431e-02 -1.03812464e-01  3.43402892e-01
  8.70249271e-02 -8.65081847e-02  1.17377505e-01 -1.70819968e-01
 -1.41603708e-01  1.32677734e-01 -1.78880855e-01  9.32601243e-02
 -1.30862281e-01 -1.20704107e-01 -1.05907425e-01  7.79155567e-02
  5.99267185e-02  7.35758170e-02 -3.85872722e-01  2.94464324e-02
 -3.15814614e-02 -2.30079800e-01 -2.59232149e-02  2.74172336e-01
  1.92266792e-01 -1.15430383e-02  9.55500547e-03  2.20317990e-01
 -1.69721469e-02 -1.67672858e-01  1.68214992e-01  2.90860802e-01
  1.42979994e-02 -1.39490023e-01  3.11902612e-02  1.85130030e-01
  3.07142764e-01 -6.69056252e-02 -8.60316828e-02  4.22577143e-01
 -2.65291333e-01 -4.34158705e-02 -3.26809973e-01 -1.16035849e-01
 -2.15950683e-01  1.32251725e-01  1.05199635e-01  1.95142180e-01
  1.68627381e-01  3.37145440e-02  3.10596257e-01 -1.96247295e-01
  2.12850630e-01  6.90614730e-02  3.17813493e-02 -1.35730192e-01
 -3.66516523e-02  1.65641010e-01  2.21358791e-01 -1.07333705e-01
 -1.65819917e-02  3.84276658e-02 -1.14280954e-01 -1.39462218e-01
 -2.40796823e-02  1.45139217e-01  2.39690274e-01 -2.50586178e-02
  2.75365561e-01  2.95900673e-01  4.47919890e-02 -1.39867395e-01
  1.98913440e-01 -1.44977108e-01 -2.28214219e-01  2.30709970e-01
 -1.42775923e-01 -8.54117870e-02 -1.07485034e-01  1.68803275e-01
 -1.57164529e-01 -3.56298417e-01 -9.86770242e-02 -1.05747707e-01
  1.76224157e-01  6.87507093e-02 -2.37174481e-01 -9.91477594e-02
  9.27713737e-02 -8.67380872e-02  8.31039920e-02  3.09351087e-02
 -2.35627592e-01 -5.52598834e-02  6.20248318e-02 -3.57757248e-02]