http://erau.edu/ontology/meme.owl#ScreenJunkiesMeme
[-1.56227335e-01 -9.96538773e-02 -8.38747900e-03 -2.18638126e-02
 -1.71216317e-02  1.02182943e-02  1.14887670e-01 -3.81272100e-02
 -1.84547100e-02 -5.41596152e-02  1.28376856e-01 -1.28407985e-01
  9.17236656e-02 -7.46508129e-03 -6.69237524e-02 -2.19910648e-02
  1.54186953e-02  4.26038057e-02  2.20812857e-02  2.92816292e-02
 -1.34523556e-01  6.22489750e-02  6.09062910e-02 -1.84530467e-01
  4.41341102e-02  2.67198626e-02 -5.61379083e-03 -5.27647212e-02
  2.09940255e-01  6.82040974e-02  4.83433604e-02  3.89490351e-02
  4.81310748e-02 -8.59697014e-02 -4.10417840e-02  1.65581718e-01
 -2.24911775e-02  9.81678441e-02  4.29506712e-02 -5.91300689e-02
 -4.82994225e-03  2.54159153e-01 -1.87223762e-01  2.76712724e-03
  1.31448582e-01  2.30340566e-02  1.64040718e-02 -1.53129762e-02
  4.40452658e-02  1.66438930e-02  3.13465707e-02 -7.93663226e-03
 -7.49572217e-02 -1.33334935e-01 -5.83083183e-02  6.55204384e-03
  8.54615197e-02 -1.61309287e-01  1.50117815e-01  7.36738965e-02
 -1.24484915e-02 -1.17458537e-01  1.50500178e-01  8.58981386e-02
 -8.13554972e-02 -6.31766990e-02  2.44264171e-04 -8.36759880e-02
 -1.20440818e-01 -1.46994308e-01 -1.63953051e-01  8.82101581e-02
  1.13412581e-01  3.01273447e-03  2.44628824e-02  7.53933042e-02
 -7.52581134e-02  8.22383985e-02  1.01165988e-01  7.16875168e-03
 -8.23525265e-02 -4.47621234e-02 -3.94204296e-02 -2.55045265e-01
  3.35527360e-02 -5.07853813e-02 -7.61188120e-02  1.20071750e-02
  4.86343279e-02 -2.78198365e-02 -9.39991251e-02 -1.22486457e-01
  1.10639006e-01 -4.39608060e-02 -3.22765782e-02  7.66034573e-02
  1.51693700e-02  2.14466341e-02 -8.61783549e-02 -4.90074493e-02
  3.01306359e-02  8.39582384e-02  2.28242159e-01 -1.00916147e-01
  1.81377251e-02 -1.47442687e-02  3.09413344e-01 -3.67121883e-02
 -5.56702204e-02 -6.71333745e-02 -4.64078188e-02  2.75362246e-02
 -1.20544516e-01 -7.16595799e-02  1.27205597e-02  7.69832209e-02
 -2.86700696e-01 -1.85836479e-01  4.17414829e-02  1.23419493e-01
 -1.90318115e-02 -7.20584244e-02 -2.89999787e-02  1.10991500e-01
  1.35878518e-01 -7.05884472e-02  4.73903157e-02 -2.58085094e-02
  9.33232233e-02  3.83536071e-02 -1.27007440e-01  6.08181320e-02
  3.14047001e-02 -5.42846844e-02 -9.96593535e-02  1.34580284e-01
  4.87575047e-02  2.89412774e-02 -1.77260563e-01  7.55009726e-02
 -1.75504223e-01  4.29030582e-02  8.77825767e-02  6.56145811e-02
  1.26346558e-01 -1.95344880e-01  5.27490228e-02 -4.24903557e-02
 -5.87697439e-02  1.20995931e-01  4.64959554e-02 -6.59385100e-02
  2.07310468e-02  7.33746961e-02 -7.99737498e-02  7.94890001e-02
 -1.75390914e-01  1.80412114e-01  1.04302086e-01  1.44135971e-02
 -3.02846134e-02 -5.12886718e-02 -3.19991726e-03 -3.57212760e-02
 -2.07892299e-01 -1.33147568e-01  9.40334238e-03  7.82620534e-02
 -2.93528676e-01  9.24188197e-02  7.18465298e-02  1.44788176e-01
  1.29561797e-01  1.43876940e-01 -1.21470084e-02 -3.61166261e-02
 -4.92706709e-02 -3.79315838e-02  5.37883714e-02 -5.03045283e-02
 -8.29083622e-02  1.03732958e-01  3.63969617e-02 -5.38982302e-02
 -1.88063588e-02  2.80931573e-02  6.46105036e-02  3.07410136e-02
  1.37462214e-01 -6.44313619e-02  5.45585342e-02 -9.86830667e-02
 -1.86347514e-01 -5.09904027e-02  9.57349613e-02  2.49255635e-03
  5.54582477e-02  1.73251837e-01 -2.87238285e-02 -3.82440053e-02
  3.83991040e-02 -2.11858731e-02  7.60767385e-02 -7.94600621e-02
 -5.78488931e-02 -2.02056020e-01 -1.32892979e-02 -5.51921055e-02
  1.02029383e-01  1.68067142e-01  1.77805319e-01  1.95990782e-02
  7.06325844e-03 -6.01354092e-02  4.16009203e-02 -1.13739464e-02
 -1.44426063e-01 -2.00728774e-02  5.78081571e-02  1.22168548e-01
  5.78991175e-02  1.21741422e-01 -1.25724763e-01  1.55047933e-02
 -7.25297118e-03  1.05800562e-01 -1.39885128e-01 -4.72470419e-03
 -1.22845778e-02 -9.43842065e-03  4.29067723e-02  1.86819527e-02
 -1.11257866e-01 -3.66329700e-02 -5.55949695e-02  2.76140943e-02
 -5.33419400e-02 -5.04042245e-02 -3.92864607e-02 -6.32370114e-02
 -5.92575781e-02 -7.91190788e-02  5.41642075e-03 -5.34714609e-02
 -1.30676001e-01  1.15617039e-02 -1.24584019e-01 -7.78721720e-02
 -3.51886731e-03 -4.51437905e-02  3.40503529e-02 -6.46275934e-03
  1.22153953e-01  2.96665002e-02  8.14794824e-02 -1.48677245e-01
 -4.40632291e-02 -2.86218734e-03  4.29147892e-02  6.85340613e-02
 -6.18424304e-02 -6.56658858e-02 -2.24861633e-02 -6.97456896e-02
 -1.07769467e-01 -1.24164522e-01 -1.07707642e-03 -4.73162159e-03
  8.02958310e-02 -9.76431519e-02 -4.93801348e-02 -1.19464107e-01
 -7.35467114e-03  9.84517708e-02  7.12263808e-02  2.83373296e-02
  6.59174994e-02 -2.86244806e-02 -4.49053794e-02  7.33647794e-02
  1.07832760e-01  1.29602421e-02  3.01692057e-02 -8.10646564e-02
 -1.38162956e-01  8.61838982e-02 -3.51969525e-02 -5.27419038e-02
  6.48042792e-03 -7.97593743e-02 -1.78427305e-02 -1.27176866e-01
  5.56328334e-02 -1.69726033e-02  1.31256152e-02 -1.97603572e-02
  6.06000237e-02 -2.16490217e-02 -1.30997434e-01 -1.35205656e-01
 -1.44337192e-01 -1.56709608e-02  3.57268304e-02  5.60202077e-02
 -7.28219077e-02 -2.81020273e-02  1.32589787e-01 -4.02010120e-02
 -5.49917109e-02  5.76722436e-02  1.65926650e-01 -2.33006284e-01
 -5.74468672e-02  6.42603636e-02 -9.03958362e-03  6.81154653e-02
 -5.81799373e-02  9.34735909e-02  2.05977708e-02 -7.36997277e-02
  1.17562860e-01 -1.04433112e-01  1.89982906e-01  1.37722656e-01
  3.69446725e-02 -2.80925315e-02 -2.05433130e-01 -3.01780254e-02
  2.14180618e-04 -3.17820981e-02  5.99909620e-03 -1.50168166e-02
  4.81756516e-02 -8.70543644e-02 -7.65614165e-03 -1.69590339e-01
  1.05213642e-01  6.06451277e-03  4.16698074e-03  8.07036832e-02
 -7.06076901e-03  8.31701830e-02 -2.35335581e-04 -7.67658800e-02
 -1.11985803e-01 -3.92833427e-02 -9.92522389e-02  4.60318029e-02
 -4.90321815e-02 -7.45846629e-02 -4.74951938e-02  2.61217989e-02
 -2.06283361e-01  1.54845893e-01 -1.49092406e-01  9.78133008e-02
  8.32838118e-02 -2.00649668e-02  1.58400446e-01  2.15919856e-02
 -5.96730746e-02  7.10864440e-02 -3.99697088e-02 -5.93787283e-02
  2.76696682e-02 -6.99666468e-03 -6.65873289e-02  4.77841171e-03
  3.20774689e-02  3.18354294e-02  2.23004296e-02  2.72292923e-03
 -2.05092713e-01  6.26986846e-02  5.07368594e-02 -5.55389151e-02
 -1.07887305e-01  2.55088229e-02 -3.61085795e-02 -5.88002568e-03
  8.69594340e-04  8.23522136e-02 -7.32684433e-02 -6.00094683e-02
  7.76661038e-02 -1.51609883e-01 -8.85167494e-02  1.44592881e-01
 -6.79512769e-02 -1.74515650e-01 -2.98838280e-02  1.04401551e-01
 -5.91719635e-02  3.13749194e-01 -1.10179193e-01 -1.72831029e-01
 -7.85484537e-03  6.98515177e-02  2.94785142e-01 -1.20948061e-01
 -8.13670456e-03 -7.26941824e-02  6.07163571e-02 -2.61756092e-01
 -1.60999969e-01  6.17008358e-02  9.17713251e-03  3.93418670e-01
  8.44149515e-02  1.84696689e-02  2.11377311e-02 -1.85784355e-01
 -1.51584387e-01  3.25870514e-02 -6.75516129e-02  4.35354523e-02
 -6.08379208e-02 -1.14285909e-01 -1.91927254e-02  1.21238790e-01
  8.48230794e-02 -5.88184483e-02 -1.10456139e-01  3.96118276e-02
 -1.19343391e-02 -1.33348376e-01 -1.05398819e-01  7.42419511e-02
  1.18568674e-01 -6.97625354e-02  1.04724830e-02  2.38229632e-01
  8.05009902e-02 -1.40253767e-01  1.29457071e-01  1.45963028e-01
  1.54684439e-01  1.97572634e-02  7.49700814e-02  3.45656872e-02
  1.69894218e-01  3.11256889e-02 -1.22524835e-01  2.26243690e-01
 -2.16192573e-01 -1.53854117e-02 -1.90510109e-01 -1.14415757e-01
 -1.10374399e-01  1.38160571e-01  1.10786915e-01  1.49584815e-01
  8.44875425e-02 -3.34495939e-02  2.04248741e-01  7.01153576e-02
  5.74545413e-02  1.32181393e-02  6.08147122e-02  2.18971912e-02
  1.39502347e-01  1.05689213e-01  9.87566635e-02 -1.62627399e-01
 -2.25922242e-02  1.52150512e-01 -2.35594902e-02 -1.91103250e-01
 -2.54867449e-02 -3.74195278e-02  2.19273493e-01 -1.77624691e-02
  2.18112379e-01  1.58923402e-01  9.38137695e-02 -1.80485368e-01
  1.00329459e-01 -5.50411195e-02 -1.44898102e-01  7.98334852e-02
 -5.81913292e-02  1.25460941e-02 -1.78556740e-01  3.17342818e-01
 -1.91647962e-01 -1.61098197e-01 -1.04912356e-01  9.15552210e-03
  1.52309025e-02  3.96221764e-02 -1.64433688e-01 -3.81581448e-02
  3.03674974e-02  9.27338079e-02  3.18529829e-02  1.44341066e-02
 -1.00983620e-01 -1.27174690e-01  7.57435709e-02  8.73472020e-02]