http://erau.edu/ontology/meme.owl#ShaileneWoodleyMeme
[ 0.07972391 -0.09892902  0.03013099  0.11958188 -0.00775857  0.07841954
 -0.00833591 -0.03087233  0.16577269 -0.13040082  0.03753046  0.0170581
 -0.04245222  0.13188343 -0.01270379 -0.16121641  0.10159015  0.08134464
 -0.0252549   0.06359697 -0.2308339   0.28336233 -0.02462286 -0.06752484
  0.24118525 -0.09045337 -0.05187259 -0.08680347  0.3438891   0.17784826
  0.19463082  0.09871873  0.10123629 -0.00880665 -0.05150186  0.27432543
  0.05695217 -0.0061621  -0.07845166 -0.05731935 -0.14793089  0.16142578
 -0.25574926  0.06280833  0.08615796 -0.01627718  0.0516192  -0.27543488
 -0.02078698 -0.05717087  0.07456949  0.05709111 -0.18012011 -0.19844425
 -0.10139277 -0.02673793  0.0645711  -0.17194036  0.24010798  0.01339824
  0.10086662  0.02559806  0.09485786  0.05264118  0.01665943 -0.07055914
 -0.04648409 -0.01606563 -0.03673443  0.05598186 -0.14387703 -0.00403904
  0.03180493  0.02041435  0.06004785  0.04833511 -0.10470504 -0.08277994
  0.0524798  -0.14160134  0.00912095 -0.09185425 -0.05026885 -0.07236001
  0.06841506  0.03034493 -0.03142043 -0.01765662  0.04126026 -0.15103318
  0.05004209 -0.16969365 -0.01361642 -0.05410234 -0.05564808  0.0918524
 -0.0236469  -0.06451802 -0.03054339  0.0674988   0.20745729  0.13889927
  0.1645167  -0.01166419 -0.05079562  0.15281808  0.0671349  -0.02203447
 -0.08552191 -0.08846684  0.01026777 -0.04878801  0.09333615 -0.04381586
  0.12729879 -0.00975547 -0.16543378 -0.06267999  0.03967256  0.05964423
 -0.01596431 -0.01814759 -0.10789123  0.116823    0.20247799 -0.03823948
 -0.0048912   0.0711295   0.14935818  0.02216616 -0.29073977 -0.0213774
 -0.1550837  -0.11083978 -0.02133051  0.17329916  0.00828663 -0.07043162
 -0.10965178  0.09678641 -0.19568239 -0.0310406   0.30660337  0.04077382
  0.22409898 -0.23738283 -0.01465095 -0.01937312 -0.22851856  0.0361933
 -0.07439242 -0.02104994 -0.20237252 -0.01418878  0.00559652  0.1072163
 -0.06550087  0.30951715  0.02184324 -0.11219173  0.00969705  0.05301774
 -0.01443506 -0.04489635 -0.25205246 -0.04724447  0.15569562  0.26605606
 -0.23066133  0.10436504 -0.04017564  0.13561422  0.2232794   0.12283518
 -0.10060409 -0.00954758  0.01748596 -0.02100853  0.16825798 -0.05223992
 -0.18287589  0.0356694  -0.06801098  0.02623595  0.0681977  -0.14380632
  0.15128243  0.11511702  0.09569599 -0.00772579  0.05411433 -0.09433831
 -0.06265687 -0.19453228  0.15666202 -0.09117323  0.03346092  0.15869464
  0.01292062 -0.08072102  0.04533671 -0.02465231  0.10660372  0.06819864
 -0.13292211 -0.396156   -0.02888913 -0.09440128  0.19658355  0.13886161
  0.36360046 -0.04359679  0.01488133  0.00394804  0.01929238 -0.10068087
  0.0700132  -0.0620539   0.1757421   0.17719698 -0.07356901  0.16241214
 -0.08011036  0.15105449  0.10925067  0.08128986  0.01377912  0.06377087
 -0.12627359  0.00404748  0.04274527 -0.07802184 -0.07894879 -0.22734635
 -0.13171151  0.02997519  0.00463539 -0.12562598 -0.00252457 -0.02864868
 -0.10085873 -0.12967902  0.14281636  0.02426071 -0.16620761 -0.02595619
 -0.12351094 -0.01703012  0.08050352  0.0844257   0.09975058  0.00208015
  0.04076061 -0.16644213  0.27343848  0.02495909 -0.1908318   0.18398483
 -0.05854813  0.19002797 -0.20429341 -0.1102635  -0.09267822 -0.16608126
 -0.11555568 -0.08677158  0.16724557  0.06421854  0.03541608 -0.19255652
 -0.14224975 -0.11564081  0.08305918 -0.09784319 -0.0215607  -0.03218121
  0.00902412  0.11432208  0.06730424 -0.03464742  0.13018122  0.10843734
  0.07139298 -0.06294197 -0.10888346  0.0015379  -0.12796679  0.00328344
  0.04329078 -0.00692355  0.04517154 -0.15799928  0.15969639  0.02205781
  0.01219506  0.02524434  0.12198175 -0.02436905 -0.08526933 -0.09080357
 -0.14497206  0.06160158 -0.00072712  0.080088    0.01283111  0.0575914
 -0.04265112  0.00235247  0.01627314 -0.03312815  0.18264116 -0.16036734
 -0.15179558 -0.03916055 -0.16430919  0.05327015 -0.1107043   0.10923224
 -0.05530539 -0.17658205  0.07463283 -0.06558947  0.09386706  0.19952913
 -0.06234685  0.14001726 -0.08118005  0.01426307  0.15980887  0.04332329
  0.10211087 -0.18547629  0.07197139 -0.28481728  0.1152973  -0.0859018
  0.19881128  0.02218378  0.02169186  0.13789904 -0.07469518  0.03169999
 -0.15539555 -0.15613987 -0.07050081 -0.13990101 -0.07200979 -0.00777831
 -0.03025202 -0.06395098 -0.03741045  0.07458371 -0.17204978  0.15923105
 -0.19976816  0.03993519  0.07259653  0.11132289  0.13420781 -0.1676263
 -0.06302264  0.1568644  -0.03793403 -0.04780051  0.00287772 -0.1180107
 -0.15105076  0.06310631  0.16163154  0.0535415  -0.07850241 -0.16055775
 -0.40278763  0.1338694  -0.03628253 -0.13614772 -0.06761695  0.11307833
  0.00218508 -0.07800339  0.09922621  0.23750399 -0.12150318 -0.15954186
  0.02282007 -0.26530817 -0.15094309  0.27852428 -0.146795   -0.14899075
  0.06415675  0.11692654 -0.11721092  0.36081743  0.08907547 -0.23014648
  0.05008454  0.13414486  0.6506227  -0.26388583 -0.20339423 -0.2483548
  0.15349534 -0.21674018 -0.17027982  0.15326275 -0.13403161  0.42593476
  0.14108807 -0.01770016  0.1420737  -0.10854477 -0.08347819 -0.05485873
 -0.05211036  0.0521103  -0.19809216 -0.13632496 -0.06641835  0.03691094
  0.24264492 -0.12535991 -0.09017326  0.01996984 -0.03098369 -0.25655448
 -0.05828643  0.15402666  0.15073985 -0.00270369  0.24945764  0.24429518
  0.11675391 -0.23133878  0.21649677  0.24779417  0.11197916 -0.09734279
  0.06881203  0.19722039 -0.00446048  0.05307931 -0.09027179  0.27328002
 -0.23779872  0.03274391 -0.23104125 -0.09743686 -0.16303653  0.03042655
  0.06240314 -0.03927476  0.20067908 -0.01194749  0.11046962  0.00545123
  0.12572539  0.03396048  0.02796463  0.03572191  0.09759901  0.10783303
  0.16857329 -0.09470031  0.15584101  0.1621624   0.08362658 -0.14242718
  0.09872206  0.05304547  0.17842223  0.11105035  0.03185011  0.08468624
  0.00188775 -0.26093498  0.07482844 -0.19187883 -0.27174708  0.08700993
  0.00358632 -0.16069166  0.04494412  0.03923597 -0.19272408 -0.07158076
 -0.18015966 -0.07982319  0.12328584 -0.09485435 -0.14686257 -0.09953179
 -0.05143171 -0.05426535  0.2142454   0.04691941 -0.02424202 -0.03035256
  0.09634611 -0.03203095]