http://erau.edu/ontology/meme.owl#AndyTateMeme
[-1.82240438e-02 -1.87241361e-01  2.89706625e-02 -9.07467306e-02
 -6.62273020e-02  1.32323951e-01  1.45047411e-01  2.66412497e-01
 -6.16081990e-03 -8.29775855e-02  4.67574410e-02 -1.17875196e-01
 -1.02515876e-01 -6.51276410e-02  1.36174550e-02  7.57429078e-02
  2.97559123e-03  5.38172312e-02  1.61508784e-01  1.11242481e-01
 -2.11722061e-01  2.65111565e-03  8.70976895e-02 -1.05807275e-01
  1.92484230e-01  1.29708531e-03  5.03942817e-02 -6.39214888e-02
  1.61038637e-01  6.07273616e-02  4.81160693e-02  1.12887286e-01
 -4.59456787e-05 -9.28278714e-02  4.89700735e-02  3.85737531e-02
  5.47302067e-02  1.33837193e-01 -6.25043884e-02 -1.12536140e-01
  4.62707840e-02  8.80087391e-02 -4.67205308e-02  3.91999260e-02
  1.09463051e-01 -4.48009968e-02 -2.52151676e-02  3.19349244e-02
  1.91027578e-03  1.50293149e-02  5.90086691e-02 -6.99159782e-03
  3.14571476e-03 -7.75407106e-02 -3.58354896e-02 -5.73495738e-02
 -6.57005087e-02  2.19322562e-01  7.72035494e-02  2.52240989e-02
 -6.90532401e-02 -8.13420489e-03 -3.00686173e-02 -3.94323170e-02
 -1.00186907e-01  6.85154051e-02  5.91162369e-02  8.28649551e-02
 -9.65245143e-02 -5.10759205e-02 -9.72022414e-02  3.54631618e-02
  1.02237627e-01 -3.41910906e-02 -6.46276847e-02  1.76241234e-01
 -1.56667784e-01  4.93600927e-02  3.51319984e-02 -3.61710414e-02
 -7.83428252e-02 -1.46659464e-01 -5.76574169e-02 -8.37997869e-02
  2.73758024e-02 -2.00091928e-01 -1.57679290e-01  3.71292466e-03
  5.87469637e-02 -8.97168219e-02  2.11547196e-01 -1.87970504e-01
  9.95100215e-02 -2.03624112e-03 -3.70546170e-02  5.17015867e-02
 -7.26488903e-02  1.36223182e-01  5.67489192e-02 -1.81879029e-01
  1.17936715e-01  4.86577349e-03  2.07325697e-01 -1.25979409e-01
  4.23894785e-02  5.71103394e-02 -6.23413511e-02 -1.29875625e-02
  6.47908375e-02 -3.41842249e-02  1.89978797e-02  8.88904277e-03
 -1.04433008e-01 -1.11315347e-01 -9.62174088e-02  1.36800170e-01
 -2.41166025e-01 -1.57132253e-01 -1.11801019e-02  1.04701221e-01
  3.85481305e-02  6.66457266e-02 -1.00789286e-01  9.68801975e-02
  8.71281549e-02 -1.96017846e-01  8.14276263e-02  1.82444248e-02
 -3.89613844e-02  5.67580648e-02 -1.57328829e-01  6.92382781e-03
  1.08057991e-01  5.15692569e-02 -1.42048314e-01  1.69758014e-02
  1.34667099e-01 -1.57207176e-01 -1.07589379e-01  1.17166907e-01
 -1.82924941e-01 -6.15864173e-02 -1.18152291e-01 -4.81798835e-02
  1.31669074e-01 -2.05891803e-01  1.16340809e-01 -1.40257686e-01
  1.43078104e-01  1.78373575e-01 -1.62723795e-01 -1.03549004e-01
 -5.46569340e-02  1.28639549e-01 -1.45063633e-02  4.68364917e-02
 -1.32155772e-02  1.98724613e-01  5.55979125e-02 -1.13624975e-01
  5.41052148e-02 -7.48842433e-02  4.68398370e-02 -1.45191208e-01
 -1.11212600e-02 -2.26985201e-01 -4.59532887e-02 -3.41763943e-02
 -3.12786877e-01  1.75374433e-01  3.59311253e-02  2.26757050e-01
 -1.51444199e-02  1.06470570e-01 -2.73077041e-02 -1.10314466e-01
 -9.47762355e-02 -8.08764771e-02  7.58760646e-02  2.04737131e-02
 -2.60082018e-02  1.12498537e-01  4.95888293e-02  6.11361638e-02
 -5.31375874e-03 -1.18126310e-02 -6.06144257e-02 -8.23991820e-02
  3.03237528e-01  2.39548311e-02  1.93324834e-02  1.86554175e-02
 -2.66888976e-01 -2.81036180e-02 -8.09563249e-02  1.12055235e-01
  7.00259805e-02  2.56677698e-02  2.16907989e-02 -1.43945515e-01
 -1.10301718e-01  1.08546559e-02  8.85071307e-02 -1.05884805e-01
 -2.86092516e-02 -3.05582762e-01  9.15436596e-02  2.44026296e-02
 -1.14611061e-02  4.30937894e-02  3.54945421e-01  1.51415408e-01
 -4.75514866e-02 -1.13462262e-01  1.45136803e-01  3.72779928e-02
 -1.89819366e-01  3.81364371e-03  1.31398410e-01  1.23740613e-01
  2.12266803e-01 -1.10159465e-03 -1.77995577e-01  2.79797129e-02
  1.97427776e-02  4.27959561e-02 -1.54763460e-01 -7.85834715e-02
 -5.23130447e-02  6.38208911e-02  2.18085557e-01 -7.09771970e-03
 -9.41201076e-02  3.41255255e-02  7.93155581e-02  1.81389824e-02
 -3.35454270e-02 -5.98343648e-02  2.33905047e-01 -6.14096746e-02
 -7.77360946e-02 -3.86377871e-02  9.17748436e-02 -1.32739004e-02
 -1.71439037e-01 -1.54355085e-02 -2.28723198e-01 -9.16490983e-03
 -7.43756071e-03 -1.16861828e-01  1.28804773e-01 -3.43312621e-02
  1.03095457e-01  1.28928006e-01  3.98339666e-02 -8.42518061e-02
 -2.41626769e-01 -1.34980172e-01  6.59381598e-02  2.88415141e-02
 -7.52761662e-02 -6.75091818e-02 -2.47731172e-02 -1.44516915e-01
 -2.08619330e-02 -2.49221787e-01 -2.61763543e-01 -5.15812710e-02
  5.09571284e-02  2.86839399e-02  2.45916732e-02 -4.79069091e-02
 -2.89538167e-02  2.15301260e-01  1.59562469e-01  6.51695430e-02
  6.90385401e-02 -1.22028746e-01 -6.86996430e-02  2.29575951e-02
  1.06297709e-01  1.17867477e-01 -9.53693688e-03 -9.67171192e-02
 -2.73712516e-01  2.81240828e-02  1.01596214e-01 -8.90124813e-02
  4.16025147e-02 -8.22499692e-02  6.60317317e-02 -9.32858065e-02
 -4.81559932e-02 -5.41416835e-03  3.96940634e-02 -1.97458137e-02
  1.18812852e-01  2.71542687e-02 -3.32104526e-02 -1.13517910e-01
 -3.23287427e-01  8.95247906e-02  1.53114730e-02  1.41248360e-01
  7.01074600e-02 -1.24649651e-01  2.07750246e-01 -6.11637793e-02
 -3.93139720e-02  1.10084169e-01  2.93620437e-01 -1.75872207e-01
  7.02377483e-02  2.60747313e-01 -1.74475219e-02  8.25187936e-02
 -2.70054583e-02 -3.58942822e-02  8.92510191e-02  9.51401831e-04
  3.11031863e-02 -2.76236326e-01  9.42446440e-02  7.88125321e-02
 -3.56406942e-02  7.86290839e-02 -1.57500669e-01  5.74011169e-02
  5.35395369e-02  2.08082260e-03  2.64267530e-03 -1.46077694e-02
  9.52087939e-02 -1.51950931e-02 -9.54217836e-02 -1.97339132e-01
  1.00073971e-01  8.17282423e-02 -1.84185058e-01 -7.04713911e-02
  1.94175858e-02  1.92891717e-01 -7.60491267e-02  7.35784471e-02
 -3.13105732e-02 -6.49155080e-02 -1.10323243e-01 -5.60270399e-02
 -9.88433063e-02 -3.86422500e-02 -8.06495994e-02 -4.01304103e-02
 -8.68612453e-02  2.32997656e-01 -2.31990427e-01  1.43969163e-01
 -1.05144985e-01 -2.23805338e-01  2.45018944e-01 -1.75190195e-01
 -2.36176208e-01 -4.89721820e-02 -2.71487273e-02  2.24006493e-02
 -7.40558580e-02  1.06038544e-02 -2.33376026e-01  8.10442641e-02
 -7.82910138e-02 -1.70869306e-02  4.49932888e-02  2.30531562e-02
 -2.23410696e-01  1.17828421e-01  1.15547925e-01 -1.04075380e-01
 -1.84232175e-01  2.52737347e-02 -7.77806491e-02 -7.73755088e-02
 -1.26302280e-02  1.37918264e-01 -1.01125285e-01 -9.62320790e-02
  8.28169957e-02 -1.05443433e-01 -1.29099667e-01  1.25936657e-01
 -9.03078690e-02 -1.46238208e-01 -1.38869509e-01  3.20378169e-02
 -4.50955965e-02  3.44401002e-01 -1.12885214e-01 -1.97315797e-01
  1.63823608e-02  8.30078349e-02  1.78757071e-01  7.42840208e-03
 -8.20702165e-02 -2.14554280e-01  2.83270814e-02 -2.99085945e-01
 -1.01713687e-01  4.46387902e-02 -3.31107415e-02  2.82634318e-01
  1.29511833e-01  1.08227968e-01  6.04665726e-02 -1.29427373e-01
 -2.43421867e-01 -1.69116035e-02 -8.50484669e-02 -1.20542109e-01
 -9.72880945e-02 -1.46852285e-01  1.06935389e-01  1.10920355e-01
  1.83238968e-01  7.94653669e-02 -2.10002854e-01  1.27861917e-01
 -3.12927784e-03 -1.84847549e-01  3.39402631e-02  2.43641704e-01
 -1.22476425e-02 -8.69905427e-02 -3.24977152e-02  2.60150194e-01
  3.43548949e-03 -1.90478146e-01  1.30222574e-01  1.57433465e-01
  6.38225228e-02 -1.01281302e-02  7.12910816e-02  1.61828429e-01
  1.66399285e-01  6.30157143e-02 -1.44084588e-01  4.04528081e-01
 -1.61165565e-01 -8.79960135e-02 -2.90147245e-01 -1.90458938e-01
 -3.70330848e-02 -1.09435366e-02  1.09257564e-01  1.02904178e-01
  6.12193644e-02  3.68103795e-02  9.52571854e-02 -4.89988131e-03
  1.10070862e-01  8.86489674e-02  1.16814762e-01 -6.08408637e-02
  4.80694361e-02  3.37455124e-02  1.16300404e-01 -3.47091816e-02
 -8.08760896e-02  1.24869511e-01 -6.12984560e-02 -4.12100963e-02
 -3.37407365e-02  1.54074147e-01  2.47183278e-01 -2.83393972e-02
  2.01962098e-01  1.96081772e-01  1.02508748e-02 -1.07655525e-01
  9.45276916e-02 -2.66484559e-01 -1.60218969e-01  7.38657787e-02
 -9.38511342e-02 -2.15708632e-02 -1.14625946e-01  2.39105046e-01
 -9.57545489e-02 -2.27222741e-01 -3.97948101e-02  5.78647573e-03
  1.91978857e-01  2.63494074e-01 -1.41003206e-01 -1.95963606e-02
  7.58580342e-02 -1.08972676e-01  2.29537249e-01  1.27340469e-03
  1.57620031e-02 -9.48597863e-02  4.07695910e-03  4.49910574e-02]