http://erau.edu/ontology/meme.owl#YoutubeCyphersMeme
[-1.25872910e-01 -1.41419217e-01  1.38227522e-01 -1.75160319e-02
  5.06322905e-02  1.03821710e-01  2.60809660e-01  3.91710624e-02
  3.78334001e-02 -8.05988982e-02  6.51230961e-02  3.59900929e-02
 -1.08606972e-01  8.78561810e-02 -2.64454493e-03 -1.88218635e-02
  1.37592643e-01  2.01757833e-01 -1.03898920e-01  8.65625590e-02
 -2.87971526e-01  7.74801522e-02  1.29706368e-01 -2.61269882e-02
  1.38822109e-01 -6.68706670e-02  1.00835040e-03 -1.21592574e-01
  3.35709721e-01  9.21991244e-02  6.29394352e-02  1.07120574e-01
  1.85429290e-01 -1.30192369e-01 -8.49087313e-02  3.87762725e-01
 -9.68906507e-02  8.29876438e-02 -5.55744730e-02 -1.12814113e-01
 -8.21426883e-02  2.38682702e-01 -3.04008514e-01 -3.36109027e-02
 -3.56338806e-02  1.09418444e-01  5.33911511e-02 -1.49252966e-01
  7.90296197e-02  3.58256744e-03  1.11383706e-01  8.48668534e-03
 -8.19071755e-02 -1.11987613e-01 -2.19654530e-01  4.75249290e-02
  1.61916569e-01 -2.28217557e-01  6.26658499e-02  1.08050391e-01
 -5.23215309e-02 -7.53116678e-04  1.38148233e-01  1.25589043e-01
 -1.79154053e-01 -4.36259769e-02 -6.72859848e-02  1.05191795e-02
 -5.38174249e-02  1.69802015e-03 -8.03167745e-02  2.22679630e-01
  1.40784711e-01  1.95225865e-01  4.06791419e-02  7.98276067e-02
 -1.37556642e-01  3.30689289e-02  9.88080576e-02  1.42428935e-01
 -7.89913833e-02 -8.92696232e-02 -1.21462725e-01 -3.04055899e-01
 -3.59800197e-02 -3.20308097e-02 -1.25855803e-01  6.57586232e-02
  2.28053540e-01 -7.97368884e-02 -4.62312922e-02 -3.19032937e-01
  7.68575296e-02  5.96207567e-02 -7.47851729e-02  7.18642026e-02
 -1.40932411e-01 -8.35733339e-02 -1.53839126e-01 -2.34957133e-05
  5.55366743e-04 -3.55635732e-02  3.55542123e-01 -7.68489987e-02
  4.43167202e-02  1.24768481e-01  1.52986988e-01  1.40249074e-01
  1.94143936e-01 -1.07784860e-01  3.06455866e-02  5.64688221e-02
 -9.32474807e-02 -1.48793012e-01  1.53154477e-01  7.49057084e-02
 -2.78471768e-01 -6.80005699e-02 -2.34964229e-02  1.55185640e-01
 -8.76767188e-02 -2.96186339e-02 -4.43666428e-02  1.05078436e-01
  2.14079499e-01 -3.01869083e-02  7.21983984e-02  1.32395416e-01
  1.90908521e-01  2.32253671e-02 -1.93262488e-01 -1.43655702e-01
  1.56393182e-02 -9.81517285e-02  5.82391620e-02  2.61862665e-01
  5.34364069e-03  4.38848417e-03 -1.91425860e-01 -1.61739197e-02
 -2.82566488e-01  2.11790696e-01  2.07248956e-01  1.74805894e-01
  2.11526111e-01 -2.18138807e-02  3.32211703e-02 -1.56052470e-01
 -5.94738349e-02  1.65230945e-01 -1.98001470e-02 -8.73019099e-02
 -7.31903017e-02 -3.32530178e-02 -1.36711011e-02  7.47747868e-02
 -1.88487947e-01  1.90954447e-01  1.03756636e-02 -2.14424908e-01
  1.23388907e-02 -2.10410208e-01 -1.63812578e-01  9.95376557e-02
 -2.84760714e-01 -2.71721601e-01 -3.88558698e-03  2.57123351e-01
 -2.23121211e-01  1.48930669e-01 -3.19022057e-03  1.16851442e-01
  1.39490426e-01  2.48272613e-01 -9.46685523e-02 -1.01516522e-01
  8.02699849e-02 -1.62879918e-02  1.96821108e-01  1.03759609e-01
 -9.72814485e-02  4.63512540e-02  1.13057077e-01 -5.36101982e-02
 -4.60550785e-02 -7.25756288e-02  4.99339774e-02  2.20295459e-01
  1.25027969e-01  4.37018126e-02 -5.24864458e-02 -6.37026355e-02
 -4.99593876e-02 -7.12460205e-02 -3.58661562e-02 -2.50115860e-02
 -1.20730314e-03  1.00091010e-01 -4.86530960e-02 -5.06493263e-02
  2.43726149e-02 -5.52228885e-03  2.68281857e-03  1.07443810e-01
 -3.96245271e-02 -2.48646736e-01  5.14650047e-02 -1.06035068e-03
  1.13952234e-01  8.86531472e-02  1.75738379e-01  3.49529609e-02
  5.31926341e-02 -2.38842517e-02  5.69080934e-02 -1.31801561e-01
 -3.33515294e-02  1.04562817e-02  1.19398214e-01  1.20679013e-01
  8.71325806e-02  2.13913247e-01 -1.35600567e-02  9.88526642e-02
 -2.95347814e-02  3.06014344e-02 -2.60268189e-02 -9.26602781e-02
 -7.51500651e-02 -7.65329078e-02  1.22241732e-02  5.29961139e-02
  2.16641985e-02 -1.48020610e-01  1.34053156e-01  1.11364044e-01
 -4.40793820e-02  5.17860912e-02  8.08719546e-02  1.68426875e-02
  1.40551501e-03  2.63767708e-02  1.36861457e-02  7.08765835e-02
 -1.74415663e-01 -7.02941716e-02 -2.40193874e-01  1.11587491e-04
 -5.51088639e-02  1.24582410e-01 -1.11425936e-01 -2.58154999e-02
  1.48648337e-01 -4.43403237e-02  2.99993038e-01 -9.74407569e-02
 -2.93779988e-02 -3.92385647e-02  4.20118729e-03 -1.07112549e-01
 -2.76331544e-01 -1.03317648e-01 -7.13785291e-02 -1.17984228e-01
 -3.12232338e-02 -1.99728981e-01  6.11856654e-02  1.47421256e-01
  6.05531111e-02  5.58272526e-02 -9.81020480e-02  7.08417147e-02
  5.63512482e-02 -5.98171614e-02  8.51144493e-02 -1.32744629e-02
  9.65738073e-02  4.39195670e-02 -7.70364702e-02 -5.69863841e-02
  1.16021648e-01  1.92301333e-01 -1.36209697e-01 -1.67623982e-01
 -8.07568580e-02 -4.01617512e-02 -3.72958300e-03 -4.34491299e-02
  6.44049188e-03 -3.30770127e-02  2.44577304e-02 -4.76649515e-02
 -4.97441106e-02 -1.27155215e-01 -2.70250663e-02  3.18054780e-02
  1.27905145e-01  8.99962243e-03 -8.29978213e-02 -1.67791516e-01
 -4.10329849e-02  1.02652043e-01  2.12311037e-02 -2.76016165e-02
 -1.20881692e-01 -8.38734582e-02  1.29276678e-01 -5.58886006e-02
 -4.61189188e-02 -1.01496354e-01  5.31666055e-02 -1.84747487e-01
  3.20775085e-03 -1.16647944e-01 -1.36653125e-01  5.50266020e-02
 -4.08977121e-02 -2.47768406e-03  3.74411866e-02 -1.37989849e-01
 -8.26406330e-02 -1.58099622e-01  1.69778869e-01  2.27277011e-01
 -5.40070608e-03  7.01185018e-02 -8.38617161e-02 -2.16993820e-02
  2.81098217e-01  1.35421604e-01 -1.40877040e-02 -8.84393379e-02
 -1.86195578e-02 -2.27381964e-03  1.22249857e-01 -2.14592114e-01
  3.92633080e-02  1.28786787e-01  1.24476403e-01  6.16953634e-02
  5.62618524e-02  3.72567922e-02 -6.14064932e-02 -1.39872521e-01
 -1.63032711e-02 -5.76609857e-02 -7.63217434e-02  6.49049208e-02
  1.43988431e-01 -1.96052015e-01 -4.95537482e-02  6.83843121e-02
 -2.55419284e-01  4.62732427e-02 -2.51226902e-01  1.12104475e-01
  2.03961045e-01  9.76633728e-02  1.90377012e-01 -9.07208174e-02
 -2.37736851e-02  1.25522494e-01 -7.99131021e-02  6.66740835e-02
  1.65735543e-01 -1.55375376e-01 -5.03613986e-02  2.84388542e-01
  6.57655895e-02 -8.02221596e-02  4.20560017e-02 -2.20478728e-01
 -9.00202692e-02  9.65144485e-02 -5.91075607e-02 -4.79466701e-03
 -1.03016123e-01  1.15622468e-01 -5.86632341e-02  3.85470837e-02
 -1.01724178e-01  3.22023243e-01 -7.58813471e-02 -1.18459381e-01
  1.79720763e-02 -6.06338400e-03 -2.00899765e-01  9.83393788e-02
 -6.43403754e-02 -2.41857395e-02  1.10171527e-01  1.91516690e-02
 -1.03283867e-01  1.44654706e-01  2.56428625e-02 -1.38548926e-01
 -6.26964495e-02 -3.27819511e-02  1.92650333e-01  6.08855337e-02
  7.99518749e-02 -9.88721475e-03  7.53046051e-02 -1.33351814e-02
 -4.68665399e-02  7.43368343e-02 -8.70828144e-03  1.76777244e-01
  1.61988735e-01 -6.55293092e-02  1.22648694e-01 -1.29658446e-01
 -8.40844363e-02  2.58261729e-02 -9.73740220e-02  4.39163074e-02
 -1.05546847e-01 -7.20405951e-02  1.03794225e-02  6.93106502e-02
  1.44682020e-01 -1.13728032e-01 -2.18259707e-01 -9.59158316e-02
 -3.37659195e-02 -2.40919858e-01 -7.60270208e-02 -1.25926500e-02
  9.61738154e-02 -2.78056152e-02  2.73947775e-01  1.89923286e-01
  7.23380744e-02 -7.79398978e-02  1.80584162e-01  2.77377009e-01
  1.11732699e-01 -1.83073401e-01  5.46084754e-02  1.28707886e-01
  4.73812558e-02  2.09209725e-01 -1.07496969e-01  3.28464866e-01
 -3.06479812e-01 -1.06585369e-01 -1.81634784e-01  4.52948065e-04
  4.53908928e-02 -3.03076971e-02 -1.07651986e-01  1.05567269e-01
  1.62201017e-01 -9.82173532e-02  1.54004216e-01  1.39989899e-02
  1.17505766e-01  1.14046209e-01 -7.94267878e-02 -7.42350891e-02
  1.28866747e-01  1.27617791e-01  1.50069326e-01 -8.03624541e-02
  2.18635257e-02  1.89871565e-01  5.52213937e-02 -1.60859767e-02
 -5.30231111e-02  5.73207885e-02  2.63495713e-01  1.08734993e-02
  1.56946808e-01  9.79033783e-02 -2.87819169e-02 -1.20965026e-01
  6.35927618e-02 -3.59356552e-01 -3.99495289e-02  1.31411359e-01
  1.66756243e-01  4.13824385e-03  4.07641344e-02  2.71939397e-01
 -3.20607394e-01 -1.53245822e-01 -7.16732368e-02 -1.03134885e-01
  2.53218234e-01  9.10222530e-03 -7.29307532e-02 -5.53583317e-02
 -1.10052377e-01  1.25969416e-02  1.75162837e-01  8.35530087e-03
 -5.13850786e-02 -2.04959184e-01  2.83539928e-02  1.47374079e-01]