http://erau.edu/ontology/meme.owl#InternetDefenseLeagueMeme
[-2.39345711e-03 -8.47050399e-02 -6.67028427e-02 -3.14488215e-03
  3.33408192e-02  1.12574026e-01  9.97269377e-02 -7.20607191e-02
  6.77680457e-03 -1.14855908e-01  2.56865192e-02 -1.22357294e-01
 -1.11915894e-01 -1.14938602e-01 -9.13063884e-02 -1.20262280e-01
  9.33484435e-02 -5.58818579e-02 -4.15519141e-02  2.63736602e-02
 -9.61671695e-02  1.13109864e-01  3.32253538e-02 -1.77370846e-01
 -2.17684805e-02 -3.04882731e-02 -1.11551126e-02 -4.36697826e-02
  2.37923473e-01 -9.40375216e-03  6.98547959e-02  4.40609343e-02
 -5.92388446e-03  1.27135031e-02 -8.67467374e-02  1.21532023e-01
  4.23137322e-02  1.54952094e-01 -5.99270985e-02 -8.72551580e-04
 -1.96666289e-02  1.73265696e-01 -2.00328767e-01  8.84324089e-02
  9.54854116e-02 -6.36090338e-03  3.41354720e-02 -1.39998943e-01
 -6.62671253e-02  9.89919975e-02 -3.92072462e-02 -9.27992107e-04
 -5.42893521e-02 -2.10421905e-01 -8.71103927e-02 -9.00371224e-02
  1.99429601e-01 -1.53005287e-01  1.66332841e-01  5.52593991e-02
 -7.62750581e-02 -3.34081464e-02  1.10052519e-01  1.41024828e-01
 -3.49946953e-02 -5.61485291e-02  2.49574222e-02 -1.11964971e-01
 -1.29943892e-01 -8.49284232e-02 -1.14603974e-01 -2.32151337e-02
  4.84334342e-02  3.19138318e-02  4.71713245e-02  5.45472465e-02
 -9.17779058e-02  1.15933530e-02  1.60002172e-01 -1.85205471e-02
 -3.27751301e-02 -8.07989165e-02 -2.04002876e-02 -1.82703719e-01
  9.34212059e-02 -9.86611918e-02 -4.81577590e-02 -1.90236755e-02
  6.13788608e-03 -6.99802488e-03 -5.95871545e-02 -1.55477419e-01
  7.25544542e-02 -1.65957406e-01  2.53402069e-02  4.95306551e-02
  5.46792261e-02 -3.40781407e-03 -3.62568162e-02 -1.09417118e-01
  1.07386999e-01  3.34198624e-02  1.84338823e-01 -4.66613099e-02
  7.92208221e-03 -3.59625579e-03  5.99424690e-02 -9.05937925e-02
 -3.68343852e-02  1.46722915e-02 -2.55029555e-02  8.08965564e-02
 -1.16100132e-01 -1.59840330e-01  1.42165706e-01 -2.93722488e-02
 -2.57460594e-01 -9.05227289e-02  2.71818712e-02  7.75448084e-02
 -7.27039203e-02  2.43545063e-02 -1.94009006e-01  2.71840836e-04
  1.00715309e-01  3.99259059e-03  2.22228728e-02  2.74817627e-02
 -1.12571837e-02  5.06193414e-02 -1.82318240e-01 -6.63461164e-02
 -1.78230815e-02 -8.68134499e-02 -1.17090032e-01  1.72888070e-01
  4.30948520e-03  7.90381432e-02 -2.37888932e-01  1.60030052e-01
 -2.07456753e-01  1.18624270e-01  6.72458410e-02 -3.64450961e-02
  1.08658738e-01 -2.90374517e-01  6.18000254e-02  3.94884124e-02
 -4.08759490e-02  7.73281157e-02 -6.04265556e-03 -1.07259192e-01
 -8.39150511e-03  3.22241671e-02  1.27954930e-02  1.31573454e-01
 -7.38532320e-02  1.91612408e-01  6.27073795e-02 -1.36308610e-01
  1.07205413e-01  2.57795230e-02  9.53392312e-02 -1.72892064e-02
 -2.18263254e-01  3.03170718e-02  3.76982279e-02  2.31768310e-01
 -2.80263335e-01  1.35339662e-01  1.15966357e-01  1.27160996e-01
  1.69172391e-01  1.64922401e-01  4.62057665e-02 -1.28567619e-02
 -4.93508652e-02  1.73609948e-03  3.47579382e-02 -6.11887127e-02
 -9.09961686e-02  5.09124398e-02 -8.12419280e-02  5.72676510e-02
 -6.57593906e-02  1.79875996e-02  8.65653455e-02  1.46994758e-02
  1.48382798e-01  8.59161932e-03 -7.51658762e-03 -7.85554647e-02
 -2.52835393e-01 -6.18119203e-02 -3.18947397e-02  5.62837999e-03
 -9.47669032e-04  4.34423685e-02 -4.21548076e-02 -1.97171625e-02
 -6.32111281e-02 -5.89587130e-02  7.61657283e-02  6.64281324e-02
 -1.39048576e-01 -1.39817834e-01  1.57875370e-03  1.05516193e-02
  6.34765401e-02  1.39773324e-01  1.37050435e-01  7.43519887e-02
  8.05185214e-02  5.92825375e-03 -4.24266756e-02  9.87551585e-02
 -5.96474335e-02  4.89283912e-02  1.44508228e-01  1.19447418e-01
  1.38966277e-01  7.89828375e-02 -9.11405906e-02  1.14037827e-01
  8.28929096e-02  1.00905709e-02 -2.61695310e-02  1.00802749e-01
 -4.94309366e-02  9.37721110e-04  4.45264876e-02  2.57806834e-02
 -1.62917763e-01 -1.54285520e-01 -1.01588123e-01  7.80883208e-02
 -1.01284817e-01 -1.44799739e-01 -5.76811610e-03 -4.64767925e-02
 -1.03370495e-01 -6.67308345e-02  5.53812161e-02 -1.42244846e-01
 -2.17932478e-01 -1.19424708e-01 -1.14114463e-01  5.09367399e-02
  3.70920934e-02 -8.14516172e-02  7.25035071e-02  5.13197519e-02
  1.64828286e-01  9.96840671e-02  1.52802959e-01  4.93770838e-02
 -2.43012652e-01  1.52595891e-02  8.14939886e-02 -7.21936151e-02
 -1.00677587e-01 -1.26916468e-01 -6.68543950e-02 -2.21609756e-01
 -3.65015045e-02 -1.84112355e-01 -1.25774667e-01  5.46707325e-02
  4.28390391e-02 -1.70925289e-01 -1.26570240e-01 -1.13914140e-01
 -5.24790958e-02  1.11544818e-01  6.76598996e-02 -4.98863123e-02
  6.60843551e-02 -1.49095114e-02 -6.13766648e-02 -4.81416564e-03
  9.84384343e-02  7.42596164e-02  2.54769530e-02  5.98581098e-02
 -1.53800786e-01  2.79115494e-02 -5.01607023e-02 -1.25958165e-02
 -9.52109843e-02 -1.37438074e-01  1.48918927e-01 -1.30060256e-01
  2.83056460e-02  6.76776096e-02  4.17650975e-02 -5.37593337e-03
  1.73782520e-02 -5.83826974e-02 -1.39946669e-01 -5.49246110e-02
 -2.60999352e-01  4.67843339e-02 -5.13619632e-02  1.44926339e-01
 -1.14355907e-01 -3.73016559e-02  1.06562480e-01  6.00973964e-02
 -5.25160879e-02  6.83884919e-02  2.94645458e-01 -7.23870769e-02
 -1.00851385e-02  5.22524603e-02 -1.39411427e-02  4.04327968e-03
 -1.22806929e-01  3.40959942e-03  4.16575298e-02 -9.33328941e-02
  1.68231621e-01 -5.22276126e-02  1.67968437e-01  1.79195851e-01
  3.58278193e-02 -9.55667347e-03 -3.16186473e-02 -3.09470594e-02
  4.03237157e-02  2.52462681e-02 -1.16105715e-03 -9.15801227e-02
 -6.98095784e-02 -1.31863534e-01  5.20607196e-02 -1.91897213e-01
  1.47693709e-01  4.58417982e-02  1.96594582e-03  4.77378704e-02
  1.75328311e-02  8.22344795e-02 -5.80614358e-02 -3.82771753e-02
 -6.01471514e-02 -3.42747681e-02  2.56431326e-02  3.98659147e-02
 -6.29665181e-02 -1.11747555e-01 -6.46940246e-02 -9.76889282e-02
 -9.26730186e-02  2.14348644e-01 -1.18895501e-01  1.61703005e-01
 -4.97723976e-03  5.52623756e-02  1.59883469e-01 -4.23985049e-02
 -8.18346292e-02  1.03050619e-01 -3.40059623e-02 -5.79939559e-02
 -6.38560504e-02  1.17675692e-01 -3.85039113e-02 -4.58164234e-03
  2.49358849e-03  1.87431893e-03  4.39776704e-02 -1.24338195e-01
 -1.41894236e-01  1.01318903e-01  6.87164739e-02 -1.71178039e-02
 -8.04140940e-02  4.51771170e-02 -8.06639493e-02 -4.85761762e-02
  3.63091268e-02  1.30553231e-01 -1.24306746e-01 -8.19064677e-02
  6.09203391e-02 -1.79156825e-01  9.67402375e-05  1.81746885e-01
  1.00968093e-01 -1.24401711e-01  3.94987874e-02  3.59341875e-02
 -2.24146154e-02  2.87538141e-01 -1.76559672e-01 -2.21266299e-01
  5.76035753e-02  9.87029374e-02  3.59823853e-01 -1.17162056e-01
  5.48561197e-03 -1.85234711e-01  3.10980473e-02 -3.77825975e-01
 -1.20026037e-01 -1.91020332e-02 -2.32087001e-02  3.59676301e-01
  9.78603661e-02 -1.92834008e-02  1.10368699e-01 -2.65540421e-01
 -1.24973521e-01 -3.99633273e-02 -1.23271115e-01  2.34287336e-01
 -1.33875415e-01 -4.80739363e-02 -3.92169580e-02 -1.30968271e-02
  1.44997925e-01  7.84633085e-02 -2.26747617e-01  1.01232203e-02
  2.03626156e-02 -4.22751419e-02 -6.82234690e-02  1.06957972e-01
  1.19290777e-01 -4.28897329e-02 -9.77747962e-02  1.62010461e-01
  6.69602379e-02 -1.25971273e-01  2.44457200e-01  1.16102606e-01
  1.14714643e-02 -5.54577745e-02  7.45702535e-02  6.79092631e-02
  1.80833727e-01 -1.22616272e-02  8.27850681e-03  2.09422782e-01
 -5.29826842e-02 -2.02463362e-02 -1.76715598e-01 -7.46872723e-02
  3.01684882e-03  2.27559526e-02  1.30706295e-01  1.13729976e-01
 -8.38791672e-03  4.40374762e-03  1.44992530e-01  7.72178471e-02
  2.09481604e-02 -7.11907744e-02  8.66778418e-02 -1.05821483e-01
  3.76923941e-02  8.87111276e-02  4.47253995e-02 -6.06717505e-02
 -1.20040350e-01  6.94276541e-02  2.47524269e-02 -7.16852695e-02
  1.78470593e-02  4.11135331e-02  6.97482526e-02  7.07632527e-02
  1.82060033e-01  1.76518679e-01  3.94289717e-02 -9.58760381e-02
 -4.69846874e-02 -5.68924919e-02 -4.20555063e-02 -3.36457859e-03
 -1.19409196e-01  8.44859928e-02 -4.35801856e-02  5.56492694e-02
  1.94038600e-02 -1.05266668e-01 -3.88891920e-02  2.99890097e-02
  3.15942243e-02  6.54795915e-02 -8.31824914e-02  2.04824749e-03
  3.69641669e-02 -5.72309457e-02 -4.34422605e-02  1.29086748e-02
  3.73821817e-02 -3.95221822e-02  7.10541680e-02 -4.14844193e-02]