http://erau.edu/ontology/meme.owl#CareerEndingTwitterTyposMeme
[-9.67085883e-02 -1.36708349e-01 -6.35988638e-02  1.56384576e-02
 -9.30028968e-03  1.78263679e-01  6.71390221e-02  9.78243724e-02
 -3.18430224e-03 -1.06610738e-01  9.61347073e-02 -1.12556368e-01
  3.53929549e-02 -1.00338846e-01  2.52328173e-04  5.58757931e-02
 -2.62875985e-02  5.44009507e-02  1.46361236e-02  5.49463108e-02
 -1.48104221e-01  1.05858333e-01  6.32751957e-02 -4.82477918e-02
  8.30962807e-02  7.85342231e-02  9.54806879e-02 -3.35076712e-02
  9.96194780e-02  5.63240908e-02  6.48140684e-02  1.73633039e-01
 -1.41030893e-01 -7.15372637e-02 -7.16381669e-02  1.63201332e-01
  4.15369235e-02  8.38978291e-02 -6.03933744e-02 -1.44944862e-01
  4.64595333e-02  1.11705564e-01 -2.54597068e-02 -1.05335362e-01
  1.36559993e-01 -2.44348100e-03  3.69953141e-02  6.81765596e-06
 -2.01339126e-02  6.45458400e-02  5.91160096e-02  8.36743414e-03
 -7.81083107e-02 -8.56414735e-02 -5.30994274e-02  6.72677578e-03
  4.44107689e-02  1.28651401e-02  5.87409064e-02 -3.07118241e-02
 -3.70460376e-02 -3.63331027e-02  1.86858121e-02 -2.10646875e-02
 -8.67105275e-02 -9.50765386e-02  4.41893004e-02 -4.66679782e-02
 -6.08204901e-02 -1.90599367e-01 -1.14845037e-01  1.42775878e-01
  4.59470004e-02  2.07686741e-02  5.58157787e-02  1.37277678e-01
 -5.70321493e-02  1.78384632e-02  1.92434028e-01  5.38484100e-03
 -2.35596262e-02 -7.30258599e-02  6.58516015e-04 -2.36860558e-01
  7.63013661e-02 -9.98769104e-02 -1.90311641e-01  1.96785733e-01
  9.28670317e-02 -3.43268402e-02  7.48233777e-03 -2.26854950e-01
  1.21424563e-01 -1.47469640e-01 -6.74941689e-02 -1.46609126e-03
  1.11420369e-02  1.44975046e-02  2.28629559e-02 -8.04351270e-03
  2.39474937e-01  3.62340435e-02  4.23714250e-01 -7.34148920e-02
  3.25767547e-02 -2.54856553e-02  1.17299303e-01  4.15081941e-02
 -1.55117204e-02 -1.43894345e-01 -2.05438957e-02  2.42366642e-02
 -1.19499922e-01 -8.40260088e-02  1.44864514e-01  1.79334402e-01
 -2.25378171e-01 -1.38021514e-01  5.76007739e-02  9.28492323e-02
  7.93499127e-02 -9.11844671e-02 -7.42190480e-02  9.10709053e-02
 -2.63134204e-02 -1.14804849e-01  5.16775101e-02 -1.78663852e-03
 -4.58864272e-02  7.49922246e-02 -2.52181470e-01 -8.96043610e-03
 -6.19803965e-02 -1.35231726e-02 -8.40233043e-02  8.54587927e-02
 -1.69031218e-01 -6.36410490e-02 -4.52367961e-02  1.46439895e-01
 -2.79485017e-01 -3.18022482e-02  3.92143801e-02 -3.87937166e-02
  1.59862235e-01 -2.47500002e-01  6.24618493e-02 -1.38351128e-01
 -5.55761307e-02  1.15660980e-01 -4.72131446e-02 -9.43983495e-02
 -5.21292258e-03  1.13747522e-01  1.05662700e-02  9.92740467e-02
 -1.16863847e-01  2.05925390e-01  8.92058089e-02 -8.54373351e-02
  1.42630056e-01 -2.33773232e-01  1.64465550e-02 -7.64194652e-02
 -1.73022196e-01 -1.75302222e-01 -6.87508844e-03  1.21502705e-01
 -3.17007661e-01  1.21851534e-01 -5.16983606e-02  8.88972804e-02
  2.36748919e-01  1.31625473e-01 -2.64055096e-02  8.57021287e-02
 -5.99470511e-02 -1.53851211e-01  1.01354450e-01 -5.14130630e-02
 -4.31964695e-02  4.09086086e-02  4.73311767e-02  8.44106451e-02
 -6.88799173e-02  1.07613672e-02  1.75867081e-02  4.34984230e-02
  2.51951575e-01 -9.01507139e-02  5.81477284e-02  4.59076166e-02
 -1.55822828e-01  2.00600699e-02 -5.18124029e-02  6.89257607e-02
  4.08906676e-02  1.33323640e-01 -7.33990669e-02 -9.26517472e-02
  4.69506206e-03  3.05920541e-02  6.16017282e-02 -1.21821994e-02
 -2.94883940e-02 -1.39425471e-01 -1.17958011e-02  7.25983921e-03
 -3.74401063e-02  4.53346148e-02  2.24657372e-01  8.16126540e-02
 -3.70501005e-03 -3.37768011e-02  8.87043104e-02  1.10019095e-01
 -1.33387297e-01  1.93206742e-02  6.81446912e-03  1.14198275e-01
  1.64442703e-01  2.28611715e-02 -6.79920167e-02 -9.33516398e-03
 -7.09655322e-03  2.86449920e-02 -1.40084609e-01 -5.69183789e-02
 -3.71226482e-02  2.02383287e-02 -8.96371715e-03  1.42242089e-02
 -1.49961412e-01  6.34517595e-02  1.08354725e-01  5.01217768e-02
 -1.62216201e-02 -7.25687528e-03  1.97906658e-01 -7.85010010e-02
 -5.69510739e-04 -8.38312805e-02 -2.35099327e-02 -1.33773480e-02
 -1.71614692e-01 -7.44167808e-03 -1.60621703e-01  4.05839607e-02
 -7.68121332e-02 -9.93835256e-02  9.30669680e-02 -1.16672786e-02
  1.54217795e-01  8.88438970e-02  1.46351069e-01  5.85554028e-03
 -1.19810700e-01  1.19650541e-02  1.06538922e-01  7.41574243e-02
  3.89922634e-02 -1.86853945e-01 -4.06352542e-02 -1.95440546e-01
  5.37013039e-02 -3.78435105e-01  2.00994723e-02  4.69185486e-02
  8.65349993e-02 -9.98617709e-02 -1.39880981e-02 -4.94656935e-02
 -1.03329964e-01  7.49917328e-02  1.33028522e-01 -5.90752251e-02
  2.14490250e-01 -5.80149442e-02 -1.34387240e-01 -6.28406927e-02
  1.17346175e-01  3.86772654e-03  1.90463569e-02 -3.46240588e-02
 -1.44395262e-01 -2.06220616e-02 -1.18772432e-01  5.76044843e-02
 -7.66493678e-02 -1.54879481e-01  4.78218906e-02 -5.75575233e-02
  2.19900794e-02  1.31211495e-02  3.32184769e-02  6.24957914e-03
  9.75642204e-02  5.83073758e-02 -8.14646631e-02 -6.07496910e-02
 -1.85084164e-01  3.70280854e-02  1.28411339e-03  1.54316917e-01
  2.02763490e-02 -1.36231305e-02  1.94172949e-01 -3.51423137e-02
  1.52026247e-02  1.01220645e-01  1.56119257e-01 -1.60196289e-01
 -1.05441436e-02  3.83912288e-02 -6.77462146e-02  3.33997086e-02
 -2.39740890e-02 -3.17180306e-02 -4.43254150e-02 -1.93905700e-02
  6.97561875e-02 -8.57139230e-02  9.20763835e-02  6.61775842e-02
  7.45881125e-02  1.21653080e-02 -1.06929563e-01 -6.77014887e-02
  6.49222285e-02 -8.67000744e-02 -5.44387698e-02  6.99828416e-02
  1.08208194e-01 -1.64293885e-01 -8.55701864e-02 -2.38212124e-01
  1.82589009e-01  2.70236451e-02 -3.32536176e-02  9.23655555e-02
  3.57267223e-02  3.05036921e-02  4.58233766e-02  3.32609168e-03
 -3.41855474e-02 -4.95703220e-02 -5.34177423e-02  2.87962500e-02
 -8.27949494e-02 -6.09566569e-02 -8.92823562e-02  3.41656096e-02
 -9.58941728e-02  1.68654799e-01 -1.23806059e-01  1.85904160e-01
  5.90624921e-02 -7.52676204e-02  1.25169873e-01 -3.96433733e-02
 -1.93531781e-01 -1.78311989e-02  6.48197010e-02 -2.88904961e-02
  1.16603509e-01 -8.14380422e-02  1.02464721e-04  6.28805757e-02
  1.86669603e-02  8.94676670e-02 -9.53106117e-03 -2.02553049e-02
 -1.45227790e-01  2.00457079e-03  1.19720660e-01  3.12418938e-02
 -1.98301580e-02 -7.75984824e-02 -8.27795714e-02 -1.46417096e-01
  1.02737859e-01  1.04280107e-01 -4.12962586e-03 -1.48040250e-01
  2.23877639e-01 -8.60599801e-02 -9.11444500e-02  2.06348389e-01
 -6.62032589e-02 -7.45397285e-02 -7.73942471e-02  6.65987059e-02
  3.64449508e-02  2.35884130e-01  1.72966197e-02 -2.03519821e-01
  5.72496876e-02  7.44604915e-02  3.05403501e-01 -9.69108492e-02
 -1.64553523e-01 -1.82944536e-01  1.55148879e-01 -2.33314663e-01
 -1.83569312e-01  9.37881973e-03 -3.08595151e-02  3.64856750e-01
  1.08450830e-01  1.45295814e-01  1.36030838e-01 -1.52718991e-01
 -1.00726284e-01 -6.93172440e-02 -1.12019911e-01 -5.45093901e-02
 -6.65496960e-02 -7.08490163e-02 -7.93934241e-02  1.08929858e-01
  3.36597748e-02 -2.41329484e-02 -2.12566793e-01  7.80485794e-02
  1.10653602e-02 -1.39660567e-01 -2.90312637e-02  1.51218906e-01
  8.14573690e-02 -9.88262743e-02  3.07150576e-02  2.37989351e-01
 -7.83650577e-02 -1.22639954e-01  1.34109437e-01  2.34166622e-01
  2.52015200e-02 -1.59696922e-01 -4.76773605e-02  2.09053189e-01
  1.23846307e-01  5.59607381e-03 -1.40940771e-01  2.25768492e-01
 -2.76625454e-01 -1.32385656e-01 -2.78742015e-01 -7.74866790e-02
 -1.41717449e-01  7.25340322e-02  1.18849576e-01  1.94112852e-01
  1.10728443e-01 -8.83850902e-02  1.51716128e-01 -6.10041097e-02
  9.24587473e-02  1.76283624e-02  5.59609197e-02  5.82017284e-03
  1.97854429e-01  4.24499018e-03  1.07426189e-01 -1.18465967e-01
  2.57088281e-02  1.01802699e-01 -6.83727786e-02 -2.25134373e-01
 -1.68879554e-01  1.98404845e-02  2.22797588e-01 -3.28099064e-04
  1.72817811e-01  1.74008653e-01  6.67398944e-02 -1.77075848e-01
  1.09256521e-01 -1.64636135e-01  3.92281897e-02  6.42146319e-02
 -1.17675878e-01 -4.57662791e-02 -2.05488190e-01  2.95938492e-01
 -7.12355599e-02 -2.00558260e-01  3.89038138e-02  2.79427841e-02
  6.05146475e-02  1.54150322e-01 -2.04859935e-02  2.77431831e-02
  1.20234797e-02  6.11768162e-04  2.12626636e-01  5.59371822e-02
 -1.33297117e-02  8.62490833e-02  4.49083038e-02  4.79939170e-02]