http://erau.edu/ontology/meme.owl#PennywiseDancingMeme
[ 0.04739913 -0.09243997  0.087753   -0.12129038  0.00694985  0.18530194
  0.04761038  0.13072212 -0.10434791 -0.09596649  0.03866249 -0.17381175
 -0.12190501 -0.12691955 -0.09896805  0.04729262  0.10381598  0.00503743
 -0.03447271  0.05971534  0.0121494   0.07368952  0.12973304 -0.03461346
  0.21565747  0.06925351  0.06483456 -0.02516744  0.19660474  0.01007638
  0.02244904  0.25304723  0.03209921 -0.12754932 -0.02962602  0.1572602
 -0.13039726  0.17858586 -0.03726676 -0.1977835  -0.0653973   0.01509587
 -0.19650635  0.010147    0.05901532  0.03791549  0.09097596  0.04147531
 -0.10356256  0.10336642  0.05817769  0.02266312 -0.05925886 -0.03077553
 -0.15495192 -0.05017599  0.03819547 -0.10013839  0.04475316 -0.01192106
 -0.01214439 -0.03027298  0.0740823   0.12578098 -0.15643652 -0.03162408
  0.06151199 -0.03181711 -0.11444664 -0.08644293 -0.08709145  0.10936427
  0.06060037  0.07857718 -0.04546239  0.12471877 -0.11233089  0.1470437
  0.08489061  0.07093088 -0.11637838 -0.23309202 -0.06686512 -0.07334288
  0.17149147 -0.14528884  0.0389608  -0.13333519  0.15466806 -0.1177643
  0.02293153 -0.1793465   0.10673613  0.01459149 -0.02392813  0.12906578
  0.06289889 -0.01249904 -0.01319387 -0.20481174  0.05584343  0.01538071
  0.22535622 -0.0940387   0.01433562 -0.00616833  0.13869895 -0.08500173
  0.09992232 -0.11880036 -0.11977097  0.0895082  -0.20845957 -0.16996507
 -0.18276031 -0.01947674 -0.25787792 -0.05166741 -0.06507123 -0.00393744
 -0.10577687 -0.13092493 -0.18945068 -0.00145168  0.0453733  -0.16291267
  0.09351874  0.08632227  0.11684918  0.02654059 -0.09782979 -0.06633257
 -0.04243257 -0.01080167 -0.11159147  0.06022023  0.084908   -0.08048282
 -0.17329179  0.00476332 -0.05024354  0.1501862  -0.02606308  0.04639464
  0.03995761 -0.272963    0.04760948 -0.0508987   0.09956726  0.22910535
 -0.036505   -0.09655872 -0.07093136  0.04680932 -0.04048406 -0.02529421
 -0.04158644  0.11806763  0.01513074 -0.10046273 -0.03276835  0.05649192
  0.02775265 -0.0848465  -0.1183903  -0.07662674  0.04902565  0.02777238
 -0.32550624  0.13701475  0.03800833  0.15813553  0.00987086  0.23090003
 -0.08543339 -0.18331836 -0.00506944 -0.11120459  0.07408555 -0.03684292
 -0.06397417 -0.02158014  0.20750318  0.0249674  -0.13451643 -0.07457834
 -0.07806018 -0.0396523   0.1258118  -0.03191015  0.10524285 -0.06769352
 -0.25693062  0.01358456 -0.15418905 -0.07096831  0.08211076  0.02775152
 -0.18010995 -0.18447898 -0.02123519  0.04012294  0.13241702 -0.04758462
 -0.13650215 -0.3773855   0.06236296 -0.0980823   0.1740895   0.14224158
  0.35289618  0.13988736  0.08869414 -0.20397444 -0.03569786  0.02818133
 -0.14538503 -0.01632337  0.38331524  0.22145759  0.0233693   0.09456292
 -0.13422474  0.11286373 -0.05413643 -0.01897826 -0.03538705 -0.17174515
 -0.12089124  0.0197707   0.21261168  0.00308223 -0.17849022 -0.16345727
  0.00745921  0.07602932 -0.00752857 -0.12392449  0.05909861 -0.00670935
 -0.10032961 -0.02790867  0.09219208 -0.11804973 -0.3385303  -0.04384234
 -0.21961148  0.15547231 -0.05752214  0.01231123  0.13117377  0.0622976
 -0.05769461  0.09685237  0.18351103 -0.02706877 -0.22944526 -0.13007855
  0.04139869 -0.04730697 -0.1559474  -0.0624998  -0.00786742 -0.04783786
 -0.16134728 -0.16235837 -0.09577514  0.16819619  0.1948649  -0.05449315
 -0.07485174 -0.20358701 -0.12672077  0.18241215  0.10407339 -0.00800463
  0.09718989  0.01940016 -0.11461967 -0.00717179  0.05392388  0.09886624
 -0.13505252 -0.16852045 -0.18983734  0.01152375 -0.03626002 -0.04231229
 -0.10087433 -0.2739816   0.04075717 -0.13957503 -0.08631074 -0.0966896
  0.01109197  0.18385471  0.26144582 -0.10062673 -0.02792898 -0.10458922
 -0.2625494   0.09893961  0.09084834  0.15351267 -0.0540944  -0.29887408
  0.12274452 -0.20241146 -0.15876924  0.1359901   0.44171995 -0.214377
  0.11412956  0.16662975 -0.10827261  0.06521276 -0.0528945   0.02088937
  0.27206403 -0.03606609  0.13333742 -0.33096936  0.11781136  0.15981402
  0.06495087  0.08696641 -0.2919455   0.10262873  0.10566074  0.14071436
  0.08599106  0.06047428 -0.03340988  0.07682166  0.06836332 -0.2053298
  0.07817815  0.13335247  0.03458222  0.04317757  0.07529603  0.03819503
  0.00850401 -0.06484865 -0.07678483 -0.01053428 -0.14262414 -0.08949102
  0.03031118 -0.08284178  0.03853637 -0.03964184 -0.03826129  0.20523864
 -0.29141077  0.05770962 -0.10812262 -0.15857401  0.2582802  -0.11186694
 -0.03851242  0.11489191 -0.07724992 -0.08206165 -0.11936972  0.07235698
 -0.2727701  -0.03816388 -0.09780351 -0.0501265   0.17510056 -0.15690838
 -0.1311767   0.226318    0.04744272  0.08173477 -0.28427732  0.11246432
 -0.18511565  0.07498397 -0.11145215  0.18809222 -0.19566405 -0.07499211
  0.03858503 -0.10058632 -0.065276    0.07821735 -0.02801538 -0.06325519
 -0.0929848  -0.05302101 -0.05348916  0.39175415 -0.192747   -0.02247659
  0.01177875 -0.02366909  0.3337089  -0.03557829  0.07194983 -0.09510943
  0.09161003 -0.20794031 -0.00131465 -0.03132359  0.07093365  0.08717204
  0.2239841   0.09109072  0.08423604 -0.10539118 -0.14287722 -0.1862602
 -0.00862079  0.11279776 -0.14808184 -0.221059    0.08431525  0.03389471
  0.20980112 -0.00065891 -0.22571279  0.08428741  0.11876719 -0.19396034
 -0.10310002  0.211611    0.12143239 -0.05988394 -0.03205944  0.18823025
  0.00191052 -0.0552952   0.17704567  0.22373492  0.10491043 -0.08142921
  0.15199801  0.05493048  0.123307    0.01585811 -0.23706889  0.3379961
 -0.37205553 -0.01189692 -0.22382736 -0.21065745 -0.02954176  0.04555124
  0.06574883  0.18630017  0.20092542  0.03109679  0.25890622 -0.11709268
  0.20005262  0.03719752  0.03238916 -0.17312378  0.02882795  0.06000995
  0.24060625  0.0216371   0.0306582  -0.02122261 -0.06781696 -0.03076951
  0.03889096  0.05239     0.1326002  -0.09625499  0.09045866  0.10745027
  0.01723141 -0.13391198  0.22868645 -0.12974912 -0.22725822  0.16623439
 -0.05725352 -0.07183243 -0.0981722   0.26801968 -0.15179296 -0.24967624
 -0.15776792 -0.01127161  0.15729432  0.1029171  -0.21832022  0.00670039
 -0.13640717 -0.09034285  0.08465085 -0.02602824  0.0338571  -0.26819816
 -0.02871617  0.06428396]