http://erau.edu/ontology/meme.owl#MelvinComicsFCKINGMELVINMeme
[ 0.05864571 -0.10587621 -0.02921341  0.0649164  -0.02490685  0.06121574
  0.08507355  0.11119911  0.05709984  0.05303125  0.17029157 -0.06584612
 -0.07741407  0.00356074 -0.10779557  0.06437121 -0.01999866  0.08030833
 -0.05321621  0.09524614 -0.15132959  0.0325914   0.12384052 -0.14101091
  0.08307067 -0.05111532  0.08595525 -0.07422328  0.1402294   0.10635833
  0.06465587  0.04832689  0.06705681 -0.00297256 -0.01428244  0.1026894
  0.0650686   0.06722428 -0.13004851 -0.12384707  0.05847664  0.1480433
 -0.18472719 -0.09172271  0.03953633  0.12372722 -0.01369784 -0.0919764
 -0.02344999 -0.07427797  0.09191649 -0.07025716  0.02221332 -0.16584414
 -0.18137993 -0.1031433   0.02209461 -0.08434559  0.14085528  0.0952993
  0.05433727 -0.09551786  0.12806855  0.03310625 -0.06487513 -0.06093037
 -0.02974073  0.07742222 -0.09070964 -0.17856756 -0.06933437  0.06304311
  0.1922872   0.0930988   0.02643299  0.16586244 -0.10235488 -0.0216563
  0.11699308  0.0043945   0.02742254 -0.13410255 -0.11631608 -0.16491921
  0.07840542 -0.10088588 -0.09692117 -0.05376685 -0.01001741 -0.02078767
  0.06739112 -0.1944822   0.08629545 -0.05150288 -0.15056828  0.0277482
  0.00721402  0.01395818 -0.0348236  -0.02047673  0.14013065 -0.04504963
  0.19378625 -0.10939421  0.01800652  0.03877649  0.05084346  0.00353035
 -0.01315057 -0.04581998  0.01374288  0.06057249  0.09561755 -0.11867176
  0.15713462 -0.02651065 -0.23535636 -0.12691817  0.11157104  0.04674185
 -0.08939677  0.09558068 -0.07225298  0.05948895  0.11965788 -0.06300122
 -0.04285803 -0.0418959  -0.06800929 -0.10058562 -0.29322746 -0.13104583
  0.0393989   0.00866951 -0.11427753  0.15086001 -0.0553389  -0.07858045
 -0.13817194  0.06694519 -0.274123   -0.00880771  0.10695803 -0.01645937
  0.22471485 -0.17215353  0.03235897 -0.08721358 -0.00586789  0.05236039
  0.09171079  0.01019913 -0.00207113 -0.0819332  -0.06547219  0.03788057
 -0.16475134  0.10669566 -0.03749449 -0.23176436  0.05211248 -0.08304093
  0.0425281  -0.03501857 -0.23860502 -0.14016385 -0.07900068  0.21765468
 -0.2773063   0.1004423   0.08347525  0.2105256   0.22356357  0.14899483
  0.01117123 -0.04804435 -0.04166     0.00520142  0.07156312 -0.00995187
 -0.1388358   0.13148934 -0.0376451   0.0089558  -0.0259483  -0.0056476
  0.1428108   0.08314703  0.07040428 -0.11784919  0.11700102  0.03821873
 -0.17847145 -0.12513885 -0.10440642  0.0489142  -0.05931127  0.17391188
  0.00911504  0.00936873 -0.07311923  0.01263489  0.04275011 -0.13240209
 -0.01506142 -0.20196395 -0.0621466  -0.02494291  0.06964377  0.12245122
  0.10576791  0.06148254 -0.06918191 -0.05240933  0.10794684  0.01362046
 -0.20066153 -0.07554132  0.23796144 -0.03369495  0.19954108  0.18463711
 -0.11716448  0.05980689  0.04097392 -0.06958726 -0.1534924   0.08325978
 -0.02283881  0.10198165  0.05837107  0.04480355 -0.09274068 -0.10365403
 -0.15782946 -0.02580895 -0.05346668 -0.14387827  0.09915963 -0.08297858
  0.00378312 -0.06208075 -0.02441567  0.00501796 -0.13372557 -0.15899138
 -0.17956468 -0.00911723 -0.07834648  0.09999303  0.10055134  0.08744434
  0.1313817   0.09044102  0.19579694 -0.05407581 -0.08334164 -0.02385238
 -0.09157174  0.06883361 -0.12195569 -0.09693763 -0.03081402 -0.16327567
 -0.00117042 -0.18830334 -0.05606325 -0.03545019  0.14242299 -0.07379159
 -0.0109264  -0.09226993  0.0519129   0.16080587  0.16913319 -0.07053737
  0.10803615 -0.06680282 -0.00542543  0.03956822  0.13508874  0.06061529
 -0.05964491  0.00837685 -0.17853247  0.03103284 -0.11610942 -0.09985667
 -0.0431916   0.00067365  0.15116422 -0.10352298  0.0298891  -0.07837322
  0.08256676 -0.03206912  0.122745    0.05889886 -0.08031419 -0.14557719
 -0.29211456  0.04360833 -0.07511296  0.09156556  0.04399104 -0.02968599
  0.07877404 -0.05120578  0.03378076  0.10900778  0.15898682 -0.16265231
 -0.08614567  0.02821721 -0.02476064  0.02531017  0.03976858  0.05471088
 -0.03892848 -0.03802729  0.00730479 -0.0844373   0.18514127  0.08549031
  0.00405342  0.06353556 -0.03216229 -0.09787173  0.0565071  -0.02158779
  0.03465857  0.03873842 -0.01149595 -0.12225271 -0.04588564 -0.23493165
  0.21371956  0.13545227 -0.18973562 -0.10433383 -0.05844092  0.09589629
 -0.07720854 -0.00917665 -0.10091677 -0.02569099  0.0327796   0.15675423
 -0.055655   -0.06601818 -0.09587578  0.09411801 -0.0028982   0.11527611
 -0.15275265  0.11599553 -0.12000472 -0.05584085  0.21438105 -0.07029898
 -0.1341118   0.11071102 -0.00829772  0.02456364 -0.10238118 -0.00382706
 -0.11071628  0.15024665 -0.11213052 -0.0456945  -0.02246824  0.06477583
 -0.27903995  0.0778469   0.05436983 -0.1488972  -0.15602459  0.00902055
 -0.07241628 -0.1032059   0.14204639  0.07752108 -0.1346529  -0.04705147
  0.0383862  -0.01101338 -0.05569761  0.08526152 -0.10589574 -0.11140592
 -0.0765302   0.01784479 -0.01594361  0.07441618 -0.05220414 -0.12750506
  0.10709241  0.07423472  0.02902385 -0.01766842 -0.0535964  -0.28322446
 -0.05488279 -0.14731602 -0.00592631  0.00698152 -0.06639588  0.20218386
  0.17394607  0.09891441  0.1127816  -0.25179118 -0.13795555 -0.06625906
 -0.03995461  0.06144852 -0.01859376 -0.08820743  0.02209703  0.12660985
  0.08456907  0.01591601 -0.04536927  0.04622992 -0.09063579 -0.10450828
 -0.00645777  0.15881719  0.06923649 -0.01757465  0.0273799   0.13509019
  0.12932535 -0.16920376  0.24394087  0.15188281 -0.0549017  -0.10684636
  0.11594389  0.11260744  0.0254657   0.02197687 -0.0282492   0.17127475
 -0.08793145 -0.0117932  -0.08501548 -0.1129733  -0.00137169  0.08084849
  0.0066975   0.04938981  0.15010351 -0.07549246  0.2445555   0.00393288
  0.12522405  0.04794332  0.06950919 -0.00247202  0.17632934  0.07567695
  0.10477975 -0.07108644 -0.06887878  0.19145879  0.01946663 -0.01661735
 -0.01641938  0.07967412  0.17263362  0.03492918  0.2953699   0.11442412
 -0.00245331 -0.00547887  0.05658494 -0.10505587  0.03484472  0.04283243
  0.02134178  0.07642236 -0.02559073  0.09441645  0.01940593 -0.04358046
  0.02334297 -0.07157326  0.01858683  0.03368616 -0.11543288 -0.023299
  0.06461568  0.04015748  0.04376015 -0.0509224  -0.00801387  0.02078401
  0.0106809  -0.01421055]