http://erau.edu/ontology/meme.owl#IcePoseidonMeme
[-1.49371028e-01 -1.16561718e-01 -5.29452823e-02  1.07172228e-01
 -2.06437986e-03  1.13946140e-01  2.44932607e-01  8.63137022e-02
  4.48884107e-02 -1.49584468e-02  1.87562764e-01 -1.16809867e-01
 -1.22211024e-01 -6.33729547e-02 -1.09095484e-01 -6.17773645e-03
  2.06168368e-01  9.80068892e-02 -5.56494072e-02  1.47709355e-01
 -1.43057629e-01  1.49942383e-01  1.58017889e-01 -2.46740073e-01
  1.54541746e-01 -1.09243810e-01 -7.05652460e-02 -1.04986578e-01
  2.85110354e-01  1.06507108e-01  1.72567442e-01  1.59765437e-01
 -4.69924919e-02 -2.69223377e-02 -4.79410775e-02  2.47628689e-01
 -1.97992194e-02  1.13953397e-01 -9.31793228e-02 -1.69976041e-01
 -1.36157861e-02  9.67314690e-02 -3.59407157e-01  5.59650287e-02
 -9.27115045e-03  7.05256015e-02 -8.01181644e-02 -8.55879337e-02
  2.41306284e-03  5.99114411e-02  2.83580478e-02 -3.75896990e-02
 -1.91992328e-01 -2.81299114e-01 -1.22944385e-01  6.06117696e-02
  1.60811156e-01 -1.50792450e-01  1.85468420e-01  6.83541745e-02
  2.71770954e-02  3.11927916e-03  1.07903294e-01  7.35053048e-02
 -5.01245558e-02 -8.39633774e-03  1.22728191e-01  2.09842194e-02
 -6.74230233e-02 -6.06624037e-02 -1.75150409e-01  7.22554028e-02
  9.25955176e-02  5.72746359e-02 -3.33537720e-02  6.91792890e-02
  1.65330563e-02  4.66266349e-02  2.20256466e-02  9.53969080e-03
 -2.87924111e-02 -9.32223424e-02 -1.02183454e-01 -1.80266410e-01
  4.80633900e-02 -1.15667269e-01 -1.70588136e-01  4.04203795e-02
  2.88856700e-02 -1.11646287e-01  6.90155402e-02 -1.25315219e-01
 -8.25292990e-03 -5.45564434e-03  3.84705998e-02  5.75241707e-02
 -4.86613251e-02 -1.50192112e-01 -1.84043482e-01 -3.76230329e-02
  4.76405071e-03 -8.55120122e-02  1.85449615e-01 -1.91662356e-01
  3.20543610e-02  5.18218763e-02  5.03021851e-02  3.94556262e-02
  1.16135485e-01  1.21034272e-01  6.18974529e-02  3.20341885e-02
 -9.29573253e-02 -1.39275849e-01  1.92974642e-01 -5.74866198e-02
 -1.83665648e-01 -3.06183510e-02 -1.78249218e-02  1.48860186e-01
 -3.53547111e-02  2.56600678e-02 -1.06509715e-01 -1.72390323e-02
  1.37074351e-01  2.14355122e-02  1.16300441e-01  9.39331502e-02
  1.51271850e-01  6.14633001e-02 -1.74496576e-01 -1.92545190e-01
  3.53005826e-02 -1.81387849e-02 -1.19936839e-01  3.02267462e-01
 -2.75149033e-03 -9.03524980e-02 -2.42741600e-01  1.15040839e-01
 -3.01380783e-01  7.55530149e-02  2.99425632e-01  8.45093746e-03
  2.57312506e-01 -1.83126613e-01  5.07158600e-02 -1.67551488e-01
 -1.04319356e-01  1.73779741e-01 -3.79668400e-02 -1.01938725e-01
  3.61060388e-02  1.07672617e-01  2.70798821e-02  1.72056600e-01
 -1.87088639e-01  2.07286552e-01 -1.14480536e-02 -2.22093284e-01
  2.66248528e-02 -4.34122328e-03  2.66136024e-02  2.94788722e-02
 -2.66791999e-01 -1.15641288e-01 -2.67484877e-02  2.20756844e-01
 -3.26750129e-01  1.52536809e-01  5.69780916e-02  2.03980088e-01
  4.79403548e-02  1.50161445e-01 -8.88499245e-02 -6.52818382e-02
 -1.95455477e-02 -8.43745172e-02  3.65260802e-02  7.83450529e-02
 -6.02245182e-02  1.05037704e-01 -4.53883111e-02  8.35664645e-02
  1.26920585e-02 -4.75778468e-02  5.47024794e-02  1.31617665e-01
  6.39780909e-02 -7.77174979e-02  3.81650142e-02 -1.09810539e-01
 -1.84473947e-01 -1.87101826e-01  8.78290012e-02  1.01272605e-01
  3.74114774e-02  1.26905695e-01 -2.71361172e-02 -8.47266465e-02
 -1.60709340e-02  7.26143047e-02  4.49906923e-02  1.36435255e-02
 -1.03275716e-01 -2.65779138e-01 -1.37760401e-01  1.10166691e-01
 -4.12643403e-02  2.61652827e-01  2.07047939e-01  7.39681348e-02
  6.57681972e-02 -3.37351859e-02 -6.66181371e-02  8.65606517e-02
 -2.10619763e-01 -6.81996271e-02  2.20599651e-01  1.18093528e-02
 -1.62560828e-02 -6.57940209e-02 -1.15073305e-02 -3.47258821e-02
  1.01122901e-01  1.28324121e-01 -1.01479487e-02 -5.29644527e-02
 -1.19751677e-01  1.17322505e-02  8.66360366e-02  9.66189802e-02
 -9.44445878e-02 -1.65563285e-01 -9.47522745e-03  9.75413993e-02
 -7.70413727e-02 -1.83373928e-01  1.20833218e-01  3.04466225e-02
 -7.48677626e-02 -3.60104740e-02  2.06228606e-02 -1.26849517e-01
 -2.66312182e-01 -1.00133307e-01 -2.34870344e-01 -1.76089648e-02
 -2.26315688e-02 -7.84517601e-02 -2.33765114e-02  4.88814004e-02
  2.48281330e-01  7.67336562e-02  4.30585928e-02 -5.99711537e-02
 -1.53652579e-01  3.08104251e-02  6.80423826e-02 -8.97918493e-02
 -3.40610258e-02 -1.14171378e-01  7.70278974e-03 -1.84283808e-01
 -1.48274042e-02 -1.99396074e-01 -1.40316710e-01  1.91071499e-02
  1.72094986e-01 -1.47848949e-01 -4.30881195e-02 -4.44750041e-02
  1.37334615e-02 -6.72865734e-02  1.45379767e-01  3.08211632e-02
  8.84174705e-02 -3.02180313e-02 -7.09358752e-02 -2.23078951e-02
  9.53906551e-02  1.55133098e-01 -7.34186545e-02 -2.95654293e-02
 -2.54913211e-01 -8.70894790e-02  5.10516129e-02  1.47437574e-02
 -5.37331626e-02 -1.78718746e-01  1.06671667e-02 -2.39516199e-01
 -9.77872163e-02  7.62970969e-02 -1.54790217e-02  6.00961372e-02
  1.18821375e-01 -1.52834151e-02 -2.11593751e-02  2.20584683e-02
 -2.47551471e-01  1.02479324e-01 -1.93405449e-02  1.63448319e-01
 -6.36212379e-02 -8.36668238e-02  1.20911631e-03 -2.93660555e-02
 -1.80275485e-01  6.98944256e-02  2.28506461e-01 -1.29623026e-01
 -2.04028115e-02  3.36499214e-02 -4.37422469e-02  1.14058517e-03
 -3.63530032e-02  6.55922201e-03  1.05182454e-03 -3.28131355e-02
  8.70138854e-02 -2.52930999e-01  1.28807828e-01  2.55571008e-01
  1.08663827e-01 -4.15606238e-02 -9.21613127e-02 -6.54877871e-02
  6.05216883e-02  1.24616280e-01  8.61783698e-03 -7.47049972e-02
 -6.10211417e-02 -9.76967514e-02 -1.47939086e-01 -1.19030297e-01
  2.09257901e-01  3.50528695e-02 -2.76275016e-02 -1.37132574e-02
  5.73049374e-02  1.00242801e-01 -1.51712671e-01 -1.43727526e-01
 -9.77739766e-02 -2.83782016e-02 -1.04374021e-01  1.79035753e-01
 -5.58905415e-02 -1.05516188e-01 -3.90292443e-02 -1.71969645e-02
 -1.74300335e-02  1.07292205e-01 -2.12035865e-01  1.44482940e-01
 -7.67997056e-02 -7.06199631e-02  1.53074145e-01 -1.26338452e-01
 -7.02648163e-02  2.54355729e-01 -1.42172173e-01  1.04956783e-01
  8.83225538e-03  2.28240207e-01 -5.39271459e-02  1.57327894e-02
  5.70309609e-02 -7.38009214e-02  4.83885445e-02 -1.62685290e-01
 -1.17019936e-01  1.87112242e-01 -8.72575343e-02 -1.03241533e-01
 -6.86416179e-02  2.33312305e-02 -8.99065938e-03  4.40502219e-04
  1.46561548e-01  2.16625020e-01 -1.76533505e-01  5.88602796e-02
 -1.01773711e-02 -1.19375587e-01 -1.52146310e-01  1.64759174e-01
 -1.84534192e-01 -1.51508108e-01  1.53525621e-01 -5.22310734e-02
 -1.82273552e-01  1.47075236e-01 -6.28460124e-02 -7.11844936e-02
  7.14517757e-02  1.53874513e-02  3.49885702e-01 -6.07169829e-02
 -4.39602099e-02 -2.73866445e-01 -6.58187643e-02 -3.30909878e-01
 -1.19627222e-01 -7.35723674e-02 -7.16094160e-03  4.59025890e-01
  1.66888714e-01  1.45446599e-01  8.80569443e-02 -2.05785543e-01
 -2.23601848e-01 -4.31097448e-02  2.70042121e-02  2.18421683e-01
  1.29758986e-03 -1.01340622e-01 -1.87629685e-02  6.53956365e-03
  1.76332638e-01  9.53091905e-02 -1.04663871e-01 -9.21306834e-02
  1.77144930e-02 -1.56731725e-01 -1.58880930e-02  2.49520630e-01
  1.38220996e-01 -2.81663276e-02  1.66234393e-02  1.61399379e-01
  5.88986725e-02 -2.30955139e-01  1.01718642e-01  3.53092961e-02
  3.85972001e-02 -1.13770775e-01  1.28230080e-01  7.86990598e-02
 -3.21234129e-02 -5.28441323e-03 -3.34657799e-03  7.92240445e-03
 -1.32525191e-01 -4.78296615e-02 -1.84058174e-02  3.89590161e-03
  2.64420975e-02 -1.78774104e-01  1.33328915e-01  1.59808546e-02
 -2.43833940e-03  8.74332264e-02  9.43696424e-02 -1.02498882e-01
  1.06456868e-01  1.16788886e-01  8.20118636e-02 -9.95506197e-02
  1.18524164e-01  1.62041327e-03  1.08926222e-01 -7.43457973e-02
  1.41164269e-02 -1.28913224e-02  1.39650464e-01 -1.04794152e-01
 -2.39730906e-02  4.55045477e-02  1.35774285e-01  3.08522489e-02
  2.03709975e-01  3.78516056e-02 -1.71167508e-01 -1.10465258e-01
  7.85904676e-02 -1.50359884e-01 -1.12356469e-01  5.71110025e-02
  4.66256682e-03 -1.24582928e-02  3.11126933e-02  8.87657627e-02
 -7.20458552e-02  1.22180492e-01 -2.33678259e-02 -3.05544548e-02
  2.43648011e-02 -6.44056797e-02 -1.09194234e-01 -1.32563472e-01
 -3.23587097e-02 -1.35460034e-01  6.40343726e-02 -3.19054835e-02
 -8.65328300e-04 -1.97745889e-01  2.49167234e-02  6.85270652e-02]