http://erau.edu/ontology/meme.owl#NyanNyanMeme
[-1.32941186e-01 -1.04657210e-01  1.42414138e-01 -5.39248693e-04
  4.61940244e-02 -2.17959043e-02  2.76989609e-01  9.25967097e-02
 -9.34917107e-02 -5.05163819e-02  1.54792845e-01 -5.82474247e-02
 -2.32127924e-02  5.51518314e-02 -7.20391944e-02 -3.23822238e-02
  3.19915675e-02  1.27753913e-01  6.74728602e-02  1.03320368e-01
 -3.23555797e-01  2.71215234e-02  1.90309823e-01 -1.84884712e-01
  8.73268694e-02 -1.51279075e-02  4.91772182e-02 -1.49778277e-01
  3.17634881e-01  6.77512437e-02  5.23337908e-02  7.00618625e-02
  8.84309784e-02 -1.18390732e-01 -4.36920486e-02  1.79965109e-01
 -7.63395056e-02  8.92990455e-02  1.77966300e-02 -1.56042516e-01
 -1.89570822e-02  1.84917182e-01 -2.23065078e-01 -1.13880262e-01
  3.77943888e-02  6.19938448e-02  1.28125716e-02  2.65575070e-02
  5.78884929e-02  2.12602578e-02  9.32911858e-02 -2.27463674e-02
 -1.97901856e-02 -1.45431727e-01 -7.53667653e-02 -4.47101556e-02
  8.14849362e-02 -2.94281226e-02  7.10935742e-02  1.55282542e-01
 -9.85063314e-02 -1.21095888e-01  1.79462269e-01  3.63948084e-02
 -2.81091034e-01 -8.31203386e-02 -6.93037361e-02  4.65908553e-03
 -1.50864989e-01 -1.61201060e-01 -7.59002119e-02  1.48264319e-01
  2.08940089e-01  2.09231731e-02  7.17038438e-02  5.57318069e-02
 -1.22388922e-01  4.49720100e-02  2.27971435e-01  1.06375612e-01
 -3.90229374e-02 -8.87340158e-02 -1.34763226e-01 -2.34495848e-01
  5.91599010e-03 -8.87186900e-02 -1.47546023e-01  1.14907324e-01
  1.38153374e-01  2.48085074e-02 -5.67017980e-02 -2.90787518e-01
  1.48382306e-01 -6.28886838e-03 -1.98819205e-01  3.12094092e-02
 -7.25494847e-02  2.46589668e-02 -8.58544260e-02 -6.59409016e-02
  7.90471137e-02 -8.58505070e-02  3.04259360e-01 -9.93508995e-02
  1.06295412e-02 -1.33851863e-04  8.89761746e-02  5.19603081e-02
  4.93083708e-02 -9.02705118e-02 -1.09174391e-02  9.97426361e-03
 -1.82768643e-01 -1.88995570e-01  9.94200408e-02  4.83045243e-02
 -3.45628142e-01 -7.06998631e-02  1.03521541e-01  1.35420784e-01
 -4.02068086e-02 -7.25653023e-02 -4.48770858e-02  4.63453010e-02
  2.36131828e-02 -9.57966223e-02 -5.03775589e-02  5.17925015e-03
  9.38042179e-02  2.60486566e-02 -1.73230588e-01 -7.95234069e-02
  2.59111281e-02 -5.68019263e-02 -2.19235290e-02  1.26766697e-01
 -2.38369200e-02 -1.04953796e-01 -5.89667782e-02  3.69297713e-02
 -2.21099854e-01 -1.98182967e-02  6.96343184e-02  1.42027885e-01
  1.40113860e-01 -1.82638168e-01  1.21106640e-01 -1.29834875e-01
  1.05270088e-01  1.76782355e-01  8.27751383e-02 -1.11281179e-01
  5.30524813e-02  5.92033155e-02 -5.86644039e-02  2.56996639e-02
 -1.62143350e-01  2.02166930e-01  1.04045570e-01 -9.92635936e-02
  8.20021182e-02 -1.70716420e-01 -5.35544790e-02  1.37093812e-01
 -2.63856620e-01 -2.12525517e-01 -7.27416500e-02  1.57838807e-01
 -3.32595378e-01  1.62482813e-01  1.19988844e-01  2.03247637e-01
  2.11223289e-01  1.90043241e-01 -6.13945201e-02 -7.53527954e-02
 -6.25520498e-02 -5.84775433e-02  1.42915189e-01  1.34322504e-02
 -4.49232943e-02  6.49005398e-02  5.34740314e-02 -8.71054009e-02
  2.29009483e-02  3.54652340e-03  6.36892393e-02  6.61618412e-02
  2.45909512e-01 -8.04584771e-02 -3.37517336e-02 -6.90165684e-02
 -2.16370657e-01 -1.02193551e-02 -6.46688417e-02 -4.78264615e-02
  1.06228627e-01  1.53744817e-01 -3.45743336e-02  1.61172524e-02
 -1.01477085e-02 -8.43361095e-02  6.75034523e-02 -1.28230363e-01
  5.78227863e-02 -2.48964876e-01  1.47665255e-02 -3.95845398e-02
  1.59106299e-01  9.95544866e-02  2.28412390e-01  1.22930802e-01
 -9.76573676e-03 -1.02016561e-01  1.49889559e-01  3.52434777e-02
 -2.00602919e-01 -4.78139482e-02  1.48516104e-01  1.19018428e-01
  2.39705324e-01  1.52066678e-01 -1.03971653e-01 -1.75203681e-02
 -8.58793929e-02 -1.46251135e-02 -2.09797710e-01 -6.53574020e-02
 -5.12366518e-02 -2.16176640e-03  3.78419794e-02  5.27490042e-02
 -1.45215362e-01  3.30205113e-02 -1.31718758e-02 -1.06646242e-02
 -3.99218686e-02 -2.59012058e-02  9.49332714e-02 -2.36477498e-02
 -5.71131483e-02  6.28996566e-02  3.92450467e-02 -3.68997059e-03
 -2.10193604e-01 -4.61438298e-02 -8.80667567e-02 -1.09581627e-01
 -1.38806492e-01  3.43272984e-02 -6.39695302e-02 -1.29735260e-03
  1.91740796e-01  9.07803513e-03  1.37715578e-01 -8.39002952e-02
 -4.42889035e-02 -3.21343690e-02 -3.28324772e-02 -6.64787367e-02
 -1.45910233e-01 -2.02001724e-02 -6.94288313e-02 -4.58976552e-02
 -3.64436693e-02 -2.01354638e-01  6.22088313e-02 -2.41338089e-02
  4.74458411e-02  3.89388874e-02  3.20207216e-02 -6.42481372e-02
 -7.54050612e-02  5.77573627e-02  2.30321452e-01 -7.40768090e-02
  1.03454165e-01 -3.53049301e-03 -2.03497950e-02 -5.15265167e-02
  1.78169832e-02  1.71060145e-01 -7.61484131e-02 -9.35720503e-02
 -1.38521641e-01  6.16862439e-02 -1.90027021e-02 -1.88010037e-02
 -7.51769766e-02 -6.60859495e-02  1.47373497e-01 -7.48200193e-02
 -9.53534096e-02 -9.39978808e-02  1.91548858e-02 -3.68572511e-02
  1.86036676e-01 -8.91342014e-03 -1.37146518e-01 -1.99963763e-01
 -9.01157334e-02 -1.92297027e-02 -2.23046765e-02  6.85394183e-02
 -7.05847591e-02 -1.56213269e-01  2.62886256e-01 -5.36939502e-02
 -4.39552292e-02 -6.82547390e-02  1.92578658e-01 -1.81421295e-01
  1.73946358e-02  5.06440811e-02 -3.57586406e-02  5.37883714e-02
  8.07051212e-02  2.02803649e-02  5.90349548e-02 -4.51965965e-02
  1.41833425e-02 -1.31207570e-01  1.34694695e-01  1.73800766e-01
  8.62049609e-02 -1.08875133e-01 -1.14249378e-01 -3.19328532e-02
  1.68964148e-01  7.04750977e-03  1.92577951e-02 -9.65980696e-04
 -2.22946256e-02  2.60432363e-02 -5.87908644e-03 -2.66687393e-01
  5.44045493e-02  1.91623062e-01 -5.24392948e-02  1.72376353e-03
  1.06172953e-02  1.49128303e-01 -6.90305308e-02  7.47721493e-02
 -9.93871242e-02  6.88090175e-02 -7.01033399e-02  1.30256057e-01
  2.86897775e-02 -1.75887376e-01 -4.98010665e-02  1.14337474e-01
 -6.52339533e-02  1.68381050e-01 -1.63460746e-01  5.59751652e-02
 -2.40879357e-02 -1.07280999e-01  2.23651484e-01  1.40219098e-02
 -1.24568507e-01  1.47022933e-01 -2.06476599e-02  2.60260031e-02
 -4.41722497e-02 -3.30119915e-02 -4.87454645e-02  1.00176660e-02
 -1.24761306e-01 -2.47914996e-02  3.35478759e-03  1.35205025e-02
 -1.39477059e-01 -5.54548437e-03  5.46726324e-02 -8.02730396e-03
 -1.18068255e-01  9.63888969e-03 -5.87531440e-02  2.45085228e-02
  1.20623484e-02  1.33412972e-01 -7.38313049e-02 -3.93668115e-02
  5.64799942e-02 -1.05719507e-01 -5.51633947e-02  5.94247207e-02
 -5.53324968e-02 -3.24667394e-02 -1.27441501e-02  6.31662384e-02
 -5.26474323e-03  1.55631796e-01 -1.78522635e-02 -1.36887595e-01
  5.87274469e-02  5.61139956e-02 -2.32073385e-02 -2.07073279e-02
 -1.18519058e-02 -1.23191506e-01  3.11650969e-02 -4.03176062e-02
  1.04335565e-02 -7.29930624e-02 -4.02610600e-02  1.44318432e-01
  9.16594267e-02 -8.02608393e-03  1.18679531e-01 -1.00910872e-01
 -1.52009696e-01 -6.19506463e-02 -6.33618832e-02  5.04433252e-02
 -6.46972060e-02 -9.43522900e-02  6.04824461e-02  2.57092491e-02
  2.05942363e-01  1.70859024e-02 -1.02103770e-01 -2.58798003e-02
  4.10415232e-02 -8.59680772e-02 -5.80134988e-02 -1.47435935e-02
 -1.16616450e-02 -9.85722020e-02  1.56140616e-02  1.46421880e-01
  7.26381615e-02 -4.44826819e-02  1.35542408e-01  1.58572018e-01
  5.52647188e-02 -6.08518124e-02  6.87284619e-02  7.65402764e-02
  2.84217559e-02  1.73546016e-01 -1.45881861e-01  2.34478310e-01
 -1.90291420e-01 -9.58586335e-02 -1.46845862e-01 -1.22912772e-01
 -3.56261767e-02  5.42951040e-02  4.52472903e-02  4.00529280e-02
  1.46762490e-01 -1.60672236e-02  1.79154500e-01  7.31905252e-02
  3.44572552e-02 -1.62818679e-03  8.11355859e-02 -4.19397987e-02
  9.72467437e-02  5.35501279e-02  2.13414073e-01 -5.51558733e-02
 -2.18818672e-02  2.40229577e-01 -2.57898290e-02 -7.42794275e-02
 -2.17450988e-02 -1.13699278e-02  2.29963183e-01 -9.02669951e-02
  1.62489489e-01  1.66426793e-01 -4.06201780e-02 -1.24345951e-01
  1.39120042e-01 -3.07457328e-01 -4.93925214e-02  1.58865407e-01
  9.57711339e-02  3.59239690e-02 -6.82906359e-02  2.39795014e-01
 -1.84443593e-01 -1.82320654e-01  2.58973874e-02 -6.50975332e-02
  2.04925939e-01  1.42878562e-01 -5.79420142e-02 -1.06372386e-02
  4.15925197e-02  1.27900898e-01  1.38743803e-01 -1.96692627e-02
 -1.98980104e-02 -1.62730515e-01  5.03625870e-02  1.46433040e-01]