http://erau.edu/ontology/meme.owl#KSFieldMeme
[ 2.21922584e-02 -1.10829562e-01  3.00800819e-02  4.76630665e-02
  1.77999511e-02  1.50629543e-02  1.61340997e-01  8.44968781e-02
 -9.64434072e-02 -3.19677442e-02  1.85270011e-01 -8.05428326e-02
 -8.68706629e-02  6.16953149e-03 -1.54604003e-01 -2.20672805e-02
  3.28853764e-02  1.37554452e-01  2.97826715e-02  7.07713217e-02
 -2.19646886e-01  1.12507887e-01  1.10435121e-01 -1.86697334e-01
  8.65711272e-02 -1.65365580e-02 -3.70792821e-02 -1.42752111e-01
  2.45955467e-01  9.56260189e-02  1.00384787e-01  1.53406978e-01
  9.25794989e-02 -4.68763858e-02 -1.00955730e-02  2.02243388e-01
 -4.17976687e-03  1.33304417e-01  2.47822963e-02 -1.37912259e-01
  2.45933123e-02  1.70440629e-01 -1.55906320e-01 -7.32947066e-02
  4.10676934e-02  8.95013362e-02  6.11553267e-02  1.22486707e-02
  3.52661982e-02 -1.37259718e-02  4.70517762e-02  4.49989783e-03
 -1.53393894e-01 -1.29759982e-01 -9.93647277e-02 -3.02619091e-03
  6.62134290e-02 -5.43986969e-02  1.30607218e-01  6.49054646e-02
 -1.36813531e-02 -8.60266089e-02  1.29714578e-01 -3.03850789e-02
 -7.28628114e-02 -1.18773311e-01  1.73779633e-02  1.21356770e-02
 -5.39623462e-02 -1.13534518e-01 -6.68429658e-02  4.07660566e-02
  9.86027494e-02  2.85915714e-02  2.32131630e-02  8.83935392e-02
  3.93339712e-03  5.67338094e-02  8.91799703e-02 -5.56642413e-02
  7.65512814e-04 -1.47779971e-01 -5.38486950e-02 -8.61849114e-02
  4.11815792e-02 -5.03780730e-02 -4.11910899e-02 -3.32070142e-02
  6.07979447e-02  2.20476948e-02  5.76766916e-02 -1.83943808e-01
  3.89375724e-02 -3.12366581e-04 -8.37492719e-02 -4.09499146e-02
  3.64930928e-02  4.77194898e-02  6.66357428e-02 -6.05284348e-02
  9.96358991e-02  5.62483445e-03  1.70335844e-01 -7.33717605e-02
  5.43230586e-02  3.65214609e-02  9.01707858e-02 -2.49466654e-02
  4.04573232e-02  1.49296205e-02 -6.85345158e-02  1.32968100e-02
 -1.27432048e-01 -5.44163324e-02  7.36414865e-02 -5.58482809e-03
 -1.71277061e-01 -1.93710238e-01  8.67267698e-02  9.59349573e-02
 -2.56609004e-02  3.46764773e-02 -8.90315697e-02  4.62534726e-02
  4.41233302e-03 -1.28932014e-01 -3.10689444e-03  1.87991336e-02
  8.36530849e-02 -2.46193819e-02 -1.72827870e-01 -4.34496207e-03
 -3.23540047e-02 -2.48241201e-02 -8.65943208e-02  9.37918946e-02
  8.14727023e-02 -7.59397298e-02 -5.05715981e-02  7.59998634e-02
 -1.61343709e-01  1.61146820e-02  3.69049795e-02  5.84071614e-02
  1.71128139e-01 -2.28001297e-01  1.43304626e-02 -9.28831175e-02
 -3.31973881e-02  1.65198728e-01  9.75441560e-02 -9.31739733e-02
 -3.35609987e-02 -4.70666327e-02 -3.40213962e-02  5.75843081e-02
 -1.99942619e-01  1.60523281e-01  2.18586493e-02 -8.55130851e-02
 -4.08197120e-02 -3.92773785e-02 -3.36142294e-02 -4.85887602e-02
 -1.84778363e-01 -1.36839256e-01 -6.05498254e-02  4.22142446e-02
 -2.88124621e-01  1.37463883e-01  7.26891235e-02  1.13768570e-01
  1.15714133e-01  1.51323527e-01  4.82919514e-02 -1.03625253e-01
  1.26792621e-02 -2.28818674e-02  3.56853902e-02 -9.10749733e-02
 -1.23428665e-01  2.91388575e-02  9.02896449e-02 -8.68521258e-02
  2.17625331e-02  2.31621601e-02  2.82708909e-02 -5.90635696e-03
  1.51556954e-01  1.67467743e-02  1.64292548e-02 -8.63169879e-02
 -1.99177593e-01 -8.90650153e-02 -6.31329662e-04 -6.39291853e-02
  6.70180991e-02  5.75862676e-02 -1.15028270e-01 -7.49034248e-03
  2.06262004e-02  2.36574002e-02  9.39135551e-02 -1.20773844e-01
 -3.19713168e-02 -2.87252873e-01 -1.71781667e-02  3.24590765e-02
  1.98505223e-01  2.11267307e-01  2.80605465e-01  9.01005641e-02
 -3.87331471e-02 -1.11258589e-01  9.91886556e-02 -2.55967639e-02
 -9.10814777e-02 -3.46838869e-02  7.72140622e-02  1.42040282e-01
  1.11435726e-01  1.16738118e-01 -1.48698628e-01  5.26823394e-04
  1.91195495e-02 -2.06011683e-02 -1.08894408e-01 -4.88096960e-02
  3.30723748e-02  1.65431723e-02  1.56149358e-01  1.66677106e-02
 -1.14218161e-01 -6.11289516e-02 -8.34675580e-02 -1.94201376e-02
 -6.59391806e-02 -5.17768264e-02  7.39995856e-03 -2.43271030e-02
 -6.28433153e-02 -7.99249560e-02  2.33191233e-02 -9.45668085e-04
 -1.52228370e-01  1.16307158e-02 -9.57799703e-02 -3.41558158e-02
 -8.92524421e-02  4.93387058e-02  7.23553151e-02  5.15526794e-02
  4.86303344e-02  7.81175168e-03  1.06190667e-02 -4.96417508e-02
 -1.03908919e-01  3.61489765e-02  6.19624518e-02  1.81053523e-02
 -7.28308409e-03 -7.19351992e-02 -5.15277348e-02 -7.95650482e-02
 -7.90692791e-02 -1.02665864e-01 -5.07985614e-02 -5.21462187e-02
  6.79271817e-02 -1.43057421e-01  1.63008925e-02 -1.35874718e-01
  2.94857640e-02  4.26344872e-02  2.14370981e-01 -3.42529733e-03
  1.50499001e-01 -3.73695418e-02  5.05078509e-02  2.94200666e-02
  8.29972476e-02  3.49874757e-02 -1.36388717e-02 -8.39759633e-02
 -1.73274979e-01  3.83669250e-02 -8.58380497e-02 -5.82962520e-02
 -4.09853160e-02 -6.83363080e-02  9.33688208e-02 -1.32129878e-01
 -2.07043812e-02 -1.04576625e-01  5.29101044e-02  5.29228635e-02
  1.52871534e-01  2.09845938e-02 -1.02204368e-01 -1.62544757e-01
 -1.42749906e-01  3.98223363e-02 -5.52070737e-02  6.76888302e-02
 -3.42584252e-02 -7.22838864e-02  1.09740578e-01 -5.99969402e-02
  1.51235971e-03  9.93601605e-02  2.06271589e-01 -2.01558053e-01
  1.86315905e-02  1.52807564e-01 -5.43042384e-02  2.51764320e-02
 -4.17981893e-02  8.13624635e-02  4.15049456e-02 -5.65470122e-02
  9.13765654e-02 -1.55539215e-01  9.28392336e-02  1.90087408e-01
  8.66542831e-02  6.15324937e-02 -1.54685929e-01  3.45640518e-02
  1.12334885e-01 -4.49662358e-02  3.65448259e-02 -1.26619861e-02
  5.82577251e-02 -8.72270316e-02 -1.12366557e-01 -1.18941128e-01
  1.31973714e-01  3.94051559e-02 -4.19201739e-02  7.21096843e-02
  1.28698824e-02  1.00401506e-01 -6.11062571e-02 -2.19535758e-03
 -3.06040719e-02 -7.18284622e-02 -1.36513919e-01  5.86756282e-02
 -5.34093007e-02 -9.64761153e-02 -2.61399690e-02 -3.40218702e-03
 -5.79429008e-02  1.72596931e-01 -1.57688156e-01 -3.32554965e-03
 -1.09253004e-01 -4.99718152e-02  2.10605696e-01  2.25606165e-03
 -1.04765393e-01 -2.08461527e-02 -1.45155331e-02 -1.97510943e-02
 -2.15798821e-02 -3.15238126e-02 -4.02538404e-02 -2.76984964e-02
  6.28432781e-02  2.92906966e-02 -2.36782618e-03 -1.09526450e-02
 -1.29870892e-01  1.31907372e-03 -3.74514535e-02 -1.10471182e-01
 -9.82122123e-02  4.54727970e-02  2.87020914e-02  3.05583291e-02
  1.24423184e-01  1.36587113e-01 -7.03568980e-02 -4.58601899e-02
  6.99640214e-02 -1.02554783e-01 -1.63436010e-01  1.78508148e-01
 -4.14932035e-02 -1.08106002e-01 -7.99804032e-02  9.26038250e-02
 -9.94844139e-02  2.98686713e-01 -4.09805961e-02 -2.57845432e-01
  2.15131789e-02  9.78857186e-03  2.65482992e-01 -2.45429501e-02
  4.46023559e-03 -2.33820051e-01  3.85852568e-02 -2.12985948e-01
 -1.12388745e-01  9.85288713e-03  2.65054666e-02  3.44574779e-01
  1.06490575e-01  9.12548155e-02  7.09448755e-02 -1.08625099e-01
 -1.62693411e-01 -4.62447330e-02  5.30596934e-02  3.34003791e-02
  1.69381015e-02 -1.75104752e-01  5.26854731e-02  7.17399567e-02
  1.19952872e-01 -2.44233776e-02 -3.06040514e-02  4.16315645e-02
 -7.64077576e-03 -1.05832666e-01 -4.77935113e-02  1.05713606e-01
  8.13170299e-02 -1.03535175e-01  3.94021161e-02  1.20477445e-01
 -1.64576285e-02 -1.96689397e-01  1.05942532e-01  3.14770713e-02
  4.12029400e-03 -4.63073961e-02  5.61225489e-02  1.54888719e-01
  5.24575189e-02  9.59801078e-02 -9.16668847e-02  2.11830914e-01
 -1.67612806e-01 -2.52697300e-02 -9.59114879e-02 -1.03011444e-01
 -7.97335654e-02  3.57621014e-02  1.31723940e-01  2.16126777e-02
  1.82896763e-01  2.22255625e-02  2.05791995e-01  5.86057939e-02
  1.28467798e-01  8.96526948e-02  1.12128682e-01  1.68508738e-02
  6.12372495e-02  1.72363877e-01  1.64438292e-01 -1.54076174e-01
  1.96201671e-02  1.08319752e-01 -1.19021069e-02 -1.58599943e-01
 -1.08970627e-02  3.40442955e-02  2.28761524e-01 -8.05299580e-02
  2.11062178e-01  1.06158987e-01 -4.52213474e-02 -1.42907456e-01
  9.08209831e-02 -7.75077343e-02 -5.76192811e-02  8.78165737e-02
  6.64857551e-02  2.10348330e-02 -1.26599088e-01  1.40624583e-01
 -6.72087148e-02 -1.62140995e-01 -5.54717742e-02 -9.65230018e-02
  6.95437565e-02  5.21422699e-02 -8.30985755e-02 -1.53249428e-02
  7.09923506e-02 -2.08677314e-02  9.54756513e-02 -1.40452813e-02
  4.10181619e-02  6.30766526e-02  1.93171296e-02  7.12393150e-02]