http://erau.edu/ontology/meme.owl#HarkAVagrantMeme
[-7.93029442e-02 -7.07380995e-02  1.42700851e-01  5.36094122e-02
 -5.26316017e-02  6.42906651e-02  2.13199809e-01  3.21954340e-02
 -5.70467524e-02 -2.69603357e-02  1.91215158e-01  5.71848676e-02
 -7.40220770e-02  9.15456861e-02 -1.38834596e-01 -2.04169899e-02
  1.46709770e-01  1.39267862e-01  1.74182802e-01  3.92365791e-02
 -1.93373471e-01 -1.00263715e-01  1.74527287e-01 -1.02663875e-01
  1.08529471e-01 -1.07229054e-01 -7.93818757e-02 -6.74176589e-02
  3.06164801e-01  2.33742923e-01  8.42673033e-02  1.24807931e-01
  1.42873153e-01 -7.02778548e-02  3.34172919e-02  1.38328627e-01
 -5.63558899e-02  7.43700936e-02  2.29691528e-02 -8.36989582e-02
  5.58189824e-02  2.58532017e-01 -1.76729321e-01  3.53544988e-02
  9.49044228e-02  2.06608586e-02 -5.15225269e-02  8.49142950e-03
 -3.93956760e-03  8.89351871e-03  1.99276432e-02 -2.69467067e-02
  2.89496761e-02 -1.55085415e-01 -1.39123783e-01  4.04926986e-02
  1.42449141e-01 -1.18835568e-01  1.67695805e-01  2.27688476e-01
 -7.59042380e-03 -8.99155289e-02  2.07127169e-01  4.45899032e-02
 -2.96083599e-01 -8.28189850e-02  8.49472173e-03  8.49519968e-02
 -1.49040341e-01 -9.85949412e-02 -1.08587891e-01  2.57860981e-02
  1.58348307e-01  1.30827771e-02  1.31386071e-01 -3.59444018e-03
 -9.97690856e-02  3.20361443e-02  2.12087974e-01  9.64462385e-02
 -8.40499625e-02 -3.58069465e-02 -8.83043103e-04 -1.92452088e-01
  1.65496558e-01 -9.69940275e-02 -9.21046957e-02  7.08993822e-02
  1.24209240e-01  9.16072056e-02 -6.57340810e-02 -2.22470671e-01
  3.61288041e-02 -1.01708055e-01 -1.88353047e-01  1.49504960e-01
 -4.39057015e-02 -3.81157435e-02 -1.07271500e-01 -1.03227377e-01
  7.65360892e-02 -7.25810556e-03  3.18683922e-01 -1.82164133e-01
 -2.86112428e-02  6.48312420e-02  1.22968525e-01 -8.67294446e-02
 -5.17410114e-02 -1.02894470e-01  2.33289283e-02 -3.52950729e-02
 -1.04284920e-01 -1.16885006e-01  8.00285861e-02  6.93126097e-02
 -2.56902128e-01 -1.62875205e-01  1.29167616e-01  5.19256182e-02
 -9.09891650e-02 -2.88153607e-02 -9.41160601e-03  1.44783378e-01
  1.36008710e-01 -2.77717933e-02 -8.48829895e-02 -2.45680474e-02
  5.42786345e-02  2.82096327e-03 -2.96925843e-01 -6.20588847e-02
 -8.37885365e-02 -1.54380398e-02 -1.34140551e-01  1.55964732e-01
  4.14317613e-03 -6.70564771e-02 -1.60649106e-01  3.85449901e-02
 -2.85656661e-01  2.97688488e-02  1.43167198e-01  3.30546871e-02
  2.29083240e-01 -2.09948882e-01  4.40876335e-02 -8.83401856e-02
  5.35803265e-05  1.74684212e-01  4.23009843e-02 -1.80887744e-01
 -5.46425432e-02  1.09489299e-01  9.04151574e-02  1.21503934e-01
 -1.91360697e-01  1.56874418e-01  1.43291637e-01 -6.19796850e-02
  1.36525650e-02 -1.06559627e-01  2.84170192e-02  9.60685685e-02
 -3.03054214e-01 -1.10342853e-01 -1.38487183e-02  1.85180947e-01
 -4.25041825e-01  1.20268248e-01  1.09724060e-01  1.72867551e-01
  1.46939486e-01  1.03575319e-01 -2.26586815e-02  2.13574935e-02
 -4.84904721e-02 -3.33464667e-02  6.70830756e-02 -5.88432513e-02
 -8.11919570e-02  7.71956593e-02  9.09925401e-02 -1.78802554e-02
 -3.18188220e-02 -2.48764958e-02  1.24384008e-01  7.14406520e-02
  2.29164317e-01 -7.96079263e-02  4.13309634e-02 -8.54049101e-02
 -2.21682116e-01 -1.05390042e-01  1.58629641e-02 -1.61710665e-01
  1.32852411e-02  1.67915419e-01 -4.11579497e-02 -1.25399968e-02
 -2.77092196e-02 -2.65414137e-02  6.65157065e-02 -6.39690906e-02
  3.15319598e-02 -3.26986939e-01  7.90878311e-02 -1.32465944e-01
  2.57632136e-01  1.89869463e-01  3.05417180e-01  1.65295318e-01
 -7.03598708e-02 -1.73167866e-02  1.14449665e-01  1.21049670e-04
 -1.27634764e-01 -1.26944348e-01  1.72192395e-01  1.66072741e-01
  8.70821550e-02  2.30219245e-01 -1.72581002e-01  5.55162840e-02
 -4.84427251e-02 -4.06728452e-03 -1.87314436e-01  7.29244649e-02
 -1.48231223e-01 -5.85520677e-02  5.85273951e-02  9.14117694e-02
 -1.40143242e-02 -1.31751746e-01 -1.13622561e-01 -5.05759828e-02
 -1.81857497e-01 -5.67480847e-02 -1.04561578e-02 -3.82568338e-03
 -4.49008532e-02  4.27165534e-03  3.31934951e-02 -1.03404513e-03
 -2.72393525e-01 -5.70619851e-02 -9.17914584e-02 -8.51274841e-03
 -1.11163579e-01  8.58619735e-02  6.64757341e-02 -6.07515574e-02
  1.94498166e-01  2.91381478e-02  1.11990578e-01 -1.45533651e-01
 -2.01743618e-01 -9.31886062e-02  1.35161560e-02  1.92373116e-02
 -1.85942397e-01  9.04731601e-02 -5.85179478e-02 -1.57348663e-01
 -3.83578837e-02 -6.36513978e-02 -7.76322782e-02 -2.13472433e-02
  2.08732225e-02 -1.14910029e-01 -2.08024755e-02 -1.19485214e-01
 -1.19239032e-01  1.27550717e-02  9.51640308e-02  4.21240274e-03
 -4.09571975e-02 -1.92977916e-02  7.70831630e-02  5.44030182e-02
  6.60800189e-02  1.77090466e-01 -1.17679238e-01 -9.29658487e-02
 -2.25898817e-01  8.45045149e-02 -1.29535675e-01 -7.27302954e-02
 -4.96929921e-02  3.74690071e-02  1.80241302e-01 -1.49067268e-01
 -5.22350445e-02 -9.02413353e-02  6.78727578e-04 -7.17327446e-02
  8.34915042e-02 -3.22784372e-02 -2.57156163e-01 -1.04096144e-01
 -7.47471824e-02  1.15870640e-01  5.19148633e-02  4.06817645e-02
 -3.58505584e-02 -1.04615957e-01  2.25271016e-01 -5.52715398e-02
 -9.31786448e-02  4.55076881e-02  3.07280749e-01 -1.94719896e-01
  4.02363352e-02  1.03415690e-01 -4.58383113e-02 -1.54785104e-02
  1.60671249e-02  8.70171711e-02  5.20454384e-02  7.75791705e-04
  5.09333573e-02 -1.90837053e-03  1.83170244e-01  1.03620656e-01
 -4.47303895e-03 -5.97485937e-02 -7.52757415e-02  3.27520967e-02
  1.38761520e-01  7.05776876e-03  4.71681878e-02  4.06755880e-03
 -7.84436427e-03 -5.30896150e-02  4.22877632e-02 -1.78699449e-01
  5.16306944e-02  1.73996225e-01 -7.96523318e-02  6.91254511e-02
  1.07876435e-02  2.49804705e-01 -1.30975619e-01 -2.59743687e-02
 -1.96548536e-01  2.39357110e-02 -1.77143574e-01  2.67337680e-01
 -1.27983112e-02 -1.23354442e-01 -2.28903499e-02  9.36158001e-02
 -3.64566222e-03  2.09340811e-01 -1.17426328e-01  9.76949334e-02
 -5.33168856e-03  5.47657125e-02  2.71088868e-01 -9.02172625e-02
 -8.82611796e-02  1.35037407e-01  3.38912122e-02 -2.00546766e-03
 -5.55573963e-02  5.03663197e-02 -7.83367231e-02 -5.84629141e-02
 -6.30468577e-02 -3.36310752e-02 -6.88614976e-03  3.94678377e-02
 -2.64974535e-01  5.98450936e-02  6.49724230e-02 -7.46196434e-02
 -9.00091082e-02  2.22900249e-02 -1.48248496e-02  2.28047390e-02
  1.29182503e-01  8.65624547e-02 -1.19470902e-01 -6.83929399e-02
  2.80731707e-03 -1.65408492e-01 -7.39382207e-02  1.24582328e-01
  9.30512697e-02 -9.91620570e-02 -9.84475575e-03  5.22844642e-02
 -4.80813012e-02  1.58190891e-01 -7.94816464e-02 -2.65917718e-01
  8.45487639e-02  1.01114370e-01  1.40291497e-01 -4.43573706e-02
 -4.67494130e-02 -6.85370564e-02 -3.34260054e-02 -1.98541313e-01
 -7.26188794e-02 -5.83557077e-02  2.53863214e-03  1.48058951e-01
  1.32033274e-01 -3.83797325e-02  1.71855241e-01 -1.75114304e-01
 -2.21494317e-01 -3.13768908e-02 -7.73735121e-02  2.17688903e-01
 -1.52689278e-01 -2.51781987e-03 -2.91537624e-02  1.32854562e-02
  1.70929819e-01  6.18238887e-03 -9.97852013e-02 -9.82181951e-02
  5.55126257e-02 -8.80493373e-02  5.60074858e-02  3.78116011e-03
  3.11639793e-02  4.60497588e-02  5.11202812e-02  1.24560133e-01
  1.32387593e-01 -1.44493327e-01  1.69582710e-01  2.41130833e-02
  3.93482484e-02  2.65207160e-02 -2.57388502e-03  8.51921812e-02
  1.59436688e-01  9.81130227e-02 -8.41349550e-03  2.27243498e-01
 -8.72116685e-02  1.73437484e-02 -1.11392848e-01 -1.70507625e-01
 -4.03076746e-02  4.86314222e-02  4.45720404e-02  1.03487737e-01
  1.12309046e-01  7.56939277e-02  2.64643610e-01  7.10442811e-02
  6.14246875e-02 -3.42942495e-03  6.90789297e-02  4.19660509e-02
  1.18525751e-01  4.55061272e-02  8.97921845e-02  3.39148827e-02
 -8.72971788e-02  1.09207660e-01  5.46157025e-02 -1.00975804e-01
  6.43656868e-03  8.89163613e-02  7.57118613e-02 -7.45421723e-02
  1.07795537e-01  7.77552510e-03 -7.40644336e-02 -5.89050949e-02
  2.40258984e-02 -1.11305624e-01 -1.61516424e-02  1.58058852e-01
 -7.45767578e-02  2.09261440e-02 -5.75499758e-02  2.61313915e-01
 -1.01315953e-01 -2.09263682e-01  2.05132943e-02 -1.05974630e-01
  1.38659135e-01  5.85213490e-02 -1.12221390e-01 -2.04993207e-02
  7.16590807e-02  8.91611055e-02 -5.07567264e-02  9.62849408e-02
  1.21246770e-01 -1.10249281e-01  1.62950441e-01  7.54667893e-02]