http://erau.edu/ontology/meme.owl#EliPorterMeme
[-0.09891983 -0.00097579  0.07348689  0.13465048  0.04479823  0.05536801
 -0.08729935  0.03395059  0.09014134 -0.22821888 -0.12483006  0.28860423
  0.2086112   0.16639706 -0.06290498 -0.1863918  -0.10145911 -0.0721945
  0.03105658 -0.05135832 -0.00749494  0.17031053 -0.04505069  0.14102465
  0.03397799 -0.19681627 -0.00260671 -0.02470224  0.03832874 -0.07078548
 -0.22732157 -0.07731205 -0.15994143 -0.02591022 -0.13127606  0.05162222
 -0.15198295  0.12726325  0.04586989  0.24898703  0.07962319  0.03037074
 -0.2792895  -0.02721195 -0.22529587 -0.0555593   0.07355149 -0.18213601
  0.04968853 -0.17739317 -0.00917848  0.18030766  0.2199975   0.0068683
 -0.19413286  0.24721226 -0.07967903 -0.01851905  0.11552113  0.18721244
  0.19565456 -0.17701186  0.01846791  0.03677178 -0.06407764 -0.04318836
 -0.12068948 -0.07519622  0.11298706 -0.10826465  0.14786768 -0.02483293
 -0.01939528 -0.00843779 -0.22409022 -0.08375391 -0.03544393 -0.11961725
 -0.03460595 -0.11838522  0.15751947  0.19080189 -0.2795161  -0.10352319
 -0.05314907  0.01488192  0.12934095  0.0548711  -0.02425974  0.28159317
 -0.10026745 -0.00489322 -0.2197459  -0.01981085  0.05144203 -0.08369518
 -0.06005523  0.28484204  0.01262458 -0.02658971  0.10163086 -0.05820366
 -0.08995857  0.03057361  0.14942738 -0.0084671   0.08498527  0.19610728
  0.11565551 -0.02042232  0.19765362  0.12555447  0.02520969  0.02058785
  0.17064443 -0.13427353  0.04467536 -0.0118712  -0.14210247 -0.01987791
  0.00336509  0.160919    0.0108276   0.00400448 -0.2108949  -0.2482186
 -0.01554906  0.15389301 -0.23767902 -0.1510509  -0.0448009   0.04524266
  0.01799    -0.18965928  0.10362126 -0.10923155  0.12154014  0.03431451
  0.04899464 -0.00571503 -0.08560171 -0.00780575 -0.0728071   0.06022204
  0.01518951  0.03540095 -0.05713699 -0.13555016 -0.10712972 -0.02341521
  0.07814831  0.03843456 -0.16908276 -0.13301875 -0.10979209 -0.14054912
  0.04117549 -0.00636846 -0.07117751 -0.05684732  0.07937565  0.24553594
  0.10610385  0.00647938 -0.1161497  -0.11571165  0.0123763   0.14386165
 -0.1859223  -0.04251259 -0.03607206 -0.02353172 -0.0330243   0.19658704
  0.13891678 -0.01157962  0.06328813  0.03473651  0.02622292 -0.03670055
 -0.19183862 -0.0926966  -0.03321422 -0.03408891 -0.0251516  -0.01972424
 -0.18712051  0.02990239  0.12939203  0.13715778 -0.00409804  0.25332156
  0.21362786  0.1404354  -0.11849499 -0.01546668 -0.08146621 -0.05226718
 -0.13370313  0.18361849]