http://erau.edu/ontology/meme.owl#MoustacheMeme
[-0.10144794 -0.01496796  0.07257991  0.1275728   0.04910384  0.04845925
 -0.0777841   0.03556016  0.09695511 -0.22757088 -0.11827197  0.28093955
  0.19971192  0.15108046 -0.06157595 -0.18206681 -0.10060595 -0.07023057
  0.02494162 -0.04879303 -0.01622133  0.16947462 -0.04291329  0.1457774
  0.03383065 -0.18736212 -0.00641816 -0.02598905  0.03713148 -0.07665211
 -0.21740314 -0.07673782 -0.15153597 -0.01771316 -0.12064399  0.04699421
 -0.15097696  0.11686403  0.0501343   0.2433986   0.0778088   0.03298207
 -0.26378995 -0.03019842 -0.22089659 -0.05242101  0.07294767 -0.18083891
  0.05366708 -0.17269146 -0.00771014  0.17462292  0.20792189  0.01102644
 -0.18335238  0.24348243 -0.08652233 -0.01815852  0.11676031  0.1822987
  0.1847965  -0.17330214  0.02197729  0.03960863 -0.06061895 -0.04290645
 -0.11502804 -0.06686869  0.11083731 -0.10701578  0.14291024 -0.02014894
 -0.02054347 -0.02180521 -0.2072987  -0.0753442  -0.04308127 -0.11210336
 -0.03431688 -0.11715178  0.14891288  0.18242429 -0.2608589  -0.10879943
 -0.05424369  0.01295962  0.12920037  0.04941769 -0.02556545  0.26886204
 -0.10152174 -0.01150152 -0.21368161 -0.02231396  0.0553723  -0.08129866
 -0.05448579  0.2737364   0.02873529 -0.02266053  0.09676274 -0.05386854
 -0.08907992  0.03487339  0.13541809 -0.01284599  0.07921473  0.18411484
  0.10525429 -0.01088928  0.18486275  0.11221462  0.03238211  0.03098987
  0.16479945 -0.12595533  0.03590339 -0.01206589 -0.13177687 -0.01652339
  0.00354509  0.15441683  0.00596673  0.01013062 -0.20324677 -0.24283643
 -0.02583376  0.14763163 -0.22349377 -0.13661547 -0.03045929  0.04758649
  0.01687725 -0.18044019  0.10301507 -0.10203952  0.11072645  0.03196622
  0.03648374  0.0006808  -0.07371717 -0.01039175 -0.06942607  0.06727131
  0.01891045  0.03226559 -0.05571889 -0.12711094 -0.10128887 -0.02270641
  0.06989498  0.03730509 -0.15944031 -0.1336308  -0.10350439 -0.13740885
  0.04668744  0.00080927 -0.07016376 -0.04987935  0.06714235  0.23848993
  0.09544244  0.0170658  -0.1183826  -0.11183309  0.00887698  0.1412924
 -0.18256111 -0.04394265 -0.03755043 -0.02332871 -0.0282571   0.19229096
  0.12643996 -0.00712823  0.05958876  0.03543629  0.02104134 -0.02598634
 -0.18589808 -0.093265   -0.02764751 -0.02909406 -0.02709322 -0.01191641
 -0.18170063  0.03538658  0.12791477  0.12778176  0.00266813  0.24064149
  0.19798031  0.12508751 -0.11901785 -0.01559861 -0.07039525 -0.05278911
 -0.13899796  0.1826392 ]