http://erau.edu/ontology/meme.owl#DancingASCIIManMeme
[-2.07414195e-01 -9.66012701e-02  1.21259071e-01  1.06597453e-01
 -5.26062734e-02  4.48824167e-02  1.55724779e-01  1.46519884e-01
  2.61084102e-02 -1.17383733e-01  4.12869416e-02  5.41363060e-02
  8.23346302e-02  1.34025039e-02  1.54353622e-02  6.34478107e-02
  1.62783563e-01  8.08022171e-02  1.29327059e-01  1.78061649e-01
 -2.46944204e-01  1.39866332e-02  1.23087674e-01 -6.98580369e-02
  2.45792359e-01 -1.36460230e-01 -8.04988295e-02 -3.29802930e-02
  2.91439533e-01  2.10475609e-01  1.85210064e-01  8.07479471e-02
  1.10455684e-01 -1.85271323e-01  3.53710097e-03  1.14486873e-01
 -5.41986115e-02  6.69509992e-02  8.65959562e-03 -1.23030975e-01
  5.22991344e-02  2.75665402e-01 -7.01869652e-02  5.86626073e-03
  1.07912488e-01 -2.51962356e-02 -1.04589470e-01 -8.53617769e-03
 -1.99380554e-02  1.64305493e-02  5.88464774e-02  2.44640484e-02
 -1.16270900e-01 -2.59002764e-02 -3.43829133e-02  2.27323603e-02
  1.85943156e-01 -8.67628455e-02  9.63189825e-02  1.29536748e-01
  7.65142143e-02 -3.91954407e-02  1.35096967e-01  2.92822570e-02
 -1.30081341e-01 -1.08829632e-01  9.82534662e-02 -3.29215899e-02
 -1.19687781e-01 -1.06444657e-02 -8.08162764e-02  7.13852569e-02
  4.48469371e-02 -2.01816428e-02  8.74962881e-02  6.43246695e-02
 -6.32808357e-02  9.29738283e-02  1.36066871e-02  6.22403435e-02
 -2.72512566e-02  6.79309666e-02  3.20308469e-02 -1.53329536e-01
  9.70517993e-02 -1.09996699e-01 -1.28026426e-01  1.84146717e-01
  1.00248851e-01 -3.79417576e-02  7.11739361e-02 -1.55773446e-01
  5.25730138e-06 -1.49702609e-01 -5.09265661e-02  7.69611895e-02
 -1.25417188e-01 -9.99004170e-02 -1.07277453e-01 -6.07858151e-02
  1.52154565e-01  9.21049118e-02  3.03889781e-01 -8.15062523e-02
 -9.47572291e-02 -3.94166410e-02  1.58093348e-01 -1.98623165e-02
 -1.90439057e-02 -5.96466325e-02  9.22037587e-02 -9.60480273e-02
 -1.31739676e-01  2.05358844e-02 -1.32424347e-02  1.80532336e-01
 -2.14183435e-01 -9.84510183e-02 -6.05615508e-03 -4.79580760e-02
  5.75830881e-03 -8.90052319e-02  9.34800319e-03  2.27208391e-01
  1.83731213e-01 -1.65873513e-01 -1.04763266e-02 -2.45704725e-02
  2.83214953e-02  9.42774117e-02 -3.02255034e-01  4.30445224e-02
 -1.27316326e-01 -1.02324501e-01 -8.68976116e-02  8.97606909e-02
 -9.77921486e-02 -1.39988720e-01 -1.32038474e-01  1.95746031e-02
 -2.47630626e-01 -9.60409194e-02  1.76503584e-01  7.61064375e-03
  2.33716965e-01 -2.55862683e-01  4.71772403e-02 -1.45217106e-01
 -1.29071355e-01  8.88162777e-02 -8.44442844e-02 -1.85603961e-01
 -1.23887770e-01  1.52038679e-01 -2.73960866e-02  9.89892632e-02
 -8.11611712e-02  1.96905971e-01  8.12713951e-02  3.49095426e-02
  4.83486336e-03 -1.84315041e-01  3.75343412e-02  1.45079037e-02
 -1.92632943e-01 -1.48019105e-01 -2.12099170e-03  6.40945043e-04
 -2.82692432e-01  1.50352687e-01 -4.16910872e-02  2.31076151e-01
  1.68293357e-01  4.88239601e-02 -7.05775153e-03 -5.23434719e-04
 -1.04178362e-01 -9.82283205e-02  8.47139433e-02 -6.39533550e-02
 -4.76723015e-02  1.72707051e-01  7.29194656e-02  1.21204093e-01
 -1.35522127e-01 -6.31861985e-02  2.22258225e-01  1.15731247e-01
  2.07198575e-01 -1.36224478e-01 -1.44051192e-02 -4.87532429e-02
 -1.23269141e-01 -4.78094928e-02  1.04446530e-01 -1.65444821e-01
  8.61520320e-03  1.76007897e-01 -8.59824345e-02 -2.90992428e-02
  4.16073427e-02 -3.96817476e-02  1.24528790e-02  7.29896426e-02
 -1.97634194e-02 -3.80009085e-01  8.43051297e-04 -9.19146761e-02
  1.88874990e-01  1.81580961e-01  3.73892516e-01 -7.23154563e-03
 -2.53635999e-02 -9.04491767e-02  1.67203382e-01  6.48221523e-02
 -7.31987879e-02 -1.81673810e-01  1.18958555e-01  1.78820610e-01
  8.54394585e-02  2.31839433e-01 -1.23869337e-01  2.66826078e-02
 -5.03890738e-02  8.63036886e-02 -1.97306588e-01 -4.46962081e-02
 -1.13165200e-01 -6.68639392e-02  5.42182662e-02  4.25579958e-02
 -6.37722984e-02 -2.43524060e-01  1.69960838e-02 -7.62509480e-02
 -1.96222842e-01  1.43019073e-02  6.45705387e-02 -5.18523045e-02
 -2.20576916e-02 -6.11558370e-02  1.07052535e-01 -3.71551290e-02
 -2.45919064e-01 -5.14205452e-03 -1.09325156e-01 -6.94308281e-02
 -4.55910303e-02  2.33948901e-02  4.91713658e-02 -6.75570220e-02
  1.47764370e-01  2.03078631e-02  1.90220475e-01 -6.59198537e-02
 -2.17260838e-01 -3.70277390e-02  7.82539845e-02  7.03336522e-02
 -9.48794857e-02  7.83806387e-03  6.05296297e-03 -1.26490995e-01
 -8.17032307e-02 -9.80574340e-02  6.19988963e-02  4.17175852e-02
 -7.52107725e-02 -1.36285454e-01  7.01370137e-03 -3.80954891e-02
 -1.71556294e-01 -4.52068150e-02  1.11635486e-02 -3.90737094e-02
  5.09220958e-02 -5.51291592e-02  5.00982255e-02  3.25430743e-02
 -3.80356656e-03  2.09370866e-01  6.51102047e-03 -1.17483959e-01
 -1.37070686e-01 -5.87306470e-02 -8.21585357e-02 -4.52690721e-02
  8.77001584e-02 -4.42927554e-02 -2.57907081e-02 -1.12895124e-01
 -7.22570047e-02  6.18911395e-03  1.88701451e-02 -3.00775282e-02
 -4.51643905e-03  8.75614509e-02 -1.46402508e-01  2.02921014e-02
 -1.14746734e-01  8.58803466e-02  8.27721432e-02  8.03859755e-02
  4.02393118e-02 -8.73175636e-03  2.26683572e-01  5.08672632e-02
 -1.52855590e-01 -6.04348164e-03  1.90298289e-01 -2.66975403e-01
 -1.53146768e-02  8.52758959e-02 -9.96757522e-02  1.96635481e-02
 -2.72835586e-02  9.23827738e-02 -3.49182971e-02 -1.00956291e-01
  9.78110358e-02 -9.48419049e-02  1.49077237e-01  1.29142687e-01
 -4.74094041e-02 -4.16467600e-02 -1.72025353e-01  8.39394033e-02
  1.37122989e-01 -5.30871749e-02  2.93032452e-02 -7.11215585e-02
  6.67120963e-02 -8.79427791e-02 -7.41427094e-02 -2.64304787e-01
  6.35307059e-02  1.05448246e-01 -8.11664611e-02  1.64328620e-01
  4.97926362e-02  2.86325127e-01 -1.15774728e-01  3.76298465e-02
 -2.52459109e-01  9.31795910e-02 -2.07730681e-01  1.44569114e-01
 -5.57303056e-02 -7.59832785e-02  4.38883156e-02  1.28108665e-01
 -7.75058717e-02  1.45169690e-01 -1.41837120e-01  5.49029857e-02
  8.41839239e-02 -3.10841706e-02  1.44995049e-01 -1.56877309e-01
 -1.24054641e-01  1.57829359e-01  9.90606844e-02  1.86222643e-02
  3.49278115e-02  2.24524755e-02 -1.67652607e-01 -6.46727392e-03
  5.65662235e-02  3.81479901e-03 -1.12712026e-01  4.08713531e-04
 -3.16715628e-01  9.13349018e-02  6.83612972e-02 -8.34859386e-02
 -6.87492415e-02  2.02452280e-02  1.14336118e-01 -1.08894461e-03
  9.66151506e-02  2.10350931e-01 -1.18772881e-02 -1.14383906e-01
 -3.30321081e-02 -2.03603446e-01 -2.54162699e-01  2.24379942e-01
 -7.57973343e-02 -1.59344867e-01  4.34451923e-02  1.39211580e-01
 -4.61437888e-02  2.61970043e-01 -5.45071496e-04 -3.01937997e-01
 -7.00421492e-03  4.41421643e-02  4.19204295e-01 -8.07628334e-02
 -1.35661930e-01 -8.20695311e-02  6.99121803e-02 -1.89391196e-01
 -3.02452862e-01  3.56301502e-03 -1.09948367e-01  3.11517835e-01
  1.37509927e-01 -3.22271772e-02  6.44594282e-02 -9.10902321e-02
 -2.57630408e-01  2.38299500e-02 -1.15603954e-01  1.03945993e-01
 -1.86041594e-01  2.37856247e-02 -9.60105732e-02  9.97029170e-02
  2.57805258e-01  2.02615540e-02 -1.21269912e-01 -4.27841619e-02
  3.02631706e-02 -9.21881199e-02  6.07305877e-02  7.58002847e-02
  1.15341976e-01 -3.28838937e-02  6.94547966e-02  2.73417711e-01
  1.49449244e-01 -2.05990151e-01  1.97119206e-01  1.62557796e-01
  1.44304797e-01 -1.21241324e-02  3.26352689e-04  1.19214088e-01
  1.69449806e-01  1.55505836e-01 -1.25936374e-01  3.46316755e-01
 -3.17166746e-01 -3.98875661e-02 -3.09736282e-01 -1.26187831e-01
 -1.06673047e-01  7.98365027e-02  4.94767688e-02  1.85379103e-01
  1.41945690e-01 -1.81698073e-02  2.68903345e-01  4.85203089e-03
  1.44633651e-01 -9.26822051e-03  5.05796261e-02  9.34012681e-02
  1.94428027e-01 -3.87053646e-04  1.62329957e-01 -7.03319758e-02
 -3.51362303e-02  1.34648934e-01  5.86847821e-03 -1.35411218e-01
  6.84455689e-03  1.56180769e-01  1.67120710e-01 -4.00649980e-02
  1.01173505e-01  1.91409066e-01 -6.95112050e-02 -1.43886819e-01
  1.27287984e-01 -2.24415839e-01 -1.56186759e-01  1.94359496e-01
 -1.50795922e-01 -8.77809301e-02 -6.72292188e-02  3.65493715e-01
 -1.88896567e-01 -2.30098650e-01  1.22151412e-02 -1.16731524e-01
  7.81181678e-02  3.59211676e-02 -7.64998496e-02 -1.79256964e-02
  3.13323475e-02  9.19879675e-02  1.11183017e-01  1.04121923e-01
  3.01486291e-02 -1.11485414e-01  2.22638741e-01  8.75263810e-02]