http://erau.edu/ontology/meme.owl#BackpackChallengeMeme
[-3.39353353e-01 -2.21844241e-01 -7.17072608e-03  9.53395814e-02
 -3.01476512e-02  1.27836242e-01  1.34653360e-01  1.48873687e-01
  1.97771370e-01 -1.03476986e-01  5.94210029e-02 -1.89423397e-01
 -6.03494123e-02 -6.56321570e-02  4.08623740e-02  9.68600512e-02
  1.58849776e-01 -4.69756275e-02  4.45280746e-02  2.05199718e-01
 -1.37639880e-01  1.28140524e-01  1.09733738e-01 -1.29629433e-01
  2.49628678e-01 -6.91721961e-02  5.29168360e-02 -1.38403133e-01
  3.42531055e-01  2.29133531e-01  8.62224773e-02  1.05008697e-02
 -3.76012996e-02 -1.67642072e-01 -7.74791017e-02  2.46398807e-01
 -4.44187932e-02  1.19611040e-01 -3.91543983e-03 -1.01413406e-01
  1.98529568e-02  1.53484240e-01 -1.52633652e-01  1.39333248e-01
  1.33282587e-01  6.49123685e-04 -1.04126006e-01 -1.45147726e-01
  3.35432850e-02  1.01688825e-01  4.12721112e-02  1.19089978e-02
 -1.39354736e-01 -1.40919402e-01 -4.13003005e-02  3.98708321e-02
  4.95097414e-02  8.55701230e-03  2.03747526e-01 -6.64263545e-03
  7.56599680e-02 -4.24183942e-02  6.76391721e-02  1.36795148e-01
 -1.74468011e-02  3.62195000e-02  1.76754110e-02  2.39238958e-03
 -1.52347445e-01 -1.82049304e-01 -3.48852009e-01  3.29626538e-02
  1.14194453e-01 -1.32018852e-03  4.35265563e-02  7.24314665e-03
 -1.42304540e-01  5.58858290e-02 -6.50821859e-03 -6.78698868e-02
 -1.15988545e-01 -2.13565552e-04 -3.83465961e-02 -1.47158787e-01
  2.23452449e-02 -1.46161750e-01 -1.86676577e-01  6.62403628e-02
  1.14129320e-01 -1.24496609e-01 -1.80523880e-02 -1.49456188e-01
  4.66628261e-02 -1.02200277e-01  6.39317408e-02  1.25210822e-01
 -4.92052436e-02 -1.05505526e-01 -1.77466780e-01 -5.85288629e-02
  4.48602811e-02 -5.12091219e-02  4.13690776e-01 -1.12968601e-01
  1.43866166e-02 -6.83870614e-02  8.72231051e-02 -3.84634063e-02
 -3.58721502e-02 -7.06272349e-02  4.36974652e-02  1.96118280e-02
 -1.22737899e-01 -2.14327514e-01  2.30209474e-02  1.24665573e-01
 -3.77461582e-01  4.39788122e-03 -1.18378974e-01  1.28122956e-01
 -1.04589731e-01 -9.92924720e-02  2.35602725e-03  1.41847253e-01
  1.73183724e-01 -1.08463421e-01  1.06768101e-01 -2.08440535e-02
  2.42379704e-03  1.41140670e-01 -1.36157513e-01  4.63273674e-02
  5.51176667e-02 -5.18366024e-02 -1.36258051e-01  1.36755958e-01
  7.18260044e-03 -5.00705093e-02 -2.47997925e-01  5.27306683e-02
 -2.47925162e-01  7.13745430e-02  1.52046964e-01 -1.05381332e-01
  1.58465520e-01 -2.64799237e-01  2.14298200e-02 -8.94011557e-02
 -1.66389793e-01  1.31494582e-01 -9.83684734e-02 -1.32731616e-01
 -3.01694218e-02  2.73880094e-01  1.30369946e-01  2.10359633e-01
 -7.90878981e-02  2.80777872e-01  4.43044528e-02 -9.76537839e-02
  6.05879575e-02 -1.60904571e-01  1.18914880e-01 -1.15608945e-02
 -7.67453462e-02 -1.29541412e-01  1.26541015e-02  9.72664580e-02
 -3.34471911e-01  1.31315410e-01  5.14593609e-02  2.50460714e-01
  6.07867166e-02  1.21939458e-01 -1.35125041e-01  5.99749461e-02
 -1.00909010e-01 -1.96287632e-01  6.44803718e-02 -1.37794679e-02
  1.33855166e-02  2.38731280e-01 -1.19460434e-01  1.58843160e-01
 -1.89307425e-02 -7.58767426e-02  1.11462928e-01  6.13924600e-02
  1.35506600e-01 -8.54110271e-02  6.85750172e-02 -3.07166316e-02
 -2.35222265e-01 -8.87575969e-02  1.20014615e-01 -3.60444859e-02
  6.53058514e-02  1.29936084e-01 -3.05417436e-03 -1.00175388e-01
 -3.05007547e-02 -1.31455719e-01 -2.40641623e-03 -2.32045222e-02
 -1.29305124e-01 -2.63916224e-01 -4.63289060e-02 -4.39612791e-02
 -1.06216282e-01  9.30358618e-02  2.98978239e-01  1.20213427e-01
  3.15092951e-02 -1.48006946e-01  1.03488155e-01  7.25710094e-02
 -5.94576858e-02 -9.23377811e-04  2.17858508e-01  1.81922968e-02
 -1.04104783e-02 -1.50279805e-01 -1.26800835e-01  1.35703916e-02
  1.33904759e-02  1.36314273e-01 -1.17565274e-01 -8.09205100e-02
 -1.88472077e-01  3.31270881e-02  5.18896729e-02  6.23921044e-02
 -1.49308518e-01 -1.88543960e-01  6.98955953e-02 -6.58885390e-02
 -5.72850890e-02 -2.29428280e-02  3.83372381e-02 -7.39896595e-02
  6.57328544e-03 -1.76508073e-02  1.25597894e-01 -7.94865042e-02
 -2.61587024e-01 -4.71632835e-03 -8.25354755e-02  3.11929155e-02
  1.99111067e-02 -1.02199353e-01 -6.51984522e-03 -1.45952348e-02
  1.36692762e-01  1.66579381e-01  2.14384317e-01 -1.07245833e-01
 -2.22924948e-01 -8.78934041e-02  7.95102715e-02  7.54625648e-02
 -1.06877804e-01 -1.43834248e-01 -1.38879763e-02 -1.45194188e-01
  1.31408004e-02 -1.69968218e-01 -1.38236806e-01  1.01075649e-01
 -1.21206064e-02 -5.59543855e-02 -6.08318150e-02 -5.40777147e-02
 -2.14737892e-01 -2.60722544e-02 -3.69173586e-02  6.49148524e-02
 -3.99834737e-02 -1.05726093e-01 -1.07104652e-01  1.95390172e-02
  2.76609659e-02  1.18381627e-01  2.49650497e-02 -3.60096470e-02
 -2.11003721e-01 -5.19115031e-02  1.25161722e-01  1.29879147e-01
  4.32046168e-02 -1.67271256e-01 -6.72360584e-02 -1.16457678e-01
  1.13701150e-02  9.47431326e-02 -4.13307548e-02  5.68313757e-03
 -3.05377990e-02 -1.80066545e-02 -7.21975416e-02  9.79408845e-02
 -1.66941971e-01  9.37859565e-02  3.57262306e-02  1.31967008e-01
  2.76228283e-02 -1.35708019e-01  5.34559898e-02  6.07903535e-03
 -1.54897019e-01  9.40317065e-02  1.81331724e-01 -1.14335269e-01
 -4.06653732e-02  5.58729917e-02  3.97935696e-02  4.36845645e-02
 -4.27599549e-02  6.53672591e-02 -7.10737752e-03 -5.16498350e-02
  1.73451409e-01 -1.45523474e-01  1.50407657e-01  1.01826906e-01
 -5.43640053e-05 -8.93192515e-02 -7.30033144e-02 -6.68500410e-03
  2.53431778e-02  1.03742808e-01  4.86794487e-02 -1.02303125e-01
 -3.96782495e-02 -1.14759743e-01 -6.92906603e-02 -1.55655637e-01
  4.88716997e-02 -4.46327147e-04 -6.86398447e-02  3.36143002e-02
  3.80410403e-02  1.36872277e-01 -1.34957060e-01 -1.15835376e-01
 -9.67676938e-02  2.39133555e-02 -6.75527155e-02  1.36960819e-01
 -4.92424853e-02 -7.44322538e-02  2.18218062e-02  5.34558333e-02
 -4.36981916e-02  1.86389923e-01 -1.43821344e-01  1.21826410e-01
  5.98345399e-02 -9.53397304e-02  4.51365300e-02 -1.77027896e-01
 -1.28868401e-01  1.60419747e-01 -3.66626196e-02  2.33390741e-03
  1.99771579e-02  1.18618436e-01 -1.33020669e-01 -8.34747329e-02
  1.22247450e-02  7.17864558e-02 -9.66883823e-03 -1.34986073e-01
 -1.92924649e-01  1.83813199e-01  1.02242813e-01 -8.59699696e-02
 -9.81881842e-02  6.14580400e-02 -2.34936960e-02 -5.42829819e-02
  8.88942033e-02  1.35183811e-01 -9.56769846e-03 -8.95948783e-02
  2.91350428e-02 -1.12909436e-01 -1.46791279e-01  1.44672304e-01
 -7.80060440e-02 -1.45972833e-01  3.49137224e-02  3.82212875e-03
 -4.68279868e-02  1.36132762e-01 -1.09499477e-01 -7.51114488e-02
 -2.28048246e-02  1.42585173e-01  3.33553284e-01 -9.46802720e-02
 -1.05980814e-01  1.58123877e-02  3.61920074e-02 -3.49453598e-01
 -1.79824188e-01  7.77778849e-02  1.09826913e-02  3.38891208e-01
  1.86680511e-01  1.20941559e-02 -5.90992197e-02 -2.04822779e-01
 -7.45944977e-02  6.80809468e-02 -6.77517503e-02  3.59544568e-02
 -2.16242164e-01 -1.43002113e-02 -6.74671978e-02  1.39578432e-01
  2.03485101e-01  3.00067547e-03 -2.02605933e-01  2.87735164e-02
  3.08182277e-02 -1.25467166e-01 -2.41119906e-05  2.16403052e-01
  8.96744132e-02 -1.02310240e-01  1.64699294e-02  1.92031458e-01
  6.12032339e-02 -1.07588172e-01  5.68971336e-02  1.74616784e-01
  4.30835336e-02  4.21985909e-02  9.79134813e-02  6.05818592e-02
  6.25378713e-02 -5.14376424e-02 -4.75821756e-02  1.88770026e-01
 -1.86670527e-01 -1.11000553e-01 -2.22373679e-01 -1.17752239e-01
 -9.28039625e-02 -2.66737188e-03  1.49889171e-01  1.24024622e-01
 -6.90248311e-02 -2.01620739e-02  2.04628825e-01 -1.21577822e-01
  1.36414682e-02  7.51361772e-02  7.06359744e-02 -6.43597636e-03
  1.05120100e-01 -7.26833865e-02  1.32783741e-01 -5.81348762e-02
 -6.83282763e-02 -1.15982527e-02  2.41809841e-02 -9.44416318e-03
  7.47787058e-02  9.10696536e-02  1.96341768e-01  3.99888344e-02
  5.38728274e-02  1.62990242e-01 -3.51283625e-02 -1.54502811e-02
  1.12238981e-01 -2.63035625e-01 -2.78310239e-01  1.28540128e-01
 -1.20264895e-01 -1.25490099e-01 -1.38500407e-02  3.55880827e-01
 -1.58685282e-01 -1.31198719e-01 -5.27755804e-02  6.44124746e-02
  1.02454022e-01 -2.92480085e-02 -1.27506539e-01 -1.82946384e-01
  1.07060373e-01 -4.46634367e-02  1.39558524e-01  1.85436923e-02
 -2.04365432e-01 -1.45886689e-01  1.23127587e-01  1.35301307e-01]