http://erau.edu/ontology/meme.owl#ImCommanderShepardMeme
[ 3.67485397e-02 -1.66892469e-01  3.34160053e-03 -2.08341479e-01
  1.90193534e-01  1.08940408e-01  1.86520442e-01  3.38318050e-02
 -1.15292482e-02 -1.31999746e-01 -2.36170869e-02 -1.39755189e-01
 -4.52784933e-02 -8.75844881e-02 -9.50687006e-02 -4.13595997e-02
 -1.46441236e-01  1.03168182e-01  2.49094274e-02  2.04101846e-01
 -1.90599918e-01  4.44846042e-02 -3.59832868e-02 -1.99890826e-02
 -7.45875016e-03  1.39662459e-01  1.07934326e-01 -1.12154536e-01
  2.86849827e-01 -6.18328527e-02 -1.41568825e-01  1.60480708e-01
  6.61351485e-03 -1.00704625e-01 -2.20992431e-01  5.12457550e-01
  4.80211899e-02  1.82619423e-01  2.15279628e-02 -1.25541598e-01
  7.27072209e-02  1.50065154e-01 -2.46398062e-01 -1.42543852e-01
  6.28985316e-02  1.46893160e-02  1.47823319e-02 -9.03289691e-02
  1.02679320e-01  1.67930514e-01  7.09776953e-02 -6.10035732e-02
 -5.51225692e-02 -1.14619926e-01 -2.07646757e-01 -2.28235587e-01
  1.52780816e-01 -1.17166452e-01  2.04422459e-01 -2.23653406e-01
 -1.03664204e-01 -1.32183835e-01  1.06896296e-01  2.11739745e-02
 -2.77350426e-01 -1.95595190e-01 -1.13111697e-01 -2.48756453e-01
 -1.66330621e-01 -3.29071373e-01 -6.13115281e-02  2.08029494e-01
  2.05600008e-01  5.21733575e-02  4.97967638e-02  2.22908154e-01
 -2.15510130e-01  7.60232285e-02  3.56924832e-01  1.24479957e-01
 -6.96479455e-02 -1.03602953e-01 -9.97482166e-02 -4.14306849e-01
  1.09212749e-01 -1.30825207e-01 -6.61760494e-02  8.47233087e-03
  2.23248094e-01 -7.19230548e-02 -1.24941416e-01 -4.90166903e-01
  2.84275591e-01 -1.59805596e-01  6.85785487e-02  1.82197448e-02
  3.61674721e-03 -2.21063033e-01  8.15461352e-02 -1.17024451e-01
  1.33622259e-01 -3.04701608e-02  5.20423710e-01 -2.44616255e-01
 -4.52547930e-02  3.09101697e-02  2.59016573e-01 -7.03828931e-02
  1.54282779e-01 -7.24123418e-02 -1.28228188e-01  6.06288649e-02
 -2.71308333e-01 -2.10854381e-01  2.80036330e-01  3.13367426e-01
 -4.84314829e-01 -3.90546203e-01  1.39555782e-01  3.90160590e-01
 -3.48314233e-02 -9.06219415e-04 -1.89611599e-01 -8.90660062e-02
 -1.24697164e-01 -5.24266772e-02  1.76075920e-01 -5.95752597e-02
  4.74907793e-02 -3.13564837e-02 -2.79979765e-01 -1.72851205e-01
  1.30238488e-01 -5.43070436e-02 -7.95490816e-02  8.01258907e-02
 -2.23142520e-01  1.59411758e-01 -1.10310391e-01  2.21784845e-01
 -2.94754863e-01  6.74717799e-02 -4.10515405e-02  4.54495884e-02
  1.16755016e-01 -1.27558202e-01  1.68879740e-02 -3.81038263e-02
 -3.02426219e-02  3.61680359e-01  1.16153490e-02 -1.12039715e-01
  1.55306488e-01 -1.75937369e-01  8.21572542e-03 -5.80991386e-04
 -2.89072663e-01  2.01829776e-01  2.10641742e-01 -3.05442542e-01
  6.03173599e-02 -2.74758816e-01 -9.05920565e-02 -2.36481264e-01
 -2.65993327e-01 -6.58380613e-02  2.51999833e-02  2.38603428e-01
 -4.92251724e-01  1.02904364e-01  7.50207305e-02  5.93629591e-02
  2.34763265e-01  2.49023795e-01 -4.21407260e-02 -8.27838257e-02
 -5.94925061e-02 -1.55045256e-01  2.10185587e-01 -9.50695761e-03
 -1.86915055e-01  1.41506732e-01  1.50260091e-01 -4.28063422e-02
 -1.85810551e-01  1.28203079e-01 -4.86581363e-02  1.42612634e-02
  3.72291744e-01  2.08259001e-01  1.21218795e-02  8.36727247e-02
 -3.87363762e-01 -9.24801175e-03 -1.12211518e-01  1.19620606e-01
  2.31890112e-01  2.22560223e-02 -9.02702436e-02 -2.48283893e-02
  7.41399229e-02  7.92755857e-02  9.45164785e-02 -5.95949888e-02
 -1.67226911e-01 -1.92846134e-01 -1.89832430e-02  3.47154289e-02
  5.00258990e-02  1.21924356e-02  2.35403717e-01  7.26388171e-02
  5.78875057e-02 -1.15193658e-01  1.65632710e-01  4.42309380e-02
 -7.68089592e-02 -4.11842903e-03  2.48998016e-01  1.31509081e-01
  3.72498870e-01  1.49909317e-01  1.78344350e-03  2.03311116e-01
 -7.05766827e-02 -1.86835125e-01 -1.84026986e-01 -2.42307678e-01
  4.44504172e-02  7.88181424e-02  1.30052894e-01  9.96334329e-02
 -4.56293561e-02  3.73077653e-02  5.43286055e-02  1.93877041e-01
 -6.02602176e-02 -2.23478414e-02  2.25761026e-01  9.71880406e-02
 -4.61863913e-02 -4.01756801e-02 -4.71079126e-02 -2.17197929e-02
 -1.13035932e-01  8.09566118e-03 -3.38378638e-01  1.65199950e-01
 -5.75549640e-02 -5.43493554e-02 -1.34556007e-03 -2.71264017e-02
  2.15771186e-04 -7.12675415e-03  1.14112951e-01  1.12817146e-01
 -7.47954324e-02  4.65422235e-02  1.62543699e-01 -1.80778369e-01
 -1.41813457e-01 -3.64992738e-01 -5.62025309e-02 -6.00061677e-02
 -6.11497425e-02 -3.28381538e-01  1.96819995e-02  1.74935475e-01
  1.94312215e-01 -4.72179390e-02  4.29012328e-02 -2.00687364e-01
 -1.11744277e-01  1.81515887e-01  4.12952542e-01 -1.33396655e-01
  9.18910801e-02 -1.74436525e-01 -1.51564255e-01 -1.67593822e-01
  9.80107561e-02  2.26547197e-01 -1.94932222e-01 -1.09990939e-01
 -1.09455414e-01  1.80504307e-01 -9.85037088e-02  1.91256776e-01
 -8.18307102e-02 -4.88258824e-02  6.92930892e-02 -9.70398560e-02
  5.67366965e-02 -1.62673831e-01 -4.25660461e-02  7.62699470e-02
  1.13316141e-01  1.44577539e-02  3.56442034e-02 -2.43054137e-01
 -2.21757025e-01 -3.76255922e-02  1.09030763e-02  5.37523739e-02
 -1.15337752e-01 -3.09531819e-02  3.19345504e-01  4.30200584e-02
  9.20282304e-02  1.17138557e-01  1.90339252e-01 -9.71147045e-02
  9.93787274e-02  1.77997202e-01 -5.33233769e-02  1.10981867e-01
  8.20804760e-02 -8.66962820e-02  1.99737906e-01 -1.27145648e-01
 -2.75546499e-02 -2.36472413e-01  1.85304210e-01  2.03971356e-01
  7.12864548e-02  1.15600653e-01 -2.24324793e-01  9.87928584e-02
  9.93011817e-02  7.74494335e-02 -1.64303288e-01  6.83015659e-02
  1.54452950e-01 -4.01469991e-02  1.84511811e-01 -7.80649111e-02
  1.19285472e-01 -1.27646208e-01  7.73022249e-02 -3.71428579e-02
 -3.13846953e-03  8.41946434e-03  9.82914567e-02 -2.63185147e-02
  1.53521895e-01 -1.06756546e-01 -1.41243832e-02 -3.30994457e-01
  6.21923208e-02  2.75472626e-02 -2.75523905e-02  4.92923781e-02
 -2.16996849e-01  5.70488423e-02 -2.99430698e-01 -2.69437488e-02
  1.26074895e-01 -3.67920883e-02  1.77864790e-01 -2.75266077e-02
 -1.46618515e-01  5.46742044e-03 -8.06960538e-02 -1.40993930e-02
  1.29539877e-01 -1.58455253e-01  7.34567270e-02  3.15779783e-02
  2.41351798e-02  6.69711083e-02  5.75948171e-02 -1.91523761e-01
 -6.36719316e-02  6.60618022e-03  1.32488254e-02  4.82110754e-02
 -1.68368950e-01 -1.93671480e-01 -2.17969790e-01 -7.05582052e-02
 -3.76065969e-02  2.18899176e-01 -1.85832798e-01 -1.01675257e-01
  9.96391401e-02  1.51147887e-01  3.79966050e-02 -7.26630241e-02
  1.32324830e-01  1.24679774e-01 -1.24431267e-01 -7.76634887e-02
  9.50692520e-02 -2.01273412e-01 -7.79361874e-02  6.17511682e-02
 -7.52769336e-02  1.28103364e-02 -8.63782838e-02  1.52559578e-01
  2.62862258e-02  4.18577828e-02 -1.34644866e-01  1.14894398e-01
 -5.92132546e-02 -4.97315126e-03 -4.74540889e-02 -2.47306645e-01
  8.13246742e-02  2.56817400e-01  2.51653314e-01 -5.50108105e-02
 -1.16489299e-01 -1.30191654e-01  9.61650759e-02 -1.11195847e-01
  1.57813996e-03  5.95455952e-02  6.56283051e-02 -9.66388956e-02
 -3.20326304e-03  7.40261078e-02 -1.50128543e-01  7.56506920e-02
  5.38031869e-02 -3.96987870e-02 -9.41983238e-02  1.49674207e-01
  1.49079055e-01 -2.04184428e-01  9.94402766e-02  2.00745150e-01
 -1.22423917e-02  6.35119453e-02  2.89229989e-01  2.30831414e-01
  2.89269350e-02 -3.26376528e-01 -8.54420587e-02  1.55205548e-01
  1.64764538e-01  1.98397800e-01 -2.31800944e-01  3.47121477e-01
 -2.05214664e-01 -1.90661490e-01 -2.12394416e-01 -2.17950284e-01
 -1.72436699e-01  2.04953700e-01 -8.35157111e-02  1.93457566e-02
  2.03998566e-01 -7.27612749e-02  1.93594620e-01 -1.43611804e-01
  6.92803934e-02 -4.74936969e-04 -7.96037167e-02 -3.25790942e-02
  9.92116183e-02  1.47377655e-01 -2.72076782e-02  1.16754193e-02
  5.64913861e-02  1.35945782e-01 -2.67318431e-02 -9.24446285e-02
 -1.40528781e-02  2.00583842e-02  9.48382020e-02  1.20897047e-01
  1.98437825e-01  1.78400993e-01  2.02394258e-02 -3.14146206e-02
  1.07085265e-01 -2.93550283e-01 -1.86166074e-02 -5.56828305e-02
 -1.33215636e-03  2.32582942e-01 -1.12811521e-01  1.54187471e-01
  8.25932696e-02 -2.29680642e-01  1.69368312e-01 -1.02945138e-03
  1.52192518e-01  1.05344765e-01 -4.78216484e-02  1.09579042e-01
 -2.34791581e-02  1.32355653e-02  2.45203376e-01 -5.54051958e-02
 -8.23875982e-03  5.18226810e-02 -5.42392433e-02  1.64197117e-01]