http://erau.edu/ontology/meme.owl#ImproviseAdaptOvercomeMeme
[-8.61375779e-02 -3.73383500e-02  6.98599173e-03  1.11690097e-01
  1.24977082e-02  6.28546753e-04 -5.44517599e-02 -3.88807133e-02
  6.85584098e-02 -1.24731526e-01  2.84913499e-02  4.07897234e-02
 -6.99932575e-02 -1.28386378e-01 -3.09037026e-02  3.15966941e-02
  1.45586088e-01 -5.21933511e-02  6.09749230e-03  2.63622007e-03
 -6.91260817e-03  1.33204788e-01 -1.63363628e-02 -9.32465345e-02
  2.24618882e-01 -1.19004592e-01  3.32796015e-02 -1.25976875e-01
  2.15761170e-01  2.40699545e-01  9.63336080e-02  7.68675283e-02
 -8.07948690e-03  1.71362888e-02 -7.20418096e-02  2.20997915e-01
 -6.28917068e-02  4.80456427e-02 -5.56049012e-02 -5.06584011e-02
 -1.51225543e-02  1.71400458e-01 -1.74254313e-01  1.34053558e-01
  1.65271804e-01 -1.29115833e-02 -2.57167090e-02 -1.52742937e-01
  3.55439354e-03  8.79597571e-03  1.77410226e-02  1.29155397e-01
 -1.41792014e-01 -1.45456508e-01 -1.20743610e-01  6.83909431e-02
  1.64865300e-01 -1.28109172e-01  8.72061178e-02  1.03899211e-01
  7.35952705e-02  3.14397551e-02  1.17293730e-01  6.09562248e-02
 -2.91359965e-02 -1.27531201e-01  1.50113245e-02  4.46757451e-02
 -1.11212835e-01 -1.15135163e-01 -1.72166616e-01  8.76072422e-03
  9.42138433e-02  5.08546531e-02  4.49374206e-02  9.12150741e-02
 -5.32513633e-02  1.42245367e-01  5.10038845e-02  5.26005477e-02
  5.53015247e-02 -7.11930320e-02  2.83006169e-02 -7.81711563e-02
  1.46063492e-01  2.16743350e-02 -6.41993135e-02  1.00987889e-01
  1.01500049e-01  4.00680350e-03 -4.87670116e-02 -1.53252602e-01
  1.10870726e-01 -1.90085217e-01 -6.15032613e-02  3.58581841e-02
  1.04676828e-01 -4.19714190e-02 -1.90465562e-02 -5.43000326e-02
  1.83128849e-01  8.00325722e-02  2.91223973e-01  4.33488972e-02
  3.33409011e-02 -3.46264918e-03  4.08895835e-02 -3.91673576e-03
 -1.19923703e-01 -5.29334433e-02  1.02996491e-01 -2.80872583e-02
 -3.06294523e-02 -1.58498749e-01  8.46610069e-02  9.50258225e-02
 -1.64477691e-01  3.85364778e-02 -5.08576967e-02 -1.08675353e-01
 -9.86518860e-02 -1.04148023e-01 -6.48784041e-02  1.34977773e-01
  2.54694194e-01 -1.14562869e-01 -4.40017618e-02  1.63134281e-02
  5.31625934e-02  2.18252800e-02 -2.77133167e-01  4.06848639e-02
 -9.30038095e-02 -2.39989966e-01 -1.29659712e-01  1.00722075e-01
 -1.07439451e-01  4.07639444e-02 -2.04441771e-01 -6.38711527e-02
 -2.73598433e-01  7.48150349e-02  1.80131659e-01 -4.47382107e-02
  1.92430213e-01 -2.40260601e-01  5.19592650e-02 -4.49379832e-02
 -9.65117291e-02  1.94566578e-01 -1.07464194e-02 -1.24781117e-01
 -4.72441578e-04  1.63854152e-01 -4.20949012e-02  5.88353127e-02
 -1.70043960e-01  1.64817199e-01  4.71196026e-02 -2.41705757e-02
 -2.63291635e-02 -1.22475155e-01  6.61840737e-02  7.39391893e-04
 -1.05971016e-01 -2.58621182e-02 -3.25722508e-02  1.44430861e-01
 -2.87193894e-01  8.29776376e-02 -1.38595412e-02  2.01519892e-01
  1.60949886e-01  1.05196364e-01 -1.24199726e-02  2.18623485e-02
 -6.81945682e-02 -1.01516344e-01  1.84444457e-01 -1.55412942e-01
 -4.22134623e-02  1.60405338e-01  7.67969619e-03  1.79335028e-01
 -6.81867003e-02 -7.99885020e-02  2.71862119e-01  6.57180622e-02
  1.61034495e-01 -3.74270715e-02  1.18089095e-01 -1.01010412e-01
 -5.91443442e-02  4.94644698e-03  9.29183885e-02 -1.81932539e-01
  4.45512962e-03  4.27128369e-04 -1.33044794e-02 -4.67807287e-03
  4.18260731e-02  3.62293818e-03 -1.63622480e-02  3.63569008e-03
 -8.08485672e-02 -1.36781260e-01 -2.45091561e-02 -9.48297903e-02
 -3.16590145e-02  8.27484429e-02  1.06561437e-01  5.94296791e-02
  9.50015336e-03  2.76477467e-02  2.09776331e-02  3.74623039e-03
 -5.44773638e-02 -4.72724661e-02  1.34763643e-01  4.83681373e-02
  4.92225811e-02  1.06922695e-02 -1.75570056e-01  7.85399973e-02
 -9.55946092e-03  1.15122432e-02 -4.99871336e-02  9.22998935e-02
 -1.46544874e-01  4.44667339e-02  3.87659110e-02  1.87123995e-02
 -1.56727135e-01 -3.13789070e-01 -3.02314572e-02 -3.23573463e-02
 -9.50807258e-02 -1.49495125e-01 -1.59033164e-01 -1.20598324e-01
  4.54582497e-02 -1.06099524e-01  6.01054691e-02  1.51966838e-03
 -2.60786623e-01 -1.06370049e-02 -9.78384018e-02  2.37704720e-02
 -8.34908038e-02  4.19254154e-02  9.46644042e-03 -6.25785291e-02
  1.08729415e-01  8.48339871e-02  2.80551940e-01 -2.71696527e-03
 -6.63608238e-02  1.02265589e-01 -3.47516201e-02  1.89067736e-01
 -6.29619434e-02 -3.54538746e-02 -5.70271611e-02 -1.12969160e-01
 -7.79580176e-02 -4.05609384e-02 -4.14691083e-02  1.43379141e-02
 -4.84678037e-02 -1.13245122e-01 -1.54116452e-01 -3.32781859e-02
 -1.50784537e-01  2.01952853e-03 -2.59612929e-02  7.62992073e-03
  2.91228555e-02  2.34117918e-02  1.43408000e-01  2.06887703e-02
  1.19107813e-01  9.64967087e-02 -2.24029496e-02 -6.29158691e-02
 -7.28120282e-02 -7.82045275e-02 -1.15042515e-01  3.00749484e-02
 -7.50990137e-02 -3.64639796e-02  5.68435229e-02 -9.81019586e-02
 -3.66187305e-04  6.22248650e-02  9.65417027e-02  5.81902340e-02
 -1.52257858e-02 -1.10934891e-01 -1.72773525e-01  5.43207489e-02
 -1.23477980e-01  7.68933892e-02 -1.02896092e-03  1.81062028e-01
 -6.84634820e-02 -3.61340605e-02  3.10669299e-02 -3.37684676e-02
 -4.28853408e-02  5.50975762e-02  2.37883404e-01 -6.26254678e-02
 -2.02880856e-02 -7.35152222e-04  5.78585174e-03  1.41816800e-02
 -2.04800479e-02  1.12186156e-01 -1.37978286e-01 -6.91351071e-02
  1.91194743e-01 -6.02656081e-02  1.80453986e-01  1.26207083e-01
 -1.26815870e-01 -4.79210354e-02 -6.80818281e-04  1.26362834e-02
  9.00885761e-02  3.05331368e-02  2.75700483e-02 -1.83549081e-03
  4.82774246e-03 -2.06030190e-01 -8.51166770e-02 -2.15904191e-01
  1.22477494e-01  5.05585559e-02 -1.69914844e-03  1.15962282e-01
 -8.93124491e-02  7.34334067e-02 -7.46985152e-02 -1.12165593e-01
 -2.55099058e-01 -6.05815724e-02 -7.68399313e-02  2.35795751e-01
 -5.34650423e-02 -1.20128118e-01 -3.08236443e-02  6.06830642e-02
 -9.21662226e-02  2.49457702e-01 -7.85471201e-02  1.42454445e-01
  1.08918995e-01  7.81033635e-02  1.77280232e-01 -1.49740949e-01
 -9.39038172e-02  1.63930446e-01  4.79328036e-02 -5.76213971e-02
 -1.01773068e-02  6.06193356e-02 -1.34737547e-02  1.98068433e-02
 -2.86827628e-02  2.10787952e-02  3.78527641e-02 -7.73406178e-02
 -2.56607026e-01  3.71356867e-02  6.35061041e-02 -8.43433812e-02
 -1.62287448e-02  8.48144069e-02  1.45361684e-02 -1.06996723e-01
  1.82877839e-01  9.17518139e-02 -9.21687949e-03 -1.27882808e-01
  4.56621535e-02 -1.53713554e-01 -1.95980400e-01  1.66819066e-01
  2.95447018e-02 -2.67489940e-01 -5.12104556e-02  1.84752848e-02
  8.39917958e-02  1.13638200e-01 -2.45325398e-02 -3.20415556e-01
  1.34944633e-01  1.63918827e-02  4.34886634e-01 -3.51776592e-02
 -3.16884071e-02 -1.20708048e-02  4.06997167e-02 -3.99503350e-01
 -3.21249425e-01  1.12723134e-01 -3.38100865e-02  3.20740819e-01
  1.53926745e-01  1.09952651e-01  7.05556646e-02 -2.75824279e-01
 -1.40473396e-01 -8.66600648e-02 -3.54852714e-02  1.44284815e-01
 -1.91565573e-01 -1.19096577e-01 -1.21968344e-01  1.31116003e-01
  1.02825381e-01 -9.71133709e-02 -1.72084600e-01 -2.06397977e-02
 -3.02785803e-02 -1.88587561e-01  2.36619208e-02  2.07509592e-01
  2.39173695e-01  2.61124074e-02  1.35952324e-01  2.90901303e-01
  4.13778611e-02 -2.38180444e-01  1.90593466e-01  2.70270914e-01
  4.64639552e-02  7.77879311e-03  9.89829823e-02  1.46729112e-01
  1.75110564e-01  8.33659917e-02 -9.69981849e-02  4.70649391e-01
 -3.37319613e-01 -8.98160785e-02 -2.59699881e-01 -4.61868830e-02
 -2.03874931e-01  1.58790439e-01  1.59698337e-01  1.05936773e-01
  1.52595863e-01 -6.50444180e-02  1.84371710e-01 -2.71359198e-02
  7.56613389e-02  1.13858998e-01  1.47399142e-01 -8.50566998e-02
  2.18693867e-01  1.80364028e-01  1.45757094e-01 -1.20801166e-01
 -4.36184853e-02  3.62591222e-02  6.19596429e-02 -1.94408685e-01
 -3.47512551e-02  1.18042238e-01  7.46076629e-02  4.27361578e-02
  1.54953048e-01  1.82598010e-01  9.54845399e-02 -1.91490769e-01
  1.52147382e-01 -1.38939753e-01 -6.82945624e-02  1.62278712e-01
 -1.17676415e-01 -1.31566852e-01 -8.52427706e-02  3.02833825e-01
 -1.72932863e-01 -2.91356593e-01 -1.01549752e-01 -4.74979728e-02
  9.21093524e-02  4.96745715e-03 -1.57891124e-01 -3.18847373e-02
  1.43637266e-02 -1.61483958e-02  1.02656431e-01  1.37227997e-01
 -1.22143649e-01 -1.47708118e-01  8.08504373e-02  1.71095103e-01]