http://erau.edu/ontology/meme.owl#WorldsBiggestNutMeme
[-1.86471611e-01 -1.19438156e-01  6.33063689e-02  1.01101629e-01
 -6.23976998e-02  1.81560740e-02  1.20550543e-01  1.44597113e-01
 -1.06946081e-02 -1.77098438e-01  9.30144563e-02  4.07338403e-02
  4.03176211e-02 -9.28865373e-02 -1.27684753e-02  1.81530137e-02
  2.21480653e-01  5.98202646e-02  1.14484161e-01  8.25835094e-02
 -2.96968222e-01  1.05863601e-01  1.21586494e-01 -1.01272106e-01
  2.67734945e-01 -6.12597428e-02  4.77340072e-02 -1.24825180e-01
  4.37334955e-01  3.11503977e-01  1.44419149e-01  3.48067619e-02
  5.92189329e-03 -1.49370283e-01 -5.71920648e-02  1.12580433e-01
 -7.90087804e-02  6.57242760e-02 -9.78203043e-02 -1.83104262e-01
  1.20247759e-01  3.21214229e-01 -1.49525836e-01  1.23084143e-01
  1.34839594e-01  3.20817828e-02 -8.14789534e-02 -1.19487114e-01
  4.25954163e-02  8.33883807e-02  8.39000940e-02 -1.90226361e-02
 -5.15885502e-02 -1.50811896e-01 -9.92109179e-02 -1.00200243e-01
  2.06595987e-01 -3.68052423e-02  1.45793974e-01  1.32399738e-01
  5.59577271e-02 -5.30996211e-02  1.85965776e-01  3.41736861e-02
 -5.19485995e-02  1.42972590e-02  3.17063071e-02 -1.99918961e-03
 -1.33953571e-01 -1.12598091e-01 -9.73348320e-02  9.33536142e-02
  1.17572933e-01 -9.42652822e-02  1.06226444e-01  5.59456926e-03
 -1.31046455e-02  1.05657086e-01  1.55583650e-01  6.50862977e-02
 -7.47769400e-02 -4.66242582e-02  6.54776320e-02 -1.18390121e-01
  1.02763370e-01 -7.79900402e-02 -1.75434366e-01  1.70882821e-01
  1.77176058e-01 -1.26750779e-03 -1.00079132e-02 -1.82085827e-01
 -8.84748623e-03 -1.82525933e-01 -9.49449465e-02  9.23809260e-02
 -6.51665032e-02 -8.78547356e-02 -8.54083374e-02 -1.55110598e-01
  1.38823077e-01  1.56770684e-02  2.32142210e-01 -1.01320557e-01
 -9.32346880e-02 -5.94657101e-02  8.84329751e-02  2.71403766e-03
 -8.42801183e-02 -1.28278047e-01  9.59629342e-02 -1.02852829e-01
 -9.34544802e-02 -8.10574740e-02  4.22961451e-02  8.89586508e-02
 -2.21191213e-01 -1.27688333e-01  2.91998545e-03 -8.34281221e-02
  7.26915076e-02 -1.04050227e-01 -6.73351288e-02  1.59400165e-01
  1.40930504e-01 -1.78377002e-01 -5.04591540e-02 -6.04389235e-02
  2.67954525e-02  5.17821908e-02 -2.33355016e-01 -3.17265280e-02
 -1.63527533e-01 -1.30664676e-01 -1.52170345e-01  1.90500036e-01
 -6.22815788e-02 -1.18036561e-01 -1.68135718e-01  4.82382923e-02
 -3.03577244e-01 -2.70930789e-02  1.72259778e-01 -5.64506724e-02
  2.43336275e-01 -2.46743441e-01  1.18173577e-01 -4.67898846e-02
 -1.50608778e-01  8.18852782e-02 -2.79707760e-02 -1.45643458e-01
 -4.78690080e-02  1.46553561e-01  2.66847527e-03  1.45904064e-01
 -8.53317007e-02  1.92634374e-01  9.61587951e-02 -1.06695019e-01
 -2.43723802e-02 -1.11399502e-01  1.51632562e-01  5.98494953e-04
 -2.53021181e-01 -1.67660102e-01 -7.79269785e-02  5.72890006e-02
 -2.29801103e-01  1.33521169e-01 -5.70870638e-02  1.59080654e-01
  1.91359177e-01  4.79124896e-02  3.99687774e-02  7.99378455e-02
 -1.19609565e-01 -4.14487496e-02  1.59557685e-02 -1.07202530e-01
 -7.30566680e-02  4.81055491e-02 -2.94407308e-02  1.79829583e-01
 -1.27959311e-01 -8.06972012e-02  2.17586964e-01  1.04138926e-01
  2.30308279e-01 -9.53447893e-02  2.91787814e-02 -8.88130069e-02
 -1.17185876e-01 -8.60224068e-02  3.66462544e-02 -1.08259507e-01
 -4.05295119e-02  5.07886820e-02 -4.20188718e-02 -2.91950312e-02
 -3.50858159e-02 -6.07686639e-02 -8.66827443e-02 -3.04257125e-03
  1.57226669e-03 -3.43877941e-01  8.73882473e-02 -1.39032513e-01
  1.09678388e-01  1.74203888e-01  2.61966616e-01  9.07575563e-02
 -2.43372240e-04 -7.13954866e-02  1.58117265e-01  4.80279289e-02
 -8.64133015e-02 -2.09366634e-01  1.31983802e-01  9.90455151e-02
  2.10014105e-01  1.31578356e-01 -1.26690656e-01 -4.81009344e-03
  5.81242926e-02  6.43114671e-02 -1.71229228e-01  5.35937585e-02
 -7.56039470e-02  7.85891712e-03  6.34957701e-02  5.16819246e-02
 -1.10996500e-01 -1.49387226e-01 -5.70207909e-02 -2.66730729e-02
 -1.08094618e-01 -3.30322757e-02  5.85456006e-02 -1.25000998e-01
  8.58087391e-02 -6.30700290e-02  3.02165337e-02 -5.88515550e-02
 -2.23224431e-01  4.14648950e-02 -1.16370983e-01  2.54948363e-02
 -3.69899794e-02 -2.39144675e-02  9.35996473e-02 -1.08317561e-01
  1.41070247e-01  9.66189578e-02  1.13947250e-01 -8.61670822e-03
 -1.54319048e-01 -1.96985472e-02  5.05964048e-02  1.12366207e-01
 -1.04887135e-01 -2.01833379e-02  4.27614525e-02 -1.51801646e-01
 -2.22471021e-02 -8.34164843e-02 -6.79535493e-02  1.21169770e-03
 -8.99703614e-03 -1.54072478e-01 -1.66504998e-02 -3.65317911e-02
 -4.97320406e-02  2.24340074e-02  5.13111651e-02 -3.85302529e-02
  6.17090845e-03 -4.67035966e-03  1.09783903e-01 -4.93796216e-03
  1.08210891e-01  1.44909531e-01  2.23139953e-02 -2.41216607e-02
 -1.32881328e-01 -1.38775662e-01 -9.90163758e-02  4.79397830e-03
  3.84989530e-02 -1.00557067e-01  5.16296690e-03 -3.82183939e-02
 -2.79060844e-03 -6.49541803e-03  3.59250493e-02 -3.99385877e-02
 -1.80472992e-02  6.24004565e-03 -1.28950134e-01  3.82090360e-02
 -1.17194697e-01  7.98222274e-02 -2.79547367e-02  1.89162835e-01
 -2.39530876e-02  6.01969883e-02  1.89455524e-01  2.74819825e-02
 -8.73705838e-03  3.12485415e-02  1.57615557e-01 -1.92002311e-01
  8.84507075e-02  6.45368919e-02 -7.50357425e-03 -3.10540013e-02
  3.62954219e-03  2.12843448e-01 -8.61499310e-02 -7.67160729e-02
  8.99967924e-02 -5.30344397e-02  1.46469638e-01  1.36508882e-01
 -4.61192504e-02  3.62851657e-02 -3.84228043e-02  6.37512207e-02
  1.02254376e-01 -8.19555148e-02  1.88412592e-02 -6.54792413e-02
  5.53525761e-02 -1.25132397e-01 -1.19017228e-01 -2.21991450e-01
  5.63608855e-02  1.26544893e-01 -1.26974136e-01  1.28377751e-01
 -1.30555872e-02  2.15020627e-01 -1.08215712e-01 -4.60120924e-02
 -2.59729832e-01  3.94397527e-02 -9.93197486e-02  1.99921310e-01
 -1.09690033e-01 -6.68492317e-02 -1.19843902e-02  8.74983966e-02
 -3.49563621e-02  1.71304017e-01 -1.17687009e-01  8.19674879e-02
  1.04760788e-01  2.35601384e-02  1.25533313e-01 -8.51668566e-02
 -1.44645587e-01  1.72030240e-01  1.22622944e-01  4.23053205e-02
 -2.66955737e-02  4.98574451e-02 -1.38928711e-01 -2.47402280e-03
 -6.25983700e-02 -1.47494124e-02 -1.22013889e-01 -2.05328166e-02
 -3.36993665e-01  5.28155044e-02  5.73398471e-02 -1.02354385e-01
 -1.38169527e-01  6.85631931e-02  1.08942896e-01 -6.52607484e-03
  8.64176974e-02  1.36004075e-01  3.18235196e-02 -1.14147447e-01
  7.96082604e-05 -1.67280003e-01 -1.32995397e-01  1.55950338e-01
  6.86200410e-02 -1.73655182e-01 -1.52983274e-02  7.32095689e-02
  5.38294651e-02  1.47503078e-01 -1.34325642e-02 -3.07324708e-01
  6.42558336e-02  5.52623793e-02  3.87523413e-01 -6.85343146e-02
 -1.02463380e-01 -7.59657100e-02 -4.60451022e-02 -2.64193356e-01
 -3.18997532e-01 -4.62488690e-03 -6.34530233e-03  3.48242193e-01
  2.19043419e-01  1.04765229e-01  3.73092331e-02 -2.12084994e-01
 -1.80891708e-01 -2.93583907e-02 -9.38453060e-03  1.84139103e-01
 -1.60788640e-01  1.06660193e-02 -8.43194947e-02  1.63182512e-01
  2.08613396e-01  1.81459337e-02 -5.76630831e-02 -1.91685313e-03
  4.80067208e-02 -1.21016152e-01 -1.94910541e-02  1.71825305e-01
  1.92848697e-01 -4.67699058e-02  3.82668450e-02  2.91815341e-01
  1.35057554e-01 -1.46396339e-01  2.54887074e-01  2.08564162e-01
  8.77392367e-02  6.29681796e-02  1.07659949e-02  4.82216515e-02
  1.39623910e-01  6.17389269e-02 -1.23656355e-01  2.23656133e-01
 -2.67064720e-01 -5.28891347e-02 -2.24622071e-01 -1.66395083e-01
 -1.08958617e-01  7.17289150e-02  1.40616179e-01  1.75203681e-01
  1.09527178e-01 -6.75642192e-02  1.66083366e-01  2.25149971e-02
  9.85168219e-02  1.86333414e-02  7.81699196e-02  2.37400383e-02
  2.98153847e-01 -1.47826155e-03  1.02605358e-01 -5.68351969e-02
 -5.32150306e-02  6.84663057e-02  7.35482499e-02 -2.06323057e-01
  1.64137315e-02  5.08549698e-02  4.55222987e-02  2.56960802e-02
  1.46464691e-01  1.10577248e-01  9.09128133e-03 -1.36590064e-01
  6.06213743e-03 -1.20011210e-01 -1.08623095e-01  1.05802029e-01
 -1.80246547e-01 -9.01261047e-02 -2.66069379e-02  3.59606981e-01
 -7.87680745e-02 -8.46054628e-02 -1.39072328e-03  3.70421261e-02
  4.51305993e-02 -4.98153344e-02 -9.81463045e-02  1.47928772e-02
  5.62718809e-02 -9.40721482e-03  1.03578813e-01  9.36483443e-02
 -4.11855541e-02 -6.67233840e-02  1.38387397e-01  1.08947098e-01]