http://erau.edu/ontology/meme.owl#MarcelHessesDarknetMurderConfessionMeme
[-5.44877164e-02 -1.67432055e-01 -7.14293048e-02  9.32580605e-02
 -1.17279973e-03  1.15083769e-01  1.21842124e-01 -3.41878482e-03
  8.31977278e-02 -5.83370067e-02  3.87106277e-02 -1.19674832e-01
 -6.64354861e-02 -2.77753137e-02  1.01985503e-03 -9.28129852e-02
 -2.73151007e-02  4.88225557e-03 -8.88962969e-02  1.73881739e-01
 -7.03250021e-02  1.82721272e-01  9.79671627e-02 -8.54626670e-02
  1.34641305e-01  7.89221097e-03 -8.55133235e-02 -3.25964577e-02
  3.34510922e-01  1.45369783e-01  1.15305625e-01  2.28367105e-01
  9.11874175e-02 -6.57781353e-03 -1.04160078e-01  3.21896225e-01
 -7.00677782e-02  1.68837756e-01 -3.65085863e-02 -1.19289376e-01
 -9.08532590e-02  1.08114146e-01 -3.76529545e-01  8.90817866e-02
  7.78496265e-02 -4.42379713e-02  4.82140742e-02 -1.31479591e-01
  1.45868734e-02  1.28167957e-01  2.33804900e-02 -2.22225785e-02
 -1.94371149e-01 -1.65507808e-01 -9.14121717e-02  1.07303075e-03
  2.70199496e-02 -7.62280896e-02  5.40150478e-02 -7.92649165e-02
 -4.39516781e-03  1.29098827e-02  1.53430691e-02  1.17287330e-01
 -3.79999429e-02 -2.81541143e-02 -9.18557718e-02 -3.18499431e-02
 -1.07145049e-02 -4.29880805e-02 -2.00927228e-01  1.17089152e-01
 -3.51274237e-02  9.04302448e-02 -1.18514034e-03  1.96842030e-02
 -1.34761214e-01 -8.51942040e-03  4.02423851e-02 -1.26710907e-01
 -1.98807538e-01 -1.40427619e-01 -3.91418226e-02 -1.81159973e-01
 -8.83381441e-02 -3.62458713e-02 -1.93365440e-01  1.26040345e-02
  8.23880062e-02 -1.32298574e-01 -6.10085949e-02 -2.44381130e-01
  4.56901907e-04  2.84466008e-03  7.10044578e-02  8.65813494e-02
 -1.17678963e-01 -3.54887582e-02 -4.68476452e-02  3.80212180e-02
 -3.15990821e-02  4.94168028e-02  4.38342422e-01 -1.10381253e-01
  1.81102883e-02 -1.35148270e-02  1.60599053e-01 -3.73052880e-02
  7.33636171e-02 -2.32431531e-01 -4.47381362e-02  1.60057276e-01
 -5.29053435e-02 -1.45993814e-01  5.71914166e-02  1.21357419e-01
 -2.49160007e-01 -5.93167879e-02 -1.63464174e-02  1.19906709e-01
 -1.31742030e-01 -9.55490395e-02 -1.05804205e-01  9.58020836e-02
  1.65210485e-01  2.66809668e-02  6.12876937e-02  1.59715921e-01
  1.44803032e-01  7.25212917e-02 -1.38106808e-01 -6.24487884e-02
  1.73466168e-02 -8.08243752e-02 -7.65542537e-02  2.19289079e-01
  1.40906751e-01 -6.45985454e-02 -1.82796031e-01  1.47736937e-01
 -7.05296248e-02  1.28044277e-01  1.44101307e-01  4.72901352e-02
  6.38339743e-02 -2.01510742e-01  6.19969554e-02 -7.84107298e-02
  4.44007628e-02  1.30907446e-01 -5.49809961e-03 -1.29674867e-01
  8.01399946e-02  1.55478984e-01 -1.52316391e-02  1.02810249e-01
 -1.18092291e-01  3.78182113e-01  5.40906005e-02 -1.31920651e-01
 -1.63090602e-02 -1.15243345e-01 -8.95406604e-02 -2.75213588e-02
 -2.00611606e-01 -1.03496879e-01  3.81841063e-02  1.66401878e-01
 -3.62395048e-01  1.79031044e-01  2.66266949e-02  5.33450916e-02
  6.53213337e-02  1.87343806e-01 -1.77436396e-01 -3.68889570e-02
  4.49701883e-02 -1.51696011e-01  5.56217544e-02 -6.52955696e-02
 -1.41183481e-01  1.81502590e-04 -2.94443015e-02  2.39153225e-02
 -5.65221393e-03  4.09651659e-02  6.59821481e-02  7.20137432e-02
  1.58745989e-01 -4.10033427e-02  9.29124746e-03 -5.97737357e-02
 -3.11814304e-02  1.49010960e-03  2.09543277e-02  5.14893234e-02
  1.31795615e-01  5.77205010e-02  4.31097224e-02 -1.67488888e-01
  8.54837373e-02 -1.15005141e-02 -2.80043110e-04  4.03131582e-02
 -9.85602885e-02 -2.68408090e-01  1.02117071e-02  8.91840979e-02
 -5.74517511e-02  1.43485218e-01  1.96618289e-01  9.33168530e-02
  1.10421605e-01  6.96684886e-03 -8.00948665e-02  1.79124363e-02
 -6.72845468e-02  1.23409852e-01  9.88566279e-02  5.41268885e-02
 -3.67928967e-02 -9.17854998e-03 -5.36135817e-03  8.90150592e-02
  1.93416364e-02  3.96478623e-02  1.28358111e-01 -1.32919908e-01
 -1.73817158e-01  3.54523174e-02 -3.76769644e-03  4.33411896e-02
  2.45619356e-03 -6.57990500e-02 -3.97786573e-02  6.44391775e-02
 -1.99417174e-02 -3.50975469e-02  1.45882979e-01 -5.17898910e-02
 -1.31854385e-01 -8.02304894e-02  2.15089973e-02 -2.05291118e-02
 -3.31150323e-01 -7.20505640e-02 -2.22839296e-01  1.22879438e-01
 -4.83686440e-02 -9.09890160e-02 -8.23773667e-02 -1.16087478e-02
  5.48041053e-02 -5.55484481e-02  2.28424489e-01 -2.07578726e-02
 -1.15431972e-01  3.74232158e-02  6.50283694e-02 -2.63792146e-02
 -1.42782867e-01 -1.43696710e-01 -8.80830288e-02 -1.02931291e-01
 -4.48147357e-02 -1.96082920e-01 -5.78488261e-02  9.36477035e-02
  8.98840185e-03  6.65557943e-03 -1.43302396e-01 -5.19213490e-02
  9.43810679e-03  1.72052160e-02  9.52428877e-02  6.41676411e-02
  9.51424837e-02  7.77292401e-02 -9.19029266e-02 -1.82648674e-02
  6.23801313e-02  2.85774730e-02 -5.91256246e-02 -7.19952509e-02
 -1.82992786e-01  7.49688894e-02 -7.53207505e-02  2.83417292e-02
 -6.48670271e-02 -1.96736068e-01 -1.11655563e-01 -4.21212502e-02
  3.78409401e-02  5.63086569e-02 -5.53039722e-02  1.77102368e-02
  2.28611678e-01  7.60011794e-03 -2.02019185e-01 -7.56860301e-02
 -1.43593132e-01  1.37512356e-01  1.41515806e-01  6.99673034e-03
 -8.78442358e-03 -6.55148104e-02  3.33280526e-02 -8.97066742e-02
 -5.57933114e-02 -6.18049502e-02  1.96644574e-01 -8.81477371e-02
  4.26752865e-02 -8.42788294e-02 -8.60995948e-02  9.36188549e-02
  5.40787063e-04  4.63157296e-02 -7.50688650e-03 -5.85210733e-02
  1.80450808e-02 -2.54189789e-01  9.70071331e-02  1.79649025e-01
  8.82634595e-02  8.24881066e-03 -5.89770228e-02 -6.21480197e-02
  1.39435366e-01  1.18496202e-01 -3.33508588e-02 -1.51286736e-01
  6.47738874e-02 -1.45771891e-01  1.15101911e-01 -1.14385657e-01
  9.62936208e-02 -7.50069767e-02  1.28948808e-01  1.29806161e-01
  4.44058403e-02  2.82269195e-02 -1.65242046e-01 -1.97772324e-01
 -7.43350163e-02 -5.65968677e-02 -9.50653404e-02 -7.13075697e-02
  8.86951685e-02 -1.10241421e-01 -9.19684321e-02 -8.25361237e-02
 -1.95697203e-01  2.09059253e-01 -5.67371175e-02  1.78699344e-01
  1.48578718e-01  2.25984212e-02  1.40805557e-01 -7.81067088e-02
  2.37614475e-02  1.63053215e-01 -9.12149400e-02 -7.90029615e-02
  1.84767678e-01 -3.71413212e-03 -1.32069170e-01  5.78664057e-02
  4.84134294e-02  6.35048822e-02  6.64233863e-02 -2.86588520e-01
 -1.86532184e-01  1.51185304e-01  1.34819001e-01  6.47795424e-02
 -1.40344918e-01  1.29273891e-01 -1.34407021e-02 -5.65593205e-02
  1.88764222e-02  2.00425252e-01 -1.32442430e-01 -1.28557965e-01
  7.41967708e-02 -1.07584029e-01 -1.74493402e-01  2.99050682e-03
 -5.90162724e-02 -1.81212202e-01  3.46070714e-03 -7.66460821e-02
 -9.31053832e-02  2.91504085e-01 -9.80574936e-02 -6.50195479e-02
  3.04408595e-02  5.50463162e-02  3.12490016e-01 -1.03802912e-01
 -5.80825917e-02 -8.29421133e-02  8.94153714e-02 -2.62792021e-01
 -1.36398673e-01  9.07618366e-03  3.87431979e-02  5.07464051e-01
  1.00120932e-01 -6.89794645e-02  1.31701902e-01 -7.95888454e-02
 -4.57393043e-02  6.33809716e-02 -1.52396590e-01 -1.04337364e-01
 -1.99314475e-01 -1.86191440e-01 -1.27489155e-03  7.30149224e-02
  1.50118843e-01 -6.31512105e-02 -3.18735272e-01 -5.04499041e-02
  8.30329359e-02 -2.51211852e-01 -1.34131923e-01  3.51286083e-02
  2.12982222e-01  3.48568223e-02  9.00814235e-02  2.23411083e-01
  6.13890849e-02 -3.23270336e-02  2.40263268e-02  2.55542308e-01
  1.24839403e-01 -7.23000765e-02  4.93923388e-02  1.56058162e-01
  7.54736587e-02  1.18177747e-02 -1.84065714e-01  3.14363450e-01
 -2.19445646e-01 -1.15289077e-01 -2.02980205e-01 -5.68842925e-02
 -6.84035420e-02  3.44831795e-02  6.08574823e-02  1.25690892e-01
  1.44915152e-02 -2.50963625e-02  1.70026749e-01 -9.95220393e-02
  1.86535195e-01  1.29011109e-01  2.76083462e-02 -1.09433517e-01
  5.54251559e-02  6.88382164e-02  1.31561562e-01  1.49113247e-02
  3.12454160e-02  1.43973768e-01 -8.91267285e-02 -1.22103341e-01
 -3.72824632e-02 -4.30811085e-02  2.35088632e-01  3.75667810e-02
  1.83007680e-02  1.81059867e-01  1.10072866e-01 -1.81422442e-01
  1.77311778e-01 -2.24845186e-01 -1.12783059e-01  1.01727813e-01
  9.49212313e-02 -1.28767744e-01 -1.12106707e-02  1.83001027e-01
 -2.25295946e-01 -6.20773323e-02 -1.68038756e-01  2.26995051e-02
  1.54088333e-01  2.66461819e-03 -1.61281943e-01 -5.05193956e-02
 -1.03612304e-01 -1.31174386e-01  2.22077757e-01 -5.81528507e-02
 -6.98994324e-02 -2.55178928e-01 -6.00923561e-02  7.49158412e-02]