http://erau.edu/ontology/meme.owl#ScumbagHatMeme
[ 0.012269   -0.10154834  0.04127273  0.07474887 -0.13201271  0.09952793
  0.08294071  0.10353716  0.062263   -0.00669712  0.13947017 -0.09261645
 -0.1675069  -0.08704505 -0.12874962  0.07709548  0.04661737  0.12172789
 -0.07831447  0.08504926 -0.04776203  0.07990696  0.13357319 -0.09051587
  0.19375873  0.02628388  0.11208601 -0.11740031  0.22934748  0.14894122
  0.0746503   0.10913881  0.13256341 -0.00129474 -0.06106215  0.17674705
 -0.10851978  0.08572127 -0.11260296 -0.2346132   0.12778221  0.18551834
 -0.22499746 -0.02108656 -0.01261298  0.09565659  0.05631144 -0.12688601
 -0.06017229  0.04148819  0.05227825 -0.08365075 -0.09979027 -0.17084974
 -0.173094   -0.09707439  0.00791999 -0.13838357  0.07869693  0.09595075
  0.05656059 -0.07803515  0.14714292  0.14481972 -0.17037003 -0.09861198
 -0.03591287 -0.00445909 -0.0115819  -0.13746385 -0.19877745  0.05331704
  0.0641741   0.07343861  0.03080392  0.09816103 -0.15978435  0.05595648
  0.12482043 -0.02739259 -0.02526379 -0.18799253 -0.09084333 -0.07720312
  0.06356075 -0.08477847 -0.04219994 -0.03534963  0.0437795  -0.02661804
 -0.03121748 -0.25300995 -0.00369144 -0.0624832  -0.12150797  0.03609714
  0.00485188  0.11345831  0.03717658  0.05570999  0.14916742  0.03895164
  0.38981435 -0.08600238  0.08143321  0.01067085  0.10779231 -0.08889591
 -0.02341161 -0.17843322 -0.07187247  0.17926486  0.11106086 -0.15190536
 -0.00132237 -0.10531593 -0.30086783 -0.12815104 -0.01487963 -0.06197902
 -0.26452777  0.00295721 -0.08586476  0.10589445  0.09110478 -0.03776572
 -0.1313721   0.01017011  0.07579789 -0.04929822 -0.2273829  -0.07037169
 -0.08128493 -0.03168277 -0.13224803  0.13435851  0.11942476 -0.12152642
 -0.14552869  0.00236042 -0.19692634  0.07262577  0.06107762 -0.03017951
  0.22242433 -0.2525035  -0.0341389  -0.07245672  0.05277354  0.07800309
  0.08335482 -0.09677165  0.00126931  0.01446018 -0.009851    0.09614846
 -0.18819945  0.1893303  -0.0574533  -0.11672658  0.05881874 -0.14662455
  0.01865501  0.06188331 -0.22521152 -0.10312416 -0.14364634  0.2307408
 -0.2744189   0.11568244  0.09622437  0.18443213  0.2112871   0.23032862
 -0.04717222 -0.05339669 -0.05128782 -0.03465265  0.127904   -0.19503577
 -0.10060473 -0.00600659  0.05457607  0.05016823 -0.00968814 -0.03202879
  0.12586924  0.08669193  0.14970633 -0.17032073  0.07970046  0.02017619
 -0.12328189  0.00928236 -0.10486735 -0.02754938  0.06560908  0.1256184
  0.05090998 -0.01979377  0.00279669 -0.07188186  0.06422989 -0.04226957
 -0.0069559  -0.19494802  0.06251483  0.01910695  0.05224648  0.17110933
  0.11709814  0.08661583 -0.05695837 -0.085978    0.09471536  0.01065846
 -0.1800743  -0.02781519  0.2887652   0.03209553  0.05315877  0.16344629
 -0.15271404  0.07047293  0.00248563 -0.11495072 -0.12059155  0.00848532
 -0.12244286 -0.00671262  0.03482073 -0.03441309 -0.12558515 -0.18501242
 -0.11612885 -0.07764097 -0.01847285 -0.1016624   0.08004437 -0.13212812
 -0.02677081 -0.01139009  0.06695565  0.04020961 -0.32716608 -0.18587
 -0.18046564  0.09307058 -0.15556248  0.10476886  0.09647367  0.07618603
  0.09886979  0.09666044  0.32002184 -0.05792914 -0.14215587 -0.03739556
 -0.08113509  0.07495125 -0.21819623 -0.00566975 -0.04665968 -0.14252399
 -0.09312196 -0.16248335  0.00398714  0.0266284   0.10400063 -0.1403357
 -0.05456424 -0.21099876 -0.07480843  0.06567469  0.08589115 -0.01691854
  0.19727673  0.00363778 -0.08622149  0.09177293  0.12267021 -0.02200292
 -0.08702319 -0.04296761 -0.17898786  0.11639022 -0.17156345 -0.08415156
 -0.12357701 -0.0958653   0.12455769 -0.05330753  0.05117943 -0.12451367
 -0.02294312  0.02376821  0.27875704  0.01750901 -0.2194019  -0.11051808
 -0.23704216  0.10863423 -0.00858123  0.06900731  0.05853741 -0.13664883
  0.04513586 -0.14103977 -0.05339886  0.10926095  0.28740883 -0.20342265
 -0.0162718  -0.0309156  -0.00244197 -0.01186024 -0.01141423  0.07172101
  0.00556467 -0.04398664  0.06470855 -0.13804942  0.19468799  0.10849255
  0.04687727  0.05954199 -0.0449401  -0.12643139  0.13728559  0.0364161
  0.0855781   0.06763354 -0.02379001 -0.08423477  0.02266201 -0.19187772
  0.1888218   0.18196864 -0.09516728  0.12513693  0.03996442  0.10751197
 -0.04249645 -0.01089113 -0.09141891 -0.06737957 -0.0704238   0.16111352
  0.0147329  -0.14849153 -0.0550509  -0.02913022 -0.00324264  0.16471826
 -0.12257917  0.20087947 -0.06058206 -0.03342012  0.2668202  -0.07973166
  0.00488521  0.11934024 -0.05585211 -0.07715456 -0.1284645   0.06758001
 -0.11202973  0.06987577 -0.14078633  0.04200897 -0.00768014 -0.03928035
 -0.23318031 -0.00790108  0.11137962  0.00666554 -0.12180632  0.10710531
 -0.06452122 -0.08794064  0.11725423  0.18135396 -0.11967253 -0.02870753
  0.04100509 -0.02444437 -0.03417213  0.02714071  0.03744604  0.03736838
 -0.18091024  0.00291386 -0.02949545  0.04075727 -0.09369368 -0.07308905
  0.08936987  0.0543094  -0.09322626  0.01976334 -0.00373836 -0.12679233
 -0.03043224 -0.05456091  0.08847215 -0.03880692 -0.01118433  0.0655797
  0.2301319  -0.08043738  0.15954144 -0.22109811 -0.06200257 -0.08999253
 -0.136959    0.04949376 -0.17711937 -0.19185935 -0.05322061 -0.00379029
  0.12785503 -0.06175484 -0.19288209  0.05951381  0.02577304 -0.13491182
 -0.06980321 -0.0439095   0.1937783   0.05114759  0.00556158  0.12747096
  0.09296007 -0.05542248  0.1845394   0.17135341  0.00940398 -0.0279784
  0.10924996  0.1268461   0.05731294 -0.03951589 -0.1065345   0.2873522
 -0.30350277  0.01817316 -0.11756902 -0.13121744  0.02223874  0.08429886
  0.01627575  0.1318417   0.15853497 -0.07196321  0.3244468  -0.03526115
  0.18706551 -0.00689021  0.07299879 -0.00673069  0.06644826  0.03269053
  0.17478393 -0.01802153 -0.09949227  0.1768032  -0.07577767 -0.03032487
 -0.04091441  0.07438784  0.18924882 -0.00377993  0.17866683  0.10023682
  0.03041665 -0.03111909  0.07055651 -0.11950885  0.06788696  0.14088869
  0.09639077 -0.0707965  -0.07079434  0.15789822 -0.10858232 -0.14111418
 -0.03509749 -0.03720492  0.02609874  0.0829787  -0.19189672 -0.05964336
  0.05507481  0.00341883  0.13835087  0.03143339 -0.01166815 -0.02198218
  0.03290211  0.03399764]