http://erau.edu/ontology/meme.owl#DrakeMeme
[-0.10061575 -0.00739074  0.0712886   0.1324513   0.04221389  0.05186802
 -0.07540558  0.0358919   0.09391779 -0.2209324  -0.12496289  0.2793428
  0.20255935  0.15257682 -0.05274234 -0.18112282 -0.09387101 -0.07046462
  0.02675594 -0.05494108 -0.00949669  0.17036703 -0.03823807  0.13839823
  0.0330862  -0.18950996 -0.00390599 -0.0241411   0.03532075 -0.07267737
 -0.21727125 -0.07252701 -0.15521458 -0.01845777 -0.13111404  0.05175209
 -0.15204686  0.12438729  0.04779811  0.2469551   0.07255816  0.03270995
 -0.26514965 -0.02848916 -0.22014205 -0.05255267  0.0775902  -0.17517312
  0.05339113 -0.17178038 -0.01092127  0.17808713  0.21210133  0.01010461
 -0.19145046  0.24548383 -0.08303384 -0.01868285  0.11724304  0.18028851
  0.19444834 -0.17440532  0.01516924  0.03270271 -0.06272756 -0.04276197
 -0.11922397 -0.06961107  0.11040468 -0.10172863  0.14205824 -0.02069323
 -0.0160791  -0.01426209 -0.21645927 -0.08468906 -0.04015001 -0.11528411
 -0.0306346  -0.11970297  0.15940762  0.18953304 -0.26774716 -0.10562176
 -0.04526347  0.01245693  0.1285287   0.05319299 -0.02131429  0.26928747
 -0.09777295 -0.00427957 -0.2144782  -0.02751098  0.05662708 -0.08460164
 -0.05406411  0.27673358  0.01518493 -0.02746593  0.09603173 -0.05526442
 -0.08713817  0.02961311  0.14508301 -0.00929225  0.0824712   0.18810421
  0.11388464 -0.01601143  0.18905823  0.12210108  0.02793107  0.02128203
  0.17081004 -0.13328417  0.04327873 -0.01657528 -0.13675474 -0.01859559
 -0.001264    0.15976655  0.01133525  0.01265316 -0.20926157 -0.24464221
 -0.0172586   0.15744838 -0.22981691 -0.1495036  -0.03709745  0.04579167
  0.01651892 -0.17963134  0.10534468 -0.102339    0.11218006  0.03401729
  0.04480418 -0.00372084 -0.07801004 -0.00926961 -0.07050744  0.06244234
  0.01420164  0.02900492 -0.05425669 -0.13248508 -0.10368976 -0.02286862
  0.07868089  0.03573886 -0.16111974 -0.1303438  -0.10727873 -0.13502169
  0.0432556  -0.00675405 -0.070399   -0.05928047  0.07220072  0.243542
  0.1035261   0.01692075 -0.12036719 -0.11746464  0.01166882  0.14443892
 -0.17908235 -0.04720577 -0.03293061 -0.02152925 -0.03042747  0.19712757
  0.13457839 -0.00837628  0.0616491   0.03769136  0.02265087 -0.02730653
 -0.18548192 -0.08928561 -0.03097254 -0.03427601 -0.02787617 -0.02295627
 -0.18447046  0.03249332  0.12603216  0.13244174  0.00135768  0.24014741
  0.20339493  0.13445653 -0.12023762 -0.0175473  -0.07523406 -0.05734363
 -0.13480963  0.18549043]