http://erau.edu/ontology/meme.owl#TheFappeningCelebgateMeme
[-4.17863950e-02 -2.08271295e-01  1.76622048e-02  1.42890606e-02
 -9.21193808e-02  1.01203598e-01  7.19100535e-02  5.79542704e-02
  6.30703494e-02 -3.13652828e-02  1.03850640e-01 -4.82000969e-02
  3.70196030e-02 -6.43403009e-02  1.43916346e-02  2.55126823e-02
  1.87337622e-02  8.67422968e-02  6.86864741e-03  5.75705729e-02
 -8.00015554e-02  1.20358787e-01  2.94234268e-02 -9.84315276e-02
  1.87551245e-01  6.95790574e-02  6.46267459e-02 -7.25627691e-02
  1.54830873e-01  8.89697373e-02  1.30241141e-01  8.96737725e-02
  1.49720525e-02  3.23297409e-03 -4.52143215e-02  2.14297608e-01
 -5.38316444e-02  7.98471496e-02 -1.16516285e-01 -2.16008350e-01
  3.29314731e-02  1.23155035e-01 -5.30076101e-02  9.15537588e-03
  5.20739630e-02  3.14242095e-02  3.99315059e-02 -8.10410231e-02
 -1.13195203e-01  8.61105695e-02  2.44962126e-02 -1.89182367e-02
 -1.35758162e-01 -1.36552706e-01 -6.10831678e-02 -1.25399586e-02
  4.71905358e-02 -7.39644691e-02  1.06119946e-01  8.06339905e-02
 -3.17000672e-02  3.52648576e-03  6.34555295e-02  7.38104358e-02
 -1.27605408e-01 -7.73616731e-02  7.94386566e-02 -5.08372812e-03
 -2.65056398e-02 -5.58597483e-02 -7.43182823e-02  9.14543644e-02
 -3.25637218e-03  1.21904723e-02 -3.61798843e-03  1.48579061e-01
 -1.93995520e-01  2.47752052e-02  7.32236281e-02  1.70133989e-02
 -4.88413647e-02 -7.32733309e-02 -7.56975114e-02 -2.06062049e-01
  6.39545098e-02 -8.86410326e-02 -1.07592560e-01  1.41703472e-01
  6.97435886e-02 -7.88339972e-02  8.14989731e-02 -2.12999597e-01
  1.21919058e-01 -5.11196852e-02 -1.08738378e-01  7.31433257e-02
  6.43856358e-03  6.13581762e-02  2.53226445e-03  6.91532195e-02
  1.78982705e-01  1.58085242e-01  3.37014675e-01 -4.50342633e-02
  3.73297967e-02  5.82940839e-02  1.15376957e-01  6.90817460e-03
 -5.39560504e-02 -9.75253582e-02 -3.03906761e-02  6.20354600e-02
 -4.96463254e-02 -9.98797342e-02  5.43632358e-02  3.10254116e-02
 -2.68717825e-01 -1.74324960e-01 -6.61671385e-02 -2.51037185e-03
 -3.41177359e-02 -7.43859634e-02 -6.53280541e-02  1.00617267e-01
  4.63011935e-02 -9.25605223e-02  1.65281221e-02 -6.98665809e-03
  2.38070358e-03  2.90335268e-02 -2.45365828e-01 -3.46207172e-02
 -3.55033809e-03 -8.34795162e-02 -7.70251751e-02  4.61355150e-02
 -5.55753894e-02 -1.38679266e-01 -6.15980774e-02  9.95846689e-02
 -2.42807522e-01  4.86775115e-03  5.38351499e-02  1.94075387e-02
  1.76964834e-01 -2.24086910e-01  6.58351416e-03 -1.83248729e-01
 -4.73003350e-02  9.51764137e-02 -4.94354181e-02 -6.65830225e-02
  1.60437804e-02  5.76451235e-02 -5.77037446e-02  6.89636692e-02
 -1.16802573e-01  2.27659687e-01  1.47916293e-02 -7.06510469e-02
  8.02487507e-02 -4.57206815e-02  4.30584997e-02 -1.69045571e-02
 -2.27752402e-01 -1.61991805e-01 -1.74804851e-02  1.37468740e-01
 -2.14914620e-01  2.28180915e-01 -6.45429082e-03  2.04549566e-01
  2.35966414e-01  1.78557023e-01 -1.00337982e-01 -1.05930604e-01
  3.74601036e-02 -7.40942731e-02  1.70482650e-01 -1.70296505e-02
 -8.73005986e-02  5.34035042e-02  7.45384842e-02 -1.51548795e-02
 -5.00462912e-02  4.37668897e-02  3.12780701e-02  6.73305690e-02
  1.45376831e-01 -8.45942944e-02  3.21027357e-03 -7.58079812e-03
 -1.13578945e-01 -2.80888584e-02  1.61224026e-02  3.92029844e-02
  3.42769995e-02  1.86925903e-01  5.15819602e-02 -2.52116676e-02
 -2.06459556e-02  2.52466220e-02  9.92732048e-02  3.59645560e-02
 -4.62635830e-02 -1.55277729e-01 -1.91123392e-02 -4.08053435e-02
  3.90597172e-02  7.19408914e-02  2.13734180e-01  1.60586704e-02
  3.97664346e-02 -7.23764822e-02  3.33534330e-02  4.43575857e-03
 -1.38057813e-01 -5.00466004e-02  7.38847703e-02  9.93768647e-02
  4.16159742e-02  1.62413970e-01 -1.01224087e-01  4.53574471e-02
  7.53717124e-03  7.86556378e-02 -1.38246045e-01 -2.55691409e-02
 -4.34551835e-02  2.66514556e-03  7.95628130e-03  7.94325303e-03
 -5.72806150e-02 -1.05325691e-01  2.86721904e-02  1.92469824e-02
 -3.31523712e-04 -7.64434561e-02  1.37224495e-01 -1.29955098e-01
 -5.34362197e-02 -5.03208227e-02  7.00876117e-02  3.98417674e-02
 -1.73948810e-01 -6.80360049e-02 -1.58470809e-01 -3.53707038e-02
 -6.09638505e-02 -6.56394139e-02  8.11055973e-02  1.36621902e-02
  1.64533034e-01 -2.39351410e-02  2.29285896e-01 -4.39533442e-02
 -8.98012519e-02  6.77011386e-02  8.72725062e-03  7.12755397e-02
 -1.34346902e-01 -9.64739099e-02  3.33711579e-02 -1.13333501e-01
 -4.65156585e-02 -2.86567539e-01  6.16394654e-02 -1.86494067e-02
  7.15299994e-02 -7.01260120e-02 -5.68361916e-02 -8.96008015e-02
 -2.01963894e-02  4.90601435e-02  3.10532581e-02 -2.74055488e-02
  1.12447307e-01 -6.17053658e-02 -7.36153871e-02  1.23662548e-02
  1.19647667e-01  1.04110492e-02 -3.01853679e-02 -8.15501213e-02
 -1.64869636e-01  3.78767699e-02 -6.96529895e-02 -1.03588603e-01
  6.60129357e-04 -5.99460378e-02  1.07661188e-01 -6.99850693e-02
  2.62952019e-02 -2.38714162e-02  5.60065600e-05 -3.58333737e-02
  1.94208518e-01  4.00544927e-02 -1.74596995e-01 -1.11360230e-01
 -2.86234200e-01  2.85301395e-02 -8.11334327e-03  7.46174082e-02
  1.03578940e-01 -4.89851013e-02  1.39971733e-01 -7.18199536e-02
 -2.69235075e-02  4.24724445e-02  2.04807088e-01 -1.93229899e-01
 -8.15287083e-02 -4.22067419e-02 -7.60162771e-02  2.94576101e-02
 -2.07348689e-02  1.64528154e-02 -3.77074033e-02 -2.97042299e-02
  3.95557135e-02 -1.65259406e-01  1.35596260e-01  1.86978534e-01
 -1.05599985e-02  4.70188446e-02 -1.17126212e-01 -6.69938102e-02
  1.18735187e-01 -3.18960622e-02 -7.42704719e-02 -4.52765487e-02
  4.31472138e-02 -1.44309908e-01 -2.26931646e-02 -2.58538634e-01
  1.94009721e-01  1.39231578e-01 -5.27026542e-02  1.04906335e-01
  4.98299338e-02  1.03906058e-01 -4.29007746e-02 -1.72851253e-02
 -5.76259606e-02 -5.69389127e-02 -2.51430385e-02  9.49808583e-02
 -1.40024394e-01 -1.05723239e-01 -6.66317493e-02 -1.63867082e-02
 -1.46326900e-01  1.43053219e-01 -1.87168151e-01  1.32884338e-01
 -1.73105451e-03 -1.01327419e-01  3.04707974e-01 -7.95468539e-02
 -1.01124816e-01  5.77785857e-02 -8.39505985e-04 -4.52477857e-02
 -1.05517870e-02 -4.88790907e-02 -1.05450653e-01  1.33582801e-01
  2.90451031e-02  6.47975355e-02 -1.00404598e-01 -6.37719259e-02
 -2.40676448e-01  5.12422733e-02  1.29579276e-01 -6.12831116e-02
 -6.23047575e-02  1.34616435e-01 -1.34795280e-02 -1.25620946e-01
  5.85402362e-02  1.91784382e-01 -8.55906084e-02 -7.76303411e-02
  8.23898911e-02 -5.80362752e-02 -7.37191960e-02  1.74763113e-01
 -1.27046317e-01 -2.91468892e-02 -6.42279759e-02  7.30348974e-02
 -7.83718377e-02  2.25579605e-01  2.96946298e-02 -1.80159464e-01
  8.30504224e-02  4.66877893e-02  1.82688177e-01 -1.03910573e-01
 -6.65669367e-02 -2.08110273e-01  4.36508134e-02 -1.21924512e-01
 -4.41722646e-02  1.00268107e-02 -9.63795483e-02  3.12987596e-01
  1.20545886e-01  3.10729463e-02  1.72647461e-01 -1.51806459e-01
 -1.38425231e-01 -2.00150590e-02 -1.43116802e-01  2.39972118e-02
 -1.11264989e-01 -7.56265596e-02  1.11018857e-02  8.00592080e-02
  1.67677268e-01 -3.14849503e-02 -2.11427376e-01  9.58948731e-02
 -3.20026278e-03 -1.60116434e-01 -3.64122093e-02  4.75916266e-02
  1.13640830e-01  4.41468172e-02  3.66521813e-03  2.00213328e-01
  8.70176479e-02 -1.79468483e-01  8.01836252e-02  1.87518001e-01
  6.59487247e-02 -9.37147290e-02 -3.62677574e-02  2.14623958e-01
  1.58090651e-01  1.19392285e-02 -1.21552773e-01  3.63006741e-01
 -2.46262252e-01  7.45284883e-03 -2.45470852e-01 -6.73419237e-02
 -6.77172840e-02  1.04323328e-01  9.05753523e-02  1.22758694e-01
  1.46683887e-01  9.64830979e-05  1.75723135e-01  2.77407537e-03
  1.44022599e-01  5.06699421e-02  9.29324478e-02  7.89974630e-03
  1.23578794e-01  8.35314766e-02  1.64571136e-01 -6.98809773e-02
  6.75470904e-02  1.87849447e-01 -1.34250462e-01 -1.22113697e-01
 -5.79331852e-02  1.46510974e-02  2.14725420e-01 -3.86754610e-02
  1.65165558e-01  1.17266119e-01  5.06794453e-02 -2.25714937e-01
  8.89859274e-02 -2.11011484e-01 -7.03784227e-02  8.95873681e-02
 -6.41418323e-02 -8.23477581e-02 -9.24603119e-02  2.28904471e-01
 -1.75828576e-01 -1.88010335e-01 -1.05059318e-01  8.59769341e-03
  8.41814354e-02  1.10525504e-01 -3.53124887e-02 -1.14715155e-02
 -1.33402320e-03  5.59590384e-02  2.37129450e-01 -1.42993517e-02
  4.44987789e-02 -8.07607695e-02  1.53331598e-02  2.06160527e-02]