http://erau.edu/ontology/meme.owl#DeepfakesMeme
[-1.31323203e-01 -1.21409707e-01  3.25333588e-02  3.05423401e-02
 -5.40701151e-02  5.46494685e-02  9.51329768e-02  5.87441474e-02
 -5.66210747e-02 -1.16953664e-01  4.73626368e-02 -7.06397891e-02
  9.60372388e-02 -8.96825492e-02 -6.32166117e-02 -5.63556962e-02
  6.47430643e-02  3.56366783e-02  3.08147389e-02  5.22483550e-02
 -1.46110490e-01  8.02041441e-02  3.84009220e-02 -9.45857987e-02
  1.08273029e-01 -1.92019697e-02  2.43500490e-02 -1.30939841e-01
  3.07329893e-01  1.38696313e-01  2.50892043e-02  1.24042787e-01
  2.23254468e-02 -1.02561042e-01 -4.77272198e-02  2.07954824e-01
 -3.52940634e-02  1.18109368e-01  2.20490247e-02 -1.74559668e-01
  7.52087533e-02  1.69571057e-01 -1.17878206e-01  2.15552468e-02
  1.16507336e-01 -5.69895096e-02  5.21474890e-02  5.69929741e-02
 -3.62678766e-02  1.41648352e-01 -4.55396622e-02  2.64525302e-02
 -7.92208910e-02 -1.17346004e-01 -1.15765885e-01 -1.20603271e-01
  1.32319167e-01 -1.34295627e-01  1.91524982e-01  3.55913080e-02
 -9.49269086e-02 -2.85262745e-02  1.16758220e-01  3.92031297e-02
 -1.11635804e-01 -7.60663673e-02  6.05025366e-02 -9.43018347e-02
 -8.92448649e-02 -1.88093320e-01 -1.16841018e-01  6.88012838e-02
  9.74219069e-02 -1.55109363e-02  5.30071370e-02  8.42433274e-02
 -2.34508868e-02  1.09434925e-01  1.70969158e-01  5.88484742e-02
 -1.18202642e-01 -1.11822017e-01  2.10663565e-02 -1.88756391e-01
  1.09059699e-01 -3.95634957e-02 -6.06230460e-03  7.95349553e-02
  5.34623265e-02 -5.43678440e-02 -9.99318063e-02 -1.63453415e-01
  6.76199421e-02 -1.72837317e-01 -4.92037833e-02  7.91975185e-02
  6.13604560e-02 -2.37438511e-02  7.71038141e-03 -1.06164403e-01
  8.11177567e-02  6.56090453e-02  2.81118363e-01 -1.20934516e-01
 -4.24769409e-02  7.95214623e-03  1.69804841e-01 -1.13289349e-01
 -7.54462555e-02 -1.00325093e-01  1.20030679e-02  4.92680967e-02
 -2.19727978e-01 -9.79853272e-02  4.49082814e-03  1.28577679e-01
 -2.52276033e-01 -2.03560144e-01  4.78788801e-02  8.33155066e-02
 -3.83636206e-02 -1.47273839e-01 -1.24953963e-01  7.89277181e-02
  5.09818364e-03 -1.17618568e-01  2.94859912e-02 -8.88017863e-02
  5.30398078e-02  7.03750476e-02 -1.61157236e-01 -6.88247979e-02
 -1.00598997e-02 -9.06164125e-02 -8.42563137e-02  6.49778917e-02
 -3.12039461e-02 -4.07847911e-02 -1.06112115e-01  1.18024394e-01
 -1.86096430e-01  5.00204600e-02  4.96747158e-02  6.98662698e-02
  8.12670365e-02 -2.28425249e-01  7.07573295e-02 -3.51813883e-02
 -6.11493550e-02  1.08533114e-01  9.41928383e-03 -1.15078628e-01
 -2.51557399e-02  3.26788239e-02 -1.28106065e-02  7.30256066e-02
 -1.52326927e-01  1.65403768e-01  1.33308649e-01 -4.01172973e-02
  2.09935326e-02  1.56390592e-02  1.21276006e-01 -1.01677731e-01
 -1.89880967e-01 -1.19152099e-01  2.46494566e-03  6.64478391e-02
 -3.39475602e-01  1.10084124e-01  3.82933542e-02  1.22869469e-01
  2.04996452e-01  1.44620895e-01 -1.04993265e-02  6.00345712e-03
 -1.03179082e-01 -3.53610516e-02  9.68456864e-02 -1.05154127e-01
 -9.78468806e-02  7.74575546e-02  3.14932838e-02  4.61639017e-02
 -1.57433361e-01  6.94629103e-02  4.81517166e-02 -2.59483652e-03
  2.82095760e-01 -1.17209917e-02  3.39412913e-02 -7.53157809e-02
 -2.36060515e-01 -2.21324735e-03 -4.08135727e-02  2.93539353e-02
  5.80204763e-02  9.50839743e-02 -1.50102213e-01 -8.48586485e-02
  2.08331551e-02  1.73614658e-02  6.07944205e-02  1.53511455e-02
 -9.94516090e-02 -1.74122021e-01  4.67736684e-02 -1.15522742e-01
  7.59452954e-02  7.65917227e-02  1.77672476e-01  1.68335274e-01
  3.67522575e-02 -2.15999428e-02  9.89925396e-03  3.26637961e-02
 -6.26681447e-02 -5.58215007e-02  1.09173104e-01  1.48754463e-01
  1.49974883e-01  1.31985530e-01 -7.98022822e-02  3.36761475e-02
  1.87687930e-02  5.13170436e-02 -1.32793501e-01 -5.18695079e-02
  1.68169034e-03  3.75941880e-02  6.80982992e-02  2.81934673e-03
 -8.05561319e-02 -1.16002746e-01 -1.35963485e-02  1.04598604e-01
 -1.93461701e-02 -6.95136338e-02  1.89413056e-02 -5.42415716e-02
  2.58699041e-02 -6.62999824e-02  6.66892678e-02 -9.43839028e-02
 -2.39638373e-01  2.16168799e-02 -8.72807801e-02 -2.22708005e-02
  9.08587128e-03  6.34784577e-03  8.52671787e-02 -2.98150424e-02
  7.02239573e-02  5.74958064e-02  1.23181038e-01  1.20906690e-02
 -9.99684706e-02 -5.99564314e-02  6.20818324e-02  1.05102351e-02
 -6.58729225e-02 -1.43784508e-01 -5.60598634e-03 -3.84345725e-02
 -5.83681166e-02 -1.36004865e-01 -2.80125272e-02  2.78192423e-02
  9.76243094e-02 -1.59285694e-01 -6.36234656e-02 -1.38111666e-01
 -7.40839988e-02  3.45936008e-02  1.24587953e-01 -1.98866446e-02
  5.45140682e-03 -2.78214365e-02 -8.73739719e-02  1.27499159e-02
  1.20663308e-01  7.13383481e-02  5.33740409e-03 -6.56051189e-02
 -1.23651169e-01  2.42267642e-02 -1.01538308e-01  7.29687363e-02
 -1.71978921e-02 -1.66948363e-01  4.80771437e-02 -1.82255834e-01
  1.45812891e-03 -8.89930725e-02 -5.90311865e-05 -3.49880080e-04
  3.19722551e-03 -8.93044695e-02 -1.23172395e-01 -6.72156215e-02
 -2.23689303e-01  2.80948468e-02  4.20020334e-03  7.56376758e-02
 -7.81984329e-02 -1.49081927e-02  1.35739774e-01 -3.08496002e-02
 -6.50512204e-02  1.02123260e-01  2.87679136e-01 -1.44198090e-01
  6.89011812e-02  9.16936994e-02  2.50525940e-02  3.18170600e-02
 -6.16730601e-02  3.73549350e-02  8.85544196e-02 -6.48459941e-02
  1.31852239e-01 -1.76997408e-01  1.34890810e-01  1.37393415e-01
 -4.70716916e-02  3.74129973e-02 -1.89880356e-01  6.10308908e-02
  1.61603205e-02 -7.78585374e-02  1.90938842e-02  7.82626681e-03
  3.33517753e-02 -1.31744191e-01  5.74724982e-03 -1.60178974e-01
  6.76674545e-02  8.38383734e-02  3.82411368e-02  9.82374251e-02
  7.37069324e-02  5.03755473e-02 -3.29980850e-02 -3.83057594e-02
 -8.33842233e-02 -2.76803738e-03 -8.58728513e-02  3.11750919e-02
 -5.14889546e-02 -1.17993101e-01  2.23845206e-02 -5.12467921e-02
 -8.59451964e-02  1.77353591e-01 -1.68165535e-01  3.32177244e-02
  4.67722453e-02 -5.80106154e-02  1.56123459e-01  4.46578581e-03
 -5.53029776e-02  1.31890595e-01 -3.30518745e-02 -6.06406294e-02
 -1.96131393e-02 -2.41180672e-03 -6.26884550e-02 -8.33652541e-02
 -3.56122516e-02  8.91424194e-02 -4.14866023e-02 -5.77754267e-02
 -1.63764343e-01  3.51100191e-02  3.87678854e-02  2.97353379e-02
 -9.97742489e-02  6.76396629e-03 -7.30321482e-02 -2.62666047e-02
  1.26724532e-02  1.31970525e-01 -1.11803018e-01 -8.06834102e-02
  6.28552884e-02 -9.17946920e-02 -4.36293334e-02  1.11483701e-01
  7.78567919e-04 -3.03818770e-02 -8.08883458e-02  1.14943422e-01
 -3.04798279e-02  2.26641923e-01 -1.34467274e-01 -1.76737949e-01
  5.64685231e-03  6.43341690e-02  3.62737328e-01 -7.88672268e-02
  8.38666782e-03 -8.76563638e-02  3.68192717e-02 -2.23923877e-01
 -1.39053866e-01 -2.93049067e-02  3.16128470e-02  1.97943136e-01
  1.11894697e-01  1.04385853e-01  1.18842728e-01 -1.75923824e-01
 -1.03403375e-01 -9.07443613e-02 -2.25816611e-02  1.12519853e-01
 -8.81159604e-02 -5.43346740e-02 -7.24700242e-02  4.21208516e-02
  1.10493533e-01  4.16111760e-02 -1.68113217e-01  2.15222314e-02
  9.47327390e-02 -9.06714424e-02 -8.22496265e-02  1.19509377e-01
  1.27417997e-01 -2.13840548e-02 -8.08128789e-02  1.72541022e-01
 -1.91606453e-03 -1.51450811e-02  1.61977112e-01  1.67179614e-01
  5.97590730e-02 -4.86871488e-02 -3.38637643e-02  6.24505207e-02
  1.65496901e-01  3.07876188e-02 -1.39703199e-01  2.65464157e-01
 -1.90405861e-01  3.39706126e-03 -1.91065639e-01 -1.48794040e-01
 -9.19573754e-02  1.28806919e-01  1.03128441e-01  1.25728294e-01
  4.64828387e-02 -3.28124203e-02  1.77676469e-01  1.96360070e-02
  2.30711866e-02 -1.96080245e-02  6.86340109e-02 -6.37061000e-02
  1.44049063e-01  9.44825187e-02  3.17431130e-02 -5.40394187e-02
  1.61338560e-02  7.53260180e-02 -3.09460629e-02 -2.10723624e-01
  2.58083344e-02 -9.44604352e-03  5.81556298e-02 -2.44331937e-02
  1.25906616e-01  9.65616331e-02  7.28786215e-02 -1.57120854e-01
  1.12314902e-01 -1.13658927e-01 -8.85040835e-02  9.37568992e-02
 -1.24785960e-01  4.80006635e-02 -1.17673494e-01  3.05959940e-01
 -4.74765711e-02 -1.95717290e-01 -3.93368900e-02  3.59666646e-02
  6.36743009e-02  1.00551108e-02 -8.97732154e-02  4.09630947e-02
  7.03101978e-02  2.39919294e-02  8.79364014e-02  7.01801665e-03
 -4.14902763e-03 -3.20794135e-02  1.12044197e-02  1.35574088e-01]