http://erau.edu/ontology/meme.owl#DoYouLoveTheColourOfTheSkyMeme
[-1.54142398e-02 -7.74179623e-02  7.76053499e-03 -4.53436337e-02
 -8.40914845e-02  1.36622354e-01  1.11517228e-01  1.18241876e-01
 -2.07367893e-02  2.51356233e-02  1.61707893e-01 -6.81819990e-02
 -8.03338457e-03 -4.17517498e-03 -9.47974697e-02 -5.32755181e-02
  4.14705612e-02  7.57504106e-02 -5.42528816e-02 -6.93436861e-02
 -2.34170958e-01  6.18269965e-02  3.73888575e-02 -7.46994987e-02
  9.40678343e-02 -1.91740342e-03  1.13444142e-02 -3.94767448e-02
  1.16960555e-01  1.39715865e-01  1.20334923e-01  1.12869948e-01
  4.09356281e-02 -3.97429317e-02  6.32903585e-03  1.12448901e-01
  4.20380980e-02  9.87085029e-02 -7.18302652e-02 -9.59094763e-02
  3.59786637e-02  1.53757766e-01 -1.31505683e-01 -3.70743945e-02
  8.01475272e-02  3.24616767e-02  1.67974643e-02 -8.61509293e-02
 -6.48931339e-02 -9.67750512e-03  7.03857914e-02  1.37744658e-02
  8.17084499e-03 -1.74174875e-01 -2.08921969e-01  1.03066582e-02
  9.29733962e-02 -1.69116884e-01  1.78563833e-01  1.15026824e-01
 -5.09365276e-02 -1.73041280e-02  1.22095667e-01  5.50272763e-02
 -1.07901298e-01 -7.11600184e-02  9.59856957e-02  2.95923073e-02
 -9.17117074e-02 -1.35578662e-01 -1.12239793e-01  8.80645439e-02
  1.09865926e-01  9.14306194e-02  7.31969699e-02  1.25710919e-01
 -1.91460416e-01 -1.66204106e-02  1.39140472e-01  1.98118370e-02
 -1.05600376e-02 -8.30763280e-02 -1.06975503e-01 -2.19762385e-01
  1.11216515e-01 -4.65430468e-02 -6.07136674e-02 -5.79775646e-02
  1.35839370e-03 -2.05097608e-02  4.10904512e-02 -1.22062474e-01
  1.31947219e-01  2.23027868e-03 -1.24428608e-01  3.45338807e-02
  4.54431176e-02 -2.64382968e-03 -6.44514412e-02 -2.23530345e-02
  1.99839905e-01  5.97062930e-02  2.80254930e-01 -7.71934167e-02
  3.23673226e-02  7.23498613e-02  1.03805400e-01 -7.46155065e-03
 -4.39271294e-02 -6.78104609e-02 -2.03076694e-02  3.03738825e-02
 -4.07364480e-02 -1.70822129e-01  1.17790505e-01 -5.48600256e-02
 -3.03461313e-01 -1.99885383e-01 -2.35332386e-03  1.01141095e-01
 -7.27690607e-02  9.59469657e-03 -1.19184859e-01  1.20500945e-01
  1.85967728e-01 -1.02556892e-01 -3.92636210e-02  2.94267666e-03
  9.82696041e-02 -1.49950124e-02 -2.59138376e-01 -7.32665434e-02
  3.76629382e-02 -6.66166842e-02 -8.99292752e-02  1.08755603e-01
 -3.85048687e-02 -1.87557600e-02 -2.19414338e-01  6.51608482e-02
 -2.59172231e-01  9.21843946e-02  4.64365073e-02  9.52477939e-03
  2.91502297e-01 -2.65182614e-01 -1.11609483e-02 -1.28540620e-01
 -1.08466871e-01  1.15597025e-01  3.21103819e-02 -3.08750849e-03
 -5.52289486e-02  4.28537726e-02 -2.89908126e-02  1.26817897e-01
 -1.52796447e-01  2.13643491e-01 -3.63701396e-02 -9.36728567e-02
  8.38096291e-02  1.53229944e-02  1.44745391e-02  2.26664059e-02
 -2.43767649e-01 -1.80669591e-01  3.13922577e-02  2.01657400e-01
 -2.90580451e-01  1.60413027e-01  1.16882883e-01  1.11366861e-01
  2.24295139e-01  2.74247527e-01 -2.96034813e-02 -2.67774463e-02
 -3.23890802e-03  9.31947213e-03  1.30733028e-01  5.01119606e-02
 -8.81526247e-02  6.83789104e-02  3.85565050e-02 -3.96109894e-02
  7.41380872e-03 -1.56803690e-02  6.40826020e-03  4.54425961e-02
  1.27071679e-01 -3.40627134e-02  8.90098289e-02  3.50888781e-02
 -1.67447820e-01 -9.84617397e-02  3.16785835e-02  4.08327766e-02
 -6.68231025e-02  1.72077164e-01 -3.77435749e-03 -3.39144818e-03
 -1.14985399e-01  7.61682447e-03  2.65569985e-02 -2.11018510e-02
 -4.24032174e-02 -9.21637416e-02 -5.83433621e-02 -1.45750018e-02
  1.60292193e-01  5.39831407e-02  1.66656375e-01  4.05361801e-02
 -6.82090819e-02 -6.37131557e-02  2.19982350e-03 -8.97824541e-02
 -1.56721100e-01  4.46510166e-02  1.17136918e-01  1.28722072e-01
  3.64843048e-02  1.07003443e-01 -1.38550371e-01  6.14946522e-02
  2.93058846e-02  2.77854153e-03 -9.77233052e-02  8.80883709e-02
 -1.64157525e-02 -1.19258128e-02  9.12481472e-02  3.96906994e-02
 -1.07965663e-01 -1.03452012e-01 -8.13692585e-02  4.20097858e-02
  1.50681473e-02 -8.08263794e-02  5.32547273e-02 -1.18918866e-01
 -4.93692048e-02 -4.70734313e-02  1.14814369e-02 -9.44398195e-02
 -1.47146091e-01 -1.33814856e-01 -8.55026245e-02 -1.07596166e-01
  2.75493991e-02  7.76557773e-02  6.62645027e-02  1.05378740e-01
  1.00182064e-01  1.45844081e-02  2.35772744e-01 -1.75952222e-02
 -1.21195935e-01  1.15146972e-02 -4.10453230e-02  4.96564992e-02
 -1.84322774e-01 -2.98784096e-02  1.64250992e-02 -1.56527683e-01
 -8.52743015e-02 -2.29609177e-01  3.04510891e-02  2.71064956e-02
  9.84938815e-02 -1.15748383e-01 -1.48627579e-01 -9.25677493e-02
  2.82666963e-02  1.04171038e-01  9.25922766e-02 -3.94563898e-02
  1.21805087e-01 -3.44557799e-02 -5.14264815e-02  3.22971903e-02
  1.41241789e-01  1.05317332e-01  1.04291905e-02 -3.67759578e-02
 -1.71692595e-01  1.00797273e-01 -3.76975648e-02 -4.72276323e-02
  1.11923385e-02 -9.63276904e-03  1.31772876e-01 -2.05815077e-01
  2.33772453e-02 -6.54744580e-02  1.91316381e-02 -1.67557579e-02
  5.70394583e-02  2.31509339e-02 -1.70811281e-01 -1.16820537e-01
 -2.22609282e-01 -9.34683997e-03 -1.34623349e-02  1.18910089e-01
  1.88971832e-02 -3.47507559e-02  7.72301480e-02 -2.59156600e-02
 -9.64142475e-03  5.56036271e-02  2.51713365e-01 -1.43509537e-01
 -1.16803199e-01  4.50082496e-02 -6.36546835e-02  5.16575463e-02
 -8.51517841e-02  3.24351378e-02  6.29933551e-02 -7.65191466e-02
  1.09450847e-01 -5.89840598e-02  2.50447065e-01  1.05502687e-01
  5.74916750e-02  3.28670368e-02 -7.06729367e-02 -1.02864623e-01
  1.13667697e-01  3.99501733e-02  5.78521900e-02 -2.59632431e-02
 -1.09682875e-02 -8.54342431e-02 -5.49140796e-02 -2.47197524e-01
  1.59216776e-01  8.37527439e-02 -5.88556938e-02  7.19445571e-03
 -5.68108372e-02  1.01016179e-01 -2.07974762e-02 -9.57388058e-02
 -8.53532702e-02 -1.12841472e-01  3.03311426e-05  7.86228105e-02
 -3.10268719e-02 -1.01575591e-01 -7.11758509e-02  4.31271568e-02
 -1.18957058e-01  1.66600049e-01 -1.92324281e-01  1.21175125e-01
 -4.29225378e-02 -4.72900048e-02  2.73951381e-01 -1.36945203e-01
 -1.54046759e-01  5.49777001e-02 -6.03218749e-02  1.05547868e-02
 -8.26188475e-02 -1.71750095e-02 -6.93181828e-02  1.39805913e-01
  4.33683805e-02  1.52848067e-03  5.75313754e-02 -4.30386364e-02
 -1.88868478e-01  1.76375672e-01  2.13457774e-02 -1.09487325e-01
 -1.47730364e-02  6.24829903e-02 -1.45101979e-01 -3.35555859e-02
  6.42939359e-02  1.75912276e-01 -1.03874601e-01 -1.07448019e-01
  9.40517858e-02 -9.38052312e-02 -3.82033251e-02  2.23122820e-01
 -7.01204091e-02 -6.24094009e-02 -7.39880325e-03  6.17724359e-02
 -8.66519064e-02  2.38536954e-01  1.07379467e-03 -1.83825240e-01
  4.68352437e-02  5.12502044e-02  1.96544364e-01 -8.08018968e-02
 -8.48253220e-02 -2.34357789e-01  2.16059014e-02 -1.84836984e-01
  2.87181456e-02  2.97752675e-02 -9.64772701e-02  2.09408447e-01
  1.36538342e-01 -2.68283095e-02  8.76989663e-02 -2.33398348e-01
 -1.18860282e-01 -6.86750002e-03 -1.67338222e-01  1.27742499e-01
 -9.46215838e-02 -1.63167313e-01 -2.73406859e-02  8.18326399e-02
  7.48454034e-02 -4.20964211e-02 -1.80608124e-01  5.91186136e-02
 -3.35905738e-02 -1.23717882e-01  2.55246665e-02  6.88820705e-02
 -9.59742628e-03  4.61009983e-03  1.00936713e-02  7.08999410e-02
  2.92944591e-02 -1.64005533e-01  1.66049019e-01  1.31716952e-01
  3.19219492e-02 -6.58581406e-02  7.73290619e-02  1.35857135e-01
  1.13380224e-01 -4.54490036e-02  1.71000808e-02  2.66244322e-01
 -1.20463483e-01  5.91888949e-02 -1.28223538e-01 -6.97125569e-02
 -1.52554212e-03  5.07040061e-02  8.61618295e-03  1.15305118e-01
  1.02860861e-01  4.81637847e-03  2.20311686e-01  3.66980955e-02
  1.09053299e-01  1.35355890e-02  8.52218196e-02 -1.07895359e-02
  4.30670530e-02  1.11761950e-01  1.33260906e-01 -9.16445926e-02
 -3.62889878e-02  1.20251186e-01 -4.65033390e-02 -4.61553410e-02
 -5.97345605e-02  5.30229583e-02  2.08526433e-01 -5.28841503e-02
  2.03570485e-01  4.90801372e-02 -3.85706276e-02 -1.37561008e-01
  5.68497740e-02 -1.23549148e-01 -1.11570228e-02  1.00248724e-01
 -2.73324456e-02 -7.01028341e-03 -9.42505524e-02  1.33709401e-01
 -9.01507512e-02 -1.92014903e-01 -9.17802602e-02 -9.91164371e-02
  8.62337872e-02  1.00952029e-01 -3.17234546e-02  9.35345795e-03
  1.75684076e-02  1.68696381e-02 -1.70936137e-02  5.56610338e-02
  1.54102314e-02  6.88512698e-02 -4.62930277e-03 -6.94286451e-02]