http://erau.edu/ontology/meme.owl#ScienceBrosMeme
[-8.49514008e-02 -7.48469159e-02  1.64411776e-02 -8.92332569e-02
 -1.02421574e-01  2.72711992e-01 -5.28976433e-02  1.85756549e-01
  6.23963960e-02  9.14873928e-02  1.40052587e-01 -5.36609851e-02
 -7.80877545e-02 -8.24209005e-02 -1.43739939e-01  3.75205986e-02
  2.28799045e-01  8.32972873e-04 -9.98593569e-02  5.16794845e-02
 -1.25515029e-01  6.80569373e-03  1.71975419e-01 -4.06667925e-02
  3.02941293e-01 -4.84268367e-02  3.74835022e-02  5.44665158e-02
  2.09444672e-01  2.44668797e-01  1.21342212e-01  1.30979925e-01
  4.61175665e-03 -1.31846085e-01  1.62067674e-02  2.24405304e-01
 -4.72032791e-03  1.34284377e-01 -9.97959673e-02 -4.16665301e-02
  1.46430567e-01  2.19769701e-01 -2.28291988e-01  8.65303949e-02
  1.45832762e-01  6.43441975e-02 -2.72631068e-02 -1.28893331e-01
 -1.07365668e-01  2.22899988e-02 -1.74861457e-02  1.03625087e-02
  3.24943140e-02 -1.44742010e-03 -2.77369946e-01  3.28538716e-02
  1.26228064e-01 -1.33855641e-01  3.45840156e-01 -2.73969825e-02
  1.10961780e-01 -3.11185839e-03  1.56523660e-01  1.54211313e-01
 -1.01386271e-01 -1.70890585e-01  2.35734597e-01 -3.21724787e-02
 -9.92556959e-02 -4.71077114e-02 -1.20883696e-01  1.37636125e-01
  1.74034014e-01  1.57465160e-01  2.93041058e-02  2.18575224e-01
 -1.23359390e-01  2.04477962e-02  7.63838589e-02  1.00358203e-01
 -1.30649477e-01 -1.65365234e-01 -1.35872751e-01 -2.42321044e-01
  3.29752624e-01 -9.73579362e-02 -2.96281930e-02 -9.99937952e-02
  5.60239051e-03 -1.85706437e-01  8.18392709e-02 -2.67851412e-01
  9.59453136e-02 -4.04525883e-02  4.80244542e-03  2.22640187e-01
  2.97350101e-02 -1.98154464e-01 -1.76832691e-01 -1.70018569e-01
  1.32950038e-01 -1.53746642e-03  3.46397012e-01 -2.63456792e-01
 -8.08958262e-02  1.31833091e-01  2.88688630e-01 -1.18471436e-01
  4.36200760e-02  7.05237454e-03 -9.77306440e-02  1.26110792e-01
 -1.19852215e-01 -1.74833611e-01 -4.69573922e-02 -2.07816176e-02
 -4.34789121e-01 -2.68889934e-01 -9.73687544e-02  1.33390099e-01
 -1.84501708e-01 -1.47254011e-02 -2.09677994e-01  1.01913922e-01
  2.52701014e-01 -2.07201004e-01  9.00783092e-02 -7.18765557e-02
  2.11828917e-01  6.84086010e-02 -2.18640298e-01 -1.77389473e-01
 -5.01765683e-02  4.55780067e-02 -1.87780812e-01  1.72829658e-01
 -4.27088924e-02 -4.20839079e-02 -3.65209848e-01  6.48827245e-03
 -2.73200810e-01  3.29251349e-01  1.78072244e-01  6.10829145e-02
  2.99832135e-01 -2.87228703e-01  6.28365017e-03 -1.65660605e-01
 -2.78358161e-01  9.04118270e-02 -5.45599610e-02 -3.51182744e-02
 -1.26748562e-01  2.74937805e-02  1.45269901e-01  1.66164473e-01
 -2.13632554e-01  3.77985053e-02  9.89623088e-03 -1.96469545e-01
  5.94271310e-02  4.17797118e-02  1.21435009e-01 -1.28778547e-01
 -2.96261430e-01 -9.30344611e-02  1.56172290e-01  1.67527810e-01
 -4.56348598e-01  2.05510661e-01  1.03902221e-01  1.73921332e-01
  8.11939761e-02  2.35967889e-01 -5.14384173e-02 -5.14223240e-02
 -4.53239009e-02 -3.77775095e-02  5.49965724e-02  5.60597926e-02
 -1.71938464e-01  1.79893613e-01  1.08787112e-01 -2.15988513e-02
 -2.13384137e-01 -2.18058489e-02  1.05975635e-01  8.68378133e-02
  4.04042145e-03  2.27549765e-02  2.33732224e-01  4.34878835e-04
 -1.67981595e-01 -1.80316493e-01  1.98804811e-02 -4.24544103e-02
 -1.12757988e-01  7.88312033e-02 -7.02989027e-02 -1.42293498e-01
 -2.33674288e-01  1.06058247e-01  4.06642482e-02  2.58516986e-02
  9.47012380e-03 -3.67137969e-01 -2.83091906e-02 -1.42513797e-01
  1.56498492e-01  1.66690633e-01  3.16224903e-01 -1.34220161e-02
  2.60010213e-02 -9.28909257e-02 -9.85675007e-02 -7.90597871e-02
 -1.34562016e-01 -9.29364562e-02  3.55936468e-01  1.15286909e-01
 -1.09623313e-01  1.59875676e-01 -6.36089966e-02  7.00746402e-02
 -2.73091439e-02 -2.74575260e-02 -7.70586729e-02 -1.61423795e-02
 -3.67946327e-02  7.02895876e-03  2.66382247e-01  2.35790849e-01
  1.39064584e-02 -3.53922158e-01 -5.39182536e-02 -1.82203483e-02
 -1.34394601e-01 -4.07713559e-03  9.80264600e-03  5.87006425e-03
  2.69806571e-02 -1.14117436e-01  6.08325936e-02 -1.60677582e-01
 -2.86350757e-01 -1.26629516e-01 -1.78347737e-01  1.25438441e-02
  8.03402141e-02  1.16094269e-01  1.42826214e-01  1.60861641e-01
 -5.49144968e-02  1.33260190e-01  9.70779806e-02  9.36110038e-03
 -2.10963964e-01 -1.49448112e-01  9.25860628e-02 -5.32039860e-03
 -1.56158924e-01 -5.35047650e-02  6.37948737e-02 -2.41825417e-01
 -2.14035645e-01 -2.24795043e-01 -1.71441272e-01  2.49100789e-01
  1.62398562e-01 -1.99196696e-01 -6.88243061e-02 -8.18789154e-02
 -7.96512514e-02  5.68192676e-02 -4.35587019e-03  4.65532541e-02
 -1.63470265e-02 -1.28111959e-01 -6.77493587e-02  8.05371627e-02
  1.55651361e-01  2.19842911e-01 -1.66768014e-01 -1.67073265e-01
 -2.90057212e-01  5.27227111e-02  1.70886796e-02 -3.70875522e-02
  1.64744347e-01  5.34243211e-02  4.92250500e-03 -4.06791389e-01
 -7.67973140e-02 -1.01873741e-01 -1.42469004e-01 -7.78805115e-05
  3.00010052e-02 -5.14378361e-02 -1.05664030e-01 -1.39008332e-02
 -2.16687962e-01  1.07671745e-01 -1.38625344e-02  6.22801445e-02
  4.55697253e-02 -1.08679362e-01 -4.73945327e-02 -9.44717377e-02
 -2.43958086e-01  2.00649232e-01  4.03256863e-01 -1.76165655e-01
 -1.62307963e-01  1.31327718e-01 -1.18610643e-01  5.17132133e-02
 -5.63343875e-02  7.68448189e-02  2.11169571e-01  1.64423324e-02
 -3.23622115e-02 -1.41679406e-01  3.27919632e-01  1.05607830e-01
  3.31014656e-02  1.54236212e-01 -1.68407336e-01  1.25173867e-01
  1.63691882e-02  6.50610477e-02  1.85244307e-01  8.07976127e-02
 -1.09308638e-01 -7.39076883e-02 -1.76987097e-01 -2.81471461e-01
  1.90683410e-01 -3.22347432e-02  2.43695378e-02  5.44117615e-02
 -1.59670301e-02  1.24258608e-01 -6.21337891e-02 -1.03478633e-01
 -8.76282677e-02 -9.65093821e-02  9.37853998e-04  6.33366480e-02
 -5.69148362e-03  4.51803096e-02  1.30180074e-02  3.17439809e-02
 -6.85502961e-02  1.54173821e-01 -2.22239837e-01  7.07043260e-02
 -3.19184996e-02 -7.76006803e-02  2.91330636e-01 -3.25010538e-01
 -9.15809870e-02  6.47934377e-02 -5.66415712e-02  9.81111526e-02
 -1.37538105e-01  1.75679043e-01 -3.04054737e-01 -2.40060315e-02
 -7.21306428e-02 -9.93325263e-02  1.43706903e-01 -1.78502664e-01
 -2.78872788e-01  4.23121959e-01 -1.03485242e-01 -1.38724670e-01
 -1.58570796e-01  1.35796160e-01 -2.70852059e-01  1.52017102e-01
  1.23913698e-01  2.09851652e-01 -1.69742316e-01 -6.63609505e-02
 -4.96500060e-02 -1.41280368e-01 -1.32016197e-01  1.94514513e-01
 -3.98394503e-02 -2.18718469e-01  5.70008196e-02 -8.88281688e-02
 -1.24715231e-01  2.24860385e-01 -1.59983456e-01 -1.37201488e-01
 -5.81389107e-03 -2.08622590e-02  4.81303990e-01 -8.38879216e-03
 -3.62257995e-02 -2.12984636e-01 -1.06511578e-01 -3.35313171e-01
 -1.56128332e-01  3.44679467e-02  2.12506074e-02  2.98079312e-01
  2.41440743e-01  1.27888069e-01  6.34766519e-02 -1.82622403e-01
 -1.61319077e-01 -5.56033775e-02 -6.21054284e-02  2.15384036e-01
 -1.07837722e-01 -1.21043883e-01 -8.18109140e-02  1.08336866e-01
  1.81735516e-01  8.97427127e-02 -3.60987455e-01 -2.96260342e-02
  9.27901343e-02 -1.97996125e-01  5.63029498e-02  4.29578513e-01
  9.13273841e-02  2.53571626e-02  8.73478875e-02  2.05847666e-01
  5.29458262e-02 -2.65684754e-01  2.59000957e-01  1.35925040e-01
  4.37182672e-02 -6.50123358e-02  4.32854034e-02 -1.64553747e-02
  1.20506331e-01 -4.21642512e-02 -3.86428311e-02  2.31695220e-01
 -2.20478714e-01  1.12313308e-01 -1.98328167e-01 -2.78897107e-01
 -1.00458348e-02  7.27083012e-02  6.53503016e-02  2.89876252e-01
  1.70058906e-01  4.52393219e-02  4.36425209e-01 -1.74788609e-01
  1.64926782e-01  4.39659692e-02  4.15827967e-02 -5.47081493e-02
  2.33222023e-01  8.26459229e-02  2.22868204e-01  5.83774336e-02
 -6.24912530e-02  4.61720722e-03 -1.52550908e-02 -7.49057904e-02
 -5.84908500e-02  1.52924448e-01  2.06064403e-01  9.11190659e-02
  3.33353758e-01 -3.98215577e-02 -4.54657748e-02 -1.00589305e-01
  2.66610205e-01 -8.85170326e-02 -2.63115466e-01  5.76275289e-02
 -1.18334703e-01 -8.41291100e-02 -9.99304950e-02  4.63125765e-01
 -8.08430091e-02 -2.03148544e-01 -1.80028230e-01 -5.10486625e-02
  4.79861908e-02 -7.88899139e-02 -3.03083003e-01 -1.77545518e-01
 -3.28715853e-02 -1.74676746e-01  1.39456829e-02  5.73641434e-02
  4.08097683e-03 -9.50113535e-02  3.41375880e-02  7.13793635e-02]