http://erau.edu/ontology/meme.owl#LegalLoliMeme
[-0.04988159 -0.12058026 -0.05604984 -0.04029856  0.06684507  0.05269771
  0.17566884  0.03032528 -0.1643881  -0.0337637   0.156147   -0.14830092
 -0.01573223 -0.10193894 -0.11880843 -0.08111005  0.06886481  0.11515126
  0.063215   -0.04293598 -0.35498452  0.14248805  0.08943097 -0.21964231
  0.10204521  0.02108434  0.03853196 -0.2220261   0.28904453  0.10709824
  0.0077131   0.04867498 -0.05454404 -0.12120062 -0.11162564  0.18742047
  0.10252016  0.11445992 -0.17038462 -0.16125889  0.07474888  0.15735543
 -0.20325331 -0.05296167  0.1252074   0.09751604  0.0560203  -0.10500114
  0.10993487  0.06164477  0.07344343  0.02597734  0.00787774 -0.2527473
 -0.11092669 -0.04182097  0.13819662 -0.09696266  0.16167192  0.12413864
 -0.05586491 -0.07071772  0.14846127 -0.01114696 -0.0834172  -0.01725438
 -0.02020533 -0.01299352 -0.09824857 -0.1407088  -0.05661686  0.13218218
  0.18535654 -0.03315062  0.03955338  0.10619757 -0.00510309  0.00155102
  0.21439883  0.00672795 -0.06319346 -0.21319248 -0.04604891 -0.19686264
  0.055205   -0.14443152 -0.14729115  0.04505208  0.15189566  0.03775633
  0.00356051 -0.20820601  0.1270795  -0.02010175 -0.14767425 -0.00921273
  0.01791414  0.01195977  0.00921297 -0.12373351  0.152528   -0.03064828
  0.18579045 -0.03770295  0.04416142  0.04248973  0.00948353  0.02417563
  0.03197606 -0.01315323 -0.03031162 -0.04871641 -0.09658073 -0.1769621
  0.2466937  -0.07541027 -0.25002247 -0.17193036  0.0483356   0.11861923
  0.0887742  -0.00343202 -0.0920933  -0.00356843 -0.04202015 -0.14418258
  0.0381187   0.03324649  0.03873414  0.04833864 -0.15656967 -0.0661235
  0.02492975 -0.11994287 -0.09800856  0.16701883  0.0066937  -0.0953505
 -0.12789224  0.13653748 -0.26740548  0.00919497  0.00674497 -0.0048748
  0.22493565 -0.24010251  0.14543094 -0.03290591  0.06132943  0.15372379
  0.00424821 -0.09691507  0.03713553  0.01991376 -0.05215157  0.10707536
 -0.18638772  0.13928019  0.03620588 -0.10232601  0.08386128 -0.0246791
  0.06258764  0.00653692 -0.2728028  -0.14710827 -0.11793656  0.19174689
 -0.21384823  0.15508127  0.00762728  0.13842553  0.2476492   0.19006214
  0.05976082 -0.02307655 -0.0142641  -0.04770081  0.07825924 -0.00462638
 -0.12124142  0.01209643  0.00389197  0.00273423 -0.00263031 -0.00183137
 -0.00758114  0.06633272  0.24913362 -0.05371658  0.0691415  -0.01176696
 -0.20660493 -0.06977179 -0.04139476  0.04917436  0.10373473  0.05327156
 -0.01929953 -0.01664236 -0.01816203 -0.01131876  0.01786463 -0.09062363
 -0.05964706 -0.20187391  0.02864207 -0.00108793  0.0831278   0.13611464
  0.0977548   0.08648866 -0.03802644 -0.09019284  0.11606196  0.02401855
 -0.16853826 -0.04362538  0.07543756  0.06144518  0.17616749  0.0023761
 -0.13995017 -0.04363554  0.14108835  0.09555318 -0.13088132  0.06989545
  0.05422509 -0.00635311  0.05473363  0.02357081 -0.2021057   0.03952565
 -0.01712063  0.07352532  0.0486629  -0.18773852  0.11593582 -0.16592383
  0.01032982 -0.08946601 -0.01760567 -0.06838204 -0.13819109 -0.0069104
 -0.09898019 -0.05934808 -0.00508677 -0.06029221  0.04172499  0.06606379
  0.1810621   0.0754952   0.07602718  0.03061474 -0.0518751   0.09672721
  0.04597891  0.03689267  0.0052146  -0.1508698   0.02071903 -0.13341613
  0.0168472  -0.2890231  -0.1202281  -0.06077754  0.06894137 -0.10552295
 -0.10618894 -0.05077109  0.11708541  0.12095187  0.26365155 -0.05999718
  0.18286306  0.05486843 -0.02743712 -0.08776007  0.24783073  0.01490972
  0.06637395 -0.02536528 -0.18060443  0.01589003  0.02432292  0.03343715
 -0.07785706 -0.08453463  0.07146376 -0.11011027 -0.00155381 -0.0564569
  0.10825254  0.04805621  0.08884684 -0.043601   -0.12515563 -0.1710832
 -0.29413843 -0.04482329 -0.12546356  0.2550569  -0.09661741  0.0135364
  0.17290968 -0.08233766  0.04309336  0.09292621  0.17539234 -0.1362746
  0.00126191  0.07010763  0.01010533  0.0452383  -0.02391557  0.06627817
 -0.04559198 -0.06355443  0.09795351 -0.10637201  0.12402277  0.2099409
  0.02038914  0.07660676 -0.07934622 -0.07191119  0.11566127 -0.04102939
 -0.00223328 -0.02038551  0.08084128 -0.05802917 -0.15806408 -0.2565019
  0.17422584  0.09727558 -0.08981708  0.03248592 -0.03965719  0.02551604
 -0.00108545 -0.02211834 -0.05816443 -0.03607242  0.00597838  0.07265616
 -0.0732161  -0.13453668 -0.10677375  0.01774781 -0.13682131  0.2234282
 -0.22057943  0.15201573 -0.00625557 -0.14790872  0.24140298  0.03300789
 -0.17618623  0.0669184  -0.01909501 -0.0511582  -0.02132209 -0.0019618
  0.00497817  0.03014914 -0.07329293 -0.03569212  0.07077055  0.03667416
 -0.12658557 -0.00666363 -0.01297155 -0.05560155 -0.093652    0.05058765
 -0.01227716 -0.07549424  0.06928671  0.09812325 -0.04668627 -0.05860712
  0.15520702 -0.15195318 -0.05023491  0.29586565 -0.04087324 -0.2837482
 -0.03837136  0.02691401 -0.01953473  0.33102858 -0.01330076 -0.32143146
  0.11895001  0.10698312  0.32774684 -0.05123887  0.01475347 -0.29488212
  0.0513715  -0.371667   -0.19163707  0.00258295  0.00658907  0.51326144
  0.12074849  0.1377792   0.00303407 -0.251232   -0.14236027 -0.10463925
  0.0026729   0.10344522  0.13607335 -0.13298886  0.03928483  0.11248577
  0.11390373  0.01907745 -0.07775345  0.04256031 -0.09514327 -0.1017401
 -0.10779164  0.1996327   0.05921262 -0.17556992 -0.00962813  0.21206304
 -0.05349454 -0.15150726  0.1817969   0.15439673  0.00698605 -0.04817854
  0.10224409  0.03747226  0.07924645  0.0088064  -0.04539429  0.17167598
 -0.11072927 -0.05699646 -0.11336558 -0.07638396 -0.04442389  0.01017059
  0.13675663  0.02862907  0.06604838 -0.07056963  0.07662116  0.15145269
 -0.01036758  0.0531446   0.14308105 -0.10829709  0.16501507  0.13461043
  0.162394   -0.10142635 -0.00764572  0.06723289 -0.00145008 -0.14346693
 -0.09901002 -0.0501453   0.10572805 -0.01888303  0.26543075  0.1394338
  0.05618745 -0.22778082 -0.00937078 -0.05786993  0.03599027  0.00775845
  0.00801267 -0.01980074 -0.13230456  0.13631241  0.00853189 -0.04861136
 -0.00971528  0.02464513  0.07338268  0.05207409 -0.02450065  0.03091628
  0.02056034 -0.03545003  0.1317333   0.05017209  0.0299513   0.06374495
 -0.02441891  0.10086867]