http://erau.edu/ontology/meme.owl#AnalogumaMeme
[-1.13046587e-01 -1.07402258e-01  5.13862222e-02  3.59564722e-02
 -4.16285619e-02  5.79961874e-02  1.44486114e-01  1.11773363e-04
  1.00194134e-01 -3.64821553e-02  1.26308307e-01 -1.07257254e-01
  6.84415549e-02  1.09778499e-04 -6.23689890e-02  8.62632468e-02
  2.75485609e-02  5.19870371e-02 -5.07962843e-03  1.16993941e-01
 -6.52405694e-02  5.66215999e-02  9.94307920e-02 -1.10083751e-01
  9.63344574e-02 -6.25860989e-02  1.07504157e-02 -1.00565039e-01
  2.23666310e-01  1.50220156e-01  7.84680899e-03  1.37728170e-01
 -1.26907974e-02 -5.71795851e-02 -7.75184557e-02  2.26557851e-01
 -1.21403940e-01  4.51627448e-02  3.06393374e-02 -1.24321133e-01
 -3.41186002e-02  1.18294723e-01 -2.12339565e-01 -5.83185293e-02
  4.31554355e-02  1.51316607e-02  7.22659305e-02  3.91590334e-02
 -1.12803071e-03  3.81767415e-02  1.46055873e-02 -1.18980827e-02
 -1.27124459e-01 -4.95984107e-02 -5.80655783e-02 -2.39984486e-02
  3.99569720e-02 -8.06085691e-02  1.41091734e-01  1.39089841e-02
 -8.33313093e-02 -4.29192936e-04  1.26580372e-01  7.88070634e-02
 -1.43026173e-01 -1.25093728e-01  8.26463290e-03 -4.56257239e-02
 -2.61576637e-03 -1.49544761e-01 -2.19945878e-01  1.56326503e-01
  7.14027360e-02  7.60557726e-02  8.56275205e-03  1.70328245e-01
 -1.51388040e-02  6.42057285e-02  1.49070770e-01  6.88819662e-02
 -1.10434830e-01  5.32563403e-03 -1.14464536e-02 -2.13919714e-01
  2.17966828e-02 -3.90185826e-02 -5.86088747e-02  1.21309593e-01
  3.19680721e-02 -3.48382406e-02 -9.19670761e-02 -2.04901323e-01
  1.72260165e-01 -9.94638652e-02 -2.83702202e-02  1.43932581e-01
 -6.44566724e-03 -2.03443523e-02 -7.15344846e-02 -8.13952237e-02
  5.73631041e-02 -3.50175612e-02  3.34957510e-01 -1.50939703e-01
  4.74778516e-03  3.29508036e-02  2.54986525e-01 -4.45020348e-02
  5.69962477e-03 -8.13829750e-02  5.32390969e-03  8.86481851e-02
 -2.30844364e-01 -9.05077755e-02  1.48659602e-01  1.60663664e-01
 -2.96461195e-01 -2.19292715e-01  1.24728926e-01  1.06132343e-01
 -6.77815676e-02 -1.51699498e-01 -6.48441091e-02  6.91801533e-02
  2.65618879e-02 -7.68144727e-02 -1.31836263e-02 -2.19793040e-02
  6.68942332e-02  6.88610151e-02 -2.17337236e-01 -4.36613075e-02
 -8.35537072e-03 -5.84101602e-02 -9.86806005e-02  5.41261509e-02
 -9.49544907e-02 -7.22477734e-02 -1.33254439e-01  1.28511593e-01
 -2.72243559e-01  2.51133088e-02  1.19746864e-01  1.46627054e-01
  8.85450840e-02 -1.83146611e-01  4.54445183e-02 -1.50771648e-01
 -2.10064873e-02  1.87388465e-01 -2.67111771e-02 -1.01512358e-01
  4.45052236e-02  2.03146599e-02 -2.56130379e-02  4.41469774e-02
 -1.98837787e-01  1.46333858e-01  6.35293573e-02 -1.12070248e-01
  7.55487848e-03 -1.58749357e-01 -6.23857230e-02 -3.42445113e-02
 -1.72484681e-01 -1.64269760e-01 -3.80715504e-02  1.45242050e-01
 -3.75259429e-01  1.19034022e-01  4.75075878e-02  1.20911278e-01
  1.51409194e-01  9.44595486e-02 -6.34878427e-02 -3.88783142e-02
 -1.16264679e-01 -7.63370022e-02  7.98267946e-02  2.40805019e-02
 -5.58746122e-02  1.74059242e-01 -1.54046779e-02 -4.04314930e-03
 -6.78347796e-02  4.88734655e-02  1.19166255e-01  4.76197340e-02
  1.92764714e-01 -3.17546204e-02  5.09468429e-02 -3.30886208e-02
 -2.03057572e-01 -9.74343810e-03 -6.87543973e-02  5.03129736e-02
  2.93115992e-02  2.06235766e-01 -1.19986571e-01 -8.94995928e-02
  5.43699004e-02  2.28034537e-02  8.44523311e-02 -1.07621163e-01
  7.76707369e-04 -2.12132931e-01 -7.00010061e-02 -2.21811142e-02
 -3.32983024e-02  1.25783235e-01  1.22148938e-01  5.57889454e-02
  7.26954862e-02  2.66451687e-02 -2.82906406e-02  3.92235667e-02
 -1.51998967e-01 -8.74880329e-02  3.61787342e-02  6.41943142e-02
  1.55399725e-01  9.95179713e-02  9.25097801e-03 -3.12093478e-02
 -1.08327381e-01 -2.99640261e-02 -1.51225060e-01 -1.05794385e-01
 -3.63776051e-02  2.65301485e-02  9.79615375e-03  1.22816503e-01
  3.41262519e-02 -9.76709742e-03 -1.72944497e-02  3.25181745e-02
 -1.33850187e-01 -2.36951355e-02 -9.54475719e-03 -7.79851759e-03
  3.13831680e-02 -3.17645594e-02  2.27163900e-02 -3.34576555e-02
 -2.01202944e-01 -3.58342789e-02 -1.95785895e-01 -8.38590190e-02
 -1.39749557e-01  3.24709341e-02  4.82664502e-04 -1.29857594e-02
  1.57713935e-01  3.56713608e-02  1.47760451e-01 -5.36678880e-02
 -2.53623594e-02 -6.43961132e-02  8.29355139e-03 -3.22108679e-02
 -8.99756700e-03 -1.48514733e-01 -6.31231144e-02 -2.70127831e-03
 -3.91486026e-02 -2.25906581e-01  1.50792766e-03  4.89108860e-02
  1.07379057e-01 -1.06633551e-01  1.43120782e-02 -1.10604940e-02
 -8.86205137e-02  6.01860173e-02  1.05142213e-01 -1.20201871e-01
  8.85088816e-02 -7.56525844e-02 -1.46700278e-01  5.50399274e-02
  1.25542670e-01  6.03607520e-02 -1.01208188e-01 -1.45565286e-01
 -2.22362101e-01  5.67595884e-02 -7.41821826e-02  4.12213020e-02
 -4.02155966e-02 -1.11035548e-01  1.42208105e-02 -1.03510812e-01
 -1.35211656e-02 -5.03570400e-02  1.50155434e-02  1.94207765e-02
  7.87068158e-02 -4.37832531e-03 -6.68462887e-02 -1.44729689e-01
 -1.19137041e-01  6.76617399e-02  7.10261241e-02 -2.85796784e-02
 -8.02666938e-04 -3.34574655e-02  9.66248363e-02 -6.57507107e-02
 -9.95837599e-02  4.49035056e-02  2.00656250e-01 -1.42321572e-01
 -4.43053506e-02  5.72442822e-03 -5.63681163e-02  6.30705804e-02
  1.70911185e-03 -2.32780594e-02  3.72237191e-02  1.71185448e-03
  4.64121206e-03 -2.33719125e-01  1.25343576e-01  1.54950693e-01
 -7.91983772e-03 -2.53877323e-03 -1.54549584e-01 -3.60134095e-02
  8.53607059e-02 -5.56428432e-02  6.22647768e-03  9.31196287e-02
  7.39324763e-02 -9.98423323e-02 -1.47272516e-02 -1.27829343e-01
  5.60759827e-02  2.30199546e-02  4.48824130e-02  3.96343954e-02
  3.33528705e-02  1.36355776e-02 -1.28825931e-02  2.16368139e-02
 -1.17584392e-01  2.65188180e-02 -4.27595712e-02  5.09073995e-02
  6.22544736e-02 -9.90493298e-02 -4.61580157e-02  5.11114560e-02
 -1.23759724e-01  7.49074221e-02 -7.45305121e-02  5.83351888e-02
  2.66765244e-03 -3.67721915e-02  1.03680596e-01  2.11084243e-02
 -4.19323705e-02  9.23719779e-02 -2.76598856e-02  1.81330200e-02
  1.29259512e-01 -2.89755519e-02 -1.52908089e-02  5.91639392e-02
 -1.67475250e-02  9.68495905e-02  1.50026707e-02 -1.63976126e-03
 -1.43575579e-01  2.60121338e-02  1.35243172e-02 -4.89591737e-04
 -8.42545927e-02 -1.46485902e-02 -7.32222423e-02  2.26848740e-02
  5.02628498e-02  1.20630294e-01 -7.78275058e-02 -3.72472629e-02
  1.69193313e-01 -1.10908359e-01 -1.13729231e-01  7.93345422e-02
 -2.03189880e-01 -9.23496038e-02 -2.86248252e-02  1.50530666e-01
 -7.02640936e-02  2.00460002e-01 -2.39293333e-02 -1.95953429e-01
 -1.37515431e-02  5.62707856e-02  1.62251264e-01 -8.92128497e-02
 -3.05383839e-02 -1.31009072e-01  5.10959327e-02 -1.87273279e-01
 -1.70666650e-02 -1.22152502e-02  1.19249420e-02  2.64254242e-01
  4.06537913e-02  1.22783929e-01  1.02363206e-01 -8.15205127e-02
 -1.74216703e-01 -4.61342297e-02 -1.58209763e-02 -3.23552564e-02
 -5.48520349e-02 -5.06969243e-02 -1.73046731e-03  8.98847207e-02
 -9.79721360e-03  3.20456550e-03 -1.37851417e-01 -7.32584065e-03
  3.51312757e-02 -1.12094596e-01 -2.93859206e-02  2.59523783e-02
  7.88019001e-02  1.01653561e-02  5.00352085e-02  2.03091338e-01
  2.52470300e-02 -1.20661445e-01  1.23796731e-01  1.00179493e-01
  2.45832535e-03 -8.64459649e-02 -1.40829878e-02  9.57359001e-02
 -3.52362706e-03  7.04798922e-02 -1.27077013e-01  2.12196290e-01
 -2.81282037e-01 -8.32160637e-02 -1.43220857e-01 -1.12396948e-01
 -1.03518903e-01  9.44352001e-02  4.47627231e-02  1.32990465e-01
  7.02772364e-02  2.84624693e-04  2.10744888e-01 -7.50870556e-02
  7.52028078e-02  8.52188393e-02  2.89257523e-02 -5.64463250e-02
  2.23620161e-01  5.22006787e-02  1.15549766e-01 -1.41908020e-01
 -2.51016673e-02  1.21326700e-01 -3.24443132e-02 -1.64889947e-01
 -8.40037987e-02 -3.91661078e-02  1.95295185e-01  1.05821937e-02
  2.51200199e-01  3.43522169e-02  3.11514344e-02 -1.10107452e-01
  2.15704128e-01 -1.34491429e-01 -2.99491901e-02  8.85410309e-02
  7.06216227e-03  1.97748933e-02 -1.51669264e-01  2.99099207e-01
 -1.09062053e-01 -1.92763358e-01  5.72132096e-02 -4.80205081e-02
  1.07839696e-01  7.14933425e-02 -3.27329934e-02  8.30958877e-03
  4.35519479e-02  6.79009631e-02  8.19405466e-02 -9.85947065e-03
 -6.85368711e-03 -2.01965030e-02  2.16251221e-02  9.61548388e-02]