http://erau.edu/ontology/meme.owl#ThreatKingMeme
[-1.21285524e-02 -6.17640838e-02  4.09181379e-02  3.05974018e-02
 -2.00926587e-02 -4.45248261e-02  6.66983426e-02  4.41349484e-02
  3.52749713e-02 -9.89128500e-02  1.27029359e-01 -7.94387758e-02
  2.89818849e-02 -6.59109205e-02 -9.91811231e-02 -8.01692456e-02
  6.84667751e-03  2.30874158e-02 -4.34487686e-02 -1.18268616e-02
 -9.63997915e-02  2.19800621e-01  3.37394513e-02 -1.57901362e-01
  9.74224061e-02  9.22015402e-03  1.08608566e-01 -1.20919138e-01
  1.87488884e-01  8.73037726e-02  1.42051354e-01  1.01448789e-01
 -2.53279172e-02  3.50974686e-02 -7.11005833e-03  1.96253791e-01
 -3.48687507e-02  7.50921741e-02 -3.85301141e-03 -9.84858125e-02
 -1.16702184e-01  7.38518015e-02 -2.38767833e-01 -3.26007269e-02
  1.15445256e-01 -3.33810709e-02  3.82601321e-02 -6.29548356e-02
 -2.89785769e-02 -3.26869404e-03  1.48379087e-01 -4.34895717e-02
 -1.30420566e-01 -1.79512665e-01 -9.54948515e-02 -8.10183510e-02
  7.98654929e-02 -1.25924855e-01  9.19160023e-02  6.53716177e-02
 -7.59403929e-02 -2.29238402e-02  1.36094034e-01  3.97078469e-02
 -3.39357294e-02 -1.31104544e-01  2.74547320e-02  2.43358910e-02
 -1.43650040e-01 -9.63650197e-02 -1.09280951e-01  9.87550318e-02
  1.37759030e-01 -1.69613864e-02  2.30125450e-02  6.60648495e-02
 -1.67208135e-01  8.06353316e-02  1.01465575e-01 -4.09459583e-02
  7.72873759e-02 -4.83526066e-02 -5.76385483e-02 -1.19118549e-01
  1.49808198e-01  4.48216163e-02 -4.88002487e-02  4.25578794e-04
  3.12698446e-02  2.28680787e-03 -3.48410346e-02 -1.42652288e-01
  1.44039184e-01 -1.07914537e-01 -1.06309593e-01 -3.20864320e-02
  1.25443459e-01 -1.43181933e-02  4.86261696e-02  1.27187325e-02
  2.16421589e-01 -5.89853013e-03  2.66847998e-01  1.01722898e-02
 -7.00631738e-02 -7.27029936e-03  3.99382487e-02  1.01245735e-02
 -1.29136264e-01 -9.15709138e-02 -3.00554000e-02 -2.78515331e-02
 -5.08154258e-02 -1.99009702e-01  5.11691049e-02 -4.81708087e-02
 -2.20313832e-01  3.13285319e-03 -8.54416564e-03  8.30510408e-02
 -1.33674499e-02 -2.20277548e-01 -1.48183346e-01  1.16179638e-01
  7.18583688e-02 -5.58504164e-02 -8.51733163e-02  1.81681383e-02
  1.37161836e-01  1.01881269e-02 -2.37684354e-01  9.60485078e-03
 -4.49258462e-03 -1.16471820e-01 -7.27946088e-02  6.66069984e-02
 -4.93949391e-02  5.62412525e-03 -1.32629901e-01  1.03408419e-01
 -1.84310243e-01  1.78263464e-04  1.50965884e-01 -1.36706214e-02
  1.93620726e-01 -3.12315136e-01  1.07499227e-01 -5.72521240e-02
 -1.15612308e-02  1.86611697e-01  8.58134180e-02 -2.25650333e-02
 -2.12125224e-03  6.58835247e-02 -1.05818063e-01  3.26335505e-02
 -1.29238471e-01  2.91815490e-01 -2.83248834e-02 -4.16543409e-02
  1.75318848e-02  3.03827915e-02  2.42186431e-02 -4.78577949e-02
 -2.33822569e-01 -1.42207742e-01 -9.69966315e-03  2.28362232e-01
 -2.83633381e-01  1.49170533e-01  5.56073375e-02  1.30104333e-01
  2.70136625e-01  1.87813878e-01 -1.03458956e-01 -4.54133786e-02
 -4.59865443e-02 -3.55627425e-02  1.48920715e-01 -5.57863303e-02
 -4.58205007e-02  6.11219443e-02 -3.34085780e-05  1.73678510e-02
  7.57093057e-02 -8.90516713e-02  1.44158259e-01 -3.48332636e-02
  1.27238080e-01 -4.53674495e-02  1.89187396e-02 -3.88879776e-02
 -1.33444816e-01 -4.99320328e-02  4.39966954e-02 -4.90431972e-02
 -7.87617918e-03  1.74082816e-01  7.63516966e-03 -1.24829141e-02
 -4.88435291e-02 -7.83407390e-02 -7.62292242e-04 -6.85112625e-02
 -1.00049682e-01 -2.16484651e-01 -7.26728514e-02 -2.99995169e-02
  1.08037911e-01  9.93387327e-02  1.87489271e-01  4.09760959e-02
  1.44808386e-02 -4.60657552e-02 -2.36464962e-02  2.44357176e-02
 -3.40983048e-02 -1.93460693e-03  1.12953953e-01  9.32514593e-02
  6.56330138e-02  3.63156423e-02 -1.49117410e-01  5.57995476e-02
 -3.00174262e-02  1.59367155e-02 -1.27392054e-01  6.93353266e-02
 -1.20278947e-01  6.89391121e-02  4.62713428e-02 -6.10384084e-02
 -2.34028861e-01 -9.61552188e-02 -1.35092244e-01  4.36451025e-02
 -1.09995354e-03 -1.91199586e-01 -5.47005236e-02 -1.39755771e-01
 -6.81425631e-02 -4.94183339e-02  8.64876136e-02 -2.92743128e-02
 -2.36023709e-01 -5.98098105e-03 -1.29187733e-01 -6.18862770e-02
 -1.22802943e-01  7.30944052e-02  4.27267924e-02  1.07794134e-02
  1.23205476e-01 -6.04833104e-02  2.90156454e-01  4.18521166e-02
 -1.35339737e-01  1.45932615e-01 -1.07115537e-01  1.28260523e-01
 -1.38640270e-01 -1.61190793e-01 -7.30159953e-02 -1.40687779e-01
 -9.88082066e-02 -1.98761061e-01  1.49995148e-01 -6.80335145e-03
  7.60141388e-02 -8.01791921e-02 -1.16722800e-01 -1.54983401e-01
 -3.24605741e-02  5.82188182e-02  1.11852102e-01 -9.31679532e-02
  1.55131668e-01  5.37416041e-02  2.69670971e-02 -1.06835123e-02
  1.22411937e-01  1.40200093e-01  1.49633531e-02 -6.34023473e-02
 -1.26301274e-01  5.97235337e-02 -8.01548734e-02  7.54604265e-02
 -1.50366992e-01 -1.89573973e-01  1.58673704e-01 -1.55068412e-01
  1.22499555e-01 -1.61539149e-02  7.39502311e-02  7.53347427e-02
  1.34234399e-01 -4.15823795e-02 -1.09928802e-01 -2.98309270e-02
 -2.15617880e-01 -2.99459603e-02 -6.31045327e-02  1.95780963e-01
 -1.53449513e-02 -6.32047579e-02  1.18602179e-01 -4.77773286e-02
 -3.44108604e-02  4.71360013e-02  3.32208991e-01 -6.43450171e-02
 -6.37597293e-02 -5.49967736e-02 -1.50537658e-02 -4.32234630e-03
 -2.47407202e-02  5.07768802e-02 -1.37757324e-02 -1.05349898e-01
  2.06209555e-01 -1.17763177e-01  1.67702764e-01  1.70548528e-01
  1.03948247e-02 -4.80256863e-02 -3.55535559e-02 -5.97766750e-02
  1.60766870e-01  1.63111184e-02  3.02050766e-02 -9.28953141e-02
  2.92139314e-02 -1.46848977e-01 -3.09202764e-02 -2.35630780e-01
  1.86205953e-01  7.08490610e-02  3.01682251e-03  7.13502616e-02
 -3.45069766e-02  2.92705521e-02 -6.70196563e-02 -7.76847526e-02
 -1.22985289e-01 -2.57770214e-02 -3.67706195e-02  8.58684033e-02
 -5.44261523e-02 -1.30365908e-01 -4.51201238e-02  3.76911275e-02
 -1.45736724e-01  1.68233514e-01 -1.55975923e-01  5.52399941e-02
 -5.09211794e-02  2.69057397e-02  1.62791595e-01 -4.74560969e-02
 -1.05178803e-01  1.20565496e-01 -3.55376676e-02 -9.82945114e-02
 -7.36533254e-02  4.74990383e-02  2.15511248e-02  9.97513756e-02
  3.49329151e-02  6.29770011e-02 -9.08593065e-04 -5.36107756e-02
 -2.39812717e-01  2.59163156e-02  3.74037325e-02 -7.58371279e-02
 -7.24680051e-02  5.77790737e-02 -5.83102331e-02 -3.87843624e-02
  1.94127876e-02  1.17399663e-01 -4.36837263e-02 -1.32848904e-01
  1.27807319e-01 -1.63385376e-01 -5.00523634e-02  1.63252965e-01
 -4.68038172e-02 -9.90223363e-02 -3.06913909e-02  5.11698313e-02
  1.07720252e-02  2.82917947e-01  3.48726586e-02 -2.56438792e-01
  1.33665770e-01  1.00260563e-01  3.07896137e-01 -1.16298825e-01
 -8.84030089e-02 -1.85460061e-01  1.08527891e-01 -2.22420156e-01
 -1.10458903e-01  3.80388945e-02 -5.34324311e-02  2.84640908e-01
  1.03767075e-01  9.91842821e-02  1.22083500e-01 -2.07999364e-01
 -8.80686343e-02 -8.10456052e-02 -8.06512684e-02  6.51982129e-02
 -1.79663733e-01 -2.07418457e-01 -1.67663228e-02  7.07574636e-02
  2.15240076e-01 -7.41071030e-02 -1.25666946e-01  8.06764886e-02
 -1.56236468e-02 -1.03577599e-01 -4.56340387e-02  5.49225286e-02
  1.68960378e-01 -4.92223576e-02  1.91047937e-02  1.60428941e-01
  6.35698587e-02 -1.67210445e-01  1.98156968e-01  2.20264554e-01
  1.42383754e-01 -5.07950261e-02  1.26632035e-01  2.02151835e-01
  3.32325026e-02  4.71385643e-02 -1.44475922e-01  3.54969621e-01
 -3.13686430e-01 -4.40490851e-03 -1.50020793e-01 -9.00578424e-02
 -1.33607000e-01  7.30030984e-02  7.11480901e-02  3.65729965e-02
  1.31998837e-01 -4.14990000e-02  1.52114317e-01  4.43117805e-02
  7.66007826e-02 -2.23616161e-03  1.22812286e-01 -2.61336323e-02
  9.07794088e-02  1.31908908e-01  1.55267596e-01 -1.01529539e-01
  7.57700726e-02  1.46352485e-01  3.41045335e-02 -1.33568615e-01
 -3.23861428e-02 -5.58048561e-02  1.73939750e-01 -6.33209497e-02
  1.32048205e-01  1.50721967e-01  7.61906207e-02 -2.23092705e-01
  1.10545613e-01 -2.20676512e-01 -6.01661690e-02  1.31576359e-01
  6.14135228e-02 -2.31588259e-02 -1.34351090e-01  1.92328960e-01
 -1.95712268e-01 -1.95963934e-01 -8.06891471e-02  1.40676796e-02
  1.29219353e-01  6.29877374e-02 -3.00691426e-02  6.69296533e-02
  1.63316280e-02  1.12340368e-01  1.34151921e-01  1.22976340e-02
  4.24380926e-03  4.10912968e-02 -5.30481637e-02  1.21045960e-02]