http://erau.edu/ontology/meme.owl#MakeupTutorialsMeme
[-0.09697876 -0.00108873  0.07188861  0.13778448  0.05359621  0.05156208
 -0.08351056  0.03691165  0.09126054 -0.22832617 -0.1223984   0.28449324
  0.20579158  0.16568014 -0.05935182 -0.18538417 -0.1043853  -0.07732469
  0.0356653  -0.04879108 -0.01283034  0.16626462 -0.04140147  0.14053166
  0.0339268  -0.19182193 -0.0054514  -0.02397603  0.0402457  -0.07038537
 -0.22464013 -0.07089357 -0.15325885 -0.03256105 -0.1301209   0.04926348
 -0.14708908  0.1268219   0.04748568  0.23970437  0.07755908  0.02440222
 -0.27829817 -0.02305884 -0.22007199 -0.05661461  0.07157236 -0.1838045
  0.05149497 -0.17443454 -0.01640975  0.17378637  0.2174967   0.00657612
 -0.18748896  0.24329351 -0.07695112 -0.02343015  0.10814572  0.18750946
  0.19610374 -0.17528965  0.02284591  0.04069848 -0.06566107 -0.04894021
 -0.12056591 -0.07897599  0.11316793 -0.10192295  0.14618464 -0.02493236
 -0.01980235 -0.00960229 -0.22147241 -0.08829477 -0.03993068 -0.11704405
 -0.03553488 -0.11431438  0.1507865   0.19016263 -0.27983162 -0.10405695
 -0.05837831  0.00835317  0.12551016  0.05612817 -0.02548639  0.28370622
 -0.1027837  -0.00491065 -0.21993673 -0.01988171  0.05417082 -0.08033569
 -0.06524404  0.27712256  0.01308759 -0.02610917  0.10917152 -0.05589852
 -0.08994176  0.03345807  0.14602725 -0.00316206  0.0847239   0.19968766
  0.1153087  -0.02724181  0.18771242  0.12416542  0.0281301   0.01930378
  0.16866134 -0.1335828   0.0417668  -0.0088481  -0.13323246 -0.0195679
 -0.001961    0.15308005  0.01813941  0.0055736  -0.21126124 -0.24071579
 -0.01268411  0.157592   -0.24082783 -0.1488717  -0.04458252  0.0378274
  0.02274232 -0.1863239   0.09401219 -0.11365714  0.1228679   0.02760541
  0.0454504  -0.00825017 -0.08747015 -0.01262456 -0.0705853   0.0610745
  0.01405841  0.03227319 -0.06161162 -0.13067578 -0.11072759 -0.01952804
  0.07905232  0.04553299 -0.16095875 -0.13406827 -0.10848437 -0.13792731
  0.04178831 -0.00653975 -0.06575809 -0.05968025  0.08355611  0.24049133
  0.09896743  0.00161934 -0.10745203 -0.11458253  0.00929003  0.13960755
 -0.18744841 -0.03357119 -0.0362281  -0.02162713 -0.03455798  0.1845553
  0.13146159 -0.01310099  0.05393102  0.02648015  0.02739055 -0.03908568
 -0.18687612 -0.09558375 -0.03238091 -0.03561031 -0.02193309 -0.02451902
 -0.18985593  0.03284388  0.12646942  0.13076152 -0.0035437   0.25277656
  0.20492108  0.1381806  -0.12521435 -0.01563715 -0.07395723 -0.05023089
 -0.13332154  0.17870383]