http://erau.edu/ontology/meme.owl#FightMeIRLMeme
[ 2.87877500e-01  9.61750373e-02 -4.40233976e-01  3.29484820e-01
 -2.79271036e-01 -2.49891028e-01  3.10823768e-01  1.29781729e-02
 -1.02555066e-01  3.45905453e-01  2.88497239e-01 -4.34665792e-02
 -7.99449235e-02  4.78195995e-02 -1.00161456e-01 -3.76645207e-01
  2.98204333e-01  1.46726266e-01 -2.18409762e-01 -1.53301433e-01
 -6.04319870e-01  3.46193343e-01  1.67780161e-01 -3.36901695e-01
  1.90473199e-01 -5.77246010e-01 -3.01346406e-02 -2.15692163e-01
  9.57551152e-02  1.90810189e-01  4.33487259e-02 -3.88532490e-01
  1.42081752e-01 -1.06326759e-01 -4.01074141e-01  2.77810935e-02
 -2.68019408e-01  9.15026292e-02 -1.17503054e-01 -4.62100744e-01
 -6.22279085e-02  4.96122390e-01 -9.76891756e-01  8.46028924e-02
 -3.14345881e-02  2.47303233e-01 -1.24530315e-01 -3.36748868e-01
 -4.34380211e-02  3.67875576e-01  2.79403538e-01 -3.19895685e-01
 -5.42331859e-02 -4.41624641e-01 -6.35501444e-01 -2.41610631e-01
  3.54813904e-01 -4.87846524e-01 -2.31247276e-01  2.05272496e-01
 -2.02606186e-01 -1.37482271e-01  1.82645023e-01  6.45924211e-02
  6.62143156e-02 -1.55017916e-02 -1.12066157e-01  7.80695379e-02
 -1.07807644e-01  1.33368298e-01 -5.76347411e-01  5.79829216e-01
  3.04918051e-01  1.26440763e-01 -1.25363529e-01  2.60397643e-01
  2.40981832e-01  4.04886693e-01  2.79166728e-01  1.13061488e-01
 -3.25260669e-01 -1.93631858e-01  4.94158603e-02 -9.73556638e-02
 -6.88738942e-01 -5.12171149e-01 -2.31766120e-01 -2.69742776e-02
  5.21553122e-02  1.04079627e-01 -1.99858069e-01 -1.43915042e-01
  4.29184809e-02  4.85867001e-02 -2.15226263e-02  8.64502192e-02
 -5.85184386e-03  1.99845098e-02 -2.06246495e-01 -4.14871663e-01
 -8.86963308e-02 -3.37857425e-01 -2.40121976e-01  4.68787462e-01
  9.26313773e-02 -1.18350856e-01 -1.07309215e-01  2.28607416e-01
  1.06667168e-01  1.12768859e-01  3.74670804e-01  1.60137966e-01
 -2.44952906e-02 -2.04199374e-01  2.19797865e-01 -2.56977588e-01
  3.20465595e-01  1.51178613e-01  1.53152257e-01 -4.58586603e-01
 -2.91770071e-01  3.06672782e-01 -2.37042561e-01 -1.59383133e-01
  2.29579166e-01 -1.68460637e-01  2.92341574e-03  2.15475008e-01
 -1.09299660e-01  4.06931750e-02 -2.12870806e-01  1.09649383e-01
 -4.76521812e-02  4.83057797e-02  3.20746064e-01  3.31957251e-01
  1.84018031e-01 -2.98316181e-01 -3.46116036e-01  4.38831478e-01
  7.85826296e-02 -1.06853098e-01  8.98758322e-02  3.90977293e-01
  2.92496264e-01 -9.66034383e-02  3.77212256e-01 -3.02232563e-01
  1.05659448e-01  1.07954219e-01  2.17762455e-01  1.57227039e-01
  8.02314878e-02 -2.00901538e-01 -5.88881850e-01  4.62874144e-01
 -9.82199088e-02  1.45107225e-01 -3.47122341e-01 -2.87962593e-02
 -3.09466511e-01  4.24995571e-02 -2.16992959e-01  1.73775837e-01
 -2.87389487e-01 -4.62350726e-01 -3.24493468e-01 -2.97314852e-01
 -1.48039564e-01  3.68915826e-01 -3.01763505e-01 -9.70255360e-02
  4.09393221e-01  5.25160968e-01  1.54810965e-01 -3.82474720e-01
 -1.70544162e-02 -4.50302064e-02 -1.92079078e-02 -1.01071410e-01
 -1.39353365e-01 -1.48911253e-01 -3.96399409e-01  3.78319681e-01
  9.27944034e-02 -5.03557205e-01  5.78621626e-01  1.16576724e-01
 -3.58639956e-02 -3.17273974e-01  3.19055952e-02 -1.74470291e-01
 -1.54276505e-01 -8.58190581e-02 -4.21315879e-02  2.97264725e-01
 -7.70614743e-02  2.76157498e-01 -2.19630197e-01 -1.44301221e-01
  4.43667099e-02  2.86307305e-01 -1.88719630e-01 -2.45575115e-01
  3.20179202e-02 -6.37550950e-01 -2.82131851e-01  3.53358030e-01
  7.16147274e-02  7.57314622e-01  5.44329047e-01  1.18126661e-01
  1.33658722e-01 -1.59534231e-01 -2.95216113e-01  2.13531062e-01
 -2.70834118e-01  7.71190785e-03  1.19771913e-01  1.01572789e-01
  1.67671680e-01  5.17688431e-02 -2.50695795e-01 -2.42943317e-01
  2.36368254e-01  1.40177906e-01 -1.01636901e-01  1.69902325e-01
  2.33094350e-01 -2.09064782e-02 -3.39772599e-03  1.56607553e-01
  6.95459172e-02  1.63523123e-01 -2.75363237e-01  3.61050516e-01
 -2.52343029e-01 -2.60376751e-01  2.22483993e-01 -1.33165494e-01
 -1.34270027e-01  7.57305697e-02 -2.93592393e-01  1.31771773e-01
 -3.72036934e-01 -4.09814507e-01 -5.45539558e-01  4.10521515e-02
 -5.15706897e-01 -3.51115704e-01 -3.65211666e-01  1.14086688e-01
  3.03914756e-01  2.05675542e-01  6.51376471e-02  5.09117823e-03
 -1.79223195e-02  1.54375821e-01  5.56425229e-02 -6.39322817e-01
  2.47268617e-01 -5.52414265e-03 -7.08310604e-02 -3.86101231e-02
 -1.39717191e-01 -5.14148295e-01 -2.24677697e-01 -1.99464429e-02
  4.36841190e-01 -1.04726851e-01 -1.31631717e-01  3.64895731e-01
  3.41686100e-01  2.78792351e-01  1.34165704e-01 -3.00853819e-01
  7.66004801e-01  8.35642815e-02 -1.98095292e-01  3.20558041e-01
  4.03494328e-01 -5.94196022e-02  2.15324596e-01 -3.42286766e-01
 -7.62641191e-01 -3.58162999e-01 -3.10675167e-02 -2.72132695e-01
 -3.41795146e-01 -5.64023376e-01  1.45489559e-01  3.24406356e-01
 -1.76077396e-01 -7.42147937e-02  1.83622092e-01  1.21030901e-02
  4.20658171e-01  2.09326848e-01 -1.05641386e-03 -4.84690428e-01
 -5.45193613e-01  2.36855209e-01 -1.09707318e-01 -8.76617208e-02
 -6.42167091e-01 -3.45233947e-01  1.11050844e-01  1.50918692e-01
 -6.65382072e-02  1.57018587e-01  4.11430635e-02 -1.40853807e-01
 -1.20945156e-01 -2.59546578e-01 -2.08550707e-01  5.74139170e-02
 -1.72699690e-01 -2.18452528e-01 -1.23022303e-01 -1.49111837e-01
  1.08364820e-01 -4.34851535e-02  1.78519860e-01  2.44155124e-01
  9.51228365e-02  2.12389100e-02  2.38051742e-01 -2.06447959e-01
  2.28983805e-01  4.41723108e-01 -1.98900655e-01  1.99334577e-01
 -1.12292543e-01 -4.30011511e-01 -2.67309308e-01 -2.59598047e-01
  3.49957675e-01  3.28359365e-01 -1.97959974e-01  1.47561654e-01
  7.66016841e-02  2.40653396e-01 -3.10436547e-01 -2.06800491e-01
 -4.25964743e-02  1.42059624e-01  1.84961632e-01  2.53538430e-01
  5.52540064e-01 -5.97254813e-01 -2.98029602e-01 -1.56996474e-01
 -2.03685135e-01  1.32957786e-01 -2.60550976e-01 -9.72119346e-03
  2.54389435e-01  1.77364662e-01 -2.17320144e-01  3.07320923e-01
  5.14706820e-02  1.28665671e-01  5.37152469e-01 -1.95507318e-01
  3.39088291e-02  3.29227567e-01 -1.50208818e-02  1.87851131e-01
 -6.16803672e-03 -1.05123594e-01  1.54313698e-01  6.57943934e-02
 -2.86427557e-01  1.62463084e-01 -4.01687361e-02 -3.54780048e-01
 -5.57446241e-01  4.50742185e-01  2.51763612e-01 -1.52052119e-01
 -2.33017728e-02 -1.06084399e-01 -1.77962676e-01  1.44044757e-01
  2.10802518e-02  1.73543483e-01 -1.73209179e-02  8.15446898e-02
 -2.85435319e-01 -1.66291744e-01  2.05778524e-01 -4.35399532e-01
  1.95095316e-02  3.24556753e-02 -3.10203463e-01  2.07025036e-01
 -4.75944690e-02 -4.93441522e-01 -4.29763705e-01  2.24049091e-01
  3.82718861e-01 -1.92924887e-02  9.25764441e-02 -2.04698503e-01
 -4.50399742e-02 -1.07739300e-01 -5.02005182e-02  3.30044925e-02
  6.18923903e-02  1.37302950e-01 -2.69417554e-01 -4.92923148e-02
  6.94779009e-02  3.23412925e-01 -8.99319351e-02 -5.56284785e-01
 -1.00347169e-01 -1.34865105e-01 -2.21712831e-02  2.39214331e-01
  1.58761010e-01 -1.70887709e-01  1.98553205e-01  1.60527006e-01
 -2.81064808e-01 -8.46738219e-02 -1.34893090e-01 -7.63397515e-02
  1.19226985e-01 -9.59336832e-02 -2.99971521e-01  1.46139041e-01
  1.86230972e-01 -3.95253301e-01  3.48564535e-01 -2.20643044e-01
  3.11670512e-01  2.69953251e-01  7.29595661e-01  2.35243008e-01
 -5.28746545e-01 -3.71919662e-01 -1.75887510e-01 -6.34261295e-02
 -3.07517141e-01 -1.00743294e-01  2.51728803e-01  3.41554940e-01
  2.03851998e-01 -4.33875233e-01 -7.85392448e-02  3.16712648e-01
 -1.27619535e-01  5.15317880e-02  3.12515616e-01  4.66319919e-01
  2.48315796e-01  4.68515456e-01 -1.64864510e-01 -1.35717407e-01
  2.72731990e-01  4.00584161e-01  3.13971460e-01 -3.61954838e-01
 -3.45063716e-01  2.29922950e-01  1.98088095e-01  1.41095817e-01
  1.78705528e-01  6.09293915e-02  5.62186837e-01  9.13314670e-02
  1.13052976e+00  2.13919535e-01  6.17407300e-02  2.28804603e-01
  8.37384760e-02  2.21189678e-01  2.46677086e-01  1.30000427e-01
  1.90029368e-01  3.95737588e-03 -2.55804732e-02  4.99366745e-02
  3.05275202e-01  3.02867711e-01  7.10847303e-02 -1.11645311e-02
 -4.12138134e-01 -2.13454783e-01 -1.96372956e-01 -8.52257907e-02
  1.08505143e-02 -1.44826263e-01 -1.33033276e-01 -2.99012303e-01
 -3.69941890e-01 -1.56850144e-01  4.99307252e-02 -4.38542552e-02]