http://erau.edu/ontology/meme.owl#FreshPrinceofBelAirRemixesMeme
[-1.87613890e-01 -1.30190745e-01  5.49590848e-02  3.12921293e-02
  2.12747939e-02 -3.55857238e-02  2.09071100e-01 -4.39435616e-02
  1.15973555e-01 -2.38744654e-02  2.07105026e-01 -1.68427840e-01
 -2.77920365e-02  1.63817331e-01 -8.80536139e-02 -5.34556247e-02
 -7.20918253e-02  1.57135740e-01 -2.35106368e-02  9.89800394e-02
 -2.80782253e-01  2.23426774e-01  2.54570931e-01 -2.15736777e-01
 -8.85928646e-02  1.08108610e-01  1.17844395e-01 -1.33529633e-01
  2.31394425e-01 -4.07094173e-02 -4.33994755e-02  2.73301639e-02
  3.94829996e-02 -1.17498100e-01 -8.00976157e-02  1.41638756e-01
  2.27184370e-02  4.30386290e-02 -5.57856308e-03 -9.98587757e-02
 -6.11322187e-02  7.05016106e-02 -2.57238418e-01 -9.66432467e-02
  4.75529954e-02  6.02618381e-02  3.62069830e-02 -2.42849700e-02
  8.85470212e-02  1.87517498e-02  1.69351220e-01 -1.79349661e-01
  1.25144310e-02 -2.89599821e-02  1.95129234e-02 -1.02764018e-01
  2.41493769e-02  4.66676243e-02  3.80042903e-02  5.88115044e-02
 -9.16250721e-02 -2.12066621e-01  2.10215107e-01  1.30377144e-01
 -8.57937932e-02 -3.22912745e-02 -2.20794395e-01  1.21689709e-02
 -1.74122453e-01 -1.67934120e-01 -1.55559972e-01  1.83112562e-01
  1.27470464e-01 -3.23666818e-02  5.50814979e-02  1.36392564e-02
 -1.46407336e-01  4.71459795e-03  2.27747500e-01  6.58512786e-02
 -6.33617444e-03  8.21738839e-02 -1.19107388e-01 -3.11768979e-01
 -5.85377067e-02 -9.96906497e-03 -1.11744508e-01  4.55286056e-02
  8.33750889e-02  2.68786605e-02 -8.74326825e-02 -3.25062901e-01
  1.86642036e-01 -6.68365434e-02 -7.41280466e-02 -2.29829736e-02
 -4.85146940e-02 -6.56076223e-02 -1.15649797e-01 -4.58900779e-02
 -2.04520784e-02 -5.10493331e-02  1.10450365e-01 -1.56737074e-01
 -1.06234789e-01 -8.08889568e-02  2.02429712e-01  1.03570215e-01
  7.94994012e-02 -1.37441501e-01  5.69524541e-02 -2.84213461e-02
 -1.20836627e-02 -8.54456499e-02  1.33594856e-01  1.02782145e-01
 -1.27949417e-01 -7.78666958e-02  2.59581685e-01  6.29852265e-02
  7.80500770e-02 -1.73473537e-01 -6.39380049e-03 -4.29541431e-02
  4.72782888e-02  5.88326715e-02 -2.98673753e-02  6.43661246e-02
  3.27924117e-02 -7.83191770e-02 -1.34360030e-01 -8.67011584e-03
  2.34295381e-03 -5.84370457e-02  1.57121029e-02  2.82870412e-01
 -1.26828879e-01 -1.34936184e-01 -8.88311341e-02  9.30228382e-02
 -1.44316494e-01 -7.87092820e-02  7.28281215e-02  3.65911461e-02
  4.59033474e-02 -1.53546214e-01  8.11928660e-02 -1.00258343e-01
  1.08844593e-01  1.08507685e-01  6.71137422e-02 -3.92519962e-03
  1.11295596e-01  2.96100341e-02 -1.46378025e-01 -6.12991378e-02
 -3.19785252e-02  3.02603126e-01 -9.73205169e-05 -1.54221550e-01
  5.87657951e-02 -2.05337659e-01 -8.10067207e-02  8.00576881e-02
 -2.20915988e-01 -1.40795082e-01 -3.58175561e-02  6.87555224e-02
 -1.46661192e-01  2.19493210e-02  4.03990038e-02  6.32718056e-02
  2.21602380e-01  1.99538961e-01 -1.02743983e-01 -2.61128694e-02
 -9.74574313e-03 -4.44802232e-02  3.34851928e-02  3.35384272e-02
 -6.04463480e-02  3.09239868e-02 -3.64545099e-02 -4.58338968e-02
  3.65802050e-02 -1.45216584e-01 -1.45120751e-02  3.61610390e-02
  1.17242411e-01 -1.61914259e-01  1.53021254e-02 -3.03021353e-02
 -3.38757873e-01 -1.60798579e-01 -1.29120260e-01  3.43581215e-02
  5.81851602e-02  2.37368748e-01 -4.47051600e-02  1.42731806e-02
  4.28701527e-02 -1.23949863e-01  3.78304273e-02 -1.96153358e-01
 -6.76568598e-02 -3.63023758e-01 -8.18355307e-02  2.63246782e-02
  2.52743453e-01  2.68754989e-01  2.99192429e-01  1.93228632e-01
  3.87520120e-02 -1.49933547e-01  1.51187599e-01 -6.63303286e-02
 -2.06265986e-01 -8.08258206e-02  1.14014745e-01  2.07995340e-01
  3.42433691e-01  1.97319552e-01 -5.87861836e-02 -3.67368828e-03
 -6.72299936e-02 -1.25814825e-01 -6.69846907e-02  7.55251804e-03
 -1.33060545e-01 -3.07670049e-02 -8.33773147e-03  1.28554791e-01
 -1.77489489e-01  8.21814239e-02 -1.12976767e-01  4.13575880e-02
 -3.55588384e-02 -4.84008417e-02  2.12577760e-01  2.38863714e-02
 -5.61780063e-03  4.78818230e-02 -7.53968954e-02 -6.78061470e-02
 -1.98988855e-01 -4.13562544e-03 -1.66241705e-01  2.23410316e-02
 -1.11351937e-01 -1.00397065e-01  1.74205080e-02 -7.42629776e-03
  1.98535442e-01  7.18687475e-03  1.80013761e-01 -4.48192433e-02
 -3.57841328e-02  1.29159233e-02 -4.70673069e-02  9.87053663e-03
 -1.38842896e-01 -8.10329914e-02 -1.09228142e-01  3.67067941e-02
 -2.56317724e-02 -7.79522806e-02  7.13840947e-02 -3.71510535e-02
  1.33018300e-01  1.14155505e-02  1.03241362e-01 -1.10541824e-02
 -5.54616079e-02  2.07777426e-01  2.18014956e-01 -1.92599416e-01
  1.85245156e-01  1.21038347e-01 -6.92682266e-02 -1.47475740e-02
 -6.36775643e-02  1.63164094e-01 -9.82101783e-02  2.70848162e-02
 -5.42180911e-02  1.57353915e-02 -1.12087801e-01 -4.12441499e-04
 -7.66297355e-02 -2.45315939e-01  6.10622279e-02  9.42795444e-03
  1.89301260e-02 -3.24893482e-02  1.30697832e-01 -3.46205048e-02
  2.01255023e-01  1.21797197e-01 -1.06441751e-01 -2.27968752e-01
 -9.46796313e-02  3.07628550e-02  4.27421257e-02  6.70907348e-02
 -1.68886594e-02 -2.74713840e-02  1.89642444e-01  1.21533163e-02
  1.07013658e-01 -1.45806164e-01  6.06747456e-02 -2.41988510e-01
 -1.71033051e-02  9.36366469e-02 -5.32677583e-02  5.01357168e-02
  1.13609456e-03  1.36555567e-01 -5.59336785e-03 -8.08456689e-02
  1.21347100e-01 -1.67075887e-01  1.36601686e-01  2.22284988e-01
  1.94045499e-01 -1.86343566e-01 -2.35410973e-01 -1.14961527e-01
  1.38869449e-01  3.81519198e-02 -2.90142968e-02 -6.73718378e-02
  1.06517136e-01 -1.54792070e-02  1.51285991e-01 -1.92227826e-01
  6.19309545e-02  1.18575275e-01 -1.04959883e-01 -1.60647314e-02
 -9.55864340e-02  9.01335403e-02 -1.45049214e-01 -8.26154500e-02
 -1.50414765e-01  1.96632832e-01 -3.96191441e-02  5.32373823e-02
  9.70286783e-03 -2.06545576e-01 -1.03199407e-01  2.39171714e-01
 -1.31971017e-01  1.06396221e-01 -5.12073636e-02  6.85909986e-02
 -2.24911310e-02  4.19547968e-03  1.68341160e-01  1.77742362e-01
 -1.01263188e-01  1.54895648e-01 -5.62076718e-02 -2.60616448e-02
  1.26867041e-01 -1.48357406e-01 -4.13281620e-02 -9.00923833e-02
 -4.30497453e-02 -2.47365125e-02 -1.43923666e-02  6.57723285e-03
 -1.70094281e-01 -4.11058450e-03  8.35374594e-02 -8.30704533e-03
 -1.94504291e-01  5.35155600e-03 -2.28630546e-02  9.06454772e-02
  6.82510510e-02  2.38790959e-01 -1.09630510e-01 -7.30067715e-02
  2.06406966e-01 -1.98601395e-01  8.84527434e-03  1.13391876e-01
 -1.55034587e-01 -9.29796845e-02 -9.20431614e-02  1.46485865e-01
 -8.39007571e-02  3.14251959e-01 -6.16502613e-02 -1.98556051e-01
  8.50566551e-02  5.48527353e-02  2.33777031e-01 -1.58667117e-01
 -4.99688014e-02 -2.24255398e-01  6.71096668e-02 -2.99410284e-01
 -3.36047634e-02 -6.64417669e-02  5.76141067e-02  4.09787565e-01
  1.00037619e-01  2.86381003e-02  2.01761737e-01 -1.34201676e-01
 -1.70702890e-01 -8.58537778e-02 -1.90588739e-03  1.05394321e-02
 -8.31429511e-02 -7.95702487e-02  5.32769561e-02  5.67979105e-02
  1.30617976e-01 -1.02565877e-01  5.83832040e-02 -1.92346033e-02
  6.51593180e-03 -2.48320118e-01 -1.66576609e-01  7.35310242e-02
  1.13797151e-01 -1.83455825e-01  3.07658445e-02  2.06749633e-01
  1.44530892e-01 -4.05760594e-02  1.53647751e-01  2.83763856e-01
  9.99926552e-02 -1.05138548e-01  1.35517836e-01  1.63269714e-01
 -7.15346560e-02  1.88948084e-02 -2.11267918e-01  1.63285077e-01
 -3.55648041e-01 -2.02964753e-01 -2.25077868e-01 -1.71030551e-01
 -9.68942344e-02  9.76770967e-02  9.22340080e-02  1.41788656e-02
  1.77115008e-01 -4.67131622e-02  1.23060383e-01 -3.04314438e-02
  5.16985022e-02  2.21312735e-02  2.17318386e-02 -8.88756737e-02
  2.11432993e-01 -2.36757044e-02  2.25715980e-01 -1.82444587e-01
  6.94972789e-03  3.30233485e-01  1.63134150e-02 -1.40941381e-01
 -2.78636515e-02 -2.64705122e-02  2.46283606e-01 -1.07922912e-01
  2.17351124e-01  2.51165062e-01 -3.25576519e-03 -1.83653936e-01
  1.40810162e-01 -2.56265879e-01 -9.44306627e-02  1.55315384e-01
  9.01513398e-02  4.21489105e-02 -6.49966374e-02  2.25435406e-01
 -2.12952495e-01 -9.25180167e-02  3.49302776e-02 -3.97874564e-02
  1.76214516e-01  1.17007278e-01 -9.13229063e-02 -5.11064604e-02
  6.49214163e-02  7.30674267e-02  7.55761191e-02 -1.64517179e-01
 -9.18686315e-02 -1.64721757e-01 -1.79952960e-02  2.87966151e-02]