http://erau.edu/ontology/meme.owl#OhMyGodTheyWereRoommatesMeme
[-8.51536989e-02 -1.25103682e-01  8.23109448e-02 -7.62816966e-02
 -4.88610044e-02  1.42533565e-02  5.32124043e-02  1.06496669e-01
 -6.08119331e-02 -9.44233462e-02  1.58860944e-02  3.21322866e-02
 -3.11383661e-02 -9.73679349e-02 -7.84265250e-03 -5.46290912e-02
  2.30604023e-01  1.12072146e-02  1.46803856e-01  6.95591122e-02
 -1.72836959e-01  4.48030606e-02  1.55595258e-01 -2.39307731e-02
  3.84996474e-01 -8.78835320e-02 -2.59427261e-02 -4.85781357e-02
  4.28030252e-01  2.56771982e-01  1.20475382e-01  8.64666402e-02
 -1.54235642e-02 -1.30959094e-01  4.55356166e-02  1.55193165e-01
 -7.64441192e-02  1.06556512e-01 -1.02060467e-01 -1.51169673e-01
 -3.14354487e-02  1.22461200e-01 -1.85221702e-01  1.74693376e-01
  9.46640000e-02 -8.94053280e-02 -5.74311055e-03 -2.23189965e-02
  5.22802435e-02  4.66705896e-02  5.48079126e-02  7.83554241e-02
 -1.03320777e-01 -9.36693326e-02 -1.52492851e-01  6.54476285e-02
  1.05066456e-01  2.13355124e-02  1.27766564e-01  1.50075749e-01
 -3.07266018e-03  5.23727983e-02  8.10494944e-02  1.00317776e-01
 -1.87173963e-01  9.36425626e-02  2.10364893e-01  1.05826125e-01
 -9.02827904e-02  6.06159158e-02 -8.44114125e-02  1.67345315e-01
  1.33378372e-01  1.36312179e-03 -6.79362193e-02  8.62750858e-02
 -4.70758677e-02  1.30759507e-01  3.52476048e-03  6.84556738e-02
 -1.65246323e-01 -1.70206606e-01 -5.73829375e-02 -6.65968806e-02
  1.11894034e-01 -1.01461187e-01 -9.19071361e-02  7.96625167e-02
  1.43478170e-01 -2.06001494e-02  5.07230088e-02 -1.22836426e-01
  1.30548030e-02 -2.09862869e-02 -1.07915364e-01  9.89731103e-02
 -6.59522712e-02 -4.34267931e-02 -3.49274166e-02 -1.70689195e-01
  9.13351327e-02 -2.08398961e-02  2.46366993e-01 -1.74450893e-02
 -7.74651542e-02  1.17771924e-01  2.91149244e-02 -6.61125407e-03
 -1.96007453e-02 -8.98068920e-02  4.96206470e-02 -8.20539966e-02
 -1.09958619e-01 -1.63993806e-01 -6.14543445e-02  5.40383998e-03
 -1.49377018e-01 -2.96233054e-02 -1.06922425e-01 -1.69802010e-02
  1.04074970e-01 -1.36331603e-01 -1.65691257e-01  1.06398955e-01
  1.16122559e-01 -2.05053121e-01  1.97150651e-02  1.35831982e-01
  9.02200490e-02  1.06546797e-01 -7.59221688e-02 -5.68774901e-02
  5.53638767e-03 -1.42037958e-01 -1.25496775e-01  1.14086226e-01
  7.96234086e-02 -1.02451883e-01 -1.83299676e-01  4.04863292e-03
 -2.16247767e-01  2.30428018e-02  2.48553529e-02  1.64373703e-02
  1.41969979e-01 -2.25973889e-01  1.92084163e-01 -1.17772982e-01
  5.01214564e-02  1.93419278e-01 -1.46583632e-01 -1.64064273e-01
 -9.80513319e-02  1.37403205e-01 -8.42861086e-02  8.73537287e-02
 -7.00990856e-02  2.05606014e-01  5.17014302e-02 -1.00102797e-01
  2.18123905e-02  4.53590341e-02  8.44880342e-02 -7.85832666e-03
 -1.69688314e-01 -2.05813140e-01 -4.84281592e-02  8.11522640e-03
 -2.01311573e-01  1.64828122e-01 -4.72078398e-02  2.56493181e-01
  8.72780234e-02  1.18199967e-01 -1.44170016e-01 -3.77291366e-02
 -2.75249816e-02 -6.77243844e-02  5.75386100e-02 -6.99079735e-03
 -3.49042490e-02 -1.25554893e-02  4.85881008e-02  1.06547005e-01
 -5.53295277e-02 -7.02954978e-02  4.47105197e-03  4.55910563e-02
  1.93779081e-01 -5.03849946e-02 -6.46659657e-02 -6.70571029e-02
 -4.24595550e-02 -3.39242220e-02  2.26326529e-02 -3.83442491e-02
  5.12784347e-02 -1.70651954e-02  2.68803481e-02 -1.21879086e-01
 -9.23036113e-02  3.37272394e-03 -3.37855741e-02  3.50046083e-02
  5.43858157e-03 -2.60839432e-01  1.09457485e-01 -8.35321322e-02
  1.10248752e-01  7.23223910e-02  2.58526325e-01  9.99730602e-02
  1.57629885e-02 -1.25791490e-01 -2.48247068e-02  1.19110569e-02
 -1.25462353e-01 -1.02552466e-01  1.77455634e-01  1.41950622e-01
  9.62825585e-03 -2.34472919e-02 -2.03861162e-01  2.76971273e-02
  8.80157501e-02  7.73669258e-02 -6.83475286e-02 -4.29710262e-02
 -1.33812964e-01 -4.97342879e-03  1.14028536e-01 -5.39963692e-03
 -9.46838334e-02 -1.86457828e-01  6.97387606e-02  9.80868042e-02
 -5.24965376e-02 -2.27067292e-01  9.39204767e-02 -9.07059461e-02
  3.30848247e-02 -1.46517819e-02  7.76152238e-02 -5.91030307e-02
 -3.01451743e-01 -1.91111397e-02 -1.84071586e-01 -2.93170158e-02
 -3.33890878e-02  8.67006928e-03  1.25357911e-01 -1.18557392e-02
  1.26371548e-01  5.04961722e-02  1.32020906e-01 -8.53664279e-02
 -1.93682522e-01 -5.95635995e-02 -6.41525611e-02  4.07080166e-02
 -2.22435266e-01 -4.75390851e-02  3.35236788e-02 -1.71782792e-01
 -1.53686613e-01 -9.60931927e-02 -5.84484637e-02 -2.40046997e-02
  7.88735785e-03 -1.79393981e-02 -9.76520330e-02  6.07605428e-02
  3.38674039e-02  3.17482911e-02  5.38861118e-02  6.84242174e-02
  3.44883315e-02  4.94737886e-02  3.56444120e-02 -9.11675394e-03
  1.62913769e-01  2.01566517e-01 -3.49414460e-02 -1.80011287e-01
 -2.03349993e-01 -1.40487477e-02 -2.11058594e-02  4.84631509e-02
  5.10666482e-02 -7.21927956e-02  2.64976826e-02 -1.52653158e-01
  9.19212529e-04 -1.19236961e-01 -6.30077440e-03  4.58926968e-02
  1.30021676e-01 -8.90247300e-02 -2.07179725e-01 -6.84026927e-02
 -1.75977349e-01  2.44162977e-02  7.90867358e-02  1.97152495e-01
 -3.22632343e-02 -8.63573924e-02  2.27892607e-01 -1.36087045e-01
 -1.10543489e-01 -3.20190378e-02  3.69168013e-01 -2.38759995e-01
  4.78017293e-02  1.41746521e-01 -1.98423397e-02  3.13392133e-02
 -3.75148691e-02  7.39170313e-02  4.95840497e-02 -2.25836337e-02
  1.77015066e-01 -1.61412939e-01  1.09997585e-01  2.02805281e-01
 -7.15224370e-02  3.18467729e-02 -1.70539290e-01  3.71605270e-02
  1.44688293e-01  1.30495772e-01  2.96493433e-02 -7.81204477e-02
 -3.53751183e-02 -3.29283103e-02 -1.25746429e-01 -2.92925507e-01
  4.38843109e-02  1.76019117e-01 -3.35851312e-02  1.35061264e-01
 -3.71617777e-03  1.34548187e-01 -1.21151045e-01 -8.17593187e-03
 -2.51229465e-01  1.10832127e-02 -1.53774366e-01  1.59409583e-01
 -4.76847887e-02 -1.73840255e-01 -3.07505690e-02 -1.99085455e-02
 -9.15518254e-02  2.39661619e-01 -2.90719777e-01  1.24004774e-01
  8.11404809e-02 -1.58110723e-01  2.85398960e-01 -1.90764993e-01
 -1.20259032e-01  2.08644748e-01 -4.42476496e-02 -5.34832515e-02
 -3.08689401e-02  1.06938235e-01 -2.38909632e-01  7.32218400e-02
 -1.45385474e-01 -7.96297789e-02  7.45883733e-02 -6.25468642e-02
 -2.91756719e-01  1.93338946e-01  5.01887649e-02 -6.25734357e-03
 -1.13813289e-01  1.63090333e-01 -5.97195216e-02 -2.34675035e-02
  4.40108143e-02  2.31274948e-01 -9.73060578e-02 -1.17069766e-01
 -1.32990303e-03 -2.89631873e-01 -2.43978128e-01  2.64730692e-01
 -9.55294073e-02 -3.34018826e-01  9.27477889e-03  1.07268728e-02
 -9.23812315e-02  4.78567183e-01 -4.89512235e-02 -3.26389879e-01
  1.98179334e-01  6.77521527e-02  5.25964379e-01 -4.47914451e-02
 -6.11342210e-03 -1.40540302e-01  3.32889520e-02 -4.32717055e-01
 -2.38932818e-01  3.06428932e-02  1.16225891e-02  4.48448747e-01
  1.96946904e-01  5.56281880e-02  1.25414640e-01 -1.65815428e-01
 -2.59918720e-01 -1.07894056e-01 -6.50162399e-02  1.39520481e-01
 -1.27990231e-01 -1.80762902e-01  5.76783046e-02  1.26824856e-01
  2.77375013e-01  6.73208609e-02 -2.23890573e-01 -5.16520292e-02
 -2.11814903e-02 -2.71394253e-01 -4.67188936e-03  1.61773071e-01
  9.33601037e-02 -3.75943445e-02  1.08874932e-01  3.13959539e-01
  6.37971535e-02 -1.01906464e-01  1.01048566e-01  2.83953100e-01
  1.60509676e-01  2.15056930e-02  1.24474868e-01 -5.49532380e-03
  1.83248848e-01  1.58413336e-01 -1.36139140e-01  4.44579214e-01
 -2.68471420e-01 -5.52658886e-02 -2.83302367e-01 -1.84306353e-01
 -6.73151016e-02 -4.01349366e-02  1.00904807e-01  1.22321121e-01
  1.15560196e-01  2.52982922e-04  1.86809972e-01  6.84582442e-02
  1.16388418e-01  8.89489278e-02  1.40500888e-01 -1.16157979e-01
  1.96347788e-01  1.60872817e-01  1.93098381e-01  6.16117530e-02
 -5.70393763e-02  1.48019278e-02  2.95264497e-02 -2.07281440e-01
 -4.57880758e-02  1.17191859e-01  9.76505354e-02 -6.77288622e-02
  1.33693919e-01  1.23675793e-01  6.51611164e-02 -3.08444828e-01
  1.02929018e-01 -2.53588736e-01 -1.30652502e-01  1.61205366e-01
 -3.58651169e-02 -1.77586123e-01 -2.36557350e-02  3.18838149e-01
 -2.04992801e-01 -2.28848755e-01 -1.75474063e-01  3.58805358e-02
  2.03098699e-01  6.53553009e-02 -8.03088173e-02 -3.17214318e-02
 -1.60141243e-03 -7.79964849e-02  1.54838681e-01  1.86794266e-01
  4.89509776e-02 -2.84881979e-01  2.85449028e-02  2.12544009e-01]