http://erau.edu/ontology/meme.owl#MirrorShotsMeme
[-1.29619583e-01 -1.84310824e-01 -1.39450915e-02 -2.17682961e-02
 -2.23445464e-02  5.48579767e-02  9.15610492e-02  9.29343514e-03
  1.22625001e-01 -3.46426591e-02  1.04221463e-01 -6.18546605e-02
  8.87348950e-02  5.87338619e-02 -1.97908096e-02 -8.77957866e-02
  4.34235111e-02  2.46323776e-02 -5.01669236e-02  1.25301138e-01
 -4.81831990e-02  9.30756181e-02  1.01504490e-01 -1.44863859e-01
  7.47384876e-02  8.79476964e-03 -1.65186357e-02  4.90900241e-02
  2.23413423e-01  8.33387673e-02  5.41424714e-02  1.10057771e-01
 -5.29194577e-03 -4.81099524e-02  5.40926009e-02  1.68029442e-01
 -1.88050768e-03  2.94765308e-02  2.61379704e-02 -6.73839450e-02
 -6.29729480e-02  1.40085399e-01 -1.32746816e-01  1.97066925e-02
  6.51444122e-02  2.37890542e-03  4.76410575e-02 -5.49828075e-02
 -4.67561930e-02 -1.91900413e-02 -3.46608125e-02 -3.32464799e-02
 -1.02062009e-01 -1.66847184e-01 -9.00267512e-02 -2.70075109e-02
  3.28481272e-02 -3.52298319e-02  2.25270689e-01 -1.30817126e-02
 -7.27466270e-02 -4.78507914e-02  7.88535699e-02  1.19493023e-01
 -5.28666861e-02 -3.05000339e-02  5.50507829e-02 -3.96671072e-02
 -6.39553890e-02 -1.36300296e-01 -1.86013907e-01  5.25842085e-02
  5.08890860e-02  7.13486075e-02 -4.12006900e-02  6.39436468e-02
 -5.71124889e-02  1.24069201e-02  7.39876926e-02  6.22387789e-03
 -1.10188410e-01 -4.31868359e-02 -1.53087601e-01 -1.83440864e-01
  1.84582314e-06 -1.60906166e-02 -8.38680193e-02  4.52791564e-02
 -2.88688578e-02 -5.12892418e-02 -3.51616484e-03 -1.43290803e-01
  7.91760758e-02 -4.56475653e-03 -2.22759042e-03  1.28788888e-01
  2.61987168e-02 -7.42123425e-02 -1.60378739e-01  6.46359927e-04
 -1.78295348e-04  4.74162102e-02  2.42106214e-01 -1.64983138e-01
 -5.98142333e-02  6.05707951e-02  1.67200059e-01  2.54340973e-02
  3.72665785e-02 -8.91077220e-02 -5.03956387e-03  6.41084760e-02
 -1.09332293e-01 -8.85158032e-02  4.46973518e-02  7.64054060e-02
 -2.13170469e-01 -1.22828975e-01  8.13063011e-02  1.26376450e-01
 -6.29159212e-02 -5.82757927e-02 -8.63000005e-02  5.07715233e-02
  1.07262366e-01  4.39845361e-02  7.33381733e-02 -3.12102865e-02
  2.91576609e-02  4.05212119e-02 -1.35181054e-01 -1.33744851e-01
  6.78472295e-02  4.35171835e-03 -6.51800111e-02  1.30367905e-01
 -3.05263065e-02 -1.18530523e-02 -1.33624315e-01  1.58326909e-01
 -2.24984378e-01  9.78002101e-02  1.57689139e-01  1.29668459e-01
  6.58577457e-02 -1.73404142e-01 -7.51323765e-03 -1.17591873e-01
 -1.75702035e-01  3.19013707e-02  1.94493607e-02 -3.35310511e-02
 -1.15991198e-02  5.08544818e-02  2.03124736e-03  7.33548701e-02
 -8.51085410e-02  2.04934806e-01  5.97387552e-02 -1.44967735e-01
  8.18374157e-02  1.23406211e-02  2.66418178e-02 -6.82197884e-02
 -1.89824104e-01 -1.33010969e-01  9.36723500e-02  1.17676616e-01
 -2.86836147e-01  9.85294133e-02  5.91572188e-02  1.09531328e-01
  1.11432634e-01  1.38263404e-01 -1.32675380e-01  3.67372446e-02
 -1.83266904e-02 -1.34969801e-02  4.47678566e-02  4.79926653e-02
 -8.58910531e-02  6.48182258e-02 -4.74522412e-02 -5.49447946e-02
 -4.92981970e-02  2.77658738e-03 -1.26306443e-02  6.13607392e-02
  4.43457961e-02 -1.42468708e-02  2.18544379e-02 -7.66010061e-02
 -2.64311075e-01 -1.69557154e-01 -1.50195928e-02  3.73302400e-02
 -5.26412614e-02  2.52966613e-01 -8.22243243e-02 -6.96393549e-02
  1.48940794e-02 -1.98519919e-02  7.16965795e-02 -2.80894637e-02
 -8.22496638e-02 -2.60179400e-01 -5.92545792e-02 -7.11097494e-02
  1.20757237e-01  1.47702560e-01  3.41681510e-01  1.40503868e-01
  6.26140684e-02 -3.73876952e-02 -3.11220046e-02  3.38060148e-02
 -1.37431458e-01 -6.44176304e-02  1.64092064e-01  1.25338972e-01
  1.45108581e-01  1.68731555e-01 -6.91896603e-02  4.70835604e-02
  9.91707854e-03  1.90794729e-02 -7.41960779e-02 -8.93141702e-02
 -3.99698354e-02  3.00432928e-02  6.91050515e-02  6.82034045e-02
 -3.25505100e-02 -7.10260794e-02 -5.37540540e-02  4.52701561e-02
 -8.30245838e-02 -9.18407962e-02  5.64096719e-02  1.10060414e-02
 -4.62634228e-02 -2.14437898e-02 -3.87635105e-03 -1.08829372e-01
 -1.73576057e-01 -9.34523270e-02 -1.32648990e-01 -8.84290114e-02
  2.37982199e-02  3.33412625e-02  7.09294230e-02  4.85532694e-02
  8.95935446e-02  2.17291415e-02  1.14029802e-01 -8.15140456e-02
 -1.39268175e-01 -5.13607748e-02  2.13001333e-02 -7.36580091e-03
 -1.33152351e-01 -1.22857735e-01 -1.00501120e-01 -1.96203619e-01
 -7.50476345e-02 -1.60954461e-01  1.37533834e-02  1.05379209e-01
  1.83428854e-01 -1.38589382e-01  1.07283033e-02 -6.63318858e-02
 -4.26994003e-02  1.44999800e-02  4.63403203e-02 -4.02826183e-02
 -2.01086048e-02 -1.98196080e-02 -1.18723191e-01  9.99072101e-03
  6.07850552e-02  7.14730844e-02 -3.03897522e-02 -3.17284502e-02
 -1.06458776e-01 -8.34673736e-03 -1.08059444e-01 -1.72092058e-02
  6.67620599e-02 -1.46325484e-01  1.32408552e-02 -2.02777192e-01
  2.42146757e-02 -2.05541821e-03 -3.29520516e-02 -3.00889444e-02
  1.19970307e-01  2.56119780e-02 -7.22874925e-02 -1.49222776e-01
 -1.73667833e-01  4.95846346e-02  3.61191854e-02 -3.90884466e-02
 -1.12053258e-02 -2.38040853e-02  6.05663955e-02  5.89416884e-02
 -3.94715033e-02 -2.39553731e-02  1.72530606e-01 -2.06701964e-01
 -1.34232387e-01  4.98098247e-02 -4.80053350e-02  7.73857161e-02
 -8.37876052e-02  1.98874921e-02  5.65743782e-02 -8.18457082e-02
  6.06865138e-02 -1.52373195e-01  1.80416107e-01  1.57447949e-01
  6.01375885e-02 -1.66355055e-02 -1.74082831e-01 -2.93545201e-02
  6.05227239e-03  6.12020828e-02  4.18455601e-02 -6.85189068e-02
 -3.93284000e-02 -1.41093299e-01  4.63845804e-02 -1.56393528e-01
  1.31295025e-01  5.79080172e-02  8.35565031e-02  7.08169944e-04
 -1.81659553e-02  8.90206695e-02 -9.32334065e-02 -1.11852206e-01
 -1.19027849e-02 -5.86678423e-02  1.97436311e-03  4.34941165e-02
 -2.47340128e-02 -1.15756027e-01 -1.91823654e-02  2.93286964e-02
 -1.12478688e-01  7.84766600e-02 -1.14416048e-01  6.70159012e-02
  9.25877392e-02 -1.90839712e-02  1.41918123e-01 -6.51721060e-02
 -3.55254114e-02  1.08154118e-01 -1.00732908e-01  3.89339402e-02
  7.92970136e-02 -2.34603360e-02 -1.21037900e-01  3.54261287e-02
  3.83423306e-02  4.20696214e-02 -4.46700901e-02 -1.36764079e-01
 -2.26701200e-01  1.63148671e-01  5.65689523e-03 -1.30411191e-02
 -1.78521685e-02 -3.62281874e-03 -1.83548585e-01  1.19503662e-02
  3.14728096e-02  1.87780559e-01 -1.54207587e-01 -6.79173693e-02
  8.94211829e-02 -1.69951767e-01 -6.01313710e-02  1.33886158e-01
 -1.54693842e-01 -8.31192955e-02  6.19274154e-02  9.27132368e-02
 -1.33727968e-01  2.62814015e-01 -9.99499336e-02 -8.46106112e-02
  2.02063415e-02  1.16300866e-01  3.46204966e-01 -2.17237353e-01
 -7.98508525e-02 -1.85431913e-01 -1.25492755e-02 -2.45773807e-01
 -4.55915816e-02  3.64612751e-02  1.95944961e-02  4.05920714e-01
  6.62604347e-02  6.73139766e-02  1.69672504e-01 -7.81446174e-02
 -1.23684600e-01  1.97229888e-02 -1.18387103e-01  1.14856586e-01
 -1.09504245e-01 -1.10603444e-01 -2.94494629e-02  7.00789690e-02
  6.60714060e-02  1.58861000e-02 -1.71951935e-01 -5.49276313e-03
  2.39070393e-02 -1.87456802e-01 -7.25244284e-02  1.44998938e-01
  3.61339487e-02 -3.04811988e-02  5.29797282e-03  1.98788360e-01
  8.60819221e-02 -9.55051109e-02  1.02577642e-01  1.83520243e-01
  5.17811105e-02 -8.17425027e-02  2.51223911e-02  8.27289149e-02
  6.62730187e-02 -7.79497577e-03 -1.06993042e-01  1.59144178e-01
 -1.20382950e-01 -7.32662007e-02 -2.18217015e-01 -1.22936748e-01
 -8.82745683e-02  8.28484539e-03  1.25822663e-01  1.30902186e-01
  4.37648147e-02  3.36083658e-02  1.81314349e-01 -6.06428646e-02
  1.04958802e-01  1.08422246e-02  4.12673838e-02 -9.86623764e-02
  1.41054228e-01  4.00735922e-02  9.63362083e-02 -1.68166578e-01
  3.01433560e-02  9.75623578e-02 -1.65894404e-02 -1.49126321e-01
  3.01426221e-02  2.83081904e-02  2.03194171e-01  4.04732265e-02
  1.59649163e-01  9.24715176e-02  3.66348960e-02 -1.14661075e-01
  1.34592056e-01 -8.62523243e-02 -1.51462123e-01  9.71976593e-02
 -2.46798415e-02  2.60576662e-02 -7.93631002e-02  2.17658237e-01
 -1.82947129e-01 -1.27041668e-01 -8.16627368e-02 -2.58659967e-03
  5.01983762e-02  1.63602829e-03 -1.23480402e-01 -9.53593329e-02
  3.07036079e-02  4.40065924e-04  7.74911642e-02 -3.89711596e-02
 -8.60326663e-02 -1.26992345e-01  7.01753125e-02 -3.71474139e-02]