http://erau.edu/ontology/meme.owl#JusticeLeagueMeme
[-0.14640394 -0.14036383  0.04111195 -0.02212052  0.02937169  0.07721242
  0.10083652 -0.03993442  0.05047545 -0.09241346  0.03702668 -0.12844996
  0.10860317 -0.05361404  0.01068027 -0.02782251  0.04175306 -0.02101441
  0.01354347  0.10288893 -0.00571048  0.10696357  0.04019842 -0.0932473
  0.05979326  0.00651965 -0.01546647  0.05112388  0.19768432  0.0182023
  0.08528089  0.1230286  -0.04572037 -0.05779831 -0.04576305  0.09912364
 -0.07868195  0.04326491  0.00897922 -0.07461664 -0.01722642  0.08346995
 -0.15539615  0.04986876  0.04277541 -0.05363962  0.04324398  0.01336516
 -0.01152833  0.04744139  0.01012388 -0.07919376 -0.13290468 -0.11262951
 -0.07559538 -0.04236656  0.11093467 -0.08995526  0.14021619 -0.03255234
 -0.01348243 -0.01815767  0.116783    0.09934034 -0.05984636 -0.00679371
  0.09400278 -0.13920432 -0.0680066  -0.1489451  -0.17911705  0.06113337
 -0.03236333  0.02991497 -0.05156508  0.06338143 -0.03982301  0.08753251
  0.06584297  0.03543176 -0.14107724  0.00252857 -0.00827275 -0.19391946
  0.02671774 -0.03218123 -0.04633797  0.05156899  0.05737097 -0.05633365
 -0.08058086 -0.08011855  0.11366358 -0.07451067  0.03119085  0.14943314
  0.0465249  -0.03637226 -0.13470535  0.01258378  0.0740089   0.06097695
  0.29309705 -0.06829128 -0.0606799  -0.02787977  0.17944361  0.01978203
 -0.01446476 -0.06871202 -0.06130477  0.07559994 -0.17762412 -0.0347227
  0.07819218  0.09681818 -0.25490916 -0.16595185  0.00104885  0.15161628
  0.00976162 -0.12352346 -0.14261012  0.07584424  0.02423527 -0.00190236
 -0.00596867  0.0298776   0.06242554 -0.00099053 -0.16475911 -0.0211387
  0.01168226 -0.00563071 -0.08535524  0.12365464 -0.06986912  0.05667279
 -0.12504722  0.1563514  -0.15693954  0.10029776  0.08746491  0.05418161
  0.0893921  -0.19918777  0.03537579 -0.05835859 -0.09708036  0.08259277
 -0.08687016 -0.1344489  -0.02634526  0.00332496 -0.08958363  0.08704311
 -0.08571751  0.195118    0.05561126 -0.14322558  0.03652028 -0.0590504
 -0.00519072 -0.01847751 -0.19311512 -0.0874467   0.07523791  0.18350364
 -0.30189064  0.12720007  0.01431536  0.06672493  0.09928025  0.08437787
 -0.11197459  0.01511359 -0.04662393 -0.02082254  0.03974468  0.0032839
 -0.0573667   0.10060567 -0.01884317  0.07552134 -0.12216036  0.01607753
  0.00665338  0.04433358  0.05592364 -0.005591   -0.04166808 -0.07102672
 -0.19590539 -0.0225825   0.0254636   0.04124667 -0.02029937  0.18798594
 -0.12147335 -0.10951672  0.01154106 -0.06156724  0.02805333  0.03172072
 -0.14978315 -0.24817173 -0.07897209 -0.03871498  0.06745239  0.13575558
  0.22318079  0.08351396  0.11018214 -0.04681529 -0.07386371  0.11416557
 -0.08355793 -0.02587005  0.14541578  0.07743674  0.1047997   0.08272408
 -0.01879249  0.02304244 -0.01120084  0.04499542 -0.1252058  -0.07849862
 -0.12197141  0.04681414 -0.0102374   0.06320214 -0.02077982 -0.05018258
  0.01301772  0.10475581 -0.10547963 -0.13759688  0.03722923 -0.01055332
 -0.07585289 -0.05850398  0.07086457 -0.09911232 -0.24061035 -0.04153154
 -0.21862388 -0.03107909 -0.0975287  -0.06431388  0.05210328 -0.00884604
  0.14518215  0.09561595  0.13177584 -0.02728301 -0.18150756 -0.06683346
  0.02881746 -0.03001235 -0.15426996 -0.19434792 -0.05441861 -0.1795768
 -0.07440918 -0.20342517  0.06001548  0.0983506   0.16442806 -0.1146217
 -0.0390327  -0.11479511 -0.06619099  0.04171937  0.03291841 -0.02168989
  0.06458583 -0.08520925 -0.17091656 -0.0037659   0.07260656  0.0907659
 -0.01844032 -0.10128059 -0.15459925  0.03654084 -0.10666091 -0.03434549
 -0.0208152  -0.18178062 -0.04424148 -0.17807099  0.07866568  0.10471355
 -0.0274986   0.00186222  0.04130798  0.00409081 -0.08724636 -0.10109624
 -0.18414266  0.02614445  0.08005633  0.01018931  0.02639755 -0.02000807
  0.154711    0.04065428 -0.07837125  0.02217769  0.20694317 -0.17314954
 -0.05556659 -0.00910616 -0.08876558  0.01031938 -0.12403123 -0.00996946
  0.04112183 -0.04087321  0.09976684 -0.13667482  0.17931463  0.12642469
  0.07133719 -0.05076453 -0.12173217 -0.06755068  0.01799479  0.02174984
  0.04727916 -0.05962588  0.01751106 -0.12287527  0.09570204 -0.17788757
  0.07454366  0.0085184   0.03318065  0.0758191   0.06666789  0.07443576
  0.02752214 -0.02830226 -0.07874337 -0.00238723 -0.06535991 -0.03262479
 -0.04094851 -0.09336974 -0.03998665 -0.08997308 -0.17385025  0.07676111
 -0.15934494  0.04121538  0.09983168 -0.03184453  0.10824183 -0.08034716
 -0.02525695  0.10862057 -0.04689037  0.00837903  0.07130814  0.03289609
 -0.0562835   0.0544151   0.10089397  0.09129272 -0.03930933 -0.08956798
 -0.19517271  0.11667973  0.05704611  0.02284847 -0.0283591  -0.04820447
 -0.13801035 -0.03261015 -0.01354904  0.16597782 -0.08587412 -0.09807844
  0.09070087 -0.06612739 -0.03020791  0.01280832 -0.07703575 -0.00588838
  0.09067283  0.07549226 -0.100623    0.19139239 -0.0504385   0.06914704
  0.02735118  0.03825345  0.12123678 -0.12611884 -0.04830666 -0.07331117
  0.0734166  -0.04285922  0.00993705 -0.01585903 -0.06174942  0.07310522
  0.06018646 -0.03147096  0.12578218 -0.11475515 -0.12670004 -0.00231246
 -0.1336958   0.10180439 -0.1489064  -0.0503569  -0.00919954  0.03698291
  0.09828872  0.02049928 -0.22167644  0.03045773  0.01830486 -0.09769201
 -0.09410933 -0.0192431   0.13070449  0.01993236 -0.01594641  0.21744646
  0.0725468  -0.04467031  0.09514026  0.15911502  0.10673913 -0.070644
 -0.04312817  0.09786521  0.13943051  0.01528709 -0.06985263  0.18370676
 -0.19443381 -0.07575095 -0.17437996 -0.07956447 -0.03307353  0.03191246
  0.08186698  0.23791656  0.05563948 -0.01036981  0.10883702  0.03014312
  0.11464246  0.01682344 -0.05649093 -0.07413264  0.09196924  0.02960448
  0.01563575 -0.10896733  0.01213068  0.04910843 -0.03488773 -0.14080906
  0.02158145 -0.03305847  0.0671195   0.03054296  0.05828356  0.05413095
  0.04213684 -0.1047906   0.09926342 -0.04997845 -0.04726027  0.12954286
 -0.13789704  0.03049282 -0.0853278   0.14299022 -0.16708544 -0.06339071
 -0.05755702  0.04636503  0.00432007 -0.01260794 -0.06905499 -0.02153356
 -0.0719033   0.07269649  0.02490357 -0.04218129 -0.01011438 -0.12580325
  0.05315016 -0.06380514]