http://erau.edu/ontology/meme.owl#FeshPinceOfBlairMeme
[-4.69291657e-02 -1.80789962e-01  8.15506876e-02 -8.07376299e-03
  7.68415304e-03  1.06713183e-01  2.37333775e-01  1.14425719e-01
 -4.30959873e-02 -9.29699317e-02  7.63834193e-02 -6.53944984e-02
 -9.89260599e-02 -1.32977933e-01 -1.15419805e-01  8.82956162e-02
  1.34644315e-01  1.33206457e-01  2.97813248e-02  1.92754224e-01
 -2.00718522e-01  9.60099138e-03  1.23852506e-01 -1.67015895e-01
  1.67585835e-01 -5.20137958e-02  1.04105202e-02 -1.27614290e-01
  3.12977582e-01  4.13336270e-02  8.85940567e-02  1.74859002e-01
  4.66274433e-02 -9.78723615e-02 -1.89929269e-02  2.12266549e-01
 -2.00285669e-02  4.93792593e-02 -9.69507322e-02 -2.11788565e-01
 -2.91715730e-02  1.49244934e-01 -1.48368299e-01 -9.24469680e-02
  2.03053765e-02  6.08110763e-02  7.52061978e-02  5.57439364e-02
 -6.12183250e-02  1.08389869e-01  9.36112702e-02 -2.95108445e-02
 -1.07382506e-01 -1.00431956e-01 -6.69785142e-02 -6.60932809e-02
  9.38390195e-02 -5.76244406e-02  1.17355160e-01  4.28058803e-02
 -3.86659540e-02 -5.65198772e-02  3.28739583e-02  1.94779709e-02
 -2.17236653e-01 -1.28076047e-01  9.56151336e-02 -1.03602447e-01
 -9.20020416e-02 -8.47984925e-02 -8.62548575e-02  9.67597738e-02
  1.60528943e-01  1.28110141e-01 -4.78953086e-02  1.97893083e-01
  3.12390761e-03  7.20277280e-02  1.16561249e-01  1.04448490e-01
 -2.12624222e-02 -2.41291419e-01 -1.03743568e-01 -1.24519438e-01
  8.91946629e-02 -1.89339593e-01 -1.21973477e-01  3.93298827e-02
  9.81615037e-02 -1.34433240e-01  5.14087863e-02 -3.01967263e-01
  5.98692894e-02 -2.45151594e-02 -3.57139558e-02  1.04453348e-01
 -5.47786914e-02  4.47136117e-03  4.42426503e-02 -1.13559961e-01
  6.78881109e-02 -5.35260737e-02  1.97183296e-01 -1.17832378e-01
  8.23664963e-02  7.23162740e-02  9.03601423e-02 -7.56000206e-02
  1.09964341e-01  7.28216767e-02 -7.88478123e-04  1.41987100e-01
 -1.97414622e-01 -1.43374711e-01  5.20503856e-02  4.97533828e-02
 -2.64453351e-01 -1.50466666e-01  3.96015346e-02  4.00660522e-02
 -3.53682563e-02  8.64419248e-03 -1.14746809e-01 -1.83951836e-02
 -1.68742668e-02 -1.49373129e-01  1.27156973e-01 -4.82532158e-02
  4.22607437e-02 -7.20648002e-03 -1.74415931e-01 -1.11799739e-01
 -2.11616922e-02 -1.07646026e-02 -7.39148781e-02  1.01892754e-01
  1.47664119e-02 -6.22290485e-02 -1.11995004e-01  7.04774857e-02
 -3.08156431e-01 -8.12976435e-03  6.99533820e-02  1.12625547e-01
  1.30930156e-01 -1.23846307e-01  1.09659739e-01 -1.62961811e-01
 -4.00494561e-02  1.58390298e-01 -1.05169136e-02 -1.24318294e-01
 -1.03295624e-01 -1.29700258e-01  1.46014048e-02  3.62861119e-02
 -1.67211786e-01  4.92862351e-02  6.15578108e-02 -1.79083824e-01
  1.43281788e-01 -1.47034973e-01 -3.88517953e-03 -1.04934461e-01
 -1.41361371e-01 -7.33790398e-02 -5.51334359e-02  1.36871204e-01
 -2.20087141e-01  1.77851573e-01 -3.63660343e-02  2.16441572e-01
  1.71939135e-01  1.30585387e-01  5.81020396e-03 -1.41854554e-01
 -1.30458593e-01 -7.44541064e-02  1.49834692e-01  2.53336318e-02
 -5.82983382e-02  1.07033148e-01  7.83592388e-02  4.85958196e-02
 -1.33925542e-01 -1.46268206e-02  1.42633803e-02  5.55447564e-02
  1.90347999e-01  5.72738703e-03  5.65025993e-02  3.11887320e-02
 -2.44809583e-01 -6.67907372e-02 -1.27424732e-01  6.22429140e-02
  3.27264480e-02  1.37488142e-01 -1.56134441e-01 -6.37768880e-02
  3.50857005e-02  1.00105673e-01  1.97055995e-01 -5.24126478e-02
 -7.82225281e-02 -3.14760566e-01  2.96952557e-02 -5.79722114e-02
  1.92613732e-02  1.25633940e-01  2.72249430e-01  1.11969590e-01
  5.01353927e-02 -7.69735500e-02  1.19550839e-01  5.72279952e-02
 -1.46043673e-01 -1.86530694e-01  1.67313397e-01  3.23747396e-02
  2.92168856e-01  1.46793127e-01 -3.52326110e-02  7.52475038e-02
  4.58602384e-02 -7.39308726e-03 -1.89865932e-01 -8.98990706e-02
  1.18606575e-02  3.36824954e-02  1.50569692e-01 -1.41739761e-02
 -3.89005095e-02 -8.27176049e-02  1.24376170e-01  1.19468346e-01
 -7.64848590e-02  2.27588955e-02  9.59140062e-02  8.18838775e-02
 -1.59025937e-02  5.75357862e-02  1.26257405e-01  2.91326805e-03
 -1.80974036e-01 -4.13476601e-02 -2.73719937e-01  1.98055133e-02
 -1.25477910e-01  8.32364932e-02  7.17587024e-02  4.62245904e-02
  8.85010287e-02  7.24667311e-02  1.15160771e-01 -1.20784640e-02
 -8.09263065e-02 -1.26613930e-01  1.61516741e-02 -6.48234934e-02
  6.30702674e-02 -1.75347656e-01  2.90521663e-02 -1.06584489e-01
 -5.96427135e-02 -2.05305144e-01 -7.83016086e-02  4.45111431e-02
  1.96337521e-01 -9.99437794e-02  1.50243836e-02 -1.07847996e-01
 -2.53399611e-02  5.09287752e-02  1.54541969e-01 -5.47010526e-02
  8.76292586e-02 -8.14131200e-02 -9.25333649e-02  1.37690539e-02
  1.42769307e-01  1.01827964e-01 -1.19234703e-01 -1.33155376e-01
 -1.60356268e-01 -5.77612482e-02 -3.00332643e-02 -3.62682417e-02
 -1.23461392e-02 -8.78875554e-02  1.24198683e-01 -8.19094926e-02
 -1.10805906e-01 -9.56789553e-02  2.64191744e-03  8.29782039e-02
  1.86472058e-01 -5.65783344e-02  8.95615965e-02 -1.30362540e-01
 -2.79857755e-01  2.80595906e-02 -2.04587029e-03  3.63449119e-02
 -6.49442226e-02 -4.01231460e-02  1.14938289e-01 -1.15071282e-01
 -9.80417728e-02  1.77546650e-01  1.96074337e-01 -1.43050104e-01
 -1.23820407e-03  3.75893973e-02 -2.57062335e-02  1.90470368e-02
  2.25734469e-02 -1.12610564e-01  1.73976690e-01 -8.56474712e-02
 -3.41686755e-02 -2.58514911e-01  4.61375229e-02  1.46678850e-01
 -4.72192578e-02  1.07481137e-01 -1.56008735e-01  8.53096545e-02
 -4.66449652e-03 -3.21787037e-02  2.55818125e-02  1.25159651e-01
  2.10508378e-03 -4.22245497e-03 -7.66545609e-02 -1.13449991e-01
  7.14358464e-02  1.71417281e-01 -7.93372318e-02 -2.54384093e-02
  1.02244988e-01  4.91118915e-02 -5.86690605e-02  3.93650606e-02
 -2.26819771e-03  2.86422297e-02 -1.10046223e-01  2.62186173e-02
  3.29293148e-03 -1.05208360e-01 -7.90942553e-03 -3.32959332e-02
 -4.76102158e-02  9.79431048e-02 -1.89863592e-01 -3.46634956e-03
 -1.08760409e-01 -1.98361754e-01  1.18301645e-01 -1.40650263e-02
 -1.11590996e-01  7.02616572e-02 -8.93243998e-02  2.14653965e-02
 -3.19437496e-02 -3.80655820e-03 -5.72277978e-02  3.19434032e-02
 -1.03667147e-01 -5.31609878e-02 -2.08445899e-02 -9.17325355e-03
 -1.54330134e-01  6.21666238e-02 -8.00688490e-02 -8.49508047e-02
 -1.53264180e-01 -3.07273194e-02 -9.55861732e-02 -8.85463879e-03
 -2.74999975e-03  1.79648146e-01 -1.70130432e-01 -2.65537854e-02
  3.09562199e-02 -1.07279271e-02 -1.16609082e-01  4.22046892e-02
 -1.34053007e-01  3.21874879e-02  8.54624528e-03  3.43879834e-02
 -5.84973395e-02  9.23091397e-02 -1.17715083e-01 -8.98458138e-02
 -8.44181422e-03  4.03321236e-02  9.15776715e-02  7.61639886e-03
  4.20719348e-02 -1.26577169e-01 -4.21566255e-02  3.95496096e-03
 -9.59617458e-03 -3.02194357e-02 -3.11367624e-02  3.84772681e-02
  1.27450481e-01  1.64387181e-01  8.94059911e-02 -1.29003868e-01
 -1.04482196e-01 -9.61232111e-02  5.66158891e-02 -1.83864345e-03
  4.97152470e-03 -2.31974628e-02 -2.18175212e-03 -3.33921835e-02
  7.02766627e-02  6.46220893e-02 -1.29500255e-01  5.69237322e-02
 -5.57783386e-03 -8.93952772e-02 -1.18987715e-04  2.18169034e-01
  4.33949009e-02 -1.48503602e-01  2.45300587e-02  1.53532639e-01
  2.89005209e-02 -7.48809725e-02  1.81366146e-01  8.19639638e-02
 -2.69409083e-02 -1.36249617e-01 -1.86830163e-02  8.43048394e-02
  1.31165050e-02  6.21888898e-02 -1.01348095e-01  1.56812549e-01
 -1.43295720e-01  4.86375391e-02 -8.63058940e-02 -6.78161830e-02
  5.41504696e-02 -6.56931708e-03  4.46278825e-02  3.96865569e-02
  1.40462056e-01  1.10990191e-02  1.39364243e-01 -5.10397777e-02
  5.90495653e-02 -1.16435839e-02  4.77181673e-02 -7.09595010e-02
  5.51836453e-02  6.08742386e-02  8.03556070e-02 -2.84242560e-03
  6.05745092e-02  1.84939560e-02  2.82198619e-02  3.70185077e-02
 -4.21103016e-02  1.09324306e-01  1.13850884e-01 -1.72818992e-02
  2.17942104e-01  4.45735231e-02 -6.68218508e-02 -5.59137203e-04
  8.16793367e-02 -1.42808929e-01 -2.36263368e-02 -3.02968752e-02
  7.79729858e-02  2.98883785e-02 -3.35278362e-02  1.84883118e-01
 -5.21803796e-02 -1.22452289e-01  6.81536049e-02 -6.45970851e-02
  7.93381631e-02  5.88502735e-02 -4.75943126e-02 -3.69550623e-02
 -2.28467155e-02 -9.76168737e-03  1.58633858e-01 -5.19755781e-02
  1.06893517e-01 -1.01531260e-01  6.62094355e-02  9.94620919e-02]