http://erau.edu/ontology/meme.owl#HotChocletyMilkMeme
[-1.48467660e-01 -1.32757038e-01 -1.47124883e-02  4.46475074e-02
 -1.63981002e-02  6.03455044e-02  1.23061061e-01  2.01908592e-02
 -7.36244768e-02  5.62409349e-02  2.03963831e-01 -1.08973615e-01
  3.69759686e-02 -1.32253319e-01 -1.38902903e-01 -2.09460575e-02
  1.24905646e-01  7.44055882e-02  7.37046897e-02 -3.16607319e-02
 -3.46796155e-01  3.82220745e-02  1.46912143e-01 -1.86046466e-01
  1.70950845e-01 -1.34706825e-01 -4.34486978e-02 -1.42580464e-01
  2.93226749e-01  2.04928994e-01  8.01685452e-02 -1.60883274e-02
 -8.03419482e-03 -1.20422378e-01 -6.54715523e-02  6.30520508e-02
  9.50307921e-02  7.93358013e-02 -2.02464715e-01 -1.22277342e-01
  1.19188674e-01  2.22185478e-01 -2.09513903e-01 -1.19425664e-02
  1.36975795e-01  6.45616874e-02  2.02153306e-02 -5.20244911e-02
  7.31971115e-02  4.40648571e-02  4.11444716e-02  4.37643863e-02
  4.60067764e-02 -1.75058976e-01 -1.84633762e-01 -3.82852554e-02
  7.33863637e-02 -7.20080584e-02  2.81936496e-01  2.01766104e-01
  7.98354670e-02 -9.23056901e-02  2.27125883e-01  6.31919205e-02
 -5.30046858e-02 -1.02708666e-02  9.90923569e-02  5.38097322e-02
 -4.21810821e-02 -4.71279919e-02 -5.98905310e-02  9.59145799e-02
  1.95149913e-01 -9.26431194e-02  6.55340627e-02  8.14504325e-02
  2.00634710e-02 -1.08416006e-02  1.58951432e-01  6.88808877e-03
 -8.14803615e-02 -2.22456694e-01  5.12421189e-04 -1.37988746e-01
  9.32647362e-02 -1.32237434e-01 -1.09854691e-01  2.99849343e-02
  7.71053135e-02  4.12507020e-02 -1.99519210e-02 -1.16982386e-01
  6.49727359e-02 -5.55918328e-02 -2.59072095e-01  7.93493837e-02
 -2.47844737e-02 -1.24706849e-02 -3.90244573e-02 -1.12938084e-01
  1.22407719e-01 -6.30971566e-02  1.41330466e-01 -7.62522146e-02
 -2.67144367e-02  1.05297923e-01  2.31375732e-02  1.81828495e-02
 -7.24975318e-02  2.58543286e-02 -7.02810138e-02 -4.46079895e-02
  1.10412603e-02 -7.91835636e-02  1.34022012e-01 -8.24702457e-02
 -1.77319124e-01 -2.21746504e-01  5.65521978e-02  5.40410392e-02
  1.34078234e-01 -8.15428700e-03 -1.19931228e-01  9.33859125e-02
 -1.96955875e-02 -1.60803273e-01 -7.92372376e-02  3.78405750e-02
  1.55152418e-02  1.95714664e-02 -1.24021165e-01 -4.09042872e-02
 -6.87809214e-02 -6.27978593e-02 -1.52536631e-01  1.68113470e-01
 -3.07443412e-03 -7.37576485e-02 -1.55034959e-01  3.63793783e-02
 -2.75388360e-01 -2.12769695e-02  4.33398969e-02  7.57315243e-03
  2.41521239e-01 -2.51727074e-01  1.53757617e-01 -1.59725063e-02
  4.02623825e-02 -2.23621051e-03 -2.73488648e-02 -1.16529197e-01
 -1.51662007e-02  1.34900464e-02 -3.94972563e-02  1.57205805e-01
 -2.02905878e-01  1.14109397e-01  5.16419411e-02 -1.56924918e-01
  8.64303932e-02 -1.14106457e-03  1.20081581e-01  5.87856472e-02
 -3.14239740e-01 -1.87917873e-01 -1.44141629e-01  1.97242796e-01
 -1.78865924e-01  1.48586988e-01 -9.61633865e-03  1.64177045e-01
  2.31457368e-01  2.76997890e-02  7.06519634e-02  4.41825986e-02
 -8.06118324e-02  1.19825732e-02 -3.97463515e-02  2.87689362e-02
 -1.14286475e-01  3.96409184e-02 -4.18481119e-02  1.09336507e-02
 -7.38884956e-02  4.84887464e-03  8.55585337e-02  7.28832558e-03
  1.27822757e-01 -1.83453098e-01  4.72953431e-02  4.11000811e-02
 -1.26329735e-01 -1.17466755e-01  2.65887976e-02 -3.75307016e-02
  4.77772243e-02  4.38715629e-02  2.62346771e-02 -8.61000717e-02
 -1.55574098e-01 -4.00365256e-02 -2.57148873e-02 -7.88990185e-02
  1.94560876e-03 -2.99835593e-01  6.76585585e-02 -1.37807146e-01
  2.68589519e-02  1.42356649e-01  8.57891068e-02  1.11061566e-01
 -8.10437575e-02 -1.61085829e-01  9.87057388e-02  8.15816447e-02
 -1.81995615e-01 -1.21838167e-01  1.84846953e-01  8.44705254e-02
  1.51918426e-01  2.99207214e-02 -2.04921767e-01 -1.07474834e-01
  8.44948366e-02  3.20635401e-02 -2.03357831e-01  1.02779001e-01
 -2.11761817e-02 -1.57667845e-02 -1.16231749e-02  2.02021073e-03
 -2.17225671e-01 -1.20647058e-01 -1.05093755e-01 -6.09774590e-02
 -1.00421742e-01 -2.41699368e-01  4.63713184e-02 -2.17764378e-01
  4.17590737e-02 -2.88095395e-03 -6.30540401e-02 -2.00472195e-02
 -3.20492864e-01 -2.15164647e-02 -1.04608908e-01 -7.19795525e-02
 -8.17800984e-02  4.71110120e-02  1.54940546e-01  7.22852871e-02
  2.05609679e-01  2.16905937e-01  3.00517902e-02  1.84174161e-03
 -1.45348072e-01 -1.40244784e-02  2.93665268e-02 -1.14112431e-02
 -2.29982771e-02 -1.06833793e-01 -4.50733962e-04 -2.17783839e-01
 -2.76943967e-02 -2.24071085e-01 -1.37400076e-01 -3.95219177e-02
  6.34026229e-02 -1.20505087e-01 -9.66721922e-02 -3.67666893e-02
  8.18501711e-02  9.79669467e-02  1.63386583e-01  7.41090998e-02
  1.02342680e-01 -1.04281440e-01 -3.12633961e-02  1.85997523e-02
  3.06213140e-01  1.37937339e-02  1.10680610e-02 -9.75172222e-02
 -2.58893460e-01  6.32358110e-03 -3.19928154e-02 -3.14452173e-03
 -2.52227709e-02 -9.62689966e-02  6.90046698e-02 -2.14105874e-01
  5.44114225e-02 -9.40864831e-02  6.81607127e-02 -3.12250741e-02
  9.73302051e-02 -6.49857298e-02 -2.33310252e-01 -1.75012290e-01
 -3.17934394e-01  4.77894358e-02 -8.76883864e-02  1.72091186e-01
  2.70347130e-02  3.53774987e-02  1.33441523e-01 -1.32015795e-01
 -9.95980278e-02  1.25845805e-01  3.24837059e-01 -2.96122730e-01
 -4.47000517e-03  4.22295965e-02  1.40964950e-03 -2.79662926e-02
 -5.44065833e-02  1.80839732e-01 -3.94663028e-02  6.34594560e-02
  5.71172126e-02 -1.22572936e-01  1.26705885e-01  1.76089853e-01
 -3.82596627e-02  9.14076567e-02  3.52715552e-02 -3.50952446e-02
  1.01691909e-01 -4.48637120e-02  8.22305754e-02  6.30840063e-02
  2.48046275e-02 -1.18514791e-01 -2.43073851e-01 -2.77330220e-01
  1.20228097e-01  1.73326477e-01 -1.29582375e-01  3.97742428e-02
  2.99237110e-02  3.87419686e-02 -2.36845855e-02  1.99642852e-02
 -1.44010514e-01  2.94162445e-02  1.02516934e-02  2.66191810e-01
 -4.88954857e-02 -8.61514360e-02 -8.93883109e-02 -1.42435888e-02
  2.41575707e-02  2.02176824e-01 -2.07702607e-01  1.18421406e-01
  5.59133291e-02 -1.02693267e-01  2.71554023e-01 -2.40179002e-02
 -1.10016868e-01  7.70913139e-02  8.38058963e-02 -1.11320898e-01
 -7.28787333e-02  1.36323348e-01 -1.31866813e-01 -6.07182831e-03
 -1.61836490e-01 -6.47093877e-02  2.41476595e-02  6.12718724e-02
 -3.47265869e-01  9.64650512e-02  5.62945940e-02 -1.20948084e-01
 -1.86612397e-01  8.67119431e-02 -4.29391265e-02 -4.72703017e-02
  1.84072584e-01  1.10243611e-01 -2.32100021e-02 -1.81124359e-02
  1.20933533e-01 -1.65027991e-01 -9.24042910e-02  3.00743043e-01
 -3.33752781e-02 -3.49590838e-01  5.42261414e-02  2.12458912e-02
  2.90443636e-02  3.07900369e-01 -1.09499604e-01 -3.51383120e-01
  2.10435674e-01  1.02375180e-01  2.85365313e-01 -6.84566051e-02
 -4.04413454e-02 -3.46193999e-01 -2.79469881e-02 -4.29536670e-01
 -2.17499584e-01 -3.07169612e-02 -1.27304364e-02  5.20626247e-01
  2.09557593e-01  1.02984525e-01  6.57674437e-03 -2.53357917e-01
 -1.79099262e-01 -9.83664691e-02 -3.40148062e-02  1.67748302e-01
  2.91974656e-03 -1.40801117e-01  5.11977356e-03  1.54220045e-01
  9.36660245e-02  7.52407759e-02 -1.84841931e-01 -4.07271236e-02
  4.87903040e-03 -1.38808817e-01 -8.51509422e-02  1.61531061e-01
  9.26455110e-02 -8.87235180e-02 -1.23911593e-02  2.74080008e-01
  1.74127780e-02 -1.59335792e-01  2.55464733e-01  2.16502219e-01
  4.96418565e-04 -9.12729371e-03  6.69633672e-02  2.07518358e-02
  9.67940837e-02  2.70129163e-02 -4.71208915e-02  2.01599091e-01
 -1.76997155e-01 -6.08402155e-02 -1.66306376e-01 -2.26101071e-01
  2.88123135e-02  2.45785937e-02  1.23135693e-01  2.40932211e-01
  9.98545066e-02 -1.27943367e-01  2.75819451e-01  1.56636700e-01
  8.03981200e-02  1.56107172e-03  1.87539354e-01 -2.17748064e-04
  3.69918644e-01  1.27997965e-01  1.89833105e-01 -3.50530148e-02
 -1.15521170e-01  1.17005438e-01 -6.94112619e-03 -2.15895921e-01
 -1.65413678e-01 -7.69521529e-03  1.66373730e-01  6.27422556e-02
  2.85087258e-01  1.26067698e-01  6.62929937e-02 -1.94235355e-01
  1.00245804e-01 -1.38605218e-02  1.17687890e-02  1.06811002e-01
 -3.71756628e-02 -5.30641787e-02 -8.52542967e-02  2.51356274e-01
  2.47120671e-03 -3.00157145e-02 -4.25885655e-02  4.85293083e-02
 -5.01438323e-03  3.95452464e-03 -1.36409119e-01 -4.81827408e-02
  1.36683479e-01  8.96145031e-03 -8.70447978e-03  1.27658844e-01
  3.54783386e-02  4.69766483e-02  1.02221780e-01  5.80576286e-02]