http://erau.edu/ontology/meme.owl#ZeroSuitMeme
[ 0.08786257 -0.11620843 -0.02127249  0.03796791 -0.00453731  0.14168914
  0.00890312  0.08652287 -0.02157839 -0.04172133  0.14027332 -0.07715591
 -0.08432946 -0.02904806 -0.08853832 -0.09922498  0.10552215  0.02524494
 -0.0555965   0.00841424 -0.21684448  0.16892946  0.11341725 -0.10854959
  0.11078434 -0.00775858 -0.02531084  0.0102357   0.2193422   0.07261556
  0.13579527  0.23861128 -0.00748204 -0.08542586 -0.02250005  0.19144966
  0.04752246  0.11950936 -0.07053379 -0.16886353 -0.00417529  0.14809763
 -0.2273768  -0.03203866  0.12054513  0.06506357  0.12186842 -0.07277598
 -0.09833436  0.11102816  0.05678472 -0.0132601  -0.14809684 -0.1495566
 -0.15394129 -0.0088361   0.15334448 -0.10214334  0.18908429  0.0026251
 -0.02476968 -0.02323902  0.02290712  0.07368238 -0.05534761 -0.09036311
  0.07732431 -0.04570351 -0.06703728 -0.08714993 -0.11542869  0.08163417
  0.06111852  0.09260917  0.0010575   0.14936581 -0.01723608  0.04507817
  0.12771899 -0.02256402 -0.06459926 -0.19510074 -0.04806279 -0.13132721
  0.08004825 -0.04307943 -0.08149484 -0.07214347  0.05184877 -0.08383493
  0.03652372 -0.22327529  0.03297526 -0.06032707 -0.05386471  0.04341897
  0.0285814  -0.02739377 -0.04404013 -0.03326668  0.18127204  0.07494535
  0.2502367  -0.0603645  -0.04552013  0.04620884  0.06932437  0.02931446
  0.03976974 -0.10983521 -0.04038089  0.03096615 -0.0891185  -0.10893125
  0.06997738 -0.00545743 -0.2115367  -0.11618348  0.07760523  0.11431591
 -0.00775935 -0.01137583 -0.20429473 -0.00798441  0.01910968 -0.10631683
  0.05932421  0.07768249  0.07684655 -0.01253281 -0.20291401 -0.1027946
 -0.05973785 -0.04548634 -0.04271505  0.24126802 -0.02567795 -0.08531683
 -0.1259461   0.12190477 -0.20138669  0.06254161  0.09944722  0.06888197
  0.18952753 -0.33348912  0.04956871 -0.16583872 -0.08727498  0.10023066
  0.03198452 -0.01007839 -0.08909681  0.01222773 -0.04017062  0.11185
 -0.10231411  0.21467721  0.0060621  -0.16480452  0.11448044  0.01969209
  0.02039946 -0.04912174 -0.29214802 -0.10263021  0.05945069  0.11885869
 -0.33709365  0.19259867 -0.00998804  0.11002201  0.23235492  0.21918452
 -0.05355554 -0.04486504 -0.01490252 -0.04997473  0.02062124 -0.03638168
 -0.13945164 -0.01358127  0.05341735  0.02676483 -0.08287364 -0.07160126
 -0.04216579  0.03122593  0.1663915  -0.04817135  0.041579   -0.05005264
 -0.14391959 -0.05206663 -0.0095604  -0.00936141 -0.004355    0.0379872
 -0.10530507 -0.0813901  -0.03193419  0.0752685   0.05674203  0.01971092
 -0.07515192 -0.27143198 -0.03341288  0.02717221  0.1560334   0.14662199
  0.28876325  0.08400237  0.04216057 -0.06917291 -0.0302883   0.01899932
 -0.08353707 -0.01055174  0.10520063  0.16255914  0.022013    0.0816185
 -0.04963101  0.07418766  0.06971267  0.00261462  0.01269502 -0.0139667
 -0.0362848   0.0142664   0.14044474  0.02510263 -0.13040966 -0.08911265
 -0.06884391  0.10417967  0.02460423 -0.11210238  0.07258218  0.02772993
 -0.12606895 -0.04152801  0.01298707 -0.0826706  -0.2221758  -0.05260143
 -0.12870829  0.06336784  0.00292117 -0.04687048  0.1010114   0.08613651
  0.02692071  0.01114302  0.04431416  0.05546709 -0.1519502   0.05044761
  0.07366651 -0.02749297 -0.06285869 -0.05318142 -0.03201022 -0.15072186
 -0.08194698 -0.23690145 -0.03012806  0.0940551   0.1635031  -0.12664858
 -0.08596238 -0.1018142   0.00709698  0.04493799  0.10641049 -0.00814112
  0.15656136  0.04403742 -0.07782535 -0.03451193  0.11406206  0.0577096
  0.00745303 -0.00994254 -0.14361101 -0.05690847 -0.1090861   0.00714918
 -0.06115735 -0.16172376  0.10406302 -0.14670466 -0.04164734 -0.00825765
  0.00148233  0.03050333  0.16776907 -0.04319458  0.00085984 -0.05481427
 -0.18890531  0.03885985 -0.00277765  0.08615917 -0.01027067 -0.04415529
  0.0439407  -0.04187682 -0.0442725   0.0629355   0.24475087 -0.15451902
 -0.03964589  0.03464518 -0.13131174  0.00203718 -0.11691746  0.0320041
  0.07053142 -0.02910043  0.07046529 -0.05531471  0.06264436  0.18555868
  0.143648    0.06662735 -0.12778491  0.02610053  0.00531483 -0.0025279
 -0.02247698 -0.06795945 -0.02025343 -0.15240829 -0.06971519 -0.14995123
  0.16781099  0.07481261  0.02147319  0.09993391  0.01045034  0.03568882
 -0.08511791 -0.08620486  0.01942796 -0.03144828 -0.04790018 -0.04356393
 -0.06194785 -0.0752013  -0.08334217 -0.04788658 -0.04149454  0.17916672
 -0.17857428  0.0291979  -0.0425316  -0.04492597  0.18037573 -0.07114289
 -0.06376749  0.00636821 -0.03318241 -0.02146621 -0.00453799  0.02598197
 -0.10473303  0.0222202   0.01818463 -0.02234944  0.02981602 -0.11404745
 -0.1748108   0.19149923 -0.00783969 -0.02001179 -0.08386126  0.05205528
 -0.09945523 -0.03472735  0.07237833  0.17541717 -0.13274631 -0.11943603
  0.10220557 -0.14494984 -0.00693305  0.21659455 -0.05904243 -0.07600858
 -0.01179367 -0.01275936 -0.10248443  0.3671918  -0.01822589 -0.13535531
  0.06659881  0.00725701  0.48390484 -0.14747018 -0.08538694 -0.3242927
  0.07697836 -0.23563553 -0.11135483 -0.02522964 -0.00086439  0.38727003
  0.14963232  0.04971712  0.09848265 -0.10618047 -0.07560446 -0.10423929
 -0.05879897  0.09333824 -0.0856112  -0.16126515  0.00374748  0.01975122
  0.16602562 -0.00064081 -0.19020341  0.05097046  0.03027671 -0.171819
 -0.04756318  0.20803191  0.1289944  -0.01230388  0.02781749  0.15204841
 -0.00928678 -0.13464676  0.11942843  0.14852108  0.08363006 -0.11315183
  0.0358739   0.15859623  0.05430339 -0.07397845 -0.09911928  0.16010523
 -0.17287055  0.00431876 -0.1235491  -0.06858882 -0.05144543  0.00317958
  0.14015797  0.08787376  0.13081764  0.02157163  0.14235565 -0.02657837
  0.16449727 -0.00525789  0.00824478 -0.06745504  0.04014811  0.10490947
  0.14191717 -0.08176599  0.05468965  0.03791289 -0.00879788 -0.1465719
  0.00798714  0.05630073  0.19376996 -0.02878662  0.15873805  0.10160935
 -0.01829167 -0.17145342  0.11012258 -0.04811441 -0.07572753  0.09156317
 -0.02348734 -0.0470561  -0.05733072  0.05203548 -0.11406323 -0.10611586
 -0.15009184 -0.00235377  0.043785    0.02017624 -0.11939472 -0.02209326
 -0.04418131 -0.12220719  0.08366999 -0.00086983  0.02554243 -0.01808984
 -0.04981358 -0.07045788]