http://erau.edu/ontology/meme.owl#BartsTestingMegaphonesMeme
[-1.27400681e-01 -1.27722055e-01  9.41589773e-02  1.00735612e-02
  7.74281397e-02  1.28024798e-02  1.49961933e-01 -6.25608936e-02
 -8.40123892e-02 -1.47386029e-01  7.11806342e-02 -8.68007075e-03
  3.77639830e-02  6.51765987e-03 -5.94448783e-02 -1.38384486e-02
  4.82022651e-02  1.17721990e-01  7.92592764e-02  4.00683172e-02
 -1.74887568e-01  7.00838864e-02  3.60220596e-02 -6.98137507e-02
  1.39545262e-01 -5.48653156e-02 -3.74627039e-02 -2.24582568e-01
  2.71167159e-01  8.12149197e-02 -3.03014349e-02  6.85299337e-02
  6.50893450e-02 -1.33438110e-01 -1.09297872e-01  2.47055948e-01
 -2.95135714e-02  3.39094375e-04 -3.16749848e-02 -1.46227255e-01
 -3.16145383e-02  2.04226434e-01 -1.06398277e-01 -3.63219194e-02
  9.20069218e-02  6.87407851e-02  1.38636390e-02 -4.56772819e-02
  9.79148299e-02 -3.90099455e-03  5.72061650e-02  1.13383397e-01
 -7.27998391e-02 -7.40174577e-02 -3.00892591e-02 -1.29662417e-02
  4.70598526e-02 -1.98265329e-01  6.93843663e-02  1.25702128e-01
  1.99875906e-02 -6.88929558e-02  1.41925201e-01 -4.36235629e-02
 -1.64604455e-01 -7.13571012e-02 -7.79112205e-02 -5.40907085e-02
  3.38662812e-03 -1.11825019e-01 -1.16649633e-02  5.39428070e-02
  6.06504232e-02  2.41832733e-02  6.75853118e-02  8.09069499e-02
 -3.95724960e-02  3.32872942e-02  1.27179101e-01  3.47288065e-02
 -5.29865548e-02 -7.17910454e-02  6.06644293e-03 -1.10790692e-01
  5.51977679e-02 -8.69540721e-02  6.04568496e-02  1.24911189e-01
  1.36164412e-01  4.92895721e-03 -7.86375776e-02 -1.46594763e-01
  5.22833988e-02 -9.66735333e-02 -1.11627854e-01  7.84622505e-02
 -3.77427042e-02 -8.18152353e-03 -2.19611600e-02 -6.34364486e-02
  5.80484718e-02  1.02419764e-01  2.21105352e-01 -4.40772586e-02
  5.28657250e-02  4.87752035e-02  1.61212444e-01 -5.25207631e-02
  4.15045675e-03 -8.68088007e-02  5.78574575e-02 -3.34824361e-02
 -8.45255256e-02 -7.37995468e-03  1.31388605e-01  1.37293085e-01
 -1.26896515e-01 -1.45705268e-01  7.81223699e-02 -5.11814319e-02
 -2.31381543e-02 -7.79259652e-02  6.47149384e-02  9.15607065e-02
  4.45368923e-02 -5.38169667e-02  3.83890271e-02  1.22827408e-03
  8.27017352e-02  1.19872587e-02 -1.43781140e-01  2.25385781e-02
 -7.79792517e-02 -1.39916927e-01 -2.30149343e-03  2.79829558e-02
 -2.53239870e-02 -2.91403849e-02 -6.26308173e-02 -4.53253388e-02
 -1.82101473e-01 -6.65392205e-02  1.25416890e-01  4.49186675e-02
  1.06617019e-01 -7.54211321e-02 -7.18436018e-03  3.57598998e-02
  3.36136599e-03  1.98161185e-01 -8.87519866e-02 -1.86399654e-01
 -4.62501980e-02 -7.31859216e-03 -4.41628434e-02 -4.78989398e-03
 -1.39523938e-01  1.14570983e-01  1.51788980e-01  3.44676748e-02
 -4.53228205e-02 -1.94848552e-01 -5.33564724e-02 -4.26991209e-02
 -9.11938474e-02 -5.26287742e-02 -6.06920421e-02  1.51100442e-01
 -1.41802669e-01  2.28428748e-03 -5.29461354e-02  1.61681771e-01
  1.78912923e-01  7.74290413e-02  1.43324342e-02  8.43121018e-03
 -3.38993855e-02 -8.39152262e-02  1.89742655e-01 -9.90830213e-02
 -5.59096560e-02  9.94321778e-02  7.09544271e-02 -1.00766746e-02
 -7.35289156e-02 -5.05127162e-02  3.05598844e-02  1.32242814e-01
  2.38652751e-01 -5.37873730e-02  7.49106705e-02 -4.88773845e-02
 -8.49220157e-02 -2.14207098e-02  2.58696196e-03 -8.21122155e-02
  1.45707205e-01  8.04322287e-02 -1.12270229e-01  1.09357536e-02
  1.57663465e-01 -2.70087272e-03  1.12061538e-01 -5.34810163e-02
 -1.37124017e-01 -2.62312502e-01  6.50445521e-02 -1.25701636e-01
  1.60505071e-01  6.86821193e-02  1.50998935e-01  1.12322718e-01
 -1.33905821e-02 -2.95456108e-02  1.49505526e-01 -5.51742464e-02
  3.57089452e-02 -1.49237335e-01  1.33808479e-01  1.34014294e-01
  1.55729696e-01  1.42161876e-01 -1.68619409e-01  1.94538683e-02
 -1.98051073e-02  3.89836580e-02 -9.72821042e-02  1.52411417e-03
 -6.62651658e-02 -7.50980899e-02 -3.43279727e-02 -9.43986103e-02
 -1.24464914e-01 -1.43524364e-01  3.13858055e-02  2.60019470e-02
 -6.38635233e-02 -4.42121774e-02  1.04825068e-02 -1.21727020e-01
  6.55553490e-02 -9.93108675e-02  2.16451176e-02 -5.07271290e-03
 -2.26472259e-01  3.87967974e-02 -1.32617652e-01 -2.73714378e-03
 -1.84095260e-02  1.09018646e-01  2.30706856e-02 -5.06250896e-02
  1.47074685e-01 -2.17175484e-02  2.31798097e-01 -2.69732010e-02
 -4.63998728e-02  7.67973289e-02 -1.03441412e-02  1.73812822e-01
 -7.61040896e-02 -1.09513372e-01 -2.65693516e-02  1.20744472e-02
 -4.15245183e-02 -8.82174671e-02  4.46625724e-02  2.27139685e-02
 -6.54627709e-03 -9.21559557e-02 -9.29472819e-02 -5.07181957e-02
 -9.23300758e-02 -1.50663909e-02  1.39781997e-01 -1.16557769e-01
  7.32854083e-02  5.02758399e-02  6.63838834e-02 -8.24588723e-03
  1.40384585e-01  1.68540515e-02 -3.56440470e-02 -1.83389276e-01
 -7.01125339e-02  1.63971297e-02 -1.07268296e-01 -2.65910979e-02
 -1.66115873e-02 -6.49774671e-02 -4.52990718e-02 -6.66687116e-02
  8.80554542e-02 -9.91409868e-02  1.04560122e-01  6.13020100e-02
  9.48442891e-03 -7.17682615e-02 -1.57809123e-01 -1.60081610e-01
 -1.54668212e-01 -2.54550222e-02  6.36400143e-03  1.65141091e-01
 -1.41859829e-01 -2.11762972e-02  1.95456818e-01 -6.83876574e-02
 -1.54545372e-02  3.80403847e-02  7.99713731e-02 -2.14162514e-01
  4.30809222e-02  5.56353442e-02 -8.51678699e-02  8.93919542e-02
 -3.43371071e-02  5.71515337e-02 -1.86986085e-02 -1.31433785e-01
  1.20112285e-01 -1.64304137e-01  1.65733039e-01  1.66630402e-01
 -1.41521588e-01  5.12330644e-02 -2.20648155e-01  3.73179950e-02
  1.98377177e-01 -7.83097595e-02  6.41900450e-02  2.99714915e-02
  1.50217667e-01 -4.17528860e-02  3.06999050e-02 -1.68993607e-01
  5.26536331e-02  1.17587902e-01 -1.12959193e-02  1.54860750e-01
 -7.34886201e-03  1.48452423e-03 -3.50733697e-02 -5.11906855e-02
 -1.57863125e-01 -4.58993502e-02 -1.41827464e-01  1.10423058e-01
  6.66958541e-02 -2.10302100e-01  3.24431434e-02  1.12746902e-01
 -2.13912725e-01  1.65407881e-01 -1.88494757e-01  5.70363216e-02
  1.73163176e-01 -1.52184516e-02  1.48163259e-01 -3.00429147e-02
 -7.66617656e-02  2.05075368e-01  2.45803017e-02 -9.91362110e-02
  9.09432918e-02 -2.30364636e-01 -4.80653234e-02  1.18489284e-03
 -4.96086106e-03  3.86544853e-03  4.05455679e-02  1.46117434e-02
 -1.98501706e-01 -5.49339727e-02  2.98334323e-02 -1.41235506e-02
 -1.08626641e-01  3.39016765e-02  1.33566216e-01 -4.64335792e-02
 -4.46217926e-03  2.17521608e-01 -5.63225932e-02 -8.59863013e-02
  9.73216891e-02 -1.38359025e-01 -1.96396023e-01  1.88335523e-01
 -6.59512207e-02 -1.57274082e-01 -8.75065625e-02  1.78539678e-01
  2.51342151e-02  1.82150215e-01 -7.41870701e-02 -2.87709624e-01
  2.41880845e-02  7.08353966e-02  3.99369776e-01 -1.57111548e-02
  2.99237967e-02  3.27136628e-02  1.03515618e-01 -2.16838419e-01
 -2.39061490e-01  6.73121363e-02 -2.52468511e-03  2.01984122e-01
  1.12787120e-01  5.63837141e-02  1.12360567e-01 -1.73781857e-01
 -1.81720719e-01 -1.56630218e-01  6.86866045e-02  7.02735484e-02
  2.17752121e-02 -6.48535788e-02 -1.33620854e-02  1.02272950e-01
  6.86252415e-02 -8.34390745e-02  9.54311434e-03 -6.62612766e-02
 -9.77720767e-02 -1.37244135e-01 -7.33048096e-02  5.92380986e-02
  1.41985133e-01 -1.19428031e-01  1.47223458e-01  3.07295948e-01
  7.71839842e-02 -4.05422635e-02  2.14577153e-01  2.04663262e-01
  8.23368058e-02 -6.73137754e-02  8.20115134e-02  9.99243036e-02
  1.56029701e-01  2.00516015e-01 -1.14952467e-01  3.07473093e-01
 -3.11726868e-01 -3.68247926e-02 -2.30109587e-01 -9.10361111e-02
 -1.03330702e-01  5.65739647e-02 -9.33209062e-03  1.04868812e-02
  1.58567324e-01 -8.46423954e-02  1.82128713e-01  7.49669820e-02
  1.16080949e-02  8.04898590e-02  4.34160270e-02 -6.08966835e-02
  2.24825367e-01  9.97534692e-02  1.15590483e-01 -8.82614478e-02
 -4.55463305e-02  7.13639855e-02  2.26691030e-02 -1.67980194e-01
 -3.15953000e-03  5.67042381e-02  6.89205453e-02 -2.40241457e-03
  4.65229936e-02  1.66017264e-01  1.01393268e-01 -2.89875835e-01
  2.20465641e-02 -1.66643336e-01 -3.22044939e-02  9.69341025e-02
  1.36447148e-02 -6.63008764e-02 -7.76831657e-02  2.95126289e-01
 -1.50272816e-01 -1.89547792e-01  7.91042447e-02 -9.25098509e-02
  1.31573111e-01  2.32266411e-02 -6.33492544e-02  7.74049982e-02
 -6.16345517e-02  8.93452764e-02  1.32301211e-01  9.43008438e-02
  1.00647192e-02 -6.31087869e-02  1.62723139e-01  2.49684989e-01]