http://erau.edu/ontology/meme.owl#AlfonzoLeaveittoMeMeme
[-6.17663423e-03 -1.90383777e-01 -4.37044688e-02  2.87168846e-02
 -7.49126077e-02  6.76885992e-02  1.02684461e-01  1.40639916e-01
  8.86640176e-02  3.47433635e-03  1.78254142e-01 -6.78422302e-02
 -3.90620083e-02 -1.37976510e-03 -1.60611663e-02 -4.10649888e-02
  1.02787048e-01  1.10853091e-01 -1.06991455e-01  2.37639546e-02
 -1.83805436e-01  1.19230025e-01  1.12901054e-01 -1.64382622e-01
  1.45341054e-01 -2.61245035e-02 -1.09503453e-03 -4.07761782e-02
  1.49380580e-01  7.26584122e-02  1.54895186e-01  1.34025246e-01
 -1.11366529e-02 -9.07872915e-02  1.99116934e-02  1.67308599e-01
  5.08620180e-02  1.03611901e-01 -3.45096290e-02 -1.46251231e-01
  5.09326812e-03  2.49789372e-01 -1.66010439e-01 -9.38584432e-02
  8.14600065e-02  1.17119968e-01  6.37879744e-02 -1.13499247e-01
 -9.73834768e-02  3.49302664e-02  6.89744055e-02  4.09879796e-02
 -1.46223560e-01 -2.34133646e-01 -2.06407860e-01  2.50398424e-02
  5.49986698e-02 -1.13782123e-01  1.54241830e-01  1.01509064e-01
 -4.61840369e-02 -6.90938756e-02  4.15929183e-02  7.13936016e-02
 -3.14762257e-02 -6.64204732e-02  1.31439008e-02  2.28940398e-02
 -5.54430746e-02 -7.77314156e-02 -1.51318952e-01  1.21880779e-02
  1.28963351e-01  1.38031632e-01 -5.73291183e-02  1.42492250e-01
 -5.49635738e-02 -8.86964519e-03  1.09496407e-01  1.60586331e-02
 -4.08369042e-02 -1.36949137e-01 -1.20576240e-01 -5.19846752e-02
  2.08306964e-03 -3.98966856e-02 -1.76388413e-01 -3.74513939e-02
 -6.29267842e-03 -4.32584770e-02  8.43056664e-02 -1.48148850e-01
  8.55001360e-02  3.61339562e-02 -8.81230012e-02  6.53087869e-02
  5.92937917e-02  4.36711162e-02 -1.10180780e-01 -5.79575170e-03
  1.06773153e-01  2.89428011e-02  2.27556884e-01 -5.99846840e-02
  5.03253117e-02  4.55037765e-02 -2.75231041e-02  8.89955088e-02
  1.16942395e-02 -7.03599975e-02  3.77627425e-02  4.41656746e-02
 -7.24758059e-02 -1.06552839e-01  2.13833340e-02 -4.60210443e-02
 -1.96195647e-01 -6.81588128e-02  5.86840399e-02  8.74061510e-02
 -1.03014968e-01  9.72592831e-02 -7.11992010e-02  1.16880767e-01
  1.52776167e-01 -9.60035473e-02  4.12963890e-02 -5.67998178e-03
 -2.45810673e-02  6.25758320e-02 -2.23443419e-01 -1.01618700e-01
  2.05678772e-02 -1.63224842e-02 -1.78535432e-02  1.84103996e-01
  7.17665255e-02 -1.18530296e-01 -1.87185720e-01  1.10565349e-01
 -3.19778472e-01  3.76003794e-02  1.20902561e-01  1.18449181e-01
  2.21838713e-01 -2.36265004e-01 -3.52009796e-02 -2.45371565e-01
 -1.31558493e-01  6.13341667e-02  9.51493680e-02  2.63645221e-02
 -8.87986273e-02  1.01906307e-01  7.95270083e-04  1.76451609e-01
 -1.52929500e-01  2.38374665e-01  1.65442247e-02 -1.13851406e-01
  1.23481728e-01 -2.88419845e-03  2.47147419e-02 -3.88198509e-03
 -1.98808670e-01 -2.07291603e-01  4.00265008e-02  1.06332317e-01
 -3.10675889e-01  1.30820066e-01  2.77789626e-02  1.25336930e-01
  1.76316485e-01  1.89160332e-01  1.54320328e-02 -9.93295200e-03
 -7.16268867e-02 -1.93773899e-02  8.76865685e-02  2.32933480e-02
 -1.24366365e-01  4.80757765e-02  1.71511807e-02 -2.64312774e-02
 -2.19316478e-03 -2.17356700e-02  6.63248301e-02  8.73819068e-02
  1.21788219e-01 -7.56973177e-02  5.62772490e-02 -1.57010164e-02
 -1.78603947e-01 -1.10834070e-01  1.99378701e-04 -1.42144896e-02
 -7.22605214e-02  1.75888464e-01 -7.83372894e-02 -9.97452289e-02
 -4.88254018e-02  4.16865349e-02  7.02415109e-02 -5.05351648e-02
 -5.66425398e-02 -1.84241399e-01 -3.92405726e-02  1.68428035e-03
  8.62513781e-02  1.34457782e-01  2.74990946e-01  8.06139559e-02
 -9.47503150e-02  8.82968027e-03  3.45974751e-02 -2.37882454e-02
 -1.59888089e-01  3.00117116e-03  4.80525382e-02  9.13003311e-02
  5.60529679e-02  1.06609479e-01 -8.34296942e-02  8.00891444e-02
  5.29567897e-02  2.20010486e-02 -7.12677836e-02  3.30746989e-03
  2.77717598e-03  1.66871939e-02  1.82974651e-01 -1.23722954e-02
 -1.34936109e-01 -7.24142864e-02 -2.81569492e-02  6.85433969e-02
 -6.18743226e-02 -8.09882805e-02  8.95865560e-02 -4.96495776e-02
 -7.19002336e-02 -4.75808382e-02 -3.66099514e-02 -5.07294908e-02
 -1.88825041e-01 -1.35958448e-01 -1.65174633e-01 -3.76734212e-02
  5.21145612e-02  5.85370734e-02  1.02879770e-01  4.81043123e-02
  9.94210839e-02  5.79783618e-02  7.83651248e-02 -5.00196032e-02
 -1.13263078e-01  7.98384566e-03  5.80392182e-02  3.62977237e-02
 -6.92392066e-02 -3.11957486e-02 -4.36323546e-02 -1.89634755e-01
 -5.84364273e-02 -2.56995440e-01 -3.29107754e-02  5.09141162e-02
  1.69227540e-01 -1.26156062e-01 -7.50936940e-02 -4.73052487e-02
 -1.22993160e-02 -4.73731058e-03  5.73253818e-02 -1.60113093e-03
  1.39910623e-01 -2.50514578e-02 -5.03555648e-02  3.64252850e-02
  1.26376480e-01  1.97506553e-04  5.99565320e-02 -5.82121387e-02
 -1.54895112e-01 -7.96764791e-02 -5.69981225e-02 -3.38254943e-02
 -5.16212024e-02 -1.25303879e-01  1.19219676e-01 -1.26050264e-01
 -2.80773584e-02 -7.33448714e-02 -3.83246168e-02 -2.25857645e-03
  1.83419451e-01  3.94281931e-02 -6.85898811e-02 -1.35532171e-01
 -2.40045920e-01  8.86956453e-02 -6.26580715e-02  6.56617582e-02
  1.72869265e-02 -1.71298888e-02  5.49604371e-03  1.69251654e-02
 -3.74611989e-02  8.64595268e-03  1.93262741e-01 -1.13502897e-01
 -9.41622853e-02 -2.34700218e-02 -6.59176633e-02  7.63012692e-02
 -9.83560234e-02 -5.58922924e-02  3.29343863e-02 -1.09696388e-01
 -8.62028450e-04 -8.26318488e-02  1.01988971e-01  8.49968791e-02
  6.53051510e-02  2.48362552e-02 -5.13461977e-03 -6.13729060e-02
  1.63483378e-02 -1.29853850e-02 -7.77774304e-03  3.92597355e-02
 -1.74399897e-01 -2.15129927e-01 -1.21255808e-01 -1.40483871e-01
  1.77021042e-01  1.40093505e-01  9.79283545e-03 -2.25378051e-02
 -1.91365350e-02  7.90868178e-02 -9.20591652e-02 -6.88357204e-02
  1.04711935e-01 -1.22365505e-01  9.60214064e-03  1.20032884e-01
 -2.44083703e-02 -1.70432106e-01 -1.13385983e-01 -1.16291158e-02
  2.92349812e-02  1.01184346e-01 -1.02211051e-01  1.39025062e-01
  3.36140185e-03  9.53812432e-03  1.75742522e-01 -8.59234706e-02
 -6.88321292e-02 -6.66719750e-02 -1.42356856e-02  4.00086641e-02
 -2.39926167e-02  1.61688998e-02 -1.15982361e-01  1.43025592e-01
 -4.32697881e-04  3.39795128e-02 -1.69915933e-04 -7.20443204e-02
 -1.85931861e-01  1.18410982e-01  8.75136349e-03 -6.06950521e-02
 -3.70057859e-02  5.91546334e-02 -1.18549302e-01 -1.69907380e-02
  3.16254459e-02  1.58389896e-01  2.86094425e-03 -6.72673360e-02
  7.42674395e-02 -1.04111336e-01 -2.23031491e-02  1.53777927e-01
 -7.78841674e-02 -8.63258168e-02  1.53221572e-02 -1.58352614e-03
 -2.38016639e-02  2.06375107e-01 -1.45013472e-02 -1.60108194e-01
  3.34738381e-02  7.67251328e-02  2.37271011e-01 -1.05834618e-01
 -3.71329747e-02 -2.73051023e-01  7.23645240e-02 -2.23229676e-01
 -3.29457410e-02  3.62865329e-02 -3.49145271e-02  3.72543246e-01
  1.18727840e-01  8.35024491e-02 -8.06477480e-03 -1.11708410e-01
 -4.54155058e-02  1.10855503e-02 -1.36360005e-01 -3.04977093e-02
 -3.64099406e-02 -2.18697682e-01 -6.45610392e-02  9.06840339e-02
  3.02819740e-02 -1.68504808e-02 -1.07386269e-01  5.45043088e-02
 -8.18173811e-02 -1.01477034e-01  3.50062512e-02  1.72740608e-01
 -8.49763490e-03 -2.49042995e-02  1.98610295e-02  1.65818900e-01
 -3.05415262e-02 -2.13528275e-01  1.06586583e-01  1.14726774e-01
  1.30167812e-01 -3.10360454e-02  1.16441295e-01  1.43453136e-01
  1.89142115e-02 -5.90095334e-02 -9.54566225e-02  1.68426991e-01
 -1.04522333e-01 -2.10202318e-02 -1.55251503e-01 -2.05362197e-02
 -3.96577306e-02 -4.54310179e-02  1.09737985e-01  6.70973733e-02
  1.33756511e-02  1.57356299e-02  1.59404621e-01  1.33156143e-02
  1.83523625e-01  3.31951044e-02  9.45511833e-02 -1.67357158e-02
  6.38573170e-02  8.08027536e-02  1.50418133e-01 -1.83633983e-01
  2.34908257e-02  7.77516589e-02 -2.41615456e-02 -1.06928781e-01
 -3.25865299e-02  8.24755952e-02  3.22614193e-01  1.95243470e-02
  2.57525116e-01  1.17552683e-01  5.94222322e-02 -9.58334282e-02
  7.08108917e-02 -9.79223624e-02 -4.73776050e-02  1.25570610e-01
  2.08276585e-02 -4.71226946e-02 -1.20826058e-01  1.51256502e-01
 -1.66105643e-01 -1.34661034e-01 -1.70520693e-02 -6.84618428e-02
  7.78004667e-03  9.22211036e-02 -1.21568829e-01 -5.37921339e-02
  3.28656323e-02 -2.23027472e-03  1.25341713e-01  1.78027824e-02
 -6.23198226e-02  5.30462712e-02 -2.94136610e-02 -9.16861743e-02]