http://erau.edu/ontology/meme.owl#RunItsGodzillaMeme
[-8.49701017e-02 -1.63481548e-01  2.61795730e-03 -7.40931854e-02
 -7.03719407e-02 -5.29132737e-03  1.22397110e-01  2.69877203e-02
 -3.08492761e-02 -2.93759182e-02  1.37897447e-01 -6.87877759e-02
  7.69523531e-02 -5.17537035e-02 -1.53927878e-02 -5.72297610e-02
  1.75560471e-02  1.46174654e-01  9.92689282e-02 -1.43292537e-02
 -1.95082083e-01  1.14172705e-01  1.36559233e-01 -1.32239535e-01
  1.72975920e-02  7.22807422e-02  3.24426740e-02 -1.05019264e-01
  2.80515730e-01  1.15014702e-01 -3.37503478e-02  5.30673042e-02
 -8.26620776e-03 -7.65082389e-02 -6.02518618e-02  1.81626484e-01
 -6.26974413e-03  9.88323614e-02 -6.34217933e-02 -2.26596937e-01
  7.77126700e-02  1.02157980e-01 -1.27413496e-01 -8.36317707e-03
  2.77654901e-02 -3.22971530e-02  4.82390448e-02  3.10140420e-02
  6.07141666e-02  1.15849204e-01 -1.06496655e-03 -8.23795646e-02
 -6.32451698e-02 -1.39908254e-01  5.25724282e-03 -6.46727681e-02
  9.75601971e-02 -1.38066690e-02  1.09278470e-01  1.26945317e-01
 -1.81154758e-01 -4.11419757e-02  7.88275003e-02  6.39004856e-02
 -2.01060817e-01 -8.28138087e-03 -1.36080980e-02  3.42494081e-04
 -2.96955165e-02 -1.43467024e-01 -9.89336967e-02  8.95466655e-02
 -1.60278026e-02  1.63633116e-02  4.84194383e-02  7.44209960e-02
 -1.21375971e-01  4.95016649e-02  1.26372024e-01  5.18586338e-02
 -1.46479070e-01 -4.86341193e-02 -3.50760184e-02 -1.86260149e-01
 -1.96848717e-02 -5.66596687e-02 -2.76146643e-02  9.64436382e-02
  5.52711077e-02  5.51104881e-02 -1.18176891e-02 -2.07839042e-01
  1.02186762e-01 -2.57298537e-02 -1.29979566e-01  3.66614871e-02
 -2.75840815e-02  1.04724448e-02  7.11892396e-02 -3.41538824e-02
  8.52347463e-02  7.28606358e-02  1.80201307e-01 -1.09379008e-01
  1.85303827e-04 -4.17642295e-02  1.66673288e-01 -3.13392468e-02
  3.09033524e-02 -1.40349194e-01  1.52729894e-03 -1.94932893e-02
 -1.01400718e-01 -9.21624973e-02  1.02766044e-01  2.86551230e-02
 -2.09404647e-01 -2.38411963e-01  5.48143014e-02  8.96206498e-02
  4.29916307e-02 -1.34499431e-01 -3.45449559e-02 -1.59426555e-02
 -9.22828075e-03 -9.10643563e-02 -1.21943150e-02 -8.21185240e-04
  7.01626539e-02  2.83386707e-02 -1.02908894e-01 -7.12044984e-02
  5.46883531e-02 -9.01620388e-02 -1.19193450e-01  1.57039165e-01
 -4.25073840e-02 -1.46905124e-01 -7.32198209e-02  3.06342151e-02
 -2.23676741e-01 -4.54909094e-02 -2.35638935e-02  8.02755207e-02
  1.17768206e-01 -1.50216639e-01  8.48502293e-02 -1.64913595e-01
  3.29483621e-04  1.76972687e-01 -1.77910142e-02 -9.12996009e-02
  5.56133352e-02  5.65026402e-02 -5.70892543e-02  4.04417217e-02
 -1.28780872e-01  2.40746349e-01 -2.15327414e-03 -7.66189098e-02
  2.35360432e-02 -5.17125130e-02  2.19237581e-02  2.13600770e-02
 -2.22365618e-01 -1.42773136e-01 -4.83226962e-02  9.91708040e-02
 -2.07225129e-01  1.12147599e-01  3.65170464e-02  1.22373462e-01
  2.06696391e-01  1.75212249e-01 -6.68878928e-02 -6.22073412e-02
 -6.01994805e-02 -3.20653655e-02  1.48084223e-01 -2.54965927e-02
 -9.94866937e-02  3.52104716e-02  7.22258165e-02  8.60722456e-03
 -9.15747657e-02  1.46462843e-02 -1.11623503e-01  5.17363474e-02
  2.51796752e-01 -3.80394496e-02  5.77041470e-02 -6.04394190e-02
 -1.77324146e-01 -5.59081025e-02 -4.32905033e-02  1.28981441e-01
  1.00390941e-01  1.23902529e-01 -4.93930578e-02  1.36331134e-02
  3.78134064e-02 -2.94143986e-03  7.45421499e-02 -9.33895409e-02
 -9.01745409e-02 -9.24367309e-02  1.51269417e-02 -1.49359498e-02
  2.87689008e-02  7.22955689e-02  1.38512999e-01  1.39935508e-01
  1.68795846e-02 -6.19804226e-02  2.13203486e-02 -4.40433733e-02
 -1.73505709e-01 -1.08915247e-01  4.68669878e-03  9.56067294e-02
  1.88476875e-01  5.90871051e-02 -1.01797707e-01 -4.04115627e-03
  2.31783884e-03  3.70434858e-02 -1.23806946e-01 -5.74886939e-03
 -6.00356981e-02  6.37799641e-03  5.84457368e-02  9.54424962e-02
 -6.09972626e-02  1.66571364e-02 -4.82019130e-03  6.31693080e-02
  6.26487136e-02 -8.56912211e-02  1.77721754e-01 -9.53056142e-02
  2.09333903e-05 -5.97662218e-02  1.37522677e-02 -5.53387292e-02
 -2.32223019e-01 -1.64548699e-02 -1.40577286e-01 -5.90083599e-02
 -4.90924828e-02 -8.92042816e-02  7.84605928e-03 -5.28683327e-02
  1.54880002e-01 -2.22943611e-02  1.30520225e-01 -2.59967558e-02
 -3.47041227e-02  1.18461065e-02  1.28219128e-02  6.58745170e-02
 -1.07560851e-01 -5.96744195e-02  3.97686884e-02  1.36979874e-02
 -3.04824095e-02 -1.39002547e-01 -4.18495908e-02 -1.17065303e-01
  7.63031989e-02 -8.38350207e-02 -5.23143783e-02 -3.82593051e-02
 -2.05644444e-02  1.36276707e-01  1.91451892e-01 -1.42671406e-01
  8.44598040e-02  3.32653560e-02 -7.58355707e-02 -3.57611775e-02
  1.09618522e-01  4.96738553e-02 -2.44917758e-02 -3.53559963e-02
 -1.54967532e-01  1.11440748e-01 -8.09242800e-02  1.30815962e-02
 -1.48293385e-02 -8.53769258e-02 -4.10627155e-03 -6.50522113e-02
  3.12950835e-02 -7.36354738e-02  8.17852691e-02 -2.90125199e-02
  1.48685530e-01 -2.08914131e-02 -2.04096794e-01 -1.58912972e-01
 -1.84322506e-01 -4.00461555e-02  5.08806892e-02  1.57821521e-01
 -1.72427297e-02 -6.14453899e-03  2.59842873e-01 -4.85680364e-02
  5.31457849e-02  1.32710570e-02  1.40791193e-01 -2.50759751e-01
  3.48253809e-02  4.45708483e-02  1.51711050e-02  3.71057801e-02
 -1.07975518e-02  6.08032309e-02  4.25353050e-02 -7.66179785e-02
  8.11918452e-02 -1.97351500e-01  1.64253101e-01  1.76731959e-01
 -8.72262195e-03  1.03513282e-02 -2.19774231e-01 -9.85709056e-02
  1.13320649e-01 -4.09507416e-02 -3.63831073e-02 -3.05460785e-02
  1.22209713e-01 -5.60004823e-02 -2.91431677e-02 -2.60402292e-01
  9.95423794e-02  1.34718984e-01 -3.01400516e-02  1.46517605e-01
  3.35357860e-02  4.22537364e-02 -6.59839213e-02 -4.93570305e-02
 -1.53140649e-01  6.01116940e-02 -1.31361917e-01  5.75954132e-02
 -5.73101155e-02 -1.63418472e-01 -6.18915707e-02  1.28123173e-02
 -1.97406381e-01  2.56770879e-01 -1.56421885e-01  1.35728329e-01
  2.10436024e-02 -2.02031940e-01  2.85479665e-01  3.10308728e-02
 -1.11743279e-01  2.35714540e-01 -7.80630782e-02 -4.30870019e-02
  4.89151776e-02 -9.96204168e-02 -7.35960305e-02 -1.61476824e-02
 -7.65800104e-02  4.42045778e-02 -2.09381357e-02  1.06850369e-02
 -2.03257829e-01  1.88571289e-02  3.79169583e-02  1.16179762e-02
 -1.02208205e-01  7.81871676e-02 -5.84166264e-03 -1.17647156e-01
  9.10900980e-02  2.39681631e-01 -1.48832768e-01 -7.86800906e-02
  1.81384921e-01 -1.24371961e-01 -8.37069377e-02  1.43928424e-01
 -1.54769883e-01 -1.18114136e-01 -1.89591527e-01  1.26559913e-01
 -1.20848246e-01  2.75861084e-01 -4.22317721e-02 -2.33931080e-01
  1.12778805e-01  6.61474317e-02  1.95211127e-01 -8.60928372e-02
 -7.26066390e-03 -6.04029782e-02 -4.01966795e-02 -1.80447266e-01
 -4.66115400e-02 -4.29046154e-02  6.97342008e-02  2.53007770e-01
  1.10216096e-01  6.37563840e-02  2.86305070e-01 -1.49187610e-01
 -2.05747932e-01 -1.03549026e-01 -4.54790443e-02  1.04003958e-01
 -3.98736410e-02 -9.48375612e-02  1.10565368e-02  2.38932129e-02
  1.61475495e-01  7.02134240e-03 -8.54279771e-02  4.91314903e-02
  1.45018864e-02 -2.30891034e-01 -1.24420926e-01  4.32859622e-02
  7.96523839e-02 -7.02458471e-02  2.94473208e-02  2.42148146e-01
  7.18453228e-02 -5.11920303e-02  5.59363700e-03  2.17501447e-01
 -1.80751625e-02 -3.92886437e-03 -3.18389561e-04  1.30654931e-01
 -9.05291177e-04  3.91930155e-02 -9.75515172e-02  3.02309304e-01
 -2.23362342e-01 -2.91954353e-02 -1.14247113e-01 -1.62110016e-01
 -2.54100990e-02  1.43860042e-01  1.08603254e-01  5.74388215e-03
  3.28317769e-02 -2.59953309e-02  1.50833845e-01  7.56443813e-02
 -2.64535602e-02  7.35738799e-02  1.38170317e-01 -1.30336344e-01
  1.68441609e-01  6.27237931e-02  8.72642845e-02 -6.86299577e-02
  1.12035926e-02  1.89930886e-01 -1.14882573e-01 -2.05124140e-01
 -6.29729852e-02 -3.96954678e-02  3.07671987e-02 -1.07698686e-01
  1.66827112e-01  1.24755017e-01  4.13105935e-02 -2.55927414e-01
  1.34294063e-01 -1.70096532e-01  4.15386036e-02  7.36358166e-02
  3.30139068e-03 -9.67736449e-03 -1.23987399e-01  2.24116594e-01
 -1.13284603e-01 -1.52739480e-01 -4.96791527e-02 -5.20788413e-03
  9.19738188e-02  1.16963290e-01 -5.05906232e-02  3.23500708e-02
  3.43312547e-02 -9.03180614e-03  1.54740438e-01 -2.63097510e-02
 -1.27066299e-02 -1.74825877e-01 -1.90857612e-02  1.60342023e-01]