http://erau.edu/ontology/meme.owl#COMBOBREAKERMeme
[-0.15540324 -0.23406233  0.05841087 -0.04983251  0.01647435  0.03592701
  0.28762874 -0.00993776  0.03390294 -0.2106497   0.1613599  -0.20430613
  0.11056313 -0.10283456  0.00674636  0.0907647  -0.07378414  0.1868536
  0.10625201  0.17274094 -0.02024538  0.11780375  0.14704075 -0.15116215
  0.0427849   0.12250513  0.13108289 -0.0931709   0.1977398  -0.06467117
 -0.02894748  0.13641888 -0.10182171 -0.13162436 -0.09773101  0.2759465
 -0.13115671  0.08754564  0.0870958  -0.15678453 -0.08990643  0.12978491
 -0.18582304 -0.11657766  0.15090364  0.00232811 -0.02149267  0.07315461
  0.00533377  0.05990904  0.10227399 -0.07585631 -0.14413281 -0.11842527
  0.07713925 -0.06630097  0.05044047  0.00481045 -0.04068028  0.00106264
 -0.15313298 -0.1412236   0.09263019  0.01350002 -0.2549566  -0.14518054
 -0.060657   -0.11568378 -0.18035084 -0.19378395 -0.13384269  0.13477565
  0.01965989  0.02686629 -0.01197965  0.12408766 -0.17576459  0.04163372
  0.30006957  0.12470116 -0.02313801  0.04911539 -0.05873622 -0.2794198
  0.0671     -0.09298512 -0.14247338  0.10522287  0.10786764 -0.04178647
 -0.07005877 -0.29680914  0.28874406 -0.06393974 -0.04813229  0.01103275
  0.12457906  0.05115487  0.01869172 -0.09377942  0.1185741   0.02547917
  0.29462898 -0.08869469  0.1393311  -0.11016217  0.30066684  0.02245879
  0.03667535 -0.09759264  0.00403777 -0.01408274 -0.2930099  -0.0945944
  0.09286498  0.23466083 -0.26758194 -0.13295287  0.08646201  0.05531593
  0.03640223 -0.14041509 -0.00264221  0.11510296  0.06134357 -0.0154207
 -0.00859586 -0.02005153 -0.0222261   0.01763386 -0.25385845  0.03292161
  0.02851557 -0.03712237 -0.09030137  0.05917193 -0.13724068 -0.10489739
 -0.03780139  0.11642729 -0.22504596 -0.08895062  0.02264465  0.03608586
  0.06056735 -0.1627002   0.11586373 -0.16801918  0.12652019  0.32117888
 -0.01370086 -0.17557387  0.12226503  0.138555   -0.22784601  0.01275495
 -0.11164477  0.21934073  0.10853633  0.00290779 -0.01185055 -0.22039868
 -0.1259987  -0.06098821 -0.08296245 -0.29998687 -0.05736675 -0.06367552
 -0.36180258  0.01616062  0.01039534  0.14803916  0.16787454  0.10962717
 -0.0702044  -0.06964479 -0.03991619 -0.1307079   0.21010108 -0.03640662
 -0.02262965  0.06679855  0.155998    0.040236   -0.04681848  0.02574711
  0.09046409  0.03297042  0.3034314  -0.08184149 -0.01119245 -0.10893553
 -0.32555813  0.05736776 -0.0794545   0.06425766  0.0327482   0.25277686
 -0.16405672 -0.03831396  0.09761062 -0.01571075  0.14111508 -0.15724455
 -0.0254355  -0.11717357 -0.05326576  0.02552117  0.08714989  0.13184898
  0.33465496  0.00705919 -0.01476249 -0.05191657  0.12905696  0.0844733
 -0.17006677 -0.00091368  0.03039329  0.16270533  0.2942916   0.19314867
 -0.08670343  0.09423526 -0.17207098  0.00491333 -0.18691248 -0.13152184
 -0.01329933 -0.01444424  0.02260796 -0.06768958 -0.13440908  0.13295367
  0.1377773   0.05497834 -0.15308729 -0.04126618  0.17698118 -0.11792664
 -0.1133107  -0.06716375  0.01460508 -0.05197048 -0.13210328  0.01727532
 -0.28098735  0.02163322 -0.2154222  -0.10614152  0.04519652 -0.08524033
  0.18099123  0.0141714   0.1632888  -0.09429292 -0.07908398 -0.01333755
 -0.01879579  0.07450714 -0.02434129 -0.13719559 -0.08260094 -0.02221304
 -0.03636062 -0.27264854  0.07475155 -0.03308563  0.13507417 -0.00225091
  0.06744726 -0.10942608 -0.17656146  0.14621997  0.166793   -0.08029005
  0.11132647  0.00143052 -0.06669015 -0.05540299 -0.03371674  0.07763805
 -0.05258144 -0.11581134 -0.16795208  0.0401649  -0.07469286 -0.04145095
 -0.1191235  -0.22458938  0.03612044  0.10065143 -0.02245875 -0.07988379
  0.01978039  0.06949302  0.2216968   0.06656892 -0.01553886 -0.22710481
 -0.13689002 -0.03101406  0.07094325  0.12994707 -0.06755625 -0.13262655
  0.32455412 -0.08708727  0.0947836   0.0129385   0.09548844 -0.16712388
  0.04233624  0.14893445 -0.0853532   0.0870543   0.02244879 -0.03983452
  0.06447528 -0.10111525  0.09380814 -0.2948574   0.14189598  0.14063929
  0.0523974  -0.10649975 -0.23859806 -0.06491093  0.15143913 -0.02149289
 -0.07201046  0.14206709  0.1324467   0.00086468  0.00676898 -0.11363044
  0.13884102  0.02825236  0.00059533  0.04321661 -0.02300948  0.10265975
  0.07184421  0.06269834 -0.02973713  0.00397355 -0.15661786  0.01212308
 -0.02742576 -0.0435243  -0.02018874  0.08013901 -0.14898174  0.13504909
 -0.14619927  0.11886889 -0.02737251 -0.10469163  0.10159935  0.06505795
 -0.12860525  0.02327709  0.05135934  0.00773919  0.08584191 -0.09623442
 -0.0198941   0.05772461  0.03981739  0.09063359 -0.02263223  0.05476608
 -0.08379471 -0.08145188  0.09312698  0.02945615 -0.07034642 -0.10904675
 -0.02558104 -0.10563806 -0.07407151  0.02010336 -0.01179811 -0.03964676
  0.14589776 -0.0553058  -0.02723363  0.06180117 -0.10209513 -0.00299701
 -0.10440067  0.0518472   0.06079715  0.12703727 -0.0031996  -0.10122722
  0.01689035  0.05658539 -0.0109095  -0.05952559 -0.03139205  0.01861651
  0.14597993 -0.03655204  0.06411711 -0.05976211  0.00963003 -0.0441432
 -0.02677461  0.17406854  0.13688008 -0.06594436 -0.23461649 -0.04525113
  0.02422308 -0.13998035 -0.04542139 -0.0725676   0.03991128  0.06806876
  0.04159348 -0.07327747  0.03601984  0.16801882 -0.05329366 -0.10499462
 -0.04594453 -0.05844462  0.03853559 -0.15505597  0.02781445  0.23944554
  0.05799289 -0.06660441  0.02317815  0.09979198  0.04301194 -0.01398797
  0.03797345  0.11699683  0.08822788  0.14576189 -0.25327045  0.25009352
 -0.30685955 -0.13963547 -0.2288253  -0.1252273  -0.13743472  0.09767155
  0.07356615  0.12294215  0.07453059 -0.02155581  0.08936989  0.03176021
  0.1000341   0.03528639  0.10092356 -0.02526381  0.07718936  0.01086438
  0.10902159 -0.18035562 -0.01821748  0.09711178 -0.05900314 -0.13172361
 -0.02039073  0.02588114  0.12739068 -0.06965938  0.16872811  0.16814208
  0.00562694 -0.08498199  0.15237531 -0.16856624 -0.01186433  0.08616696
 -0.08381205  0.01204472 -0.25117385  0.22467625 -0.12562206 -0.248291
  0.13808304  0.00481004 -0.00067835  0.25552788  0.06667002  0.0859854
  0.00083923  0.1532517   0.11255047  0.02119503  0.00894253 -0.05346989
  0.02150781  0.105482  ]