http://erau.edu/ontology/meme.owl#vMeme
[-9.47766844e-03 -2.14451045e-01  1.98696926e-02 -3.63752916e-02
 -1.48139917e-03  1.64056823e-01  7.78371617e-02  1.87465008e-02
 -5.90322306e-03 -9.50540006e-02  7.35382885e-02 -5.54284193e-02
  6.78076595e-02 -6.16562515e-02  3.62637602e-02  5.77980094e-02
 -3.07728816e-02  1.33520871e-01  4.17186879e-02  8.78706649e-02
 -1.23170562e-01  3.81867681e-03  4.57061902e-02 -4.27824631e-03
  9.74773392e-02  5.19698635e-02 -2.10086815e-02 -1.36066740e-02
  1.16868407e-01  2.84891315e-02  7.61672184e-02  1.61493778e-01
  2.72720177e-02 -9.08727646e-02 -4.64395173e-02  2.49281436e-01
  2.73641776e-02  4.41433415e-02 -6.10320419e-02 -2.17922568e-01
  7.46632293e-02  1.23080604e-01  1.51444254e-02 -7.56060034e-02
  1.02666423e-01  2.70062834e-02  1.50912488e-02 -2.82711592e-02
 -1.59552529e-01  8.20163190e-02  2.66151354e-02 -4.21296358e-02
 -1.36705354e-01 -7.03969896e-02 -1.10657856e-01  2.11191401e-02
  1.64212927e-01 -1.23369582e-01  2.74649989e-02  4.60925624e-02
 -1.85566228e-02 -6.55335234e-03  8.01121742e-02  6.06609844e-02
 -1.59095183e-01 -1.59134701e-01  3.55588980e-02 -1.20904043e-01
 -1.14242628e-01 -1.12897448e-01  1.38809429e-02  9.35345292e-02
 -3.11851725e-02  8.49353448e-02 -1.24369627e-02  1.54509634e-01
 -1.28957599e-01  5.36397845e-02  1.36045098e-01  1.43490061e-01
 -5.11721820e-02 -1.85796397e-03 -4.21559699e-02 -2.16912344e-01
  1.25262827e-01 -7.81158283e-02 -6.79932460e-02  4.48499285e-02
  1.25788108e-01 -9.25627723e-02  9.48842242e-03 -2.63239473e-01
  1.23854697e-01 -1.45265907e-01 -5.94740957e-02  3.16069014e-02
  1.34904822e-03 -7.04646693e-04  2.50754468e-02  7.50553310e-02
  2.16051206e-01  1.99826017e-01  3.20101023e-01 -2.01111119e-02
 -6.07393263e-03  6.04687771e-03  1.71732619e-01  7.34471753e-02
  1.05349496e-01 -1.04823850e-01  1.68913335e-03  3.22402529e-02
 -1.31074041e-01 -1.86470784e-02  1.04967438e-01  1.46337956e-01
 -2.44740486e-01 -2.24914700e-01  2.47997455e-02 -1.71846524e-02
 -1.87318008e-02 -5.10349013e-02 -5.21107204e-02  1.34855792e-01
  7.03848377e-02 -1.03992432e-01  7.06162602e-02 -7.41239730e-03
 -9.15805176e-02 -2.55883150e-02 -3.56341094e-01 -6.98915869e-02
 -3.63862589e-02 -8.46116766e-02 -2.10150871e-02  8.81179199e-02
 -1.82216734e-01 -6.10728674e-02 -6.48170933e-02  7.74871409e-02
 -2.61142284e-01  2.17743274e-02 -1.08586820e-02  1.66663732e-02
  1.91097185e-01 -1.60291687e-01  7.53296958e-03 -2.02090308e-01
 -8.33882838e-02  1.41551688e-01 -4.80480790e-02 -1.26948997e-01
 -2.38567777e-02 -6.24548923e-03 -1.13045745e-01  2.91479584e-02
 -1.29120559e-01  2.06324115e-01  3.69484574e-02 -8.53275508e-02
  1.06460318e-01 -1.98886558e-01 -1.08068623e-02 -9.59300622e-02
 -2.15551972e-01 -1.75469220e-01  2.42302977e-02  4.45926301e-02
 -3.36242259e-01  9.78346467e-02 -6.36123270e-02  1.86065093e-01
  2.84976035e-01  1.82519987e-01 -3.95253152e-02 -1.00381769e-01
  1.90529693e-02 -7.75537416e-02  1.83785975e-01 -8.83052796e-02
 -1.38861910e-01  8.66509378e-02  2.03318983e-01  4.87104878e-02
 -2.03168496e-01 -3.28691676e-02  3.66865210e-02  1.23802826e-01
  2.14325503e-01 -5.64168245e-02  3.54295187e-02  4.45826096e-04
 -1.70725942e-01  3.07373255e-02 -1.33902989e-02 -4.35322616e-03
 -5.26590496e-02  1.27049059e-01 -1.27139926e-01 -2.72349287e-02
  4.84075025e-02  8.24845061e-02  2.53960211e-02  1.06411062e-01
 -4.68426384e-02 -1.35658696e-01 -4.06265892e-02 -6.09825104e-02
  2.12763816e-01  8.35340470e-02  2.79098630e-01  2.95511360e-04
  2.87357997e-02 -3.37836966e-02  1.16834491e-01 -2.12297365e-02
 -5.17284572e-02 -4.93353866e-02  2.28374340e-02  1.00610338e-01
  6.95978031e-02  2.91211843e-01 -4.77363095e-02  1.76617578e-01
 -2.63917558e-02  2.01735087e-02 -7.86100030e-02 -6.96828514e-02
 -6.54328838e-02 -2.15275232e-02  3.62919155e-03  2.74660974e-03
 -8.42251554e-02 -1.16492718e-01  3.44926193e-02  9.21123400e-02
 -4.19133268e-02 -1.46694528e-02  2.20015422e-01 -6.97944835e-02
 -1.38723344e-01 -6.24624901e-02  3.31577919e-02  2.74602487e-03
 -1.98242277e-01 -8.53502154e-02 -1.96361139e-01  9.82078835e-02
 -1.14346854e-01 -5.32286651e-02  5.47190197e-02 -3.61675909e-03
  9.06838104e-02  3.64201032e-02  2.60747820e-01  1.67396385e-03
 -1.20162599e-01  7.37449108e-03  2.70542894e-02  3.16129699e-02
 -1.50347918e-01 -1.34504467e-01 -2.26520393e-02 -6.59805015e-02
 -6.90872669e-02 -2.74407119e-01  1.28048092e-01  6.15339987e-02
  9.95342135e-02 -6.69686422e-02 -4.80332337e-02 -1.43668920e-01
 -9.29656699e-02  1.00825004e-01  8.85558873e-02 -8.15711990e-02
  1.54546246e-01 -5.95103996e-03 -2.96700522e-02 -2.52069682e-02
  5.37334010e-02  7.06311390e-02 -1.06189452e-01 -1.00836806e-01
 -1.10612392e-01  2.70176567e-02 -1.54187113e-01 -1.03841655e-01
 -1.06215500e-03 -7.40061998e-02  7.60870799e-02 -9.99622513e-03
 -2.89403927e-02 -4.25949879e-02  2.04304326e-02 -2.86395568e-02
  8.96231905e-02  1.42558366e-01 -1.05729878e-01 -1.16203777e-01
 -2.90068120e-01  2.97590960e-02  7.20371827e-02  5.26470207e-02
  4.88895886e-02  5.44066890e-04  2.44908422e-01 -7.40830088e-03
 -3.53918620e-03  2.94068921e-03  1.00037947e-01 -1.89049318e-01
 -5.47174178e-02 -1.42283589e-02 -2.07719848e-01  8.06582440e-03
 -3.06723788e-02 -5.69176935e-02 -3.41159897e-03 -9.26265121e-02
  2.68020723e-02 -1.03043675e-01  1.60765603e-01  8.86010379e-02
  4.73727509e-02  1.33874655e-01 -1.79588616e-01 -1.09752128e-02
  8.86467993e-02  1.32647306e-02 -1.12675391e-01 -2.99661513e-02
  6.09406643e-02 -1.08289383e-01  9.21438113e-02 -1.90393209e-01
  1.84990242e-01  5.38143143e-02 -2.86279037e-03  8.85498002e-02
 -1.03610824e-03  1.34574533e-01 -2.14537587e-02 -7.41919130e-02
  3.22712250e-02 -2.21062228e-02 -1.03357181e-01 -7.93532804e-02
 -2.42232345e-02 -5.80386370e-02 -3.94601142e-03  5.52999973e-02
 -1.93438053e-01  1.00764923e-01 -1.83631524e-01  9.99415815e-02
  5.55745922e-02 -4.87710722e-02  2.65966237e-01 -8.21703747e-02
 -8.43057036e-02 -1.47060491e-02  2.17810255e-02 -3.52042785e-04
  3.11350618e-02 -1.89169392e-01 -6.80509284e-02  1.16857044e-01
  1.17936850e-01  3.05097234e-02  3.89961875e-03 -7.51675516e-02
 -1.75647542e-01  7.50708580e-02  1.03849679e-01  3.16352732e-02
 -3.17991376e-02  5.90605661e-03 -5.76163679e-02 -1.64303139e-01
  4.87673022e-02  2.14735121e-01 -3.02671399e-02 -1.73030660e-01
  8.13368708e-02  4.53612246e-02 -7.40094781e-02  1.40582994e-01
 -4.18837294e-02 -6.93539251e-03 -6.02738261e-02 -1.27875963e-02
 -2.34255102e-02  1.75442636e-01  3.38594280e-02 -8.38743001e-02
  5.47969341e-03 -6.22559898e-02  1.82660311e-01 -3.15257199e-02
 -4.62301560e-02 -1.50550753e-01  1.32885039e-01 -1.63461156e-02
 -9.65857431e-02  3.22169997e-02 -1.17612109e-01  4.03827466e-02
  6.53095469e-02  1.26285572e-02  1.66531309e-01 -1.39229223e-01
 -1.22200496e-01 -7.93639384e-03 -8.77298117e-02 -2.53444929e-02
 -8.28953534e-02 -7.94763863e-03 -3.62776816e-02  9.07041952e-02
  8.08748007e-02 -1.23647824e-01 -1.69275954e-01  5.81966192e-02
 -2.04141196e-02 -6.20468967e-02  6.00901358e-02  5.70432395e-02
  9.76031497e-02 -2.81862495e-03  9.77458954e-02  1.80906311e-01
  5.56012504e-02 -1.43374369e-01  8.51756632e-02  2.12290913e-01
  9.32128802e-02 -1.54719204e-01 -9.12574381e-02  2.20048070e-01
  2.08796084e-01  7.28833629e-03 -1.30183741e-01  3.44466507e-01
 -2.33268037e-01 -4.63681594e-02 -2.76134372e-01 -8.19844604e-02
 -5.75358160e-02  1.33845150e-01 -1.36873908e-02  1.69344470e-01
  2.21036032e-01 -5.22728898e-02  1.31477043e-01  3.86370718e-02
  2.17372075e-01  3.90719213e-02 -6.75262278e-03  2.26020091e-03
  5.23225367e-02  7.84602761e-02  3.32653448e-02 -3.85666341e-02
  6.41816854e-02  9.51012820e-02 -1.16969936e-01 -1.60384811e-02
  9.80429817e-04  1.48872077e-01  1.63422331e-01  2.24424689e-03
  7.21340925e-02  1.25352636e-01  1.72752589e-02 -1.22372665e-01
  7.71251246e-02 -1.44645661e-01 -1.79860126e-02  1.40793219e-01
 -1.25356928e-01  4.94050514e-03 -8.78594667e-02  1.17003068e-01
 -1.05370916e-01 -2.58545965e-01  3.81489284e-02 -9.11791921e-02
  5.44717163e-03  7.32631385e-02 -4.62878570e-02  3.08176689e-02
 -7.80690685e-02  7.72468150e-02  1.08872011e-01  3.44556533e-02
  8.54282677e-02 -4.20780480e-02  2.19321474e-02 -3.99854593e-02]