http://erau.edu/ontology/meme.owl#WelcomeToTheResistanceMeme
[-0.13205975 -0.13671665 -0.04797888  0.19144827  0.09647068  0.10638599
  0.04349545 -0.0170522   0.03704282 -0.02304171  0.03445263 -0.25764468
 -0.05805344 -0.13583189  0.00915026  0.1302058  -0.08367489 -0.18403193
 -0.15871301  0.16559167 -0.00726772  0.13825646  0.08117836 -0.15930636
  0.01763931 -0.04232064  0.10216974 -0.09820025  0.13292594  0.12314866
 -0.03895562  0.04384156 -0.02450218 -0.02095346 -0.20898214  0.11727324
 -0.06910319  0.04284014 -0.06045625 -0.07327071  0.05510672  0.02586549
 -0.0381881  -0.04866266  0.1402601   0.12801579 -0.06589523 -0.11638416
  0.1215542   0.0626169   0.02554707  0.11052208  0.08564781  0.00525906
 -0.03984494 -0.02618786 -0.01878231 -0.05019324  0.03926218 -0.0860038
  0.1390905  -0.12238923  0.08794907 -0.00435379  0.01675506 -0.11005121
 -0.00232399 -0.04777768  0.00256565 -0.32239276 -0.1391405  -0.00908834
  0.0877251  -0.00612541  0.03942794  0.07014292 -0.06842356  0.13126612
  0.05609658 -0.09214199  0.02713402 -0.00221357  0.05898795 -0.20099811
 -0.00063273 -0.1680471   0.00729863  0.09337636  0.08001935  0.01690027
 -0.08468761 -0.07415227  0.23873195 -0.2049303  -0.00143705  0.04515187
 -0.02025865 -0.05055462 -0.00777552 -0.11628082  0.05900918 -0.02462084
  0.35348392 -0.0024851   0.06156243 -0.04192008  0.08708841  0.00336522
 -0.09009081 -0.05945322 -0.00644829  0.07510278 -0.0415083  -0.17051733
  0.15961921  0.15548976 -0.22243087 -0.0451123   0.01757326  0.01340816
  0.00375973 -0.12453191 -0.06788512  0.02892032 -0.0317683  -0.07782812
  0.05431827  0.01469363 -0.11480494 -0.03388075 -0.13195278  0.0447338
 -0.00583358 -0.12564987 -0.19877408 -0.09631142 -0.17125958  0.07433019
 -0.16968565  0.01738603 -0.08556667  0.00924497  0.04069972 -0.08039342
  0.00071743 -0.2640874  -0.00465608  0.09297878 -0.04009103  0.07044523
 -0.06056415 -0.07972565  0.072789    0.01138181  0.00495743 -0.00201912
 -0.12431307  0.10765244  0.04849561 -0.1326755  -0.02715854 -0.21898958
  0.01087492 -0.12702152 -0.07509033  0.04127726 -0.13752688  0.19030991
 -0.22820552  0.11936146  0.05701441  0.20692235  0.11273605  0.05964528
 -0.03663353  0.05740837 -0.00058548 -0.06767053  0.03740154 -0.06201292
  0.07665349  0.20815608 -0.10848232  0.0994688  -0.04732703  0.03337172
  0.17752016 -0.08891334  0.04180529 -0.10265949  0.14451224  0.11997408
 -0.21828184 -0.03659123 -0.07504489 -0.00176847  0.11394626  0.08945766
  0.00616882 -0.07113688 -0.02027356 -0.08454018  0.09001247 -0.15192662
 -0.20674567 -0.18480794 -0.05232542 -0.04068061 -0.16606236  0.06470267
  0.03623318  0.17134523  0.02765061 -0.17312607  0.11021788  0.19554329
 -0.09292541 -0.01814953  0.2482923   0.00107804  0.22958362 -0.04468371
 -0.13516957 -0.11937974 -0.03719086 -0.05665296 -0.22606021 -0.08627246
 -0.07649546  0.06730337 -0.04254153  0.07871519 -0.19604146 -0.20628427
 -0.00114293 -0.07488369 -0.06801327 -0.11940683  0.01000408 -0.13211067
  0.14839691 -0.1005393  -0.00932401  0.03235219 -0.28435087 -0.0357914
 -0.1675283   0.00583672 -0.06603391 -0.04880862 -0.04299665  0.08375701
  0.08250415  0.20376629  0.26811528 -0.03841827 -0.11426266  0.02044758
  0.14051354  0.03775825  0.03255931 -0.27407876 -0.1493519  -0.09623571
  0.10385083 -0.30319184 -0.10414755  0.13546452  0.05340953 -0.00829219
 -0.07873364 -0.02284236 -0.10817778  0.1922459   0.11774612 -0.0250079
  0.11660042 -0.2128216  -0.13443793 -0.04870568  0.12854479 -0.12777083
 -0.00647465 -0.10508471 -0.13725369 -0.05601672 -0.08655063  0.08972353
 -0.04417212 -0.18891682 -0.06934927  0.03791482  0.09798218  0.13078777
  0.1024222  -0.01319792 -0.09320781 -0.01185627 -0.06985693 -0.10144091
 -0.26426938  0.00447136 -0.06104121  0.17268576  0.04750999 -0.05931999
  0.04370424 -0.03226238 -0.06526123  0.16298747  0.11743528 -0.15437596
  0.01810293  0.11155853  0.02146386  0.09924841  0.00533698  0.11697397
 -0.1092153   0.01344326  0.20888141 -0.15908338  0.15490308  0.11092553
 -0.05579434  0.02563482 -0.09099461  0.01510775  0.06835739 -0.06846924
 -0.00853411  0.09673994  0.08745036 -0.15619038 -0.16845514 -0.2889425
  0.09586899  0.01306508 -0.1521332  -0.02593822  0.03959177 -0.03513651
  0.10337872  0.0539714  -0.1489879  -0.03754709  0.04403028  0.06299052
  0.00810657 -0.09674542  0.04285672  0.12504554 -0.06112725  0.26514053
 -0.20549394  0.06604524  0.09699791 -0.03620249  0.12172807 -0.0936695
 -0.11186721  0.11971775  0.17319591 -0.15860122  0.08204045 -0.01545885
 -0.02380887  0.09571038 -0.04952027  0.04498228 -0.03048609 -0.02097353
 -0.26357016  0.05048433  0.18939196 -0.02908042 -0.2052202  -0.01634758
 -0.07320135 -0.1405447   0.09763554  0.08654762 -0.05317368 -0.1600087
  0.12287401  0.02289952 -0.17402817  0.15172343 -0.12773861 -0.2912874
 -0.08687881  0.18099624  0.10619961  0.28356856 -0.19973852 -0.22745727
 -0.05138604  0.00820301  0.32647184 -0.02638486 -0.07708142 -0.11504392
  0.09170269 -0.3893796  -0.2141707   0.08409616 -0.05920676  0.4597192
  0.2148524   0.18195356  0.04094749 -0.21356654 -0.11854167 -0.02455436
 -0.06064941  0.01339271 -0.13635732 -0.13085178 -0.0215706   0.30690163
  0.02083103  0.10043821 -0.21469986  0.11403782 -0.03146035 -0.14159161
 -0.13005301  0.24271648  0.25818014 -0.12999521 -0.06095155  0.37171963
  0.00850739 -0.13635755  0.26527384  0.28310436 -0.05285253 -0.22819957
  0.10197288  0.13519181  0.23177882  0.09982564 -0.13784726  0.34420335
 -0.3758271  -0.25977233 -0.35219267 -0.0860698  -0.19758122  0.2288067
  0.13553943  0.2486969   0.24205193 -0.13938457  0.3236182  -0.06887584
  0.08545969  0.10802875 -0.00163185  0.01076892  0.29801807  0.11644358
  0.09486347 -0.2443836  -0.10691404  0.143404   -0.1754609  -0.17428197
 -0.07443113  0.05590582  0.27297482  0.06798775  0.18871857  0.3659433
  0.14637777 -0.14159432  0.2407855  -0.15225343 -0.09852562  0.14716719
 -0.10687642  0.01468825 -0.14267105  0.40634134 -0.01797697 -0.21936785
  0.01371939  0.01910341  0.07426521  0.00190385 -0.17338267 -0.01703026
  0.03187427  0.01131286  0.01977024 -0.07805675 -0.25094986  0.04945004
  0.11620498  0.16045728]