http://erau.edu/ontology/meme.owl#AdiosEspaaMeme
[-9.65998992e-02 -1.38960853e-01 -3.47856879e-02  1.39866695e-01
 -1.64708663e-02  1.29935935e-01  1.06877014e-01  7.77056953e-03
  7.71498606e-02 -1.40669078e-01  6.95342151e-03 -1.08806916e-01
 -6.41212612e-02 -5.90424649e-02  4.95429635e-02 -4.15786132e-02
 -3.77536602e-02  6.55322447e-02 -1.71899963e-02  1.63293481e-02
 -2.22446367e-01  1.68114528e-01 -2.85043046e-02 -3.93764451e-02
  6.91716000e-02  2.97738519e-02 -1.50444396e-02 -4.50757742e-02
  2.64320642e-01  1.91782504e-01  1.55158013e-01  6.07135966e-02
  1.52367175e-01 -3.46427299e-02 -1.41057149e-01  1.67196587e-01
  4.38372158e-02  9.07523334e-02 -6.49170056e-02 -1.14515863e-01
  3.93830463e-02  2.12957159e-01 -1.92519814e-01  9.23881382e-02
  9.90777165e-02 -8.34417641e-02 -9.44233686e-02 -2.40409255e-01
  1.47029078e-02  9.11892727e-02  3.03838458e-02 -1.88859049e-02
 -1.32829770e-01 -2.15650111e-01 -7.30421394e-02 -4.06764522e-02
  9.80269909e-02 -1.18965112e-01  1.26523823e-01  6.00002483e-02
  3.24721374e-02 -6.07299842e-02  5.99621013e-02  5.44117242e-02
 -9.19618756e-02 -1.04985982e-01 -1.39130652e-01 -4.21346873e-02
 -1.21155985e-01 -1.26851022e-01 -1.58529162e-01  1.14609292e-02
 -1.78721491e-02 -3.19468491e-02  1.62452862e-01 -2.27725916e-02
 -3.05030406e-01 -6.33471087e-02  1.10952593e-01 -1.16197057e-01
  1.91093832e-02  1.39832115e-02  1.38528524e-02 -1.84345245e-01
  1.83458533e-02 -8.86839256e-02 -1.97133243e-01 -1.39720812e-02
  8.15265253e-02  1.87508296e-02 -6.29970059e-02 -2.33151540e-01
  9.69148765e-04 -1.39521450e-01  1.13181518e-02 -1.25128701e-02
 -7.93000311e-02  4.96507287e-02  2.83358432e-02  1.13959797e-02
  1.77759945e-01  2.43808970e-01  4.44361180e-01 -5.46696270e-03
  4.93514948e-02 -4.63464037e-02  1.50760233e-01 -6.84721321e-02
 -8.50819945e-02 -1.50897413e-01  7.01491460e-02  8.39503389e-03
  7.04306737e-02 -8.78698677e-02  8.17265809e-02  1.40909821e-01
 -3.32904100e-01 -1.24299489e-01 -5.91750443e-02  2.99982168e-02
 -1.03168249e-01 -4.15999480e-02  2.23684986e-03  2.27901593e-01
  2.12992638e-01  5.98061718e-02 -6.26131222e-02  4.02399823e-02
  2.28588264e-02 -1.01492628e-02 -3.02761436e-01  3.51797231e-02
  4.02149791e-03 -1.38766780e-01 -3.45701538e-02  1.64630294e-01
 -7.88151100e-03 -2.11722404e-02 -2.05831826e-01  2.53608339e-02
 -1.76857725e-01 -4.22600145e-03  9.26764086e-02 -1.58192337e-01
  2.65660733e-01 -2.17315346e-01 -3.26291360e-02  6.01922069e-03
 -1.02173567e-01  5.61215654e-02 -1.97385345e-02 -1.11337185e-01
 -3.63104679e-02  1.97762951e-01  3.94626334e-02  1.77529186e-01
 -9.43193212e-02  3.83988351e-01 -2.65321620e-02 -6.39213771e-02
  7.95552656e-02 -2.51182735e-01 -2.30173417e-03  1.66210700e-02
 -2.25388929e-01 -4.49693017e-02 -2.18875194e-03  2.24094674e-01
 -2.88207591e-01  1.48812428e-01  9.57959518e-03  1.79323182e-01
  2.56807506e-01  2.67470211e-01 -1.16554394e-01 -1.39267584e-02
  1.91904779e-04 -7.14726299e-02  2.48314604e-01 -1.05852753e-01
 -8.90059322e-02  1.12788096e-01 -2.68835365e-03  1.52037010e-01
 -2.71588657e-02 -1.08194485e-01  1.68061718e-01  9.88672972e-02
  1.98306829e-01 -9.43976492e-02 -1.81359909e-02  8.47906917e-02
 -1.45231858e-01 -4.71271724e-02  1.22296385e-01 -7.75881484e-02
  1.07145451e-01  1.19586781e-01  1.08454771e-01 -4.82762828e-02
  4.96858507e-02 -1.32042587e-01  3.57749201e-02  3.62649895e-02
 -2.15302795e-01 -2.17576489e-01  4.27347310e-02 -2.50158645e-02
  6.17577061e-02  1.11849234e-01  3.19238693e-01  8.82933065e-02
 -4.02852111e-02 -5.79519831e-02  1.96423829e-01  3.48337702e-02
 -1.92215608e-03  6.35270029e-02  1.84642047e-01  1.21120527e-01
  6.96253330e-02  1.02018028e-01 -1.87541053e-01  1.57591686e-01
  9.76999998e-02  2.58430634e-02 -1.39956269e-02  2.07512528e-02
 -1.93370685e-01 -3.83994691e-02 -5.25197806e-03 -7.91862383e-02
 -1.20611645e-01 -1.65153608e-01 -3.82566079e-02 -2.20925994e-02
 -1.56688280e-02 -2.63527147e-02  1.76152453e-01 -1.20914862e-01
 -8.27117935e-02 -5.77493049e-02  5.48825748e-02  9.24158376e-03
 -2.76894301e-01 -1.07429817e-01 -1.79634899e-01  1.12010270e-01
 -4.40715514e-02 -7.48556778e-02  4.85266782e-02 -2.25282088e-02
  1.30442306e-01 -1.54020144e-02  4.40430969e-01 -1.52189042e-02
 -1.88657358e-01  6.70826137e-02 -1.57443285e-02  1.70365557e-01
 -1.96484670e-01 -8.82052258e-02 -8.64308029e-02 -1.81311712e-01
 -5.02061509e-02 -1.38280019e-01  6.76270202e-02  9.76855755e-02
 -5.94635904e-02 -6.62516281e-02 -1.56269118e-01 -2.19776437e-01
 -1.30976692e-01  6.18835241e-02 -3.20163881e-03  5.10064140e-02
  1.66182250e-01  1.30788668e-03  7.28722522e-03 -1.87619095e-04
  5.52136824e-02  6.29421175e-02  6.40886948e-02  6.52386621e-02
 -7.84928575e-02  9.47362334e-02 -1.21286713e-01  9.92501993e-03
 -5.84385917e-02 -9.76619199e-02  5.83386682e-02  4.06208001e-02
  1.13991782e-01  9.28278714e-02  4.67022462e-03 -3.15483869e-03
  8.10122415e-02  9.97256711e-02 -2.85329580e-01  3.22536589e-03
 -2.53113419e-01  4.63951081e-02  7.68346637e-02  1.17695287e-01
  6.60637319e-02  5.15027456e-02  1.21871501e-01  2.27645654e-02
  6.54820949e-02  1.52925728e-02  1.81970134e-01 -1.28998920e-01
 -1.15073891e-02 -2.51432639e-02 -1.54700475e-02  4.24538404e-02
 -5.91866635e-02  1.10856503e-01 -6.53833970e-02 -1.50169611e-01
  1.83909923e-01 -1.42616387e-02  1.82324216e-01  3.09553389e-02
 -1.53080914e-02  4.07752059e-02  3.57408114e-02 -8.66805464e-02
  1.62128702e-01  1.54053271e-01  8.12309235e-03 -1.88888729e-01
  1.52962044e-01 -1.59213349e-01  1.48036972e-01 -1.37379706e-01
  1.16320059e-01  2.24724934e-02 -1.62040591e-01  1.54226348e-01
 -4.20416445e-02  1.92817286e-01 -1.16350852e-01 -1.72989637e-01
 -8.05721357e-02 -6.67792708e-02 -3.74004021e-02  6.50524199e-02
 -4.05552536e-02 -9.75074396e-02 -7.13451877e-02  1.12501197e-02
 -1.62834495e-01  2.00030640e-01 -8.52487311e-02  1.97100922e-01
  1.35968193e-01  7.50305802e-02  1.85183376e-01 -1.11786157e-01
 -7.84605294e-02  8.71351659e-02  3.37536111e-02 -1.53316945e-01
  5.06872050e-02 -1.07412487e-01 -5.97238205e-02  8.75410959e-02
  1.18284360e-01  1.04433313e-01 -9.13452730e-02 -1.41086385e-01
 -3.03296238e-01  5.78229018e-02  1.87941313e-01 -5.34622408e-02
 -3.07517815e-02  5.55703230e-02  3.32288593e-02 -2.13362917e-01
  9.19451192e-02  2.41214290e-01 -1.21413626e-01 -2.23807603e-01
  5.19829709e-03 -2.28439691e-03 -2.81939358e-02  1.62525699e-02
  1.40090197e-01 -8.73331632e-03 -7.86609650e-02  4.24234495e-02
  5.11934459e-02 -5.16475225e-03 -6.16492005e-03 -5.46520129e-02
 -1.77310233e-03  9.43353921e-02  9.40761790e-02 -2.22063828e-02
 -5.24801426e-02  1.16952047e-01  4.47429419e-02 -7.44285202e-03
 -9.28364843e-02  3.01332697e-02 -9.47066098e-02  8.13944079e-03
  1.42803192e-01 -1.97224155e-01  1.67745456e-01 -2.65499979e-01
 -7.81900659e-02  9.72220376e-02 -2.35137090e-01 -5.95296640e-03
 -2.87095249e-01 -9.85643119e-02 -1.04515545e-01  7.32017756e-02
  1.46452144e-01 -9.83787477e-02 -2.28356600e-01  6.85331672e-02
 -3.22228782e-02 -1.15320280e-01 -1.73838213e-02 -1.81562286e-02
  2.46478841e-01  5.32785384e-03  6.79471046e-02  2.32216641e-01
  1.67227089e-01 -6.71802610e-02  1.10015750e-01  2.52886027e-01
  4.74026725e-02 -2.19093747e-02 -2.73202062e-02  2.42807746e-01
  2.78085321e-01 -8.96950252e-03 -2.05837581e-02  4.38157558e-01
 -2.19416186e-01 -3.37854959e-02 -3.35857332e-01 -4.12671305e-02
 -2.79390160e-02  1.86902553e-01  2.45347247e-02  7.87402168e-02
  5.71564883e-02 -1.52941514e-02  1.59408346e-01  3.61134931e-02
  1.33666322e-01  4.81479848e-03  7.80112222e-02  1.03469543e-01
 -1.58200059e-02  6.21704236e-02  4.59374860e-02 -2.28471365e-02
 -6.23931289e-02  1.66060477e-01 -1.53318644e-01  2.72856001e-02
  3.13251242e-02  1.15066253e-01  1.24116011e-01  3.13146375e-02
 -7.85657167e-02  2.08474174e-01  2.31340043e-02 -5.45399711e-02
 -9.59134474e-02 -2.63902515e-01 -1.07358843e-01  5.17199971e-02
 -1.04757212e-01 -5.94591573e-02  2.03775661e-03  1.32323474e-01
 -1.27122819e-01 -1.90699950e-01 -7.26153180e-02 -5.13102151e-02
  1.10486902e-01  7.07841814e-02 -1.04650840e-01 -3.88970156e-03
  4.08510417e-02  2.90494575e-03  1.58486649e-01  1.33092301e-02
 -8.10163021e-02 -4.35888954e-02  1.21755973e-01 -8.92397109e-03]