http://erau.edu/ontology/meme.owl#DonaldTrumpsFrogChinMeme
[-6.50618970e-02 -1.36811599e-01  2.87800264e-02  2.02780813e-02
 -3.61446775e-02  9.46998000e-02  8.09003711e-02  9.10729393e-02
 -9.09429863e-02 -1.21433139e-02  4.35357988e-02 -1.07182398e-01
  2.17441469e-03 -1.65284291e-01  7.96506822e-04  4.74832719e-03
 -3.85954976e-02 -6.63253739e-02 -5.93592320e-03 -3.81313846e-03
 -1.52230725e-01  1.87530834e-02  1.83211938e-02 -4.63608801e-02
  4.09987941e-02  3.91342454e-02  9.61693823e-02 -1.12363271e-01
  2.11097077e-01  2.11714566e-01 -8.91376734e-02  2.69334409e-02
  5.95629551e-02 -9.45342053e-03 -1.24373168e-01 -8.32664501e-03
 -1.03772573e-01  4.46374379e-02 -9.07200426e-02 -1.59519643e-01
  1.91855907e-01  1.24110825e-01  2.32473724e-02  6.36828616e-02
  9.47308764e-02  8.62917081e-02 -8.51777419e-02 -1.25428066e-01
  5.63670583e-02  7.08557442e-02 -3.56618240e-02  7.45460950e-03
  2.04362020e-01 -9.47263762e-02 -1.51038051e-01 -1.46446466e-01
  7.33056515e-02 -1.11750282e-01  1.23386510e-01  3.59249562e-02
 -1.95088563e-03 -1.92599762e-02  1.31674126e-01  1.23333884e-02
 -8.49993005e-02 -3.76129374e-02 -1.53599354e-02 -5.49822152e-02
 -1.48041090e-02 -2.96961367e-01  2.03326996e-02 -5.10433456e-03
  1.40917795e-02 -7.17026442e-02  1.17030509e-01 -3.67046408e-02
 -1.17285155e-01  1.00268319e-01  2.14076132e-01  1.59917977e-02
 -6.44101724e-02 -4.72818268e-03  4.97042499e-02 -1.45444676e-01
  4.28889170e-02 -1.08355410e-01  4.34245206e-02  8.02354813e-02
  1.32909328e-01  9.67810303e-02 -1.18602335e-01 -1.26776546e-01
  1.08568199e-01 -1.76597729e-01 -4.81160358e-02  3.40279043e-02
 -1.46980276e-02  1.44804490e-03  3.92367356e-02 -1.90390602e-01
  7.30559751e-02  2.19328683e-02  2.83152193e-01 -6.80838302e-02
 -3.37875797e-03 -3.93965021e-02  8.74550119e-02 -9.37285125e-02
 -8.32079947e-02 -1.49610952e-01 -2.40699612e-02  8.15725401e-02
 -8.31911191e-02 -1.06494412e-01  5.71604334e-02  6.61182627e-02
 -2.40425095e-01 -1.75064579e-01 -2.12169476e-02 -1.13294609e-01
 -8.37005675e-02 -7.35899583e-02 -8.59301984e-02  5.39986230e-02
 -1.35684097e-02 -7.62367919e-02 -1.17253192e-01 -8.29384774e-02
 -5.69137558e-02 -5.20881750e-02 -1.97321072e-01 -8.77180547e-02
 -3.67089584e-02 -1.05449408e-01 -1.65417761e-01  6.47298619e-03
 -5.98690026e-02  5.62006086e-02 -1.66160226e-01 -1.13473861e-02
 -1.03532039e-01  8.12892541e-02 -3.54948118e-02 -5.79622425e-02
  8.62037987e-02 -2.10722029e-01 -2.60585826e-02  1.40198156e-01
  3.39476392e-02  2.78420113e-02  2.26951558e-02 -1.30322933e-01
  7.52877444e-02  1.63370576e-02  3.56860347e-02  1.70219578e-02
 -1.21242449e-01  1.01633072e-01  9.94103253e-02 -1.23569280e-01
 -7.36402799e-05 -1.15586013e-01  1.11212231e-01  2.30919458e-02
 -1.36968866e-01 -3.30400690e-02 -1.64127976e-01  1.38420895e-01
 -2.11454839e-01  1.46699578e-01  8.30445960e-02  8.40935260e-02
  1.61718473e-01  1.45163253e-01  6.23006336e-02  4.98641953e-02
  1.13630202e-03  3.71220373e-02  9.96478349e-02 -9.66314822e-02
 -1.69074256e-02  2.01317798e-02 -2.23805942e-02  9.96315107e-02
 -1.34620190e-01  4.35936861e-02  1.30616516e-01 -1.24096991e-02
  1.43636957e-01 -1.58685781e-02  1.28604650e-01  8.64653662e-02
 -2.52908528e-01  5.08450456e-02 -1.69357672e-01 -2.67007574e-02
  5.04175015e-02 -9.29694797e-04 -2.88161542e-02  3.64981182e-02
 -6.40176758e-02 -5.95569015e-02 -3.48673500e-02 -1.33478642e-01
 -1.04352720e-01 -1.06888458e-01  8.45864639e-02 -1.30775139e-01
  4.78395894e-02  1.67430583e-02  2.63182689e-02  1.96021870e-01
 -3.13374447e-04 -6.59729391e-02  1.32232040e-01  8.76414403e-02
 -5.80533817e-02 -1.09058678e-01  2.01307446e-01  3.72552052e-02
  3.02581608e-01  1.19914986e-01 -1.43999904e-01 -8.20081830e-02
  2.65005957e-02 -6.35296628e-02 -2.32146502e-01 -6.21933537e-03
 -7.36171454e-02 -7.99032208e-03 -6.69707078e-03  8.87686238e-02
 -1.33705407e-01 -1.67103723e-01 -1.40799910e-01 -6.21767342e-02
 -1.93017218e-02 -7.79547915e-02  1.10698745e-01 -2.13045433e-01
  1.67043284e-01 -7.30462670e-02 -1.48122143e-02 -6.18932582e-02
 -3.32957983e-01 -1.11581802e-01 -1.52585685e-01  4.41563083e-03
 -3.77906337e-02  1.25952475e-02  3.74066345e-02  1.13100410e-02
  7.18001872e-02  1.72026411e-01  2.58810341e-01 -2.56944913e-03
 -1.50607765e-01 -4.02730294e-02  6.69007599e-02 -1.70823820e-02
 -1.50374398e-01 -1.38168484e-01 -6.49706423e-02 -1.33149177e-01
  1.27722714e-02 -2.18553707e-01 -1.38761252e-01  7.97007829e-02
  5.57168759e-02 -6.31493554e-02 -7.21112043e-02 -1.33592889e-01
 -1.26275629e-01  2.21441790e-01  1.80900604e-01 -1.07376337e-01
  1.03059500e-01 -1.20314583e-01 -1.91015434e-02 -4.78582382e-02
  1.64354146e-01 -2.63445042e-02 -8.33925754e-02 -1.99579541e-03
 -1.37495309e-01  4.07918766e-02 -1.54206797e-01  3.72485779e-02
 -3.66441756e-02 -1.68070614e-01  5.11446781e-02  2.37563010e-02
  6.79265186e-02 -2.02801619e-02  1.01829723e-01 -7.22369775e-02
 -2.73661632e-02  9.78460070e-03 -2.73140997e-01 -1.01246327e-01
 -3.05988699e-01  3.16600651e-02 -9.93994996e-02  2.13589117e-01
 -3.60444225e-02 -7.22213462e-02  2.18757004e-01 -5.94834751e-03
  5.04165962e-02  1.55411094e-01  2.25433558e-01 -1.39987320e-01
  1.48798436e-01  8.90057608e-02  3.08563709e-02  3.72798331e-02
  1.95801575e-02  1.68875143e-01 -1.94684882e-02 -7.95995966e-02
  1.05768442e-01 -1.24985367e-01  2.79844314e-01  7.58334845e-02
 -3.22237834e-02  1.02570429e-01 -4.39607687e-02  2.11647358e-02
  1.80949628e-01 -7.70471767e-02  6.88686073e-02  3.66366394e-02
  7.47784600e-02 -2.87247803e-02 -3.26507986e-02 -3.23732764e-01
  7.44859129e-02  1.51323721e-01 -1.50871754e-01 -1.37162544e-02
  3.55373882e-02  1.22789152e-01  2.96509583e-02  5.82239106e-02
 -1.83333769e-01 -1.66533366e-02  9.78281200e-02  6.81897178e-02
 -5.41872624e-03 -1.35027274e-01  4.24147844e-02  2.95248721e-02
 -7.22870752e-02  2.35703275e-01 -1.42375216e-01  1.25424176e-01
  1.67093307e-01 -3.25295329e-02  2.50022978e-01 -7.78708160e-02
 -1.34204522e-01  1.92963094e-01  1.31564602e-01 -1.12576209e-01
 -2.40114368e-02 -5.66509292e-02 -6.49331063e-02  5.49772978e-02
 -1.32357568e-01  4.35060821e-04 -6.39642701e-02 -3.34475599e-02
 -2.74241000e-01  3.05161420e-02  1.53828025e-01  1.11760870e-02
 -2.19732985e-01  5.14407493e-02 -7.51586780e-02 -1.33123994e-01
  6.54661655e-02  1.77815795e-01 -8.63513574e-02 -1.64747983e-01
  9.50948745e-02  3.41490358e-02 -5.10810874e-02 -2.16064565e-02
  1.41673476e-01 -1.08268857e-01 -1.66043118e-01  8.71570036e-02
  1.04834504e-01  8.52642730e-02 -2.23893404e-01 -2.46106043e-01
 -9.40417591e-03 -4.28545997e-02  5.57672083e-02  5.45381084e-02
  6.89415559e-02  3.75388050e-03 -7.93124363e-02 -1.81505665e-01
 -1.03798352e-01 -4.26312536e-02  1.62280463e-02  1.12908162e-01
  2.44433284e-01  3.55105773e-02  1.37411550e-01 -3.08412701e-01
 -1.86696321e-01 -1.37743592e-01 -1.07443221e-01  1.95961148e-01
 -1.45965099e-01 -8.53517950e-02  7.50861922e-03  2.11367324e-01
  4.23982330e-02  7.28929043e-02 -2.17609614e-01  5.17272055e-02
  7.62942135e-02 -5.47209866e-02 -9.68274474e-02  1.03095002e-01
  2.08328605e-01 -4.57590632e-02 -8.05693194e-02  3.10092390e-01
  4.60247993e-02  1.33515801e-02  3.74077350e-01  2.87864536e-01
  2.15398986e-03 -9.76347402e-02  5.31339198e-02  1.01601422e-01
  2.43236482e-01  3.78932357e-02 -9.99755561e-02  4.15616900e-01
 -3.36377531e-01 -1.88897684e-01 -3.26769739e-01 -1.84343830e-01
 -6.57626018e-02  2.19364554e-01  2.15306208e-02  2.63314307e-01
  2.08148867e-01 -1.10489763e-01  3.00630808e-01  6.16234504e-02
  7.02733696e-02  3.32534164e-02  8.31327960e-02 -6.25544190e-02
  2.74437845e-01  8.52005482e-02 -1.59236230e-03 -8.73414874e-02
 -1.83637142e-01  1.32947728e-01 -2.07990348e-01 -8.13532770e-02
  3.38597856e-02  5.20802587e-02  8.87250900e-02  3.15843150e-02
  1.34914950e-01  2.18565762e-01  1.02007121e-01 -9.95470434e-02
  1.50942942e-02 -1.15240037e-01 -3.00918035e-02  9.98823941e-02
 -1.27133593e-01  1.13298982e-01 -1.11499265e-01  3.39783192e-01
  8.76514912e-02 -2.23335460e-01  7.62088373e-02  1.62077881e-02
  7.63735101e-02  6.80869073e-02 -1.15685321e-01  1.28435075e-01
  4.55260053e-02 -1.81908254e-02 -2.05882322e-02  7.08138058e-03
 -9.25647914e-02  1.03588328e-02  1.19087726e-01  1.23420067e-01]