http://erau.edu/ontology/meme.owl#CatsMeme
[ 0.05242912 -0.15131582  0.0118964   0.07115054 -0.12039157  0.05460758
  0.15146314  0.00242107  0.18221061 -0.0277378   0.12804297 -0.11774381
  0.00758158  0.11072774  0.02127714 -0.07155566 -0.03926028  0.18859488
 -0.01097115 -0.03633922 -0.2010766   0.17076983  0.12640898 -0.00588024
 -0.07635599  0.14263524  0.01726127  0.10193497 -0.03435986  0.00123207
 -0.02799933 -0.04997559  0.22618945 -0.03091858 -0.12445106  0.07382516
  0.01663837  0.07634334 -0.09261174 -0.11534461 -0.01590979  0.14731625
 -0.1992715  -0.10009915 -0.06992611  0.02379109 -0.05715659 -0.15660834
 -0.13523187 -0.02197743  0.00327148 -0.23353846 -0.08241583 -0.08987166
 -0.00411354 -0.14298241  0.09367198 -0.05679137  0.19701052  0.08205958
 -0.11330073 -0.01791604  0.07665008  0.19013572 -0.19716227 -0.18983719
 -0.07911631 -0.09238888 -0.06730083 -0.06224965 -0.03677051  0.02740743
 -0.06964517  0.13154301  0.1696872   0.11557856 -0.42932007 -0.22854613
  0.16119063 -0.05126185 -0.12859085  0.00502139 -0.08614749 -0.3393139
 -0.0411679  -0.15006532 -0.1254181   0.01043312 -0.07455895  0.04714694
  0.01753665 -0.5105412   0.10777099 -0.08029168 -0.04205151  0.04527757
 -0.05600806  0.03320399  0.07427934  0.02574708  0.17940566  0.18148606
  0.32199746 -0.09726751 -0.0595694  -0.06809515  0.26113486  0.01621121
  0.03710033 -0.12554936  0.04114872  0.09202252  0.04180537  0.06706525
  0.10344354  0.06111269 -0.3055933  -0.2258737   0.11421709  0.05991761
 -0.08075093  0.07482169  0.07508342  0.08458586  0.14377247  0.04746088
 -0.04853446  0.0525187   0.10805412 -0.00672949 -0.40548036  0.03943013
  0.02782716  0.10034811  0.06871758  0.28829536 -0.1166009  -0.13073434
 -0.17647797  0.05129667 -0.20469147  0.00059846  0.1232889   0.08312617
  0.2689195  -0.15132001  0.00678105 -0.217691   -0.08222657  0.00868277
  0.05082917 -0.02392045 -0.07178773 -0.11041968  0.00942579  0.11140519
 -0.10176874  0.19221097 -0.05956942 -0.17899768  0.11817417 -0.249638
 -0.17656305  0.0763413  -0.27437302 -0.20444524  0.06830227  0.20398428
 -0.3334481   0.1572069  -0.04796535  0.11893378  0.26804855  0.2432107
 -0.0187989  -0.18882805 -0.02253497  0.06462719  0.37708616  0.0853416
 -0.22429767  0.19297753  0.03350667  0.04701808 -0.17388213 -0.04033013
  0.10768305  0.17736389  0.1425406  -0.06834306  0.05888943  0.05179846
 -0.14766553 -0.11302237 -0.06946038  0.06264436 -0.16049352  0.2569214
  0.03429887 -0.01725294 -0.04908351 -0.07160433  0.13854893 -0.01351709
 -0.10704882 -0.21005479 -0.01466122  0.00491024  0.16183482  0.21784452
  0.28964463 -0.01806801 -0.07950205  0.03387541  0.07989708 -0.02482897
  0.03348016 -0.03029267 -0.00977047  0.20795964  0.22029577  0.3517537
 -0.09340334  0.17070432 -0.01927719 -0.03410194 -0.18569778  0.03372191
 -0.12029759 -0.11051623  0.05870729  0.08530241  0.04972671 -0.10875222
 -0.13305695 -0.04475376 -0.07579935  0.07682396  0.271376   -0.03410428
 -0.17422168 -0.09070957 -0.05898818  0.04920993 -0.2933067  -0.22953884
 -0.3253914   0.03638086 -0.24746415 -0.00460228  0.02891573 -0.03930163
  0.17305632 -0.13250564  0.3416994   0.02759369 -0.11396612  0.07298878
  0.02396367  0.02715095 -0.2336238  -0.18823268 -0.10275313 -0.17145284
 -0.03725948 -0.29311705  0.06897578  0.02757975  0.10486182 -0.11566072
 -0.02896193 -0.10918961 -0.0802187   0.10569339 -0.00988241 -0.19441885
  0.15301073  0.0655073  -0.07711526  0.05042912  0.0634485   0.07047416
 -0.1080303   0.05619991 -0.19789192  0.14742444 -0.16929759 -0.12873736
 -0.04602867  0.0589474   0.11027553  0.06327219  0.05190835  0.01766714
  0.00125042 -0.11070587  0.24532084  0.11641349 -0.20870836 -0.11960868
 -0.22904713  0.01922866  0.04140145 -0.05842926  0.07307614 -0.00293966
  0.162015    0.07213276  0.14585403  0.01349788  0.01618877 -0.19674395
 -0.09149645 -0.12267213 -0.12430234  0.07953695 -0.01707898 -0.03332021
  0.05462298 -0.11826839 -0.1129913  -0.03574318  0.22399679  0.00554903
  0.09702064  0.08903775 -0.03830121 -0.11488467  0.24432962  0.09425484
 -0.005888   -0.113625    0.06795441 -0.19368796  0.15554912 -0.19102424
  0.20347025  0.03272974 -0.14098871  0.20308043  0.02018295  0.17433381
 -0.12474531 -0.03789766 -0.01569611  0.05104802 -0.0920117   0.04014865
  0.02862026 -0.10424068 -0.07232381  0.03194039 -0.28107736  0.1285055
 -0.00247772  0.14819142  0.06400902  0.00339907  0.36019054  0.02212466
 -0.00908575  0.05981148 -0.05285653 -0.03407622  0.09793137 -0.2319234
 -0.15745881  0.12771042  0.02665623  0.02119374 -0.13500017 -0.06228363
 -0.30714092  0.09960701  0.07502998 -0.11365509 -0.20765434 -0.00602293
 -0.07620449 -0.18183836  0.1186353   0.24717619 -0.23042038 -0.26776195
  0.14981237 -0.02280202 -0.03285933 -0.00765789 -0.12136013  0.10190332
 -0.15992242  0.08994603 -0.09132804  0.06920721 -0.10130031 -0.15687746
 -0.01224616  0.04512201  0.01466058 -0.0689749   0.00782097 -0.03952774
  0.02633331  0.07360753  0.07095768 -0.04359351 -0.03718247 -0.0166655
  0.11925706 -0.14741388  0.43570736 -0.21564887 -0.19851673  0.01100583
 -0.10394943 -0.04055953 -0.2814777   0.09558903  0.01802653  0.04127935
  0.08707416 -0.1276072  -0.2044858   0.15942715 -0.02610495 -0.27665508
 -0.03762177 -0.10489758  0.15358521  0.04025541  0.2552593   0.24125786
  0.3466662  -0.19184832  0.24811277  0.1623905   0.03765926 -0.02351336
 -0.07365238  0.26994535 -0.02122548  0.02634096  0.00961607  0.38436708
 -0.25718454  0.02713357 -0.25011978 -0.21627672  0.11300422  0.23082095
 -0.08821151  0.05935039  0.06585321  0.02252972  0.26376736  0.08168264
  0.20257907 -0.114749    0.01887878  0.03966071  0.12584786  0.05728691
 -0.00903801 -0.08787775 -0.17907463  0.35284138 -0.20619111  0.00563735
  0.08999111  0.1899713   0.2410535   0.01707549  0.16762066  0.0797256
 -0.1318635  -0.06192712  0.03810914 -0.25042644 -0.04211214  0.03482797
  0.07569028  0.15397546 -0.12934427  0.15917332 -0.19262804 -0.21096404
  0.02946037 -0.13447118  0.00851742  0.17202011 -0.10937907 -0.02581863
  0.03335401  0.05139429  0.10310768 -0.12544513  0.0174185  -0.09970746
  0.16916741  0.07649496]