http://erau.edu/ontology/meme.owl#TotalUrinationMeme
[-0.0588114  -0.03790765  0.06760562  0.04310406  0.1149458   0.08937532
  0.1395337  -0.04031666 -0.04017192  0.01597511 -0.0037506  -0.09299468
 -0.1956792  -0.12745805 -0.1206922   0.10835143 -0.00661354 -0.05454297
 -0.18817583  0.07280069 -0.13544017  0.0075214   0.05123255 -0.06580909
  0.03929795 -0.08352818  0.04463022 -0.0987796   0.11215078 -0.05801095
  0.05075186  0.02026306  0.14070828  0.00157942 -0.16768362  0.0961306
 -0.13031068  0.05479408 -0.08774394 -0.04372231 -0.02546136  0.0474348
 -0.22137251 -0.0489999  -0.0153052   0.0854489  -0.01942427 -0.08420046
  0.08014277  0.00095917  0.06214603  0.08768649  0.03096732  0.07386553
 -0.09543614 -0.04313427  0.06264935 -0.17723222  0.01850501  0.02869225
  0.10693748 -0.09477722  0.13102122  0.04846977 -0.14401981 -0.1831734
 -0.02170037 -0.06624579  0.00259664 -0.02020244  0.09371026  0.06125326
  0.14812732  0.11301382  0.01613217  0.12416966 -0.18132149  0.02224819
  0.08739859  0.02445894  0.11144882 -0.11254006 -0.04018399 -0.08820037
  0.06101393 -0.13046312 -0.00869988 -0.06074426  0.09596512 -0.04442666
 -0.08175855 -0.24554142  0.13739279 -0.04712858 -0.00771603 -0.03605933
 -0.09766638 -0.02503509  0.05983709 -0.17112735  0.03622888 -0.05542515
  0.2526233  -0.00794285  0.097721    0.10484007  0.14635576  0.00057896
  0.00966462  0.09157822 -0.09990309  0.18852705  0.00735116 -0.07565086
  0.0796726   0.00547161 -0.21014474 -0.05598931 -0.05571031 -0.0432944
 -0.08232486 -0.04743251 -0.1584977   0.03045294  0.02414597 -0.02970038
 -0.01665669  0.07312996  0.07260545 -0.10357379 -0.08114012 -0.04907408
 -0.06288847 -0.05789624  0.04555354 -0.00698214 -0.01440106  0.15665796
 -0.2052022  -0.1433443  -0.03390898  0.10674818  0.02543559  0.06567241
  0.07668259 -0.0610951   0.03926334  0.03212672  0.1384639   0.14695331
 -0.05387603 -0.10957947 -0.0011564  -0.17514667 -0.03272278 -0.04742568
 -0.17055959  0.07163385  0.04857886 -0.27072868  0.06961158 -0.26855984
 -0.13349214  0.01158036 -0.13439003  0.02489308 -0.16372754  0.25761646
 -0.11558407  0.1504131   0.08848356  0.20855063  0.17810963  0.11228518
 -0.02216954 -0.1391451   0.01808501  0.03224748  0.1334987   0.02687824
 -0.06995952  0.1134683   0.04381749  0.00790986 -0.05025035 -0.01880288
  0.15306664  0.0686351  -0.01708932  0.00988016  0.01421755  0.15285799
 -0.13177939 -0.02082852 -0.09580219 -0.03272567  0.14250147 -0.03776219
  0.01213483 -0.05697545 -0.09857602 -0.0043945   0.14317909 -0.07172874
 -0.1174443  -0.17237924  0.07800052  0.00632153  0.0077494   0.02295325
  0.09708722  0.04329038  0.07279897 -0.11226576  0.09699224  0.04557079
 -0.00167367 -0.0505644   0.2881424  -0.03082688  0.24970677  0.09277994
 -0.05893841  0.00708565 -0.05066573 -0.21181278 -0.13980673 -0.02253913
 -0.07046141 -0.00188461  0.03904279 -0.04522404 -0.17681374 -0.2632365
  0.03395386  0.03540574 -0.15657382 -0.00907697  0.06527292 -0.0392621
  0.08610649 -0.01561676  0.01852598  0.06439892 -0.32198527 -0.0887804
 -0.35108653  0.01941336 -0.20890403  0.12270885  0.03735176  0.1429102
  0.116356    0.15340725  0.32469407 -0.00657374 -0.0695407  -0.04672277
  0.01044201 -0.08821302 -0.05351703 -0.20758422 -0.0998925  -0.12240467
 -0.11005466 -0.19640079 -0.03101107  0.14859201  0.033657    0.11454888
 -0.09595895 -0.06156339 -0.01820064  0.1482294   0.19433284  0.00908536
  0.18250312 -0.18267374 -0.0190404  -0.00145736  0.16001804  0.07526606
 -0.18571284 -0.20250152 -0.12312028  0.05424308 -0.01221155 -0.02546328
 -0.04937514 -0.08711886  0.08523953 -0.00374155  0.05607365 -0.06561749
 -0.01000334  0.07480969  0.09966129 -0.12314075 -0.10140643 -0.17132564
 -0.24568953  0.01916383 -0.08209497  0.08583307 -0.02765759 -0.11157974
  0.04518826 -0.14305316 -0.1374726   0.10159536  0.16812198 -0.13321607
  0.04445069 -0.03193662 -0.0289428   0.01683092  0.03818201  0.02280073
  0.11760208 -0.01404502  0.01814971 -0.21738115  0.21217388  0.15525757
 -0.05587283  0.10217641 -0.02284096  0.05695042  0.19264242  0.06284642
  0.09777472  0.11260191  0.01251536  0.05583626 -0.07846718 -0.18874665
  0.01337765  0.06382807 -0.06315426 -0.04280885  0.07326929 -0.03358689
  0.03253157  0.06509563 -0.02082674 -0.04811698  0.04026021  0.04695729
  0.16354163 -0.13804013 -0.02455677  0.00529868 -0.12896667  0.08534678
 -0.26177564  0.03103926  0.06020792  0.0510935   0.1589917  -0.05527564
 -0.0232595   0.08525822  0.03480308 -0.10603578 -0.00226392 -0.04275701
 -0.03954162  0.17670129 -0.14356859 -0.08572106  0.01628011 -0.11965223
 -0.21555272  0.01465021  0.03429485 -0.04659274 -0.27769306  0.0763377
 -0.08149242 -0.02364158 -0.02161843  0.25671244 -0.1552964  -0.10627268
  0.03737818  0.06999513 -0.17823315  0.01584916  0.02751538 -0.13007785
  0.03433868  0.00732785  0.08174276  0.0421423  -0.15592508 -0.2095083
  0.03107177 -0.09035224  0.1489818   0.14665882  0.14479363 -0.03521129
  0.053094   -0.06104824 -0.03118266  0.06632178 -0.03731136  0.05743426
  0.20541652  0.03389667  0.11243583 -0.25571793 -0.1119858  -0.13300385
  0.0167913   0.01514445 -0.11140916 -0.12543204  0.10578715  0.13254115
  0.01213669  0.02816096 -0.23510104 -0.02063978 -0.0351833  -0.12602472
 -0.04332922  0.09169035  0.211105   -0.07096577  0.13037513  0.28445733
  0.10226689 -0.0373862   0.28722134  0.19170737 -0.02302729 -0.23213276
  0.09030959  0.08361492  0.13634245  0.22485828 -0.10124735  0.37449923
 -0.3247667  -0.09071289 -0.26742554 -0.09103677  0.07409537  0.10495953
 -0.07161966  0.11007196  0.25010145 -0.08442462  0.25306422 -0.03008264
  0.13594957  0.01697323  0.04718312  0.01562062  0.13596973  0.15622362
  0.09162019  0.07629295 -0.11546175  0.1649494  -0.08378876  0.02037773
 -0.10072055  0.12547062  0.20233475  0.13116606  0.14697814  0.19316879
  0.01526564 -0.04801949  0.00313303 -0.2987423  -0.03783788 -0.00289036
  0.15621181  0.0209928   0.02177052  0.20436285 -0.11149406 -0.14531015
 -0.00254138 -0.10253198  0.18435374  0.10139331 -0.1372349  -0.00199508
 -0.0816175  -0.00305447  0.07302558 -0.04087145  0.02146733 -0.00272347
  0.08939025  0.15923107]