http://erau.edu/ontology/meme.owl#SavagePatrickMeme
[-0.09471298 -0.15269224  0.03695494  0.15738708 -0.05127509  0.05162347
  0.11155409  0.09433694  0.10897603 -0.01689517  0.1209805  -0.05847113
 -0.09146813  0.06213704  0.02260811 -0.01310575  0.0421131   0.06163268
 -0.01813454  0.15023199 -0.1836009   0.10783036  0.13632427 -0.15397227
  0.09071413  0.01885587  0.01834442 -0.04801551  0.26753107  0.1760471
  0.00078111  0.08852146  0.13692935 -0.08733481 -0.05146603  0.19817004
 -0.03740218  0.08651422 -0.01910409 -0.15300801  0.04851284  0.21583898
 -0.06274848 -0.03319198  0.03125762  0.06338146  0.03872795 -0.06833143
  0.02841487  0.06619586 -0.01515669 -0.02424634 -0.11671676 -0.08450779
 -0.02528369 -0.001524   -0.00419127 -0.00062006  0.16374163  0.0293671
  0.01701201 -0.08338464  0.0285867   0.08980565 -0.16052213 -0.03758404
 -0.05701137  0.02059094  0.01852886 -0.1494448  -0.17614627  0.03821894
  0.06310138  0.07662359  0.08934323  0.0779439  -0.18169516  0.00692789
  0.07706438 -0.03921254 -0.08349606 -0.09585407 -0.06864996 -0.1751763
 -0.11078962 -0.09185029 -0.1028387   0.09210736  0.06591115  0.01145948
  0.04390295 -0.30258414  0.03632665 -0.05267779 -0.07803714  0.06376573
 -0.10982335  0.071222   -0.01354092 -0.01869258  0.01446078  0.05580595
  0.30055034 -0.11173952  0.06387872 -0.00697883  0.10093109 -0.00565111
  0.00507806 -0.15099318  0.02477747  0.07673759 -0.03906593 -0.11304752
  0.06147432  0.12038226 -0.25084606 -0.11103091  0.04806107  0.07580566
 -0.05891768  0.01206885  0.00855696  0.05755733  0.08595905 -0.09454654
  0.01417871  0.01248909  0.03567376  0.03937182 -0.11153615 -0.0009305
  0.06013123 -0.05043476 -0.05856535  0.13854662  0.02392423 -0.10615482
 -0.10909386 -0.00365047 -0.20365608  0.00690795  0.0553096   0.0153853
  0.11520888 -0.22854564 -0.01252564 -0.1332025  -0.05055363  0.03686431
  0.0337733  -0.05934415 -0.04290445  0.05924434  0.09473754  0.06023918
 -0.11248177  0.19106859 -0.00117184 -0.07569995  0.04419599 -0.19358411
  0.00925461  0.05397976 -0.14233065 -0.07462931 -0.06901303  0.08641201
 -0.20067663  0.17330247  0.04931035  0.17116883  0.13351247  0.19003396
 -0.01326796  0.02760444 -0.01805994 -0.04877609  0.13736561 -0.01616195
 -0.05782     0.11448447  0.00527997  0.01104219 -0.03496444  0.00788907
 -0.01560898  0.07897525  0.17719828 -0.07661294  0.04116416  0.03902394
 -0.14112295 -0.07085273 -0.00885803  0.00138078  0.12564918  0.1335699
  0.01260067  0.01264198  0.04090063 -0.07199836  0.102679   -0.04596525
 -0.09336163 -0.20907058 -0.00746896  0.01178735  0.03616409  0.10111471
  0.21671641  0.13095678 -0.03908205 -0.13314041  0.12435348 -0.01854669
 -0.13276504 -0.03243876  0.0921775   0.11416231  0.14780822  0.08595193
 -0.12207142  0.00236362 -0.01673468 -0.00930265 -0.1272719  -0.04525427
 -0.10337213 -0.01610499  0.06916992  0.11654684 -0.0185388  -0.10305221
 -0.00268483 -0.07023364 -0.00277303  0.08248381  0.10094628 -0.0172335
  0.05331385 -0.00561414  0.06666818  0.04295106 -0.22907498 -0.0665375
 -0.08796418 -0.02261781 -0.01603658 -0.03870039 -0.02230683  0.02780753
  0.09830832  0.05902138  0.18474488 -0.10250434 -0.05647704 -0.04440924
  0.09756965  0.02947461 -0.06544062 -0.0261217  -0.03829153 -0.0626571
 -0.00125196 -0.12287167 -0.05460391  0.02006517  0.03661529 -0.04987577
 -0.01478001 -0.02405955 -0.07729844  0.04277567  0.07091244  0.00570777
  0.04052905 -0.01522352 -0.07368886  0.03023977  0.0273257  -0.00439979
 -0.00272771  0.02311645 -0.08965858 -0.01016177 -0.09290115  0.00144784
  0.04259653 -0.02076306  0.03403039 -0.03842412 -0.04851138 -0.00799671
 -0.00425347 -0.06086647  0.12816595  0.01017638 -0.16248895 -0.10904825
 -0.10603547  0.05854285  0.01692406 -0.04413012  0.03880285 -0.02391788
  0.05163908  0.01216436 -0.00236972  0.05912759  0.06624073 -0.24459454
 -0.03671104  0.01531713  0.0307564   0.08366557  0.00230335  0.10000497
  0.01166985 -0.06378797  0.03303962 -0.14724222  0.12021369  0.13327593
  0.0313892  -0.04238416 -0.14219089 -0.03566428  0.04973545 -0.02277559
 -0.01238449 -0.03128688  0.03859871 -0.11184405  0.00252921 -0.19844115
  0.06377366  0.12070663 -0.1108722   0.09213144  0.0576627   0.11438545
 -0.07998683 -0.00213264 -0.08575567 -0.00791696 -0.08802989  0.0807124
 -0.04429364 -0.13553222 -0.03257479  0.04084217 -0.06414527  0.23329857
 -0.11008055  0.12012414  0.08621847 -0.13276136  0.17966335 -0.09613939
 -0.08477999  0.11698525 -0.02458628  0.00552337  0.06029808 -0.06755279
 -0.07260336 -0.00900555 -0.04476436  0.02985338 -0.09718131 -0.04791322
 -0.2375994   0.10050837  0.10460849 -0.07253576 -0.09487067  0.025563
 -0.07406775 -0.09601108  0.1381819   0.24974085 -0.12821731 -0.1679257
  0.10974666 -0.08117616 -0.13211943  0.06243427 -0.11090124 -0.06904335
 -0.12705208  0.13288653 -0.10385849  0.11861505 -0.13897772 -0.12902795
 -0.0379128   0.07324082  0.11152658 -0.09198799 -0.06956724 -0.09824147
 -0.00504131 -0.12248568 -0.04597668 -0.00387714  0.02021167  0.3335833
  0.18938935 -0.04500836  0.13857463 -0.08241896 -0.15961795  0.05789487
 -0.15604624 -0.01463252 -0.1526259  -0.0881809  -0.03286859  0.06994277
  0.12655474  0.01167206 -0.21593927  0.06719233  0.01846065 -0.2266737
 -0.09343588  0.12504861  0.10858924 -0.05631804  0.05901043  0.22591466
  0.04528367 -0.05077463  0.07635424  0.25117698  0.01003253 -0.06447975
  0.05353599  0.16395308  0.0592939   0.02440408 -0.09133495  0.3348843
 -0.25103843 -0.09507904 -0.2513336  -0.08305845 -0.06387341  0.16121684
  0.12800284  0.11482218  0.13315322 -0.03382397  0.2853276  -0.07049993
  0.06791957  0.03887253  0.04959372 -0.0214757   0.15993229  0.03144184
  0.1400153  -0.18217187 -0.06569404  0.26822588 -0.12093186 -0.11254586
 -0.00898451  0.09785029  0.2863697  -0.0850641   0.18487275  0.25255477
 -0.0124695  -0.1277011   0.1927171  -0.24481468 -0.1348916   0.11391996
  0.02387683 -0.03046364 -0.09121492  0.31168395 -0.22917852 -0.21831198
 -0.05838741 -0.01763743  0.12465179  0.05997    -0.15814203 -0.15577054
  0.07429314 -0.02883297  0.15925391 -0.05050744 -0.17264992 -0.16662621
  0.09057658  0.14911428]