http://erau.edu/ontology/meme.owl#FifthofNovemberMeme
[-1.28677279e-01 -1.92136988e-01  5.90327121e-02  2.01036837e-02
 -1.82904042e-02  3.17376629e-02  1.54556483e-01  1.08935811e-01
  1.56239942e-01 -7.74424300e-02  1.67388722e-01 -9.23220441e-02
 -1.77099910e-02 -7.81305656e-02 -4.70235758e-02  3.89370769e-02
  4.41966504e-02  5.16662300e-02  4.52489369e-02  1.68271825e-01
 -8.17780718e-02  3.42132412e-02  1.50638819e-01 -1.17043376e-01
  1.06157385e-01  1.59149319e-02  5.49264178e-02 -3.20194885e-02
  2.73171455e-01  1.37133732e-01  7.89432451e-02  8.37194324e-02
  3.47946435e-02 -8.61974433e-02 -5.26617281e-02  1.85711578e-01
 -7.75448307e-02  1.18423469e-01 -4.10973690e-02 -1.69382706e-01
  5.28541021e-02  1.78111702e-01 -2.15669349e-01 -3.25089954e-02
  8.68396927e-03  5.58435470e-02 -9.70097110e-02 -4.59706113e-02
 -1.47028612e-02  4.95400392e-02  4.10551541e-02 -1.55087069e-01
 -1.42134577e-01 -1.97666988e-01 -8.25236142e-02 -6.36032298e-02
  1.16755627e-01 -6.65864125e-02  2.28132710e-01  4.52513210e-02
  2.17488036e-02 -1.00387931e-01  1.22622393e-01  1.52252465e-01
 -1.88080862e-01 -3.76424305e-02  5.26786372e-02 -1.97837092e-02
 -1.35399014e-01 -2.35030189e-01 -1.57696009e-01  8.07242990e-02
  1.14504568e-01  3.90264131e-02  6.77102339e-03  1.21664330e-01
 -2.12218165e-01  1.13762915e-01  1.40521169e-01  5.51668592e-02
 -4.77559008e-02 -3.28927450e-02 -1.11026742e-01 -2.66642481e-01
  3.42101045e-02 -1.30104780e-01 -1.10716514e-01  2.74937991e-02
  8.37296247e-02 -8.71536601e-03 -4.86810468e-02 -2.62338370e-01
  1.23766378e-01 -8.95348638e-02 -1.11375442e-02  3.33723761e-02
  1.80937292e-03 -5.75411879e-02 -4.30278890e-02 -3.16998735e-02
  9.98321697e-02 -1.22731617e-02  3.62169623e-01 -1.93932876e-01
 -4.26457040e-02 -3.10014933e-02  2.03420892e-01 -3.66455317e-02
  3.76240611e-02 -9.18454453e-02 -8.66737124e-03  5.15832081e-02
 -1.08158872e-01 -1.65859044e-01  1.37960389e-01  1.25916421e-01
 -3.84674400e-01 -2.21319467e-01  4.94470623e-05  1.36773691e-01
 -4.50728387e-02 -5.37439398e-02 -1.00511566e-01  8.08736309e-02
  5.01271896e-02 -5.14798462e-02 -2.51379311e-02 -2.81525701e-02
 -7.39754131e-03 -3.40829305e-02 -2.47296885e-01 -5.71885481e-02
  1.08186923e-01 -1.59597415e-02 -1.22337110e-01  2.02225894e-01
 -1.22353360e-01 -6.89855963e-02 -1.98391244e-01  6.56211004e-02
 -2.67555267e-01  2.45441180e-02  7.93243423e-02 -2.51492951e-02
  2.33051613e-01 -2.34095111e-01  4.18624245e-02 -1.40524924e-01
 -2.92699337e-02  1.66942567e-01  5.73225468e-02 -1.10104874e-01
  4.09929827e-02 -3.54549102e-03 -5.22202738e-02  8.27053934e-02
 -1.67546079e-01  2.09591255e-01  8.04770563e-04 -2.10408598e-01
  1.07859470e-01 -1.77546605e-01  1.97216049e-02 -5.42300520e-04
 -2.22939894e-01 -2.32991993e-01 -1.06056057e-01  1.23264827e-01
 -2.83694953e-01  1.40090808e-01  6.47546649e-02  2.41828755e-01
  2.07437009e-01  1.99185625e-01 -7.14058951e-02 -1.64041631e-02
 -8.52225497e-02 -3.14129926e-02  9.94831324e-02 -2.83984803e-02
 -6.83200210e-02  1.65513963e-01  5.50134666e-02  5.63666858e-02
 -1.03538312e-01 -3.31599871e-03  6.64375946e-02  5.82090802e-02
  1.51900366e-01 -7.40575418e-02 -2.70786639e-02  4.16555861e-03
 -2.41884172e-01 -5.83589077e-02 -3.52327563e-02  4.36271876e-02
 -1.54914288e-02  1.37062475e-01 -4.42616083e-02  4.82903533e-02
 -3.34178992e-02 -5.91720641e-02  9.48566105e-03 -4.26441133e-02
 -4.78997268e-02 -1.06875494e-01 -4.64843437e-02  6.25593886e-02
  6.94496483e-02  1.55775994e-01  1.92474246e-01  4.60353382e-02
 -9.63353831e-03 -1.26532614e-01  1.09787904e-01  5.94078898e-02
 -1.63736209e-01 -4.45865020e-02  1.47714809e-01  7.18588904e-02
  2.10225090e-01  9.86329466e-02 -9.72202793e-02  5.66188209e-02
 -4.40239571e-02 -9.96761918e-02 -1.49464726e-01 -4.96480055e-02
 -5.48330843e-02 -3.63090709e-02  2.55288836e-02  1.25347655e-02
 -5.71866967e-02 -9.99323502e-02 -1.49608003e-02  8.34894739e-03
 -9.22374651e-02 -1.06069230e-01  1.07128054e-01 -3.59581448e-02
 -3.42354178e-02  5.35537340e-02  9.05803032e-03 -4.40403558e-02
 -2.08211660e-01 -1.02068901e-01 -1.77676409e-01  1.21415323e-02
 -1.55107990e-01 -1.53326159e-02  7.31903091e-02 -1.68390945e-02
  1.67056173e-01  5.12522385e-02  1.92468867e-01 -5.79966307e-02
 -1.22305386e-01 -2.66277306e-02 -8.28467868e-03 -1.91108044e-02
 -1.94036663e-01 -1.51005015e-01 -2.96941847e-02 -1.11759014e-01
 -3.24552506e-02 -1.33571446e-01  1.62270274e-02  4.02397327e-02
  1.30909786e-01 -3.27379145e-02  5.38124703e-02 -1.32052884e-01
 -1.33237496e-01  1.10524230e-01  1.43668130e-01 -5.50131649e-02
  7.45668933e-02 -8.61172676e-02 -1.28393143e-01  2.37242188e-02
  4.09658179e-02  1.15258403e-01 -1.10570483e-01 -5.52768586e-03
 -1.12782270e-01  4.12386879e-02 -7.47904256e-02  2.24323384e-02
 -6.33604527e-02 -8.04423913e-02  1.09139957e-01 -5.07971346e-02
  2.87865475e-02 -6.63556978e-02 -9.84828919e-03  3.61879531e-04
  1.39208853e-01  7.69422799e-02 -8.00663233e-02 -6.07686751e-02
 -1.64167702e-01  1.33511927e-02  5.20347580e-02  3.76618318e-02
  6.12300970e-02 -8.63783658e-02  2.20583022e-01 -3.41311023e-02
  3.60595621e-02  3.58319841e-02  1.50830343e-01 -1.87891483e-01
 -1.45596657e-02  5.83775993e-03  6.92076236e-03  3.20147653e-03
  2.39895768e-02  6.67872876e-02  5.15445806e-02 -6.51472509e-02
  7.32473880e-02 -1.41367972e-01  2.12723017e-01  1.56059101e-01
  8.02794769e-02 -4.27610651e-02 -7.48760253e-02 -7.85550922e-02
  9.54858586e-02  3.79678048e-02 -8.55373815e-02 -3.37546878e-02
  1.08758518e-02 -3.03265955e-02 -1.99160669e-02 -1.31307378e-01
  6.60951510e-02  1.27379447e-01 -8.06219652e-02  4.84335721e-02
 -8.49025790e-03  1.66704848e-01 -6.72965124e-02 -1.97815429e-03
 -1.19480588e-01  8.26694742e-02 -6.65997937e-02  1.02002129e-01
 -9.60592031e-02 -6.34347126e-02 -2.28352994e-02  3.79004665e-02
 -6.00103699e-02  1.07137658e-01 -1.81839600e-01  6.45414591e-02
 -5.82082085e-02 -5.95272183e-02  1.98306143e-01 -3.77220102e-02
 -8.28990117e-02  1.14873730e-01 -6.26315176e-02  3.24806594e-03
 -5.96151315e-03  4.65404093e-02 -3.41936052e-02  9.50557142e-02
 -2.27616429e-02  4.18285206e-02 -8.78202468e-02 -8.38384312e-03
 -1.58933595e-01  7.82792494e-02  4.73880619e-02 -9.07001197e-02
 -8.25206265e-02 -5.49548268e-02 -5.04785217e-02 -8.82465616e-02
  6.97900578e-02  1.48092359e-01 -1.05554201e-01 -3.06903571e-02
  1.11652389e-01 -8.83039981e-02 -3.93043756e-02  1.20060571e-01
 -5.89668192e-02  1.41034164e-02 -7.66635612e-02  5.74525185e-02
 -6.70886561e-02  9.24161524e-02 -7.70174786e-02 -1.22449830e-01
  9.73422676e-02  5.23647331e-02  5.34775108e-02 -7.80352876e-02
 -9.43950415e-02 -1.38761893e-01 -7.78854936e-02 -9.98398289e-02
 -7.77862687e-03 -1.37017772e-01 -4.49700058e-02  1.61454096e-01
  1.62428334e-01  9.67148785e-03  1.98970422e-01 -1.96722880e-01
 -1.98301330e-01 -4.18174118e-02 -8.57855380e-02  9.26366299e-02
 -1.24133997e-01  8.87223519e-03  2.31806617e-02  2.36569084e-02
  1.53394893e-01  7.58159952e-03 -1.40506670e-01  9.16571692e-02
  6.92964904e-03 -8.44367519e-02 -1.34496382e-02 -2.98749749e-02
  1.00337759e-01 -4.36262749e-02  2.71711070e-02  1.22949332e-01
  1.52408808e-01  8.32431484e-03  1.36923417e-01  1.18556671e-01
  4.13586274e-02 -9.31657553e-02  1.31176682e-02  9.17060673e-02
  6.66566491e-02  6.48236647e-02 -7.11083934e-02  2.59249657e-01
 -2.24160910e-01 -7.98938572e-02 -1.13044456e-01 -1.37290925e-01
 -1.12097012e-02  7.50976205e-02  2.72241849e-02  6.78544417e-02
  7.97836781e-02 -4.15039137e-02  2.41134554e-01 -1.81476213e-02
  1.18671760e-01 -5.54990768e-02  9.05875489e-02  3.86898406e-02
  1.20584086e-01  2.65878234e-02  4.76954207e-02 -1.12586506e-01
 -9.50999632e-02  1.39493555e-01 -3.55481952e-02 -5.49039617e-02
  4.47140895e-02  7.86663890e-02  1.53389856e-01 -3.89658622e-02
  1.53955907e-01  1.39758617e-01 -1.17924578e-01  6.54226821e-03
  7.13280588e-02 -2.21813664e-01  1.25092333e-02  1.15028121e-01
 -4.15452942e-03  9.88486409e-02 -7.27377608e-02  2.05334321e-01
 -1.14622071e-01 -1.86657920e-01  1.59087442e-02 -4.34200279e-03
  5.43294810e-02  9.66837183e-02  3.56040522e-02  2.70752958e-03
  9.86888036e-02  1.04836605e-01  3.86389084e-02  9.26574226e-03
  1.13471821e-02 -6.40189946e-02  2.00848840e-02  7.16072842e-02]