http://erau.edu/ontology/meme.owl#PissForEqualityMeme
[-0.07377975 -0.23639596 -0.0336542   0.00857007 -0.14213562  0.12785695
  0.02117898  0.29245105  0.07835236 -0.09322637  0.11796057 -0.14944914
  0.04953768 -0.14481765  0.08116861  0.09454981 -0.01354288  0.07144611
  0.07676508  0.08413164 -0.05685027  0.08532061 -0.0199464   0.02902528
  0.2253734   0.19156526  0.20192112 -0.02469135  0.04904411  0.1513088
  0.11125351  0.0689073  -0.11370716 -0.034058   -0.02115181  0.08617452
 -0.0395193   0.07294297 -0.10071386 -0.21438326  0.15868588  0.07844222
  0.02225764  0.04660065  0.19975957 -0.00329207 -0.01340896 -0.20909032
 -0.14980043  0.07589657  0.10363811 -0.03790022 -0.05007359 -0.12616068
 -0.01850079 -0.05865018  0.01189886  0.11872945 -0.08150969  0.04244711
 -0.08969308  0.02612204 -0.05373283 -0.04286913 -0.07006124 -0.12016165
  0.01249818  0.02094503 -0.146904   -0.1408253  -0.14411242  0.04610406
  0.02764088 -0.02783506  0.03290158  0.17599867 -0.2550851   0.02173576
  0.12444916 -0.04182655 -0.0508983  -0.01212851 -0.06791423 -0.10139048
  0.1615125  -0.168428   -0.17177634  0.15469608  0.01418481 -0.04929676
  0.10926551 -0.25416204  0.21354488 -0.1583616  -0.1021291   0.04492062
  0.04047519  0.14013997  0.05645156 -0.08553804  0.32504272  0.15465325
  0.4732975  -0.01058756  0.07317897 -0.02182458  0.03561442  0.01031005
 -0.09930232 -0.2079453   0.14143918  0.00180376 -0.03202182 -0.18760505
 -0.06322499  0.06907285 -0.3185256  -0.1559363  -0.07497428 -0.03009017
 -0.10224083 -0.07644638  0.04091466  0.17258158  0.14157982 -0.17560937
  0.00053404 -0.10559314 -0.03251867  0.11135468 -0.41576228  0.00447126
 -0.0137475  -0.0460544  -0.12957771 -0.01868179 -0.07011209 -0.2905066
 -0.09921393  0.10426177 -0.29107907 -0.08940375 -0.03278878 -0.13910076
  0.28342766 -0.29256546  0.06744505 -0.25814718 -0.05037497  0.16012035
 -0.05774287 -0.02995214  0.01796069  0.2562028  -0.034982    0.15821989
 -0.06784466  0.3126555   0.00120347 -0.02985723  0.13326953 -0.13391036
  0.05609104 -0.16963185 -0.14042744 -0.23738989 -0.03529808  0.05856371
 -0.4463861   0.23013644 -0.044879    0.25803763  0.21474713  0.21124734
 -0.10647862 -0.11620153 -0.0986497  -0.11318855  0.23314565 -0.08689218
 -0.0042423   0.08791842  0.01937035  0.14280428 -0.09656493 -0.03611438
  0.13002384  0.0347295   0.2974718  -0.08027472  0.14276323  0.04772715
 -0.12522826  0.0272649  -0.05120412  0.04369821 -0.05964341  0.2251435
  0.068235   -0.09011095 -0.06966763 -0.02024763  0.08118956 -0.12264402
 -0.04589184 -0.25492316  0.00664785 -0.02050341 -0.04063301  0.04215373
  0.38018197  0.09444915 -0.01519293 -0.06937566  0.11235532  0.06021639
 -0.17348903 -0.06101737  0.06381094  0.09627348  0.16562006  0.11397327
 -0.16901253  0.06779197 -0.00387425  0.02836474 -0.18976608 -0.00398559
 -0.1150373   0.10901813  0.18559808  0.0877744  -0.14115658 -0.07002726
  0.02809475 -0.0307621   0.02210861 -0.00787208  0.24985924 -0.28193855
 -0.04618375 -0.11217291  0.05764159 -0.00635184 -0.22239843 -0.09782239
 -0.16506474  0.06487454 -0.04701306 -0.14572148  0.06600157 -0.01311609
  0.12522148  0.02415255  0.27547157  0.00105305 -0.2101966   0.03008344
 -0.02626293  0.22594984 -0.10245988 -0.0551841   0.0697654  -0.13290463
 -0.03414717 -0.41856667 -0.06269036  0.01594743  0.05955932 -0.00502586
 -0.06486604 -0.03914703 -0.13411748  0.15892714  0.03230045 -0.11347957
  0.1541994  -0.01410123 -0.09148906 -0.01532159  0.12508991  0.04023216
  0.03687141 -0.06414734 -0.24779782  0.02293786  0.01585092 -0.02239474
 -0.04197747 -0.0440303   0.07480654  0.03239242  0.04414423  0.04726057
  0.0536636  -0.07119439  0.13259707  0.11284349 -0.1077178   0.04844106
 -0.3475292   0.05301915 -0.06846008  0.23034434  0.17885473 -0.08010397
  0.19971588 -0.0076379   0.01353497  0.08425073  0.20755261 -0.03720259
  0.00458754  0.05669069 -0.06461699  0.0320143   0.01303062 -0.04658379
 -0.07191016 -0.00910014  0.0652794  -0.12598622  0.18993303  0.02178362
 -0.04299093  0.082197   -0.07604899 -0.02909756  0.11550459 -0.108373
 -0.04290826  0.03514174  0.09317186 -0.19080542 -0.14557108 -0.35764468
  0.24777414  0.07835884 -0.14034377  0.09939753 -0.01198769  0.17137992
 -0.06652299 -0.01109391 -0.05420692 -0.07047306  0.01053648  0.07676456
 -0.11795928 -0.14005786 -0.15157013  0.10473146 -0.10303347  0.30732676
 -0.16128582  0.21926095 -0.09865093 -0.2135638   0.31432858 -0.18949829
 -0.22726534  0.06449853  0.09457032  0.02562373 -0.09570838 -0.02018554
 -0.18578205  0.18257347 -0.05343847  0.14140703 -0.086326   -0.02666204
 -0.2577062   0.11832763  0.22582841 -0.0738053  -0.0620127   0.15343565
 -0.01388977 -0.17324132  0.0931211   0.16505404  0.00459456 -0.17174718
  0.09662374  0.02367538 -0.03609993  0.11715271 -0.08492966 -0.08308915
 -0.20808017  0.00897105  0.05534159  0.1857831   0.05174788 -0.19505721
 -0.00052721  0.02977822  0.15608768 -0.02737239 -0.17947447 -0.13931301
  0.04110891 -0.19803938 -0.09553685  0.0284117  -0.09564918  0.25342396
  0.136818    0.09359095  0.17489873 -0.21276602 -0.12908563  0.00671755
 -0.18865779 -0.11513037 -0.21078467 -0.11363116 -0.05369813  0.20691516
  0.19408134 -0.02373312 -0.33272696  0.21929021 -0.0043157  -0.18552233
  0.07604807  0.23476538  0.12225678 -0.02250142 -0.01277813  0.3126289
  0.12921308 -0.35678768  0.08449793  0.23143543  0.02893804  0.03559024
  0.02151376  0.31835565  0.16241008 -0.06219007 -0.13070562  0.51391315
 -0.3601534  -0.01781438 -0.34183997 -0.16469185 -0.17109412  0.16465701
  0.09773709  0.14233534  0.04695635  0.01989137  0.19841912 -0.07004981
  0.18548766  0.10252988  0.14661214 -0.02078186  0.13574253  0.04224619
  0.23473646 -0.13010648 -0.01417334  0.13528457 -0.20098814 -0.12219342
 -0.05850932  0.12099458  0.30424836 -0.04051179  0.26078853  0.20563653
  0.12517498 -0.17988555  0.16333415 -0.3608674  -0.14753768  0.18962324
 -0.16056333 -0.14581944 -0.1744036   0.46735182 -0.14829634 -0.34721336
  0.02898359 -0.0204292   0.18613832  0.18856375 -0.17782973  0.02775022
 -0.00700759 -0.02401482  0.35209876 -0.01863541 -0.07716438 -0.06760368
 -0.00966233  0.0584724 ]