http://erau.edu/ontology/meme.owl#PrintingOuttheInternetMeme
[-1.07197724e-01 -1.04357347e-01 -6.39236569e-02 -3.12602855e-02
  3.17258239e-02  9.15622413e-02  5.63035794e-02 -6.94490820e-02
 -1.01267956e-01 -3.85886505e-02  2.03769859e-02 -7.74309784e-02
  1.19757809e-01 -1.30111188e-01 -1.81524586e-02 -2.00259537e-02
 -2.80904360e-02  3.67450453e-02  2.52130274e-02  2.87431218e-02
 -1.31395489e-01  3.42508778e-02  2.06570867e-02 -6.55145496e-02
 -1.72221884e-02  2.54735886e-03 -3.79598588e-02 -7.19208866e-02
  1.64935932e-01  5.67464456e-02  9.36942771e-02  8.93673673e-02
 -1.21825159e-01 -5.67711890e-02 -8.56078044e-02  1.34712413e-01
  8.19047466e-02  8.46429616e-02 -1.28632188e-01 -9.28640291e-02
  8.57291222e-02  4.93698977e-02 -8.64384994e-02 -7.57204667e-02
  8.62714350e-02 -3.12739387e-02  7.48598501e-02  1.27635589e-02
  4.00312841e-02  6.30702972e-02  3.50770913e-02  4.88051213e-03
 -8.73636082e-03 -1.59370154e-01 -1.00508370e-01 -8.19844019e-04
  1.42421335e-01 -1.23218983e-01  1.22070856e-01  5.11678010e-02
 -9.64235282e-04  1.88594796e-02  1.03266701e-01  9.55215469e-03
 -7.29721114e-02 -4.98714708e-02  7.52030388e-02 -3.32549177e-02
 -7.61188194e-02 -9.20743197e-02  1.81285124e-02  1.58505037e-01
  7.22033307e-02 -6.17624745e-02  3.36550474e-02  7.99212307e-02
  2.76597012e-02  4.74250540e-02  1.42236367e-01  7.25043043e-02
 -3.85511667e-02 -7.74839893e-02 -2.61622742e-02 -2.46383965e-01
  7.06205443e-02 -6.19618557e-02 -7.42307454e-02  1.30767375e-01
  8.25522244e-02 -2.32889745e-02 -2.33609434e-02 -1.34555638e-01
  8.21935833e-02 -8.93035680e-02 -1.25627592e-01  1.65004265e-02
 -3.34042870e-02 -1.15504181e-02 -3.25614996e-02  2.25230795e-03
  1.28397554e-01  2.32952945e-02  2.42778093e-01 -5.79134524e-02
 -5.49089983e-02  1.55089209e-02  7.98033699e-02  4.80231941e-02
  9.71862487e-03 -4.30936664e-02 -5.29166050e-02 -9.50015523e-03
 -6.23497926e-02 -7.88310468e-02  1.71495169e-01  2.54536700e-02
 -1.92611068e-01 -1.28877953e-01 -8.06059875e-03  1.17108382e-01
  1.32599175e-01 -1.11640729e-01 -8.26968327e-02  2.86936853e-02
 -8.96751136e-02 -6.33747429e-02  5.18670045e-02  3.03380881e-02
 -6.94737677e-03  5.13516553e-02 -1.73569381e-01 -6.69748411e-02
  2.61629894e-02 -7.41593912e-02 -9.32094827e-02  9.93231311e-02
 -1.35668874e-01 -5.97891361e-02 -2.48417929e-02  7.23029077e-02
 -2.14861199e-01 -2.90957978e-04  7.48192146e-02  9.53720510e-03
  1.36667386e-01 -1.55685514e-01  1.51296452e-01 -7.57940486e-02
 -2.63368730e-02  5.95998950e-02 -1.41463894e-02 -1.06825486e-01
  1.33212022e-02  1.90000096e-03 -6.02243245e-02  3.08204051e-02
 -1.53783560e-01  1.44415408e-01  2.06224434e-02 -7.43489116e-02
  1.27622440e-01 -5.26475385e-02  5.87808378e-02 -4.26495261e-02
 -3.10223043e-01 -1.27046973e-01 -3.93187627e-02  2.12747619e-01
 -1.99682981e-01  1.49520084e-01 -4.96813208e-02  1.40041545e-01
  2.49172479e-01  1.18673854e-01 -3.20799835e-02  1.24696521e-02
 -1.70347430e-02 -7.92742297e-02  7.77869150e-02  3.67754116e-03
 -9.33996662e-02 -4.41838522e-03  4.12690900e-02 -6.61752885e-04
 -1.15383700e-01  6.90234154e-02 -1.17636882e-02  5.82602732e-02
  1.27851278e-01 -1.02941610e-01  4.94254241e-03 -8.62286543e-04
 -1.07914656e-01 -8.07576627e-02 -9.84467752e-03  3.93802859e-02
  1.30608931e-01  1.79265708e-01 -3.99384499e-02 -6.56570643e-02
  3.67499180e-02 -4.35629254e-03  2.34896559e-02  4.38320562e-02
 -6.30818605e-02 -2.23456755e-01 -4.64957021e-03 -7.22119585e-02
  5.32923192e-02  1.03629000e-01  1.39506459e-01  8.24944228e-02
  4.27603759e-02 -7.44522661e-02  3.39388251e-02  9.94674638e-02
 -1.69246346e-01 -4.45263758e-02  1.19503476e-01  5.76245934e-02
  1.62735075e-01  7.38832727e-02 -6.16147742e-02 -9.44850501e-03
  8.58578160e-02  6.70676604e-02 -1.13798365e-01 -3.44009995e-02
  1.69888679e-02  2.49071810e-02 -8.08334127e-02  4.56679948e-02
 -1.32969767e-01 -3.66356857e-02  1.51589559e-03  5.75303398e-02
  1.28833316e-02 -2.03408778e-01  1.18155472e-01 -1.25046998e-01
  1.77743216e-03 -5.59854433e-02 -6.98561966e-03 -4.51850072e-02
 -1.76826045e-01 -1.11359905e-03 -8.41684565e-02 -6.85033500e-02
 -2.37873048e-02 -6.03781603e-02  4.58230563e-02  5.50158955e-02
  1.70959309e-01  1.84934959e-02  1.64509654e-01  3.20642181e-02
 -5.31849153e-02  7.69249350e-02  3.57618034e-02  2.67355237e-02
 -2.38017179e-02 -2.55492181e-01 -3.47631308e-03 -1.64150953e-01
 -8.62331968e-03 -2.75099456e-01  1.09656751e-01  3.75852883e-02
  7.69303069e-02 -7.73913041e-02 -6.62512183e-02 -9.08278897e-02
  2.87407655e-02  5.57952039e-02  2.03100830e-01 -2.22131703e-02
  1.59227416e-01  8.14436469e-03 -1.00124538e-01 -9.79474857e-02
  1.78300440e-01  5.75482734e-02  3.51461722e-03 -8.23578835e-02
 -1.27890959e-01  2.44299788e-03 -5.84448613e-02  4.75169942e-02
 -3.34880166e-02 -1.19876184e-01  1.91597198e-03 -1.78964227e-01
  1.32418983e-02 -4.69311960e-02  6.54851198e-02  9.55241080e-03
  7.40437731e-02  2.79083531e-02 -1.72987238e-01 -1.10976398e-01
 -2.69303441e-01 -1.53699052e-02  1.34699950e-02  1.74980432e-01
  6.97719073e-03  5.48584713e-03  2.22052485e-01 -1.00797758e-01
 -4.66019660e-02  5.61061241e-02  2.33680874e-01 -1.94986552e-01
 -5.08075096e-02 -5.06343432e-02 -6.87584728e-02  1.11736460e-02
 -5.20228734e-03  2.84124911e-02 -5.56249507e-02 -1.45359272e-02
  8.46061110e-02 -1.60485759e-01  1.02651216e-01  2.24987701e-01
  1.22686252e-02  3.36370729e-02 -7.29110613e-02 -5.45322560e-02
  1.09741598e-01 -6.95744231e-02 -4.58903499e-02 -4.15498130e-02
  8.75884220e-02 -5.90539388e-02 -4.07965146e-02 -2.98337251e-01
  1.31739944e-01  9.23273861e-02  4.12425846e-02  4.34354059e-02
  8.00506864e-03  4.45168745e-03  4.71072160e-02 -6.26554564e-02
 -6.69104084e-02  2.37282459e-02  1.58518795e-02  8.11054409e-02
 -8.85904059e-02 -7.59933218e-02 -4.47991602e-02  3.54063883e-02
 -1.23104408e-01  1.49421304e-01 -1.92703873e-01  1.25797287e-01
  4.71929125e-02 -9.03445259e-02  2.17252746e-01  2.79343799e-02
 -1.23833857e-01  1.68988705e-01 -4.23591137e-02 -9.14770812e-02
  6.33174777e-02 -3.56950089e-02 -1.03229489e-02  5.04517518e-02
 -2.14519585e-03  4.91239280e-02  6.66667242e-03 -9.94810462e-03
 -1.25972360e-01  5.16355038e-02  6.63082749e-02  1.31383101e-02
  8.28874670e-03  8.29933118e-03 -2.93948147e-02 -1.14406116e-01
  1.10123903e-01  1.62300959e-01 -5.60131371e-02 -6.37688041e-02
  7.32206181e-02 -1.95737202e-02 -6.75212741e-02  2.01718226e-01
 -8.07910338e-02 -1.24893524e-01  4.26429287e-02  6.19971473e-03
  8.68089776e-03  1.43969804e-01  4.85543013e-02 -1.23495132e-01
  1.23017900e-01  1.20863300e-02  1.10487573e-01 -1.05898809e-02
 -3.48523520e-02 -1.67305246e-01  4.18128893e-02 -1.33622944e-01
 -1.10300481e-01 -8.01919028e-02 -3.53842638e-02  2.82843560e-01
  7.04310834e-02  1.47263423e-01  1.04302086e-01 -1.60961509e-01
 -1.31400883e-01 -7.18671978e-02 -1.16017915e-01  1.20322019e-01
  5.84178567e-02 -6.29855543e-02 -3.81868109e-02  6.94018230e-02
  1.30406812e-01  2.54839901e-02 -1.95856035e-01  2.99001997e-03
  3.23757045e-02 -9.97483060e-02 -1.22106440e-01  1.09452292e-01
  1.05683878e-01 -9.53066275e-02  7.63181597e-03  1.90110117e-01
  2.07412727e-02 -7.80795664e-02  1.12158969e-01  2.57198155e-01
  1.59172341e-02 -1.84762746e-01 -7.65914395e-02  8.03670213e-02
  1.19613387e-01  5.80694191e-02 -8.70541930e-02  2.23269686e-01
 -1.89043075e-01 -7.75926709e-02 -1.64049134e-01 -6.05252609e-02
 -5.42237572e-02  3.72555777e-02  9.54192281e-02  1.40636280e-01
  9.00788084e-02 -1.11638524e-01  1.18400425e-01  6.23187609e-02
  4.15092669e-02  1.35793630e-02  1.29769459e-01 -3.71700339e-02
  2.34907135e-01  8.64121243e-02  9.31565091e-02 -7.90516660e-02
  1.25718936e-01  1.22004591e-01 -3.09859999e-02 -1.81480229e-01
 -1.78603351e-01 -8.10481012e-02  7.59111792e-02 -3.34398411e-02
  1.17781855e-01  1.11454763e-01  1.18538171e-01 -2.09588394e-01
  1.25422984e-01 -1.41821504e-01  1.09545328e-02  7.82868341e-02
 -5.64963073e-02 -1.15258852e-02 -9.34268087e-02  2.34543771e-01
 -5.00992127e-02 -7.95600414e-02 -2.58908086e-02  6.65661991e-02
  5.22642806e-02  2.51516048e-02 -1.97831541e-02  3.47978659e-02
 -2.53671091e-02  6.72565401e-02  1.52409166e-01  2.02251710e-02
  3.54273282e-02 -3.85435112e-02 -9.29489546e-03  6.91136867e-02]