http://erau.edu/ontology/meme.owl#IncreasinglyVerboseMemesMeme
[-9.34806615e-02 -1.16957854e-02  6.69839159e-02  1.22450337e-01
  4.49158959e-02  4.69775014e-02 -7.72722960e-02  3.57259996e-02
  9.25075486e-02 -2.14128450e-01 -1.14768207e-01  2.68690646e-01
  1.88105702e-01  1.49276525e-01 -5.71447909e-02 -1.76868379e-01
 -9.26628709e-02 -6.63808733e-02  2.75268853e-02 -4.85423096e-02
 -8.59758910e-03  1.64888814e-01 -3.99104357e-02  1.38272285e-01
  3.14908251e-02 -1.82446733e-01 -2.10018037e-03 -2.41575632e-02
  3.48969847e-02 -7.14350864e-02 -2.07715154e-01 -7.28453323e-02
 -1.42435521e-01 -2.21483670e-02 -1.19183078e-01  4.62779142e-02
 -1.46724671e-01  1.14608355e-01  4.91185300e-02  2.27824494e-01
  6.72111884e-02  2.94598918e-02 -2.49919742e-01 -2.90495381e-02
 -2.08172604e-01 -5.36646694e-02  7.18531832e-02 -1.65596113e-01
  5.28382547e-02 -1.68307126e-01 -7.02392915e-03  1.63858235e-01
  2.02642933e-01  1.08923754e-02 -1.73904508e-01  2.31487885e-01
 -7.89244696e-02 -1.75967216e-02  1.10608563e-01  1.70676947e-01
  1.82873696e-01 -1.63080126e-01  2.06577871e-02  3.55636030e-02
 -5.79459965e-02 -4.05753851e-02 -1.12120025e-01 -6.65272251e-02
  1.03335731e-01 -9.54684541e-02  1.37987345e-01 -2.48474646e-02
 -2.18452867e-02 -1.21096810e-02 -2.06715673e-01 -7.49370903e-02
 -3.54788937e-02 -1.12331599e-01 -3.19305621e-02 -1.16939247e-01
  1.45291105e-01  1.78398848e-01 -2.54530221e-01 -1.02824785e-01
 -5.13319932e-02  1.03425449e-02  1.20570593e-01  5.04840314e-02
 -2.18274295e-02  2.55399555e-01 -9.85886008e-02 -1.00662783e-02
 -2.04151556e-01 -2.44097244e-02  4.87913340e-02 -7.76151940e-02
 -5.56311421e-02  2.63012379e-01  2.43707020e-02 -2.43507978e-02
  9.51594561e-02 -5.38962409e-02 -8.42591524e-02  2.50537861e-02
  1.32444769e-01 -1.06984228e-02  7.95688331e-02  1.79419518e-01
  1.03082202e-01 -1.75911244e-02  1.78967103e-01  1.09974422e-01
  2.92855073e-02  2.52357945e-02  1.56646654e-01 -1.27765059e-01
  4.03798446e-02 -1.33074895e-02 -1.25003979e-01 -1.51802162e-02
 -1.47928356e-03  1.48298040e-01  1.25325415e-02  7.92539213e-03
 -1.98718578e-01 -2.32230648e-01 -1.58782899e-02  1.46358728e-01
 -2.18434915e-01 -1.37006760e-01 -3.19524445e-02  3.92154418e-02
  1.97106060e-02 -1.71217665e-01  9.41033512e-02 -9.86937881e-02
  1.12078659e-01  2.85937618e-02  3.86486873e-02 -1.78411824e-03
 -7.77931511e-02 -5.06589096e-03 -6.44106343e-02  5.87204136e-02
  1.73569415e-02  2.79763006e-02 -5.14685139e-02 -1.22470148e-01
 -9.60467830e-02 -2.07964610e-02  7.18586445e-02  3.36983800e-02
 -1.52293175e-01 -1.24104939e-01 -1.00272216e-01 -1.30958125e-01
  4.40255478e-02  1.04499937e-04 -6.48517981e-02 -5.03324047e-02
  6.83803037e-02  2.28818431e-01  9.40654427e-02  1.79482214e-02
 -1.13794729e-01 -1.09484643e-01  1.17718223e-02  1.33205310e-01
 -1.79107457e-01 -4.36060056e-02 -3.01242247e-02 -2.30646972e-02
 -3.12656872e-02  1.86547473e-01  1.21561661e-01 -6.19629957e-03
  5.71041331e-02  3.28654796e-02  2.17371620e-02 -2.37838570e-02
 -1.76718280e-01 -8.79881904e-02 -3.13582532e-02 -2.79510412e-02
 -2.05342956e-02 -2.02850066e-02 -1.72724903e-01  3.40243690e-02
  1.21455550e-01  1.21976778e-01 -3.69532290e-03  2.33508527e-01
  1.94400430e-01  1.27555966e-01 -1.17735893e-01 -1.51266577e-02
 -6.99166879e-02 -5.28820977e-02 -1.31003559e-01  1.71089754e-01]