http://erau.edu/ontology/meme.owl#IDroppedMyHotPocketMeme
[-1.07748158e-01 -1.85980827e-01  1.29847126e-02  9.78504941e-02
 -4.29473557e-02 -2.03548446e-02  1.61463886e-01  4.56927083e-02
 -1.15740307e-01 -1.50378235e-02  2.10265219e-01 -1.64495319e-01
  2.29683239e-02 -1.17397895e-02 -5.70396632e-02 -4.78738407e-03
  1.66611355e-02  9.44071412e-02  8.10055658e-02  2.59577539e-02
 -2.32238844e-01  9.79662091e-02  1.36851743e-01 -1.98040068e-01
  1.13865457e-01 -1.62603019e-03  1.28858527e-02 -1.53459713e-01
  3.19036305e-01  1.96880639e-01  3.23505923e-02  7.89728984e-02
  5.68950139e-02 -1.20241970e-01 -6.01108558e-03  1.58289626e-01
 -1.45252524e-02  9.05263498e-02 -3.03639937e-02 -1.59749314e-01
  4.76609915e-02  1.21580325e-01 -1.50097951e-01  3.61503102e-02
  1.18096739e-01  4.08000164e-02  4.53956053e-02  7.85411894e-03
  7.58274496e-02  1.57812368e-02  4.62163649e-02  2.79466622e-02
 -5.75269870e-02 -1.25118583e-01 -6.49815351e-02 -4.90618590e-03
  8.31746403e-03  1.02067553e-02  8.15697685e-02  1.18815228e-01
  8.74835678e-05 -1.06091581e-01  1.11378528e-01 -1.55753456e-02
 -1.19954638e-01  3.05840056e-02 -4.28335480e-02  8.82246122e-02
 -1.05017841e-01 -1.60815448e-01 -1.70525119e-01  3.09495218e-02
  4.92778979e-02 -6.34975210e-02  1.62380617e-02  2.83770598e-02
 -4.17996198e-02  3.61269601e-02  7.91879818e-02 -6.67990968e-02
 -9.62460861e-02 -9.19608027e-02 -1.48803638e-02 -1.42056733e-01
  1.04861017e-02 -1.11953944e-01 -1.27826676e-01 -1.40269501e-02
  1.31956220e-01  6.11061230e-02 -5.31267375e-03 -1.27979636e-01
  9.88347270e-03  7.29880715e-03 -1.51866302e-01  1.36871431e-02
 -9.57587082e-03  2.22973414e-02 -4.02236134e-02 -7.89797306e-02
  2.15278883e-02 -7.60564726e-05  1.71880648e-01 -2.87863798e-02
  1.70906689e-02 -7.51012610e-03  7.74940401e-02 -4.76069637e-02
 -3.06426082e-02 -1.32873610e-01  6.80418964e-03 -4.86763455e-02
 -2.97790188e-02 -1.43988743e-01  6.33106828e-02  2.41068248e-02
 -1.90087244e-01 -6.37105256e-02  1.77218951e-02  2.54084878e-02
  1.59285776e-02 -8.67381543e-02  3.19623761e-02  7.54006281e-02
 -5.20525761e-02 -9.09534171e-02  1.78809352e-02 -5.50364563e-03
  3.77582386e-02 -4.14765030e-02 -8.69780332e-02  8.07865113e-02
  6.92416802e-02 -1.12373516e-01 -1.30420402e-01  8.82297605e-02
  9.16320682e-02 -1.01071075e-01 -7.97752663e-02  4.26761396e-02
 -1.29953399e-01  6.20860420e-03  8.24942999e-03 -2.74280496e-02
  9.61848050e-02 -1.95584312e-01  5.91996163e-02 -3.60798724e-02
  8.84450972e-02  1.42418966e-01 -2.98906714e-02 -1.52355731e-01
  4.63103130e-02  1.38524100e-01  7.31648121e-04  9.62095335e-02
 -1.33292153e-01  1.37456551e-01  2.71273982e-02  1.57036483e-02
 -6.68734014e-02 -5.44552244e-02  4.91490066e-02 -2.99682538e-03
 -1.53606042e-01 -1.62607595e-01 -1.41853824e-01  1.60572790e-02
 -2.38098040e-01  1.40002355e-01  5.50207347e-02  1.28922626e-01
  8.92177895e-02  1.32015318e-01 -6.39839098e-02 -4.36151028e-02
  2.13390011e-02 -9.07874554e-02  2.18828786e-02 -7.94445872e-02
 -3.01760230e-02  6.58223182e-02  2.52955705e-02  4.47908044e-02
  4.02072743e-02  1.41347004e-02 -5.49155893e-03 -1.77149996e-02
  2.14236885e-01 -7.58105442e-02  5.12286276e-02 -2.85316613e-02
 -2.01472059e-01 -2.86916327e-02 -2.50698384e-02 -4.98710014e-02
  8.37111250e-02  5.64005524e-02 -2.34842841e-02 -4.66282181e-02
 -1.07471850e-02 -1.17945112e-01 -2.76867542e-02 -1.81889042e-01
 -5.42329997e-02 -3.10996860e-01 -7.76383746e-03 -6.42444938e-02
  7.46242851e-02  1.50242865e-01  2.45323986e-01  2.23541513e-01
 -7.51000717e-02 -1.89636782e-01  1.70227975e-01  3.13919596e-02
 -1.53321043e-01 -6.04617111e-02  1.40538082e-01  7.90458322e-02
  1.23272270e-01  1.79795045e-02 -2.49194190e-01 -5.64786009e-02
  1.05598964e-01  1.05006099e-01 -1.62494063e-01 -3.03570982e-02
 -9.28649008e-02  3.75765339e-02  6.77024350e-02  2.58706976e-03
 -1.20151013e-01 -6.31787255e-02 -2.42511891e-02 -1.19561777e-01
  6.85774349e-03 -1.29594699e-01  4.84084897e-02 -1.30959928e-01
 -1.05353761e-02 -4.41013426e-02  1.60559155e-02  5.96851390e-03
 -2.67494470e-01  3.24233361e-02 -8.72374102e-02  3.30040678e-02
 -7.93607235e-02 -2.83466261e-02  7.25277737e-02  3.05042379e-02
  1.19239599e-01  1.14776760e-01  1.33166596e-01 -1.66276455e-01
 -1.08899437e-01 -1.86123494e-02  3.26342285e-02  1.13084882e-01
 -7.04773739e-02 -6.50996566e-02 -2.72083115e-02 -6.01423606e-02
  1.74288228e-02 -1.45807117e-01 -1.91753432e-01 -9.91496369e-02
 -2.26823315e-02 -3.71425338e-02 -3.65318730e-02 -8.84503126e-02
 -2.81334985e-02  1.24022722e-01  1.80661857e-01  6.26621023e-02
  8.11463892e-02 -3.30167897e-02  2.68840864e-02 -4.91122482e-03
  9.40665901e-02 -1.19305048e-02 -7.23314937e-04 -6.85474947e-02
 -1.92005321e-01  5.22859618e-02  2.37838756e-02  6.79269433e-03
 -3.57007682e-02 -1.38016909e-01  1.06016481e-02 -3.86055149e-02
 -2.59421933e-02 -6.49531186e-02  4.62742858e-02  1.46762133e-02
  8.57012644e-02 -2.71577071e-02 -1.78522870e-01 -1.27929196e-01
 -2.17926025e-01 -4.36736783e-03 -9.23153013e-03  1.48452595e-01
 -3.49385515e-02 -7.35159069e-02  1.87920883e-01 -8.04675668e-02
 -2.92903632e-02  1.04483977e-01  2.31373653e-01 -2.31607586e-01
  6.31925315e-02  1.40098065e-01  4.06621061e-02  5.37955612e-02
  2.03252751e-02  1.46510512e-01 -8.66931900e-02  1.37304906e-02
  1.98297009e-01 -1.45069972e-01  8.43008533e-02  1.61869958e-01
 -8.70769657e-03 -5.79758256e-04 -1.37374625e-01  3.10620596e-03
  1.53131947e-01  1.81549098e-02  1.23473089e-02 -1.96673442e-02
  1.05816513e-01 -3.03115621e-02 -1.35533810e-01 -2.12740168e-01
  7.92975128e-02  1.19956769e-01 -1.95917204e-01  3.17879245e-02
  1.44982813e-02  1.21696502e-01 -8.24800655e-02 -3.27574313e-02
 -1.79695770e-01  2.69194823e-02 -1.08348019e-01  1.76624075e-01
 -3.67756523e-02 -1.63238600e-01 -1.92071795e-02  1.62599701e-02
 -7.09166229e-02  2.40374953e-01 -1.38459444e-01  5.62793277e-02
  2.97476463e-02 -1.30265027e-01  2.02957064e-01 -1.61671005e-02
 -1.22872300e-01  8.16956386e-02  8.68419372e-03 -8.60237777e-02
 -2.84532108e-03  1.38814049e-03 -6.75911754e-02 -7.58597255e-02
 -7.34052658e-02 -3.81752886e-02  5.88720180e-02  5.35266362e-02
 -1.97740704e-01  1.18338605e-02  1.40020415e-01 -4.76632975e-02
 -1.43418372e-01  3.59178931e-02  9.87280309e-02 -5.44395484e-02
  7.89717808e-02  1.11815572e-01 -2.90089697e-02 -8.91581625e-02
  8.95570219e-02 -1.08057216e-01 -1.14524774e-01  1.60918891e-01
 -4.42888439e-02 -2.40368411e-01 -1.28693163e-01  4.45442833e-02
  3.49635817e-03  2.97833264e-01 -8.68409723e-02 -2.29422405e-01
  7.14328364e-02  1.51786715e-01  1.56527713e-01 -6.17396133e-03
  2.11401768e-02 -5.26307411e-02  2.37659216e-02 -3.51634264e-01
 -1.64156944e-01 -1.02332525e-03  1.38115957e-01  4.01923269e-01
  1.24223061e-01  7.40442574e-02  4.04048041e-02 -2.33354151e-01
 -1.95312023e-01  1.42143760e-02  4.70323814e-03  3.93668897e-02
 -1.23502361e-02 -1.96110800e-01  5.25496826e-02  2.08323807e-01
  1.21622890e-01 -3.99562754e-02 -8.09820965e-02  3.47414017e-02
 -7.82479644e-02 -1.64275959e-01 -8.06622133e-02  1.54456556e-01
  1.43743873e-01 -1.68731019e-01 -6.10895269e-03  2.32014522e-01
 -3.80138052e-03 -1.16091549e-01  9.50780585e-02  1.46114975e-01
  4.29347679e-02  4.45419103e-02  1.17515326e-01  1.14358164e-01
  2.06239447e-01  3.96540239e-02 -8.13246965e-02  3.05643022e-01
 -2.06295699e-01 -1.23189345e-01 -2.17112929e-01 -1.54330656e-01
 -1.54350773e-01  2.85767186e-02  1.71198726e-01  1.28877580e-01
  7.65513033e-02  4.98411199e-03  1.77415222e-01  9.87483114e-02
  5.22596613e-02  1.49560377e-01  1.26483828e-01 -6.28776699e-02
  1.12058923e-01  7.22051933e-02  1.39353752e-01 -9.11708698e-02
 -9.71510187e-02  1.96532812e-02 -2.06466392e-02 -1.07086629e-01
 -1.48423314e-02  4.37112711e-02  1.87272400e-01 -1.24843709e-01
  1.44845501e-01  1.58737734e-01  9.34269056e-02 -1.63760900e-01
  6.24066293e-02 -7.50186443e-02 -5.98340780e-02  1.35007247e-01
 -6.84839999e-03 -1.96788944e-02 -1.37840182e-01  2.82931745e-01
 -9.73801836e-02 -2.03902915e-01  4.14963951e-03 -1.13168750e-02
  1.10697247e-01  5.45062944e-02 -1.28561661e-01 -4.47339080e-02
  1.07093886e-01  5.88117400e-03  7.75834695e-02  4.48148027e-02
 -7.65852779e-02 -8.38059261e-02  5.18887118e-02  1.98330089e-01]