http://erau.edu/ontology/meme.owl#ThisBirdKeepsItselfInTheAirBySheerForceOfAngerAloneMeme
[-4.98403534e-02 -1.82615504e-01  9.89799201e-02  4.62881103e-02
 -8.79954770e-02  5.43804877e-02  1.60379171e-01  1.73903912e-01
  3.95457037e-02 -6.95364624e-02  1.12848252e-01 -8.09493735e-02
 -9.11672488e-02 -1.34168155e-02 -1.60038084e-01 -1.87206271e-04
  1.44971386e-01  1.95051298e-01  1.86841175e-01  1.79930046e-01
 -3.08745593e-01  3.08816358e-02  1.65550694e-01 -6.60129711e-02
  2.08915785e-01 -5.61447255e-02 -1.93074066e-03 -7.43770450e-02
  2.69705087e-01  1.51972860e-01  5.29263690e-02  1.20829418e-01
  1.21891327e-01 -7.84748569e-02 -7.02261329e-02  1.34386152e-01
 -4.93035242e-02  1.34499833e-01 -1.02900937e-02 -1.31181926e-01
  3.87513898e-02  2.41157681e-01 -1.31953016e-01 -2.38102935e-02
  2.31776275e-02  7.71595389e-02 -2.33598575e-02 -5.13935573e-02
  1.06936069e-02  2.75039719e-03 -1.84339583e-02 -6.58998415e-02
 -7.63257891e-02 -1.30177498e-01 -6.86496571e-02 -9.69666839e-02
  1.40114337e-01  2.84482986e-02  1.93589911e-01  8.60019699e-02
 -4.09041233e-02 -9.26415250e-02  1.74912483e-01  8.28765556e-02
 -1.87232941e-01 -1.13511205e-01 -1.31398868e-02 -3.77167575e-02
 -9.84235853e-02 -7.32478350e-02 -1.20016932e-01 -3.36005948e-02
  7.60155916e-02  6.73064440e-02  9.14587677e-02  1.02543354e-01
 -1.40121728e-01  4.60643396e-02  1.96072310e-01  1.49105135e-02
 -1.08773388e-01 -1.04448311e-01  1.98850185e-02 -1.10610791e-01
  5.48487045e-02 -1.00421540e-01 -6.28155917e-02 -8.79821926e-03
  4.38498519e-02  4.58480902e-02  7.07045346e-02 -3.34718883e-01
  6.85736313e-02 -8.08327571e-02 -9.60932449e-02  4.48493734e-02
  1.63372848e-02 -3.17297429e-02  4.79229204e-02 -9.05375406e-02
  1.57730833e-01 -4.01412621e-02  1.99846253e-01 -1.52940392e-01
 -7.06995651e-03  5.32674715e-02  1.08583219e-01 -9.17756334e-02
  1.99842378e-02 -7.03747272e-02  1.82509031e-02  1.07856467e-02
 -1.84467867e-01 -6.49128631e-02  1.09296001e-01  1.67430099e-02
 -2.95320600e-01 -3.21017742e-01  1.03703693e-01  4.88009527e-02
 -1.18139617e-01  1.11067869e-01 -1.18083991e-01  9.91196260e-02
  9.57975984e-02 -1.46293879e-01 -5.27267046e-02  3.38426679e-02
  1.13355055e-01  3.30411717e-02 -2.63177305e-01 -6.59167841e-02
 -1.06036626e-01  5.29182702e-02 -4.06329855e-02  1.83665991e-01
  1.86314862e-02 -5.06609417e-02 -1.84966996e-01  4.84655350e-02
 -2.62649000e-01  3.39410566e-02  2.78603453e-02  1.00595184e-01
  2.14885592e-01 -2.24702552e-01  5.52247465e-02 -1.71119943e-01
  2.16248445e-02  1.97898805e-01  2.20048446e-02 -1.80068702e-01
 -5.01747541e-02 -4.75929938e-02 -2.66241492e-03  1.01833090e-01
 -1.57499015e-01  1.42254651e-01  8.65709409e-02 -1.41786888e-01
 -9.60022863e-03 -1.13197185e-01  5.53025911e-03 -3.80716510e-02
 -1.66496798e-01 -2.72329181e-01 -4.47762944e-02  3.91028412e-02
 -3.67006212e-01  1.40297458e-01  6.33008108e-02  3.47798094e-02
  1.31361395e-01  6.54463470e-02  7.88035467e-02 -7.39857331e-02
 -7.86744505e-02  2.84766108e-02  1.04752854e-01 -6.53413758e-02
 -1.31634712e-01  5.61920330e-02  2.56583672e-02  1.38109056e-02
 -1.32063702e-01 -1.96779314e-02  1.09309658e-01  7.19245970e-02
  2.71916091e-01 -3.74037437e-02  2.15855297e-02 -1.04435876e-01
 -2.25738943e-01 -8.31675678e-02 -5.90051524e-02 -4.63345982e-02
 -4.39988710e-02  5.60910963e-02 -1.09945178e-01 -5.50574549e-02
 -1.03593200e-01 -2.06150804e-02  9.91899446e-02  1.84912086e-02
 -7.62800351e-02 -3.76718551e-01  8.09136331e-02 -4.13297974e-02
  2.22765774e-01  2.59118736e-01  4.15563107e-01  1.18232802e-01
 -9.99604389e-02 -1.03786893e-01  1.39061764e-01 -1.58674791e-02
 -2.50648949e-02 -8.39315206e-02  1.92316070e-01  2.64016747e-01
  2.58796871e-01  2.15948820e-01 -1.92741275e-01  7.60111287e-02
 -3.93880494e-02 -1.73560277e-01 -1.43548697e-01  4.41650208e-03
 -6.21662512e-02 -8.63131136e-02  1.41499698e-01  2.59327563e-03
 -4.68604825e-02 -1.51584327e-01 -1.09078914e-01 -9.52721089e-02
 -1.93202421e-01  1.35296136e-02  7.14081153e-02 -6.05847053e-02
 -5.63193522e-02 -8.39047879e-03  1.61981583e-02 -7.75768701e-03
 -2.22771749e-01 -1.52478414e-03 -1.41588554e-01  4.70301732e-02
 -1.69031382e-01  4.07708175e-02  1.47927999e-01 -4.74911556e-02
  7.60989189e-02  1.51959006e-02  3.46655063e-02  1.34984581e-02
 -2.27508992e-01  2.86006574e-02  6.44876286e-02 -8.72651860e-02
 -1.14014007e-01  2.89673614e-03 -7.78554799e-03 -1.63789585e-01
 -1.03357062e-01 -4.84865531e-02 -1.22266695e-01  4.00055014e-02
  5.84824085e-02 -1.89397857e-01  6.06324337e-03 -8.29853565e-02
 -4.55632061e-02  2.80407853e-02  9.99283493e-02 -4.89188395e-02
 -1.54469050e-02 -3.32632512e-02 -1.58440452e-02  5.96825182e-02
  1.04317836e-01  1.42115176e-01 -9.13410857e-02 -3.26098874e-02
 -2.13478848e-01  5.05751967e-02 -1.47751167e-01 -9.12858620e-02
 -1.29413360e-03  8.57638046e-02  1.28870904e-01 -1.07445523e-01
  9.30123404e-03 -1.17740817e-01  2.28366107e-02 -3.93619128e-02
  1.61818162e-01  5.85619286e-02 -7.79133886e-02 -8.04603547e-02
 -9.92460325e-02  1.39303491e-01 -3.74252945e-02 -3.61524671e-02
  4.16557752e-02 -5.51144481e-02  1.07448183e-01  4.30950858e-02
  2.66357809e-02  8.53655264e-02  1.76842749e-01 -2.49683708e-01
  1.05957508e-01  8.51787925e-02 -6.74051642e-02 -1.08931875e-02
 -2.84192543e-02  1.07094392e-01  9.03168246e-02 -3.49050090e-02
 -5.38305677e-02 -6.91839457e-02  1.01280205e-01  1.11922756e-01
  3.32044363e-02  1.15368001e-01 -1.19953984e-02  9.27407667e-02
  1.45153895e-01  2.75019370e-02  5.39994463e-02  7.61843892e-03
  1.17330886e-02 -7.87674412e-02  2.78047519e-03 -9.63581949e-02
  7.16103688e-02  3.59550640e-02  1.07248535e-03  9.84126925e-02
  1.42343603e-02  1.73505530e-01 -7.70313889e-02  2.09332798e-02
 -3.12184282e-02 -4.16461565e-02 -1.47745699e-01  1.07659452e-01
 -3.33852530e-03 -6.57516941e-02 -2.35712156e-02 -6.78448007e-02
 -5.12394607e-02  1.39655396e-01 -8.03847611e-02  3.02485675e-02
 -4.77394694e-03 -1.51524907e-02  2.47044802e-01 -2.65015289e-02
 -4.06934731e-02 -1.44132134e-02  1.66658685e-02  5.83462715e-02
 -6.85940459e-02 -4.73020263e-02 -1.62113577e-01 -4.59901849e-03
  7.78009882e-03  5.99438837e-03 -9.02203768e-02 -8.24614465e-02
 -1.84490904e-01  6.34482652e-02  3.13793607e-02 -6.96136206e-02
 -1.37449935e-01  3.10838837e-02 -3.46507616e-02  2.77851298e-02
  6.04682676e-02  1.51947513e-01 -1.07715443e-01 -1.48638144e-01
  1.12132423e-01 -2.00712979e-01 -1.68240517e-01  2.08081558e-01
 -2.44052373e-02 -4.34274711e-02 -3.97966616e-02  8.45845714e-02
 -1.27476498e-01  3.00927192e-01 -1.06479064e-01 -2.73162901e-01
  9.26078558e-02  4.29476835e-02  3.36308688e-01 -1.65014505e-01
 -1.08802222e-01 -2.26739243e-01  3.14025804e-02 -2.76400387e-01
 -1.04886070e-01 -9.28674079e-03 -1.80204529e-02  2.90167153e-01
  2.05159515e-01 -3.73589545e-02  1.91528514e-01 -5.94115034e-02
 -1.93932489e-01 -3.34443972e-02 -1.00203073e-02  1.09754056e-01
 -1.69177473e-01  5.63421920e-02 -2.65081506e-02 -4.30955775e-02
  6.31478280e-02  1.19134150e-02 -1.54550329e-01  2.45690085e-02
  1.00054435e-01 -1.73238233e-01  2.39450671e-02 -4.04315740e-02
  5.63064329e-02 -3.78260091e-02  1.30918667e-01  1.66385800e-01
  1.50065586e-01 -1.85624152e-01  1.82408437e-01  4.77961451e-02
  2.41451021e-02  8.70016590e-03 -3.96838747e-02  1.26400352e-01
 -1.50838576e-04  9.50066820e-02 -5.79482280e-02  3.12070429e-01
 -2.08501980e-01  2.23603938e-03 -8.98845941e-02 -2.22543374e-01
  1.45433024e-02  3.17298099e-02 -5.02520502e-02  1.55578136e-01
  1.29604176e-01 -2.13543829e-02  2.27144584e-01  3.77041698e-02
  2.40997270e-01 -4.05930020e-02  1.23714507e-01  4.01243344e-02
  1.05265476e-01  1.55802041e-01  9.85033587e-02 -1.80025939e-02
 -1.25344679e-01  1.24730587e-01  4.48842347e-02 -1.82250038e-01
 -2.50658449e-02  1.72403425e-01  1.74086124e-01  6.36557341e-02
  1.96235895e-01  2.04579514e-02 -7.62591511e-02 -2.36865655e-02
  8.97150338e-02 -1.00706168e-01 -4.47925925e-02  1.31466731e-01
 -3.68211903e-02  2.59040445e-02 -4.21854556e-02  8.92946348e-02
 -5.62468544e-02 -2.00931102e-01  7.47345835e-02 -4.88602556e-02
  5.15585616e-02  9.71180499e-02 -1.00218937e-01 -3.51553634e-02
  1.60361350e-01 -5.25639653e-02  7.84651376e-03  8.97850990e-02
  1.03239045e-01  3.14263292e-02  1.53343141e-01 -2.82310648e-03]