http://erau.edu/ontology/meme.owl#LordesRoyalsMeme
[-1.24135599e-01 -2.02642217e-01 -1.60625298e-02 -6.19994178e-02
  5.01476824e-02  6.13083504e-02  1.77180767e-01  7.57523179e-02
 -1.09733991e-01 -6.15213215e-02  9.35807377e-02 -1.08787090e-01
  5.50652705e-02 -1.44298047e-01 -4.28595468e-02  3.49224471e-02
  6.44760057e-02  1.35670789e-02  8.04767385e-02  1.24763034e-01
 -2.00041518e-01  5.75709008e-02  1.23989724e-01 -1.42911106e-01
  6.89349845e-02  2.60679349e-02  6.87111169e-03 -5.43205962e-02
  2.78991550e-01  8.57339799e-02  6.40647486e-02  9.49183330e-02
 -1.35725364e-01 -9.07087401e-02 -8.26303214e-02  7.73214847e-02
  9.19196829e-02  1.05550200e-01 -2.08699748e-01 -1.59961596e-01
  4.56326306e-02  1.11179218e-01 -6.11345172e-02 -6.28184229e-02
  1.02989987e-01 -3.06335762e-02  1.04107425e-01  4.59843092e-02
 -1.86841320e-02  7.71626383e-02  6.75016120e-02  3.06037739e-02
 -4.25167345e-02 -1.93016320e-01 -4.66499068e-02 -4.22471128e-02
  1.22110255e-01 -7.94517528e-03  2.17657283e-01  9.76120606e-02
 -5.58350421e-02 -1.93855148e-02  6.36332408e-02  4.63845208e-02
 -1.38385057e-01  4.33922783e-02  1.23982504e-01 -2.22017150e-02
 -1.02927558e-01 -1.37934774e-01  5.93682332e-03  1.48734972e-01
  1.31375194e-01 -6.70509189e-02  9.20677092e-03  1.33223668e-01
  1.08318571e-02  1.56855714e-02  1.57215983e-01  7.60339350e-02
 -5.89201190e-02 -1.41672000e-01 -1.29848853e-01 -2.73051560e-01
  1.09511726e-01 -2.14795932e-01 -1.77825511e-01  2.16836616e-01
  9.37341750e-02  6.54049311e-03  4.39725928e-02 -1.73714399e-01
  1.19362883e-01 -1.14887409e-01 -1.38814747e-01  4.07055467e-02
 -8.23066607e-02 -1.65890679e-02 -4.29986082e-02 -8.47304687e-02
  1.18965246e-01 -7.00218007e-02  2.57915229e-01 -8.84923190e-02
  2.24391837e-02  7.56814629e-02 -2.63950205e-03  4.49719578e-02
  2.82354504e-02  2.54599918e-02 -3.37057337e-02  3.16869244e-02
 -1.59940436e-01 -1.11546807e-01  2.38888338e-01  4.12662514e-02
 -2.85359502e-01 -1.84759378e-01  6.14973307e-02  1.76565856e-01
  1.98630676e-01 -5.45731818e-05 -1.66667938e-01 -5.32837510e-02
 -1.46282151e-01 -6.25014603e-02  7.59445578e-02  3.51402722e-02
 -5.91428392e-02  4.55528032e-03 -2.27979451e-01 -1.52862951e-01
  3.21613587e-02 -2.40466986e-02 -1.37865245e-01  1.39713764e-01
 -1.58539996e-01 -8.67315754e-02 -8.83831903e-02  1.87671989e-01
 -3.38803262e-01 -6.83574677e-02  3.98729332e-02 -7.42178829e-03
  1.60934329e-01 -1.74861446e-01  1.70771584e-01 -1.38350680e-01
  1.17500825e-02  6.05683587e-02 -2.14068312e-02 -1.02227338e-01
  2.46716272e-02 -1.65833458e-02  2.78484393e-02  1.13783926e-01
 -1.52220681e-01  1.23552591e-01  4.66497764e-02 -2.50704736e-01
  2.64210314e-01 -6.35947436e-02  8.63627568e-02 -1.99843738e-02
 -3.14484179e-01 -2.05288589e-01 -7.12114722e-02  2.70174265e-01
 -2.49914631e-01  2.31706575e-01 -4.87579890e-02  2.48490736e-01
  2.50072539e-01  1.36065826e-01 -4.23886701e-02 -1.86980702e-02
 -9.93964374e-02 -6.52751699e-02  2.17618216e-02  1.48777604e-01
 -5.60855754e-02  5.38563766e-02 -8.04501697e-02  5.14498726e-02
 -1.28389448e-01  7.67588019e-02 -7.55895451e-02  6.36226907e-02
  1.72725812e-01 -1.37994930e-01 -7.20697120e-02  4.16791998e-02
 -2.48976827e-01 -6.56732246e-02 -8.38593766e-02  1.09233044e-01
  5.18909916e-02  1.77983165e-01 -1.59086904e-03 -4.58526611e-02
 -8.42261314e-02 -3.29608694e-02  1.63300157e-01 -4.94675972e-02
 -5.78570999e-02 -1.93670616e-01  1.76838450e-02 -2.47734170e-02
 -1.42945191e-02  5.32808714e-02  1.40241727e-01  1.17294267e-01
  9.26386714e-02 -9.80100781e-02  7.90273175e-02  2.38590077e-01
 -2.04212070e-01 -1.12056814e-01  1.27989143e-01  6.93717673e-02
  3.20193797e-01  5.49569055e-02 -1.05235949e-01 -1.56838857e-02
  8.48618075e-02  3.21463309e-02 -1.99910387e-01 -6.80808276e-02
  3.76286469e-02  1.17921859e-01  9.34383192e-04  5.20151146e-02
 -1.85727686e-01  2.63101999e-02  9.67118442e-02  1.30261227e-01
 -5.08204140e-02 -2.08111674e-01  2.34850585e-01 -9.45379212e-02
  1.10256113e-02  5.04448498e-03 -3.17349806e-02 -4.58356403e-02
 -1.96769595e-01 -5.38066812e-02 -2.24251911e-01 -1.11728258e-01
 -1.28660304e-02 -1.50183842e-01  1.03151560e-01  5.90838194e-02
  2.54333407e-01  8.81701633e-02  8.30124766e-02 -1.62091071e-03
 -1.31431416e-01 -4.73675206e-02  4.64973822e-02 -1.22168563e-01
 -1.25281820e-02 -2.95355409e-01  2.47291271e-02 -2.73406953e-01
  4.33145426e-02 -3.90445620e-01 -1.44521957e-02  5.92295127e-03
  1.59592301e-01 -6.06760643e-02 -3.18879783e-02 -3.14024761e-02
  1.57823926e-03  1.38979062e-01  2.12706685e-01 -8.80766287e-02
  1.80185765e-01 -1.00584708e-01 -2.23690450e-01 -1.23364091e-01
  2.17853233e-01  5.00963293e-02  3.80884623e-03 -6.92189038e-02
 -2.12081343e-01 -7.68342540e-02 -5.61932884e-02  9.86393094e-02
 -5.88701330e-02 -1.58072412e-01  1.48878530e-01 -1.54977769e-01
 -5.11753932e-02 -2.07068212e-03  4.13484946e-02 -4.95923124e-02
  1.22353509e-01  2.29828507e-02 -1.00726515e-01 -1.30369946e-01
 -3.52728307e-01 -2.20178161e-02 -4.19129990e-02  1.91479772e-01
  2.64595263e-02  5.14708459e-03  3.11144233e-01 -1.30996583e-02
 -8.19921400e-03  4.51202504e-02  2.43522763e-01 -1.95594817e-01
 -1.39775090e-02  2.16829404e-02 -3.12968343e-02 -1.90756228e-02
  2.01088376e-02 -6.51815310e-02  2.01586410e-02  5.09402975e-02
  6.39556050e-02 -1.91401914e-01  8.69481638e-02  1.92809507e-01
  7.66951963e-02  1.91177253e-03 -5.37435114e-02 -2.91761123e-02
  7.43974149e-02 -8.83564055e-02 -3.74957696e-02 -3.84058692e-02
 -4.39104531e-03 -1.13431469e-01 -1.27046123e-01 -3.49657744e-01
  1.17110588e-01  1.32577091e-01 -7.02565536e-02 -9.71998647e-02
  7.54881278e-02  7.94216320e-02  4.48471773e-03  6.51083514e-02
 -5.94183952e-02  8.71910080e-02  6.71645477e-02  6.40747175e-02
 -1.37219056e-01 -1.25883073e-01 -1.15596965e-01  3.18729808e-03
 -2.01099645e-03  1.38843343e-01 -2.07092255e-01  1.24121249e-01
 -3.67759168e-02 -1.93660960e-01  2.11231828e-01  4.02689017e-02
 -2.16518983e-01  1.59040883e-01  4.89830524e-02 -5.78741729e-02
  3.47799174e-02  5.98414205e-02 -4.30544429e-02  1.62509322e-01
 -1.29504949e-01 -4.01210003e-02 -9.33580399e-02  2.40770597e-02
 -1.93735808e-01  5.81058003e-02  6.59045056e-02 -3.41174267e-02
 -4.29380089e-02 -4.60777730e-02 -1.64064482e-01 -8.42586383e-02
  1.02026030e-01  1.79177642e-01 -5.63756339e-02 -3.59662287e-02
  1.17365189e-01 -1.25574693e-01 -5.63598573e-02  1.67609736e-01
 -1.47016227e-01 -1.01550549e-01  5.67356534e-02  7.56698623e-02
  3.51834446e-02  2.58047760e-01 -4.88737002e-02 -1.77674159e-01
  1.50284752e-01  7.35186860e-02  1.30761862e-01 -6.29048124e-02
 -2.95009613e-02 -2.91239977e-01 -1.56223318e-02 -2.15467826e-01
 -1.08671263e-01 -1.11136451e-01 -2.73595490e-02  4.40996468e-01
  1.49215534e-01  1.99638218e-01  1.61559626e-01 -2.07273081e-01
 -1.68657050e-01 -1.21737212e-01 -1.18174419e-01  1.75479367e-01
  4.92802858e-02  3.23780105e-02  3.29371095e-02  9.43220258e-02
  1.12764835e-01  2.05837250e-01 -2.77910739e-01  5.77036515e-02
  1.08350674e-02 -7.87669718e-02 -9.09730569e-02  1.75244257e-01
  6.93280473e-02 -1.63383335e-01 -6.78583458e-02  2.49218464e-01
  3.35830860e-02 -1.00335822e-01  1.90277770e-01  2.73197263e-01
 -6.26539404e-04 -2.37464070e-01 -7.22123161e-02  7.96849504e-02
  1.34645075e-01  1.99375488e-02 -5.11874519e-02  1.73240349e-01
 -1.58385962e-01 -1.73303634e-01 -2.27542311e-01 -8.96652043e-02
  1.13377739e-02  8.33219790e-04  1.51581317e-01  1.02402747e-01
  1.11880876e-01 -5.35744950e-02  1.24166064e-01  4.85944226e-02
  2.71015260e-02 -8.88124183e-02  9.37091261e-02 -6.06568530e-02
  2.10414991e-01  4.98908609e-02  3.79350558e-02 -8.51904377e-02
 -2.43238751e-02  9.52268615e-02 -8.66104588e-02 -1.79047897e-01
 -1.73408106e-01 -5.36214970e-02  9.72253680e-02 -1.20998565e-02
  1.90990746e-01  1.69540852e-01  8.98638833e-03 -1.45269617e-01
  2.13212967e-02 -1.99766308e-01  2.36094417e-03 -5.35293063e-03
 -7.35200942e-02  9.11771879e-02 -6.28050640e-02  1.79941788e-01
  2.50202734e-02  1.73573121e-02  3.82281095e-02  9.06009898e-02
  1.12935834e-01  1.62724808e-01  9.14413482e-02  6.26814961e-02
  7.12417066e-02  4.15436886e-02  1.16560280e-01 -2.88800430e-02
  2.94699576e-02  6.81167888e-03  6.15520887e-02  5.75205721e-02]