http://erau.edu/ontology/meme.owl#LocalMilkPeopleMeme
[-0.12761888 -0.15966797  0.00445852  0.06852283 -0.03694722  0.05801929
  0.06969033  0.0838831   0.07230513 -0.09224717 -0.0054057  -0.01846953
 -0.02781297 -0.14895748  0.04997116 -0.00747022  0.10803456 -0.04491403
  0.07587781  0.13241507 -0.21189919  0.07037717  0.01572433 -0.10966942
  0.21098901 -0.0243941   0.04518449 -0.10997303  0.36672065  0.3067532
  0.04705709  0.05727192 -0.02881687 -0.04277615 -0.11359171  0.10765169
 -0.04592029  0.05806511 -0.06762244 -0.10312681  0.14196044  0.18696758
 -0.09513297  0.13680223  0.12200535 -0.0429176  -0.06970371 -0.13112281
  0.04562393  0.11890563  0.00547434 -0.03425837 -0.03314817 -0.13598587
 -0.106918   -0.10744188  0.1387086   0.0325444   0.24538565 -0.01599528
  0.03624777  0.042054    0.04141375  0.06824928 -0.04399972 -0.01723608
  0.0147184  -0.02273204 -0.08307599 -0.11889323 -0.1761007   0.09682622
  0.092621   -0.05220023  0.0421587   0.05470971 -0.01277914  0.11253226
  0.12141528  0.0444455  -0.10129658 -0.01832985  0.03927054 -0.12575038
  0.02714109 -0.05818489 -0.1298349   0.09915181  0.11003993 -0.0180842
 -0.03503037 -0.17405237  0.04323189 -0.18386485  0.04991588  0.12334041
 -0.02949392  0.02078433 -0.01460971 -0.17351602  0.12746815  0.04102404
  0.32217008 -0.08147673 -0.03753651 -0.01500121  0.08267649 -0.03280083
 -0.07193709 -0.08830527  0.06373116  0.03655199 -0.11880445 -0.12001932
  0.04648571  0.14691961 -0.28946713 -0.21148708 -0.03355496  0.00187435
 -0.03548655 -0.06478357 -0.13607931  0.0884572   0.0828328  -0.14703877
 -0.03745348 -0.02448989 -0.01562858  0.08120707 -0.20228678  0.00129898
 -0.01538603 -0.10613028 -0.1565851   0.1069565  -0.02818457 -0.0381135
 -0.19571629  0.06736623 -0.24837261  0.05918558  0.05498217 -0.07524895
  0.1724623  -0.29075077  0.08384676 -0.0323842  -0.0895287   0.09870271
 -0.06991664 -0.13748404 -0.02812015  0.10168978  0.03710171  0.1053759
 -0.10107956  0.20232733  0.02674815 -0.14520966  0.06078587 -0.11466673
  0.12646595 -0.04884223 -0.13559183 -0.05888129 -0.0703261   0.07787991
 -0.26606482  0.17380638 -0.04248387  0.11639054  0.15163559  0.06656247
 -0.00333636  0.08711889 -0.09095201 -0.02441393  0.03714666 -0.10585031
 -0.05599897  0.10083444 -0.0729885   0.15526567 -0.14133844 -0.01627381
  0.17934747  0.04178058  0.21155724  0.02555608  0.03089928  0.001323
 -0.17194    -0.01763438 -0.02768326 -0.00681972  0.04518686  0.02689786
  0.01958459 -0.05120784 -0.01907859 -0.04783417 -0.08794043 -0.04790021
 -0.05249182 -0.22900715  0.0333129  -0.04131277 -0.03103147  0.06938653
  0.19726764  0.07113639  0.05138664 -0.02055355  0.08287849  0.0911188
 -0.10326345 -0.11920284  0.14333452  0.02606766  0.1729831   0.0265609
 -0.07394047  0.02238222  0.06568446  0.04302366 -0.1508233  -0.0048607
 -0.10070366  0.0213226   0.09096289  0.09879876  0.00216243 -0.1307084
 -0.06274749 -0.00832928 -0.07952943 -0.07313301  0.04952134 -0.06199049
  0.10345682 -0.06629156  0.08267827 -0.02076903 -0.19117679 -0.00556389
 -0.13349941  0.00079532 -0.02511319 -0.11418699  0.06860961 -0.06741189
  0.0690788   0.13339846  0.13874948  0.03527384 -0.14310478 -0.04246981
  0.05631643  0.02021473 -0.02913021 -0.12534705 -0.04591024 -0.14523366
 -0.08205412 -0.13365237 -0.1147297   0.05679076 -0.00853644 -0.10694677
  0.00993143 -0.0520111  -0.08388858  0.08732378  0.02438892 -0.01602825
  0.01533238 -0.05927461  0.01657024 -0.0078119   0.13073757  0.09786557
  0.03794374 -0.00363498 -0.17194928 -0.02706691 -0.06682859  0.05845156
  0.03627042 -0.11014628  0.0364242  -0.04587547  0.00414843  0.04216462
  0.04702541 -0.0048031  -0.02006829  0.0093536  -0.12630078  0.01088782
 -0.19321215  0.08458547 -0.02789231  0.09503975  0.0710104   0.03940763
  0.0814704   0.0054116  -0.01293158  0.08078077  0.2098189  -0.14252782
  0.02358971  0.05529525  0.03927368  0.02116095 -0.04020539  0.13109289
 -0.03819064 -0.0710514   0.06707647 -0.1234547   0.13992281  0.13255008
 -0.0482889   0.03280519 -0.0133801   0.02882307  0.04107569 -0.05463881
  0.02827912 -0.08148453  0.04603503 -0.08002745 -0.0541932  -0.17511977
  0.05722811  0.06424964 -0.07195503  0.04889617 -0.01643013  0.1529246
 -0.10167728  0.0275967  -0.15594567 -0.02046343  0.07161908  0.04392596
 -0.11800281 -0.05765934 -0.04970933 -0.03652053 -0.03234044  0.18933988
 -0.09067461  0.08077704  0.11075954 -0.06988386  0.10231974 -0.11923317
 -0.05414512  0.11401188  0.07299605 -0.02931778 -0.01153801  0.05939787
 -0.09746148 -0.00511798 -0.01661048  0.03295285 -0.07912014 -0.07085521
 -0.29394138  0.06882054  0.08435956 -0.07188877 -0.09352683  0.01511817
 -0.0505908  -0.07299078  0.10901263  0.10520656 -0.05903945 -0.14532802
  0.06767115 -0.09880504 -0.10378329  0.06242653  0.03423022 -0.16960974
 -0.04356812  0.06994269  0.00353008  0.12084165 -0.08348417 -0.18187517
  0.03476749  0.03024964  0.28758344 -0.06936339 -0.07090956 -0.13999462
 -0.0358425  -0.25020435 -0.20931746  0.01486898 -0.03270375  0.33987424
  0.12340289  0.05545686  0.00487491 -0.15075588 -0.10697431 -0.01049507
 -0.11600622  0.08357065 -0.15092137 -0.00729442 -0.00892773  0.10465471
  0.13237067  0.09554996 -0.23227258  0.0603395   0.03798665 -0.04246375
  0.0051906   0.14426924  0.12633872  0.03178519 -0.0368588   0.23424183
  0.04141585 -0.05954413  0.13257723  0.1316679   0.00309573  0.02180809
 -0.02547287  0.05605141  0.13839957  0.0006761  -0.09926396  0.28565904
 -0.19921881 -0.09035098 -0.23826554 -0.11032753 -0.12082083  0.09876336
  0.09896252  0.156594    0.05027693 -0.03973278  0.11500002 -0.02426893
  0.03965427  0.02980049  0.10326719 -0.03007915  0.22368589 -0.00705773
  0.01563358 -0.09147231 -0.04290925  0.08706541 -0.07685664 -0.12646586
  0.02161017  0.0786953   0.05591904  0.07055117  0.08575203  0.09615954
  0.05402152 -0.06256587  0.03261426 -0.09619086 -0.12980048  0.01889117
 -0.18876769 -0.01779695 -0.02167385  0.21917956 -0.03172568 -0.12494636
 -0.05129362  0.11281657  0.00479932 -0.05171072 -0.04978084  0.012245
  0.06485706 -0.07062156  0.10453849  0.03552726 -0.07859891 -0.04075668
  0.02876602  0.0278164 ]