http://erau.edu/ontology/meme.owl#GoTitansOneMeme
[-6.02237880e-02 -1.31345242e-01 -4.28982498e-03  2.05611717e-02
  1.17556006e-01  7.90751427e-02  2.21171483e-01  2.09160186e-02
 -9.91063491e-02 -6.53068200e-02  1.52682155e-01 -1.33423463e-01
 -1.21299714e-01 -9.06586926e-03 -1.77660547e-02  1.35999881e-02
 -3.38400230e-02  1.13858663e-01  9.46624391e-03  7.62993246e-02
 -2.17589661e-01  9.56399441e-02  1.07234366e-01 -1.50539279e-01
  8.04083422e-03  3.65965292e-02  2.73575075e-02 -1.68919772e-01
  2.67987013e-01  5.26046380e-02  3.22907157e-02  1.21596597e-01
 -5.57192275e-03 -3.67069803e-02 -1.03697114e-01  1.83278486e-01
  2.68999003e-02  5.34722917e-02  3.12100984e-02 -8.25103000e-02
  3.28689739e-02  6.93562627e-02 -2.13904560e-01 -2.60889325e-02
  7.80769214e-02 -2.87445989e-02  2.85871718e-02 -6.66101351e-02
  1.01264067e-01 -1.83210224e-02  8.12932178e-02  1.77870523e-02
 -1.83072314e-02 -1.91843048e-01 -1.08989850e-01  3.43165770e-02
  3.13315243e-02 -2.89358664e-02  6.65962398e-02  3.52107137e-02
 -5.85515127e-02 -3.07205711e-02  1.04510941e-01 -1.00746043e-01
 -1.44351855e-01 -8.87222737e-02 -1.17561877e-01  3.28097083e-02
 -7.78580606e-02 -1.65463209e-01 -1.22228272e-01  7.62715489e-02
  1.27511233e-01 -5.17284544e-03  2.23523602e-02  1.49282953e-02
 -5.04719268e-04 -5.23978621e-02  2.13900402e-01 -7.69433565e-03
 -3.13705243e-02 -6.34982139e-02 -8.25646743e-02 -1.49530366e-01
  1.16295647e-02 -3.69442888e-02 -1.68802992e-01  2.07388643e-02
  6.00143857e-02  2.21624635e-02 -3.51603739e-02 -1.69484407e-01
  1.07633822e-01 -7.90974032e-03 -2.50194650e-02 -2.88791750e-02
  5.10012768e-02  9.39356387e-02 -4.22364660e-02 -1.50402859e-01
  7.85160512e-02  4.35456410e-02  3.14902127e-01 -9.21372101e-02
  2.09831461e-01  5.16605973e-02  1.04858816e-01  9.45520625e-02
  8.71437415e-02 -3.79675627e-02  1.42351277e-02  2.00897809e-02
 -1.28695324e-01 -8.71013850e-02  1.42691806e-01  3.68160121e-02
 -2.60666549e-01 -1.36541069e-01  1.07090898e-01  1.53878182e-01
 -8.94754305e-02  3.10407951e-03 -5.43493778e-02  6.20561540e-02
  7.10171014e-02  1.17783817e-02  2.61088796e-02  2.69685611e-02
  3.43293175e-02  7.56521598e-02 -2.81821370e-01 -6.43516555e-02
 -2.96831820e-02 -1.21364910e-02 -8.86587501e-02  1.71039611e-01
  7.34275207e-02 -1.74696326e-01 -9.43904147e-02  7.89382905e-02
 -1.85555920e-01  9.48102698e-02  9.24986452e-02  1.23063754e-03
  2.47115374e-01 -1.64687306e-01  6.37384430e-02 -8.46335739e-02
  1.82913654e-02  2.15606391e-01  3.38934101e-02 -9.17002484e-02
  2.51320819e-03  1.22301556e-01 -8.35259154e-04  1.01865299e-01
 -1.55509159e-01  2.78560787e-01  6.51596040e-02 -1.57366231e-01
  5.09036146e-02 -1.22677274e-01 -8.31765682e-02 -3.03984322e-02
 -1.85370401e-01 -1.22176789e-01 -5.34191094e-02  1.76151380e-01
 -4.28811669e-01  8.32517669e-02  9.53300595e-02  1.77538067e-01
  1.26247734e-01  1.73486814e-01 -5.57693392e-02 -3.69987525e-02
  2.50388011e-02 -3.22198085e-02  1.01286717e-01 -4.20913212e-02
 -6.87206164e-02  1.42650353e-02  5.63424453e-02 -8.99569094e-02
  6.09266534e-02  2.38500722e-02  1.02560535e-01  9.59546641e-02
  1.46647349e-01  5.01248147e-03 -3.08206156e-02 -9.31448340e-02
 -2.37624362e-01 -1.08999535e-01 -5.69018163e-02 -6.00031018e-03
  9.02548060e-02  1.49336189e-01 -5.03035113e-02 -1.34400561e-01
  5.73041961e-02 -3.45044471e-02  1.28919199e-01 -2.11155280e-01
 -2.81986091e-02 -2.82937139e-01  3.09033357e-02  4.50201817e-02
  1.00207448e-01  1.54804572e-01  3.42778832e-01  1.65878147e-01
  4.40309988e-03  3.97891290e-02  7.05911964e-02 -2.81023309e-02
 -2.00447813e-01  5.81005514e-02  1.40455335e-01  5.52734509e-02
  1.50606245e-01  7.66945630e-02 -6.18989579e-02  1.16748214e-02
  2.04691738e-02  3.96794192e-02 -2.71689445e-02 -1.06720343e-01
 -3.56589165e-03  5.08730747e-02  6.25529885e-02  2.99506262e-02
 -1.05649047e-01  8.22582692e-02 -2.16811821e-02  8.74613822e-02
 -3.62622403e-02 -1.21125914e-01  1.22126266e-01 -4.67765816e-02
 -6.02090582e-02 -1.35293320e-01 -1.69266127e-02 -7.47101009e-02
 -1.06780775e-01 -4.44946326e-02 -1.33691922e-01 -3.84881496e-02
  6.50526090e-06 -7.34377503e-02 -1.78005397e-02  4.98049706e-02
  1.57566816e-01  2.11621765e-02  8.78375545e-02 -4.97960337e-02
 -7.94487745e-02 -9.93198343e-03  2.16809306e-02  7.53596500e-02
 -4.41700369e-02 -7.56084993e-02 -1.75646469e-01 -1.04642369e-01
 -2.40733493e-02 -1.80049092e-01 -5.11899963e-02  2.04368774e-02
  9.20810830e-03  4.29903809e-03 -2.29412727e-02 -1.09798148e-01
  4.57982020e-03  5.28855696e-02  1.97720423e-01  3.93227227e-02
  1.73130512e-01  1.14050554e-03 -3.97537835e-02 -9.25962031e-02
  8.84938911e-02  3.41496840e-02  1.64495390e-02 -9.51046720e-02
 -2.08131641e-01  6.95660636e-02 -1.89266261e-02 -6.12376146e-02
 -1.27118394e-01 -1.13131672e-01  5.63536212e-02 -2.05260534e-02
 -3.08195725e-02  1.29559860e-02  2.90264655e-02 -3.55398422e-03
  1.33484811e-01  5.20588234e-02 -1.03965886e-01 -2.12403342e-01
 -1.28359348e-01  9.95028764e-03 -1.60188098e-02  1.27983615e-01
 -4.18998934e-02 -8.60981941e-02  8.63789991e-02 -1.18676268e-01
  9.70449112e-03 -3.63916680e-02  1.79945737e-01 -7.54207745e-02
  1.47511419e-02  1.12290636e-01 -1.41529024e-01  4.19399515e-02
 -2.18307544e-02  2.29074694e-02 -3.23570110e-02 -4.43340763e-02
  7.50328004e-02 -1.76888868e-01  7.70646408e-02  1.18117161e-01
  7.68477693e-02  7.96097517e-03 -1.19092591e-01 -1.30235881e-01
  1.26579091e-01  3.67514677e-02  5.00012711e-02 -1.28744934e-02
  2.37635765e-02 -5.68226576e-02 -1.80316269e-02 -9.08950791e-02
  1.21529914e-01  4.19462025e-02 -9.08295996e-03 -1.84179842e-02
 -8.31847340e-02  1.12690724e-01 -6.14417680e-02 -5.80115765e-02
  7.93815926e-02 -1.41101971e-01 -8.48918036e-02  7.32675120e-02
 -5.30430069e-03 -1.66225553e-01 -8.59646648e-02  7.57360384e-02
 -8.09757560e-02  1.73171058e-01 -1.64942816e-01  1.09021366e-01
 -7.62548074e-02 -8.62945616e-03  2.22253919e-01  1.46315750e-02
 -9.96650532e-02  1.26637230e-02  1.83673408e-02  2.59321812e-03
  5.92658892e-02 -9.03675631e-02 -4.26198058e-02  5.29123209e-02
  3.20525505e-02  7.59692714e-02  2.42251139e-02 -5.73645048e-02
 -4.08086292e-02 -1.56722229e-03  6.50926353e-03 -2.53685992e-02
 -3.85181117e-03 -1.11774951e-02 -8.74113962e-02 -4.18832824e-02
  8.56094658e-02  7.37476721e-02 -1.04133405e-01 -3.13826278e-02
  1.24280855e-01 -1.02250777e-01 -1.57584757e-01  1.35460511e-01
 -1.01189904e-01 -2.02671051e-01 -4.66096513e-02  5.24152890e-02
 -7.54324198e-02  3.40418577e-01 -1.82644781e-02 -2.00383306e-01
  3.84003855e-02  6.58971742e-02  3.98964018e-01 -7.27401972e-02
  1.50479213e-03 -3.01616639e-01  1.03919066e-01 -3.23295474e-01
 -8.62249136e-02 -4.00360189e-02 -2.15963461e-02  4.44008619e-01
  1.57052241e-02  4.41948809e-02  4.19681296e-02 -1.35282278e-01
 -7.87407607e-02 -3.05730179e-02 -2.18458176e-02 -5.09767830e-02
  8.40177666e-03 -1.98569819e-01  9.40382406e-02  1.45028770e-01
  3.60181965e-02 -4.34384011e-02 -1.09583542e-01  2.85498332e-02
 -4.46544662e-02 -1.16458610e-01 -3.19236889e-02  9.25249234e-02
 -2.41895881e-03 -1.42788915e-02 -2.54100710e-02  1.65261418e-01
 -3.60369403e-03 -1.62023544e-01  3.32622835e-03  1.58009157e-02
 -3.96715254e-02 -3.81409302e-02  5.29715344e-02  8.52007866e-02
  9.94783863e-02  6.27065077e-02 -8.84603262e-02  1.52401254e-01
 -9.29350108e-02 -8.24859887e-02 -1.50589168e-01 -7.33744949e-02
 -3.54516506e-02  2.49622632e-02  9.69685167e-02 -3.39953490e-02
  7.57781714e-02  1.07336633e-01  8.63789618e-02  3.93936969e-02
  1.26907527e-01  1.82862028e-01  1.19613238e-01 -8.60267952e-02
 -1.43159879e-02  9.93238017e-02  1.39374062e-01 -1.55924827e-01
  7.81664848e-02  1.64636657e-01 -5.54749742e-02 -9.53831226e-02
 -1.83092542e-02  1.91259012e-02  1.71810418e-01 -1.97002236e-02
  8.93020481e-02  7.15823770e-02 -1.39548834e-02 -6.32197782e-02
  5.16219027e-02 -1.56831905e-01 -7.67609850e-02  1.06300108e-01
 -2.32077036e-02 -4.11005914e-02 -9.78896469e-02  1.38399988e-01
 -8.76739323e-02 -1.38753518e-01 -2.42142454e-02 -1.09861895e-01
  1.88603833e-01  5.71699217e-02 -9.57750008e-02  1.58490613e-02
 -7.31895640e-02 -1.41162761e-02  2.18167320e-01 -7.30925202e-02
 -5.94227426e-02 -6.34332374e-03 -2.06341669e-02  8.03057104e-02]