http://erau.edu/ontology/meme.owl#LetTheBodiesHitTheFloorMeme
[-1.40836835e-01 -1.20160513e-01  1.13288835e-01 -4.26711552e-02
 -2.28919480e-02 -1.48861691e-01  2.53693163e-01 -1.46775946e-01
  1.09651469e-01 -1.64505675e-01  1.55938208e-01 -4.81980629e-02
  1.28463045e-01  1.25584915e-01 -6.77518770e-02 -5.29924445e-02
  3.05503346e-02  2.30948880e-01  6.84232116e-02  7.13294074e-02
 -1.96046486e-01  2.76887745e-01  1.99437678e-01 -1.77553967e-01
  1.00517631e-01 -6.23164698e-02  5.90582117e-02 -2.59172112e-01
  3.45426887e-01 -2.24733092e-02 -5.86663894e-02 -2.06969995e-02
  7.40790879e-03 -1.31422102e-01 -1.37957990e-01  3.33143294e-01
 -6.11457527e-02 -1.15040559e-02 -9.90660023e-03 -1.22006536e-01
 -1.36445373e-01  1.82763368e-01 -3.60285044e-01 -7.06768110e-02
  8.51052850e-02 -6.44251555e-02  6.37626573e-02 -2.40148716e-02
  1.80959344e-01 -4.29883040e-02  1.27758548e-01  3.09329797e-02
 -1.41320750e-01 -6.89712837e-02  2.45739911e-02 -1.20966986e-01
  4.25656103e-02 -1.12755105e-01 -5.35113411e-03  1.19708925e-01
 -1.05060391e-01 -1.36519581e-01  2.24555552e-01  3.28644216e-02
 -1.44417837e-01 -2.42656227e-02 -6.20234497e-02 -4.29933937e-03
 -3.71547490e-02  1.62301939e-02 -3.20286043e-02  1.13738447e-01
  8.71405005e-02  8.51402059e-03 -4.00677733e-02  5.37100509e-02
 -2.68202703e-02  4.60718479e-03  1.58818245e-01  6.52045608e-02
 -1.37690445e-02  3.74176428e-02 -9.43962932e-02 -1.33096680e-01
 -1.28581878e-02  9.73691605e-03 -4.43496322e-03  1.18027218e-01
  5.06402291e-02 -1.75945158e-03 -3.34511586e-02 -1.25097856e-01
  1.77073359e-01  3.23755518e-02 -9.05035213e-02  6.03559762e-02
 -3.79025824e-02 -8.57945308e-02 -2.65606791e-02  8.14432465e-03
 -3.58098559e-03  1.73544250e-02  2.74992461e-04 -3.82223465e-02
  3.15024168e-03  3.41099165e-02  1.37457654e-01  6.55594915e-02
  3.79086174e-02  1.91064961e-02  3.94859351e-02 -1.07900918e-01
 -6.48277923e-02  5.30885346e-02  1.49207979e-01  9.49049145e-02
  7.71600055e-04 -1.09813124e-01  1.95695788e-01 -3.53575125e-02
  1.37017190e-01 -1.03856429e-01  5.33147668e-03  5.15556112e-02
  6.68303743e-02  5.31334952e-02 -4.97565940e-02  1.14772161e-02
  8.97469521e-02 -5.72595522e-02 -1.12996951e-01  1.68401618e-02
 -3.09558492e-02 -1.39023110e-01 -2.23755557e-02  2.75900550e-02
 -6.24049455e-02 -6.13353848e-02 -4.36633602e-02  1.05435625e-01
 -1.55867204e-01 -1.84177205e-01  1.27675354e-01  1.14445589e-01
 -1.18918344e-02 -4.61216234e-02  1.07648581e-01 -5.16297743e-02
  8.22763741e-02  2.03412592e-01 -8.30437616e-02 -1.23590015e-01
  5.34377061e-02 -4.83474806e-02 -1.85279354e-01 -2.38863192e-02
 -6.22797422e-02  2.29023367e-01  7.21955448e-02 -7.08912360e-03
 -3.28962542e-02 -7.91041777e-02 -1.42831445e-01 -9.94706713e-03
 -1.13506421e-01 -1.91306651e-01 -3.90146635e-02  5.46633564e-02
  1.25233678e-03 -1.31311268e-01  2.26985873e-03  5.82427308e-02
  1.26214430e-01 -8.87174904e-03 -8.73995200e-02 -5.04759774e-02
 -3.51892598e-02  2.04914957e-02  1.30710185e-01 -2.33068485e-02
 -3.62328663e-02  7.83659369e-02 -7.84380641e-03 -5.54952510e-02
  9.77660269e-02 -7.43321404e-02  6.51831105e-02  4.55416292e-02
  1.89920276e-01 -6.09090142e-02 -7.76484907e-02 -1.00536987e-01
 -1.90016061e-01 -1.28444031e-01  3.60482372e-02  3.17746028e-02
  2.75644753e-02  1.91260412e-01 -3.61652672e-02 -1.84560157e-02
  8.65543857e-02 -1.01440981e-01  5.85670695e-02 -1.58712298e-01
 -9.63467732e-03 -1.94965035e-01  7.61461677e-03 -1.33237774e-02
  1.33056551e-01  1.28682151e-01  1.91686079e-01  2.97909230e-02
  4.48521553e-03 -3.07374187e-02  1.35513484e-01 -1.47920437e-02
 -3.42349969e-02 -1.72699511e-01 -3.20676304e-02  8.65797922e-02
  2.21943974e-01  1.96447283e-01 -1.44322678e-01  4.46495041e-02
 -7.06709549e-02 -1.15997773e-02 -1.89615071e-01 -9.20776557e-03
 -9.46414322e-02 -1.51920074e-03 -3.86206992e-02 -8.58625770e-02
 -1.52690500e-01 -1.21153584e-02  1.00784015e-03  9.04747397e-02
 -1.45669922e-01 -1.63320526e-01  1.13169275e-01 -5.34746312e-02
 -1.30401843e-03 -2.12227460e-02  1.20783001e-02  2.74713058e-02
 -2.37099335e-01  4.36551459e-02 -2.20317796e-01 -1.23005517e-01
 -1.63144648e-01  9.70875397e-02  3.48222591e-02 -1.19868584e-01
  2.68666804e-01 -1.11346528e-01  2.22424060e-01 -9.40197334e-02
 -4.99963090e-02  8.67599621e-02 -1.17838360e-01  2.08599821e-01
 -1.49497479e-01 -1.18199065e-01 -1.20495781e-01 -3.38164903e-02
 -3.79580334e-02 -8.93467665e-02  1.73134193e-01 -1.29076526e-01
  5.95395230e-02 -3.87464389e-02  2.40951069e-02 -4.19722684e-03
 -2.87048146e-02 -2.95460727e-02  1.76798657e-01 -2.14006975e-01
  9.75464880e-02  1.04162380e-01  7.18843266e-02 -2.48136055e-02
  2.71635391e-02  1.29562125e-01 -6.97877929e-02 -2.38824815e-01
 -1.38713270e-01 -2.16080589e-04 -1.00217231e-01 -1.94566958e-02
 -2.99849845e-02 -1.65935636e-01  2.09929794e-02  2.40722876e-02
  8.09236169e-02 -1.72985062e-01  3.94898579e-02  4.01903540e-02
  2.12466717e-01 -2.37009879e-02 -1.19839057e-01 -3.10244262e-01
 -5.36746755e-02 -2.44999379e-02  1.33419328e-03  1.57848060e-01
 -1.52562410e-01  1.42686525e-02  2.61668563e-01 -1.04133701e-02
  6.29847348e-02 -1.89523190e-01  4.83101606e-02 -2.66843081e-01
 -1.01316817e-01  1.36033997e-01 -2.72279102e-02  1.05859183e-01
 -4.00412753e-02  6.10482087e-03 -5.38984425e-02 -1.75750881e-01
  1.83650792e-01 -2.08825439e-01  1.95057362e-01  2.44649842e-01
 -6.39410317e-02 -1.38534963e-01 -2.49427021e-01 -7.69146234e-02
  2.62032747e-01  5.09992726e-02  4.41404656e-02 -8.11092276e-03
  1.24966756e-01 -7.59108812e-02  3.42993699e-02 -1.41384929e-01
  1.23315945e-01  7.68456459e-02 -6.97112679e-02  1.04539998e-01
 -9.73695144e-03  3.31964493e-02 -7.34935999e-02 -8.95912573e-03
 -1.93415776e-01  3.67715545e-02 -1.42308235e-01  1.48752421e-01
  1.11083314e-01 -2.51241863e-01 -3.46769802e-02  2.01727882e-01
 -1.80433750e-01  5.32854795e-02 -1.48257941e-01  8.98774117e-02
  1.49628401e-01  1.08958893e-01  1.39058009e-01  3.12529951e-02
 -1.00635611e-01  2.52275944e-01 -2.49039717e-02 -3.92116979e-02
  1.45219862e-01 -1.72648340e-01  1.15895178e-02  7.16170892e-02
  1.64524037e-02  2.03780569e-02  3.20772417e-02  9.08732265e-02
 -2.54432529e-01 -1.25477090e-01 -4.45967093e-02 -4.06104811e-02
 -1.14274822e-01 -2.36365572e-03  1.15782902e-01  9.08239782e-02
  2.02530976e-02  2.00860128e-01 -5.44148348e-02  4.53397408e-02
  1.33462280e-01 -2.52929240e-01 -1.31055072e-01  1.84381321e-01
 -2.15191379e-01 -1.78527936e-01 -6.39847219e-02  2.50318408e-01
  4.93367016e-02  2.64044881e-01  3.69164422e-02 -3.36966127e-01
  1.13265753e-01  7.99171105e-02  2.90152103e-01 -3.49570327e-02
  9.49304830e-03  5.57567109e-04  1.12411842e-01 -2.39687368e-01
 -1.40128642e-01  6.54179156e-02  5.63968793e-02  2.13583604e-01
  2.10077520e-02  1.74831048e-01  2.35888705e-01 -1.05110236e-01
 -2.55771488e-01 -1.68715313e-01  1.15270093e-01 -6.01883940e-02
 -7.66423494e-02 -1.38808459e-01  1.78453699e-02  9.73931849e-02
  1.57937497e-01 -4.46929112e-02  2.31803954e-01 -3.54640335e-02
 -1.71341807e-01 -2.00465769e-01 -9.04100984e-02 -8.50313250e-03
  1.57636642e-01 -1.49928033e-01  1.77277416e-01  3.69557172e-01
  1.18172057e-01 -1.11402415e-01  1.98887974e-01  2.17318743e-01
  1.06081530e-01 -9.76211354e-02  1.40005544e-01  1.18178926e-01
 -1.98552422e-02  2.62399286e-01 -1.92635044e-01  2.23635867e-01
 -3.55169713e-01 -1.31628230e-01 -2.30378032e-01 -1.33434013e-01
 -1.57576278e-01 -4.99294922e-02  5.69629408e-02 -1.05161734e-01
  1.31391764e-01 -3.85271870e-02  1.06922947e-01  1.51761726e-01
 -5.05566178e-03  9.67945829e-02  3.05651817e-02 -5.60816638e-02
  2.65285879e-01  1.39809713e-01  1.65840864e-01 -1.28102258e-01
 -1.52994413e-02  2.05151781e-01  1.24143220e-01 -2.00849786e-01
  1.50745856e-02  7.83115998e-03  1.22934736e-01  4.94412445e-02
  1.39217898e-01  1.76899433e-01  8.29570293e-02 -3.26135755e-01
  7.77245015e-02 -2.23294809e-01 -2.76489393e-03  1.28862023e-01
  1.25543997e-01  3.00499814e-04 -7.61640072e-02  2.17140615e-01
 -1.96935296e-01 -1.16463266e-01  8.64046216e-02 -4.72693704e-02
  1.22371800e-01  1.49661452e-01  1.52939903e-02  5.79475798e-02
 -7.39692198e-03  1.81290552e-01  1.01498894e-01 -1.03278644e-02
  6.06349297e-02 -8.38922635e-02  7.31965527e-02  1.68249682e-01]