http://erau.edu/ontology/meme.owl#JoJoSiwaMeme
[-0.08874405 -0.06863163  0.13376264  0.12159134 -0.01761667  0.04388366
  0.20149034 -0.04088933  0.03192173 -0.10429572  0.08548064  0.04816056
 -0.05903731  0.11540551  0.0010824  -0.01401575  0.10840137  0.15334633
 -0.0300034   0.08611117 -0.17078188  0.07530369  0.06035392 -0.06380561
  0.10575344 -0.12173674 -0.05615432 -0.068088    0.35313103  0.09929078
  0.18012741  0.15391488  0.08749764 -0.05323706 -0.03049773  0.22163762
 -0.0653534  -0.00502303 -0.02334267 -0.02451217 -0.10184892  0.13032529
 -0.22466783  0.01743222 -0.00829977 -0.08572605  0.02541608 -0.08617655
  0.02654868 -0.03661325  0.11527578  0.07942873 -0.08232533 -0.17443903
 -0.12620156  0.09546097  0.14268428 -0.20456341  0.07874117  0.14072314
  0.03109337  0.02588247  0.09682258  0.07598108 -0.1870273  -0.01040498
  0.02730362  0.06552418 -0.08779183  0.05860178 -0.1340555   0.10057744
  0.09117559  0.03946245  0.07812819 -0.01196567 -0.0717048  -0.01135483
  0.10176035  0.07001848 -0.00365852  0.00168959 -0.04341725 -0.17271627
  0.02757608  0.03482564 -0.15571447  0.16258228  0.11507072 -0.01382184
  0.05820536 -0.16984734 -0.02481633 -0.02091424 -0.10670782 -0.01638078
 -0.12829416 -0.03270531 -0.14352661  0.01225643  0.07772073 -0.00492494
  0.2618596  -0.0818394   0.00322397  0.14576149  0.03040267  0.11041994
  0.02902547 -0.10125953  0.08180107 -0.01474204 -0.02469607 -0.05214755
  0.13504504  0.01584928 -0.11945774  0.04397283  0.02483424  0.05725125
 -0.0059057  -0.0282921  -0.03965226  0.12952025  0.2244076   0.04552481
  0.0240231   0.09353668  0.18861866  0.06275793 -0.2685246  -0.06865515
 -0.08835736 -0.10797884  0.00151298  0.22357245  0.005075   -0.06744383
 -0.12369236  0.03734826 -0.27358118  0.02647363  0.27611032  0.04979883
  0.22165376 -0.11413117  0.06045438 -0.09825756 -0.00841735  0.1247609
 -0.05498268 -0.08493079 -0.10262371  0.11091884  0.00895309  0.12966435
 -0.10862824  0.24311586  0.02365885 -0.07643389  0.01520168 -0.08277321
 -0.03723476  0.09934058 -0.2575755  -0.14658688  0.05185458  0.27552846
 -0.26772416  0.08151735  0.00150307  0.13038959  0.14323157  0.11143464
 -0.10711925  0.02764999 -0.00425973 -0.01749136  0.16412723  0.04269741
 -0.03568208  0.04041767  0.02826621  0.0366961   0.0286623  -0.03562173
  0.09533126  0.1678824   0.16209504 -0.05632822 -0.075069   -0.08284556
 -0.10492483 -0.13297369  0.03584658 -0.07363212  0.0480441   0.21781233
 -0.03658932 -0.11053595  0.05042092 -0.06054115  0.10936464  0.06260931
 -0.02742753 -0.32056317  0.00052972 -0.0215437   0.15494506  0.1465702
  0.30106527  0.10111915  0.00656204  0.0256599   0.01989598 -0.004507
 -0.10195491 -0.02422215  0.12368994  0.11764513  0.0381246   0.17110336
 -0.01994978  0.09474178  0.0279203   0.07953896 -0.05635402 -0.00817887
 -0.17708032 -0.00301117 -0.0031043   0.03736239 -0.05484004 -0.13430738
  0.03588079  0.09261803 -0.08280408 -0.12322441  0.0282169  -0.0100872
 -0.04227751  0.01207965  0.06286582  0.01103537 -0.22617334 -0.02795251
 -0.1755341  -0.07894126  0.01129022  0.03232339 -0.01670486 -0.05613326
  0.24240308 -0.05455101  0.25553387 -0.10927758 -0.1378568   0.00299689
 -0.01913637  0.024551   -0.20502432 -0.04775208 -0.06045903 -0.17251882
 -0.01335001 -0.10955416  0.15384036  0.05043501  0.0071471  -0.03755798
 -0.11249212 -0.00232906 -0.02095138 -0.12287525  0.04162966  0.00503531
  0.03836716  0.06305008  0.01113676 -0.09006578  0.09260193  0.21250486
 -0.030744   -0.12369978 -0.11687888 -0.04954213 -0.06117263 -0.00803134
 -0.03718903 -0.04493823  0.05903227 -0.14247864 -0.06169196  0.02975286
 -0.00796244 -0.0466305   0.11724573  0.02107409 -0.14627036 -0.05422539
 -0.01710799  0.10535046  0.07708995  0.07772232 -0.02888949 -0.01064883
  0.06958999  0.01179351 -0.11241624 -0.12987317  0.18591012 -0.14467761
 -0.03990484 -0.09540009 -0.15235108  0.02172939 -0.03024261  0.00062806
 -0.05257154 -0.1005981   0.06288476 -0.11737937  0.09115259  0.22102006
  0.00436081 -0.12297612 -0.06961861 -0.03360361  0.21068195  0.05381754
  0.00711618 -0.11098069 -0.01092815 -0.09802119  0.13328683 -0.1944525
  0.07284067  0.17624319  0.06242739  0.02612578  0.01898752  0.13644366
 -0.07886789 -0.12998742 -0.1143698  -0.08744635 -0.155362    0.17135417
  0.0086723  -0.21984614 -0.05296218  0.10048261 -0.08608869  0.14167173
 -0.1601139   0.13331209  0.15479824  0.12098601  0.17118907 -0.11073873
 -0.02934596  0.22706676 -0.08245306  0.01091824  0.06972744 -0.00893414
 -0.03062125  0.11036206  0.08696777 -0.03519779 -0.04291467 -0.11865879
 -0.17416582  0.06216579  0.02757546 -0.022235    0.03904147  0.02485409
 -0.02265073 -0.02096178  0.07392994  0.24163304 -0.07197922 -0.11708895
 -0.00903357 -0.18763041 -0.17996256  0.14339921 -0.12017497 -0.07851617
  0.14057663  0.08982026 -0.0724915   0.21750833  0.06763911 -0.20958127
  0.07299866  0.09385867  0.33228737 -0.09276653 -0.08105138 -0.14406931
  0.08082093 -0.19709407 -0.07944405  0.02044622 -0.05433874  0.38698632
  0.10078915 -0.00268733  0.12361126 -0.16748816 -0.12623063  0.00548875
 -0.12735389  0.12676035 -0.1738696  -0.0804683  -0.11383178  0.02540346
  0.17611592 -0.04807214 -0.161541   -0.10520133 -0.01807988 -0.24936396
 -0.0280771   0.027612    0.10139746  0.03272827  0.15966819  0.19304374
  0.09842417 -0.13985378  0.1643098   0.20120442  0.14239365 -0.14154123
  0.01526113  0.13451795  0.04275209  0.1090602  -0.06740265  0.25783655
 -0.2698028  -0.08985326 -0.20311137  0.00573231 -0.06175875 -0.06732946
  0.00210207  0.05213971  0.10897949  0.01628111  0.06414224  0.00462639
  0.12968957  0.07555783  0.00747641 -0.06043329  0.08534233  0.05779358
  0.08857749 -0.06393103  0.08825982  0.15434118  0.18197268 -0.1552071
 -0.07479596  0.07551341  0.1538023  -0.01754655  0.05620153  0.07746036
 -0.03336461 -0.15420562  0.04417367 -0.30640334 -0.03598931  0.16709322
  0.03362437 -0.06470083  0.01708656  0.1811436  -0.26975048 -0.12100193
 -0.01653927 -0.06485072  0.22071503  0.03411702 -0.07000544 -0.07929883
 -0.04089253  0.0671664   0.145048    0.03075214 -0.01400653 -0.18794085
  0.08747172  0.05896681]