http://erau.edu/ontology/meme.owl#IggyAzaleasFancyMeme
[-7.70096183e-02 -1.30179882e-01  6.65945187e-02  2.49715671e-02
 -1.28693348e-02  1.64656609e-01  1.93970740e-01  1.58872798e-01
 -8.75735879e-02 -6.60574362e-02  2.73747388e-02 -1.24857752e-02
 -6.27418831e-02  1.49178915e-02 -1.16282724e-01 -1.30419284e-02
  6.94532543e-02  1.44013405e-01  1.48420851e-03  5.07439710e-02
 -2.83814609e-01  3.87749858e-02  3.90658788e-02 -5.03436290e-02
  1.27852321e-01 -2.80608162e-02  1.15358066e-02 -1.05048157e-01
  2.61422962e-01  7.56225809e-02  7.67331570e-02  1.97553143e-01
  1.36424899e-01 -1.15374841e-01  1.57594737e-02  2.41600513e-01
 -9.74398293e-03  1.08612657e-01 -2.63267010e-03 -1.46441713e-01
  1.94027517e-02  1.94701582e-01 -1.14813663e-01  1.51234930e-02
  5.34465611e-02 -3.04256985e-03  8.53441656e-02 -1.17168836e-02
 -1.17354663e-02  9.10601839e-02  6.96082860e-02  4.76320907e-02
 -9.93789658e-02 -7.99474269e-02 -1.52421817e-01 -3.33663709e-02
  1.18718877e-01 -1.10120408e-01  7.50704706e-02  7.50573352e-02
 -8.67301896e-02 -5.17390072e-02  6.45716265e-02  5.99815929e-03
 -2.01066554e-01 -1.02236390e-01  7.83737656e-03 -5.22026122e-02
 -9.14039984e-02 -7.03044236e-02 -7.23651797e-02  9.78948772e-02
  1.25518858e-01  1.18296862e-01  6.48447021e-05  1.45413145e-01
 -1.19246967e-01  1.32757155e-02  1.20146781e-01  8.26806650e-02
 -6.52683750e-02 -1.69548854e-01 -9.16579142e-02 -2.31139138e-01
  8.18905756e-02 -1.09099098e-01 -1.17376171e-01  3.49453688e-02
  1.19918674e-01 -9.89285111e-02  1.55183654e-02 -3.17813843e-01
  8.52914974e-02 -1.69061758e-02 -6.76864535e-02  4.31408100e-02
 -5.95116280e-02  2.70390930e-03 -3.34660970e-02 -8.05199444e-02
  5.45704551e-02  4.52073328e-02  3.32045317e-01 -9.71929953e-02
  2.59090532e-02  9.60005969e-02  1.44105822e-01 -6.23227321e-02
  6.61568493e-02 -9.25770625e-02  8.34470615e-02  6.60658255e-02
 -1.68954760e-01 -1.42818019e-01  2.24275757e-02  1.22620352e-01
 -2.52419233e-01 -1.63175464e-01  4.14893739e-02  1.20173976e-01
 -5.05229421e-02 -3.02809794e-02 -6.84657097e-02  8.26780275e-02
  7.33766928e-02 -1.06936701e-01  1.18927553e-01  1.20992195e-02
  1.59513548e-01  3.10987160e-02 -1.90837041e-01 -8.84811208e-02
  1.78457461e-02 -1.02012239e-01  1.78482980e-02  1.11632727e-01
  2.04932503e-02 -3.79659347e-02 -1.35500953e-01  8.97889733e-02
 -2.71519512e-01  1.00650646e-01  6.43234700e-02  1.33135125e-01
  1.73199832e-01 -1.25652060e-01  3.21507752e-02 -1.47423878e-01
 -3.77539545e-02  1.51754528e-01 -3.48620862e-02 -6.56839833e-02
 -1.03581376e-01 -2.41589639e-02  2.51152664e-02  9.59017798e-02
 -1.77871451e-01  1.66879386e-01  1.00167118e-01 -7.40957037e-02
  6.60820454e-02 -9.97660831e-02 -2.17576064e-02 -7.11955279e-02
 -1.76722080e-01 -1.39901116e-01  3.82467695e-02  1.15578890e-01
 -3.22183937e-01  1.87900200e-01  3.82012762e-02  1.26245573e-01
  1.61399871e-01  2.35313267e-01 -5.65706342e-02 -1.42646521e-01
 -9.15868394e-03 -2.57583596e-02  1.68997616e-01 -2.73705255e-02
 -7.96407536e-02  9.84320045e-02  9.42734554e-02 -4.12427867e-03
 -8.53891373e-02  8.39468557e-03 -2.58773416e-02  7.33037665e-02
  3.16158742e-01  8.15373883e-02  3.70354904e-03  7.27012800e-03
 -2.13959798e-01 -1.82544887e-02 -4.80006598e-02  3.89608555e-02
  5.91590768e-04  4.68032621e-02 -8.25221315e-02 -6.45695999e-02
 -4.46500331e-02  5.00418134e-02  1.05972886e-01  7.04336315e-02
 -9.03590843e-02 -1.99198335e-01  7.31002837e-02 -4.59450446e-02
  1.33790553e-01  4.81700152e-02  2.79599041e-01  1.35338634e-01
  3.90074565e-03 -5.60799688e-02  1.07389949e-01 -7.31843859e-02
 -3.36163491e-02 -4.38957475e-02  7.09405541e-02  1.78881392e-01
  1.44885898e-01  1.75524205e-01 -6.16407990e-02  6.38669133e-02
  6.60399571e-02  1.12799462e-02 -6.11513518e-02 -4.62154113e-02
 -7.32088648e-03 -3.17869224e-02  1.76907152e-01  2.30771136e-02
  3.08038928e-02 -1.18638381e-01  1.67931885e-01  1.50349230e-01
  4.11080010e-03  1.17091298e-01  7.97987357e-02  6.41331822e-02
 -7.34037766e-03  2.95727681e-02  8.77583697e-02 -1.61891431e-02
 -1.57044530e-01 -1.65877969e-03 -1.52254850e-01  1.84943136e-02
  7.39175919e-03  7.22771436e-02  2.59801000e-02  5.60602034e-03
  1.03654005e-01 -7.91958813e-03  1.23855807e-01 -4.96357493e-02
 -6.37497529e-02 -9.88191143e-02  6.85758144e-02 -4.66418862e-02
 -1.11095026e-01 -9.79574695e-02  4.29176986e-02 -8.41038004e-02
 -6.16054088e-02 -1.75225288e-01 -6.76817149e-02  6.29494265e-02
  7.69251212e-02 -5.24822026e-02 -6.61752820e-02 -5.70246391e-02
  2.46242341e-02  7.99841993e-03  1.47137672e-01  2.57677995e-02
  8.66387971e-03 -2.14403663e-02 -3.66112627e-02  9.54129081e-03
  8.01501349e-02  1.76599473e-01 -3.01311631e-02 -9.61049199e-02
 -1.31786197e-01  3.12139783e-02  1.53927067e-02 -2.54275762e-02
  3.07593085e-02 -1.95429176e-02  1.17664456e-01 -1.04490645e-01
 -8.81159008e-02 -8.60752240e-02 -5.27684242e-02  5.40291192e-03
  3.94822359e-02 -7.50334412e-02 -3.74397933e-02 -7.94864669e-02
 -1.45999297e-01  3.21962610e-02 -2.52266251e-03  1.51769398e-02
 -3.15546878e-02 -1.92333460e-02  1.25743702e-01 -4.47391300e-03
 -3.82355265e-02  5.97202517e-02  1.80346757e-01 -1.13560133e-01
  8.05880278e-02  1.04740344e-01 -2.93581598e-02  6.85013011e-02
 -8.39597136e-02 -8.25131610e-02  1.17012538e-01 -6.85468316e-02
  3.78972478e-02 -1.10746905e-01  1.06605031e-01  1.46479756e-01
 -4.74516787e-02  5.83020411e-02 -1.73550174e-01  1.11670576e-01
  9.10586640e-02 -2.20692693e-03 -2.96276528e-02 -3.25575136e-02
  5.16095683e-02 -4.59770150e-02  8.86843726e-03 -1.61660522e-01
  4.04413864e-02  1.01412781e-01 -2.59229615e-02  6.40012920e-02
  8.45048502e-02  1.33471936e-01 -7.30951726e-02 -6.62563518e-02
 -6.79695560e-03 -3.98700461e-02 -1.01321511e-01  2.71043740e-02
 -1.50692128e-02 -1.73141301e-01 -6.63966015e-02  5.31174883e-04
 -1.84580326e-01  1.41100690e-01 -2.38269031e-01  4.78436165e-02
  3.83558609e-02 -5.61894774e-02  2.10892871e-01 -5.07285297e-02
 -8.67000297e-02  2.62491759e-02 -1.19674012e-01  1.91773772e-02
  3.31320576e-02 -1.26070574e-01 -7.58399814e-02  6.49398118e-02
  2.93256138e-02 -1.95025150e-02  2.38079205e-02 -1.04895592e-01
 -1.12645999e-01  6.49539530e-02 -2.13638344e-03 -3.76614481e-02
 -9.32317525e-02  2.27024518e-02 -4.73695733e-02  3.36600766e-02
 -2.18696222e-02  2.71012813e-01 -1.22453824e-01 -1.49617150e-01
  3.50356363e-02 -2.10267957e-02 -1.13059416e-01  1.50557682e-01
 -1.06431311e-02  2.85348482e-02  2.59851175e-03  1.06448703e-01
 -9.21578631e-02  2.50212550e-01 -3.91952582e-02 -2.06920147e-01
 -5.64462505e-02  5.23570441e-02  3.10921848e-01  9.97138768e-03
  1.47403153e-02 -8.91302526e-02  5.74237518e-02 -1.11726955e-01
 -9.25017595e-02  3.89700904e-02 -8.63312930e-03  1.66318506e-01
  1.08606979e-01  5.30124828e-02  1.24129154e-01 -1.94378331e-01
 -1.00984797e-01 -9.51472670e-04 -1.76148955e-02  2.10413001e-02
 -6.10439554e-02 -7.54158795e-02 -1.66474879e-02  3.53338011e-02
  1.15247563e-01 -2.50061471e-02 -2.49150813e-01 -4.71839309e-03
  1.00159748e-02 -1.99104160e-01  1.08810421e-02  1.64182350e-01
  1.04134336e-01 -4.62392233e-02  7.55873099e-02  1.55912369e-01
  4.74669188e-02 -9.41924825e-02  1.41465470e-01  1.48273155e-01
  6.05588891e-02 -1.28907830e-01 -5.31037338e-02  1.34855106e-01
  1.77890971e-01  8.16387981e-02 -4.99009490e-02  3.58209193e-01
 -1.70424253e-01  9.72780865e-03 -2.32969016e-01 -4.96033654e-02
  3.67178652e-03  2.73377635e-02  3.36547308e-02  3.35363634e-02
  8.07742327e-02  1.64350420e-02  9.40487683e-02 -2.01396532e-02
  6.08139075e-02  4.16012965e-02 -2.56451350e-02 -3.76074873e-02
  9.96830408e-04  1.42495602e-01  6.12646043e-02  1.16255581e-02
  3.20985802e-02  1.07382827e-01  2.92520388e-04 -8.59468207e-02
 -1.22645563e-02  9.10896361e-02  1.96050614e-01 -5.59006371e-02
  1.56861871e-01  8.04005787e-02 -1.01895696e-02 -1.59091964e-01
 -6.10311516e-03 -2.87830114e-01 -6.66488707e-02  5.99145889e-02
 -1.59468083e-03  3.71758789e-02 -2.44483780e-02  3.01187307e-01
 -1.83176056e-01 -2.49179035e-01 -3.37201059e-02 -9.53731388e-02
  2.28199109e-01  8.12451243e-02 -1.00303136e-01 -3.65739018e-02
  1.65714510e-02 -4.14373726e-02  2.03213647e-01 -2.59343125e-02
  3.05854250e-02 -1.13511793e-01 -2.34113284e-03  1.43202811e-01]