http://erau.edu/ontology/meme.owl#PutaFaltadeSacanagemFckingLackofImmoralityMeme
[-1.28830507e-01 -1.09037951e-01  2.60871388e-02 -2.03578118e-02
 -5.14034033e-02  1.00625470e-01  3.70787941e-02  1.86554730e-01
  6.20237030e-02 -2.19464041e-02  5.79388402e-02 -9.54981148e-02
 -1.47268185e-02 -6.74980134e-02  1.27557805e-03  9.13669020e-02
  7.57419243e-02 -2.32260190e-02 -6.04753494e-02  1.76565230e-01
 -1.09455831e-01  8.12904984e-02  1.76523164e-01 -6.93866313e-02
  1.86607331e-01  5.28230928e-02  1.12536788e-01 -6.68599904e-02
  1.49978116e-01  4.14802507e-02  2.18020845e-02  6.34449571e-02
 -5.85484728e-02 -8.54479596e-02 -1.49215925e-02  8.39312896e-02
 -1.11776792e-01  1.46696735e-02 -6.81910962e-02 -9.95403677e-02
  1.04427628e-01  1.01093248e-01 -9.47666839e-02 -1.91486031e-02
  1.48898708e-02  3.14369723e-02  1.63386203e-02 -5.41446209e-02
  3.03799694e-04  1.68886911e-02  9.78706032e-02 -9.26727336e-03
 -2.51076818e-02  3.12805409e-03 -4.81619351e-02 -8.74721184e-02
  4.71852273e-02  4.98424880e-02  1.41766248e-02 -3.22481245e-02
  7.67010301e-02 -3.69035639e-02  1.11048892e-01  6.01721220e-02
 -6.62252679e-02 -7.43060037e-02  9.34185609e-02 -3.63115892e-02
 -5.34851775e-02 -1.42277017e-01 -1.31170779e-01  9.70717669e-02
  1.10211313e-01  8.76160040e-02 -2.01573297e-02  1.07294261e-01
 -4.77844998e-02  1.00265145e-01  3.43116820e-02  5.60739674e-02
 -3.99757363e-02 -9.66554880e-02 -1.05660029e-01 -9.45288762e-02
  2.70985961e-02 -6.59096166e-02 -2.62739211e-02  5.57824671e-02
  4.04036902e-02 -1.26717940e-01  5.36966585e-02 -1.83778077e-01
  8.19159672e-02 -2.88012414e-03  2.61876313e-03  1.01013236e-01
 -3.40800770e-02 -5.04573323e-02 -4.85435836e-02 -9.62745249e-02
  4.51111831e-02 -3.84053513e-02  1.88461632e-01 -1.07876100e-01
  9.85854957e-03  1.14421849e-03  1.38559103e-01  4.41434607e-03
  4.49914970e-02 -3.40790786e-02 -3.21152769e-02  8.72638300e-02
 -9.35062468e-02 -8.86803046e-02 -2.77811103e-02  3.46328504e-02
 -1.97885841e-01 -1.58649042e-01  1.53435608e-02  1.38102230e-02
 -3.62715982e-02 -7.65507594e-02 -1.26668409e-01  6.15181625e-02
  5.20558916e-02 -1.56904116e-01  2.43116096e-02 -3.10990959e-02
  9.55721885e-02  7.17971697e-02 -9.53763723e-02 -7.71347731e-02
 -6.02843650e-02  8.31039995e-03 -1.34983361e-01  7.84768090e-02
 -2.53018481e-03 -1.02097899e-01 -1.46148399e-01  2.57051196e-02
 -1.63137078e-01  3.78353596e-02  5.83674312e-02  5.22539243e-02
  1.44716337e-01 -1.47383124e-01  6.47246316e-02 -1.37890667e-01
 -7.46077970e-02  6.53103441e-02 -1.46742566e-02 -5.11695482e-02
 -1.70655679e-02 -4.28492855e-03 -6.20330721e-02  5.98169453e-02
 -8.06728378e-02  1.50529280e-01  3.39779165e-03 -1.12925395e-01
  5.21253087e-02 -5.84437475e-02 -1.52611230e-02 -8.27132463e-02
 -1.33140042e-01 -1.45034820e-01 -5.50626405e-02  5.48791699e-02
 -1.93060994e-01  9.29769725e-02  1.40887564e-02  9.45714861e-02
  6.09957241e-02  8.86901692e-02 -4.37967107e-02 -2.80057248e-02
 -9.71650928e-02 -3.11756451e-02  6.45976216e-02 -4.14691530e-02
 -3.68722267e-02  5.96136525e-02 -9.54461657e-03  3.16407308e-02
 -8.47762227e-02 -3.32695320e-02  3.91625464e-02  2.81366892e-02
  7.57256225e-02 -4.22733314e-02  9.15577710e-02 -2.17165612e-02
 -1.37604818e-01 -6.31915182e-02 -5.50635941e-02  5.37540279e-02
 -2.08916366e-02  1.82699353e-01 -9.21481699e-02 -5.77756166e-02
 -4.68126051e-02 -4.24594758e-03  6.98180869e-02 -7.13112876e-02
 -3.67013328e-02 -2.83935040e-01  1.83427613e-02 -1.42778447e-02
  1.31291775e-02  1.02080323e-01  2.51481175e-01  7.12351352e-02
  1.68476570e-02 -1.42431512e-01  4.04766537e-02  2.19294988e-03
 -1.96510434e-01 -1.14421599e-01  1.81192875e-01  9.26575586e-02
  1.74919575e-01  7.42974579e-02 -6.24548495e-02 -2.98180524e-02
 -5.72538115e-02 -5.45151792e-02 -1.63815290e-01 -9.12564248e-02
 -1.69281904e-02  1.53888399e-02  1.15821682e-01  1.13099493e-01
 -1.31196484e-01 -7.51331076e-02  2.63638552e-02  2.49550864e-02
 -6.17161989e-02  3.78278308e-02  8.58478621e-02 -5.27792498e-02
  3.70635390e-02 -2.99808569e-02  8.58639330e-02 -4.90903892e-02
 -1.92659214e-01 -3.47077139e-02 -1.65365040e-01 -3.43917087e-02
 -3.96276414e-02  6.16903156e-02 -1.23480028e-02  4.96710613e-02
  4.13553156e-02  5.54537475e-02  1.14886150e-01 -7.06416965e-02
 -8.86175185e-02 -7.15803504e-02  3.38067822e-02  4.64648083e-02
 -6.47174641e-02 -9.61889476e-02  2.84299143e-02 -6.46753833e-02
 -9.12832245e-02 -1.75519347e-01  2.23925076e-02  7.83085600e-02
  1.49615854e-01 -1.05323277e-01  3.28195058e-02 -3.89376022e-02
 -1.25150662e-02  7.80801103e-02  1.23644061e-01 -6.49808124e-02
  1.04637131e-01 -2.28693094e-02 -1.21892102e-01  4.19706739e-02
  6.30114377e-02  9.32493284e-02 -7.82835558e-02 -1.29329160e-01
 -1.46422938e-01 -4.24042344e-02 -5.95186912e-02 -8.29005241e-03
  8.36897120e-02 -9.81162339e-02 -6.80459067e-02 -1.15410544e-01
  1.09173665e-02 -6.04448989e-02  3.25129810e-03  3.01634353e-02
  1.36897072e-01  6.41624816e-03 -1.32943667e-03 -7.76291192e-02
 -1.14958949e-01  4.61861268e-02  2.09563784e-02  6.88741431e-02
  2.97764093e-02 -9.77799147e-02  7.78619051e-02 -5.46639264e-02
 -9.44407508e-02  7.08040148e-02  1.60826832e-01 -2.30244666e-01
 -2.37725507e-02  7.92115256e-02 -6.60854355e-02  5.33082336e-02
 -2.09550690e-02  6.47301525e-02  7.27574825e-02 -8.27056542e-02
  4.11215276e-02 -2.42106795e-01  1.48972288e-01  1.45478189e-01
  1.33630112e-02  1.39559573e-02 -2.04974830e-01  5.70839010e-02
  5.37849218e-02 -4.13402729e-02  5.80781959e-02  5.46567775e-02
  2.40344536e-02 -4.72723171e-02 -1.07556269e-01 -2.04385951e-01
  1.02991864e-01  4.58509661e-02 -2.20888201e-03  7.17452615e-02
  2.72969361e-02  6.66209906e-02 -2.23284122e-02 -1.08110495e-02
 -1.40027687e-01 -3.05045526e-02 -1.18928872e-01 -1.30680166e-02
 -9.16759670e-03 -5.96648343e-02 -6.25930727e-03  9.93572623e-02
 -6.32828474e-02  1.66455418e-01 -2.02761516e-01  4.89841513e-02
 -3.08867563e-02 -1.88631713e-01  1.34610027e-01 -9.80228335e-02
 -1.19734600e-01  1.72254637e-01 -4.18377742e-02  4.71386909e-02
 -3.77145037e-02  1.60316173e-02 -2.00506940e-01  1.84846837e-02
 -9.17836353e-02  3.26965302e-02 -1.82409063e-02 -4.15868834e-02
 -1.99731469e-01  1.72737077e-01 -2.88516539e-03 -8.39742124e-02
 -1.98459893e-01  6.05944581e-02 -1.00629613e-01  1.47762941e-02
  4.03920636e-02  1.93138957e-01 -6.87793195e-02 -4.68110964e-02
  6.12805709e-02 -1.01575963e-01 -1.78993091e-01  1.28772005e-01
 -2.18926281e-01 -1.32253602e-01 -3.77262868e-02  8.90621021e-02
 -8.02284703e-02  2.49234915e-01 -1.13432221e-01 -9.12838876e-02
 -3.75810154e-02 -1.00119701e-02  3.24194789e-01 -9.60941538e-02
 -1.21930659e-01 -1.95099175e-01 -1.46173884e-03 -2.00204879e-01
 -1.12609170e-01  1.04399230e-02 -3.17969844e-02  3.10107261e-01
  1.98019788e-01  1.69986829e-01  7.14297295e-02 -7.60965571e-02
 -9.28824916e-02 -7.11776540e-02 -2.34797932e-02  8.42659501e-04
 -1.29247054e-01 -1.09224871e-01 -2.73323711e-02  7.88547769e-02
  1.24237143e-01  3.44190150e-02 -1.48099303e-01  4.74705733e-02
  7.19539896e-02 -1.71835825e-01 -4.75869328e-02  1.79018974e-01
  6.78148717e-02 -7.15563074e-02  9.06213559e-03  1.99310750e-01
  7.54671544e-02 -1.12996534e-01  1.63406938e-01  2.00576335e-01
 -3.49437096e-03 -6.87639415e-02  7.05779940e-02  6.19515218e-02
 -1.63763426e-02  3.09565887e-02 -1.88544631e-01  1.85886309e-01
 -3.20882678e-01 -1.98255200e-02 -1.66339055e-01 -1.88580230e-01
 -6.11558296e-02  4.07305285e-02  1.37889922e-01  1.53980225e-01
  1.52727216e-01 -6.57245070e-02  2.74692714e-01 -1.56843260e-01
  1.18893586e-01  3.21464688e-02  4.74787876e-02 -2.95361262e-02
  1.93303034e-01  3.33762616e-02  1.86725512e-01 -1.40576392e-01
  1.96407232e-02  1.64430037e-01  2.83230655e-02 -1.48807094e-01
 -2.93703489e-02  4.02092189e-02  2.31212020e-01 -4.14464856e-03
  2.32972085e-01  1.29926622e-01 -1.67821776e-02 -9.48315114e-02
  2.93456465e-01 -1.73516318e-01 -1.47257358e-01  1.14621088e-01
  3.90803404e-02 -1.03407353e-01 -8.51129666e-02  3.77638578e-01
 -1.92944258e-01 -1.32585600e-01 -6.68359175e-02 -2.79414505e-02
  5.21177612e-02 -2.37569632e-03 -1.47785202e-01 -1.01685546e-01
 -5.24560176e-02 -4.69542444e-02  1.47506550e-01 -5.94053119e-02
 -1.12505883e-01 -1.41518503e-01  4.06207070e-02  7.04251379e-02]