http://erau.edu/ontology/meme.owl#MessinWithSasquatchMeme
[-9.39247012e-02 -9.12326481e-03  6.85192719e-02  1.18015982e-01
  4.52088639e-02  4.87231538e-02 -7.13711828e-02  3.15692052e-02
  9.43247527e-02 -2.12280244e-01 -1.12475462e-01  2.64359355e-01
  1.88865378e-01  1.45301238e-01 -5.72052225e-02 -1.73558444e-01
 -8.87765586e-02 -6.42514229e-02  2.21100673e-02 -4.52115163e-02
 -1.60053503e-02  1.58828259e-01 -3.97072993e-02  1.36711240e-01
  3.01426090e-02 -1.75443619e-01 -3.37500614e-03 -2.01020371e-02
  3.94910090e-02 -7.32040629e-02 -2.01668814e-01 -6.78154826e-02
 -1.42798930e-01 -1.58729125e-02 -1.13926753e-01  4.38362136e-02
 -1.44244671e-01  1.11851178e-01  4.26391438e-02  2.24082053e-01
  7.19260424e-02  3.26569527e-02 -2.47456685e-01 -3.16095576e-02
 -2.09150568e-01 -5.55197485e-02  6.51506484e-02 -1.69336557e-01
  5.07663749e-02 -1.61087111e-01 -6.63566729e-03  1.64491311e-01
  1.96098045e-01  1.22026969e-02 -1.72138676e-01  2.25454971e-01
 -8.16458091e-02 -1.49632143e-02  1.10972911e-01  1.68270156e-01
  1.70949504e-01 -1.59107804e-01  2.06826013e-02  3.13296467e-02
 -6.05948344e-02 -4.28758971e-02 -1.10540614e-01 -6.27786368e-02
  1.03641160e-01 -9.73458439e-02  1.36254564e-01 -2.38553360e-02
 -1.98739376e-02 -2.03382783e-02 -2.02950045e-01 -7.15445802e-02
 -3.39057483e-02 -1.04408704e-01 -2.65547279e-02 -1.07533529e-01
  1.40610680e-01  1.69437259e-01 -2.49310941e-01 -1.02023050e-01
 -5.08856997e-02  1.02640428e-02  1.21944599e-01  4.41279970e-02
 -2.22270712e-02  2.47589916e-01 -9.65676233e-02 -5.57719544e-03
 -2.01552123e-01 -2.15479098e-02  5.13983965e-02 -7.32761919e-02
 -5.05566597e-02  2.54836440e-01  2.28674766e-02 -2.30093300e-02
  9.40852761e-02 -4.89549264e-02 -8.00739154e-02  3.08825858e-02
  1.31142095e-01 -8.77342653e-03  7.62062520e-02  1.73855573e-01
  1.00980580e-01 -1.93847399e-02  1.71278521e-01  1.08278811e-01
  2.91596316e-02  2.52027549e-02  1.53639272e-01 -1.19039632e-01
  3.29736583e-02 -1.56983603e-02 -1.24777645e-01 -1.76452510e-02
 -1.45807440e-04  1.41052336e-01  7.01851817e-03  8.73187091e-03
 -1.88276067e-01 -2.24844143e-01 -1.94080472e-02  1.37475699e-01
 -2.09236801e-01 -1.31567493e-01 -3.23082134e-02  4.00863811e-02
  1.88912954e-02 -1.66263103e-01  9.11359936e-02 -9.14841890e-02
  1.00959741e-01  3.15276273e-02  3.85835245e-02 -3.27231223e-03
 -6.89406246e-02 -6.47914456e-03 -6.02223873e-02  5.98211139e-02
  1.92506015e-02  2.96641607e-02 -4.77067754e-02 -1.21351130e-01
 -9.84762087e-02 -2.35274211e-02  7.06232637e-02  3.00774854e-02
 -1.51553646e-01 -1.17670067e-01 -9.40692574e-02 -1.25966087e-01
  4.30764481e-02  3.57183249e-04 -6.86612278e-02 -4.94708978e-02
  6.33507594e-02  2.20612705e-01  9.15500447e-02  1.87682305e-02
 -1.05659917e-01 -1.05213925e-01  1.22001721e-02  1.32387370e-01
 -1.73770592e-01 -3.68946679e-02 -3.51392478e-02 -2.38330495e-02
 -2.38357857e-02  1.84985667e-01  1.19669043e-01 -4.23790701e-03
  5.56533635e-02  3.34691443e-02  2.03713495e-02 -2.26004086e-02
 -1.74242005e-01 -8.10958669e-02 -3.08891386e-02 -2.75708605e-02
 -2.25984994e-02 -1.83470063e-02 -1.69157237e-01  3.82930264e-02
  1.17988713e-01  1.20586239e-01  2.70392367e-04  2.30783507e-01
  1.84148297e-01  1.19817935e-01 -1.14136182e-01 -1.41562158e-02
 -6.97344914e-02 -5.27107976e-02 -1.27401292e-01  1.71698824e-01]