http://erau.edu/ontology/meme.owl#SheriffHopperDancingMeme
[-5.82034104e-02 -1.58445925e-01  1.77029222e-02  3.53188403e-02
 -1.02398552e-01 -1.19415438e-02  1.10246398e-01  1.15295807e-02
  6.93958113e-03 -9.49906409e-02  1.61543280e-01 -1.99285243e-02
  9.41381305e-02 -6.81756586e-02  1.35057541e-02 -1.41083658e-01
  3.18376198e-02  9.33339149e-02 -2.77078301e-02  2.41821334e-02
 -1.31320089e-01  1.61703199e-01  8.10727701e-02 -1.58327192e-01
  4.30675000e-02  2.43500341e-02  2.29881220e-02 -1.06340855e-01
  2.53389239e-01  6.75503314e-02  3.53670493e-02  1.39404580e-01
  1.58824325e-02 -5.87536804e-02 -7.00433850e-02  1.49203792e-01
 -9.21347961e-02  1.18655995e-01 -2.55802814e-02 -1.55891746e-01
 -3.40356445e-03  1.72463715e-01 -2.59798557e-01  5.28777279e-02
  1.67527020e-01 -3.08759734e-02  4.30535078e-02  5.63578308e-03
 -6.97464049e-02  1.04616202e-01  3.80546525e-02 -3.47772390e-02
 -1.22932479e-01 -1.66377276e-01 -6.25021234e-02 -1.23563714e-01
  1.59952626e-01 -9.78901684e-02  9.24137011e-02  4.66077365e-02
 -1.13455504e-01  3.85830272e-03  1.08335488e-01  4.91043516e-02
 -7.47841224e-02 -1.41521588e-01 -5.13547845e-02  1.30528375e-03
 -1.29114345e-01 -1.06794305e-01 -5.75578958e-02  5.79635426e-02
  3.22299600e-02  5.05291224e-02 -3.27950198e-04  7.43952626e-03
 -2.58113183e-02  9.36557278e-02  2.47723565e-01  1.18996926e-01
 -4.62054983e-02 -2.89161764e-02 -4.52394672e-02 -2.21259490e-01
  2.82082185e-02  7.91149866e-03 -8.95566121e-02  8.02630484e-02
  1.05364874e-01 -1.30195664e-02 -8.21711570e-02 -2.43150428e-01
  1.21027790e-01 -1.15359642e-01  3.63504980e-04  5.74356839e-02
  6.97665289e-02  1.56073747e-02  1.58235151e-02 -8.57113898e-02
  5.34732379e-02  7.78778568e-02  1.57492414e-01 -4.85141873e-02
 -5.84616140e-03 -8.97047371e-02  1.06673211e-01 -5.88981342e-03
  2.98887715e-02 -8.77614096e-02  1.05888478e-01  5.51562533e-02
 -1.95319504e-01 -1.43467337e-01  4.36185785e-02  1.50286362e-01
 -1.48555532e-01 -9.74137112e-02  9.64674130e-02 -4.50756624e-02
 -3.47983241e-02 -1.22727148e-01 -6.19030446e-02  5.91326356e-02
  1.01867653e-01 -1.40212299e-02 -5.42405583e-02 -1.65486559e-02
  2.99489498e-02  1.05226962e-02 -2.30610892e-01 -7.00967014e-02
  4.43174616e-02 -9.63046625e-02 -5.86771108e-02  1.39229283e-01
 -3.49416211e-02 -6.83467239e-02 -1.09830156e-01  1.03409655e-01
 -1.76223695e-01  5.07409461e-02  1.25506371e-01  1.04068488e-01
  1.04508370e-01 -1.90315008e-01  1.06208533e-01 -1.03767842e-01
  3.16019431e-02  9.92416739e-02  5.50426021e-02 -1.15331672e-01
  8.98488984e-02  6.08064122e-02 -7.74200484e-02  4.59483452e-02
 -1.12488180e-01  2.30272770e-01  5.79662323e-02 -1.60650350e-02
  1.92166585e-02 -5.48911281e-03  8.89926311e-03 -3.49928718e-03
 -1.82936877e-01 -1.78309843e-01 -2.16490775e-02 -2.55015604e-02
 -2.59927362e-01  1.08796440e-01 -4.50500362e-02  2.69258842e-02
  1.97450668e-01  1.66446552e-01  4.08336036e-02 -1.34035498e-02
 -5.07181920e-02 -2.05167523e-03  1.51935562e-01 -1.03028730e-01
 -1.16885804e-01  4.78880014e-03  3.05150747e-02  6.00465648e-02
 -7.48498887e-02 -2.59402189e-02  1.02842405e-01 -2.39495654e-03
  2.41504908e-01 -7.37486500e-03  1.85275078e-02 -1.60587564e-01
 -1.34992257e-01  3.07588615e-02 -8.87306109e-02  1.91996843e-02
 -6.47115260e-02  8.51099119e-02 -1.55345067e-01  7.32850283e-03
  1.24332514e-02  6.84033241e-03 -5.06580994e-02 -8.00378248e-02
 -2.46760417e-02 -7.78494403e-02 -2.08215173e-02  3.36917341e-02
  8.45999196e-02  1.34812549e-01  1.62278712e-01  7.91812167e-02
  3.43311206e-02  8.53830725e-02  1.49137778e-02  1.06356526e-02
 -6.67794198e-02 -4.20770794e-02 -5.66098727e-02  1.11811370e-01
  1.83476999e-01  1.07642613e-01 -7.97306821e-02  3.73654142e-02
 -4.54962105e-02  1.56470891e-02 -2.47506872e-02  4.24881652e-02
 -2.09891275e-02 -2.66658459e-02  8.37151110e-02  3.81651968e-02
 -7.80928880e-02 -9.65764397e-04 -1.07127771e-01  7.23189190e-02
 -9.20497030e-02 -2.57836077e-02  9.41785574e-02 -8.94035250e-02
 -8.87125283e-02 -2.46599000e-02  2.34562613e-04 -7.23305717e-02
 -2.28696868e-01 -1.01207197e-02 -9.83729288e-02  4.18133065e-02
 -2.82608029e-02  1.71626080e-02  7.12168356e-03 -1.22948907e-01
  1.08666845e-01 -1.75238308e-02  1.04248919e-01  2.18938924e-02
 -4.63297404e-02  2.46299300e-02  3.09353042e-02 -5.72403055e-03
 -7.01752165e-03 -6.40963465e-02 -1.07060604e-01 -5.82313724e-02
 -2.51336265e-02 -1.14459194e-01 -6.29446059e-02 -6.73651993e-02
  9.85505357e-02 -6.73230439e-02 -1.30615095e-02 -8.28959346e-02
 -8.95795599e-02  6.75192326e-02  1.61849946e-01 -9.43101048e-02
  6.93744346e-02  1.13715552e-01  1.56177636e-02 -2.06159819e-02
  4.53531072e-02  6.39830604e-02 -8.59271809e-02 -2.52763741e-02
 -8.70921910e-02 -7.44656175e-02 -1.05559200e-01 -2.33237334e-02
 -1.18743494e-01 -2.03090042e-01  9.11781117e-02 -2.85082194e-03
 -7.86516890e-02 -1.74067933e-02  7.75824264e-02  2.70871874e-02
  1.16993889e-01 -2.39699781e-02 -1.44504711e-01 -7.50933588e-02
 -1.68008357e-01  4.92156111e-02  3.53801213e-02  1.37114614e-01
 -1.20555460e-01 -2.97943633e-02  1.80309847e-01 -4.19046283e-02
  7.91198835e-02 -8.56551528e-03  1.92185268e-01 -1.03038602e-01
  1.24161556e-01  1.00203296e-02 -2.29785871e-02  5.26665598e-02
 -4.85037901e-02  5.58885224e-02  2.77948263e-03 -1.39775455e-01
  8.19782466e-02 -2.02079058e-01  1.18811287e-01  1.56980425e-01
  5.64306006e-02 -2.70691663e-02 -7.47655332e-02 -8.80583597e-04
  1.31917208e-01 -9.01953280e-02 -7.82001987e-02 -3.12623084e-02
  1.14472788e-02 -1.26222193e-01  1.44306142e-02 -1.82006687e-01
  1.32202700e-01  8.38645324e-02 -2.29438879e-02  7.54331574e-02
 -1.71812009e-02  1.25524595e-01 -1.74468890e-01 -6.95266947e-02
 -1.65099904e-01  6.35776147e-02 -1.77399609e-02  5.64316846e-02
 -1.24761160e-03 -1.23009838e-01 -2.25168169e-02  3.62921483e-03
 -1.20136447e-01  2.00999513e-01 -2.82348637e-02  9.45064202e-02
  7.60095865e-02  4.81583588e-02  1.45545170e-01 -1.64227374e-02
 -9.22128260e-02  1.69275805e-01  3.19779180e-02 -4.24644276e-02
  6.16516732e-03 -2.56433766e-02  4.96858591e-03 -2.33605597e-02
 -4.54692310e-03  2.15366967e-02 -1.90675333e-02 -5.42410426e-02
 -1.91675976e-01  2.57399734e-02  1.79076791e-02 -1.10976165e-02
 -1.58791363e-01  5.72190993e-03  5.05188741e-02 -3.63939479e-02
  4.59612943e-02  7.13208690e-02 -3.68113704e-02 -5.54329604e-02
  1.09749258e-01 -1.53196290e-01 -4.40362580e-02  5.98344058e-02
 -1.71794333e-02 -1.55194446e-01 -7.62293413e-02  6.10135943e-02
  4.05813530e-02  2.48508781e-01 -1.21483125e-01 -2.71764696e-01
  4.23959047e-02 -1.57892127e-02  3.64410430e-01 -1.02996878e-01
 -2.17562914e-02 -1.34751007e-01  6.39406145e-02 -2.86441803e-01
 -1.94030344e-01 -9.67604592e-02  3.04815229e-02  3.93511087e-01
  9.14198831e-02  9.93776694e-02  1.18910670e-01 -1.71372861e-01
 -1.28534645e-01 -3.61483321e-02 -9.91618484e-02  8.45717639e-02
 -1.66415751e-01 -9.98145565e-02 -3.81184071e-02  1.29004046e-01
  1.38403639e-01 -4.19138111e-02 -1.20678388e-01  3.80511135e-02
  5.92005141e-02 -1.21925687e-02 -4.87723798e-02  5.75440265e-02
  1.64764568e-01 -2.52605937e-02 -3.30078565e-02  2.21994027e-01
  3.96107696e-02 -6.56560734e-02  1.71481505e-01  1.59227312e-01
  1.17238879e-01 -2.06685346e-02  5.22088595e-02  1.49992213e-01
  7.81051889e-02  2.33351998e-02 -1.47861809e-01  2.66195118e-01
 -2.19256699e-01 -6.03242591e-02 -1.84906691e-01 -6.92721307e-02
 -9.19250473e-02  6.45871758e-02  1.57534465e-01  7.23580196e-02
  6.61977232e-02 -3.95226292e-02  8.58590826e-02  1.03276260e-01
  2.81348042e-02  6.16852008e-02  1.28882453e-01 -8.60965103e-02
  1.88121647e-01  1.39853517e-02  4.32862975e-02 -1.87297791e-01
 -2.95031201e-02  1.07292891e-01 -4.64631841e-02 -1.46675915e-01
  4.67963964e-02  2.67696194e-02  1.45431086e-01 -2.55412683e-02
  1.24781445e-01  1.75049633e-01  5.13389148e-02 -1.25557184e-01
  9.98921543e-02 -1.05363078e-01 -5.02083674e-02  1.50398493e-01
 -5.74317984e-02  8.43664333e-02 -1.43771395e-01  2.84258693e-01
 -7.94162005e-02 -2.41487220e-01  2.61537395e-02  1.77377202e-02
  1.25190504e-02  4.46095131e-02 -1.63359195e-02  8.51899311e-02
 -2.04013232e-02  4.98072170e-02  3.99460569e-02 -3.22450389e-04
  2.49902029e-02 -1.21619500e-01 -3.46438698e-02  3.74895819e-02]