http://erau.edu/ontology/meme.owl#BubbleBassMeme
[-7.17219487e-02 -1.51517153e-01  2.33550668e-02  1.10265166e-01
  2.81653535e-02  3.83938849e-02  6.35242835e-02 -9.59067605e-03
 -2.95528546e-02 -3.93333919e-02  5.26832454e-02 -1.09321736e-01
 -2.79909149e-02  2.07710080e-02 -1.12922592e-02 -2.78058350e-02
 -6.36770651e-02 -9.25174914e-03 -5.81013076e-02  1.36836544e-01
 -1.92760915e-01  6.98003024e-02  5.68438284e-02 -1.43315554e-01
 -7.12687224e-02  6.15493730e-02 -5.20524234e-02 -1.70391090e-02
  3.63364369e-01  1.58391133e-01  6.83840960e-02  1.30987331e-01
  1.02138720e-01 -3.40797715e-02  1.41434614e-02  1.39217034e-01
 -4.73125651e-02  7.26686493e-02  6.02386296e-02 -7.46352971e-02
  3.97269502e-02  1.80828720e-01 -5.16149886e-02 -2.63608731e-02
  9.48250294e-02 -1.89374748e-03  1.09858215e-01 -4.45165746e-02
  1.29659437e-02  8.70856047e-02  3.29106376e-02 -3.77210192e-02
 -1.13227397e-01 -1.36411294e-01 -3.54651622e-02 -6.05636090e-02
  5.67157902e-02 -1.42389704e-02  2.02612936e-01  6.99288119e-03
  4.65273038e-02 -5.02005890e-02  5.48016429e-02  7.89125264e-02
 -1.28269106e-01 -9.38437432e-02 -3.91748846e-02 -7.30619431e-02
 -5.18967696e-02 -2.15834990e-01 -2.01712221e-01  3.33231837e-02
  3.73483822e-02  7.69338384e-03  5.39237484e-02  6.18166709e-03
 -6.82546496e-02  4.78072092e-02  1.12544946e-01  1.04644056e-02
 -4.32034731e-02 -5.60139082e-02 -9.68624353e-02 -1.39556333e-01
 -9.12114009e-02  1.32498518e-02 -4.47071642e-02 -8.70156102e-03
  7.73667470e-02  3.13396305e-02 -6.68481290e-02 -2.53859878e-01
 -2.44815089e-02 -6.70622438e-02 -3.60319056e-02  1.86059661e-02
 -7.44173676e-02  2.75136344e-02 -3.97903807e-02 -2.73686852e-02
  2.78922021e-02  7.34775439e-02  2.54528612e-01 -8.00727308e-02
  7.37857493e-03 -2.82344799e-02  1.67351186e-01  7.63223320e-03
  3.54892504e-03 -1.55735955e-01 -2.83637755e-02  7.74266943e-02
 -1.04853816e-01 -1.48190856e-01  1.21092256e-02  1.11779675e-01
 -2.47139499e-01 -9.68641117e-02  7.45160133e-02  1.21958271e-01
 -4.52958159e-02 -5.64695820e-02 -7.21514449e-02  2.79467609e-02
 -8.12476780e-03 -4.99681234e-02 -1.79495011e-02 -1.91162638e-02
  3.24801058e-02 -1.03956023e-02 -1.00251667e-01 -1.09307691e-02
  4.94766533e-02 -1.12721026e-01 -8.71045589e-02  1.40714332e-01
  6.97818473e-02 -6.26083910e-02 -4.37567420e-02  2.44521908e-03
 -1.77568048e-01  6.01833537e-02  6.36214018e-02  2.92818937e-02
  7.88400620e-02 -2.28487507e-01  1.64782573e-02 -1.76005084e-02
 -9.49911922e-02  1.61075406e-02  8.77998099e-02 -6.57250509e-02
 -6.20432422e-02  2.51517501e-02  1.48649896e-02  1.13277072e-02
 -1.43568814e-01  2.26250947e-01 -1.65081397e-02 -5.51885180e-02
  1.82855241e-02 -8.02331418e-02  4.66985367e-02 -3.40558961e-03
 -2.07094550e-01 -4.09604935e-03 -3.61036360e-02  1.49604470e-01
 -3.09191853e-01  1.85533807e-01  3.68582420e-02  1.78727731e-01
  1.55958995e-01  1.88337147e-01 -8.76038074e-02  3.16169187e-02
 -2.70528905e-02 -2.65949722e-02  7.03003556e-02 -4.89181876e-02
 -5.30409329e-02  8.40499699e-02  2.88952258e-04 -4.81758872e-03
 -4.17537317e-02  1.03032244e-02  4.41129925e-03  2.95625571e-02
  1.33795813e-01 -4.52790819e-02 -3.78366746e-02  6.28129812e-04
 -1.83571979e-01 -3.55063528e-02 -7.86725339e-03 -7.92236030e-02
  1.50347352e-01  1.57401606e-01 -7.95052052e-02  1.61560085e-02
  6.14926368e-02 -1.18635565e-01  1.08759917e-01 -2.59116404e-02
 -8.95679444e-02 -2.82206655e-01 -3.87452543e-03 -9.62284729e-02
  1.25997573e-01  9.69037190e-02  2.63030738e-01  1.40665069e-01
  3.79236462e-03 -1.51251748e-01  9.87449214e-02  2.46273782e-02
 -1.33279890e-01 -2.99661793e-02  1.43149033e-01  1.19767435e-01
  1.52213469e-01  1.28445849e-01 -5.37991785e-02  3.23658884e-02
  2.38795858e-02  4.59675081e-02 -5.97973317e-02 -1.00125216e-01
 -7.80416951e-02 -4.33397014e-03  5.25976755e-02  1.14385396e-01
 -5.44904731e-02 -5.15053868e-02 -9.83019918e-02 -3.27013321e-02
  2.74603441e-02  4.09516692e-02 -3.82489972e-02  2.52962969e-02
 -1.32154832e-02  3.50943841e-02  1.24234408e-01 -1.38262827e-02
 -2.13321254e-01 -4.13043611e-02 -3.58626172e-02 -2.47089732e-02
  5.64345047e-02 -5.64654311e-03 -2.51372941e-02  8.48082528e-02
  2.49707326e-03  4.53025624e-02  1.40148848e-01 -1.09572478e-01
 -8.03891346e-02 -5.10762036e-02  5.85507341e-02 -3.53478529e-02
 -7.70740658e-02 -7.68551528e-02 -8.96769091e-02 -3.72718051e-02
 -1.02617018e-01 -1.31122163e-02  6.58043623e-02  5.43076992e-02
  3.83407511e-02 -8.42219293e-02  8.88755172e-03 -1.81130677e-01
 -8.03163722e-02  1.03246659e-01  9.30487737e-02  6.62497878e-02
  3.61234993e-02  2.06961911e-02 -4.19940539e-02 -3.38583626e-03
 -9.94036626e-03  1.03308884e-02  1.54268341e-02  8.05875883e-02
 -1.18846092e-02  7.61416182e-03 -1.48598775e-01  5.01340255e-02
  3.09693497e-02 -1.44612715e-01  3.77792455e-02 -8.83966163e-02
 -1.37795042e-02  2.52449932e-03  2.55149826e-02 -1.96227785e-02
  9.35330912e-02 -2.60949438e-03 -1.45113572e-01 -1.17790475e-01
 -1.67883918e-01  1.78756434e-02  5.13714179e-02 -3.43481749e-02
  1.45971831e-02 -5.26317442e-03  1.20578311e-01  1.01615069e-02
 -3.19470316e-02  2.50893198e-02  2.08349839e-01 -2.37824440e-01
 -7.27051124e-02 -3.50864511e-03 -4.97896457e-04  3.64483520e-02
 -1.88216672e-03  1.55286446e-01  3.79111841e-02 -1.03294946e-01
  8.26144964e-02 -1.55385256e-01  4.17129882e-02  2.14289859e-01
  8.89554992e-02 -3.29956077e-02 -1.88209131e-01  4.28977795e-02
  5.11774328e-03 -6.77820891e-02 -3.16385292e-02 -1.30680189e-01
  2.10802779e-02 -6.66390434e-02  1.13343708e-01 -1.81016281e-01
  4.32535969e-02  1.23573907e-01 -5.68059646e-02  3.70866805e-02
  2.51535717e-02  1.34895191e-01 -7.33509362e-02 -4.48064096e-02
 -5.47273904e-02  1.27988979e-02 -2.40629781e-02 -5.06615713e-02
 -8.83846208e-02 -3.93243432e-02 -1.60086656e-03  6.79757074e-02
 -3.77691165e-02  2.21636370e-01 -7.60259330e-02  1.02995634e-02
  5.36806211e-02 -1.49010882e-01  1.38123155e-01  1.30163431e-02
 -3.49488929e-02  1.41909748e-01 -6.91112578e-02 -6.90585673e-02
  1.04331225e-02 -2.16791891e-02 -9.85447690e-02 -1.07242502e-01
 -2.42664199e-02  4.98453937e-02 -1.01251751e-01 -5.51687740e-02
 -2.50105172e-01  9.32265967e-02  1.19601227e-01 -2.02079006e-02
 -5.21784425e-02 -3.27541791e-02 -1.24250136e-01 -1.15955003e-01
  1.25914887e-01  2.48732716e-01 -1.23183995e-01 -1.50406450e-01
  3.71135324e-02 -8.26744512e-02 -7.10891038e-02 -9.72279449e-05
 -4.37101685e-02 -4.13206592e-02 -2.72095911e-02  1.13214985e-01
 -9.71786156e-02  1.84615850e-01 -8.70053172e-02  1.28575647e-03
 -4.74102125e-02  7.37388879e-02  1.05216086e-01 -1.46406472e-01
 -3.56015339e-02 -1.35786459e-01 -1.02547323e-02 -4.58882563e-02
 -3.61241512e-02 -5.13739958e-02 -2.13811230e-02  2.62566715e-01
  1.05227984e-01 -3.21130492e-02  7.77815953e-02 -9.32757333e-02
 -6.89076260e-02  4.86355573e-02 -1.72905147e-01  1.24468558e-01
 -1.27783656e-01 -1.63200974e-01 -3.50521281e-02  3.96759734e-02
  1.49744838e-01  1.93547097e-03 -2.36546919e-01  2.93808989e-02
  6.99607953e-02 -1.33021906e-01 -1.02498114e-01  1.07825220e-01
  1.02506138e-01 -7.78090432e-02 -1.77512132e-02  2.08751842e-01
  7.06430078e-02  1.84303690e-02  4.32238281e-02  2.55898625e-01
 -1.25559454e-03 -4.48573902e-02 -2.25328729e-02  1.34443447e-01
  1.38276428e-01 -1.26608331e-02 -1.13150895e-01  2.80877471e-01
 -2.15950653e-01 -7.64648914e-02 -2.64904916e-01 -1.17721513e-01
 -1.15226261e-01  1.93186402e-01  2.08094984e-01  1.44446000e-01
  1.69298947e-01  1.41839683e-02  2.46792629e-01 -3.33865657e-02
  8.08979943e-02 -4.26207185e-02  7.72271976e-02 -4.16194573e-02
  7.62270987e-02  3.75481360e-02  9.49929953e-02 -1.87451601e-01
  4.95603047e-02  2.16411412e-01 -1.03867598e-01 -7.79093727e-02
  2.81097610e-02  2.48207748e-02  1.92767829e-01 -9.32642892e-02
  4.13992405e-02  2.12231383e-01  4.99106012e-02 -6.53169677e-02
  1.88708782e-01 -1.36339650e-01 -1.92015633e-01  8.37402493e-02
 -1.08692609e-02  1.85507315e-03 -5.54363728e-02  2.24307239e-01
 -1.88780189e-01 -1.67043671e-01 -1.09248854e-01  2.61233374e-02
  9.07889754e-02 -5.86493537e-02 -1.58155590e-01 -1.33647785e-01
  7.96182826e-02  4.12785597e-02  1.21056810e-01 -1.03407517e-01
 -1.82020143e-01 -1.73014313e-01  6.23723082e-02  3.98895815e-02]