http://erau.edu/ontology/meme.owl#ExcaliburFaceMeme
[-8.15072805e-02 -1.60506532e-01  7.49040544e-02 -2.17725872e-03
 -1.16612716e-02  1.17631424e-02  1.22276984e-01 -3.11372112e-02
 -1.13746123e-02 -7.48510733e-02  1.19440347e-01 -5.56285232e-02
  5.94795644e-02 -3.01377401e-02 -3.76255177e-02 -5.45127429e-02
 -1.68320891e-02  1.98913619e-01 -7.94073939e-03  3.59961241e-02
 -2.28429556e-01  3.67020331e-02  1.25898987e-01 -5.13385981e-02
 -1.77898630e-02 -2.58427560e-02  6.37260154e-02 -1.31363183e-01
  2.44769871e-01  6.87029287e-02 -2.80079767e-02  8.71701613e-02
  6.57874197e-02 -1.30663335e-01 -1.32145230e-02  2.39505529e-01
  7.76629290e-03  1.14536248e-01  2.86775287e-02 -2.03212634e-01
 -7.05838483e-03  1.95607081e-01 -6.63237348e-02 -1.30382180e-01
  6.68152347e-02  9.03217196e-02  9.62718278e-02  4.50054035e-02
 -1.77325960e-02  8.94663557e-02 -3.38104810e-03 -5.14164418e-02
 -3.91095653e-02 -8.52306746e-03 -1.76692024e-01 -1.06056280e-01
  1.07302807e-01 -1.31161183e-01  1.79935396e-01  1.20762661e-01
 -1.28830045e-01 -8.02747607e-02  1.54032677e-01  4.76682559e-02
 -2.12559149e-01 -1.07640304e-01 -2.53997501e-02 -5.20268008e-02
 -5.42476960e-02 -1.50190622e-01 -1.35930488e-02  1.46349460e-01
  1.74035475e-01  1.20042399e-01  3.41041572e-02  1.44273490e-01
 -6.01054505e-02  6.62431568e-02  2.64563233e-01  1.43683463e-01
 -8.68787542e-02 -9.00502428e-02 -4.94795218e-02 -2.50526816e-01
  8.61392990e-02 -9.74822566e-02  3.30373645e-02  1.32090241e-01
  7.51780868e-02  6.86381310e-02 -1.24865174e-01 -2.90770620e-01
  1.44426689e-01 -2.04505369e-01 -2.09146664e-01  7.92610422e-02
  2.87899119e-03 -5.75438812e-02  3.59178372e-02 -2.97274310e-02
  1.26410261e-01  2.63469070e-02  2.84535229e-01 -1.52958140e-01
 -1.20686404e-02 -1.20705254e-02  1.53352842e-01  1.53264012e-02
  8.67552031e-03 -1.05619073e-01  8.45280010e-03  6.13032877e-02
 -1.81228414e-01 -9.39681455e-02  9.84276906e-02  1.43938303e-01
 -2.49219269e-01 -1.81129768e-01  1.08525217e-01  8.17085579e-02
  4.68345563e-04 -9.90939438e-02 -1.40602076e-02  4.84368950e-03
 -1.03979763e-02 -8.30305144e-02 -5.17260619e-02 -7.40950555e-02
 -5.22895530e-02 -7.59210670e-03 -1.69157892e-01 -6.72575757e-02
 -1.76251847e-02 -4.92950007e-02  2.66201701e-03  6.14244267e-02
 -1.77946672e-01 -4.03517000e-02  1.68022700e-02 -3.36956675e-03
 -2.82778949e-01 -1.12931728e-02  3.80559526e-02  9.21223238e-02
  1.19217716e-01 -1.81410164e-01  1.17631694e-02 -8.59065279e-02
 -3.40417363e-02  9.25144553e-02  2.34793834e-02 -1.43393427e-01
 -9.06805042e-03 -6.38861433e-02 -7.34956115e-02 -4.05863225e-02
 -1.92252934e-01  1.23146668e-01  1.13141529e-01 -1.10547982e-01
  6.25912324e-02 -1.52264625e-01  3.98518778e-02  2.05198191e-02
 -2.19577312e-01 -1.78368956e-01 -2.15991456e-02  1.40203029e-01
 -2.76212871e-01  9.62772593e-02  3.48233096e-02  1.38494834e-01
  3.47497046e-01  1.86527327e-01  7.89644346e-02  3.75691243e-03
 -7.80052990e-02 -3.72817717e-03  1.31401807e-01 -3.12938653e-02
 -6.96439296e-02  5.53245097e-02  1.26141831e-01 -2.23363396e-02
 -1.82832077e-01  2.00629961e-02  1.56225441e-02  5.60126156e-02
  2.31985837e-01 -1.24430940e-01  4.99310298e-03  9.82557517e-03
 -1.90792739e-01 -2.58752052e-02 -1.46757975e-01  1.41367624e-02
  3.87713350e-02  1.28963187e-01 -1.90711647e-01  4.18727621e-02
  4.44146655e-02  3.14813331e-02  6.35766685e-02 -1.39065096e-02
 -1.73780005e-02 -1.29185557e-01 -2.34837513e-02 -1.00213446e-01
  1.65655002e-01  4.26271819e-02  1.07337616e-01  1.37485176e-01
  2.25450639e-02 -4.09286879e-02  5.30800559e-02  1.63982734e-02
 -2.48238184e-02 -5.27752005e-02  6.45974576e-02  1.39624253e-01
  2.63723105e-01  2.03477755e-01 -6.32208884e-02  5.05473427e-02
 -6.59938678e-02 -6.12771474e-02 -1.19306296e-01 -4.39527445e-02
 -2.21556984e-02 -9.76593196e-02 -4.21470292e-02  1.77696068e-02
 -8.01890641e-02 -5.49809933e-02 -1.35870399e-02  2.60750260e-02
 -4.22789641e-02  5.57066267e-03  5.45134433e-02 -4.84035052e-02
  6.29484355e-02  2.22823396e-02 -7.69141736e-03 -5.26493378e-02
 -1.96658954e-01 -4.40197960e-02 -6.87964335e-02 -5.29943546e-03
 -1.17255248e-01  1.18102707e-01  7.83943757e-02 -2.11117733e-02
  1.46511510e-01  9.70558524e-02  2.02150151e-01  1.26970690e-02
 -5.90182729e-02 -9.74842682e-02 -1.43959615e-02 -2.08935160e-02
 -9.40784961e-02 -6.31091669e-02 -3.77003811e-02 -3.29424925e-02
 -2.71725710e-02 -1.94833204e-01  7.46584684e-02  3.07660475e-02
  1.10944614e-01 -4.11505513e-02 -2.39343792e-02 -6.05874397e-02
 -1.11245006e-01  9.59416181e-02  1.80608660e-01 -1.46506786e-01
  9.21383128e-02 -4.84848320e-02 -9.50015858e-02 -5.96837327e-03
  3.15606222e-02  4.00937945e-02 -1.27851442e-01 -7.35582858e-02
 -6.14417233e-02  1.56041738e-02 -1.95991695e-01  3.85166369e-02
 -5.68415895e-02 -9.55655351e-02  1.26608744e-01 -1.00320652e-01
 -2.93227080e-02 -1.28922179e-01  9.48100686e-02 -4.53314595e-02
  7.22445324e-02  2.76908074e-02 -1.19717233e-01 -1.46575212e-01
 -1.84350207e-01 -2.43857354e-02 -2.27132309e-02  9.46583971e-03
 -5.14764450e-02 -4.24190573e-02  2.51555532e-01 -4.89393696e-02
 -1.90643333e-02  3.40715908e-02  1.85786024e-01 -2.04192817e-01
  9.73181427e-03  1.63330305e-02 -5.02195358e-02 -8.37203488e-03
  1.14972657e-02 -7.41501804e-03  8.77247751e-02 -2.88340393e-02
  6.70593558e-03 -7.26819336e-02  1.13749981e-01  1.00824907e-01
  6.06420822e-03  6.85340688e-02 -1.36510149e-01  2.09331760e-04
  1.24915108e-01 -1.75697610e-01  1.58973243e-02  5.99404052e-02
  1.46578057e-02 -2.00249422e-02  4.50378731e-02 -3.01232606e-01
  8.50582421e-02  1.61767587e-01 -2.08594799e-02  3.75865661e-02
  5.20468056e-02  2.88851466e-02 -5.24790660e-02  7.66324922e-02
 -3.99953499e-02  9.73537639e-02  3.34054301e-03  1.41105101e-01
  2.06636842e-02 -1.76661357e-01 -9.59842186e-03  3.85485440e-02
 -6.20120242e-02  1.40470341e-01 -1.32643878e-01  4.07371260e-02
  3.34708951e-02 -7.80855119e-02  1.76325276e-01 -3.88097158e-03
 -9.85097662e-02  1.24949880e-01 -1.31282955e-02 -7.05330670e-02
  6.28708452e-02 -1.50873646e-01 -2.37924932e-03  2.74461005e-02
 -8.85279626e-02  5.15252724e-02 -5.44424877e-02  4.11438085e-02
 -1.81780577e-01 -2.44148970e-02  8.58799368e-02  1.58178359e-02
 -8.64824280e-02  2.95829438e-02 -7.80120790e-02 -3.94132175e-02
  8.50653946e-02  1.87476665e-01 -7.60201365e-02 -6.42687604e-02
  1.13909855e-01  4.28540334e-02  2.06067637e-02  4.08436507e-02
  3.25353295e-02  6.73335344e-02 -7.60397539e-02  1.32484883e-01
  1.30448816e-02 -4.92998138e-02 -4.79800766e-03 -1.59175903e-01
  2.05808524e-02 -6.53750002e-02 -6.90132678e-02  3.59703824e-02
  1.86194237e-02 -5.68170622e-02  3.35195065e-02  2.86078174e-02
  2.85381973e-02 -7.96126276e-02 -4.55329940e-02 -1.09031931e-01
  1.22523881e-01 -2.84237489e-02  2.04247326e-01 -1.22990206e-01
 -1.83485284e-01 -1.47856787e-01 -8.40738490e-02  9.29064825e-02
 -7.50332314e-04  4.86062421e-03  6.10790867e-03  1.68379419e-03
  3.27204876e-02  4.11471538e-03 -9.09782797e-02 -2.23742276e-02
  6.77052736e-02 -4.75872159e-02 -8.41883048e-02  1.82454064e-02
  1.27681987e-02 -6.81583509e-02  6.12803586e-02  1.37960434e-01
  5.05804271e-03 -7.05003366e-03  2.08453983e-01  2.47560248e-01
  4.30861535e-03 -1.65340260e-01 -4.84451130e-02  1.88374773e-01
  1.02183327e-01  1.58973113e-01 -8.15174356e-02  3.05879086e-01
 -2.24664196e-01 -6.57859072e-02 -1.77761912e-01 -1.14414819e-01
 -5.96557148e-02  1.21991314e-01  5.59827359e-03  9.47588086e-02
  2.17178285e-01 -8.50004107e-02  2.70381451e-01  5.24102449e-02
  9.99446213e-03 -1.55790541e-02  2.92750876e-02 -5.47242127e-02
  2.11964697e-01  5.74226640e-02  1.09423451e-01 -1.26028180e-01
 -2.45176558e-03  1.74191311e-01 -8.61373544e-02 -1.74068570e-01
 -5.46998046e-02  3.31413597e-02  1.52621105e-01 -7.09506199e-02
  2.55863130e-01  1.49684131e-01  5.06187044e-02 -1.98934808e-01
  1.43026903e-01 -1.89786896e-01  4.84754257e-02  1.11825012e-01
 -2.61273282e-03  1.29172459e-01 -1.13016263e-01  2.98353970e-01
 -7.65086934e-02 -2.59229213e-01  1.07078865e-01 -3.92105691e-02
  1.26673520e-01  7.19392970e-02 -4.98539060e-02  7.06009120e-02
  9.40986127e-02  1.06633566e-01  4.33985740e-02  5.05064316e-02
  6.47836477e-02 -7.15650693e-02  3.66998091e-02  1.36446178e-01]