http://erau.edu/ontology/meme.owl#ImGonnaKickYourSonIntheRibsMeme
[-9.68694761e-02 -1.09811328e-01 -3.84385772e-02  6.70558214e-02
  1.10853307e-01  5.64149721e-03 -1.57677624e-02 -2.37326212e-02
  4.25801128e-02  2.40284819e-02  6.45270571e-03 -7.53223430e-03
 -7.96063766e-02 -7.48305470e-02 -7.26943510e-03 -6.10110834e-02
  8.75625536e-02 -6.57647401e-02  5.94723150e-02  5.65788895e-02
 -1.53882429e-01  6.91275718e-03  1.28311319e-02 -1.75511271e-01
  1.74829572e-01 -5.72483204e-02 -5.27592888e-03 -5.22130243e-02
  1.42231807e-01  2.52172738e-01  1.10823110e-01  7.37216789e-03
 -2.95493025e-02  3.36800292e-02 -4.02206108e-02  3.77316922e-02
  4.82490845e-02  3.19176093e-02 -3.46304439e-02 -5.29510751e-02
  1.54482191e-02  9.66466740e-02 -4.61346582e-02 -3.63809951e-02
  8.44390839e-02  9.56888720e-02 -1.49266541e-01 -1.53865919e-01
  6.68145046e-02  3.13751632e-04 -2.01653522e-02  5.49089462e-02
 -7.40961507e-02 -1.81717098e-01 -2.16753110e-02  6.86448142e-02
 -1.96978846e-03  9.79921669e-02  2.45145723e-01  9.34568495e-02
  3.30478624e-02  3.48304547e-02  4.97355051e-02  8.18777233e-02
 -1.11300811e-01 -4.46783304e-02 -7.31488690e-02  7.00222701e-03
 -9.62106138e-02 -1.03321165e-01 -1.27491310e-01  1.52227981e-02
  1.56460255e-01  2.75046621e-02  4.52832356e-02  7.21501783e-02
 -1.57497600e-01 -4.27373722e-02  9.03749913e-02  7.38277193e-03
 -2.98255850e-02 -6.20756894e-02 -4.74142991e-02 -1.05617061e-01
  2.17225812e-02 -9.66944844e-02 -2.02389017e-01  6.27098680e-02
  1.58545710e-02  5.66287562e-02  2.87996363e-02 -1.97310954e-01
  1.75362974e-01 -1.28510296e-01 -8.48644003e-02  7.36635700e-02
 -3.15003581e-02  1.00030573e-02 -4.28148583e-02 -7.35722929e-02
  1.67276621e-01 -1.84405372e-02  3.81603718e-01 -5.07923812e-02
 -7.96347857e-02  4.91226427e-02 -4.45020832e-02  7.66853243e-03
 -1.14198335e-01 -1.33994967e-01  8.71181563e-02  6.39791414e-03
  1.31299235e-02 -1.99455917e-01  8.64348486e-02  7.62821063e-02
 -2.83407152e-01  4.37020361e-02 -8.94351378e-02  2.53921058e-02
 -1.07701279e-01 -2.51614843e-02  2.86294380e-03  1.00609228e-01
  8.62831399e-02 -8.00875723e-02  5.88986557e-03  1.89220328e-02
 -8.63954648e-02  5.19523658e-02 -1.40251204e-01 -2.19745692e-02
  3.68642770e-02 -1.06607676e-01 -1.65374335e-02  9.56761613e-02
 -5.06997146e-02 -5.13687581e-02 -1.88983411e-01 -6.78998381e-02
 -3.00623268e-01  1.93889961e-02  1.09068669e-01  2.74650995e-02
  1.64705232e-01 -2.48884857e-01  4.99387234e-02 -1.00392804e-01
 -6.69677481e-02  4.52189296e-02 -1.84240937e-02 -1.27439111e-01
 -3.19795101e-03  1.82637930e-01  7.34942257e-02  7.87985846e-02
 -1.52925417e-01  1.79670155e-01  1.00484818e-01 -1.37101516e-01
  1.18281581e-01 -2.43358657e-01  1.15196750e-01  1.95741057e-02
 -1.34564027e-01 -1.68335729e-03  3.78103927e-02  2.26946801e-01
 -3.16372365e-01  1.42006978e-01  5.51078990e-02  2.80251414e-01
  2.21360877e-01  8.83066133e-02 -8.94329250e-02  3.47880162e-02
 -3.57690640e-02 -1.37191653e-01  1.55935973e-01 -2.80473065e-02
 -5.71365319e-02  1.87217742e-01 -4.41583954e-02  8.54587182e-03
 -8.28484911e-03  2.18344561e-04  1.60846636e-01  1.10094771e-01
  1.93337545e-01 -6.20213449e-02  9.21070576e-02  2.36202907e-02
 -6.68614507e-02 -5.73183484e-02  1.04284044e-02 -7.87243620e-02
  1.00820445e-01  3.63199562e-02  1.27185360e-01  2.67242324e-02
 -4.22194675e-02 -2.30604392e-02  1.33339046e-02 -7.74656534e-02
 -4.95777316e-02 -1.20222025e-01 -3.68509963e-02 -8.32324997e-02
 -1.26360636e-03 -2.67618406e-03  1.45194724e-01  1.11115664e-01
 -5.69775254e-02  3.10361274e-02  5.75151332e-02  7.46544525e-02
 -9.35300365e-02 -8.79274830e-02  1.72738805e-01 -2.59374604e-02
  9.40432772e-02 -1.78540964e-02 -1.49928302e-01 -1.85069963e-02
  5.06824590e-02  4.03246805e-02 -1.77355334e-01  7.01386109e-02
 -1.20363481e-01  4.31644119e-04  8.18132237e-02  2.62406394e-02
 -8.26094523e-02 -1.94000423e-01 -3.89266610e-02 -5.15753515e-02
 -5.56084812e-02 -1.40960857e-01  8.18517804e-02 -2.97879577e-02
  5.32751158e-02 -9.93780270e-02 -2.44060606e-02 -4.60262783e-03
 -3.08591694e-01 -9.55012068e-02 -1.66471153e-01 -3.91336977e-02
 -6.08051270e-02 -7.37390518e-02  5.64060062e-02 -7.70804379e-03
  1.71576694e-01  1.05100371e-01  1.92518190e-01  1.24337086e-02
 -1.36377737e-01  6.85018823e-02  5.66194914e-02  5.64253032e-02
 -6.54083341e-02 -1.25308082e-01 -2.50528306e-02 -2.07931951e-01
 -4.88310270e-02 -2.04328641e-01 -1.06494643e-01  4.78167944e-02
 -1.70244556e-02 -2.05107220e-03 -1.61344577e-02  2.45855004e-02
 -1.43896997e-01  5.80954403e-02  1.36197675e-02 -7.60068372e-03
  2.13463120e-02 -1.13502361e-01  1.16209075e-01 -2.68121455e-02
  1.34329677e-01  4.92767766e-02  1.42731313e-02 -2.79808883e-02
 -1.27869859e-01  4.71982732e-02 -2.42420901e-02  7.26048723e-02
 -3.12501714e-02  7.51033798e-03  1.25206009e-01 -8.66412073e-02
  6.18452057e-02  6.34214878e-02  3.03215683e-02 -6.47810251e-02
  6.58153296e-02 -2.76515801e-02 -1.94076627e-01 -6.32888302e-02
 -2.14382127e-01 -1.29757002e-02 -1.03752896e-01  1.52877405e-01
  1.19386248e-01 -2.39192322e-02  6.85516596e-02  4.06497270e-02
 -5.04808612e-02  2.83920448e-02  1.49104625e-01 -7.08018243e-02
 -4.64040190e-02 -1.08386735e-02  6.26964718e-02  5.97467758e-02
  3.16237696e-02  2.45087538e-02 -6.36022463e-02 -2.59789266e-02
 -1.38765927e-02  2.23297849e-02  1.52909771e-01  3.92880403e-02
 -1.16908746e-02 -1.56160723e-02  1.02857202e-01 -2.01374684e-02
  5.64777479e-02 -5.47161847e-02  4.38432246e-02 -1.02256406e-02
 -7.26473406e-02 -9.04932171e-02 -1.61946371e-01 -2.48777539e-01
  1.09954156e-01  1.19351767e-01 -1.21293657e-01  6.19064923e-03
 -6.98775575e-02  9.75441784e-02 -1.09270446e-01  5.79894185e-02
 -9.48846787e-02 -2.70104501e-02  1.26412883e-01  1.69569746e-01
 -1.18158147e-01 -1.94347873e-01 -8.35295841e-02  1.31327668e-02
 -2.03785095e-02  1.97262630e-01 -4.13312428e-02  1.01935953e-01
  9.67787504e-02 -1.10960014e-01  1.63874239e-01 -1.16475388e-01
 -9.67558101e-02  1.13598935e-01  2.97806542e-02 -4.09022160e-02
 -5.12517840e-02 -4.70439792e-02 -9.66710076e-02  7.63100833e-02
 -1.12267211e-01 -9.18782689e-03  3.10335681e-02 -3.05690207e-02
 -3.88695806e-01  2.89221536e-02  1.24446228e-01 -3.17675062e-02
 -9.46450979e-02  3.94515842e-02 -4.76978719e-02 -1.40459210e-01
  1.19124807e-01  1.68989167e-01 -7.44343847e-02 -1.78717166e-01
  9.26000997e-02 -1.50530875e-01 -9.57849249e-02  1.27167910e-01
 -1.11140572e-02 -2.58325279e-01 -1.50148366e-02  2.15074737e-02
  4.97555174e-02  9.05371457e-02 -5.73176257e-02 -1.97771609e-01
  1.55983642e-01  1.60256669e-01  2.07653612e-01 -1.01773039e-01
 -6.96620941e-02 -1.14835188e-01 -6.99183904e-03 -2.44058475e-01
 -1.75515398e-01  1.07865974e-01 -6.48926646e-02  4.20623690e-01
  1.12387814e-01  2.14002859e-02  9.54767838e-02 -1.90443471e-01
 -9.01800767e-02 -5.08619286e-02 -1.10392742e-01  3.34944911e-02
 -6.74690157e-02 -9.58679318e-02  1.25886602e-02  1.27031937e-01
  1.17127217e-01  2.94790901e-02 -1.84776619e-01 -1.26290750e-02
 -9.61186886e-02 -1.35097474e-01  1.00180820e-01  1.59961700e-01
  1.10142017e-02 -5.96395619e-02  6.24983571e-02  2.92850643e-01
  6.45226687e-02 -1.41765103e-01  8.64587873e-02  1.18882328e-01
  5.92607968e-02 -1.93294771e-02  8.35533068e-02  1.11978479e-01
  1.00600801e-01  1.12578750e-01 -3.85733955e-02  3.27854484e-01
 -9.51289833e-02 -1.64706811e-01 -2.56351620e-01 -1.28300533e-01
 -1.16772592e-01  1.30077526e-01  2.16245148e-02  7.64987990e-03
  3.36068757e-02 -1.00616543e-02  1.12378858e-01  3.10220718e-02
  6.46287054e-02 -1.97552750e-03  1.82195872e-01 -6.73523024e-02
  1.96011320e-01  2.10327990e-02  8.89808312e-02  4.11341526e-02
 -7.84507170e-02  9.17112976e-02 -1.53768316e-01 -7.37245753e-02
 -8.29047412e-02  1.47263303e-01  1.70549303e-01  3.50057110e-02
  9.45612863e-02  1.64436221e-01  1.20165251e-01 -1.71660870e-01
 -7.02492986e-03 -2.27916256e-01 -6.19903840e-02 -1.21857785e-02
 -9.71500129e-02 -8.75843465e-02 -4.46263142e-02  1.30910724e-01
 -1.31161287e-01 -1.44217044e-01  2.19175704e-02  1.55561771e-02
  5.20948470e-02  5.21409549e-02 -1.09192654e-01 -2.71324813e-03
  1.14684522e-01 -1.75308827e-02  1.54174984e-01  9.85800177e-02
 -3.99446934e-02 -8.33817944e-02  8.83205906e-02  1.00817062e-01]