http://erau.edu/ontology/meme.owl#BlepeMeme
[-5.96937016e-02 -1.01383932e-01  3.70149314e-02  9.22340062e-03
 -5.17057627e-02 -2.22216286e-02  9.31629092e-02  8.76448527e-02
  3.24307457e-02 -1.32493168e-01  9.73730311e-02  2.32349690e-02
  6.61588386e-02 -8.47117305e-02 -3.47306132e-02 -6.76033571e-02
  1.09397151e-01 -1.42139886e-02  5.24946004e-02  3.39367613e-02
 -1.20547548e-01  1.20722115e-01  2.97874920e-02 -1.70473203e-01
  1.35164022e-01 -7.18014836e-02  2.66865231e-02 -1.33184001e-01
  2.16468111e-01  1.67435631e-01  1.17351659e-01  1.07913733e-01
 -1.43580884e-02 -1.52866459e-02 -2.39911191e-02  1.28980204e-01
 -5.37400246e-02  1.27871588e-01 -8.46974086e-03 -1.32485807e-01
  2.57351175e-02  2.37362608e-01 -1.72160313e-01  3.35225351e-02
  1.61305532e-01  3.00917067e-02 -4.69765998e-02 -2.05583684e-02
 -3.29523236e-02  4.73466814e-02  5.14518395e-02 -3.70905288e-02
 -7.32219219e-02 -1.99486181e-01 -1.17486440e-01 -7.58681148e-02
  1.56825006e-01 -1.24600261e-01  1.56961694e-01  7.16279745e-02
 -4.82214019e-02 -1.75912604e-02  1.44056827e-01  4.28314246e-02
  1.04799028e-02 -4.28435504e-02  2.60634422e-02 -1.28656458e-02
 -1.42679498e-01 -1.67808518e-01 -1.24595046e-01  7.22707063e-02
  1.09913751e-01 -1.32523375e-02 -1.89678057e-03  8.34190473e-02
 -2.42621711e-04  2.18285233e-01  1.41964674e-01  2.33411491e-02
  2.66256672e-03 -1.76311675e-02  5.65140788e-03 -1.54380888e-01
  2.93441992e-02  1.61241144e-02 -4.48329970e-02  4.24150452e-02
  7.37415627e-02 -3.70129682e-02 -6.84380904e-02 -1.02300286e-01
  1.15278311e-01 -1.46686241e-01 -4.21768874e-02  6.97409883e-02
  7.72817433e-02  8.49985611e-03 -7.19811320e-02 -4.45574000e-02
  1.53435022e-01  2.04931647e-02  2.65920103e-01 -2.84152571e-02
 -5.67169748e-02 -6.62117228e-02  9.77157503e-02  8.14098120e-03
 -8.47056061e-02 -8.92841667e-02  3.30039673e-02  4.27444087e-04
 -1.23608708e-01 -1.47474602e-01  5.44041023e-02  1.32502779e-01
 -2.44886220e-01 -1.16351098e-01  5.86839020e-02  3.91950384e-02
 -3.42946015e-02 -6.88555092e-02 -1.60641700e-01  1.28370479e-01
  1.33339703e-01 -1.04102775e-01 -7.94556737e-02 -4.56589274e-02
 -2.82357596e-02 -1.99533347e-02 -2.13050485e-01 -3.29412483e-02
  4.52276180e-03 -8.93867910e-02 -1.29630670e-01  1.19225256e-01
 -2.16680747e-02  5.47643304e-02 -1.23076193e-01  1.12059943e-01
 -2.07517192e-01  2.92538069e-02  1.22908548e-01  4.53009121e-02
  1.18738241e-01 -2.86359698e-01  1.11238994e-01 -6.22460060e-02
 -6.59161359e-02  1.17191166e-01  4.60107215e-02 -8.75850469e-02
  6.07109722e-03  6.63939491e-02 -1.25545233e-01  4.01741453e-02
 -1.16428092e-01  2.14412406e-01  6.60759434e-02 -6.96391463e-02
 -4.17235605e-02  6.75824517e-03  6.41965270e-02 -1.80204492e-02
 -1.83382154e-01 -1.90572202e-01 -2.62747183e-02  5.71072325e-02
 -2.81524450e-01  1.18700743e-01  4.24503312e-02  1.37206256e-01
  1.83964729e-01  8.24798122e-02  1.28422603e-02  2.69354340e-02
 -5.86387329e-02 -4.46489342e-02  4.83609885e-02 -1.11429147e-01
 -7.46744275e-02  5.10730855e-02 -3.96848880e-02  7.45736286e-02
 -1.64278056e-02 -4.51100841e-02  2.01204464e-01 -2.27215420e-03
  1.76783219e-01 -5.03184134e-03  3.58633511e-02 -1.72071546e-01
 -1.73912123e-01 -3.99605324e-03  4.70901318e-02 -5.37085123e-02
 -3.33661176e-02  6.96851090e-02 -6.90743625e-02 -9.08537675e-03
 -1.25980498e-02  2.71818470e-02 -8.16479921e-02 -2.95679178e-02
 -1.73700824e-02 -1.55719981e-01 -1.92544132e-03 -5.04428819e-02
  8.59289989e-02  1.23022452e-01  1.44970223e-01  2.27558538e-02
  1.97218992e-02  3.85039635e-02  3.39858010e-02  3.56249735e-02
 -1.06149562e-01 -4.31262441e-02  6.61851764e-02  6.48046657e-02
  1.18071169e-01  1.01301782e-01 -1.33656487e-01  3.64064835e-02
 -3.76973450e-02  8.25407803e-02 -1.25708953e-01  4.44043353e-02
 -6.99503813e-03  5.33770137e-02  5.98845556e-02 -1.59563720e-02
 -9.46246982e-02 -8.12072977e-02 -1.18226901e-01  4.47450094e-02
 -5.47888763e-02 -1.45200446e-01 -6.87377825e-02 -7.00315908e-02
 -1.54398801e-02 -8.62937942e-02  2.95728408e-02 -2.82984357e-02
 -1.08580083e-01 -3.53138857e-02 -8.38025957e-02 -9.08493549e-02
 -5.33173271e-02 -3.62306344e-03  3.33482735e-02 -1.00015819e-01
  7.46134669e-02  7.08211809e-02  5.99445216e-02 -2.73383334e-02
 -9.63558778e-02  2.03781780e-02  4.81316168e-03  2.89129093e-02
 -1.18500784e-01 -8.19211975e-02 -1.00491412e-01 -1.08379565e-01
 -3.72087210e-02 -8.62884670e-02  5.80331907e-05 -5.17777875e-02
  6.64860308e-02 -1.06683642e-01 -1.71409342e-02 -9.72645879e-02
 -3.66052575e-02  8.21198896e-02  9.79843363e-02 -3.58579718e-02
  1.03578689e-02 -5.65704033e-02  5.17197326e-02  4.79218885e-02
  1.15489379e-01  7.44877756e-02  1.70796569e-02 -5.44050056e-03
 -1.19529404e-01 -2.83530299e-02 -9.82231274e-02 -3.25832069e-02
 -5.71702197e-02 -1.53913528e-01  1.05779663e-01 -1.06287710e-01
  3.93683836e-02 -2.00347211e-02  6.97681680e-02  1.90879907e-02
 -1.07971737e-02 -3.83348390e-02 -5.95684871e-02 -6.08696602e-02
 -1.58815607e-01  4.71267886e-02 -3.48171145e-02  1.39191061e-01
 -5.67059740e-02 -4.83916961e-02  1.56792298e-01  2.27809995e-02
  1.84024274e-02  6.80291802e-02  2.36846223e-01 -1.17426746e-01
  1.66115798e-02  5.88007346e-02  2.41868030e-02  8.13118182e-03
 -3.88160497e-02  9.96383503e-02 -5.03111407e-02 -9.20336246e-02
  9.39398706e-02 -1.00572407e-01  1.67964563e-01  1.39756888e-01
 -4.81984066e-03 -6.38136081e-03 -2.83929389e-02 -4.06135097e-02
  1.30630340e-02 -8.14151391e-02 -1.70367938e-02 -6.15213737e-02
 -1.38772344e-02 -1.45192325e-01 -5.66250235e-02 -1.45394698e-01
  1.48117527e-01  8.10784101e-02 -2.72306819e-02  3.55651081e-02
 -5.60008883e-02  1.28730685e-01 -7.30583742e-02 -3.67300622e-02
 -1.54327840e-01 -1.23024043e-02 -1.08667100e-02  5.27802221e-02
 -6.77719712e-02 -2.61036102e-02 -3.04770307e-03 -2.05372204e-03
 -9.74079967e-02  1.35869265e-01 -1.07598044e-01  7.45817423e-02
  5.06482273e-02  6.79517686e-02  8.42750967e-02 -5.54095916e-02
 -1.21375889e-01  6.52132258e-02  3.63923013e-02  5.14549855e-03
 -2.65814029e-02  5.79371341e-02 -2.79315538e-03  9.44718197e-02
  5.22674108e-03  3.75432782e-02 -1.06929289e-02 -1.41393831e-02
 -2.40332961e-01 -1.85550731e-02  4.02814597e-02 -6.47219941e-02
 -1.03180490e-01  2.38969866e-02 -1.14907147e-02 -4.07016985e-02
 -4.03205631e-03  9.52008367e-03  8.99290387e-03 -5.88518903e-02
  5.74696176e-02 -1.53943077e-01 -8.33857208e-02  1.15830988e-01
  5.00800423e-02 -1.06866248e-01 -4.15735058e-02  5.69333956e-02
  8.64430889e-03  2.02957541e-01 -2.39774957e-02 -2.33483687e-01
  7.88373798e-02  9.66140442e-03  2.80159384e-01 -5.45414351e-02
 -4.49416228e-02 -1.61733702e-01  6.41191974e-02 -2.40375623e-01
 -1.83913857e-01  5.46467602e-02 -6.96460903e-02  2.64172584e-01
  1.25456318e-01  8.70108679e-02  3.08025964e-02 -1.79393634e-01
 -1.30389214e-01 -6.03107661e-02 -7.82030895e-02  9.83151570e-02
 -1.22623682e-01 -8.75501856e-02 -1.42938225e-02  1.03815600e-01
  1.74616635e-01 -2.32525505e-02 -1.70150530e-02  6.98798224e-02
  2.41164882e-02 -1.09956078e-02 -2.38048472e-02  5.16867042e-02
  9.98948291e-02  1.03268391e-02 -2.43893415e-02  1.84084684e-01
  5.47628924e-02 -1.10609867e-01  2.02879056e-01  1.40536442e-01
  1.30130425e-01 -1.62390489e-02  8.73721838e-02  8.20138156e-02
  9.91166756e-02  4.96367775e-02 -1.39481902e-01  2.57622838e-01
 -1.55522838e-01 -4.46493626e-02 -1.41583949e-01 -6.83115125e-02
 -1.39503852e-01  9.38552693e-02  1.08514063e-01  1.00026175e-01
  1.07664071e-01 -7.09532946e-02  1.03340946e-01  1.34906247e-01
  5.74158356e-02 -1.09101413e-03  5.25730774e-02  2.61727851e-02
  1.71206683e-01  9.31177139e-02  2.10263263e-02 -1.49250403e-01
 -6.12557214e-03  1.15325645e-01  3.15064676e-02 -1.85755998e-01
  8.71838555e-02 -2.03345735e-02  1.47317171e-01  1.87947545e-02
  1.43002689e-01  1.51200652e-01  7.13890493e-02 -9.96237993e-02
  5.75709231e-02 -4.79163602e-02 -7.57123306e-02  1.12201788e-01
 -1.01722725e-01  5.22100143e-02 -7.65366927e-02  1.81514904e-01
 -8.01301077e-02 -1.26879394e-01 -8.83396417e-02  6.93533197e-02
 -1.93348061e-02  2.24148296e-02 -2.73853373e-02  7.09948242e-02
  5.66407777e-02  6.61538318e-02  2.40358673e-02  9.51105431e-02
 -1.52591011e-02 -3.48419580e-03 -3.33425626e-02 -3.16263326e-02]