http://erau.edu/ontology/meme.owl#PublicResignationMeme
[-0.1606552  -0.0472192   0.14173695  0.0436927   0.03321984 -0.05174538
  0.29972965  0.23774783 -0.0563684  -0.12572065  0.09603456  0.04363443
  0.10106919  0.14357448 -0.16318211 -0.06343849  0.08638289  0.21290061
  0.16478543  0.0595031  -0.37548798  0.02326763  0.07954387 -0.06067184
  0.17163792 -0.00111519  0.02042783 -0.03374499  0.31270754  0.16541372
  0.14942792  0.13353346  0.25626445 -0.13497417  0.13192782  0.094469
 -0.0249085   0.04297294  0.04521366 -0.16266327 -0.06430955  0.26429808
 -0.16943769 -0.01061635  0.05441831 -0.09670605  0.0399165  -0.02767233
  0.01768979 -0.03592921  0.09568977  0.01242844 -0.07800411 -0.17844307
 -0.11740098 -0.10108351  0.07539929 -0.01613819  0.05110793  0.19833638
 -0.17036147 -0.15395197  0.14125983  0.00304335 -0.26610065 -0.01720574
 -0.00770681 -0.01269585 -0.17086934 -0.1126482  -0.07604699  0.09480698
  0.23074915  0.02648542  0.1001158   0.06773651 -0.22411932 -0.00588944
  0.16187418  0.04131693 -0.09146918 -0.17726736 -0.1801016  -0.1310717
  0.02532445 -0.10893492 -0.22779037  0.19341266  0.07408804  0.09714241
  0.03617347 -0.29652983  0.04608975  0.04021165 -0.21186543  0.01452185
 -0.09045248  0.04528632 -0.05694364 -0.12059473  0.06092767  0.03707698
  0.28339478 -0.18235268 -0.04653209  0.04655071  0.11715103 -0.05896481
 -0.04174471 -0.1714084   0.09063693 -0.08977099 -0.12959681 -0.0849241
 -0.04680125  0.08882093 -0.23896293 -0.07438071  0.101195    0.1303168
  0.03352842 -0.03988982  0.05945898  0.11644089  0.19926466 -0.11348927
  0.01551656 -0.08713426  0.13740984 -0.01729298 -0.21515867 -0.03640679
  0.02731693 -0.05082145  0.01880343  0.1359605   0.04678262 -0.15534139
 -0.04921277  0.07228639 -0.27887213 -0.11658982  0.05875151  0.14902054
  0.26656237 -0.10134581  0.10627352 -0.12644841 -0.07897057  0.08196665
  0.12439469  0.00460604 -0.09388525  0.0407862  -0.01531487  0.0788139
 -0.09260795  0.22613189  0.16517809 -0.05067458  0.09804109 -0.10776529
  0.01038072 -0.00242382 -0.21785152 -0.1750233   0.02397499  0.08396798
 -0.29571623  0.1608489   0.1062208   0.23688348  0.26219472  0.2276828
 -0.07325578 -0.08899148 -0.16814394 -0.00906675  0.17348664  0.05449872
 -0.10382546  0.10246895 -0.00629907 -0.02179164 -0.01192518 -0.01918383
  0.01772534  0.06584657  0.30412468 -0.03053724 -0.01755763  0.02334794
 -0.19553196 -0.09362338  0.00888337 -0.03652771 -0.07321616  0.20958821
 -0.05255002  0.04146378  0.01418636 -0.04680993  0.12903793 -0.08171128
  0.00898235 -0.27498376  0.05818225 -0.12570007  0.2599789   0.05768333
  0.3357023   0.21020015 -0.08788281 -0.14570358  0.16749617 -0.05636912
 -0.11555947 -0.08965961 -0.04438669  0.17057528  0.3156032   0.19258073
 -0.09217654  0.00639697  0.06462403 -0.05287497 -0.168822   -0.03455457
 -0.01896412  0.05611478  0.16208944  0.01814589 -0.02470681  0.02734557
  0.05093853  0.08681922  0.03892518  0.09156691  0.09941048 -0.02161338
 -0.04981919  0.08732052  0.00770002 -0.07271624 -0.13959748 -0.01240487
 -0.10289319 -0.14689355 -0.09173286  0.1250633   0.05453493  0.02407962
  0.13350886 -0.05758226  0.13990751 -0.09075697 -0.0588286  -0.10104991
 -0.09314384  0.06599863 -0.15473196  0.0445478   0.09535211 -0.07583075
 -0.06608187 -0.03355503  0.11641393 -0.03418648  0.07169083  0.02372467
  0.00430428 -0.03289839  0.02392095  0.04340405  0.14270349 -0.07950334
 -0.01878357  0.02379205  0.03672795  0.05366403  0.04402661  0.21342033
 -0.00325862 -0.04262439  0.00122231  0.03251786 -0.05842855 -0.01922403
  0.08381408  0.02895616  0.12477797 -0.06799515 -0.02620017 -0.0911715
 -0.01013637 -0.11549899  0.17897707 -0.00856764 -0.08041952 -0.124236
 -0.00565522 -0.03376011  0.04382547 -0.079274   -0.03253934  0.0539045
  0.26618972  0.06891897  0.04445234 -0.10542721  0.09253522 -0.10162697
  0.03379739  0.09716398  0.04271536  0.0096945   0.02299627 -0.02676676
  0.11885708 -0.08651135  0.07308818  0.03473488  0.10986994  0.02391875
  0.01372459 -0.08003552 -0.15016624  0.03532081  0.08553719  0.00871794
  0.02413584 -0.10699853  0.0766439  -0.07164395 -0.00178351 -0.24625865
 -0.06795857  0.22777852 -0.11271998  0.05062215  0.0321739   0.2376945
 -0.10930521 -0.01796723 -0.16747022  0.08972503 -0.17213723  0.18562485
 -0.02010212 -0.2324227  -0.11752413  0.17436315 -0.10035913  0.18301061
 -0.17651935  0.00745547  0.01862966 -0.07660938  0.2498998   0.00824585
 -0.13932928  0.18397145 -0.0993041   0.04494593 -0.02320598 -0.12719373
 -0.14119998  0.04865718 -0.06991813  0.05373247 -0.13467447  0.05155218
 -0.2559396   0.08302355  0.03298254 -0.09064408 -0.04954202  0.01355045
 -0.04403657  0.04988147  0.05155933  0.24273773 -0.12008215 -0.1255485
  0.11267815 -0.1621441  -0.09619384  0.08647237 -0.01536124  0.00153525
 -0.02499769  0.16297394 -0.03387167  0.21120481  0.01557697 -0.24326232
  0.01916583  0.2024475   0.13043043 -0.11160771 -0.1059533  -0.05505384
 -0.10081249 -0.02761076 -0.07286619 -0.03301814 -0.07591527  0.17797154
  0.11594229 -0.05808665  0.2381794  -0.1939928  -0.20187178  0.0501411
 -0.02302458  0.04048683 -0.18378448 -0.0706384  -0.05291199  0.0570765
  0.17591237 -0.02445213 -0.14812097  0.00058562  0.01297613 -0.27005967
 -0.03040192  0.14435513  0.0411457  -0.13098192  0.07907486  0.2118105
  0.2233893  -0.09263839  0.21783261  0.2524178   0.07472715  0.00441776
  0.00098141  0.12570447  0.04916955  0.13023022 -0.07920242  0.3321682
 -0.13884778  0.01831503 -0.1575901  -0.21169275 -0.02237148  0.11926638
  0.08069185 -0.04780295  0.0345969   0.04681558  0.19681777 -0.01136898
  0.09286314 -0.06447934  0.04903345 -0.06547864  0.01216729  0.1500585
  0.17863585 -0.02139768  0.02208967  0.21039857  0.00977707 -0.12223262
  0.009176   -0.00320653  0.15423727 -0.13976818  0.22505768  0.17600535
 -0.05005029 -0.17630953  0.02705671 -0.3738523  -0.06110584  0.18854679
  0.0896731   0.01213785 -0.04792895  0.38465837 -0.2911748  -0.29172114
 -0.00684411 -0.18817188  0.3574764   0.14655958 -0.14352122 -0.00275265
  0.04560863  0.11602684  0.26083872 -0.0707021  -0.06384982 -0.23193863
  0.13973053  0.15429477]