http://erau.edu/ontology/meme.owl#TheRapeTrainMeme
[ 3.48625034e-02 -1.08479291e-01  1.11911083e-02 -3.56037728e-02
 -1.01379454e-02  1.02754623e-01  5.91401532e-02  7.64277130e-02
  1.01446897e-01 -6.77608475e-02  1.31629840e-01 -1.06282815e-01
 -3.36290486e-02 -6.42066821e-03 -6.53370321e-02 -1.99653804e-02
  3.77964266e-02  5.01523493e-03 -1.06849246e-01  8.40153396e-02
 -1.71236590e-01  1.52171642e-01  1.08959042e-01 -1.76098034e-01
  1.26661807e-01 -1.04003035e-01  3.90779637e-02 -3.23106013e-02
  2.48717114e-01  8.47410932e-02  1.07983612e-01  1.28352851e-01
  5.19629847e-03 -4.89300787e-02 -1.84906609e-02  2.33261988e-01
  4.45055626e-02  1.02652527e-01 -5.63934445e-02 -7.98619241e-02
 -6.05365522e-02  1.34247795e-01 -2.92422891e-01 -6.95779771e-02
  6.47573471e-02  7.22467527e-02  5.15662655e-02 -7.03239515e-02
 -1.93627123e-02 -2.90048346e-02  6.58209845e-02 -1.19276233e-02
 -9.05121416e-02 -1.60495877e-01 -2.09690168e-01 -5.86745739e-02
  7.88554624e-02 -9.40732136e-02  2.41115525e-01 -1.57708917e-02
  1.58460047e-02 -3.79340574e-02  1.01175457e-01  7.15981573e-02
  2.21837815e-02 -6.93657845e-02  7.49721229e-02  1.51479859e-02
 -6.65551424e-02 -1.01463169e-01 -1.49135649e-01  8.44761580e-02
  1.87632754e-01  1.26854271e-01 -3.55902538e-02  1.88388124e-01
 -4.52287458e-02  6.54859692e-02  6.20678551e-02 -1.65521838e-02
 -3.21561210e-02 -1.63956508e-01 -8.10000002e-02 -1.28033459e-01
  5.94926514e-02 -2.70970855e-02 -3.88491713e-02 -9.13249925e-02
 -2.05672849e-02 -1.41251057e-01  5.64225093e-02 -1.30499363e-01
  1.29155844e-01 -1.92146115e-02 -6.06531538e-02  5.78559749e-02
  7.57878870e-02 -7.98562095e-02 -4.59504686e-02 -1.17250737e-02
  1.76636189e-01 -3.97696272e-02  2.25197420e-01 -9.17346776e-02
 -3.14976200e-02  6.17533959e-02  5.77342585e-02  4.03755009e-02
  4.00518626e-02  5.42976409e-02 -8.27017799e-02  5.31629547e-02
 -5.44790253e-02 -1.65359870e-01  1.09096356e-01 -2.15979256e-02
 -2.72044778e-01 -1.81857437e-01  7.51685724e-02  2.12676600e-01
 -3.31978016e-02  1.74226835e-02 -2.41733253e-01  2.82094143e-02
  1.34414494e-01 -1.61787838e-01  3.63761410e-02  3.40209790e-02
  9.15757641e-02  2.72207726e-02 -2.33888373e-01 -8.21320415e-02
  4.16134074e-02 -1.58328786e-02 -1.29904911e-01  1.18378095e-01
 -6.43556267e-02 -1.99606060e-03 -1.53644264e-01  1.50849476e-01
 -2.46099278e-01  5.30297160e-02  1.30840659e-01  9.79681164e-02
  1.53701335e-01 -3.06732684e-01  6.51325732e-02 -1.10041551e-01
 -1.02189198e-01  1.62185714e-01 -1.99663825e-02  2.45408826e-02
 -6.61072433e-02 -5.02117425e-02 -8.32238495e-02  8.11199099e-02
 -1.50526464e-01  2.03489006e-01 -3.19530740e-02 -2.15944543e-01
  1.68328229e-02  7.04688877e-02  2.66003329e-02 -7.51171187e-02
 -2.45524690e-01 -1.40617296e-01  8.36449638e-02  2.11180449e-01
 -3.45481157e-01  1.31737247e-01  6.04329705e-02  1.58066645e-01
  1.64595753e-01  1.31618395e-01 -1.54763339e-02 -2.12797336e-02
 -7.54666403e-02  6.62509212e-03  3.71845327e-02  3.59997116e-02
 -1.52164504e-01  1.35995239e-01 -2.20399480e-02 -2.20940132e-02
 -3.42332795e-02 -1.27488421e-02  1.10145606e-01 -1.03836190e-02
  9.17967185e-02  1.85958408e-02  6.94271028e-02 -5.54388165e-02
 -1.88654557e-01 -1.37763500e-01 -1.10405814e-02  5.52177653e-02
 -3.23601440e-02  8.72513950e-02 -7.67975748e-02 -8.66952315e-02
 -1.01074241e-01  5.00001796e-02  2.50663627e-02 -2.88586877e-02
 -3.67614850e-02 -2.12923318e-01 -8.59116763e-02  5.27327275e-03
  5.06783687e-02  1.14383444e-01  1.78698212e-01 -6.83560316e-03
  3.30962725e-02 -4.54270467e-02 -6.29259944e-02  3.22863343e-03
 -8.49462226e-02  3.99074033e-02  2.04674214e-01  7.76076391e-02
  7.39281476e-02  5.60454130e-02 -4.22175229e-02  9.70683694e-02
 -2.66514830e-02  4.91266092e-03 -7.82452002e-02  4.06954391e-03
 -4.90463153e-03  9.39826965e-02  1.19670868e-01  6.75245896e-02
 -1.18085682e-01 -9.62216780e-02 -1.20579161e-01  4.80008200e-02
 -5.09278066e-02 -1.59949467e-01 -2.12535635e-02 -3.75508778e-02
 -8.27775970e-02 -8.30009729e-02  3.27537358e-02 -7.32698515e-02
 -1.25795051e-01 -7.17592910e-02 -1.18219808e-01 -9.53613371e-02
 -1.56861227e-02  9.32549015e-02  7.01884106e-02  6.11495301e-02
  1.84575934e-02  4.45146151e-02  9.19835046e-02  4.05886546e-02
 -1.55488089e-01 -1.15102185e-02 -2.94724274e-02 -1.56222759e-02
 -1.05851077e-01 -1.61325276e-01 -8.89603421e-02 -1.53057799e-01
 -6.21485226e-02 -2.11773962e-01 -1.68433860e-02  4.47342135e-02
  1.56225085e-01 -9.89377052e-02 -7.03962445e-02 -4.87597249e-02
  7.48007521e-02  4.97216545e-02  1.32610828e-01 -3.43540572e-02
  2.40190886e-02 -6.70761466e-02 -1.00682281e-01 -1.50365951e-02
  1.56779289e-01  1.53111249e-01 -5.22266654e-03 -8.65255222e-02
 -1.99010596e-01  2.57078260e-02 -4.66826111e-02 -1.73427220e-02
 -1.09373583e-02 -7.79668391e-02  4.74297106e-02 -2.58272707e-01
  4.44438159e-02 -2.88515817e-02  3.60147953e-02  3.75266224e-02
  5.35529219e-02 -2.57272031e-02  3.10665481e-02 -1.16766341e-01
 -2.19063684e-01  3.97036970e-02 -1.86756216e-02  6.19020574e-02
  2.46007908e-02 -4.34946939e-02  1.10540083e-02 -2.07413249e-02
 -6.03710711e-02  4.31733169e-02  2.60219902e-01 -1.46572948e-01
 -1.39570534e-01  5.20642363e-02 -7.72283897e-02  4.28348258e-02
 -7.82155320e-02  1.33261289e-02  5.84567226e-02 -7.83215389e-02
  5.38228340e-02 -1.61686122e-01  1.43258676e-01  1.82028502e-01
  7.31636724e-03  8.30229893e-02 -8.87950063e-02 -3.00101563e-02
  2.36978270e-02  5.70746697e-03  6.08564131e-02 -2.22449750e-02
 -5.42182773e-02 -1.71730533e-01 -6.21763207e-02 -1.90794095e-01
  2.18365803e-01  7.55135063e-03  4.20403890e-02 -2.45421715e-02
 -4.61136177e-02  6.26003230e-03 -4.90630232e-02 -4.83912379e-02
 -2.25249641e-02 -5.95291555e-02 -3.59882787e-02 -3.47484499e-02
 -6.19463483e-03  1.15431426e-02 -3.30524407e-02 -6.64784666e-03
 -1.07452638e-01  1.55059099e-01 -2.06976563e-01  3.55167277e-02
 -1.01722650e-01 -5.79622760e-02  1.64423868e-01 -1.73143417e-01
 -8.66708755e-02  3.54169011e-02 -5.88824302e-02  2.70034224e-02
 -8.47567469e-02  9.26569179e-02 -1.38374165e-01  9.45257619e-02
  1.14248795e-02 -1.25115775e-02  4.75797132e-02 -8.42803344e-02
 -2.06007227e-01  1.77227497e-01 -6.36617839e-02 -1.17934361e-01
 -1.01266123e-01  1.95162371e-02 -1.87440738e-01  3.86177516e-03
  6.49997592e-02  4.73473631e-02 -1.31001055e-01 -3.66569832e-02
  7.78503418e-02 -1.50576085e-01 -1.11494951e-01  2.03420430e-01
 -1.67677447e-01 -1.88011020e-01  4.63110805e-02  7.21456185e-02
 -1.16110578e-01  3.52750838e-01 -2.43424978e-02 -1.68766797e-01
  4.88436632e-02  7.31641203e-02  4.03632015e-01 -1.67622045e-01
 -1.37139574e-01 -4.07714546e-01  5.13818637e-02 -2.90249914e-01
 -6.89375848e-02  8.91942605e-02 -8.61889869e-02  3.46819252e-01
  9.01270658e-02  1.23820186e-01  7.43797049e-02 -1.05139054e-01
 -1.11116908e-01 -8.33410993e-02 -3.20358090e-02  9.62079093e-02
 -7.70246312e-02 -1.55066177e-01  2.11568940e-02  4.80569974e-02
  1.56460330e-01  4.58970629e-02 -1.29557759e-01  6.00761957e-02
 -8.54611024e-03 -1.36191234e-01 -3.82550657e-02  1.79145262e-01
  2.69830842e-02 -5.84277604e-03  6.29007071e-02  1.24892294e-01
  2.40858439e-02 -1.90065235e-01  2.03429192e-01  1.49042651e-01
  1.67163126e-02 -1.12352081e-01  9.48880836e-02  9.67088342e-02
 -3.80443335e-02  5.02188243e-02 -1.23800479e-01  1.65899858e-01
 -1.24219581e-01  4.13725227e-02 -8.81904736e-02 -1.24295712e-01
 -6.93838224e-02  2.74430849e-02  6.66290522e-02  9.25708488e-02
  1.42993569e-01 -5.12198545e-02  2.27646157e-01 -5.45546692e-03
  1.11441910e-01  2.18208916e-02  5.03285863e-02 -6.43794686e-02
  1.37951344e-01  1.00761004e-01  1.61459535e-01 -1.43081412e-01
  4.68812957e-02  1.52205795e-01  4.65934202e-02 -1.52061522e-01
  3.00907809e-02  3.22933979e-02  2.11700827e-01  9.88841504e-02
  2.79990315e-01  1.23918131e-01 -8.38214625e-03 -1.09769061e-01
  2.29419932e-01 -1.07902974e-01 -1.08779334e-01  1.20391883e-01
  1.81004815e-02  2.93647237e-02 -7.73960128e-02  8.68878067e-02
 -5.73712401e-02 -1.23063751e-01 -1.63089857e-01  3.14256945e-03
  3.84964682e-02  1.11700576e-02 -1.12858117e-01 -4.42580022e-02
  8.16999935e-03 -2.11827643e-02  8.81661922e-02  6.23672531e-05
 -1.00083444e-02  4.59732525e-02 -6.58067241e-02 -8.28460008e-02]