http://erau.edu/ontology/meme.owl#NowIambecomedeaththedestroyerofworldsMeme
[-0.07668485 -0.14913633  0.09975839 -0.06531002  0.03592186 -0.04059972
  0.2965005  -0.08769493  0.01555919 -0.13544378  0.18613453 -0.12186974
 -0.03398569  0.01358682 -0.09312137  0.04715912 -0.02535257  0.27638072
  0.00303914  0.01868303 -0.30198094  0.14190646  0.2619661  -0.17709911
 -0.03145835  0.02211202  0.03364234 -0.24211803  0.24848829 -0.09836011
  0.03614169  0.00143917  0.03332675 -0.15444133 -0.14960696  0.29183936
 -0.00994019  0.17065804  0.03270267 -0.03350608 -0.09137418  0.29715186
 -0.34972054 -0.18098152  0.05834059  0.08881195 -0.02802839 -0.01506072
  0.12391197 -0.02584254  0.14873905 -0.01512058 -0.08568693 -0.12352166
 -0.13689457 -0.13807504  0.15192163 -0.1224446   0.10509533  0.21673381
 -0.1087377  -0.22381335  0.22389328  0.04190584 -0.13790032 -0.10542806
 -0.1044008  -0.01447379 -0.13283665 -0.02286159  0.00412499  0.14845777
  0.22976215  0.06315961 -0.01257432  0.09647676 -0.11652301  0.01504612
  0.21342893  0.06732447  0.0313536  -0.04621442 -0.10519701 -0.21973172
  0.03134538 -0.08856353 -0.07018236 -0.02198135  0.03949428  0.0357812
 -0.09819645 -0.2391573   0.180465   -0.00480666 -0.08389048  0.00115761
 -0.06246371 -0.01257778  0.02824769 -0.11536615  0.0535451   0.04430255
  0.0976751  -0.09263809  0.10927252  0.0542189   0.23100469  0.07601802
  0.09153941  0.11769229 -0.02496282 -0.06495249 -0.08658269  0.00394804
  0.15484488  0.02869409 -0.20934734 -0.26181257  0.12491798  0.17752145
  0.06254501  0.03820238 -0.06172716  0.1200944   0.11616625 -0.05164175
  0.02062308  0.04870475  0.0603855  -0.02427658 -0.13672441 -0.01663157
 -0.01151287  0.00527593 -0.05172484  0.15782134  0.02701087  0.00744864
 -0.12226001  0.06604046 -0.2293612  -0.05723256  0.07516541  0.06948932
  0.19652966 -0.02298215  0.10064756 -0.11036395  0.05775877  0.24507785
  0.00164256 -0.11962538 -0.02000023 -0.07738172 -0.12897229  0.02574009
 -0.198246    0.20285596  0.04333159 -0.12527345 -0.0318571  -0.09447401
 -0.162081   -0.04752483 -0.2453767  -0.28357506 -0.08482295  0.1457726
 -0.13843532 -0.03995715  0.00919905  0.11788041  0.16891423  0.10324625
  0.05294881 -0.14243086 -0.03190899  0.06071829  0.10827675  0.02338679
 -0.11914038  0.00037729  0.09743811 -0.10759337  0.00747766 -0.0271745
  0.14029719  0.0378868   0.18246107 -0.06122435 -0.06915937 -0.08292972
 -0.24714932 -0.15637851 -0.01762042  0.07400203  0.03606428  0.1789242
 -0.08514437 -0.03593934  0.0334498  -0.01524569  0.16781063 -0.08413926
 -0.055575   -0.25174737  0.07260518  0.01650854  0.22369397  0.17679231
  0.2651627  -0.01994637 -0.1436502  -0.00669757  0.14264198 -0.12681702
 -0.08229367  0.06105854  0.08187037  0.2016908   0.2235729   0.25335154
 -0.13333352  0.1299035  -0.05681739 -0.01474776 -0.11574831  0.00560646
  0.06337305 -0.11516392  0.05240738 -0.08942264 -0.18973927  0.01207273
  0.01430677  0.0728988  -0.20032997 -0.02922216  0.11048964 -0.05744163
 -0.08422165 -0.07126333 -0.05432118  0.03906866 -0.10833729 -0.00326161
 -0.22440842 -0.01776605 -0.11105172  0.06568986  0.04521171 -0.07657821
  0.18682747 -0.03607941  0.12904696 -0.08989011 -0.05078147  0.03897472
  0.00163687  0.04102147 -0.13006142 -0.17213307 -0.12957773  0.02029716
 -0.10125789 -0.1838512   0.04607377 -0.06311436  0.07047285 -0.06265
  0.0077348  -0.07917233  0.06935026  0.11735813  0.26991007 -0.05736794
  0.13531166 -0.0279911  -0.02014806  0.03821114  0.08270181  0.1208849
 -0.08397023 -0.16894783 -0.18997519  0.05155431 -0.0570795  -0.11614236
 -0.04761463 -0.13391547  0.11364806 -0.06325414  0.06467564 -0.26633823
  0.03844154  0.04483931  0.11548916  0.05547871 -0.05512095 -0.28492123
 -0.14045043  0.03862661 -0.03845468  0.06552398 -0.07008662 -0.04719705
  0.24630085 -0.07246181  0.0883351  -0.07529654  0.08977976 -0.24105096
 -0.00553519  0.09338327 -0.14886421  0.05238042 -0.00572395  0.01251393
  0.09160854 -0.14164081  0.03535997 -0.16150881  0.12453127  0.18839449
 -0.01682894  0.06274612 -0.13919988 -0.03769584  0.22138947 -0.04671694
 -0.01737096 -0.00453486  0.04655404 -0.03594615  0.00565733 -0.06574202
  0.12674011  0.03828723  0.01168806  0.036837   -0.05625491  0.04159415
 -0.05917658 -0.10343716  0.04928153 -0.03373554 -0.13214785  0.09849343
  0.10239439 -0.1082723  -0.11051456  0.06925298 -0.1837348   0.07666709
 -0.15618256  0.05791142 -0.04428775  0.05749762  0.18588808  0.08280667
 -0.08411379 -0.09271821  0.00930055 -0.02238229  0.0845645  -0.13865192
 -0.06418027  0.1376859   0.03470466  0.02858048  0.01377585  0.00681002
 -0.08860316 -0.02770633  0.0309891  -0.09802448 -0.10987972  0.02057318
  0.03068205 -0.00571764 -0.07879233  0.1471643  -0.02311544 -0.00291199
  0.06120146 -0.09239632 -0.11780255  0.20152114 -0.03481302 -0.08153783
  0.0120734   0.09205826  0.00897752  0.25205693 -0.00510774 -0.28853956
 -0.017242    0.06177066  0.21673697  0.00514394  0.0329716  -0.14447373
  0.11006952 -0.20428488 -0.08041462  0.01944707 -0.05783774  0.14419408
  0.07193888  0.09939742  0.17825262 -0.14568932 -0.13926461 -0.04828105
  0.07670881 -0.04391197  0.01961979 -0.07028412  0.03384575  0.02650464
  0.02889652 -0.06687658  0.12567548  0.00605024 -0.06798729 -0.11300177
 -0.05566737 -0.03606504 -0.03468197 -0.11141123  0.16954501  0.1232317
  0.08613492 -0.18308619  0.19250286  0.10279246  0.09538552 -0.08287365
  0.09338617  0.12674116  0.01930699  0.23380694 -0.16260709  0.19714987
 -0.17030361 -0.00293611 -0.11848871 -0.15374142 -0.0132478  -0.00301677
  0.02288985 -0.05610688  0.14466396 -0.05412603  0.15931655  0.14756413
  0.09709308 -0.01385668  0.07212492  0.08250664  0.13985115  0.18089421
  0.08103857 -0.13801168 -0.0525514   0.2347588   0.05997068 -0.16103752
 -0.05548135  0.01609178  0.23212828  0.05800394  0.2897957   0.1761687
 -0.01520181 -0.09357321 -0.0027533  -0.2164971  -0.02603931  0.04663322
  0.11676922  0.06881835 -0.06914952  0.19597393 -0.10941608 -0.09500205
  0.02535587 -0.04904358  0.12578076  0.12834936  0.0193795   0.0229426
  0.06541788  0.09590349  0.07151022  0.04269012  0.10745724  0.07870902
  0.01330995  0.06257242]