http://erau.edu/ontology/meme.owl#TwelvedaysofChristmasMeme
[ 2.32158061e-02 -1.16379775e-01  6.70074392e-03  2.21198685e-02
 -1.20302968e-01  3.61136086e-02  1.73944592e-01  4.58989851e-02
  8.41397271e-02 -1.23228868e-02  2.29548752e-01 -5.09597473e-02
 -4.61517647e-02  1.53800771e-01 -6.39005229e-02 -1.37829244e-01
  6.27232194e-02  2.52161354e-01 -2.45577050e-03  3.47300805e-02
 -2.57443398e-01  1.45631418e-01  1.29023463e-01 -1.27208903e-01
  9.00945738e-02  2.77181696e-02 -3.90775576e-02  1.34444982e-02
  3.53324860e-01  1.14300944e-01  6.10979907e-02  1.84694931e-01
  8.85614976e-02 -1.09555773e-01  1.71732455e-02  2.55611032e-01
  8.48954320e-02  8.52081478e-02 -9.69429314e-03 -8.32564756e-02
 -5.21621965e-02  2.34446004e-01 -2.67148882e-01 -4.51574326e-02
  3.58841419e-02  1.19470665e-02  7.28888586e-02 -1.50430366e-01
 -5.88568673e-02  5.14031574e-02  3.43632586e-02 -4.61659320e-02
 -1.16495498e-01 -1.64875343e-01 -2.13893473e-01 -8.02788585e-02
  9.77185369e-02 -1.30284443e-01  2.30036691e-01  4.24764529e-02
 -7.65509680e-02 -7.62362182e-02  5.02458587e-02  6.17462099e-02
 -8.80227610e-02 -1.39590111e-02 -5.48346117e-02  4.06170227e-02
 -9.62990224e-02 -1.16171185e-02 -1.72907993e-01  1.10334069e-01
  1.28278747e-01  1.21648297e-01  4.11304869e-02  1.07605085e-01
 -3.21050547e-02 -5.16256429e-02  1.68104202e-01  7.01949699e-03
 -1.15298674e-01 -1.23141252e-01 -1.66068718e-01 -1.51009411e-01
  8.60976242e-03 -9.87663120e-02 -1.80890545e-01 -1.91728417e-02
 -2.26346571e-02 -4.19758856e-02  6.70315400e-02 -2.76295930e-01
 -1.41096795e-02  2.08327919e-02 -7.08635673e-02  4.45447750e-02
 -6.34620665e-03 -9.66136083e-02 -9.57596153e-02 -5.20949252e-02
  3.82196382e-02  3.72587442e-02  1.47499070e-01 -1.98910341e-01
  1.99858081e-02  6.92576617e-02  7.63860494e-02 -1.72718463e-03
  5.84187359e-02 -5.61614707e-02  8.11310560e-02 -8.89189309e-04
 -1.76109336e-02 -9.44014490e-02  8.64141062e-02 -1.05504245e-02
 -7.40720555e-02 -1.49432242e-01  2.29220137e-01  1.32512137e-01
 -5.66418357e-02  5.12946025e-02 -5.90298437e-02  6.87920395e-03
  1.85207009e-01 -2.95458119e-02  5.84448949e-02  2.68265884e-02
  1.82063654e-01  5.19933142e-02 -2.69434571e-01 -1.17305912e-01
  1.03957616e-02 -5.84790260e-02 -4.94991504e-02  2.61775225e-01
  1.56505890e-02 -1.39037728e-01 -1.32504225e-01  1.56614900e-01
 -3.26000690e-01 -2.56919153e-02  1.87773541e-01  1.05541058e-01
  1.60784304e-01 -2.42956191e-01 -3.56548489e-03 -1.64592519e-01
 -1.16456233e-01  1.53740019e-01  8.30270499e-02  6.26957640e-02
 -5.60148805e-02  1.17138810e-01  6.44424371e-03  1.46494091e-01
 -1.15289718e-01  2.64255494e-01 -3.97544205e-02 -1.21208653e-01
  3.38137932e-02  7.21126646e-02 -2.71285046e-02 -3.71877700e-02
 -2.77885854e-01 -1.05224401e-01  1.41559288e-01  7.62848035e-02
 -2.86382765e-01  1.03066064e-01 -1.43465316e-02 -2.65744030e-02
  1.25631392e-01  2.33789116e-01 -1.79678027e-03 -9.19655338e-03
 -3.71790454e-02  3.37152481e-02  1.25308812e-01  6.45275041e-02
 -1.13389023e-01 -1.41041222e-04 -8.90994724e-03 -3.34268212e-02
 -4.95510697e-02 -5.90899289e-02 -3.90628502e-02  8.09422731e-02
  1.97768718e-01 -5.70640117e-02  6.91740438e-02 -4.11160141e-02
 -1.91519931e-01 -2.01130837e-01 -1.46490205e-02  3.82558629e-02
 -4.15484123e-02  1.60009161e-01 -8.02522972e-02 -6.60045594e-02
  3.51690091e-02  7.85061568e-02  4.55292352e-02 -2.63185110e-02
  3.89150839e-04 -2.74841100e-01 -5.87698631e-02  3.23747024e-02
  2.12604105e-01  2.08338320e-01  3.31988543e-01  7.91245252e-02
 -1.54536674e-02 -5.54553000e-03 -1.64208878e-02 -6.42942488e-02
 -9.28030834e-02 -8.15387666e-02  4.91298698e-02  2.05687165e-01
  1.08715691e-01  1.82258680e-01 -4.71878462e-02  1.76571161e-01
  9.02821943e-02 -8.90985224e-03  4.85814400e-02 -3.21461707e-02
 -4.73662764e-02 -2.15910859e-02  2.10944086e-01  1.30242556e-01
  1.42824901e-02 -1.73605401e-02 -8.47668126e-02  7.72444382e-02
 -5.87823391e-02 -2.49277446e-02  8.95304680e-02  3.64182256e-02
 -5.52568063e-02 -5.17411195e-02 -3.32073122e-02 -1.08901903e-01
 -1.33360550e-01 -7.77974278e-02 -1.17046297e-01 -3.52158658e-02
  7.28634596e-02  5.45913801e-02  6.18937984e-02  2.52024792e-02
  7.47635067e-02 -8.41649249e-02  9.65855569e-02 -1.39360540e-02
 -1.47331655e-01  1.05157727e-02  1.16599388e-02 -2.70733684e-02
 -9.39198136e-02  4.10382599e-02 -9.07210226e-04 -1.12701848e-01
 -1.08336203e-01 -1.38658181e-01 -8.60043392e-02  4.12265584e-03
  1.69120252e-01 -1.59223571e-01 -1.69238485e-02 -1.71650015e-02
  7.27601349e-02 -4.68363846e-03  1.36581302e-01 -1.00418955e-01
 -1.86393876e-02  1.34273782e-01 -3.88744436e-02 -7.56328553e-02
  4.08816896e-02  1.76651418e-01 -8.10222048e-03  2.94311736e-02
 -1.69443443e-01 -2.89939921e-02 -1.21577226e-01  4.40888405e-02
  1.43695120e-02 -1.09535746e-01  6.87602013e-02 -1.41380787e-01
 -1.05174385e-01 -9.25424546e-02  1.44031998e-02  1.72993150e-02
  2.05754787e-01  3.56049426e-02 -2.10651010e-02 -1.20809704e-01
 -1.27118677e-01  9.69086215e-02  2.31411234e-02  2.66639516e-03
 -8.66589993e-02  3.83845456e-02 -2.55758613e-02  6.29864708e-02
  4.01207581e-02 -7.37020522e-02  1.75431758e-01 -1.68055311e-01
 -7.52867535e-02  8.62098783e-02 -6.25432953e-02  7.11503327e-02
 -7.61599615e-02  2.62485743e-02  8.23615491e-02 -1.23326749e-01
  1.69319380e-02 -1.07293695e-01  4.87438254e-02  1.97498113e-01
  8.00032616e-02  6.40388951e-03 -1.61273181e-01 -2.56234687e-02
  6.66743368e-02  6.57068789e-02  1.18151424e-03 -6.66184351e-02
 -2.35041473e-02 -1.58217236e-01  6.26454204e-02 -1.34518355e-01
  1.83352187e-01  6.26206547e-02  6.12359755e-02  3.93453687e-02
 -1.42015954e-02  1.24053009e-01 -1.96436450e-01 -1.69935778e-01
  1.17546285e-03 -1.02405408e-02 -7.12595806e-02  6.58233538e-02
  2.68264152e-02 -1.72894016e-01 -1.04010940e-01  7.85626769e-02
 -3.60254981e-02  1.76679850e-01 -7.05851614e-02  7.16861263e-02
  4.21591103e-03 -6.06809482e-02  1.87152177e-01 -8.62682387e-02
 -4.59821261e-02  1.19367540e-01 -1.06989220e-01  3.95024158e-02
  8.61219764e-02 -2.33037723e-03 -1.23930633e-01 -1.53286560e-02
  2.01866031e-02 -6.01363592e-02 -1.16933314e-02 -1.71467558e-01
 -1.82395577e-01  1.43245056e-01 -4.30886969e-02 -7.34125376e-02
 -5.36030643e-02  6.12025559e-02 -1.12980247e-01  7.21444860e-02
  1.16049580e-01  1.86092079e-01 -2.17718408e-01 -7.19241947e-02
  5.79877868e-02 -1.89403012e-01 -3.07814758e-02  1.28149942e-01
 -1.20906845e-01 -1.26082033e-01  8.62107147e-03  7.64810294e-02
 -1.25388563e-01  2.58238882e-01  1.53497152e-03 -2.01241180e-01
  7.81969354e-03  1.21890344e-01  3.73863012e-01 -1.40976220e-01
 -7.21330568e-02 -3.00786167e-01 -4.21077348e-02 -2.98042238e-01
 -8.59312192e-02 -1.87305326e-03  8.04231465e-02  4.28477228e-01
  6.81722611e-02  1.06880382e-01  1.69733942e-01 -4.38562930e-02
 -1.48489803e-01 -2.58518327e-02 -7.33169764e-02  1.05827548e-01
 -4.58920896e-02 -1.31164223e-01 -2.76223104e-02 -2.59457938e-02
  1.28194839e-01  2.00391095e-02 -1.35677028e-02 -1.64686777e-02
  4.85027283e-02 -2.66695142e-01 -2.65763775e-02  1.96695492e-01
  3.26165147e-02 -2.15021279e-02  1.15393765e-01  1.28819972e-01
  7.77712241e-02 -1.77935943e-01  1.23511866e-01  1.40626416e-01
  1.46168219e-02 -4.98178601e-02  8.39577988e-02  1.87116608e-01
 -5.44293001e-02 -4.66394871e-02 -7.10399374e-02  1.23034209e-01
 -9.10266191e-02  2.16859952e-02 -1.35765955e-01 -7.48514831e-02
 -9.77172703e-02 -5.45350611e-02  1.11953720e-01 -4.22547050e-02
  4.94323708e-02  8.83803666e-02  1.60248652e-01 -5.73673844e-02
  1.20088458e-01  3.98248285e-02  6.18996583e-02 -9.18801874e-02
  8.91616419e-02  7.16768503e-02  1.70975089e-01 -1.68948174e-01
  4.56651933e-02  1.21621825e-01  6.21862859e-02 -2.12705672e-01
  3.28279398e-02  5.04582822e-02  1.95050403e-01  3.50695662e-02
  2.65495032e-01  9.87801552e-02 -9.83124715e-04 -1.54315084e-01
  1.34141281e-01 -9.69711021e-02 -1.04326643e-01  7.51752779e-02
  5.58749512e-02  3.89973968e-02 -5.43125607e-02  1.34870589e-01
 -9.50677693e-02 -1.14780195e-01 -4.39012796e-02 -5.54201305e-02
  1.36076808e-01  2.59202570e-02 -1.64361209e-01 -4.32619564e-02
  1.78444281e-03 -9.02902186e-02  1.43101841e-01 -1.54515170e-02
 -1.80979632e-02 -1.42757758e-01  4.45305413e-05 -4.34109457e-02]