http://erau.edu/ontology/meme.owl#IAmAShadowTheTrueSelfMeme
[ 8.80661011e-02 -5.83030060e-02  6.40076846e-02 -2.76374985e-02
 -1.57265067e-02  7.92132914e-02  1.24683015e-01  5.05560786e-02
 -1.91350393e-02 -6.22267090e-02  1.16741873e-01 -5.90273626e-02
 -2.21412461e-02  2.13288032e-02 -4.94693518e-02 -6.18636841e-03
  5.11064641e-02  6.16838373e-02 -6.96893260e-02 -5.10579944e-02
 -1.53515667e-01  9.70075727e-02  6.10108823e-02 -1.35110259e-01
  3.04970127e-02 -1.28037542e-01 -7.81981423e-02 -3.88371684e-02
  4.36383374e-02 -1.08135985e-02  1.11022726e-01  1.40972883e-01
  8.29134807e-02 -5.91366701e-02 -3.09451763e-02  2.01715857e-01
  2.81722415e-02  1.11421682e-01 -5.86873502e-05 -1.21823564e-01
 -5.02700023e-02  1.27295360e-01 -2.48478025e-01 -1.31441027e-01
  4.45073331e-03  7.41000399e-02  8.21451321e-02  2.70120241e-03
 -1.93479098e-02 -2.41636229e-03  2.12774016e-02  5.89120165e-02
 -1.25281394e-01 -1.60073787e-01 -1.59159005e-01  3.54912095e-02
  1.18661396e-01 -1.59134924e-01  7.49811605e-02  1.29765823e-01
 -8.47054347e-02 -3.57792079e-02  1.02245815e-01  2.07852665e-02
 -9.87170041e-02 -1.58897623e-01  7.83537142e-03  5.42849395e-03
 -2.68261619e-02 -6.83060065e-02 -5.21473773e-02  7.36188050e-03
  7.06641302e-02  1.39042169e-01  1.06021145e-03  1.64681330e-01
 -1.24762200e-01  4.70213220e-02  4.57055829e-02  3.21406834e-02
 -1.82947163e-02 -1.08071372e-01  3.33526656e-02 -4.40208465e-02
  2.35799514e-02  1.39944358e-02 -2.14760769e-02 -7.88923129e-02
 -2.66609713e-02 -2.46785302e-02  4.59183306e-02 -9.73866880e-02
  1.24772355e-01  1.29846465e-02 -1.43736005e-01  3.64952534e-02
  7.09409267e-02  2.24528797e-02  3.54824550e-02 -1.09817032e-02
  1.77406132e-01  5.74339703e-02  1.77031398e-01  3.03407665e-02
 -4.07338701e-03  5.02474569e-02  1.90982763e-02 -1.45093026e-03
  1.89808961e-02  6.20078295e-02 -7.80813694e-02 -1.47772701e-02
 -1.17095478e-01 -3.59873995e-02  5.97093813e-02  3.56902310e-04
 -1.94028124e-01 -1.56479016e-01  4.62814309e-02  1.67520806e-01
 -6.08571544e-02  3.04527897e-02 -1.32767394e-01  9.76825878e-02
  9.26570222e-02 -1.34079441e-01 -4.18957509e-02  6.34463653e-02
  1.30143434e-01  1.16808480e-02 -2.40157276e-01 -2.21704263e-02
  2.16188859e-02 -1.81633811e-02 -2.08366625e-02  8.90963376e-02
 -4.01497968e-02 -3.77049781e-02 -1.30435601e-01  9.33035612e-02
 -2.04106435e-01 -3.21056917e-02  3.79450694e-02  1.68742776e-01
  2.48138413e-01 -2.04867840e-01  3.13521959e-02 -1.69884458e-01
 -5.70785813e-03  2.06567198e-01  1.72770619e-02 -1.66389644e-02
 -8.42047408e-02 -2.73138680e-03 -1.13439061e-01  9.28191617e-02
 -1.94816545e-01  1.43992528e-01 -5.59611130e-04 -5.46047203e-02
 -2.16275528e-02  4.85060969e-03 -7.41253272e-02  5.85378371e-02
 -2.29625374e-01 -1.48585781e-01  5.27800545e-02  1.86818689e-01
 -3.49076897e-01  1.64084047e-01  6.09907173e-02  1.25527456e-01
  1.80943996e-01  1.61000937e-01  3.07992771e-02 -1.35482520e-01
 -5.38011342e-02  2.48249546e-02  1.38399631e-01  5.18133864e-02
 -1.67131618e-01  1.21323615e-01  1.35369197e-01 -2.32656207e-02
 -5.94568774e-02  1.79848503e-02  9.20042545e-02  3.16682234e-02
  1.68345004e-01  2.14041676e-02  4.43776026e-02 -4.21244614e-02
 -1.05433464e-01 -1.93086341e-02  4.81891818e-02 -6.12093788e-03
  5.29252589e-02  1.12173907e-01 -1.50691316e-01 -8.90232325e-02
  3.45139299e-04  9.37676504e-02  1.27213702e-01  9.10918508e-03
 -1.20597571e-01 -1.79115340e-01 -8.10892135e-02 -2.38883914e-03
  1.15161471e-01  1.28278300e-01  1.90494925e-01  5.56773841e-02
 -4.97269630e-02  2.13728606e-04 -6.18989579e-02 -3.57584357e-02
 -6.54283687e-02  5.90430424e-02  1.04388125e-01  1.49978116e-01
  5.39610051e-02  1.19175352e-01 -6.74331710e-02  1.01922899e-01
 -8.97564292e-02  6.82854839e-03 -9.78351161e-02  9.42457840e-03
  3.78063344e-03  4.60041575e-02  1.28799155e-01 -5.25945332e-03
 -1.16323359e-01 -6.39495552e-02 -6.66072667e-02  7.99263343e-02
 -7.85366446e-02 -9.64065939e-02 -3.34825106e-02 -8.28553513e-02
 -1.35668099e-01 -7.01946691e-02  1.67232398e-02 -1.97258014e-02
 -2.01318920e-01 -8.22700486e-02 -1.54491007e-01 -1.12657003e-01
 -9.27219018e-02  1.06471188e-01 -1.50035312e-02  1.03567317e-02
  4.11668792e-02 -6.19984716e-02  1.04894489e-01 -1.98512394e-02
 -9.24056470e-02  5.04446253e-02  1.34628741e-02  8.99443403e-03
 -7.63390362e-02 -5.23474589e-02 -5.55217825e-02 -4.83437032e-02
 -6.75100759e-02 -2.21577510e-01  4.33452539e-02  3.55588049e-02
  1.31279364e-01 -9.99598652e-02 -1.72319666e-01 -4.53829169e-02
  1.17706945e-02  1.57662816e-02  1.09847941e-01 -4.22189794e-02
  1.44418061e-01 -3.16243619e-02 -3.98899391e-02  1.60964224e-02
  1.40557840e-01  1.29015058e-01  2.67636050e-02 -1.36939853e-01
 -1.58395305e-01  4.15519960e-02 -4.61152792e-02 -7.46109262e-02
 -1.12285651e-01 -4.26050201e-02  5.73274456e-02 -1.99668199e-01
  1.64253451e-02 -5.48725054e-02  4.55233529e-02  4.24055681e-02
  1.20115086e-01 -4.33148704e-02 -5.14306054e-02 -1.51149780e-01
 -2.02006072e-01  6.91577718e-02 -1.92846134e-02  3.82997766e-02
  4.14420338e-03 -2.79120691e-02  7.59709626e-02 -2.93751713e-02
 -9.09859091e-02  5.80780804e-02  2.48593792e-01 -8.78523961e-02
 -5.45716546e-02 -8.21384136e-03 -1.38926297e-01  6.27470464e-02
 -1.29272968e-01 -6.99064881e-02  9.87695381e-02 -1.00942023e-01
  6.95485855e-03 -1.10668883e-01  1.04273364e-01  1.15117453e-01
 -1.88273359e-02  3.92743498e-02 -2.98293196e-02  8.39384738e-03
  8.56118500e-02 -2.28267536e-02  5.89988045e-02  2.93422528e-02
 -2.07097214e-02 -2.02235714e-01 -4.15559821e-02 -1.65997133e-01
  1.37834266e-01  4.63429801e-02  8.58254135e-02  5.69137186e-02
  1.55813489e-02 -1.45150768e-02  1.05109112e-02 -3.98474000e-02
  2.36752685e-02 -7.21489340e-02 -1.55841351e-01 -7.97904935e-03
  4.21618819e-02 -8.23060423e-02 -7.17249215e-02 -6.74057081e-02
 -1.25988394e-01  1.62672251e-01 -1.61608115e-01  3.83501947e-02
 -6.39350563e-02 -2.53112037e-02  2.23007604e-01 -1.35102376e-01
 -4.84928451e-02  4.22695931e-03 -1.69346053e-02  1.07369004e-02
 -7.73574784e-02 -5.99863240e-03 -7.10301623e-02  1.43216312e-01
  5.43406457e-02  6.03168607e-02  3.65348235e-02 -1.42646171e-02
 -1.22216836e-01  1.15468450e-01 -3.84226516e-02 -5.77647090e-02
 -4.32621613e-02  3.98266874e-02 -8.06403086e-02 -1.76474154e-02
 -2.82372516e-02  1.23350687e-01 -1.07745454e-01 -8.53396952e-02
  3.69799808e-02  1.60344392e-02 -4.69028503e-02  8.63939673e-02
 -7.43426308e-02 -1.19168172e-02 -1.18330326e-02  5.10767177e-02
 -4.30054516e-02  1.41361833e-01  3.24867032e-02 -8.08417648e-02
 -3.27968262e-02 -1.55028133e-02  5.12560531e-02 -1.45253493e-02
  2.04523969e-02 -1.18929319e-01  9.17489752e-02  2.92350799e-02
  6.86475411e-02  9.22126248e-02 -7.64990821e-02 -8.65284950e-02
  1.00906137e-02  2.70094462e-02  9.82472301e-02 -5.88590316e-02
 -1.68729484e-01 -6.16985336e-02 -4.06398922e-02 -9.78839089e-05
 -5.68263903e-02 -1.56222373e-01 -2.11542491e-02 -2.42675766e-02
  9.40967500e-02 -2.77220532e-02 -9.92943347e-02  3.55297327e-02
 -7.18248934e-02 -9.23612490e-02 -2.76449900e-02  2.84454543e-02
  3.05397976e-02  4.31191437e-02  8.12126026e-02  1.32192209e-01
 -2.64800601e-02 -2.41850555e-01  1.09430969e-01  8.59585553e-02
  9.06540751e-02 -6.86784163e-02  6.68910071e-02  1.88654006e-01
 -1.92000344e-02  7.93319419e-02 -1.16806552e-01  2.92187452e-01
 -1.55454576e-01  8.07019323e-02 -2.96124294e-02 -2.03769486e-02
  2.82006636e-02  7.83044323e-02  3.30776200e-02  5.59687056e-02
  8.05219933e-02 -1.76418386e-02  1.64167970e-01  4.34222743e-02
  1.18497409e-01  3.32321823e-02  6.42335638e-02 -4.25624102e-02
 -7.66295381e-03  1.94341585e-01  1.44394726e-01 -1.39321566e-01
  5.94218448e-02  1.47669166e-01 -2.53442321e-02 -1.13825634e-01
 -3.32354866e-02 -1.77228742e-03  1.64535031e-01 -5.59858717e-02
  2.54373759e-01  1.15834765e-01 -5.90151222e-03 -1.66050851e-01
  2.17597678e-01 -1.04097590e-01  2.16937784e-04  1.86663955e-01
  7.34758824e-02 -4.43553180e-03 -1.31242260e-01  6.19534180e-02
 -1.73908249e-01 -1.79213956e-01 -1.06206134e-01 -1.52235746e-01
  8.44428241e-02  1.33907929e-01 -1.07065402e-01  2.09377296e-02
 -6.23713173e-02  4.19156253e-02  6.47910535e-02 -9.28607490e-03
  5.60096726e-02  6.16517998e-02 -5.94188720e-02 -2.25847270e-02]