http://erau.edu/ontology/meme.owl#KiraHudsonsFacebookLessonMeme
[ 2.16119587e-02 -1.59309909e-01 -1.09586969e-01 -1.06540769e-02
 -2.83356197e-02  1.17808327e-01 -3.88097614e-02  6.39636442e-02
  4.00172248e-02 -5.23611344e-02 -4.50880453e-02 -1.24120384e-01
 -1.36576489e-01 -1.72852486e-01  8.52349624e-02  7.96274245e-02
 -3.45679186e-02 -7.61668533e-02 -1.45025356e-02  2.57536713e-02
 -6.75350577e-02  4.66659330e-02 -4.05588858e-02 -4.82793488e-02
 -2.81821974e-02 -1.14689674e-03  1.18872322e-01  5.08589409e-02
  1.47812665e-01  6.05789088e-02  2.19621640e-02 -2.72023622e-02
 -7.09279478e-02  1.32212881e-02 -7.72101805e-02  1.23590820e-01
  2.88772993e-02  9.02734920e-02 -6.63819462e-02 -9.34282765e-02
  7.44207874e-02  6.13386929e-02 -8.04479141e-03  8.18625689e-02
  3.51942964e-02 -9.90333036e-03  1.11855138e-02 -1.57162830e-01
  6.20544851e-02  8.54376853e-02 -2.90849432e-02 -7.08997697e-02
 -7.70039111e-02 -1.99411854e-01 -6.82945177e-02 -1.25081616e-03
  7.76443630e-02 -6.59526810e-02  3.15048024e-02 -2.77538076e-02
  5.31051457e-02 -2.68588588e-02 -1.55991530e-02  4.68955226e-02
 -1.36002570e-01 -4.28133979e-02  1.76866129e-02  7.26028765e-03
  4.40004952e-02 -1.91367239e-01 -9.72486958e-02 -4.49439464e-03
 -8.72718915e-02  4.98323590e-02 -3.06042153e-02  1.52002156e-01
 -1.70809194e-01  2.73329392e-02  3.29412706e-02 -2.11524833e-02
 -3.35898288e-02 -3.35672200e-02  6.23390004e-02  3.29592414e-02
 -5.72825857e-02 -2.70684771e-02 -9.04614851e-02 -3.22433114e-02
 -1.99511554e-02  5.82215711e-02 -1.60303223e-03 -1.46278054e-01
  6.61267433e-03 -1.44767940e-01  2.75100407e-04  3.76314577e-03
  1.01824835e-01  1.61790401e-02  5.46217710e-02  3.89861502e-02
  1.60250247e-01  7.25042745e-02  2.97644883e-01 -2.07432471e-02
  8.50678831e-02 -4.08483297e-02  4.90197465e-02  1.40469186e-02
 -5.15178172e-03 -7.84711018e-02 -4.15447727e-02  6.17258623e-02
 -1.18211575e-01 -1.06042199e-01  4.09763195e-02 -6.35814620e-03
 -2.78838634e-01 -1.32154197e-01 -6.81537613e-02  4.65478823e-02
 -1.28586009e-01 -5.98854385e-02 -1.65301412e-01  1.22069910e-01
  2.34654546e-02 -1.06138095e-01 -1.26495883e-02  3.30734882e-03
 -3.80971991e-02  9.04211402e-02 -2.68796444e-01  7.77622312e-03
  1.48387402e-02 -2.68330239e-02 -1.09663293e-01  1.84222668e-01
 -5.97460121e-02 -5.61158685e-03 -1.78592712e-01  3.71221430e-03
 -2.53667802e-01  9.22946110e-02 -1.57534778e-02 -1.11409068e-01
  2.69225508e-01 -2.38103971e-01  1.23514943e-02 -1.06163718e-01
 -7.98944570e-03  2.07774207e-01 -8.37334692e-02 -7.92979077e-02
 -4.61362489e-02  1.08086117e-01  6.73412904e-03  1.09387904e-01
 -1.23410597e-01  2.21043751e-01 -3.46558727e-02 -1.73013180e-01
  8.28741044e-02 -1.69940457e-01  8.10068250e-02  2.74198502e-02
 -1.36323228e-01 -2.45596543e-02 -3.53402458e-02  1.95926070e-01
 -2.68626392e-01  1.43159911e-01 -9.46941972e-03  2.02882603e-01
  1.67998105e-01  2.17561677e-01 -9.71864909e-03  4.65895198e-02
 -6.05252981e-02 -8.00076872e-03  1.31371692e-01 -7.72637650e-02
 -1.00826740e-01  1.44532412e-01  7.41083473e-02  1.99345902e-01
 -1.03089213e-01 -4.31012250e-02  5.27750067e-02  1.60617605e-01
  7.20552653e-02 -7.39057362e-02  2.08479669e-02  7.57582784e-02
 -1.65444717e-01  5.04132621e-02 -1.48646208e-02  4.08826470e-02
  9.04163495e-02  6.72539845e-02 -1.10381342e-01 -1.35660127e-01
 -1.61421299e-02 -7.79397264e-02  1.29434839e-01  1.25713442e-02
 -2.46231452e-01 -9.65343267e-02  6.67342125e-03 -1.03815449e-02
 -6.06871843e-02  5.10757752e-02  2.27471992e-01  1.11260630e-01
  5.13646752e-02 -4.23328578e-02  5.96965896e-03  6.15336411e-02
 -3.26969661e-02  2.41450556e-02  2.24209234e-01 -1.67179236e-03
  1.31514177e-01  2.07804888e-03 -8.32604989e-02  9.41686332e-02
 -1.94638390e-02 -8.81115347e-02 -5.32262847e-02 -2.40251701e-02
 -2.04567850e-01  4.85535786e-02 -2.00306834e-03 -4.26727254e-03
 -1.90401599e-01 -3.28539498e-02 -1.77582353e-02  2.15189345e-02
 -1.69042812e-03 -1.20399244e-01  9.42192897e-02 -1.74787462e-01
 -4.25854698e-02 -7.63522461e-02  7.30892494e-02 -6.23843782e-02
 -2.82384843e-01 -1.61469981e-01 -1.96541950e-01  8.75430703e-02
 -6.34789467e-02 -6.81059435e-02  9.12917182e-02  7.46767372e-02
  1.19393319e-01  7.58613348e-02  3.12023401e-01 -1.49252061e-02
 -2.13554099e-01 -7.32474634e-03  6.71818554e-02  2.89711300e-02
 -7.34374002e-02 -1.54794693e-01 -8.52438658e-02 -2.21763819e-01
 -9.62948129e-02 -2.83052027e-01 -3.47901545e-02  1.33479208e-01
  9.47306305e-02 -8.24426636e-02 -1.92430332e-01 -1.72257558e-01
 -1.77014932e-01  1.32272229e-01  4.47846986e-02 -1.73459034e-02
  2.20047131e-01  1.99052449e-02 -1.20343469e-01 -6.35301843e-02
  8.33804011e-02  7.95864686e-02 -7.82659370e-03  2.50005592e-02
 -1.48521692e-01  5.76477386e-02 -1.38719365e-01 -2.00234447e-03
 -1.31950080e-01 -1.53545171e-01  8.70163292e-02 -8.80398676e-02
  1.28108531e-01  4.37415093e-02  3.79843004e-02 -3.61389667e-02
  1.21411413e-01  1.01700826e-02 -2.00117856e-01 -3.58780697e-02
 -3.51353139e-01  1.41946338e-02 -2.10162606e-02  1.87395290e-01
  9.02443775e-04 -7.82036185e-02  1.24816075e-01 -9.40735172e-03
 -6.10806011e-02  1.18433744e-01  2.30797589e-01 -1.70189396e-01
 -6.76674992e-02 -1.05586983e-01 -1.21699914e-01  2.39565875e-02
 -5.25686629e-02  3.73437181e-02 -1.43141933e-02 -4.61811982e-02
  7.26761371e-02 -1.21378414e-01  1.82428032e-01  6.63846359e-02
 -1.51158245e-02 -2.25249981e-03 -2.80532651e-02 -1.10952914e-01
  4.17935066e-02  6.41675591e-02  4.33792993e-02  1.33949211e-02
 -6.64134622e-02 -1.03740238e-01  5.57724871e-02 -2.11939648e-01
  1.68478012e-01  1.33021519e-01 -5.40618449e-02  1.17616497e-01
  4.01330069e-02  1.78310536e-02  3.26950029e-02 -4.13635410e-02
  9.63694304e-02 -1.74364224e-01 -7.55033419e-02  6.47257268e-02
 -1.18444756e-01 -8.46373662e-02 -5.11359349e-02 -9.82204378e-02
 -1.07151464e-01  1.82392657e-01 -1.91664636e-01  2.34150544e-01
  5.40310703e-02 -5.98743074e-02  2.26915747e-01 -9.46982279e-02
 -8.17727596e-02  8.90121460e-02 -3.88116427e-02 -3.45201753e-02
 -5.57424277e-02 -6.36046147e-03 -1.26268432e-01  9.27262157e-02
  1.44357290e-02  3.22357453e-02  9.27986670e-03 -1.25832826e-01
 -8.15514922e-02  1.34225294e-01  1.00964308e-01 -9.07653291e-03
  4.95988429e-02  2.16049347e-02 -1.82842344e-01 -1.93892673e-01
  1.66031141e-02  2.21773446e-01 -1.55316338e-01 -2.34207749e-01
  1.43227845e-01  2.92747784e-02 -6.86295480e-02  3.54574136e-02
 -1.76240709e-02  2.30403282e-02 -1.11843683e-01 -5.02962619e-02
 -4.90426645e-02  4.30617295e-02 -3.54078822e-02  2.27820631e-02
  1.20398074e-01  1.36025446e-02  4.95339297e-02 -3.89433838e-02
  3.93528678e-02 -2.09836736e-02  1.08436219e-01 -2.35775579e-02
  3.35528404e-02 -3.41715999e-02  1.41795864e-02 -4.54112291e-02
  1.09587006e-01 -2.05750521e-02  1.37061432e-01 -1.51545182e-01
 -7.86904171e-02 -7.41379559e-02 -1.77892029e-01  5.87768182e-02
 -1.13738410e-01 -1.38093516e-01 -6.08740263e-02  2.19059158e-02
  4.63031605e-02 -1.08354455e-02 -2.99574196e-01  1.24971986e-01
 -1.05544150e-01 -1.41447648e-01 -6.89603388e-02  1.68359298e-02
  1.10821910e-01  2.21661851e-02  4.53031287e-02  2.66683131e-01
  5.42567894e-02 -3.13982479e-02  1.13900313e-02  2.23846123e-01
  3.77455503e-02 -3.25632133e-02  1.05800200e-02  1.87050045e-01
  5.46814986e-02 -2.91907657e-02 -4.00858335e-02  3.25762302e-01
 -2.36097753e-01  5.70091128e-04 -1.86462104e-01  3.82707007e-02
  1.37416646e-01  1.25343248e-01  5.53826913e-02  1.79994091e-01
  4.27716337e-02 -1.30588099e-01  1.82948068e-01 -4.48636003e-02
  8.14709440e-02  4.41306345e-02  1.38821393e-01 -5.22818267e-02
  7.21247941e-02 -4.24883189e-03  2.65372284e-02 -8.93574879e-02
 -2.88267098e-02  1.43365145e-01 -6.66314140e-02 -5.06788641e-02
 -1.12055913e-01  1.44106045e-01 -6.91245357e-03  4.20669885e-03
  3.04694101e-02  1.39741600e-01  8.39899480e-02 -8.18349645e-02
  5.91380149e-02 -6.94553331e-02  1.32207096e-01  2.23565139e-02
 -5.55733070e-02 -9.00438800e-02 -1.25681028e-01 -1.40837114e-02
 -9.40989330e-02 -1.38863742e-01  9.15582292e-03 -1.34314476e-02
  5.12815490e-02  5.56087866e-02 -8.70287269e-02 -4.09053229e-02
 -7.84997717e-02 -5.96168963e-03  1.67911604e-01 -7.94372931e-02
 -3.94499190e-02  1.14800921e-02 -1.42287994e-02 -3.03383674e-02]