http://erau.edu/ontology/meme.owl#AizvermutiMeme
[-1.35471523e-01 -2.22277224e-01  1.51031902e-02 -6.57755323e-03
 -2.55875178e-02  5.82383126e-02  1.32706955e-01 -3.02652791e-02
  8.88995156e-02  2.82893947e-04  8.69741812e-02 -8.02567378e-02
 -2.41859350e-02 -2.53500529e-02 -1.26674175e-02 -4.12816517e-02
  9.25887600e-02  1.04498595e-01  9.42079723e-03  1.35783687e-01
 -7.71745294e-02  6.71764016e-02  7.45959654e-02 -1.48733780e-01
  1.71960324e-01 -1.36844870e-02  3.09860259e-02 -2.21988648e-01
  3.21938992e-01  1.90681964e-01 -9.21485424e-02  1.00655243e-01
 -9.07147676e-03  2.71858778e-02 -6.90753907e-02  2.62670517e-01
 -1.01052523e-01 -6.13938132e-03 -7.52483681e-02 -2.25709468e-01
  2.53598839e-02  8.76638219e-02 -1.63094729e-01  4.30470034e-02
 -2.90997103e-02  4.44161072e-02  1.20221995e-01 -4.32284623e-02
  8.88538733e-02  1.18022086e-02 -8.81872028e-02  4.13050083e-03
 -1.32040516e-01 -1.81121811e-01 -1.00441270e-01  2.50045229e-02
  2.22468488e-02 -6.16462715e-02  1.76304609e-01  4.68182079e-02
 -1.42241478e-01  5.49908392e-02  1.21182010e-01  8.72128531e-02
 -1.68424442e-01 -3.79542634e-02 -1.00601971e-01 -2.88855081e-04
  6.12865798e-02 -1.90899879e-01 -2.67116189e-01  7.89439455e-02
  7.31007308e-02  1.52667135e-01 -5.16095348e-02  9.16866139e-02
  4.59186137e-02  6.24960586e-02  1.27664909e-01  8.85132849e-02
 -1.92386404e-01 -1.17480919e-01 -1.17890775e-01 -1.32029355e-01
 -8.35587010e-02 -5.52155729e-03 -3.50239202e-02  1.28586486e-01
  7.78200999e-02  2.84807035e-03 -1.07925132e-01 -2.05633670e-01
  1.28133357e-01  1.29822195e-02 -6.20541610e-02  2.00791687e-01
  2.19301544e-02  5.47084212e-02 -4.30546552e-02 -4.54314658e-03
  2.02076416e-02  2.10724883e-02  3.95414144e-01 -1.05568692e-01
  1.46737576e-01  9.47481990e-02  1.14100300e-01  1.41903739e-02
  8.17406401e-02 -1.17753305e-01  1.83139630e-02  2.06718519e-01
 -1.57519817e-01 -1.34137675e-01  1.57348663e-01  5.78874722e-02
 -2.76200622e-01 -1.95710614e-01  5.03325909e-02  4.90134917e-02
 -2.01740399e-01 -9.42043960e-02 -5.15341125e-02  3.57505446e-03
  3.85840833e-02  8.93859658e-03 -1.69319399e-02 -2.68541127e-02
  4.14913818e-02  5.37123010e-02 -1.17672235e-01 -1.29667968e-01
  1.10863866e-02 -2.41655204e-02 -6.74870163e-02  9.97624695e-02
  7.24398950e-03 -4.58452851e-02 -1.12995230e-01 -1.28156980e-02
 -2.90859163e-01  1.43869534e-01  4.85187918e-02  1.79093316e-01
  4.89261039e-02 -1.29162893e-01 -3.10767666e-02 -1.74106538e-01
 -2.38813367e-02  1.96656778e-01 -3.27590443e-02 -2.11002603e-01
  7.04955086e-02 -2.91947555e-02  2.88208481e-02  4.28530201e-02
 -2.53330499e-01  1.90965220e-01  7.26489052e-02 -2.11261988e-01
  8.63685384e-02 -1.74445763e-01 -6.16695099e-02  7.82908648e-02
 -1.06139801e-01 -1.27551734e-01 -9.95615423e-02  2.54401267e-01
 -2.84430087e-01  9.57357064e-02  6.13848493e-02  1.26763552e-01
  8.17939416e-02  1.21782526e-01 -9.51576829e-02 -8.36819503e-03
 -5.84261976e-02 -3.84022780e-02  1.91850409e-01 -6.79601803e-02
 -8.20709690e-02  9.89190787e-02  1.70846470e-02 -2.18457002e-02
 -3.33368219e-02  3.59846950e-02 -3.20007131e-02  1.72683373e-01
  1.52476355e-01 -3.63077177e-03  9.21228975e-02 -1.02256566e-01
 -2.14957014e-01 -2.06000563e-02 -1.11272983e-01  6.31004125e-02
  8.48717615e-02  1.71136931e-01 -6.14448935e-02 -8.21732134e-02
  1.38218373e-01 -7.62724504e-03  1.02633707e-01 -1.73148736e-01
 -9.94257703e-02 -1.31781772e-01  5.83708957e-02 -1.69221871e-02
 -1.16819665e-01  6.11105487e-02  1.23162374e-01  1.81867376e-01
  1.05752535e-01  7.36022145e-02 -3.29123884e-02  6.67465758e-03
 -1.93330586e-01 -1.50068238e-01  1.27100185e-01 -5.05552776e-02
  1.47304982e-01  6.45976234e-03 -6.43847287e-02 -3.24384831e-02
 -1.87997371e-02 -3.85516547e-02 -1.50839061e-01 -9.94320959e-02
 -1.26208678e-01  4.49825786e-02 -1.28851132e-02  6.88555464e-02
  1.33125093e-02 -8.43877792e-02  2.44252570e-03  7.54347816e-02
 -1.56980436e-02 -1.20247968e-01  6.11058064e-02 -1.82073507e-02
  1.09357297e-01 -2.47527864e-02  4.95733581e-02  1.00331167e-02
 -2.29850918e-01 -8.45401213e-02 -1.98012829e-01 -6.95306882e-02
 -1.34373114e-01  8.24773833e-02  1.07543059e-02 -3.70763913e-02
  1.70805871e-01  8.68355408e-02  2.17356130e-01 -1.19705364e-01
  4.90551069e-03 -7.64197186e-02 -4.79169227e-02  6.21765330e-02
 -7.67050683e-02 -1.04845762e-01 -1.17087215e-01 -1.18733786e-01
 -4.06111516e-02 -1.42267227e-01 -2.40898486e-02  3.52790253e-03
  1.17139012e-01 -1.19659707e-01 -4.91058789e-02 -3.93389724e-02
 -7.52522796e-02 -3.44666913e-02  9.14158970e-02 -1.47184148e-01
  9.37553719e-02  3.20302113e-03 -1.25974372e-01  4.30158079e-02
  1.79281503e-01 -8.28799382e-02 -1.24326617e-01 -1.28516063e-01
 -1.84732139e-01  8.98094103e-02 -1.14929415e-01  1.90429613e-02
 -6.01360463e-02 -5.64941205e-02  3.11000999e-02 -9.63183120e-02
  1.55228348e-02 -6.69220090e-02  7.27653429e-02  4.82633449e-02
  2.15315580e-01 -7.57001117e-02 -1.94890276e-01 -2.31979802e-01
 -1.61143646e-01  8.11077952e-02  2.45036241e-02 -1.37839103e-02
 -6.38994798e-02 -8.15890580e-02  3.54090035e-02 -1.33496091e-01
 -5.19886985e-02  2.39556227e-02  1.68223932e-01 -2.17550561e-01
 -5.74227348e-02 -3.62066627e-02  2.32702512e-02  5.05402572e-02
 -2.28527561e-02 -2.61445134e-03 -4.25282575e-04 -2.87571382e-02
 -1.94214110e-03 -2.84941405e-01  2.11796120e-01  1.41219094e-01
 -5.85601144e-02  3.88708711e-02 -1.90970019e-01 -1.44471824e-01
  1.19854599e-01  3.75298634e-02  1.24825269e-01  8.41723904e-02
 -1.63301695e-02 -7.08391815e-02  6.05356060e-02 -1.38418213e-01
  8.24872628e-02  1.46710187e-01  8.25981870e-02  4.18532826e-02
  2.91177686e-02 -3.22599746e-02 -7.86379576e-02 -2.23834557e-03
 -8.39839876e-02 -1.03370890e-01 -2.20919512e-02  1.58617646e-01
  9.68784243e-02 -3.11180502e-01 -4.07135412e-02 -3.12612653e-02
 -1.28759697e-01  1.31738767e-01 -1.44284919e-01  1.86682791e-01
  1.16147086e-01 -6.64511994e-02  2.25383237e-01 -1.15067735e-02
 -1.62048009e-03  2.72560239e-01 -1.36420891e-01  1.71694998e-02
  1.29223987e-01 -1.24654472e-01 -1.94670900e-03  6.31823316e-02
 -6.26279265e-02  1.30278736e-01  3.12769413e-02 -7.49470890e-02
 -2.03520387e-01 -2.70752236e-02 -4.30647694e-02  6.02111034e-02
 -6.13519773e-02  6.13849796e-02 -1.70578405e-01 -4.92860451e-02
  1.14819355e-01  2.70940185e-01 -2.10826248e-01 -8.56009778e-03
  2.29268625e-01 -1.24032654e-01 -1.96235299e-01  7.64487833e-02
 -2.29141504e-01 -1.43124133e-01 -1.24766797e-01  1.73088416e-01
 -1.73042983e-01  1.73347607e-01 -1.35318071e-01 -1.69306949e-01
  1.30486891e-01  3.72991040e-02  2.69361496e-01 -1.08504124e-01
  3.51281166e-02 -1.06632553e-01  2.57636476e-02 -2.11397499e-01
  2.79296171e-02  8.53408873e-02  9.61963534e-02  3.69954944e-01
  1.48192003e-01  6.50133332e-03  2.16690421e-01 -1.56970650e-01
 -1.29690558e-01 -1.38476163e-01 -8.16652700e-02  7.78397620e-02
 -8.35671276e-02 -1.22829869e-01  4.62441593e-02  6.22780845e-02
 -1.69417728e-02 -1.80611089e-02 -2.37750679e-01 -3.36912237e-02
 -3.06499354e-03 -2.14721650e-01 -9.51115638e-02  2.96989940e-02
  3.77861336e-02  4.44010571e-02  9.73661318e-02  2.44988739e-01
 -2.17931010e-02 -4.93953079e-02  1.17067704e-02  1.93690434e-01
 -7.09684938e-02 -9.17785242e-02  4.34848759e-03  1.17608160e-01
 -2.47494634e-02  7.54592866e-02 -1.01832531e-01  3.03689748e-01
 -2.67228216e-01 -1.08066820e-01 -1.48756266e-01 -8.95948932e-02
 -1.77928247e-02  5.17344810e-02  6.42820224e-02  2.94348877e-02
  8.95502791e-02 -1.37385707e-02  2.07526699e-01 -4.15155143e-02
  1.46658784e-02  2.11367235e-01  7.88202882e-02 -2.20079556e-01
  2.27796912e-01  5.82531393e-02  1.68630585e-01 -1.44612983e-01
  3.46877761e-02  1.47912636e-01 -7.79379085e-02 -1.50764510e-01
 -5.47217876e-02  1.82147119e-02  1.50827825e-01  3.43168341e-02
  1.31842703e-01 -1.72336660e-02  5.35399392e-02 -1.95830911e-01
  1.62577868e-01 -1.64623410e-01  2.09255870e-02  9.71166566e-02
  7.51827657e-02 -1.08416025e-02 -7.29316249e-02  2.62415320e-01
 -2.06142530e-01 -1.80038527e-01 -3.04974094e-02 -4.24429961e-02
  1.41325653e-01  2.33431794e-02 -1.16272978e-01 -7.56257102e-02
 -2.36281417e-02 -3.12492643e-02  1.85933396e-01 -6.51684105e-02
 -6.24362491e-02 -2.52634257e-01  5.05275913e-02  2.26730451e-01]