http://erau.edu/ontology/meme.owl#BuffRikuMeme
[-0.08100566 -0.0941126   0.01089542 -0.0196928  -0.04198217 -0.04054901
  0.16024108  0.01568565 -0.0825904  -0.06075289  0.1250791  -0.08127882
  0.04811096 -0.03505966 -0.08553967 -0.06428915 -0.01955522  0.13170986
  0.08351445 -0.03914985 -0.18375902  0.12294745  0.08676734 -0.17056786
  0.06998651  0.03106371  0.07933721 -0.17654036  0.22686414  0.12998745
  0.02541408  0.047609    0.02171491 -0.07647635 -0.05647778  0.18921049
 -0.02026023  0.06535539 -0.0091844  -0.1038205   0.0129049   0.14186712
 -0.2083382  -0.00392511  0.12140061 -0.01070292  0.00749775 -0.0236218
  0.09493665  0.00404502  0.11124065  0.01915265 -0.05479771 -0.16113962
 -0.07447745 -0.05074068  0.06027028 -0.07535842  0.00918756  0.1394732
 -0.09457866 -0.13189699  0.15114227 -0.01237246 -0.1417338  -0.03866292
 -0.05207483  0.04297053 -0.14106813 -0.12251607 -0.10079948  0.07779477
  0.12266747 -0.03831984  0.01296054  0.03341275 -0.13781488  0.03901166
  0.13190983  0.00211132 -0.00719872 -0.05198258 -0.03697897 -0.15561244
  0.08173791 -0.0786906  -0.08199053 -0.00738619  0.06080692  0.06800191
 -0.03395964 -0.11388104  0.17785521 -0.03169228 -0.11297278  0.01262914
  0.03675584 -0.01128068  0.06076946 -0.05408525  0.09133573 -0.01041163
  0.19792393 -0.01087214 -0.0127729  -0.01778788  0.06793177 -0.04802835
 -0.04188494 -0.1236585   0.04689219 -0.07749676  0.00213527 -0.19348209
  0.07197161  0.0140798  -0.16128571 -0.08348676  0.00630383  0.0324451
  0.00727537 -0.13772848 -0.02805001  0.11881389  0.02885277 -0.05337483
  0.01252211 -0.03389061  0.1061753   0.02377976 -0.12357274  0.03673882
  0.04542366 -0.16195965 -0.1045952   0.01153507 -0.00416108 -0.04078415
 -0.11587218  0.0848045  -0.18151234 -0.03027785 -0.00365445 -0.0108204
  0.12435176 -0.1453167   0.07256773 -0.02907315  0.07521032  0.20387551
 -0.01256423 -0.10108097  0.08328062  0.089403   -0.04122758  0.07581899
 -0.15282698  0.19222938  0.0135443   0.02881376 -0.034865   -0.06040283
  0.01776772 -0.04126443 -0.14493972 -0.10294826 -0.05712241  0.09185739
 -0.16885194  0.03984134  0.06547374  0.0945718   0.15677685  0.14376538
 -0.04720066 -0.06593025 -0.06593227 -0.04424764  0.11018603 -0.10429601
 -0.03964338  0.05537365  0.05733313  0.00176196  0.067531   -0.01061892
  0.06018936 -0.00780644  0.24736568 -0.02207089  0.06597555 -0.02347273
 -0.15581866 -0.03847132  0.00457765 -0.00565536  0.05501404  0.09122618
  0.05132442  0.01037682 -0.01087982 -0.06199089 -0.03017372 -0.12602377
 -0.06479429 -0.09004265  0.01420796 -0.04131225  0.07274811  0.07471967
  0.10692557  0.08851782 -0.08270618 -0.05386761  0.09955139 -0.02785912
 -0.07436021 -0.02339766  0.04376633  0.08791759  0.10321933  0.04749098
 -0.19486092  0.01466311  0.02114965  0.03844751 -0.184971    0.07611397
 -0.09242692  0.02740754  0.08082572 -0.01173274 -0.16113003 -0.03547098
 -0.00559283  0.01237749 -0.01443816 -0.12055031  0.07420387 -0.13331479
 -0.02825376 -0.06168536  0.00719925 -0.01545601 -0.21040787  0.01347072
 -0.11808266  0.00769229 -0.08097477  0.00269427  0.02998698 -0.05662898
  0.15814391  0.0082253   0.23019348 -0.02539911 -0.09489262  0.078472
 -0.03573323  0.12777552 -0.0925632  -0.09135466 -0.00437823 -0.03284705
 -0.03630958 -0.16230364 -0.04291765 -0.10645854  0.01477141 -0.07922503
 -0.08284274 -0.08315969 -0.01090522  0.11453635  0.17595506 -0.07942908
  0.08519698  0.03433554  0.03227246  0.01092075  0.10627208  0.08552716
  0.02913002 -0.10505898 -0.14963248  0.12834755 -0.0300841   0.03978595
 -0.06928299 -0.11402014  0.08748166 -0.06407271  0.09529173 -0.10172225
  0.03860416  0.02275699  0.04781912 -0.03561786 -0.21848664 -0.12994476
 -0.21967813 -0.07808045 -0.03056624  0.22770882 -0.05916388 -0.01263453
  0.24111158 -0.02335836  0.04890965  0.01270436  0.20228682 -0.1316724
  0.03796273  0.13798584  0.04664473  0.06364959  0.00575717  0.04707412
 -0.03916238 -0.09805156  0.22963053 -0.10183398  0.21567495  0.12968451
 -0.06664705 -0.03455634 -0.13635826 -0.04596531  0.17317916  0.02171915
 -0.00179749 -0.00230268  0.10783783 -0.06232938 -0.07989944 -0.2385048
  0.13055266  0.07924058 -0.1184052   0.11956958 -0.04073248  0.04811118
 -0.04797489 -0.08332945 -0.20970021 -0.008887   -0.09393804  0.11987694
  0.00575042 -0.1996044  -0.06464864  0.08226068 -0.18658303  0.21363948
 -0.13596785  0.11766674  0.00280755 -0.0514898   0.25936288 -0.01249116
 -0.15500042  0.11079793 -0.0322804  -0.0871653  -0.03944777 -0.04727777
 -0.00110569  0.0106603  -0.01936582  0.03600592  0.10970721  0.02829748
 -0.20250875 -0.03278445  0.0793495  -0.04717668 -0.09691487  0.04186842
  0.04965129 -0.01060249  0.02332172  0.16018823 -0.03234258 -0.09225759
  0.1240183  -0.13250966 -0.05696373  0.19955412  0.00695495 -0.19212075
 -0.12437916  0.10913205  0.03119135  0.28932765 -0.02130883 -0.31489214
  0.0948341   0.13507119  0.20793438 -0.00812453 -0.00798519 -0.03390764
  0.02954154 -0.29175764 -0.13977492  0.04841848  0.02652205  0.24451418
  0.07539112  0.0901397   0.17131084 -0.24934097 -0.13318644 -0.01150572
 -0.01978006  0.01432415 -0.07081749 -0.17597759 -0.02778549  0.1215467
  0.13610387 -0.06220036 -0.05987144  0.03880735 -0.11250823 -0.14960584
 -0.06160361  0.06078172  0.13332501 -0.13558964  0.03089153  0.22359374
  0.03383486 -0.14762446  0.16243447  0.21750525  0.13392265  0.02865616
  0.14860451  0.13387202  0.15211113  0.09211601 -0.10903402  0.37593213
 -0.24771425 -0.04531778 -0.1986097  -0.13691407 -0.15607011  0.08467621
  0.08414087  0.02834768  0.08769835 -0.05230889  0.13809961  0.13104016
  0.01062336  0.08205964  0.10957243 -0.05161113  0.1327027   0.11559149
  0.15423056 -0.06229808 -0.04296864  0.10581221 -0.01202298 -0.17158265
 -0.06121204 -0.00955225  0.14425695 -0.07296538  0.21783414  0.19125237
  0.11760292 -0.25002694  0.03206562 -0.18008772  0.03515676  0.11803343
  0.00416552 -0.01409478 -0.17555171  0.30253634 -0.09527163 -0.246675
  0.02579937 -0.04143429  0.17904982  0.10327811 -0.07349817  0.03135429
  0.0699056   0.05679721  0.14254624  0.03904469  0.02500161 -0.03359167
 -0.00487134  0.13921477]