http://erau.edu/ontology/meme.owl#TheYoungPopeMeme
[-0.05286438 -0.12054366  0.07881002  0.12512663 -0.04756447 -0.07386265
  0.1428354  -0.08900378 -0.0617162  -0.09176484  0.12546673  0.03983992
  0.1147681   0.0707848  -0.06419188 -0.11296254  0.08962458  0.05474188
  0.1250932   0.09268428 -0.15368523  0.10606918  0.06473691 -0.15212823
  0.05458865 -0.09030385 -0.13306032 -0.07722143  0.40753156  0.20064293
  0.11744255  0.15406819  0.10792498 -0.08214203  0.03107203  0.17087431
 -0.02022738  0.05682404  0.03042414 -0.07252108 -0.09021255  0.21918112
 -0.11843677  0.06829587  0.21631353 -0.10150341  0.13345852  0.0075491
 -0.01490659  0.05487132  0.02731995  0.05126074 -0.15696417 -0.16941564
 -0.07859576 -0.02514328  0.18971598 -0.1549226   0.19764312  0.1006683
 -0.03864167 -0.0382627   0.13167492  0.0705488  -0.11348446 -0.04725148
  0.05014702  0.02795671 -0.10069248 -0.03364437 -0.14751229  0.05094419
  0.07885867 -0.05678419  0.00975413 -0.03963922  0.09906392  0.09492902
  0.12801324  0.04029297 -0.10921138 -0.03060798  0.00695564 -0.14082389
  0.02992919 -0.01553796 -0.11157399  0.14874563  0.10338645  0.06190532
 -0.04936661 -0.09602096 -0.01040634 -0.13389589 -0.06814386  0.12168328
 -0.02038798 -0.03595704 -0.08369195 -0.04009052  0.04758764  0.09587579
  0.1862997   0.0378837  -0.05349448  0.03488583  0.03042809 -0.02606957
 -0.08712544 -0.06938142  0.05640587 -0.0385721  -0.12600818 -0.05837711
  0.12615262  0.13760404 -0.07956045 -0.02200645  0.12265843  0.01288907
  0.08342735 -0.10059307 -0.06555888  0.05428028  0.05389639 -0.03712011
  0.00787711 -0.01346538  0.04709386 -0.01586867 -0.23405012  0.06098766
 -0.03338035 -0.19498064 -0.09829617  0.10634258 -0.00441609 -0.02733024
 -0.06224024  0.15533496 -0.21713893 -0.06927355  0.20524658  0.02055138
  0.07544549 -0.26491788  0.11838447 -0.02603675 -0.08284773  0.06747703
  0.04707754 -0.15606998 -0.06294157  0.05921182  0.01097939  0.0972818
 -0.1096257   0.18663168  0.11196136  0.08918399 -0.00351973  0.03231124
  0.07948614 -0.00200859 -0.2290504  -0.01082866  0.03249428  0.12899871
 -0.24449067  0.20042977 -0.07791106  0.14801967  0.23224671  0.08692799
 -0.00793787  0.03896723 -0.05575184 -0.04691051  0.02330021 -0.03603709
 -0.0649114   0.02558155 -0.04621925  0.06431198 -0.03481179  0.01327053
  0.09733161 -0.00506825  0.18942265 -0.05504991 -0.077792   -0.09662806
 -0.11698004 -0.07225049  0.06727504 -0.1571602   0.03396026  0.20050389
 -0.06657414 -0.00428376  0.09154347 -0.07594148  0.05795719  0.02033785
 -0.07583457 -0.30310735 -0.01484072 -0.08313258  0.20184477  0.13389374
  0.22591355  0.12933616  0.01774007  0.02368025  0.02023397  0.04137364
 -0.00127033 -0.09331614 -0.03108553  0.14999418  0.13667434  0.14164211
 -0.10204046  0.05863176  0.09648161  0.1122134  -0.10881107  0.04323576
 -0.10614426  0.04107046  0.01772586  0.05385733 -0.03093565 -0.12628359
 -0.09801029  0.02707802 -0.12602605 -0.13612881 -0.09076981 -0.06085857
 -0.04433768 -0.00743648  0.08874275 -0.01141895 -0.25439912  0.04086697
 -0.0193002  -0.03345033  0.02243438  0.00712676  0.02007451 -0.00174379
  0.1455292  -0.05010603  0.12016676 -0.05503118 -0.13493669  0.03593708
  0.0222224   0.04066039 -0.0482744  -0.10050067 -0.07720953 -0.14501387
 -0.04047433 -0.07126584  0.00341302 -0.04427743 -0.01444743 -0.15529796
 -0.07492568 -0.05373805 -0.0257168  -0.03302273  0.04141641 -0.0183432
 -0.02166967  0.07789991  0.06188319 -0.00688166  0.10083728  0.0671611
  0.05955279 -0.05506015 -0.10051337 -0.10391212 -0.1450362   0.03423452
 -0.03112544 -0.13856807  0.13129984 -0.11015518 -0.06707244  0.02037495
  0.09338987 -0.07936933  0.00999041 -0.05151981 -0.16324745 -0.08607108
 -0.14895266  0.0437144   0.03576002  0.03139651 -0.09774762  0.07540172
  0.17248735  0.05626573 -0.06444003 -0.04612926  0.24853002 -0.14990677
 -0.05312423 -0.04800699 -0.0700398  -0.02420403 -0.04244249  0.08340118
 -0.07498247 -0.08455474  0.19920126 -0.01964864  0.01446144  0.2349911
  0.00408923 -0.10693842 -0.07375321  0.08433858  0.06198856 -0.06994049
 -0.05020997 -0.16081052  0.01426343 -0.2640004   0.08579251 -0.20407203
  0.06193993  0.13262011 -0.02564467  0.04392048  0.04891811  0.16985539
 -0.17391825 -0.06959139 -0.18331489  0.0945351  -0.06949057  0.147156
 -0.02306826 -0.15788987 -0.02679112  0.01820995 -0.06999457  0.20679793
 -0.03806075  0.00122353  0.17031662  0.08146778  0.10679173 -0.02263938
 -0.03292746  0.17751603  0.06510707 -0.13429329  0.09976781  0.01409756
  0.02818463 -0.06228189  0.06632069  0.01804594 -0.1664722  -0.02291754
 -0.3329814   0.05837636  0.11331593 -0.04573515  0.00673345 -0.03228087
  0.06613892 -0.07122798  0.10750896  0.12118309 -0.03017383 -0.15623492
  0.02811061 -0.20297284 -0.11426466  0.11025107 -0.0120406  -0.18690293
  0.08269355  0.12390496  0.0019598   0.31658134 -0.01792961 -0.30059195
  0.05940768  0.1412805   0.35349402 -0.16791634 -0.06659391 -0.099632
  0.04601549 -0.27722582 -0.20019059  0.01030444  0.0207637   0.46536344
  0.02803517 -0.00767929  0.05690446 -0.1476644  -0.13398609  0.06701942
 -0.11454216  0.15248722 -0.18308154 -0.02648576 -0.07575367  0.12029011
  0.1878467  -0.0125488  -0.16402389 -0.03905771  0.03076447 -0.0342992
 -0.08048428  0.09514581  0.1679035  -0.05806408  0.00157727  0.22746278
  0.09370096 -0.10151437  0.21559821  0.23398101  0.14383845 -0.01329688
 -0.02458537  0.12644269  0.14027491 -0.00560056 -0.07678366  0.25238535
 -0.11878318 -0.07329921 -0.22782221 -0.02606187 -0.16091755  0.05731693
  0.2006928   0.11195967  0.10632715 -0.00759705  0.15136072  0.14382158
  0.02868057 -0.00074542  0.05953501 -0.02786049  0.13623218  0.1034422
 -0.00063528 -0.14547144  0.03807657  0.07675017  0.04295046 -0.19727571
  0.0340569   0.0091956   0.08039614 -0.07304072  0.08171104  0.17952807
  0.11214532 -0.1445374   0.03767144 -0.05112731 -0.11063948  0.17195465
 -0.11608363  0.0444787  -0.05493943  0.19301231 -0.11245393 -0.2061557
 -0.04095067  0.02687045  0.09039786 -0.08250394 -0.01117354  0.03169146
  0.07815141  0.16003005  0.02431729  0.06018623 -0.02854403 -0.11153597
  0.14658725  0.02344877]