http://erau.edu/ontology/meme.owl#TheMysteryoftheDruidsBoxartMeme
[-5.80832213e-02 -8.97439793e-02  1.60633206e-01 -3.85471829e-03
 -4.60435301e-02  1.48670645e-02  2.51030952e-01  2.44951680e-01
 -2.84873750e-02 -3.89736481e-02  1.53195858e-01 -6.25946047e-03
 -1.33904785e-01  4.34522182e-02 -8.74469206e-02  3.66561040e-02
  8.18733945e-02  1.29439309e-01  5.38164824e-02  5.59928566e-02
 -3.59119385e-01  1.50551964e-02  1.57701612e-01 -1.40625000e-01
  1.52741715e-01 -4.04125042e-02  1.11611769e-01 -1.30582944e-01
  2.26649806e-01  1.34030789e-01  7.97307715e-02  8.17129910e-02
  1.43541425e-01 -1.15382574e-01 -1.67479441e-02  1.38517007e-01
 -9.89205763e-02  8.63672942e-02  3.39791700e-02 -1.57990187e-01
  6.07521832e-02  3.14215004e-01 -1.49909124e-01 -1.18337385e-01
  1.08179532e-01  9.35012996e-02 -2.19594664e-03 -5.13252616e-02
 -2.78104853e-04  4.07532267e-02  1.54943720e-01 -4.13042977e-02
 -7.23984465e-03 -8.51325095e-02 -1.18668996e-01 -5.82824536e-02
  6.07598983e-02 -3.94230261e-02  4.12989631e-02  1.78844407e-01
 -3.75175141e-02 -1.13875791e-01  9.97825861e-02  3.71788889e-02
 -2.65961379e-01 -1.19343862e-01 -6.37378842e-02  4.89465483e-02
 -1.30160078e-01 -5.04602231e-02 -7.59842619e-02  1.50670260e-01
  2.46405274e-01  6.22780882e-02  3.03893425e-02  1.80638313e-01
 -1.81414604e-01  1.03677377e-01  1.86483324e-01  8.93945098e-02
  3.75697203e-02 -5.60046732e-02 -1.23470768e-01 -1.24776348e-01
  3.44112143e-02 -1.33289382e-01 -1.22598968e-01  2.00037416e-02
  1.30934179e-01  6.66846931e-02  3.01520433e-02 -3.20202708e-01
  1.81737885e-01 -1.36521235e-02 -1.76093325e-01  3.23720276e-02
 -5.13947196e-02  9.63716581e-02 -6.61110552e-03 -8.59500021e-02
  1.61763549e-01 -6.79925084e-02  3.44458729e-01 -4.91472818e-02
  1.95244644e-02  2.56980653e-03  4.24650274e-02  5.66064976e-02
  3.66115458e-02 -9.91287306e-02  2.59561222e-02 -9.97953396e-03
 -8.70604366e-02 -2.11489767e-01 -7.33083412e-02  4.52812314e-02
 -2.83214360e-01 -1.18549898e-01  4.21473123e-02  1.83058716e-02
 -1.07296355e-01  1.52073540e-02 -4.31845970e-02  1.00907654e-01
  6.65409714e-02 -1.65814295e-01 -1.00490741e-01  1.13164121e-02
  6.01153262e-02  3.04052159e-02 -2.16808736e-01  4.35321480e-02
 -4.91051609e-03 -7.09631816e-02 -1.82800740e-02  3.26324962e-02
  4.57982905e-02 -1.59240648e-01 -1.21564284e-01 -1.50321261e-03
 -2.38789305e-01 -2.41915621e-02 -5.71100879e-03  1.19007222e-01
  2.35195085e-01 -2.54832387e-01  7.37581253e-02 -1.57881901e-01
  1.05049253e-01  1.90385416e-01  7.17197880e-02 -2.74634622e-02
 -6.28145039e-02  5.36592416e-02 -3.14481817e-02  3.01264096e-02
 -1.55301124e-01  1.83230817e-01  1.74243506e-02 -3.61965112e-02
  1.02177918e-01 -1.72577232e-01 -3.49516422e-02  6.52483776e-02
 -1.47996068e-01 -1.97571278e-01 -9.01829153e-02  3.49588208e-02
 -2.71886557e-01  1.92229375e-01  5.54389320e-02  2.00139850e-01
  2.31967971e-01  1.91067681e-01 -4.55922214e-03 -1.12035982e-01
 -8.31774548e-02 -7.18937954e-03  1.07528262e-01 -3.37855034e-02
 -1.69557296e-02  1.00294083e-01  1.09254442e-01 -4.51302901e-02
 -4.97662753e-04 -9.77667719e-02  1.72183126e-01  4.04030718e-02
  2.73673505e-01 -4.63783629e-02 -3.92076783e-02  4.25462276e-02
 -1.85980767e-01  1.56551674e-02 -5.18752001e-02 -1.22563630e-01
  4.67621870e-02  7.92467594e-02  1.12218112e-02  5.25460802e-02
 -1.06380276e-01 -4.27502654e-02  3.61610577e-02 -1.28388047e-01
  8.98860320e-02 -2.05540001e-01  4.49963808e-02  8.01290758e-03
  1.73836142e-01  5.09856939e-02  2.48999968e-01  3.72996740e-02
 -1.10682108e-01 -1.37043342e-01  2.14152768e-01 -5.92324301e-04
 -1.25759676e-01 -7.40455985e-02  1.04106225e-01  1.79761648e-01
  1.52210027e-01  1.99996382e-01 -1.34263724e-01  4.77786288e-02
 -9.08427685e-02 -6.74293414e-02 -2.29783356e-01 -2.23370865e-02
 -3.64181176e-02 -1.00045383e-01  1.89909160e-01  1.86871346e-02
 -8.34963545e-02 -3.80671658e-02  1.78127259e-03 -3.08137070e-02
 -6.55130744e-02  7.67888650e-02  5.69354780e-02 -5.50258020e-03
 -2.38631479e-03  7.47482330e-02  7.76234195e-02  1.02286540e-01
 -1.56898737e-01 -7.45885223e-02 -8.48366544e-02 -8.62182006e-02
 -1.48566723e-01  7.89019018e-02 -4.15640743e-03 -1.47536481e-02
  1.08561173e-01  4.58674431e-02  1.56625256e-01 -8.03200677e-02
 -1.20885648e-01 -6.25538826e-02 -2.27114577e-02 -9.32702124e-02
 -1.40681714e-01  7.91859701e-02 -4.60734591e-02 -4.76724505e-02
 -1.33387432e-01 -1.82210237e-01  1.72873344e-02  3.24828066e-02
  1.80204213e-02  5.63926958e-02  4.35560867e-02 -4.95469086e-02
 -7.51201659e-02  8.81227106e-02  1.35682270e-01 -6.64497018e-02
  1.24127433e-01 -5.07270433e-02  2.93996334e-02  6.75488338e-02
  1.57014504e-02  1.57170579e-01  1.10540269e-02 -1.05159432e-01
 -1.55888811e-01  6.04324974e-02 -4.91826283e-03 -4.75564487e-02
 -5.37334643e-02 -2.98210215e-02  2.51937032e-01  2.67672222e-02
 -9.31490436e-02 -1.16493143e-01 -1.36010051e-02 -9.39572044e-03
  1.82041630e-01  4.38149720e-02 -7.85406902e-02 -1.39668807e-01
 -1.07750498e-01  2.41461843e-02 -8.76049474e-02  2.19169725e-02
  3.57854031e-02 -1.39558867e-01  1.84065461e-01  9.13213752e-03
 -6.91302419e-02 -1.16165150e-02  2.26222560e-01 -1.66363940e-01
  2.77734771e-02  7.56123737e-02  2.54196580e-03  5.54546230e-02
  1.51891885e-02 -9.08757839e-03  8.92084017e-02 -4.34929393e-02
 -1.42475301e-02 -3.59642580e-02  1.12944677e-01  1.03201360e-01
  2.98060421e-02 -1.97500885e-02 -5.05617484e-02  1.47111053e-02
  1.76203161e-01 -8.05833377e-03 -9.66609176e-03  1.60045344e-02
 -6.34955689e-02  2.20268406e-02 -1.06430687e-01 -2.74312764e-01
  4.72331047e-02  2.44253695e-01 -1.28493592e-01  2.11302247e-02
  2.00370979e-02  2.48545706e-01 -8.86043534e-02  1.24763772e-01
 -4.31263857e-02  5.10803498e-02  4.23778733e-03  1.38580084e-01
  1.14011159e-02 -1.77606523e-01 -9.12743211e-02  1.31474376e-01
  4.53406386e-03  1.75117746e-01 -1.70777947e-01  4.03073058e-02
 -6.27018884e-02 -1.18039265e-01  2.33984560e-01 -6.96632937e-02
 -1.03564620e-01 -2.28679944e-02  6.49491251e-02 -1.44243389e-02
 -9.86133516e-02  4.81393328e-03 -8.66146609e-02  9.94987190e-02
 -1.20706901e-01 -4.38712537e-02 -6.14507881e-04  4.38189581e-02
 -2.04518944e-01 -3.15721706e-02  9.02461782e-02 -9.38830152e-02
 -1.79836750e-01  5.90126738e-02 -6.53514937e-02  7.29544759e-02
  1.04726367e-02  1.35184497e-01 -3.41575779e-03 -8.10250416e-02
  6.50507882e-02 -1.01757899e-01 -5.39761633e-02  1.11377433e-01
  4.73460853e-02 -3.35308760e-02 -6.00550398e-02  1.00593537e-01
  2.29160096e-02  1.91779077e-01  1.77233014e-02 -2.74248749e-01
 -5.37341880e-03  1.20286401e-02  6.73782127e-03  4.23122160e-02
  9.55477264e-03 -2.00665846e-01  4.59842160e-02 -6.77026436e-02
 -6.09576479e-02 -3.02324798e-02 -1.06197707e-01  1.27626821e-01
  1.22749053e-01 -2.38413718e-02  2.41052061e-02 -1.17430337e-01
 -1.13422371e-01 -1.16838757e-02 -1.36262536e-01 -5.46650290e-02
 -1.04435109e-01 -1.56272635e-01  4.93816249e-02  6.33141100e-02
  2.20317036e-01  1.40165761e-02 -1.55295208e-01  9.04213563e-02
 -2.79329997e-02 -5.11994138e-02  5.88669442e-02  1.79485348e-03
  1.51914684e-02 -4.71541472e-02  3.30518708e-02  1.80793270e-01
  9.33053941e-02 -1.53074101e-01  1.80653751e-01  1.13319270e-01
  1.14997126e-01 -4.34481092e-02  1.29954651e-01  1.69788092e-01
  7.38131851e-02  1.28727540e-01 -1.59339398e-01  4.01098341e-01
 -3.05167854e-01 -6.17410764e-02 -2.68311203e-01 -1.02100246e-01
 -8.32575038e-02  6.40779659e-02  9.93798394e-03  5.38826399e-02
  2.09128827e-01  1.55590931e-02  2.50843108e-01  9.68090743e-02
  1.05895154e-01 -4.75010164e-02  6.60962239e-02  6.85544536e-02
  5.54580465e-02  7.73750767e-02  2.51456320e-01 -1.02221549e-01
 -5.31335920e-02  2.66330361e-01 -1.16190985e-01 -5.83531931e-02
 -1.21865598e-02  8.86582881e-02  3.75084221e-01 -7.64037147e-02
  2.94830739e-01  2.09231153e-01  2.53006211e-03 -1.10086851e-01
  1.23105511e-01 -3.41864705e-01 -1.06193721e-01  2.09945172e-01
  7.32589811e-02 -3.47807351e-03 -1.04587264e-01  3.03276747e-01
 -2.46962681e-01 -3.19583595e-01  1.56289320e-02 -1.01859845e-01
  1.99084729e-01  1.94305956e-01 -1.05023935e-01  3.99960671e-03
  8.01708996e-02  1.04754522e-01  1.88903555e-01  2.76653301e-02
 -2.21675839e-02 -5.72472662e-02  2.21866667e-02  5.84452711e-02]