http://erau.edu/ontology/meme.owl#SadBernieSandersMeme
[ 0.00412505 -0.3499295  -0.01538709  0.02003894 -0.04084745  0.35813233
  0.06823458  0.25518626 -0.00090674 -0.05593279  0.1157359  -0.17804453
 -0.1687163  -0.11226558  0.09726525  0.13217631  0.07347285  0.08860244
  0.17317353  0.2728684  -0.17413649  0.02511023  0.2061807   0.02320917
  0.19695257  0.03356151  0.01357882 -0.09264708  0.32384732  0.24986713
  0.02667542  0.18139303 -0.09216249 -0.14517826 -0.11349645  0.156594
  0.07749347  0.06110777 -0.20905238 -0.24712315  0.29171422  0.0305854
  0.00544776  0.13618037  0.16683583  0.03510211  0.05867718 -0.10008438
  0.04445885  0.06602503 -0.00671304 -0.04605839 -0.01582181 -0.08443587
  0.0695603   0.07725529  0.01012005  0.27075636  0.05631877 -0.03319087
  0.05999452  0.07294238 -0.05170574 -0.08010253 -0.09363562  0.08086628
  0.03264498  0.09249932  0.01376767 -0.1055788  -0.18528034 -0.06147579
 -0.16694178 -0.08710927  0.00238782  0.03330522  0.05557189 -0.02913331
  0.04792676 -0.13350302 -0.23983648 -0.08107033  0.04512293 -0.08049268
  0.00737529 -0.24363433 -0.20401244  0.07233072  0.2456206  -0.1502786
  0.17539655 -0.22347875 -0.05629989 -0.02868062 -0.05380484  0.08939225
 -0.16259864  0.10195418  0.02705789 -0.09186046  0.15281284 -0.01327946
  0.43270576 -0.06415083  0.11605792  0.03107333 -0.11385035 -0.01259353
  0.1955232  -0.16924527 -0.03117422  0.06839008 -0.0029441  -0.02787634
  0.14249428  0.17538656 -0.2703267  -0.16921592 -0.03350068  0.10247584
 -0.0198159   0.10612993 -0.07496858  0.00822523 -0.12170233 -0.10532434
  0.10566501  0.0649526  -0.06206468  0.09077638 -0.24386835 -0.11398893
 -0.0793343   0.17636716 -0.21189061  0.13859668  0.04270606 -0.28924832
 -0.05142518  0.10592739 -0.1605054   0.0331837  -0.03233329 -0.22557007
  0.17435406 -0.1492283   0.05523726 -0.1467272  -0.00705082  0.05041195
 -0.20865951 -0.2432679  -0.04861877  0.15893525  0.27927974  0.2665774
 -0.04818539  0.1767532  -0.02855948 -0.17058359  0.12897927 -0.25533286
  0.02666785 -0.06361395 -0.15348473 -0.1680505  -0.08415461  0.14819938
 -0.42219236  0.31653312 -0.08598611  0.15522757 -0.03861417  0.05286254
 -0.10475251 -0.00516161  0.06134602 -0.15089203  0.00219391 -0.05817055
 -0.04013493 -0.03856093  0.03832573  0.21418233 -0.09863818 -0.04590665
 -0.08839293  0.10292706  0.22992778  0.02679656  0.06629735 -0.00898009
 -0.2197913  -0.07249122 -0.10615633 -0.01006087  0.15842403  0.06242836
  0.01609637 -0.28797558 -0.06936462 -0.0345083   0.12339113 -0.07023336
 -0.10875625 -0.613523    0.14260508  0.02157092 -0.05324451  0.17069969
  0.58262974  0.24776782  0.04793748 -0.14210033  0.22710562  0.22750458
 -0.1749042  -0.03878056  0.28470033  0.0585381   0.13583751 -0.05146132
 -0.13294965 -0.02349315  0.10858508  0.09043674 -0.08920851 -0.16605633
 -0.15852651  0.15921265  0.14392284  0.10887897  0.00798962 -0.04404236
  0.17915492 -0.14889486  0.02420859 -0.03499357  0.44737753 -0.10623287
 -0.04124133 -0.11218546  0.1056269   0.09018037 -0.2646745  -0.05163935
 -0.2261775   0.2700102   0.04529214 -0.28602466  0.05852338  0.0148572
  0.04831033  0.18551123  0.03126968 -0.09636001 -0.37970534 -0.14278533
  0.23239051  0.03482203 -0.05053586 -0.15342955 -0.07210851 -0.36547557
  0.20202294 -0.4167312  -0.3350176   0.0911153  -0.00439387 -0.03155683
 -0.01044933 -0.04796246 -0.10651091  0.10441982  0.08171705  0.04845691
  0.17240392 -0.13099617 -0.22233544 -0.10537782  0.13513906 -0.03047252
  0.00415897 -0.01181287 -0.3895033  -0.06061972  0.05016723  0.05473866
  0.02843915 -0.10435785 -0.09993081  0.09338271 -0.07314748  0.14262411
 -0.00959289 -0.02062188  0.10571945  0.14776002 -0.08951663 -0.02526279
 -0.29698408  0.21248762  0.0020443   0.24258342  0.18647371 -0.14406703
  0.22408986 -0.05131436 -0.07172696  0.20963982  0.18636486 -0.22015299
  0.07254101  0.06625971 -0.1908758  -0.0376775   0.04659029  0.01159287
 -0.12354833  0.13443182 -0.02241169 -0.2488606   0.00628565  0.05468489
  0.07012932  0.2211276  -0.07283234  0.05665565  0.16136618 -0.00502718
  0.01542055 -0.07100806  0.15931375 -0.10083539 -0.08915205 -0.13122624
  0.15804778  0.01799738 -0.19161922 -0.00541367  0.13428204  0.15419364
 -0.08504492 -0.03011888  0.00462733 -0.05904676 -0.07266258 -0.06036567
  0.0153384  -0.00283558 -0.07113336 -0.04801184  0.02226544  0.32442823
 -0.22858351  0.25494152  0.0294338  -0.21508107  0.18554352 -0.3010818
 -0.16857272 -0.00205275  0.17271213  0.02493715  0.15442367  0.01286543
 -0.18665501  0.04782366 -0.00720889  0.04587145 -0.02450821 -0.13844344
 -0.21083882  0.1900053   0.13575996  0.01269127 -0.17567839 -0.01687401
 -0.01918972 -0.22244862  0.18829215  0.21403868 -0.01830103 -0.17070672
  0.06718115  0.02692741 -0.18612365  0.02018982 -0.01552759 -0.18893017
 -0.09421711 -0.0926881  -0.0177487   0.18967861 -0.04514027  0.01297561
  0.0041754   0.00156946  0.12562104  0.07772454 -0.10414307 -0.1281592
  0.01307521 -0.19901113 -0.08533538 -0.05017839  0.14682053  0.30847508
  0.21754667  0.01491623  0.10548082 -0.07618346 -0.12652928  0.06347989
 -0.2081645  -0.08950204 -0.13425823 -0.0649087   0.05005114  0.19316109
  0.26165178  0.12286709 -0.40318584  0.13216735  0.08241879 -0.1648072
 -0.03886165  0.25120214  0.12504299 -0.14304394  0.03216715  0.30726618
  0.02800683 -0.1227579   0.01210216  0.28704304 -0.1479034  -0.16415356
 -0.133694    0.23347397  0.11116995 -0.13413775 -0.08768938  0.26228672
 -0.22118497 -0.29830715 -0.27508852 -0.18570913 -0.01974024 -0.03304034
  0.09870532  0.29678607  0.10736448  0.03696733  0.15227151 -0.05204887
  0.13761644  0.24690913 -0.05576273 -0.05594691  0.07658619 -0.09645146
  0.05515688  0.06610897  0.01100871 -0.02185469 -0.16170864  0.022236
 -0.00987183  0.11941457  0.22906335  0.00979914 -0.04434629  0.07847268
  0.00320978  0.08076422  0.10865287 -0.21516006 -0.23860441  0.10342789
 -0.23172005 -0.06683546  0.00300839  0.23914364  0.06901793 -0.06521925
 -0.00081997  0.07284028  0.07969911  0.04600715 -0.18995981 -0.11609896
 -0.06417751 -0.331743    0.25280908 -0.05750954 -0.09950317 -0.11268059
  0.11374529  0.09489027]