http://erau.edu/ontology/meme.owl#ReSetToothpasteOreoControversyMeme
[-1.66280895e-01 -1.21603839e-01  6.29787296e-02 -3.44371200e-02
 -2.76305247e-02  5.63260056e-02  1.18479833e-01 -1.25554390e-03
  5.49550401e-03 -1.40481591e-01 -6.39875513e-03 -3.02190166e-02
  1.27288297e-01 -1.09205648e-01  6.37697875e-02 -1.85743757e-02
  8.22511390e-02 -1.49022518e-02  3.93230617e-02  9.83482525e-02
 -1.79257706e-01  6.76709935e-02  4.92932945e-02 -1.12223350e-01
  1.08444467e-01  3.16681303e-02 -1.83847565e-02 -1.10149771e-01
  3.22552025e-01  1.29391089e-01  8.52254331e-02  7.98197612e-02
 -5.83457425e-02 -9.47324187e-02 -1.12348281e-01  1.31827340e-01
 -7.00461417e-02  1.23059176e-01 -5.04943915e-02 -8.23953822e-02
  7.55602047e-02  2.01707840e-01 -1.52377456e-01 -8.32206104e-03
  6.52515069e-02 -5.67517392e-02 -6.69995397e-02 -8.75580870e-03
 -1.87378768e-02  7.17548504e-02  1.27231404e-02 -6.02836460e-02
 -5.09308912e-02 -2.04698429e-01 -1.26655430e-01 -1.05704136e-01
  2.26820245e-01 -1.15238540e-01  2.78073162e-01  4.39946316e-02
 -1.76367685e-02  6.72516301e-02  1.47913650e-01  9.39303115e-02
 -1.01300076e-01 -2.60218009e-02  7.00224116e-02 -1.02264598e-01
 -1.39868498e-01 -1.83429241e-01 -1.36745512e-01  1.57787517e-01
  1.32828638e-01  7.96938036e-03  7.68177062e-02  6.02881499e-02
 -3.32942344e-02  1.87265605e-01  2.12238893e-01  1.59605145e-01
 -9.81997624e-02  5.73095027e-03 -6.21038396e-03 -2.69893140e-01
  2.05910243e-02 -2.69966731e-05 -6.21243678e-02  1.38278872e-01
  1.04247048e-01 -3.05820536e-02 -7.00075775e-02 -1.67606100e-01
  9.60245281e-02 -1.75184995e-01  1.29851084e-02  9.66889337e-02
  8.81104823e-03 -8.13753065e-03 -7.41920173e-02 -8.08810815e-02
  1.61407560e-01  7.12241009e-02  3.39135379e-01 -1.35149330e-01
 -7.98633471e-02 -4.15996201e-02  1.87866122e-01  4.27204072e-02
 -2.42043845e-02 -6.79391697e-02  7.05128722e-03  2.62459647e-02
 -1.89021304e-01 -1.19530015e-01  7.62014464e-02  1.45723134e-01
 -3.49467337e-01 -2.17681259e-01  3.59012857e-02  1.28904909e-01
 -2.20837165e-02 -1.20493583e-01 -1.71922177e-01  1.32650062e-01
  9.30599123e-02 -1.09171897e-01 -3.83096971e-02 -8.23350437e-03
  9.10834875e-03  1.21527851e-01 -2.35171959e-01 -7.78144822e-02
  2.26995088e-02 -6.58668503e-02 -1.19678415e-01  1.78413525e-01
 -4.41996381e-02 -2.75941119e-02 -1.60078868e-01  7.09520504e-02
 -2.59362847e-01  7.17980936e-02  1.31821945e-01  4.94158678e-02
  1.86114222e-01 -2.89398998e-01  1.44643605e-01 -1.07759520e-01
 -9.67729613e-02  1.21757306e-01 -1.14352992e-02 -1.40279725e-01
 -1.85340662e-02  4.47349921e-02 -7.75035545e-02  5.38039356e-02
 -1.30189061e-01  2.26596400e-01  5.43017611e-02 -1.23782530e-01
  4.04517949e-02 -3.63648497e-02  9.11286697e-02 -2.65601352e-02
 -2.73616046e-01 -2.22481757e-01  5.76519640e-03  1.48710430e-01
 -3.34713191e-01  1.53794646e-01 -3.57469358e-02  1.20188124e-01
  2.45191023e-01  1.09079137e-01 -8.56221560e-03  5.28029092e-02
 -6.33760169e-02 -1.51042668e-02  1.48864418e-01 -4.78814840e-02
 -8.61209184e-02  6.12749755e-02  1.56964269e-02  6.18614592e-02
 -1.69322714e-01  9.18563176e-03  1.69054806e-01  8.28870758e-02
  2.41382465e-01 -4.16881554e-02 -4.41935286e-02 -1.10714681e-01
 -2.03175530e-01 -5.49589694e-02 -1.30821941e-02  1.72946639e-02
  5.59459403e-02  1.94052517e-01 -1.20747685e-01 -4.23383676e-02
  3.56571190e-02 -3.52922790e-02 -1.54275913e-02  4.66394350e-02
 -4.26070020e-02 -2.42485985e-01  3.79785672e-02 -8.06420520e-02
  1.07832737e-01  1.31841704e-01  2.26949543e-01  3.94239500e-02
  1.51300803e-02 -3.85620794e-03  3.84314619e-02  4.40757982e-02
 -1.47779509e-01 -6.77365288e-02  1.45199046e-01  1.00744426e-01
  1.86285019e-01  1.55675307e-01 -9.16349888e-02  6.24760278e-02
 -1.42147830e-02  1.18364468e-01 -1.73126981e-01 -5.01974598e-02
  2.11891569e-02 -5.45121245e-02  1.44169889e-02  6.77294657e-02
 -8.18203390e-02 -9.31295529e-02 -9.52763706e-02  7.26862699e-02
 -9.62032527e-02 -1.26229510e-01  4.07234430e-02 -6.74776882e-02
 -1.04455110e-02 -9.74328071e-02  4.92234342e-02 -7.25723729e-02
 -1.79211035e-01 -6.25205226e-03 -9.76464227e-02 -1.33818895e-01
 -5.10824770e-02 -2.48079412e-02  4.41994108e-02 -1.10704273e-01
  1.52986959e-01  2.45354101e-02  1.65374219e-01  5.75731276e-03
 -1.13931730e-01  1.10395057e-02  7.08018094e-02 -1.01949768e-02
 -1.31387070e-01 -1.90018564e-01 -8.49655122e-02 -1.27526224e-01
 -7.15131164e-02 -1.56800166e-01  8.07416365e-02  3.61610912e-02
  9.09447521e-02 -1.41109467e-01  3.26521397e-02 -1.17476784e-01
 -4.56647314e-02  5.67107126e-02  1.30274698e-01 -2.59038862e-02
  3.51897776e-02 -1.04554547e-02 -7.17049167e-02 -3.17352340e-02
  1.39361799e-01  1.33093238e-01  1.26484679e-02 -2.31037866e-02
 -1.28639415e-01  5.39858709e-04 -9.76410061e-02  1.30309444e-02
  2.67481362e-03 -1.35568306e-01  4.25529182e-02 -1.74100623e-01
  2.07043588e-02 -1.94805712e-02  7.82862008e-02  2.08406374e-02
  4.01493162e-02  1.75038762e-02 -1.16234623e-01 -7.39767998e-02
 -1.99658677e-01  6.53862432e-02  7.47607127e-02  5.33194058e-02
  3.05093825e-02 -6.65123109e-03  2.11337164e-01 -1.12145515e-02
  7.67578697e-03  2.81620063e-02  2.53429085e-01 -2.52565950e-01
 -1.74882915e-03 -2.84866914e-02 -2.60164179e-02  1.38427867e-02
 -5.02850823e-02  8.51917490e-02  3.51286940e-02 -1.58910736e-01
  4.12755311e-02 -1.70267880e-01  1.45950541e-01  2.13623628e-01
  5.08226687e-03  2.69272849e-02 -6.36217073e-02 -1.46687571e-02
  9.67401937e-02 -8.52448791e-02  3.74523527e-03 -1.41239256e-01
 -2.38610455e-03 -8.66277590e-02  7.02950209e-02 -2.45986387e-01
  9.57509354e-02  8.57769176e-02  6.64386302e-02  9.15613398e-02
  3.29672545e-03  1.66432843e-01 -4.32658307e-02 -5.45785762e-02
 -1.31027594e-01 -1.75765585e-02 -1.86548773e-02  1.88221037e-02
 -1.24620378e-01 -2.72522401e-02  9.27816145e-03 -2.56195236e-02
 -1.39571279e-01  1.52270481e-01 -1.50896370e-01  9.99721140e-02
  1.09234110e-01 -5.10386452e-02  1.43212184e-01 -1.38866547e-02
 -7.40242377e-02  1.75256744e-01 -8.01283587e-03 -3.61544825e-02
  2.26287916e-02 -1.64636578e-02 -7.74146318e-02  4.93695848e-02
  2.39545591e-02  6.31142333e-02 -1.12723641e-01 -6.29830360e-02
 -2.42463410e-01  3.18435840e-02  8.20595026e-02 -2.96055172e-02
 -6.29619956e-02 -1.84089560e-02 -8.12174007e-02 -8.63541514e-02
  2.61439588e-02  6.93361312e-02 -7.80654475e-02 -9.27871987e-02
  3.94174680e-02 -1.59437984e-01 -1.26127928e-01  1.35586157e-01
 -6.04772083e-02 -9.74190384e-02  1.19948816e-02  1.26150280e-01
 -3.24893519e-02  1.92139685e-01 -5.57582080e-02 -1.48236722e-01
  4.47401814e-02  5.39191291e-02  3.00555199e-01 -1.47254229e-01
 -5.15722111e-02 -2.03226566e-01  5.82279116e-02 -1.95374802e-01
 -1.88948944e-01 -3.12879384e-02 -1.13549203e-01  3.41203690e-01
  1.12146705e-01  6.95081949e-02  5.68378232e-02 -1.42561167e-01
 -1.31232798e-01 -6.63741678e-02 -1.63588092e-01  1.78796172e-01
 -1.20098062e-01  1.10060778e-02 -3.59369069e-02  2.87159439e-02
  1.72381938e-01  2.67857481e-02 -1.36997536e-01  5.62134683e-02
  9.29407850e-02  4.05738596e-03 -2.65207067e-02  1.17081506e-02
  7.16589913e-02  5.99329732e-02 -2.85634976e-02  1.80433229e-01
  9.38213989e-02 -2.96058878e-02  1.78159848e-01  1.55506700e-01
  1.01388387e-01 -3.60215902e-02 -5.93003295e-02  2.77355053e-02
  1.10608675e-01  9.99565423e-02 -1.84673488e-01  2.35476762e-01
 -1.91837758e-01 -1.02503300e-02 -1.84433833e-01 -1.16420045e-01
 -7.06349313e-02  9.07940865e-02  1.14882909e-01  1.49609074e-01
  5.40128052e-02 -7.33286515e-02  1.34157449e-01  8.82602409e-02
  7.45062009e-02 -9.10040364e-02  9.96359736e-02  2.18049567e-02
  2.38799408e-01  3.22557800e-02 -1.51933832e-02 -1.55605897e-01
  4.83640544e-02  1.77646130e-01 -1.47151845e-02 -1.88954636e-01
  2.09534280e-02 -2.54696570e-02  7.75502175e-02  5.65734766e-02
  8.27128589e-02  1.03572637e-01  3.87988016e-02 -8.70028734e-02
  1.01358630e-01 -1.19267970e-01 -9.20880362e-02  8.55796114e-02
 -1.27929583e-01  5.58378957e-02 -9.55592617e-02  2.33732209e-01
 -1.23547897e-01 -1.25866458e-01 -7.13829473e-02  1.30834892e-01
 -6.03897981e-02 -2.64709741e-02  2.62709614e-02  8.05852264e-02
  3.10526974e-02  1.24211274e-01  9.80658457e-02  8.82524401e-02
 -1.09873638e-02 -5.38170859e-02  1.10749342e-02 -1.91094857e-02]