http://erau.edu/ontology/meme.owl#PeriodsforPenceMeme
[-1.92955464e-01 -2.22085103e-01  9.06681716e-02  1.22066759e-01
 -8.67061839e-02 -4.80289645e-02  1.92386016e-01  1.00581937e-01
 -2.21811868e-02 -1.37291355e-02  1.53177559e-01 -1.39370024e-01
 -1.94175486e-02 -2.03312840e-02  4.15349472e-03  3.40061001e-02
  9.96235237e-02  5.34384288e-02  1.27290070e-01  1.64854959e-01
 -2.31717139e-01  1.03771329e-01  1.58236310e-01 -2.15242624e-01
  1.36375219e-01 -2.19145566e-02 -1.81690510e-03 -1.72574401e-01
  3.95184278e-01  2.05573872e-01 -2.86386460e-02 -7.19036721e-03
  4.99018393e-02 -1.56399220e-01 -8.15942064e-02  1.67645738e-01
 -4.47348133e-02  8.37874860e-02 -3.22700292e-02 -1.49640545e-01
  9.37988982e-02  1.96489379e-01 -1.18779995e-01  4.07539606e-02
  8.11072588e-02  6.53644949e-02  1.61453206e-02  8.20306595e-03
  1.03419431e-01  7.50291944e-02  2.67604962e-02 -4.89281071e-03
 -9.75658074e-02 -1.22151986e-01  2.95985322e-02 -1.17985122e-02
  5.14856204e-02  3.51081602e-02  1.29462004e-01  1.28505558e-01
  4.52713184e-02 -1.23710483e-01  1.06717750e-01  9.00926441e-02
 -7.93530792e-02  4.93884273e-02 -6.59130737e-02  6.73383474e-02
 -8.65630656e-02 -2.04641283e-01 -2.97177315e-01  1.94568522e-02
  2.22659726e-02 -1.29722282e-02  4.78749163e-02  1.60094146e-02
 -2.99761277e-02  7.43237361e-02  4.63360921e-02 -7.25642964e-02
 -1.77811414e-01 -5.04951254e-02  1.97209069e-03 -1.21454135e-01
 -7.91056007e-02 -1.40786767e-01 -1.02279298e-01  7.03433380e-02
  1.80333003e-01  6.30748793e-02 -1.97756682e-02 -1.71657458e-01
 -1.31191406e-02 -5.07227816e-02 -9.84037593e-02  9.67013314e-02
 -5.78683764e-02  3.08704097e-02 -2.54434664e-02 -9.69477072e-02
  2.62748785e-02 -5.39213568e-02  2.10029364e-01 -3.48960198e-02
  2.55760886e-02 -7.82829151e-02  7.59643987e-02 -1.00206405e-01
 -4.13548239e-02 -1.08381972e-01  1.96284316e-02  1.57164410e-02
 -1.28507033e-01 -1.43207371e-01  4.94470745e-02  7.93353021e-02
 -2.43438557e-01 -1.23404279e-01  4.66161333e-02  3.76936309e-02
 -2.35245191e-02 -5.87643720e-02  1.55409249e-02  7.25895688e-02
 -5.09291887e-02 -1.60231635e-01 -3.01301479e-02  1.63212363e-02
  6.32444099e-02  3.97198051e-02 -9.97949615e-02  1.13552019e-01
  2.23754197e-02 -7.09184930e-02 -1.52734205e-01  1.71337694e-01
  1.10684268e-01 -1.03840724e-01 -1.38779432e-01  4.41147797e-02
 -1.96456701e-01 -2.87372749e-02 -1.52784411e-03 -1.22198639e-02
  1.09783582e-01 -2.76590586e-01  8.79185498e-02 -6.32642433e-02
  2.50300132e-02  1.33845478e-01 -1.20298639e-02 -1.64608002e-01
 -2.82066204e-02  1.05379932e-01  6.49796650e-02  1.25134751e-01
 -1.48343191e-01  1.60988748e-01  1.31697776e-02 -1.86568033e-02
 -2.27346439e-02 -1.17966026e-01  5.90062104e-02  5.82175553e-02
 -1.27429053e-01 -1.35972500e-01 -1.21714450e-01  2.96574496e-02
 -2.30270743e-01  1.61799759e-01 -9.28504113e-03  1.17641121e-01
  3.67569476e-02  9.71478671e-02 -6.80760387e-03  4.03163768e-02
 -8.03618580e-02 -8.76955241e-02  5.70115410e-02 -9.55266878e-02
 -1.74793340e-02  1.44490123e-01 -4.17827927e-02  1.37056977e-01
 -4.80616316e-02  2.84896176e-02  1.75066311e-02  5.43875061e-02
  2.78535962e-01 -6.09157756e-02  2.80859973e-02 -7.03086630e-02
 -2.31071949e-01 -1.51570765e-02 -3.36258784e-02 -4.25593257e-02
  1.43070370e-01  9.26800296e-02 -6.64410666e-02 -6.14656322e-02
 -6.62757899e-04 -1.78356871e-01  4.91807349e-02 -1.85622007e-01
 -9.89004597e-02 -3.48720163e-01 -5.60450181e-03 -1.22356787e-02
  4.63061826e-03  1.81492195e-01  2.53520638e-01  2.12841034e-01
 -5.13484776e-02 -1.77941695e-01  1.92635834e-01  4.96497452e-02
 -1.74000338e-01 -1.33835405e-01  1.50338665e-01  1.07123308e-01
  1.69510797e-01  1.31729869e-02 -2.06440598e-01 -3.25802639e-02
  6.21425770e-02  1.19232789e-01 -2.22943261e-01 -3.91816646e-02
 -1.37311116e-01  3.91698442e-02  1.04889050e-01  7.11451620e-02
 -9.91781875e-02 -6.53621629e-02 -4.29961627e-04 -1.19018324e-01
 -4.43073511e-02 -3.93529385e-02  1.12323863e-02 -1.01531200e-01
  5.48327304e-02 -5.77431247e-02  1.08265974e-01  2.97338087e-02
 -2.83154100e-01  4.38325107e-02 -8.15043375e-02  4.93775634e-03
 -9.06034335e-02 -5.41058406e-02 -9.39113274e-03 -5.35508022e-02
  1.14361778e-01  1.23098359e-01  1.05905846e-01 -1.92516848e-01
 -1.32915556e-01 -8.43002796e-02  1.09770946e-01  4.45494354e-02
 -5.31259440e-02 -7.93883055e-02 -2.24077199e-02 -4.36535366e-02
  2.61375904e-02 -7.33564273e-02 -2.45632708e-01 -9.30723399e-02
 -3.28666084e-02 -1.12000629e-01 -9.87827429e-04 -8.60888511e-02
 -1.06783770e-01  7.53150210e-02  1.13196976e-01 -1.58599783e-02
  3.07228491e-02 -5.73550388e-02 -1.47679765e-02  3.79616767e-02
  4.96552475e-02  5.85067226e-03  5.01019917e-02 -3.69058400e-02
 -2.29317740e-01  2.68127993e-02 -1.61339151e-04  2.68989522e-02
 -2.42547989e-02 -9.97841805e-02 -3.27655748e-02 -2.79130116e-02
 -5.35888411e-02 -4.24232818e-02  6.56984076e-02  2.57797539e-02
  6.14392795e-02 -4.34990823e-02 -1.73482209e-01 -8.28635246e-02
 -1.59720570e-01  4.52671759e-02 -7.88367633e-03  1.16261363e-01
 -3.89829371e-03 -8.02930370e-02  1.63174227e-01 -1.83900706e-02
 -2.92263012e-02  1.60122201e-01  2.04631031e-01 -2.78736919e-01
  5.83523512e-02  1.14789136e-01  7.99820125e-02  4.52398770e-02
 -1.77138280e-02  1.61799759e-01 -6.16055131e-02 -2.65740938e-02
  1.25042826e-01 -1.84326068e-01  8.03982317e-02  1.66046441e-01
 -3.43925469e-02 -9.51698050e-02 -1.31497860e-01  1.78480726e-02
  8.03926587e-02 -5.15225753e-02  7.08509684e-02  1.74835138e-02
  4.75573540e-02 -8.82682428e-02 -8.69492814e-02 -1.85364708e-01
  2.73535941e-02  1.25719026e-01 -1.69621155e-01  1.04719155e-01
  1.17566451e-01  1.16861440e-01 -1.29185200e-01  2.72368975e-02
 -2.10308328e-01  8.35186914e-02 -2.03636736e-01  1.26014888e-01
 -4.46121916e-02 -1.71777174e-01  1.72987452e-03 -2.91236378e-02
 -6.10150993e-02  3.06043506e-01 -1.05892971e-01  5.35735190e-02
  8.94511417e-02 -1.96801022e-01  1.32079303e-01 -1.60447024e-02
 -1.10478491e-01  1.79702938e-01  1.78746749e-02 -8.33121166e-02
 -1.06054442e-02  2.49515381e-03 -8.37307796e-02 -1.48080587e-01
 -1.00493103e-01 -2.79948283e-02 -2.56275609e-02  5.91401048e-02
 -2.65472054e-01  2.95483358e-02  1.23997830e-01 -9.36366990e-02
 -2.12199971e-01  8.00670125e-03  4.20481488e-02 -5.48336357e-02
  1.10398822e-01  1.38732910e-01 -5.08749411e-02 -1.28298968e-01
  7.66985416e-02 -2.10812211e-01 -2.28440762e-01  1.08137600e-01
 -1.43590033e-01 -2.00692013e-01 -1.29006177e-01  1.04798898e-01
 -1.15786409e-02  3.13836366e-01 -1.87701985e-01 -2.09337622e-01
  5.06962948e-02  1.96487799e-01  2.02136979e-01 -7.67699480e-02
  1.46388477e-02 -2.69741621e-02  3.83243226e-02 -3.16081762e-01
 -1.80235684e-01  1.51218781e-02  1.32437363e-01  3.97404432e-01
  1.73484311e-01  7.93677941e-02 -2.71518272e-03 -1.87262461e-01
 -1.60503939e-01 -1.37694804e-02 -1.14782006e-02  3.52438390e-02
 -8.83718506e-02 -7.00407699e-02  9.38553363e-03  1.19488716e-01
  1.80928737e-01  3.63277234e-02 -9.01736021e-02  5.05181924e-02
 -3.75792384e-02 -1.56711996e-01 -1.16496772e-01  1.06094033e-01
  9.84833315e-02 -1.72734082e-01  2.54427781e-03  2.57919610e-01
  2.71863453e-02 -6.74341768e-02  8.01977366e-02  1.47984266e-01
  1.75189283e-02  9.08666998e-02  8.14294964e-02  9.26938578e-02
  4.56440523e-02  2.36107782e-02 -7.70838410e-02  2.95004338e-01
 -2.56368995e-01 -1.11895859e-01 -1.93556488e-01 -1.61409229e-01
 -1.00850016e-01  1.01280034e-01  1.62939548e-01  1.32631630e-01
  4.93552983e-02 -3.58196758e-02  2.25361675e-01  6.41088337e-02
 -3.23498435e-02  8.42103362e-02  1.22310787e-01 -1.67123824e-02
  1.49818733e-01  2.19658110e-02  1.02387123e-01 -1.54265329e-01
 -1.21043473e-01  1.33001387e-01 -1.43702812e-02 -1.22771807e-01
  2.79167816e-02  5.70508055e-02  1.30982041e-01 -1.36637509e-01
  1.18025243e-01  1.74980834e-01  3.18986773e-02 -1.06802277e-01
  1.50361359e-01 -1.05083719e-01 -6.80337399e-02  1.11957170e-01
 -1.83959468e-03 -3.94913293e-02 -1.23518996e-01  3.34430128e-01
 -1.40106201e-01 -1.56515926e-01  2.34884452e-02  4.70843315e-02
  4.66771722e-02 -7.22071156e-03 -7.89832100e-02 -1.25694230e-01
  1.67188391e-01  7.92249665e-03  7.18874708e-02 -2.15765298e-03
 -1.07961074e-01 -1.27349839e-01  1.03147499e-01  2.35763684e-01]