http://erau.edu/ontology/meme.owl#BalsamicVinegarMeme
[-7.81484544e-02 -7.95098990e-02  1.81671277e-01 -1.13477872e-03
  8.27851298e-04  5.40318936e-02  1.72949165e-01  1.68387890e-01
 -1.25495434e-01  4.13663889e-04  8.11588690e-02  1.10257855e-02
 -1.52236566e-01  2.51747295e-02 -7.37680793e-02 -9.58627276e-03
  1.73083216e-01  1.00111663e-01  1.08971529e-01  6.44140095e-02
 -2.42515013e-01 -7.36320913e-02  1.99722543e-01 -5.76087944e-02
  2.07310989e-01 -4.56784442e-02  2.51825247e-02 -1.14512354e-01
  2.27810755e-01  1.49725005e-01 -4.08580340e-02  1.71053365e-01
  1.20573848e-01 -1.65233091e-01  4.44087237e-02  1.58914506e-01
 -5.34912869e-02  1.60370901e-01  1.13760233e-02 -1.82378724e-01
 -4.00821329e-04  1.84548423e-01 -6.62484914e-02 -1.08412698e-01
  2.72667762e-02  1.66877091e-01  7.13620335e-02  7.22785220e-02
  3.11671812e-02  2.50205174e-02 -3.41806706e-04  3.67318951e-02
 -2.57913936e-02  2.63443589e-02 -1.62180275e-01  6.56909421e-02
 -5.16943765e-05  3.36020440e-02  1.82290748e-01  1.60862386e-01
 -4.75158431e-02 -3.89983058e-02  1.03332743e-01  8.96356627e-02
 -3.37857395e-01  3.70412432e-02 -1.42674362e-02  1.11797594e-01
 -5.64191677e-02 -7.27275386e-02 -5.89971207e-02  1.92738473e-01
  2.65109003e-01  1.32916436e-01 -5.32001490e-03  1.61220953e-01
 -5.35134189e-02  9.17376876e-02  1.47366226e-01  1.38058096e-01
 -1.27785668e-01 -2.45292664e-01 -1.12377301e-01 -1.17584273e-01
  4.52604033e-02 -2.07937926e-01 -8.68474022e-02  1.12091228e-01
  1.20630011e-01  8.00450891e-02  3.40348184e-02 -2.68448174e-01
  9.19493660e-02 -6.08383641e-02 -2.41975099e-01  1.47338271e-01
 -8.89010653e-02  1.38138123e-02 -7.09739551e-02 -1.30007610e-01
  6.50261045e-02 -7.93668926e-02  3.54273736e-01 -1.57878339e-01
  3.40787657e-02  1.02212116e-01  4.13199104e-02  1.20501369e-02
  5.84464744e-02 -1.42261162e-01 -1.23090763e-03  2.45548766e-02
 -1.43907890e-01 -2.00921506e-01 -1.34771224e-02  7.82651082e-02
 -2.34972984e-01 -7.32725710e-02  3.48815583e-02  7.07187131e-02
 -4.58887294e-02 -9.20718815e-03  5.08881290e-04  1.22667046e-03
 -4.53526573e-03 -1.85034528e-01  1.09905610e-02  6.49527833e-02
  9.15396735e-02  6.65411204e-02 -7.85129890e-02 -9.90144326e-04
  1.22857615e-02 -1.26433410e-02 -9.16190725e-03  9.30888355e-02
  3.22306603e-02 -1.68296188e-01 -6.14439733e-02 -9.77772027e-02
 -2.52879292e-01  1.53182512e-02 -3.05988220e-03  1.00092605e-01
  1.70723870e-01 -2.37229645e-01  3.92120518e-02 -1.38405278e-01
  1.57828957e-01  1.73386291e-01 -2.12051021e-03 -1.68194965e-01
 -6.35744482e-02  9.80581269e-02  3.39931436e-02 -4.15001549e-02
 -1.47830814e-01  3.96173224e-02  1.24323420e-01 -9.10416245e-02
  8.23379159e-02 -1.84312358e-01  6.52964693e-03  1.36558309e-01
 -1.25383109e-01 -1.35011017e-01 -3.40241268e-02  9.26251262e-02
 -3.20879608e-01  1.87254563e-01  5.73612154e-02  2.49558628e-01
  1.70921087e-01  2.03111574e-01  3.90764792e-03 -2.89716981e-02
 -4.68412265e-02 -1.15329869e-01  1.07208766e-01  3.37381698e-02
  5.40318852e-03  4.85821813e-02  1.64871469e-01 -4.25010994e-02
 -8.51937830e-02 -2.68052127e-02 -1.06105059e-01  1.09826796e-01
  3.14527839e-01 -9.99757349e-02  1.76546555e-02 -2.66898833e-02
 -8.63352120e-02  4.93948534e-02 -1.38509870e-01 -1.01616412e-01
  1.79172710e-01  2.76616216e-02 -4.98949736e-02  2.28692573e-02
  2.58417763e-02  2.31519025e-02  6.77096024e-02 -7.10277185e-02
  8.00525546e-02 -2.40663961e-01  4.73446921e-02 -1.64141022e-02
  2.05079839e-01  3.35581489e-02  1.75643340e-01  1.78545102e-01
 -3.30197774e-02 -1.20204307e-01  7.66280517e-02 -5.26977889e-03
 -1.75755277e-01 -8.24457109e-02  2.20432073e-01  1.98961139e-01
  1.15830489e-01  6.34133294e-02 -1.78542152e-01  8.88800062e-03
 -5.83766289e-02 -2.75634713e-02 -1.28767088e-01 -9.80289727e-02
 -1.13113984e-01 -1.29026636e-01  1.30859271e-01  4.44344133e-02
 -9.46360976e-02 -7.20553398e-02  5.13245016e-02 -2.28874516e-02
 -2.25451943e-02  6.12036465e-03  4.94672544e-02  1.62125845e-02
  9.22408849e-02  5.35459556e-02  2.91737784e-02 -1.50089413e-02
 -2.58965850e-01 -6.78626150e-02 -5.26136383e-02 -3.77379693e-02
 -1.39433175e-01  6.05466478e-02  3.23072933e-02  3.63413766e-02
  1.41985908e-01  1.24372214e-01  9.25876647e-02 -1.04031622e-01
 -9.04701948e-02 -1.70026630e-01  4.94623706e-02 -1.00925863e-01
 -1.27662584e-01  7.00973421e-02  5.17510017e-03 -3.96862254e-02
 -7.88382217e-02 -1.90634087e-01 -1.34865761e-01  2.62428876e-02
  5.01242131e-02  3.84552516e-02  1.50765814e-02 -4.06907219e-03
 -1.21260174e-01  7.25638941e-02  1.54279128e-01 -2.37460714e-02
  8.13851282e-02 -2.36706645e-03 -3.05819674e-03 -3.55541101e-03
  5.30633740e-02  1.03202045e-01 -9.47204754e-02 -1.19400539e-01
 -1.94573671e-01  1.97482351e-02 -4.31283228e-02  1.04233278e-02
 -5.84908612e-02 -4.37365882e-02  1.73094943e-01 -1.40430078e-01
 -2.04783216e-01 -1.44525558e-01  3.35879810e-02 -1.78534519e-02
  1.82018429e-01 -8.02335516e-02 -1.43822238e-01 -1.55103669e-01
 -1.33929908e-01  3.57719064e-02 -1.34659652e-02  4.19199429e-02
 -4.36555967e-02 -2.21816584e-01  1.66705176e-01 -1.36930108e-01
 -1.38485059e-01  4.82427031e-02  3.00108135e-01 -2.34560162e-01
  7.71380365e-02  1.37544096e-01 -2.23719981e-02  2.87038721e-02
  8.37193988e-03  1.84354857e-02  1.59201071e-01  4.94748056e-02
 -1.48041751e-02 -8.31726417e-02  9.11969095e-02  1.46136716e-01
  9.13100690e-02 -4.40352820e-02 -1.86586007e-01  4.30694558e-02
  1.13286078e-01 -4.47841138e-02  7.76241794e-02  8.22167993e-02
 -9.49336961e-02  1.18400522e-01 -9.33040529e-02 -3.42574060e-01
  1.92583557e-02  2.60611326e-01 -5.74516356e-02  7.23298490e-02
  7.57721215e-02  1.22966036e-01 -1.13019943e-01  1.52743861e-01
 -1.16625480e-01  9.84296203e-02 -9.09301043e-02  2.12522715e-01
  2.73743030e-02 -2.54440516e-01 -2.54375152e-02  2.38942113e-02
  3.20260115e-02  2.35218555e-01 -1.77104443e-01  7.56993368e-02
 -5.26118279e-03 -2.57601917e-01  2.74225414e-01 -1.29774496e-01
 -1.00048803e-01  1.43684417e-01 -4.60683368e-02 -2.13211849e-02
 -3.86617780e-02 -3.09985280e-02 -1.41507968e-01  6.01235731e-03
 -2.52445817e-01 -1.27821594e-01  9.90891084e-02  4.49870341e-02
 -1.73966378e-01  7.98142627e-02  1.08807899e-01  3.69901545e-02
 -1.57197580e-01  8.71352553e-02 -9.19136330e-02  6.71827123e-02
  3.15944180e-02  1.97995856e-01 -1.41625568e-01 -1.04329839e-01
  6.04038648e-02 -8.44635367e-02 -8.92063230e-02  7.83621445e-02
 -8.87201820e-03 -6.36924282e-02 -8.61818567e-02  6.05295822e-02
 -6.48155361e-02  1.08599670e-01 -7.99554884e-02 -1.74275264e-01
  4.51651514e-02 -3.88314724e-02  2.50980910e-02  7.95421079e-02
  4.09619883e-02 -1.43564686e-01  1.67569090e-02 -1.07171237e-01
 -8.87977611e-03 -3.62122916e-02  4.85239923e-02  1.25368729e-01
  1.61710903e-01 -6.22009262e-02  9.43876952e-02 -9.50922891e-02
 -2.14174718e-01 -1.69343427e-01 -8.15324560e-02  7.71269873e-02
  1.75668597e-02 -7.26772919e-02  1.54646561e-01  2.06685904e-02
  1.80057928e-01  6.54627532e-02 -1.91848934e-01 -4.72537577e-02
  5.33657074e-02 -1.37735814e-01  1.82887483e-02  1.05368420e-01
 -8.30500051e-02 -6.09725937e-02  6.87958151e-02  1.34877816e-01
 -3.83240543e-02 -3.05892807e-02  1.26651704e-01  1.29513979e-01
  4.61591966e-02 -6.51639849e-02  1.33192629e-01  7.43139610e-02
  1.15140215e-01  1.73840493e-01 -1.13095887e-01  3.24178815e-01
 -1.90604672e-01 -7.85197169e-02 -1.86232656e-01 -1.30354717e-01
 -3.54660898e-02  1.38673158e-02  2.58845203e-02  4.85334992e-02
  2.07231313e-01  1.49726188e-02  2.69999385e-01 -1.93826146e-02
  4.45148721e-02 -2.60037668e-02  6.43111244e-02 -1.00501813e-01
  1.35222048e-01  7.28528714e-03  2.40686014e-01 -7.60157686e-03
 -1.05048738e-01  1.36900440e-01 -1.30538628e-01 -1.09350629e-01
 -5.45844175e-02  1.16822377e-01  2.39387110e-01 -1.68959811e-01
  2.19291151e-01  1.55725345e-01 -6.34171721e-03 -2.28793994e-01
  1.59472317e-01 -2.52075940e-01 -3.33110802e-02  1.63029224e-01
  5.01056351e-02 -4.50636037e-02 -6.20148070e-02  3.14536631e-01
 -2.52955228e-01 -2.67152041e-01 -6.26585388e-04 -6.94100335e-02
  2.50568777e-01  1.52551726e-01 -1.11999623e-01 -1.51472830e-03
  3.46635282e-02  5.55947842e-03  1.27999380e-01  1.27276793e-01
  5.43488041e-02 -2.36175105e-01  3.88237201e-02  1.85901329e-01]