http://erau.edu/ontology/meme.owl#JazzForYourSoulMeme
[-4.32036147e-02 -7.48297125e-02  5.83477058e-02 -1.21438578e-02
  1.44087086e-02  5.56148030e-02  1.31966144e-01  7.92779550e-02
  5.11776060e-02 -5.02825417e-02  8.49938244e-02 -4.35971953e-02
 -3.87333743e-02  3.00060920e-02 -8.47646147e-02  9.22061801e-02
  2.48213094e-02  1.48449570e-01  1.90465059e-02  1.38095729e-02
 -1.68536529e-01  1.19100429e-01  1.99048799e-02 -7.27900714e-02
  1.25286236e-01  1.30058185e-03  1.62331402e-01 -2.01066613e-01
  2.13754401e-01  1.65275097e-01 -2.61951722e-02  9.41138864e-02
  5.14584929e-02 -8.16362649e-02 -1.13884084e-01  3.03755909e-01
 -8.76928195e-02  6.68216124e-02 -4.79098782e-02 -1.23228602e-01
  4.32455353e-02  1.60861388e-01 -1.86567783e-01 -5.34798577e-02
  3.33022252e-02  1.27015725e-01  3.75926308e-02 -1.38106048e-01
  1.20659977e-01 -4.26863171e-02  1.59778044e-01  4.97895852e-02
 -8.98634195e-02 -1.55673847e-01 -2.36723781e-01 -3.24440897e-02
  9.05661955e-02 -1.71653211e-01  3.32007855e-02  7.22750425e-02
  4.68901312e-03 -6.22293763e-02  1.98465705e-01  4.57100645e-02
 -1.25658244e-01 -4.09875698e-02 -1.14632003e-01  1.60323712e-03
 -7.52621889e-02 -2.40651652e-01 -1.77038223e-01  1.25184894e-01
  1.43772170e-01  6.87662810e-02  4.47130911e-02  1.34706542e-01
 -9.38871801e-02  8.25297087e-02  1.87170386e-01  1.41514540e-01
  5.44994287e-02 -7.67287686e-02 -5.31427190e-02 -1.63219541e-01
  3.36742066e-02  2.00929679e-02 -6.16250075e-02  3.05682421e-02
  1.75186187e-01  8.10873359e-02  2.56044380e-02 -2.18278959e-01
  1.90604955e-01 -4.25717458e-02 -1.45959780e-01 -2.95438487e-02
  9.50913057e-02 -2.75254473e-02 -8.34377185e-02  1.00059749e-03
  1.03307813e-01 -7.29788020e-02  3.44663471e-01 -7.36458823e-02
  4.37042229e-02  5.10488935e-02  6.30891845e-02  9.11082923e-02
  5.03666606e-03 -2.38757119e-01  5.82258776e-02 -6.93629012e-02
 -3.64827067e-02 -1.22515850e-01  1.59231842e-01  3.59659530e-02
 -2.20590502e-01 -6.50288910e-02  8.00303742e-02  5.96146397e-02
 -1.00826561e-01 -3.62723209e-02 -1.87430456e-02  1.38930753e-01
  1.18849196e-01 -7.08892569e-02 -3.96228880e-02 -1.46964181e-03
  1.90473329e-02 -7.42412955e-02 -2.75955498e-01 -4.77438420e-02
 -2.54445262e-02 -1.36258990e-01 -5.40682748e-02  1.27207860e-01
 -5.67596592e-02 -2.59073242e-03 -1.18377224e-01  4.15254682e-02
 -3.24053586e-01  8.54926705e-02  8.75109881e-02  3.27415727e-02
  2.19236746e-01 -1.11324959e-01 -5.71017712e-02 -6.73954114e-02
 -2.04116423e-02  2.05054149e-01  2.91092880e-02 -4.50337157e-02
 -3.77763598e-03  7.57412519e-04 -1.07571021e-01  4.83093411e-02
 -2.19291896e-01  1.94380179e-01  3.56611200e-02 -1.30765542e-01
 -8.36936906e-02 -1.97245181e-01 -2.93307472e-02 -2.13418491e-02
 -1.78762630e-01 -1.88088834e-01 -4.17648070e-02  1.36133209e-01
 -2.54362047e-01 -5.27026877e-02  8.56309012e-02  7.40301237e-02
  1.94516748e-01  1.67253345e-01 -3.35341245e-02  9.65531275e-04
  2.37376224e-02 -2.52560992e-02  1.18525341e-01 -9.79856476e-02
 -8.02473351e-02  9.06929821e-02  8.91078338e-02  8.93417164e-04
  7.26826936e-02 -7.91492835e-02  4.15375978e-02  8.68000239e-02
  2.04533234e-01 -3.54163013e-02  6.32089898e-02 -4.13547195e-02
 -2.01450422e-01 -1.81186106e-02 -6.60536662e-02 -5.69580048e-02
 -1.85035877e-02  1.12365693e-01 -9.43453982e-02  1.30112451e-02
  3.64371315e-02 -3.96428779e-02 -1.57671142e-02 -1.02547519e-01
 -6.24381304e-02 -1.33025169e-01 -2.28018593e-02 -4.11266461e-02
  1.67487219e-01  5.58063798e-02  8.83323997e-02  6.23897687e-02
 -6.88073933e-02 -5.88177778e-02  1.30228281e-01 -1.01462856e-01
 -6.53643385e-02 -6.62286058e-02  1.57476261e-01  6.49148598e-02
  7.35761002e-02  1.36800766e-01 -1.05659284e-01  3.73330414e-02
 -8.76708776e-02 -1.17408574e-01 -1.32577986e-01  7.51207257e-03
  1.01461383e-02  4.30004373e-02  5.23946844e-02  2.89853550e-02
 -9.86787230e-02 -3.36397029e-02 -4.69407020e-03  6.54560030e-02
 -3.52994837e-02 -1.23997830e-01  1.89450458e-02 -6.86429814e-02
  6.33184314e-02 -7.51964822e-02 -4.52554747e-02 -3.30949761e-03
 -4.98260707e-02 -7.74574117e-04 -1.30765289e-01 -2.16273554e-02
 -7.97873512e-02  1.03444189e-01  8.21857601e-02 -4.83552441e-02
  1.23690240e-01  6.82354867e-02  2.06451967e-01 -8.37914571e-02
 -4.20694873e-02  1.64183099e-02 -1.56460423e-02  1.00135595e-01
 -1.61307424e-01 -4.11675125e-02 -1.76689494e-02 -8.38895291e-02
 -3.28864306e-02 -1.63097948e-01  8.58982205e-02  1.33266475e-03
  1.12847693e-01 -7.16280788e-02 -3.11360788e-02 -6.54855743e-02
 -2.25773044e-02  4.82069664e-02  1.50247321e-01 -8.04195255e-02
  1.29970089e-01  1.99798588e-02  2.41315365e-02 -2.52531208e-02
  1.26917124e-01  1.18063644e-01 -5.26724160e-02 -1.14108212e-01
 -3.71957421e-02 -5.84005937e-03 -1.33922935e-01 -1.62693637e-03
 -9.25273448e-02 -4.43018936e-02  8.81722197e-02 -6.54443502e-02
  1.01754107e-01 -1.34186983e-01  6.61360621e-02  2.22268384e-02
  5.30013368e-02 -1.09681481e-04 -8.66165310e-02 -1.29824236e-01
 -3.89466323e-02  4.15737964e-02 -3.71368565e-02  1.32787436e-01
 -3.39254960e-02 -6.98340461e-02  1.11970887e-01 -1.15890149e-02
  1.07202105e-01  3.13712633e-03  2.87488531e-02 -1.62815139e-01
  2.58724112e-02  1.10195436e-01 -4.22975048e-02  3.29642147e-02
 -5.53068519e-02  5.31665087e-02 -8.32559839e-02 -1.10898219e-01
  1.13881811e-01 -3.95342372e-02  1.87393412e-01  1.45007849e-01
  1.16142081e-02 -1.49166444e-02 -1.39280230e-01 -9.51649323e-02
  1.43258914e-01  7.84170534e-03  1.47144170e-03  8.84527564e-02
  2.63306294e-02 -2.23047305e-02  6.35493128e-03 -1.51438534e-01
  9.62039158e-02  1.14621915e-01 -7.39073679e-02  5.81481494e-02
 -6.92581683e-02  6.17445745e-02  7.62209147e-02 -7.77373239e-02
 -9.13052782e-02 -1.75419435e-01 -9.51394066e-02  1.36945382e-01
 -5.37081668e-03 -2.05868408e-01 -5.85015602e-02  1.86417207e-01
 -1.04714639e-01  5.32587171e-02 -1.99853569e-01  1.12438403e-01
  9.33979675e-02  1.12458974e-01  1.95281073e-01  7.82111101e-03
 -1.19424708e-01  9.48380828e-02 -4.25667576e-02  5.31396642e-02
  1.36162844e-02 -1.70077294e-01  2.97692232e-02  1.72358453e-01
  2.22665668e-02  4.25681062e-02  5.93558997e-02  2.43116431e-02
 -9.20978263e-02 -1.02691822e-01  3.56490389e-02 -2.09200010e-02
 -1.75976045e-02  2.14666910e-02 -4.86890525e-02  1.29581001e-02
  6.05947860e-02  1.63047597e-01  2.61566043e-02 -7.17798397e-02
  1.18488416e-01 -4.07133438e-02 -9.81945246e-02  1.94612131e-01
 -3.55938859e-02 -3.09070814e-02 -1.00441813e-01  8.52369517e-02
  1.11383963e-02  1.48815528e-01  6.91677555e-02 -2.07302377e-01
  4.28198054e-02  5.85456826e-02  2.05066875e-01  3.43570113e-02
  3.27778608e-03 -6.99415803e-02  8.33653882e-02 -1.53407559e-01
 -4.91613224e-02  1.12477191e-01 -7.79533759e-03  1.43645495e-01
  1.35661140e-01  1.24747425e-01  8.42494071e-02 -1.77655324e-01
 -6.57326207e-02 -8.66519734e-02  3.06618288e-02  1.94680076e-02
 -3.51235308e-02 -1.06078885e-01 -3.33893709e-02  1.07946724e-01
 -1.72645238e-03 -1.50920361e-01  7.75092170e-02  3.24927643e-02
 -1.43381298e-01 -1.98853806e-01 -2.76274458e-02  3.17414477e-02
  1.07822262e-01 -4.27583568e-02  1.34836718e-01  1.84338704e-01
  1.88259131e-04 -1.22367509e-01  1.68952629e-01  2.02480003e-01
  8.34580809e-02 -1.01531319e-01  1.42933235e-01  1.13558359e-01
  6.48429021e-02  1.09967291e-01 -1.02254927e-01  2.29723305e-01
 -3.01839858e-01 -1.10898726e-01 -1.14036396e-01 -3.51093709e-02
 -1.25063643e-01  9.54394713e-02 -5.13458811e-03  5.31348214e-03
  1.80277541e-01 -1.33592427e-01  1.10546879e-01  3.95151228e-03
  9.40362513e-02  1.33893803e-01 -3.39062773e-02 -1.92009825e-02
  1.48928151e-01  1.23253487e-01  1.00473866e-01 -1.48233086e-01
 -6.75937580e-03  5.87176904e-02  1.05953149e-01 -1.40253484e-01
 -9.19951424e-02  8.46249685e-02  1.69807762e-01 -5.86502114e-03
  1.48961872e-01  6.61567524e-02  6.47818670e-02 -9.27312076e-02
 -1.49611002e-02 -1.13400824e-01  1.22059569e-01  1.34210169e-01
  8.68914928e-03 -3.14193666e-02 -1.16646498e-01  1.83275342e-01
 -1.50128230e-01 -1.97936341e-01  1.01522744e-01 -1.08156368e-01
  1.21651471e-01  6.68241009e-02 -5.65836765e-02  2.18878910e-02
 -2.23684055e-03  1.18257836e-01  1.31443977e-01  3.61794978e-02
 -8.21695030e-02  4.06464897e-02 -2.73349658e-02  8.16707835e-02]