http://erau.edu/ontology/meme.owl#SaintYoungMenMeme
[-1.12009019e-01 -1.69658810e-01  1.43880814e-01  1.03009187e-01
  6.83804229e-02  1.61688831e-02  1.89075321e-01 -1.74533844e-01
  1.03384571e-03 -1.34726048e-01  6.93980530e-02 -6.96246475e-02
  7.50900134e-02 -2.14949157e-03  3.03619802e-02 -4.64441860e-03
  9.97882336e-03  9.47630256e-02  5.92509694e-02  2.02620178e-01
 -8.77382979e-02  1.68031026e-02  1.84550315e-01 -1.01875067e-01
  9.72360596e-02 -1.02087520e-01 -1.54934496e-01  2.07535289e-02
  3.97868544e-01  1.36543930e-01  1.00069508e-01  2.25397751e-01
  7.52519295e-02 -1.50011480e-01 -3.49326804e-02  1.86656982e-01
 -4.87079211e-02  3.68731953e-02 -1.90457962e-02 -1.23082250e-01
 -1.71240285e-01  6.82356358e-02 -1.01128228e-01 -1.50055230e-01
 -1.50249107e-02 -3.86328548e-02 -6.53363168e-02  7.41842538e-02
 -1.23594450e-02  4.81789745e-02 -2.49355496e-03  3.79077494e-02
 -1.20870098e-01 -6.20678291e-02 -7.01156855e-02  6.82201982e-02
  1.40034154e-01 -1.56133249e-01  2.28988394e-01  6.42227605e-02
  5.36731295e-02 -6.57912344e-02  8.65359530e-02  9.81942117e-02
 -3.22284132e-01 -4.76984121e-02  1.02784246e-01 -7.06414878e-02
 -1.13452926e-01 -4.32461314e-02 -8.84675086e-02  8.44081342e-02
  1.05938353e-01  5.17882332e-02  3.40775214e-02  2.74407025e-02
 -1.01489961e-01  1.41778454e-01  1.47991553e-01  1.29802763e-01
 -5.11936806e-02 -2.34141164e-02 -8.77357647e-03 -1.98673248e-01
  6.80875331e-02 -1.24499507e-01 -6.60675392e-02  1.38868943e-01
  1.20300546e-01  3.61516438e-02 -4.06503007e-02 -1.97109267e-01
  7.75594860e-02 -1.46981359e-01 -6.22270145e-02  3.81464474e-02
 -8.28674808e-02 -1.29083380e-01  1.94304660e-02 -5.02147041e-02
  2.89264917e-02  3.56476381e-02  2.61769503e-01 -1.48028776e-01
 -8.30526799e-02  6.35511205e-02  1.42762914e-01  3.40384282e-02
  1.05837407e-03 -3.93293984e-02  1.37224169e-02  3.44457254e-02
 -1.39942795e-01 -4.56982031e-02  1.79682583e-01  1.89979896e-01
 -1.91053033e-01 -7.78395236e-02  8.44617188e-02  5.34021780e-02
  1.17519304e-01 -1.32181734e-01 -9.34352502e-02  1.06375348e-02
  7.27651343e-02  6.94374274e-03  4.55894321e-02  6.24009483e-02
 -2.16349447e-03 -2.38410779e-03 -1.95283696e-01 -3.30245718e-02
 -1.45422323e-02 -1.33438125e-01 -1.45867728e-02  7.24834651e-02
 -2.07635611e-01 -2.54675448e-02 -6.50870055e-02 -2.42010076e-02
 -1.65072381e-01 -1.14415966e-01  1.42261848e-01  5.93430102e-02
  2.36766376e-02 -1.87700674e-01  7.54051954e-02 -8.71859714e-02
  5.48434295e-02  1.80818707e-01 -4.76244725e-02 -2.18646720e-01
  1.12764798e-02  1.81096178e-02 -1.38659596e-01 -2.18985174e-02
 -9.40870494e-02  1.46990955e-01  7.78468028e-02 -9.38224867e-02
  1.21374642e-02 -1.82188198e-01  5.63375140e-03  6.22998364e-02
 -2.13902697e-01 -1.27078041e-01  7.23287538e-02  1.56763896e-01
 -2.59492069e-01  8.15353096e-02  8.16626591e-04  2.36018389e-01
  2.99651027e-01  6.30715936e-02 -9.34919342e-02  1.27804419e-02
 -3.80920656e-02 -9.22244564e-02  2.07508549e-01  1.85035579e-02
  2.32081534e-03  8.92062187e-02  1.30662605e-01  3.91808115e-02
 -1.76538199e-01  2.23714113e-03  7.27062821e-02  3.92419770e-02
  1.87311664e-01 -2.03208581e-01 -7.52830282e-02  1.61596462e-02
 -1.94934294e-01 -1.12120159e-01 -6.45014867e-02 -2.74963249e-02
  1.60775065e-01  2.27265552e-01 -1.07531488e-01  1.89340077e-02
  1.30186260e-01  1.07383179e-02  1.35931700e-01  9.66991484e-02
 -9.87518653e-02 -2.29588464e-01 -6.08069859e-02 -7.37863258e-02
  2.42298022e-01  1.20903194e-01  2.57946849e-01  1.25876158e-01
  2.26831418e-02 -5.86407818e-02  6.18932582e-02  1.02950476e-01
 -3.23887989e-02 -6.03809021e-02  1.43542871e-01  1.63745686e-01
  1.91938385e-01  1.70171008e-01 -9.69240442e-02  8.95894021e-02
 -1.14565939e-02 -1.31600164e-02 -1.47817299e-01 -8.46495479e-02
 -1.29649535e-01 -1.01188466e-01 -1.05993368e-01 -4.22532521e-02
 -9.34254602e-02 -1.70878366e-01  6.70528971e-03  5.92345521e-02
 -1.76122382e-01 -1.78150937e-01  7.77622387e-02  7.43422844e-03
  2.97048269e-03  5.06341942e-02  1.16233351e-02 -3.67679298e-02
 -2.99253315e-01  7.22753722e-03 -1.71550944e-01 -5.58703505e-02
 -1.85194477e-01  3.63635570e-02  7.18524754e-02 -6.25411496e-02
  2.02611625e-01 -5.36968326e-03  3.05496335e-01  3.75192007e-03
 -1.40126854e-01  2.16855779e-02 -4.11359482e-02 -1.08104441e-02
 -1.21827930e-01 -1.36327446e-01 -4.23193090e-02 -3.64007987e-02
  2.48401565e-03 -8.14760923e-02  2.03468964e-01  5.63730337e-02
  6.35990575e-02 -6.45643659e-03 -4.83175330e-02 -2.97859218e-02
 -1.24579154e-01  6.01871870e-03  1.09655425e-01  8.82029068e-03
 -2.70753447e-02 -2.07566638e-02 -5.43616340e-02 -1.23174623e-01
  2.16187220e-02  1.00914776e-01 -9.95459035e-02 -1.43732697e-01
 -6.71615079e-02 -7.81261083e-03 -2.19518259e-01  9.66569185e-02
 -2.40944158e-02 -9.70493183e-02  3.42885889e-02 -1.07855536e-01
 -2.15042140e-02  3.34161259e-02  3.65633667e-02  1.06619261e-02
  1.75747022e-01  2.68717185e-02 -1.27966940e-01 -1.05382681e-01
 -1.42598629e-01 -2.72436142e-02  1.86574012e-01 -3.11503895e-02
  3.61623950e-02  7.19710486e-03  2.31364891e-01 -5.93114421e-02
 -4.78240512e-02 -9.49749723e-02  1.73569620e-01 -2.89643764e-01
 -1.12120043e-02 -5.82148954e-02 -8.89889225e-02  1.67225823e-02
  6.77750036e-02  1.39851822e-02  1.16744079e-01 -1.09419279e-01
  8.98374096e-02 -1.37160122e-01  8.42026919e-02  2.01170772e-01
 -1.66686997e-02 -6.31555244e-02 -1.15306444e-01  6.82516396e-02
  1.45258516e-01  2.51156453e-04 -3.17049399e-02 -5.86999021e-02
  8.79444182e-02 -1.77245319e-03  1.18499100e-01 -2.03611270e-01
  1.78311393e-02  1.55934274e-01  6.10971712e-02  5.31337894e-02
 -1.25833772e-04  9.85001996e-02 -4.63993363e-02  4.73936535e-02
 -1.76577702e-01  1.10045165e-01 -1.63296103e-01  8.96459073e-02
 -6.58251299e-03 -1.06758796e-01  8.30553845e-02  3.15639414e-02
 -6.34291321e-02  1.49064362e-01 -1.61567956e-01 -5.34426980e-03
  1.15005448e-01 -5.66465817e-02  1.19860508e-01 -4.62693907e-02
  9.96453501e-03  2.49818176e-01 -1.12150768e-02 -2.00872332e-01
  9.97289121e-02 -8.62455294e-02 -5.11866249e-02  2.47167516e-02
 -7.89638236e-03 -2.21377555e-02 -1.52600050e-01 -2.14086436e-02
 -2.44082004e-01 -2.04350450e-03  1.18959948e-01  1.84932966e-02
 -8.67168605e-03 -2.98390314e-02 -2.76137441e-02 -1.29520983e-01
  3.88947576e-02  1.54553622e-01 -1.55275360e-01 -9.96978208e-02
  3.67143750e-02 -1.20831750e-01 -1.29597098e-01  1.28122374e-01
 -1.47275597e-01 -5.73617071e-02  5.31293377e-02  1.60739109e-01
 -7.12274686e-02  1.64018229e-01 -4.91849892e-02 -1.62478909e-01
  1.27744943e-01  1.51851997e-02  1.59633189e-01 -1.75443590e-01
 -1.06807575e-01 -9.75324884e-02  7.67346621e-02 -1.13780409e-01
 -5.80438003e-02 -7.00129047e-02 -1.07508011e-01  1.63362175e-01
  8.78169611e-02 -7.15888217e-02  2.32400522e-01 -5.25986589e-02
 -2.45158657e-01 -1.03702798e-01 -6.25552386e-02  1.48143560e-01
 -1.02725342e-01  4.72969338e-02 -2.64894906e-02 -4.75937091e-02
  1.20978929e-01  7.11227907e-03 -3.74250524e-02 -8.24392065e-02
  6.02051541e-02 -1.25310436e-01 -5.23227789e-02 -6.17714971e-02
  4.75296564e-02 -7.13251764e-03  1.16468668e-01  1.65703863e-01
  1.11649342e-01  7.08422959e-02  1.45642623e-01  2.02496484e-01
  1.10539667e-01 -1.71076968e-01 -7.51716346e-02  1.03410766e-01
  1.36010319e-01  1.90306544e-01 -1.15897737e-01  2.97000408e-01
 -2.32613862e-01 -1.07995562e-01 -2.11983547e-01 -6.95172176e-02
 -1.09386429e-01  6.64156526e-02 -5.81945200e-03  7.61602074e-02
  2.42751598e-01 -2.45553330e-02  2.02473581e-01  2.44296547e-02
  1.60011187e-01 -7.33721405e-02  5.00153489e-02 -4.77531888e-02
  1.09803818e-01  1.08144671e-01  1.74755361e-02 -3.34332101e-02
  4.11261953e-02  8.27206895e-02  9.11512238e-04 -1.48756936e-01
 -2.22146492e-02  1.15726098e-01  3.59669402e-02 -1.95756019e-03
  2.90555749e-02  1.74441323e-01 -5.48002087e-02 -1.72797248e-01
  1.59257784e-01 -2.23630756e-01 -2.17277817e-02  1.29897654e-01
 -2.45221891e-02  4.54677045e-02 -1.04712816e-02  9.34565291e-02
 -1.50356695e-01 -2.28454322e-01 -1.49596727e-03  9.38655250e-03
  1.06184393e-01  9.89475995e-02  7.52310604e-02  5.13593443e-02
  6.24854453e-02  1.79448634e-01  6.88206591e-03  1.39868528e-01
  1.18896388e-01 -2.23480910e-01  1.26875877e-01  6.07679933e-02]