http://erau.edu/ontology/meme.owl#JuliensBlogBattleMeme
[-1.18232267e-02 -1.74853504e-01 -4.83888648e-02  2.35759653e-02
 -4.09799032e-02  1.45612918e-02  1.16122551e-01 -2.02702936e-02
  5.88575080e-02  4.74748127e-02  1.72452539e-01 -7.90002719e-02
 -2.30840454e-03  8.73558447e-02 -6.77489256e-03 -1.74760491e-01
  1.95874479e-02  9.89777669e-02 -6.30032346e-02  5.60293347e-02
 -1.48860946e-01  5.17603047e-02  1.10753573e-01 -1.35688111e-01
  1.07954713e-02  6.71950132e-02 -5.56833260e-02  9.03037842e-03
  2.73167372e-01  1.12726726e-01  2.26667207e-02  1.52251631e-01
  2.06853189e-02 -1.19586708e-02  6.25330284e-02  1.69785559e-01
  6.35718629e-02  6.08826540e-02  7.80746620e-03 -4.00802158e-02
 -1.11551611e-02  1.35310724e-01 -1.34566844e-01 -1.51429856e-02
  1.70799978e-02  2.12464109e-02  4.76816818e-02 -6.86369091e-02
 -8.53507444e-02  1.89680643e-02 -4.83739451e-02 -1.69609170e-02
 -4.86315824e-02 -1.85817137e-01 -1.39259562e-01 -3.26724127e-02
  3.54419537e-02 -6.23549186e-02  2.34295890e-01  3.02770268e-02
 -1.23701289e-01  1.23962974e-02  1.08592845e-02  9.60916653e-02
 -1.17552660e-01 -5.33276089e-02 -3.40020992e-02  2.70983553e-03
 -9.64872912e-02 -9.36505795e-02 -1.97200701e-01  1.89986285e-02
  6.92069083e-02  1.37794256e-01  6.18754886e-02  6.38709813e-02
 -8.84400532e-02 -8.13370720e-02  1.51164040e-01  1.13162224e-03
 -1.27872080e-01 -6.81012124e-02 -1.71439648e-01 -2.29003161e-01
  9.43087507e-03 -6.40267581e-02 -1.10142604e-01 -6.61449088e-03
  5.71659673e-03  2.00972855e-02  1.85627341e-02 -2.37259105e-01
  3.19996960e-02  2.36949176e-02 -5.78184165e-02  8.95639211e-02
 -9.37173422e-03 -4.31870595e-02 -9.94750932e-02 -5.41315638e-02
  1.59458723e-02  6.46012649e-03  2.47911066e-01 -1.72074527e-01
  3.79698817e-03  5.62340617e-02  8.06566328e-02 -2.30095138e-05
  3.46250758e-02 -1.52756050e-01  6.52820468e-02  1.24435820e-01
 -6.81935027e-02 -1.44980133e-01  9.83872861e-02  1.82502288e-02
 -2.29990199e-01 -1.16324328e-01  1.27900764e-01  1.29404664e-01
 -1.38817742e-01 -2.08787266e-02 -3.84115316e-02  5.13410755e-02
  9.95905325e-02  4.52812500e-02  5.91046363e-02 -2.85125002e-02
  5.96868619e-02  1.08078137e-01 -1.88061237e-01 -1.55280441e-01
  9.57597196e-02 -2.41769738e-02 -6.56595081e-02  1.77662686e-01
  4.39027473e-02 -7.59622157e-02 -2.02751920e-01  7.76421204e-02
 -2.75688767e-01  1.50090992e-01  1.20203696e-01  1.01986177e-01
  8.65088850e-02 -1.91463947e-01 -3.70144136e-02 -1.74095899e-01
 -1.22135468e-01  8.25342834e-02  9.43559259e-02 -8.80346224e-02
  9.20783915e-03  1.00027405e-01  1.17843345e-01  1.35387018e-01
 -1.52555913e-01  2.47391731e-01  2.16992218e-02 -1.68710604e-01
  9.92005691e-02  9.12381988e-03  2.46183190e-04 -4.58728559e-02
 -2.18612045e-01 -1.12721346e-01  7.67519027e-02  1.65086389e-01
 -3.68414879e-01  1.30574927e-01  1.17503531e-01  2.47857142e-02
  9.03791338e-02  2.40468264e-01 -7.06702545e-02  3.91167402e-02
  3.96672590e-03 -3.25370245e-02  1.50906771e-01  3.44475359e-02
 -7.58193582e-02  4.56539430e-02 -5.45299724e-02 -8.23265836e-02
 -2.95524001e-02  5.70188574e-02 -6.95200861e-02  7.98495784e-02
  1.66325197e-01  1.92751363e-02  8.00294578e-02 -5.79776429e-02
 -2.64054954e-01 -1.73660412e-01 -9.32747722e-02  1.56669393e-02
 -4.69066352e-02  1.65969908e-01 -8.56655911e-02 -5.82541004e-02
 -1.08355517e-02 -2.70838328e-02  2.52381247e-02 -7.67274052e-02
 -6.83134943e-02 -2.22431600e-01 -4.03223597e-02 -2.79056337e-02
  9.06331539e-02  1.09510705e-01  2.77985722e-01  1.83673158e-01
  1.61260292e-02  1.66030247e-02 -2.93818898e-02  8.09386652e-03
 -1.44933864e-01 -7.13019818e-02  9.17726159e-02  1.02565303e-01
  1.42877877e-01  1.37191743e-01 -9.01483223e-02  6.80138618e-02
  6.45554438e-02  1.98685974e-02 -6.78160638e-02 -3.76075208e-02
 -8.46711099e-02  2.17151996e-02  1.66448787e-01  1.46880880e-01
  5.00531541e-03 -9.77354497e-02 -9.01483521e-02  7.16070738e-03
 -4.52559702e-02 -3.46131250e-02  1.18228555e-01  3.35423052e-02
 -3.41450013e-02 -7.58382827e-02 -2.61161644e-02 -1.22493938e-01
 -2.63666242e-01 -1.44684881e-01 -1.93019405e-01 -9.22187604e-03
  6.43494651e-02  3.81313972e-02  3.21581811e-02  4.52949293e-02
  1.52814165e-01  4.44005728e-02  1.86617672e-01 -6.74578547e-02
 -1.59210011e-01 -7.32708946e-02  8.80129859e-02 -4.71084118e-02
 -1.47011146e-01 -8.19231719e-02 -8.36149901e-02 -1.73864022e-01
 -4.14404348e-02 -2.22923711e-01 -1.16353288e-01  5.25163598e-02
  9.69520062e-02 -1.63123906e-01 -4.38435823e-02 -7.44854882e-02
 -6.18538596e-02  7.91814253e-02  1.26694739e-01 -9.12094712e-02
  7.89038371e-03 -1.05783958e-02 -1.03225291e-01 -4.39591184e-02
  9.15911496e-02  6.11399151e-02 -8.11211541e-02 -2.03467868e-02
 -2.02681169e-01  6.93959147e-02 -1.22822851e-01  9.22306776e-02
  3.83991632e-03 -9.46801975e-02  9.81765091e-02 -1.82421207e-01
 -3.54354903e-02 -4.42538522e-02 -4.03584959e-03 -3.02270260e-02
  1.34449393e-01  2.13091215e-03 -2.15726510e-01 -1.81469411e-01
 -2.28664532e-01  4.99295928e-02  3.24390791e-02  1.54083846e-02
 -5.52676804e-02 -7.68089220e-02  7.12090656e-02  5.63451499e-02
 -8.27573240e-03  1.25077376e-02  2.75608748e-01 -2.01148167e-01
 -7.44854212e-02  5.71716018e-02  2.07641311e-02  1.09983169e-01
 -3.83355767e-02 -2.15403130e-03  7.48285800e-02 -1.12325005e-01
  3.93878967e-02 -1.96556300e-01  1.79365054e-01  1.84836373e-01
  5.34095839e-02  1.02268923e-02 -1.88081175e-01 -3.28069963e-02
  1.03811093e-01  5.90637848e-02  3.47037166e-02 -3.09282988e-02
 -6.27701655e-02 -9.27846581e-02  5.96853197e-02 -2.03650892e-01
  1.27041027e-01  1.08497806e-01  3.79685983e-02  2.11988948e-03
  8.41956399e-03  9.12816972e-02 -1.85809821e-01 -1.07141532e-01
 -1.33782038e-02 -7.49159977e-02  2.12818086e-02  8.62224922e-02
  3.34314182e-02 -2.33074799e-01 -4.77482118e-02  3.07978056e-02
 -6.51031807e-02  1.94909021e-01 -7.46535286e-02  9.55274925e-02
  8.90068114e-02 -5.64296730e-02  2.18136922e-01 -6.59281611e-02
 -6.50513172e-02  1.39586598e-01 -1.25073373e-01  1.35866543e-02
  7.91992247e-02 -6.27782047e-02 -8.11653882e-02 -4.27840650e-02
 -4.04794738e-02 -3.73361893e-02  3.02349553e-02 -1.72763288e-01
 -2.33320177e-01  1.38206676e-01  1.31775206e-02 -3.24497595e-02
 -1.14741430e-01  6.80957511e-02 -1.89274669e-01  3.60484906e-02
  1.14169203e-01  2.49742493e-01 -1.78845018e-01 -1.25201210e-01
  1.13644592e-01 -1.95672452e-01 -3.45743038e-02  1.01497144e-01
 -8.96332711e-02 -1.35366753e-01 -1.87454056e-02  6.29075319e-02
 -9.75841507e-02  2.59718806e-01 -1.39558971e-01 -1.86318442e-01
  4.93706986e-02  1.34725779e-01  3.00580889e-01 -1.32481351e-01
 -1.33197661e-02 -1.60946637e-01 -4.97864708e-02 -3.32277000e-01
 -1.36503680e-02 -1.19107449e-02  1.06485493e-01  4.70830590e-01
  1.20144248e-01  5.51820695e-02  2.09528938e-01 -1.22177564e-01
 -1.06568776e-01 -1.39941489e-02 -1.71935529e-01  1.36028349e-01
 -5.02276123e-02 -1.48614019e-01 -9.52021102e-04  5.37292361e-02
  5.12766652e-02  4.83922400e-02 -2.03439593e-01 -2.19581462e-02
  2.08062921e-02 -1.88726902e-01 -2.82958671e-02  1.61838219e-01
 -3.82565260e-02 -7.02870563e-02  3.98345664e-02  1.62666410e-01
  5.51909395e-02 -1.13301344e-01  9.14557949e-02  1.40379265e-01
 -6.63115680e-02 -2.66920086e-02  5.70886135e-02  1.62119910e-01
  1.04274422e-01 -3.11679323e-03 -1.01810489e-02  2.32482910e-01
 -3.63851301e-02 -7.64218643e-02 -2.17155635e-01 -1.66496813e-01
 -7.06399083e-02 -2.21443791e-02  8.50940496e-02  6.02220781e-02
 -1.07716406e-02  8.14486146e-02  2.03279868e-01 -1.73752587e-02
  6.53045923e-02  6.51759282e-02  1.06711753e-01 -1.44726127e-01
  1.08708262e-01  1.56837851e-02  5.81654161e-02 -1.25113070e-01
 -3.92017700e-02  1.08001761e-01 -4.07450311e-02 -1.00597896e-01
  3.44880559e-02  9.29274186e-02  2.24155650e-01 -4.29734495e-03
  1.49576694e-01  4.87750545e-02  2.65318770e-02 -1.44503087e-01
  8.31969082e-02 -1.35414854e-01 -6.98291063e-02  2.28248435e-04
  3.54270004e-02  9.00809020e-02 -1.07095279e-01  1.89662009e-01
 -9.08009335e-02 -1.85184211e-01  1.17214341e-02 -4.58503738e-02
  9.91831869e-02  4.07206565e-02 -9.65705737e-02 -3.69399972e-02
  5.86428903e-02 -6.04532138e-02  5.26301637e-02 -3.68368365e-02
 -3.46409790e-02 -1.32000998e-01  6.09377548e-02  4.36325669e-02]