http://erau.edu/ontology/meme.owl#25ThingsAboutMeMeme
[-0.09936365 -0.01318989  0.07039049  0.12675484  0.04370985  0.0448539
 -0.07696245  0.0384276   0.08987257 -0.21935408 -0.12078821  0.27719668
  0.19493686  0.14997514 -0.05994871 -0.18319337 -0.10025608 -0.07091432
  0.03115238 -0.05196707 -0.01329687  0.16946295 -0.0368557   0.13597241
  0.03402224 -0.18460932 -0.00578221 -0.02049535  0.03790669 -0.06876422
 -0.21588394 -0.07730526 -0.14836521 -0.02295252 -0.1192995   0.05271539
 -0.14519937  0.11706204  0.04321032  0.23127547  0.07407291  0.02922929
 -0.260172   -0.02916996 -0.21358344 -0.05719232  0.0761911  -0.17493352
  0.04650183 -0.16993397 -0.00397536  0.17172137  0.20755298  0.00648152
 -0.1809601   0.22965024 -0.07416829 -0.01467189  0.11174408  0.17219555
  0.1788626  -0.16638212  0.01872114  0.03547846 -0.06111429 -0.04156768
 -0.11754285 -0.06418625  0.10891198 -0.09634493  0.13993235 -0.01803666
 -0.02021367 -0.00930434 -0.2031747  -0.07336622 -0.03992983 -0.10690705
 -0.02980005 -0.11528105  0.1508673   0.18118267 -0.26152417 -0.10074119
 -0.05146026  0.01399209  0.12227759  0.05168557 -0.02648849  0.2577795
 -0.0991043  -0.00845103 -0.21111095 -0.02123576  0.05075847 -0.07907671
 -0.04680301  0.26607457  0.02007726 -0.02310068  0.09929878 -0.05382383
 -0.08604951  0.02613933  0.13751878 -0.00482635  0.08203317  0.1842741
  0.10321482 -0.01797071  0.18431535  0.11678354  0.03074596  0.02729868
  0.16479607 -0.12899476  0.03849567 -0.00848563 -0.13354214 -0.01194445
 -0.0021139   0.15222785  0.01235366  0.01101372 -0.19815354 -0.23181868
 -0.01759694  0.1464994  -0.2169684  -0.14127646 -0.03206375  0.04257765
  0.01911011 -0.171952    0.09630214 -0.09703875  0.10698032  0.03147911
  0.03814224 -0.00231342 -0.07500312 -0.00214861 -0.06173734  0.06343132
  0.01594766  0.03105394 -0.0516321  -0.12279564 -0.09933127 -0.02274134
  0.07235332  0.0331209  -0.15284306 -0.12863399 -0.10130161 -0.13296902
  0.03782515 -0.00746727 -0.06865198 -0.05040599  0.06923552  0.23157693
  0.0968501   0.01957878 -0.11209643 -0.10720257  0.00895676  0.13714354
 -0.17425701 -0.04348962 -0.03098377 -0.02002648 -0.02708067  0.18643625
  0.12098748 -0.0095787   0.06074577  0.03312089  0.02045592 -0.03014688
 -0.17809199 -0.0825022  -0.0253379  -0.0285038  -0.02412564 -0.01749425
 -0.17753167  0.03553637  0.12725039  0.12588805 -0.00132075  0.23590493
  0.19668727  0.12366247 -0.11738349 -0.0198733  -0.07179779 -0.05252333
 -0.13180073  0.17344907]