http://erau.edu/ontology/meme.owl#LEGOMeme
[-0.10723802 -0.08223098  0.00844833  0.0169095   0.13089518 -0.00624469
  0.07253137 -0.03333764  0.14821276 -0.07556571  0.03042117 -0.09515251
 -0.04532607  0.02805215 -0.10978101 -0.08012746 -0.02955554  0.06825066
 -0.19136268  0.0255583  -0.24941595  0.27351925  0.02786661 -0.12834021
  0.06270009  0.01654384  0.15969284 -0.11798557  0.20610996  0.0309038
  0.00065965  0.04122058  0.11387816 -0.08262668 -0.17695272  0.34948763
 -0.01590869  0.05640031  0.0111504  -0.05879941 -0.10888673  0.15366395
 -0.3591707  -0.04281727  0.04362473  0.0709828   0.04393221 -0.17566971
  0.05921722  0.06303751  0.10108849  0.00191738 -0.13537706 -0.03980866
 -0.16735908 -0.15467283  0.03939398 -0.11250083  0.15137988 -0.04399814
 -0.01703328 -0.10901986  0.09360377  0.1232378  -0.02904285 -0.12908101
 -0.1568556  -0.1527889  -0.11639181 -0.19525473 -0.16312408  0.21335322
  0.1870337   0.18164305  0.02389372  0.20266077 -0.2224557   0.04356219
  0.11955108  0.0088742  -0.02300478 -0.12826064 -0.14422531 -0.28258598
  0.00286596 -0.04125706 -0.03684442 -0.0740888   0.05324571 -0.05765682
 -0.11801049 -0.36028805  0.17605941 -0.07669567  0.00646825 -0.013437
  0.04621356 -0.12190886 -0.05882457 -0.05127021  0.03328515  0.03167091
  0.34838754 -0.13724644 -0.03910292 -0.03950273  0.28338885 -0.04737978
  0.04678612 -0.13965912  0.06656475  0.05481407 -0.01516322 -0.21423808
  0.06635451  0.1014868  -0.29933184 -0.12848495 -0.00061491  0.14378458
 -0.1567337  -0.10603501 -0.0447546   0.040559    0.12547603 -0.01365776
  0.06328299  0.04162502  0.19777264 -0.04844058 -0.08653041  0.02951978
  0.09608825 -0.14977063  0.04847701  0.19616905 -0.09415507  0.07893327
 -0.23462147  0.04558499 -0.22679004  0.15340324  0.11394947  0.13667837
  0.17360272 -0.20477892 -0.02484723  0.01498308 -0.1417492   0.1520618
 -0.01329296  0.05620668 -0.02614218 -0.04179747 -0.08336747 -0.00913716
 -0.17467803  0.20477338 -0.010655   -0.18396088  0.01420752 -0.16888149
 -0.10909142 -0.16658668 -0.12772775 -0.03464124  0.03262764  0.14451429
 -0.21431099  0.03047135  0.02160096  0.02976608  0.2718524   0.30417505
 -0.10499019 -0.0201049  -0.01300575 -0.0602061   0.1668157  -0.03448246
 -0.11826826  0.24468365 -0.0195364  -0.03148291 -0.0831111  -0.0949
  0.07768984  0.08544071  0.18689083  0.04207158  0.07594031  0.04772842
 -0.12577394 -0.04899724 -0.0204116   0.03140755  0.02123031  0.00094413
 -0.03988973  0.04132121  0.06390212 -0.00201484 -0.06099077 -0.05201303
 -0.0942728  -0.16944897 -0.11965017  0.05631907  0.09146576  0.08374507
  0.10449447  0.07834788  0.08376213 -0.11486354  0.03190685 -0.07348765
  0.02116606  0.02800228  0.20366514  0.08581418  0.16033073  0.11629741
 -0.04379804  0.11237598 -0.01805433 -0.06097129  0.06134848 -0.04892101
  0.00713264 -0.02189969  0.11955623  0.03807186 -0.02477885 -0.09871269
  0.01399204  0.12456463  0.00166913  0.01606849 -0.05029608  0.06653529
  0.04173693 -0.07798772 -0.03922087 -0.07658775 -0.16703439 -0.00517892
 -0.20664562  0.01441188 -0.06548563  0.05675422 -0.05942267  0.0308426
  0.02429674  0.01149163  0.32422394  0.09972591  0.01374579  0.02531432
  0.00221719  0.0065511  -0.0873845  -0.17259298 -0.06049584  0.01993084
 -0.1569315  -0.12963346  0.05059738  0.18249208  0.13507786 -0.03370162
 -0.05338939 -0.02318954 -0.01923621  0.13288324  0.14404123 -0.1419472
  0.11278954 -0.00788032 -0.04926605 -0.01182361  0.05174962  0.13710457
 -0.03429257 -0.06179488  0.01825002  0.06444419 -0.10193917  0.07510165
 -0.02522082 -0.17840931 -0.04818798 -0.08409256  0.08453821 -0.07497539
  0.02229388  0.12471373  0.01992409 -0.04861238  0.038641   -0.136479
 -0.08124178 -0.04651999 -0.00791239 -0.01655008 -0.05086567  0.02225951
 -0.02568639  0.04106383  0.04754246  0.02245823  0.0467646  -0.09341116
 -0.09564906  0.10202225 -0.01419217  0.151689   -0.1153663   0.00706536
  0.06069313 -0.20830317  0.10499377 -0.09673358  0.190507    0.13818794
  0.04475135 -0.00327438 -0.14256147 -0.04083564  0.06629732  0.08429856
  0.03022725 -0.05493468  0.06042429 -0.09651288  0.06066927 -0.2125405
  0.11315981 -0.08996539  0.04577002  0.15050831 -0.0367529  -0.05057075
 -0.04412309 -0.1958984  -0.04978004 -0.01968553  0.01830224 -0.06853665
  0.07664189 -0.21738823 -0.04870891  0.07746042 -0.27346385  0.131537
 -0.13676323 -0.08981606  0.11533239 -0.02746416  0.122338   -0.01041842
 -0.01705709  0.11217815 -0.16100757 -0.05178339  0.10530424 -0.1694887
 -0.01258274  0.03683924  0.01259917  0.02150578  0.11417193 -0.16485158
 -0.16056159  0.08378045  0.010765   -0.05580989 -0.15631527  0.0047405
 -0.11652859  0.06160378  0.0330072   0.23958385 -0.19397539 -0.13813263
  0.10876528 -0.05696316 -0.03894861  0.10572837 -0.05344806 -0.07588895
 -0.01902821  0.05786354  0.00290563  0.09250334 -0.05051944 -0.03697999
 -0.08400965  0.08748847  0.2680687  -0.00314148  0.03677779 -0.02881152
 -0.00300091 -0.12525715 -0.16720645  0.1127344  -0.0573919   0.1017916
  0.0875275   0.11725918  0.12081727 -0.16397946 -0.01190593 -0.01832089
  0.00261778 -0.0391875  -0.06775574 -0.12934291 -0.0136133   0.03172914
  0.02699433 -0.09176558 -0.0939871   0.05031577 -0.11824821 -0.26082796
 -0.11696719  0.18739615  0.23102686 -0.11763155  0.14171319  0.24058296
  0.05837114 -0.07496597  0.20000906  0.24603505  0.02320798 -0.15416385
  0.1352541   0.13925198  0.0638653   0.12371794 -0.12144883  0.35317928
 -0.3404792  -0.07965966 -0.18028319 -0.0932025  -0.15858455  0.1319996
  0.00690148 -0.02950684  0.14687175 -0.10122811  0.19635579 -0.11496112
  0.06343127  0.03903265 -0.05247235 -0.11184638  0.09693691  0.16018021
  0.19709088 -0.20221849  0.01071026  0.18088299 -0.03680035 -0.11631168
  0.02764685  0.04002362  0.2301125   0.04148867  0.2898215   0.24994275
  0.07317506 -0.17758219  0.13537416 -0.18097702 -0.04895062  0.04657995
  0.15125225  0.01241933 -0.0863506   0.32201117 -0.24283744 -0.2033117
 -0.06158641 -0.06499062  0.16028887 -0.0340303  -0.19253789 -0.06134353
 -0.03277201 -0.04044265  0.19398169 -0.07340512 -0.19206576 -0.07173878
 -0.0577205   0.10864604]