http://erau.edu/ontology/meme.owl#DestinyMeme
[-1.49114713e-01 -1.01842329e-01  1.09289296e-01  9.81297716e-03
 -3.43646780e-02  7.68868476e-02  2.12952867e-01  6.63999021e-02
 -1.32640719e-03 -2.04141960e-01  3.09186354e-02 -2.17847563e-02
  5.29190972e-02 -2.78149024e-02 -2.42827218e-02  3.92727926e-02
  4.97726128e-02  4.09743711e-02  6.78155124e-02  1.64393678e-01
 -1.10745430e-01 -2.05086991e-02  6.47250637e-02 -1.31489471e-01
  1.06263958e-01 -7.82803521e-02 -5.53794913e-02 -3.70864980e-02
  2.97123253e-01  9.71901342e-02  1.63123667e-01  1.88282728e-01
  2.02894099e-02 -1.02345750e-01  1.52098788e-02  1.80682704e-01
 -9.07784626e-02  8.27829838e-02  7.32304379e-02 -6.31285608e-02
 -4.79423329e-02  2.22581103e-01 -1.21100202e-01  2.47449409e-02
  1.25179023e-01 -5.91200180e-02 -3.84040847e-02  5.21564670e-02
 -1.66029874e-02  9.30903666e-03  7.84077644e-02 -1.92720424e-02
 -8.91416445e-02 -1.04515620e-01 -8.08825791e-02 -3.09902430e-02
  1.12115584e-01 -7.19338655e-02  1.04071237e-01  3.32262404e-02
 -3.92536931e-02 -2.72140149e-02  9.84746069e-02  2.29630414e-02
 -1.17093541e-01 -3.67297791e-02  1.02575213e-01 -4.37902138e-02
 -1.14060454e-01 -6.75780550e-02 -1.04146667e-01  1.09036438e-01
  8.00032839e-02 -2.64281258e-02 -7.92614277e-03  1.02856889e-01
 -4.07288633e-02  1.45152003e-01  7.74881765e-02  7.96594620e-02
 -1.85984708e-02  3.68347242e-02 -2.37576365e-02 -1.91709876e-01
  5.31534441e-02 -6.28830567e-02 -1.11761905e-01  1.12750322e-01
  4.89158295e-02 -7.13725761e-02  2.86648311e-02 -1.12669803e-01
  9.99883935e-02 -1.15996867e-01  2.19833050e-02  3.74321602e-02
 -7.61050582e-02 -1.07530672e-02 -8.85791332e-02 -6.26823157e-02
  8.22514594e-02  3.23732384e-02  2.74938792e-01 -1.56867057e-01
 -5.09003475e-02  7.00820191e-03  1.38593480e-01  2.98772268e-02
  4.32307497e-02 -4.35335636e-02  4.41966914e-02 -1.14700347e-02
 -1.68795913e-01 -7.21660256e-02  2.13278849e-02  2.04417720e-01
 -2.03667939e-01 -1.11604594e-01  3.60076167e-02  5.77068664e-02
  1.06669338e-02 -4.61192206e-02 -1.05352566e-01  1.59602687e-01
  1.68843791e-01 -4.83689159e-02  5.12422994e-02 -9.07706283e-03
  3.60411070e-02  8.12066123e-02 -2.23811567e-01 -2.56296303e-02
 -6.44974457e-03 -5.71075305e-02 -1.23506963e-01  4.33733016e-02
 -4.15835753e-02 -3.57592478e-02 -1.13849036e-01  1.21817134e-01
 -2.21639022e-01 -3.98275964e-02  1.36389658e-01  2.24598609e-02
  1.09403677e-01 -1.77929834e-01  8.17370489e-02 -8.87036920e-02
 -5.19544482e-02  1.67044088e-01 -5.58115058e-02 -1.37691170e-01
  3.34184407e-03  1.17719896e-01 -8.27151239e-02  3.63303795e-02
 -7.19385892e-02  1.89703152e-01  7.62777105e-02 -4.16800901e-02
 -2.73529571e-02 -1.06542774e-01  3.03274896e-02 -7.45265707e-02
 -1.40043080e-01 -1.66917935e-01  4.49721068e-02  5.07883728e-02
 -2.88202882e-01  1.04449086e-01  1.45541066e-02  1.69338584e-01
  1.00806758e-01  5.14263138e-02 -5.80468364e-02 -1.62000526e-02
 -1.13681987e-01 -8.43147039e-02  2.99168359e-02  7.20454054e-03
  1.03093563e-02  9.64773297e-02  4.98627499e-02  3.56175378e-02
 -4.01268713e-02  3.45237344e-03  1.42209724e-01  2.16847118e-02
  1.75406858e-01 -4.98802327e-02 -5.21657504e-02 -9.10311863e-02
 -1.88288212e-01 -2.90859547e-02  2.90555898e-02 -3.50430124e-02
  1.52193559e-02  1.39286563e-01 -8.57208520e-02 -5.99273518e-02
  3.72630395e-02 -6.74973615e-03  3.16745043e-02  6.25845417e-02
  7.65601546e-03 -2.42457643e-01  3.24000255e-03 -5.14779426e-02
  9.78484377e-02  1.07452184e-01  2.72919536e-01  2.98165977e-02
  2.20635440e-02 -1.94030385e-02  4.84236330e-02  6.94080740e-02
 -7.71239549e-02 -3.14239375e-02  1.04290828e-01  1.44125402e-01
  1.27347127e-01  1.39416173e-01 -4.74995375e-02  6.08771220e-02
 -6.07194752e-02  5.25819622e-02 -1.32293269e-01 -9.86862630e-02
 -4.52407263e-02 -2.01484896e-02  3.66283059e-02 -1.34839425e-02
 -6.31837621e-02 -5.05573861e-02  2.02123802e-02  4.72428277e-02
 -1.65308788e-01 -1.42763471e-02  5.44305034e-02 -6.50918530e-03
 -8.92761052e-02 -2.95456336e-03  7.20360503e-02 -7.40275979e-02
 -1.24530025e-01 -1.49343237e-02 -1.51103720e-01 -6.58426732e-02
 -4.07933407e-02 -4.27358830e-03  4.26279828e-02 -5.43003604e-02
  1.49486303e-01  4.76486273e-02  1.25792071e-01 -6.70804232e-02
 -1.86580375e-01 -6.96280524e-02  4.70711328e-02 -4.80252877e-02
 -9.99279544e-02 -7.80714303e-02 -5.53449281e-02 -1.29789397e-01
 -4.66853455e-02 -1.36179566e-01  6.45609647e-02  7.29498565e-02
  4.40815315e-02 -7.36565366e-02  3.04267928e-02 -7.16483667e-02
 -1.07501559e-01  4.87561300e-02  6.60134777e-02  2.90721888e-03
  1.24825668e-02 -5.48885167e-02 -2.52091698e-02  1.27073908e-02
  1.65759511e-02  1.92556411e-01 -7.89510272e-03 -1.07746907e-01
 -1.70370623e-01 -1.98190976e-02 -4.48205881e-02 -3.06578334e-02
  4.23449427e-02 -1.75170898e-01  4.61000577e-02 -1.24513552e-01
 -7.23966584e-02  1.27290515e-02 -1.27809606e-02  7.47505808e-03
  2.02599186e-02  7.85703808e-02 -3.33792344e-02 -4.89168465e-02
 -1.68751702e-01  5.51137812e-02  1.02306791e-01  2.84917038e-02
 -4.29393910e-02 -4.34140004e-02  2.06243083e-01  5.00284620e-02
 -1.01594232e-01 -2.55003460e-02  2.35230654e-01 -1.66622713e-01
  7.61835044e-03  8.02023560e-02 -8.14516023e-02  3.07158958e-02
 -7.57212937e-03 -1.58767868e-02  2.00527124e-02 -8.78903493e-02
  8.23415220e-02 -1.82569653e-01  1.01443648e-01  1.53211266e-01
  3.03977858e-02 -4.86441217e-02 -1.60873502e-01  7.02517182e-02
  7.14243650e-02 -8.01853603e-04 -6.52763769e-02 -8.99007991e-02
  2.86654513e-02 -3.43031064e-02  1.96744073e-02 -1.53606758e-01
  4.82256711e-02  7.52253979e-02  2.85181962e-02  6.46838266e-03
  1.49828775e-04  2.11118251e-01 -3.74044366e-02 -3.41809914e-02
 -1.30713835e-01 -3.40362708e-03 -1.01726227e-01  2.62667742e-02
 -3.80848609e-02 -2.70928852e-02  2.75028851e-02  7.21734390e-02
 -8.90508741e-02  9.94542539e-02 -1.30184531e-01  7.91270435e-02
  3.31036150e-02 -2.96440255e-03  7.65076503e-02 -7.04557821e-02
 -1.09051839e-01  7.89075866e-02  3.99356522e-02  2.30175052e-02
  6.11936077e-02  3.46399099e-02 -1.15207382e-01  8.82137120e-02
  8.22511986e-02  2.97773839e-03 -3.00838109e-02 -6.96997270e-02
 -1.87908366e-01  5.76786324e-02  9.01981741e-02 -3.82055305e-02
 -4.26717214e-02 -3.08845472e-02 -4.52285912e-03  2.90704537e-02
 -3.05223484e-02  1.65861532e-01 -1.36700543e-02 -5.38814738e-02
  8.75078514e-03 -1.34540722e-01 -1.08819835e-01  7.96847716e-02
 -1.75997280e-02 -4.16841842e-02  9.52361003e-02  1.19449861e-01
 -2.50999499e-02  2.00067937e-01 -1.20553682e-02 -1.53609663e-01
 -4.56682928e-02  3.01970523e-02  1.98119611e-01 -5.40629737e-02
 -8.81606638e-02 -1.32752463e-01  3.93908434e-02 -1.64521053e-01
 -1.33440077e-01 -1.61263738e-02 -8.50117877e-02  2.24667013e-01
  3.96128595e-02  8.03762674e-02  5.10853045e-02 -8.96238461e-02
 -1.81811661e-01  4.82723527e-02 -1.08378470e-01  7.70543516e-02
 -1.15556970e-01 -4.65847738e-02 -3.85690294e-02  6.63846955e-02
  1.45442799e-01  2.95365248e-02 -1.42206445e-01 -1.40340375e-02
  6.03679717e-02 -6.35821223e-02  1.99587308e-02  2.32467055e-02
  7.32965469e-02 -2.22037919e-02 -1.26135554e-02  1.51294097e-01
  1.10407338e-01 -9.15306360e-02  1.52949139e-01  1.18316561e-01
  1.22495636e-01 -4.00068648e-02 -1.35053862e-02  1.21670313e-01
  1.98833346e-01  1.06412232e-01 -1.61531925e-01  2.62489408e-01
 -1.91921026e-01 -9.47068557e-02 -2.71130294e-01 -5.19742295e-02
 -8.18430334e-02 -5.57276560e-03  5.61740957e-02  1.82104692e-01
  1.02304384e-01  1.81365814e-02  1.10852405e-01 -3.35379690e-03
  1.55570358e-01 -2.54192911e-02  4.38703550e-03 -9.22281411e-04
  1.00260518e-01  4.56978101e-03  3.13399881e-02 -1.16854794e-01
  2.83131339e-02  9.17469785e-02  3.17598693e-02 -1.15566738e-01
 -2.07217690e-02  3.96176577e-02  1.68917313e-01  2.53558345e-02
  1.14799775e-01  1.53360695e-01 -1.13515125e-03 -9.03263539e-02
  6.88090697e-02 -1.83806285e-01 -1.17782928e-01  9.92250293e-02
 -1.37765080e-01  4.35491428e-02 -4.79402691e-02  2.26456776e-01
 -1.00578129e-01 -1.48815528e-01  1.07883168e-02  7.66596664e-03
  9.67269018e-02  7.74265155e-02 -6.31054584e-03  5.00601605e-02
  4.38365452e-02  9.28766057e-02  6.80563971e-02  4.10828032e-02
  4.09961082e-02 -1.00751996e-01  8.70260224e-02 -4.99591976e-02]