http://erau.edu/ontology/meme.owl#PinterestMeme
[-1.00436203e-01 -1.05775237e-01 -2.44032927e-02  3.68009284e-02
 -6.88288361e-02  6.63442686e-02  9.37946215e-02 -5.49207851e-02
  9.58587229e-02 -3.39814425e-02  8.69687423e-02 -8.99167880e-02
  1.58152673e-02 -8.04320648e-02 -7.83609897e-02 -6.69157729e-02
  8.44544396e-02  9.18585062e-02 -8.34089518e-02  2.72760522e-02
 -1.04388289e-01  1.11958012e-01  1.61492646e-01 -1.64671913e-01
  8.27189386e-02 -4.80395975e-03  1.83361471e-02 -1.09995551e-01
  1.49684727e-01 -1.38078406e-02  1.01527795e-01  1.04598053e-01
 -6.78552967e-03 -5.53915314e-02 -5.54945916e-02  2.05368727e-01
 -4.44204872e-03  2.06381023e-01 -5.87253757e-02 -5.98260276e-02
 -6.08888753e-02  1.73489511e-01 -3.39379102e-01 -1.21702746e-01
  1.97099857e-02  7.07541928e-02  4.69123460e-02  3.38016264e-02
 -6.83951974e-02  3.42018940e-02  2.32914146e-02 -1.58437081e-02
 -1.72706559e-01 -1.45406380e-01 -1.30822465e-01 -3.02581452e-02
  8.63597840e-02 -1.38432354e-01  2.09832892e-01  7.59978145e-02
 -3.50705907e-02 -4.29689884e-02  1.41522467e-01  1.54128030e-01
 -7.70503879e-02 -1.25699311e-01  5.49280643e-02 -3.86228636e-02
 -5.39849401e-02 -4.16694619e-02 -1.14339374e-01  1.69533506e-01
  9.57922861e-02  1.27591997e-01  2.76056305e-02  9.48547423e-02
 -6.14450015e-02  2.76803821e-02  1.50065884e-01  1.57354493e-02
 -6.59602880e-02 -1.39787257e-01 -5.81179969e-02 -2.16138244e-01
  6.16979748e-02 -1.38018504e-02 -8.77380744e-02  2.60348804e-02
 -5.22168353e-02 -3.27926539e-02 -7.30493888e-02 -2.08761692e-01
  5.75665012e-02 -8.48897621e-02 -5.91502562e-02  4.73998077e-02
  7.06595108e-02  2.67191455e-02 -5.65598672e-03  4.63233590e-02
  9.21743587e-02 -1.10240923e-02  3.58689755e-01 -1.47633418e-01
 -7.96216633e-03 -1.81627329e-02  1.38500169e-01  2.32043806e-02
  2.56898962e-02 -5.79302385e-02 -7.12370649e-02  1.22787610e-01
 -7.40827471e-02 -1.08442113e-01 -9.28513182e-04 -3.33824195e-02
 -2.78958023e-01 -1.30098090e-01  1.51001727e-02  1.69684276e-01
 -1.26056686e-01 -8.64680484e-02 -9.67763290e-02  2.05037221e-01
  7.32195303e-02  3.22998210e-04 -3.71041819e-02  8.54330882e-02
  1.27318263e-01  1.16890274e-01 -1.54113501e-01 -2.32589543e-02
 -1.93163175e-02  5.45475893e-02 -4.60746251e-02  2.04443693e-01
  4.95779663e-02  6.72686705e-03 -1.53465003e-01  6.84443489e-02
 -1.83038577e-01  1.56845137e-01  8.74542296e-02  1.23001136e-01
  1.50003642e-01 -2.63781816e-01  4.02599275e-02 -1.33104950e-01
  4.70997579e-02  7.52947032e-02  4.71954569e-02 -1.11300737e-01
  3.36932614e-02  2.05745492e-02  2.31526722e-03  9.12427977e-02
 -1.70706630e-01  1.79031774e-01  3.61540765e-02 -1.28921375e-01
  1.10645719e-01 -1.16915643e-01 -5.57167381e-02  4.37796339e-02
 -2.35829085e-01 -2.21140623e-01 -2.51700021e-02  2.05643132e-01
 -2.96919852e-01  4.86374684e-02  5.38565665e-02  2.27581374e-02
  1.62587553e-01  1.44811362e-01  2.20854562e-02  1.18962452e-02
 -6.46077693e-02 -8.43447223e-02  1.37478277e-01 -7.85148516e-02
 -1.58363506e-01  1.59643814e-02  6.93665296e-02 -4.82622422e-02
 -6.44183392e-03  4.68889624e-02  9.88991633e-02  7.96801820e-02
  1.47547975e-01 -1.30177781e-01  4.74581271e-02 -6.91378862e-02
 -1.09433271e-01  5.54151600e-04 -5.80164678e-02  2.30031665e-02
  2.25924794e-02  1.03509761e-01 -2.97276620e-02 -1.24332868e-01
  2.37381980e-02 -1.98406000e-02  2.19911127e-03 -2.33152602e-02
  3.12836692e-02 -1.82124600e-01  4.99632433e-02  6.89342096e-02
  5.33514842e-02  1.98644757e-01  9.31647047e-02  6.96572335e-03
 -3.16630490e-03  6.20701276e-02 -5.79283154e-03  1.96549483e-02
 -1.25911877e-01  7.80935436e-02  6.94924444e-02  8.13148320e-02
  1.57594588e-02  9.24306810e-02 -1.04549266e-01  3.53019610e-02
 -7.64523745e-02  1.53066190e-02 -7.78951421e-02 -2.99036689e-02
 -6.26513362e-02 -8.89681056e-02 -1.58914470e-03 -4.34085578e-02
 -1.68514818e-01 -7.40121156e-02 -7.26245642e-02 -1.77821349e-02
 -1.24628142e-01 -9.45276916e-02  4.08128724e-02 -5.74816503e-02
 -1.20728597e-01 -6.27588928e-02 -3.10393013e-02 -4.57756817e-02
 -3.24606508e-01 -1.13627158e-01 -1.83256894e-01 -8.03261995e-03
 -1.99409425e-01  6.92570359e-02  1.01122439e-01 -3.70012075e-02
  1.91544309e-01  6.55089691e-02  1.88656688e-01  4.41974998e-02
 -7.70391822e-02 -7.62311788e-03  9.60432291e-02 -1.20130582e-02
 -1.84205323e-02 -1.73016310e-01 -1.77446499e-01 -1.69379219e-01
 -7.30276778e-02 -3.06760907e-01  1.75629754e-03  1.82752553e-02
  9.14069936e-02 -1.95562914e-01 -6.12347536e-02 -1.42706931e-01
 -9.18356851e-02  1.22380275e-02  1.45596817e-01 -1.20522063e-02
  1.85600087e-01 -1.35645457e-02 -1.05114013e-01  5.67752346e-02
  1.63407952e-01  7.80340657e-03 -9.31426734e-02 -1.12689540e-01
 -2.63491213e-01  9.47925523e-02 -9.81509611e-02 -1.15155596e-02
 -1.45865649e-01 -1.97386786e-01  7.93873817e-02 -2.39727825e-01
 -1.48194078e-02 -1.18154138e-01 -1.19294813e-02  5.08400425e-02
  2.31563821e-01 -4.49988395e-02 -2.30883226e-01 -1.19891413e-01
 -1.69203877e-01  1.11837946e-01  5.38012981e-02  5.78602254e-02
  1.01107266e-02 -1.21470124e-01  1.00651175e-01 -1.92779869e-01
 -1.22446515e-01  7.73696452e-02  3.43512774e-01 -2.15594977e-01
 -5.85988611e-02 -6.09457232e-02 -9.22387540e-02  2.87160259e-02
 -6.39943257e-02 -4.04591579e-03  5.55191711e-02 -2.64890976e-02
  4.59927544e-02 -1.79638773e-01  1.72128007e-01  1.47487596e-01
  1.17273457e-01 -4.95196842e-02  3.49227851e-03 -9.59150344e-02
  1.35078311e-01 -4.08202596e-02  6.10361733e-02  5.45344204e-02
 -8.25332329e-02 -1.09054148e-01 -2.70945691e-02 -1.92252189e-01
  2.21716866e-01  3.40833291e-02  1.44689545e-01  1.83019176e-01
  8.07800367e-02 -5.05693965e-02 -5.43144159e-02 -6.78284913e-02
 -1.74148958e-02 -4.58772779e-02 -9.68248323e-02  1.57037914e-01
  4.54634167e-02 -1.76752567e-01 -4.02210765e-02 -1.68304622e-01
 -1.07351653e-01  1.01711087e-01 -5.62867522e-02  1.82631671e-01
  1.91081800e-02  9.56835598e-02  2.17552021e-01  2.67672222e-02
  1.05674788e-02 -1.60536394e-02 -1.02576882e-01 -1.29055813e-01
  7.84523413e-02  1.48539897e-02 -2.22457014e-02  8.96144193e-03
 -4.48764442e-03  5.11850007e-02  1.31867319e-01 -7.65049458e-02
 -1.50866851e-01  5.11280261e-02  7.90899247e-02  5.41564561e-02
 -8.25046599e-02  9.11257118e-02 -7.22479969e-02  2.52617039e-02
  2.12819148e-02  1.04629762e-01 -6.78548291e-02 -3.90751660e-02
  1.16649561e-01 -1.62504554e-01 -8.05072486e-02  1.59381270e-01
 -1.78895928e-02 -3.99282686e-02 -2.55012047e-02 -2.51589157e-02
 -3.88328247e-02  1.78039402e-01 -9.32146311e-02 -1.85971797e-01
  1.23882167e-01  9.02283862e-02  1.42064914e-01 -4.42014188e-02
 -5.12091862e-03 -1.82954505e-01  1.42016470e-01 -2.33611554e-01
 -5.60025685e-02 -4.72586006e-02  2.82203592e-02  3.28280330e-01
  9.78604928e-02  3.38511951e-02  1.13287643e-01 -1.22857638e-01
 -9.17172804e-02 -9.97493789e-02 -1.32661790e-01 -9.91428271e-03
 -1.13348678e-01 -1.42959222e-01 -5.22292815e-02 -4.30588834e-02
  5.08039445e-02 -3.33503149e-02 -1.96116030e-01 -2.31852308e-02
  7.87578225e-02 -9.18151066e-02 -9.90961790e-02 -5.88999875e-02
  1.07852235e-01  4.32645418e-02  4.70213890e-02  1.03067182e-01
 -3.39634232e-02 -1.32428497e-01  2.01970041e-01  1.02959827e-01
  1.31999448e-01 -3.80207524e-02  1.69746708e-02  8.44019800e-02
 -1.27890287e-02  9.02299657e-02 -1.69150800e-01  1.99036703e-01
 -2.14905828e-01  1.96708962e-02 -8.64584297e-02 -1.09402575e-01
  3.50062139e-02 -2.13971119e-02  7.96088874e-02  1.65508077e-01
  3.90856378e-02 -8.70876238e-02  2.35012144e-01  3.80697846e-02
  1.22067139e-01 -4.44011651e-02  1.05072081e-01  1.22164125e-02
  1.85378939e-01  4.18683067e-02  1.34395778e-01 -7.96294659e-02
 -5.67926913e-02  1.49409950e-01  6.15164218e-03 -1.81327984e-01
 -1.30050018e-01 -9.96533409e-03  2.75775254e-01  3.08635030e-02
  1.86906263e-01  1.02827944e-01  4.57856208e-02 -1.77969038e-01
  1.00540496e-01 -6.34813979e-02  1.31392762e-01  7.14702308e-02
  1.75028726e-01 -2.05526724e-02 -2.44832948e-01  2.34677330e-01
 -1.38543576e-01 -1.63168371e-01 -4.38659862e-02  2.64401063e-02
 -2.67546754e-02  9.59436446e-02 -5.69466539e-02  1.60064530e-02
  4.24815677e-02  5.08184098e-02  9.44474563e-02  6.37832731e-02
  1.28603101e-01  5.04060909e-02 -3.82371023e-02 -1.20154843e-02]