http://erau.edu/ontology/meme.owl#TeenTitansGOMeme
[-0.10168029 -0.1130584  -0.01725548 -0.07588451 -0.04460897  0.07596838
  0.07763096  0.02482506 -0.08915962 -0.01650849  0.08322831 -0.07633854
  0.14821064 -0.07984647 -0.04242439 -0.05721946  0.02073487  0.00930561
  0.09172066  0.03425912 -0.17371744 -0.03622973  0.03775952 -0.07706782
 -0.00311496  0.03195604 -0.03075731 -0.0637885   0.19273108  0.16084665
  0.00557205  0.07898202 -0.08272258 -0.11791089  0.01284396  0.0930859
  0.05239655  0.12799385 -0.07970142 -0.11044081  0.11614211  0.18701093
 -0.0199612  -0.0563136   0.16129741  0.00616997  0.09769043  0.03830881
 -0.01688742  0.07063291 -0.00392623 -0.04125915  0.01623117 -0.14159365
 -0.12474707 -0.07001881  0.12055556 -0.09889055  0.24039137  0.04784551
 -0.04505069 -0.0174118   0.13019231  0.06385775 -0.08568811 -0.0138211
  0.09827513 -0.05023576 -0.07951578 -0.21199699 -0.05858971  0.17341678
  0.09265778 -0.06292197  0.0360929   0.10907812  0.02499639  0.07591906
  0.16859479  0.06558779 -0.11208596 -0.1039947  -0.0611738  -0.2501284
  0.06027363 -0.10740472 -0.03277716  0.11089908  0.09846953  0.03873011
 -0.05616573 -0.15254405  0.06922698 -0.15210116 -0.1321667   0.10574659
 -0.03949693 -0.02078666 -0.03594163 -0.03111316  0.15932584  0.01792884
  0.2702525  -0.10963272 -0.10204855 -0.00069657  0.10260282  0.0075615
 -0.02764808 -0.11444949 -0.10422405  0.00949492 -0.1233916  -0.10295621
  0.10507189  0.08868396 -0.25983283 -0.22776341  0.05248626  0.12500851
  0.10590331 -0.08858737 -0.08943677  0.01896215 -0.10816368 -0.14635476
  0.00259562 -0.03899423 -0.09393007  0.01544693 -0.17528509 -0.05603671
  0.05169269 -0.03962917 -0.14169651  0.05900706 -0.10634993 -0.03526114
 -0.03974071  0.10954013 -0.25176495 -0.01795213 -0.01238008  0.00554563
  0.13759288 -0.25322226  0.10300968 -0.04360018 -0.09183012  0.00847763
  0.04699196 -0.11778919 -0.01465848 -0.04302427 -0.0310154   0.0205331
 -0.15690334  0.1128009   0.04219192 -0.08974419  0.15425915 -0.03934666
  0.14207552 -0.00652168 -0.28369582 -0.1567305  -0.02796746  0.17062066
 -0.21544465  0.17319691 -0.02307617  0.14713591  0.26568317  0.16433342
  0.00263007  0.0589491  -0.08661534 -0.04612177  0.00617759 -0.01444971
 -0.10519838  0.02795601  0.0325      0.00946142 -0.13315338  0.05805271
 -0.07837015  0.0121776   0.14037351 -0.09134853  0.03518941 -0.00767004
 -0.20411538 -0.02833929 -0.04383118  0.02925316  0.08311323  0.1796686
 -0.09188507  0.00039627 -0.00680336 -0.01693609 -0.01799664 -0.00817575
 -0.02002923 -0.20529735 -0.00802383 -0.13330694  0.10484125  0.06384821
  0.1404259   0.11274736 -0.00930337 -0.11081362  0.05001976  0.08959884
 -0.13140772 -0.12288027  0.09349797  0.11980288  0.17344777  0.10586916
 -0.12718217 -0.02999254  0.06654658  0.05504783 -0.22994064 -0.0316793
  0.0272466  -0.00968184 -0.04759954  0.05654174 -0.13085061 -0.02204846
 -0.0920932  -0.00373357  0.01840431 -0.11998373  0.10902914 -0.11459204
  0.05349993 -0.02022249  0.03259073 -0.03840476 -0.19063996 -0.05840087
 -0.01232736 -0.0832532  -0.03949976  0.02822586  0.10948794  0.06251041
  0.10876546  0.10348939  0.13692883 -0.01812917 -0.1366691  -0.01579954
  0.03057939 -0.02685696 -0.09463048 -0.22159159 -0.00149774 -0.19587907
 -0.04239693 -0.2796429   0.04587204  0.03842546  0.11671502 -0.14455813
 -0.02938567 -0.13215384 -0.02796436  0.12512624  0.18685116 -0.06829133
  0.12904061 -0.0148238  -0.11340318 -0.01174967  0.13999216  0.01200187
 -0.00047713 -0.03968382 -0.15403251  0.01356743 -0.10489508  0.07642067
  0.01434909 -0.14014448  0.09421858 -0.19636114  0.02111681 -0.111918
  0.07520104 -0.01621133  0.08737379  0.01801625 -0.18238331 -0.13410431
 -0.32628903 -0.00225301 -0.01796364  0.10086866 -0.03037957 -0.01744743
  0.28114557 -0.03198946 -0.02403645  0.09921888  0.26625666 -0.27899528
 -0.05829963  0.03183747 -0.00928522 -0.00126809 -0.00986534  0.05464179
  0.02808683 -0.00452619  0.08467019 -0.08908147  0.14151601  0.18230015
  0.03371539  0.05168147 -0.1535529  -0.01245583  0.07447287 -0.10329871
  0.00585002 -0.02234809  0.03373996 -0.043341   -0.05133151 -0.3193182
  0.10414968  0.17024845 -0.05888621  0.03481004  0.05632443  0.05526949
 -0.00325822  0.04149162 -0.09365766  0.06882206  0.05655602  0.04879693
 -0.09761849 -0.07796159 -0.00494741  0.04319881 -0.04253396  0.14615037
 -0.18108866  0.08338935  0.07415427 -0.17486864  0.19063014 -0.00427343
 -0.16948922  0.13928553  0.00175702 -0.07648981  0.01207583 -0.02745695
 -0.05890639 -0.01847461 -0.06112774  0.01346359 -0.00888916  0.07170027
 -0.24804962  0.06728713  0.08567246 -0.0149219  -0.04692446  0.01015535
 -0.11232638 -0.09578311  0.09862648  0.15626979 -0.06063446 -0.05985593
  0.14875008 -0.06886007 -0.03378146  0.1761943  -0.0212967  -0.07245785
 -0.04147765  0.07763389 -0.00756845  0.20825316 -0.07340367 -0.17578194
  0.07124836  0.0511932   0.10955561 -0.07051039 -0.0602642  -0.19458304
 -0.00717401 -0.16238312 -0.12047442 -0.05704159  0.0006539   0.28242803
  0.12148031  0.09779833  0.10340111 -0.16504215 -0.16507943 -0.1299988
 -0.12697315  0.15324274  0.01740644 -0.05062633 -0.01103161  0.08638097
  0.14129555  0.03844414 -0.195746    0.0213255   0.0861102  -0.06067442
 -0.11273853  0.12331168  0.02903268 -0.1156111  -0.03874134  0.15182774
  0.01142079  0.00684706  0.19353098  0.24841388  0.01904162 -0.10323383
 -0.03085442  0.10001365  0.13330533 -0.00707219 -0.06619841  0.20617633
 -0.14216563 -0.06542658 -0.22127363 -0.15500998 -0.07105128  0.07976388
  0.11195025  0.21710394  0.11855812 -0.08426927  0.26086715  0.09858328
 -0.0185054  -0.10778995  0.07720465 -0.03429118  0.26499742  0.04882235
  0.0517751  -0.1144505  -0.02052872  0.08651844 -0.087106   -0.13693899
 -0.07432446 -0.04535519  0.09690316 -0.04380981  0.15357494  0.10764721
  0.11469424 -0.18195698  0.09908051 -0.04036614 -0.01355772  0.06615257
 -0.09217566  0.06199775 -0.11783608  0.26580864  0.00160945 -0.11115647
  0.01284198  0.08692259  0.00971842  0.01533352  0.00186414  0.0417997
  0.10304593  0.09789321  0.01525759  0.04028709  0.03299927 -0.00940419
  0.06768662  0.02014203]