http://erau.edu/ontology/meme.owl#USSRAnthemMeme
[-2.17624918e-01 -9.54361632e-02  4.61522862e-02 -3.78229544e-02
  1.80565435e-02  3.82101983e-02  2.02473953e-01 -6.50229231e-02
 -1.33029565e-01 -1.62847042e-01  4.39436696e-02 -1.41059548e-01
  1.31013170e-01 -3.34470496e-02 -8.30752254e-02  6.76959893e-03
 -8.55265409e-02  1.66803673e-01  4.65653799e-02  2.81495340e-02
 -1.73326388e-01  8.56137946e-02  8.84936452e-02 -9.40363556e-02
  1.22345313e-02  7.59250745e-02  1.84999071e-02 -6.16757534e-02
  2.80300200e-01 -3.46926004e-02  9.49703753e-02  8.41245055e-02
 -1.47586558e-02 -1.53449535e-01 -8.11843276e-02  1.41155228e-01
 -1.58028137e-02  8.83323178e-02 -1.09205758e-02 -4.95337136e-02
 -3.21876332e-02  1.09859623e-01 -2.02042207e-01 -5.30848131e-02
  1.25217095e-01 -9.10857916e-02  4.91369851e-02  6.07584976e-03
  3.11879925e-02  3.96875180e-02  1.42408982e-01  1.68347731e-02
 -5.42466044e-02 -1.26340300e-01 -2.76191812e-02 -4.92476262e-02
  1.37889713e-01 -1.29811689e-01 -1.73616111e-02  1.09348446e-01
 -5.09100817e-02 -1.52320459e-01  1.07267492e-01  6.92980364e-02
 -1.34238154e-01 -5.82874753e-02  7.61784762e-02 -8.43170509e-02
 -1.71891123e-01 -1.31704053e-02 -1.00387530e-02  2.11032897e-01
  1.09198987e-01 -1.08379722e-01  5.94503433e-02  3.22549120e-02
 -6.83769286e-02  1.76493619e-02  1.73504815e-01  9.48668644e-02
 -6.41831616e-03 -5.42274453e-02 -9.75125805e-02 -2.65695542e-01
  1.40309572e-01 -9.36089978e-02 -1.30065560e-01  1.48387820e-01
  9.61342379e-02 -4.31453027e-02 -1.92835871e-02 -1.64305210e-01
  1.33659244e-01 -7.95015413e-03 -9.99056473e-02 -3.91957238e-02
 -7.48640075e-02  1.31010534e-02 -3.44247445e-02 -4.78684902e-02
  3.70226316e-02  6.70990944e-02  1.56656057e-01 -2.69019306e-02
  7.72192609e-03 -9.55434330e-03  2.40419716e-01  5.56022525e-02
  5.50423823e-02 -6.36640005e-03 -2.18582228e-02 -3.69197428e-02
 -1.08315833e-01 -2.64863763e-02  3.74759100e-02  7.03208223e-02
 -1.42761365e-01 -9.70860869e-02  3.29107381e-02  2.69924849e-02
  1.91044167e-01 -1.25358880e-01 -2.59765480e-02  7.08899498e-02
  1.23332851e-01 -2.35834941e-02  7.27142021e-02  7.96006769e-02
  1.92837566e-01  4.73550521e-02 -1.18381754e-01  3.73329930e-02
 -1.87782273e-02 -1.64333001e-01 -8.75153393e-02  4.27313782e-02
 -6.29833415e-02 -8.19559395e-02 -4.99919280e-02  1.10538296e-01
 -1.48967907e-01 -9.01032910e-02  7.99377710e-02 -2.88267024e-02
  6.86477348e-02 -1.06651999e-01  1.34670720e-01 -1.53546464e-02
  6.38798848e-02  1.43392816e-01 -4.29254435e-02 -7.80425817e-02
  4.74123247e-02  8.88661370e-02 -1.56695232e-01  4.03409190e-02
 -8.62793475e-02  2.05897003e-01  3.01376227e-02  8.51438865e-02
  5.80907241e-02 -3.24250758e-02 -3.27197909e-02 -1.08264247e-02
 -1.99382409e-01 -1.59901053e-01  2.62291264e-02  5.93788847e-02
 -1.67197198e-01  5.67058921e-02 -9.08710714e-03  1.43147096e-01
  1.96882620e-01  1.03480734e-01 -4.08685468e-02 -7.17030540e-02
 -6.45086467e-02 -9.06690117e-03  8.54218230e-02 -1.53734302e-02
  1.52234186e-03 -2.65759248e-02  9.15388316e-02 -2.42183879e-02
 -2.99771093e-02  2.46472955e-02  3.10688522e-02  2.72165984e-03
  2.18552709e-01 -1.19495362e-01 -3.66550833e-02 -3.82275395e-02
 -1.67694554e-01 -7.58015141e-02  2.98204808e-03  1.65429711e-02
  9.13711190e-02  2.06228435e-01 -1.27839884e-02 -3.85296158e-02
  4.86161448e-02 -7.12868944e-02  8.96281600e-02  3.29712406e-03
  2.49194279e-02 -1.52860835e-01  1.17573859e-02 -2.76526120e-02
  1.42626211e-01  1.25639066e-01  1.54975921e-01 -3.04683149e-02
  3.49750072e-02 -1.12701781e-01  8.84666964e-02  8.19421485e-02
 -1.13488905e-01  2.59130020e-02  1.47613632e-02  2.02089891e-01
  1.31806895e-01  1.63870037e-01 -7.29521811e-02  3.10405511e-02
  2.83116139e-02  7.91512132e-02 -8.66036117e-02 -3.49985212e-02
 -1.81238782e-02 -4.94258478e-02 -1.42504589e-03  4.09021135e-03
 -1.94599539e-01  1.44405931e-04  1.06445804e-01  4.43508700e-02
 -4.57964204e-02 -9.06961039e-02  1.20629072e-01 -1.36503354e-01
 -7.71560818e-02  2.20351145e-02 -2.69217580e-03 -7.10404366e-02
 -1.26155064e-01  5.89391179e-02 -5.77460043e-02 -9.66813266e-02
 -1.91822962e-03 -8.16393420e-02  2.06079762e-02 -2.93619968e-02
  2.08544821e-01 -5.69641441e-02  1.75827995e-01 -6.24864176e-02
 -5.73503710e-02  8.38035066e-03 -6.02732562e-02  3.84181365e-02
 -5.51382825e-02 -1.38571277e-01  2.22174991e-02 -4.29695398e-02
 -8.12246352e-02 -1.93717435e-01  1.44633204e-01 -3.51835079e-02
  4.14870605e-02 -2.53410041e-02 -2.01906562e-02 -7.68058300e-02
  1.47606572e-02  7.83115998e-02  1.30178884e-01 -1.81073565e-02
  9.83435512e-02  1.05470553e-01 -5.12093119e-02 -1.01802185e-01
  2.94995978e-02  1.32380024e-01  4.48490940e-02 -1.05170451e-01
 -8.83182287e-02  9.10649449e-03  4.15715575e-03 -2.75408160e-02
  1.20975021e-02 -1.70361906e-01 -2.05187052e-02 -8.81458893e-02
 -1.48564354e-02 -1.81734767e-02  4.64521423e-02  4.71676886e-02
  8.83516595e-02  5.64009398e-02 -1.58936068e-01 -1.03837609e-01
 -1.55362144e-01 -3.85798849e-02  4.56440300e-02  2.14126945e-01
 -1.55361770e-02  3.13288942e-02  2.55386323e-01 -4.55513187e-02
  8.45917128e-03 -1.29958138e-01  1.47951454e-01 -2.28054747e-01
  6.13969844e-03  1.30554661e-01 -2.91860588e-02  6.02550022e-02
 -2.35380549e-02  2.67340560e-02  2.01538354e-02 -8.38973001e-02
  2.16196954e-01 -1.94492176e-01  1.05924152e-01  2.52131253e-01
  1.93166006e-02 -1.27139151e-01 -2.57629842e-01  7.22597307e-03
  1.79712549e-01 -3.50116789e-02 -2.56889407e-02 -5.12357019e-02
  1.82912260e-01  6.38047010e-02  1.74811557e-02 -2.90751189e-01
  8.75785574e-02  5.49998358e-02 -2.77652033e-03  6.94055557e-02
 -2.80641876e-02  1.06611013e-01  5.33086546e-02 -3.43224332e-02
 -1.88218534e-01  4.29925956e-02 -6.51723146e-02  8.96394253e-02
 -6.16064444e-02 -8.63303244e-02 -1.10834852e-01  1.69688970e-01
 -1.55317977e-01  1.85590476e-01 -1.54083207e-01  1.35393098e-01
  3.85144688e-02 -8.64966065e-02  2.00950295e-01  5.07665649e-02
 -7.32691139e-02  1.70528308e-01 -4.73577604e-02 -1.30051941e-01
  3.59596834e-02 -3.18520293e-02 -6.86038956e-02 -1.46873035e-02
  5.52952066e-02 -2.05104910e-02  1.65184923e-02  1.48751698e-02
 -7.49558955e-02 -3.29721160e-02  7.67275989e-02  3.70805450e-02
 -7.98448827e-03  2.70388667e-02  4.72071245e-02  4.45317253e-02
  4.76941317e-02  1.44462734e-01  6.37129555e-03 -9.74665210e-03
 -1.91665068e-03 -1.02149867e-01 -2.90246867e-02  2.16603160e-01
 -1.19893234e-02 -1.30512387e-01  6.71896115e-02  1.47380486e-01
  5.40470816e-02  3.14836740e-01  7.03264549e-02 -2.48714104e-01
  3.42363818e-03  2.46676486e-02  1.74783394e-01 -4.20383103e-02
 -5.49793020e-02 -1.07371606e-01  7.89790973e-02 -2.23079115e-01
 -9.49752554e-02 -4.67371754e-02 -1.72333196e-02  2.81270862e-01
 -2.40087379e-02  5.77117801e-02  1.20173372e-01 -1.66316137e-01
 -1.59970671e-01  2.85623304e-04 -5.51558249e-02  9.15137678e-02
 -5.87789901e-03 -8.12618136e-02 -4.84193675e-02  6.87802285e-02
  1.59256682e-01 -3.04594752e-03 -1.08000010e-01 -1.69361122e-02
  1.87024530e-02 -1.45784855e-01 -1.06996499e-01  1.16337780e-02
  1.05856776e-01 -1.26473501e-01 -2.97151357e-02  1.92705050e-01
  1.01391777e-01 -6.94229975e-02  9.42053646e-02  2.05233648e-01
  7.69519657e-02 -8.17777440e-02  1.09323375e-02  3.74861509e-02
  1.91283703e-01  9.20040086e-02 -1.51237890e-01  2.40421459e-01
 -2.72866845e-01 -4.94425893e-02 -2.77024776e-01 -5.42065874e-02
 -1.08710840e-01  1.66065115e-02  8.00117552e-02  7.23889843e-02
  5.43650798e-02 -6.63772598e-02  2.79726777e-02  7.20416754e-02
  2.58255806e-02 -4.73642759e-02  1.05930649e-01 -2.52116565e-02
  1.33614033e-01  6.53396398e-02  1.17302015e-01 -8.91834497e-02
  7.25737885e-02  1.31973624e-01 -4.48949030e-03 -2.32526973e-01
 -1.21861197e-01 -9.09672379e-02  1.06388621e-01 -6.25271350e-02
  1.21140108e-01  1.82303578e-01  5.60697950e-02 -2.78369397e-01
  5.67705333e-02 -2.37816498e-01 -9.26176459e-02  1.01432152e-01
 -5.64029031e-02  1.07291369e-02 -9.72470120e-02  3.02422255e-01
 -1.45010054e-01 -1.60817713e-01 -3.43661197e-02  3.10472455e-02
  1.22184105e-01  1.25284225e-01 -2.50190608e-02  4.73446697e-02
  4.62929606e-02  1.24614686e-01  1.14610486e-01  3.12258955e-02
  3.62729616e-02 -1.56934321e-01  5.32548055e-02  6.64479434e-02]