http://erau.edu/ontology/meme.owl#BrosIcingBrosMeme
[ 1.34544104e-01 -1.07222222e-01 -1.05230048e-01  5.68827912e-02
 -4.70546409e-02  1.22218035e-01  3.29514891e-02 -2.30216477e-02
 -1.53116230e-02  1.69817507e-01  1.41159907e-01 -1.26625195e-01
 -1.81829423e-01 -9.70513523e-02 -1.81715563e-02 -8.35157707e-02
 -6.40000254e-02  5.37092388e-02 -1.81069553e-01  2.28221118e-02
 -1.03615835e-01  6.07098714e-02  1.40964761e-01 -1.39325202e-01
 -1.08024208e-02  3.29031609e-02  7.66640007e-02 -9.74456742e-02
  1.10077590e-01  4.56467345e-02 -6.98627979e-02  7.22175613e-02
  1.70937888e-02  2.11693291e-02 -2.59972304e-01  9.77534950e-02
 -5.80469854e-02  1.16631366e-01 -1.75492913e-01 -1.14436120e-01
  2.10212767e-01  8.73053893e-02 -2.59789586e-01 -6.87545910e-02
 -1.02589078e-01  1.38553515e-01  2.49475744e-02 -1.17646523e-01
  6.81795552e-02 -2.30623176e-03 -5.50399944e-02 -7.66543150e-02
 -7.96526019e-03 -1.53045475e-01 -1.66954219e-01 -1.15435958e-01
  4.98894379e-02 -1.49037272e-01  1.27247304e-01 -4.53736782e-02
  8.52898136e-02  3.46621848e-03  1.74386904e-01  5.25234602e-02
 -1.55041158e-01 -1.34067640e-01 -8.40174481e-02 -5.10624191e-03
  4.30562459e-02 -1.49090111e-01 -6.00780845e-02  6.43694103e-02
  3.15400213e-02  6.82453513e-02  3.37400921e-02  5.31089045e-02
 -3.86521406e-02  1.81965958e-02  2.37598792e-01  5.11084795e-02
 -6.02510981e-02 -1.31240830e-01 -4.16835956e-02 -2.07428113e-01
 -4.48251292e-02 -6.38590455e-02 -4.18205522e-02 -8.70801434e-02
 -1.95019543e-02  7.22199678e-02 -3.04083508e-02 -1.93481550e-01
  6.30685315e-02 -3.25257815e-02 -3.23966295e-02  2.14529522e-02
  5.10887392e-02  2.68082377e-02  2.21405514e-02 -1.89871024e-02
  4.70731743e-02 -6.70715272e-02  2.82329619e-01 -1.24849588e-01
  7.16645941e-02  4.09919731e-02  4.18787934e-02  1.52896415e-03
  7.04632774e-02 -1.18556581e-01 -1.06127709e-01  2.11952969e-01
  6.17245659e-02 -1.17870435e-01  1.80227831e-01 -7.55972490e-02
 -2.61149615e-01 -2.19994590e-01  4.54560593e-02  6.18515760e-02
 -2.59623230e-01  1.91194192e-02 -1.86858460e-01  1.03204744e-02
 -1.34192690e-01  5.29218651e-02 -5.41802831e-02  6.25643060e-02
  3.76933329e-02  2.23162472e-02 -1.77617505e-01 -1.76348314e-01
 -1.85952671e-02  6.23237044e-02 -4.63481210e-02  1.77374065e-01
 -2.19674576e-02 -4.05405015e-02 -1.89329505e-01  3.99276614e-03
 -1.08071655e-01  2.82861084e-01  2.67671305e-03  8.55766535e-02
  1.74703807e-01 -1.62295341e-01 -5.05054109e-02 -8.40640441e-02
  1.11479111e-01  8.32402110e-02  6.59073442e-02 -1.49530619e-01
  1.53859660e-01 -1.31704196e-01  5.92569895e-02  1.15124546e-01
 -2.49421701e-01  7.17436373e-02 -3.56188416e-02 -2.56473839e-01
  2.06878372e-02 -1.84068725e-01 -6.68723956e-02  7.64648318e-02
 -3.23995620e-01 -1.12863287e-01 -1.45687684e-01  2.46112600e-01
 -2.05572143e-01  1.54586747e-01  7.89970011e-02 -5.45495301e-02
  1.07290678e-01  1.81497291e-01  4.70434427e-02 -4.39193100e-02
  8.60824138e-02  7.76270032e-02  9.14652646e-02 -1.62674055e-01
 -1.57263771e-01 -3.33354361e-02  5.88018149e-02 -7.48669505e-02
 -8.80601779e-02  5.61640598e-02  6.90439865e-02  1.12305656e-01
  1.63383316e-02 -8.39868113e-02  1.08547159e-01  2.99188644e-02
 -9.17060152e-02  5.37764002e-03 -1.88926890e-01  5.37852496e-02
  7.96850324e-02 -4.11874242e-02  1.62231643e-02 -1.07877903e-01
 -3.15885060e-02 -2.30484903e-02 -3.50025529e-03 -1.19329281e-01
 -6.33073747e-02 -1.40034750e-01  5.66285402e-02  9.95998979e-02
 -2.45470088e-02  1.96893945e-01  4.11123671e-02  9.35372636e-02
  1.97015405e-02 -2.02347375e-02 -5.67821693e-03  6.59285635e-02
 -1.44127712e-01  1.03068035e-02  2.83815712e-01 -4.20369878e-02
  1.45158514e-01  9.66989323e-02 -1.13790810e-01 -9.28618610e-02
 -4.22754660e-02 -2.18575358e-01 -1.37405872e-01 -2.14461442e-02
 -5.44958115e-02 -4.17921171e-02 -2.43580565e-02  1.08651347e-01
 -9.88952667e-02 -1.30556226e-01 -1.80644885e-01 -3.84043343e-02
 -1.19182393e-01 -1.96902543e-01  2.04529077e-01 -8.43477175e-02
 -1.00622163e-03 -9.50342566e-02 -1.10110462e-01  2.48442143e-02
 -3.78233671e-01 -1.81575552e-01 -2.49111176e-01  1.44720703e-01
 -1.63053021e-01  2.85928305e-02  4.72137108e-02  7.01521039e-02
  1.16530165e-01  1.08213954e-01  2.17224151e-01  6.70210421e-02
 -1.14078172e-01  1.20800413e-01  1.72347113e-01 -1.29279435e-01
 -2.93572284e-02 -1.54560149e-01 -1.86012626e-01 -2.20711663e-01
 -4.55439016e-02 -4.00579363e-01 -1.47605374e-01  1.06127620e-01
  1.33077368e-01 -1.83722228e-01 -5.49598075e-02 -1.27743021e-01
 -4.51706462e-02  1.30013511e-01  2.83348262e-01 -8.16207901e-02
  3.08517784e-01 -5.21914922e-02 -1.86089963e-01 -4.47336771e-02
  2.49433205e-01 -7.49016926e-02 -1.84319660e-01 -1.13488339e-01
 -2.81513333e-01  1.25592783e-01 -1.90920293e-01 -3.65462564e-02
 -2.37298235e-01 -1.67782098e-01  1.09514035e-01 -1.07154816e-01
  3.41591053e-02 -9.30771008e-02 -9.17187892e-03 -3.75024155e-02
  2.95061648e-01  1.75561458e-02 -3.26454341e-01 -2.94911683e-01
 -2.82754362e-01  1.29497543e-01 -7.47843087e-02  1.29325047e-01
 -5.18446341e-02 -1.86863273e-01  4.74965274e-02 -1.51134625e-01
 -1.83640122e-02  1.65620744e-01  2.60983706e-01 -2.73525059e-01
  1.38951866e-02 -6.19555824e-02 -1.45387679e-01  8.19309354e-02
  6.40061451e-03  7.13791624e-02 -7.52703659e-03 -8.34599137e-03
 -1.46142635e-02 -2.07815856e-01  2.49474630e-01  1.82849258e-01
  9.75367650e-02  9.65944454e-02  2.15151422e-02 -1.04541652e-01
  2.53355294e-01  7.90134072e-02  4.96853441e-02  1.51697189e-01
 -3.81220430e-02 -8.75286162e-02  7.02497829e-03 -2.14572892e-01
  2.42071956e-01  8.27295259e-02  4.40083519e-02  8.39715600e-02
  4.37457636e-02 -5.05471416e-02 -9.12910607e-03 -5.15523516e-02
  2.86405608e-02 -1.47368535e-01  5.94679900e-02  1.46793261e-01
  9.33764875e-02 -2.41085470e-01 -3.91025804e-02 -1.50128216e-01
 -5.43941669e-02  1.19845316e-01 -1.22166038e-01  1.69071719e-01
  8.00073370e-02  1.33094713e-01  3.40327173e-01  1.12380181e-02
 -6.46540243e-03  4.71534766e-02  3.85892997e-03 -6.85942993e-02
  2.85790302e-02 -4.27927896e-02  1.55079914e-02  4.62032482e-02
 -6.15946017e-02  1.64227542e-02  1.29411265e-01 -1.60866588e-01
 -1.28452078e-01  5.98809980e-02  6.05051257e-02  6.20737597e-02
 -2.11806923e-01  6.85840026e-02 -1.17891669e-01 -2.94174068e-02
  6.93463236e-02  1.75843760e-01 -1.97510242e-01 -4.65364009e-02
  1.59047484e-01  1.10947285e-02 -7.71083906e-02  7.52825141e-02
 -1.26513990e-03 -1.06166117e-01 -1.78467095e-01 -7.79564306e-02
 -2.93065887e-02  1.01001754e-01 -2.48930797e-01 -7.57705793e-02
  1.29356354e-01 -9.87587348e-02  2.22222358e-02  4.85911854e-02
  7.50690997e-02 -1.85778633e-01 -3.22939188e-04 -2.03222767e-01
 -1.83101222e-02 -1.18194431e-01  1.04820110e-01  3.72704715e-01
  2.04726517e-01  5.01423813e-02  1.90949962e-01 -1.14900760e-01
 -8.99246261e-02 -1.33315086e-01 -1.32888734e-01  3.21771987e-02
 -6.64379746e-02 -1.77954063e-01  1.24402875e-02  3.34586762e-02
  5.60616562e-03  2.87864916e-02 -2.79111981e-01  1.95018072e-02
  3.15541402e-02 -9.85577255e-02 -1.90083101e-01 -2.75911540e-02
  2.32120365e-01  4.84755635e-02 -1.90398060e-02  2.36008644e-01
 -3.65642160e-02 -1.18833207e-01  2.66233653e-01  1.53628185e-01
  2.83028297e-02 -1.88273594e-01  9.07935202e-02  1.33325338e-01
  7.04701059e-03  4.22420278e-02 -1.22577317e-01  2.36057013e-01
 -3.04999769e-01 -1.23879500e-01 -9.11225379e-02 -9.75833386e-02
  9.39278081e-02  7.07065873e-03  2.38498650e-03  2.11932659e-01
  1.83351845e-01 -1.22477308e-01  3.36720824e-01  7.94347227e-02
  2.06706807e-01  1.37672812e-01  4.60840948e-02 -4.43566702e-02
  2.83717960e-01  1.06015496e-01  1.36916533e-01 -7.82395527e-02
 -1.62536368e-01  1.70237243e-01 -1.20611265e-01 -1.19893305e-01
 -1.42873928e-01  8.02075565e-02  2.81878412e-01  1.39233515e-01
  2.50350118e-01  9.29983035e-02  8.58596340e-02 -3.30724567e-02
  1.01815961e-01  1.10692997e-02  2.08255053e-01  8.62140805e-02
  1.17105536e-01  6.78001568e-02 -1.74616247e-01  1.55455664e-01
  6.97637945e-02 -1.01378992e-01  3.29159275e-02  2.24487600e-03
 -2.33216528e-02  5.46502359e-02 -2.27238536e-01 -1.98368505e-02
 -5.73218763e-02 -6.65710345e-02  4.79592942e-02 -9.54376757e-02
  1.01559563e-02  7.27028772e-02  3.66416108e-03  5.65719232e-02]