http://erau.edu/ontology/meme.owl#YouKnowWhatImJustGonnaSayItMeme
[-0.11823579 -0.07225429  0.01419208 -0.02743495  0.01515109 -0.01967587
  0.0362586   0.04817312 -0.00967277 -0.03398053  0.16159286 -0.11856159
 -0.00843311 -0.07859218 -0.1231042   0.00209867  0.1010868   0.05463174
  0.08031752 -0.07840391 -0.14594296  0.14097661  0.11476186 -0.12660426
  0.16785786  0.0786956   0.1368095  -0.21757439  0.13532135  0.1258987
 -0.01220734 -0.02388248 -0.0224682  -0.08277293 -0.0452891   0.21500432
 -0.09477311  0.08361287 -0.05504401 -0.1632493  -0.00533491  0.15158345
 -0.21941304  0.05548806  0.12083097  0.09545573 -0.03927175 -0.09146424
  0.11131933 -0.00224503  0.1140392   0.03358676 -0.09194282 -0.10921016
 -0.06269851 -0.0563032  -0.00602603 -0.04948472  0.00103598  0.18607275
 -0.02214787 -0.15527676  0.18949294  0.08061139 -0.08362436  0.01046052
 -0.04631834  0.03975862 -0.07622308 -0.17048936 -0.09328339  0.10056348
  0.0969758  -0.04058152  0.01875877  0.07640266 -0.19591685  0.05429899
  0.04074084 -0.04941442  0.01274884 -0.07903057 -0.00775989 -0.05141586
  0.14836052 -0.07388471  0.00989542 -0.05761681  0.16008991  0.0953653
 -0.05553392 -0.12005657  0.14603917 -0.05201687 -0.1323743   0.04235239
  0.03069232 -0.02804079 -0.0389242  -0.08748608  0.08079868  0.04781171
  0.18800594 -0.02633522 -0.0402878   0.01114554  0.14465524 -0.04774992
 -0.07480395 -0.16794345 -0.0033118  -0.15493591  0.01397441 -0.12313514
 -0.01234682 -0.04859771 -0.20712937 -0.07092391 -0.0738858  -0.06223473
  0.0105116  -0.201227    0.02959809  0.15990596  0.04385278 -0.08681096
 -0.0166957   0.02169931  0.01302936 -0.07742717 -0.01700979  0.03419662
 -0.01075778 -0.13152605 -0.10053487  0.04677133  0.0399409  -0.03872715
 -0.21287511 -0.03474163 -0.14720765 -0.00752271  0.03404769 -0.07184669
  0.1877409  -0.18889102 -0.00758821  0.00362282  0.05673405  0.19898817
 -0.06035905 -0.13424478  0.04049265  0.13695621 -0.05877648  0.03201709
 -0.12413915  0.21244633  0.01693163 -0.00676471 -0.04498028 -0.09131807
  0.00996367 -0.0601067  -0.10349614 -0.14143974 -0.18729657  0.05922448
 -0.09197676 -0.05651322  0.05286048  0.15739995  0.11013563  0.18177807
 -0.13450213 -0.04696502  0.03153084 -0.09048308  0.05495617 -0.09625384
 -0.03461821  0.05761686  0.09066549  0.02555006  0.10013261 -0.14492261
 -0.024936    0.00072985  0.13073501 -0.09082641  0.074678   -0.03654068
 -0.18950528 -0.0344995   0.04475122 -0.05965248  0.05630998  0.04103937
  0.0068112   0.03164944 -0.01167684 -0.10098074 -0.0528063  -0.19856374
 -0.15320876 -0.2116565   0.01637223 -0.04935389  0.1321811   0.10026899
  0.18892758  0.16997834 -0.0692864  -0.20074987  0.11582476 -0.05559542
 -0.07649664 -0.12005514  0.2121856   0.09890899  0.00425605  0.00654283
 -0.3144125  -0.05015475  0.00168165 -0.00136092 -0.15866664  0.07051636
 -0.14666098 -0.04528476  0.09126202 -0.10024141 -0.28713685 -0.13701193
 -0.00582245 -0.05034154 -0.01187111 -0.16304946  0.05263276 -0.14448886
  0.01140601 -0.06488315  0.00226293 -0.01083442 -0.3369152   0.00391796
 -0.18985076  0.07770855 -0.11397122  0.04565682  0.11888559  0.00081836
  0.16110218  0.07740057  0.2564759  -0.13991098 -0.09443866  0.0562409
 -0.04445373  0.2617774  -0.19992514 -0.07121728  0.04767    -0.02363842
 -0.09129158 -0.14368616 -0.03226779 -0.01662154  0.08559357 -0.04293966
 -0.06341112 -0.10884974 -0.10868123  0.16481824  0.16506974 -0.04913372
  0.21320246  0.04989118  0.08828039  0.06830731  0.08972788  0.0388822
 -0.05202061 -0.16997278 -0.11939193  0.03439234 -0.03055909  0.0269584
 -0.05960664 -0.21148735  0.04245128 -0.04521216  0.16913979 -0.1822394
  0.07169412  0.12262271  0.11234272 -0.0774111  -0.20429084 -0.09919228
 -0.18165003 -0.04945935 -0.03020537  0.27243623 -0.04252234 -0.14128199
  0.21129991 -0.0996523  -0.0323399   0.07917267  0.19504434 -0.22791956
  0.06308553  0.17331746  0.04936921  0.06415546 -0.04410665  0.13958012
 -0.01935453 -0.07492208  0.28016078 -0.09567997  0.25639188  0.10652661
 -0.02644443 -0.00143994 -0.24271804 -0.05819762  0.21230884  0.09013543
  0.04764393  0.03298393  0.11129727  0.05047712 -0.14723863 -0.16642438
  0.09098684  0.12959598 -0.19490346  0.15953176 -0.01644731  0.02443846
 -0.02808805 -0.0960271  -0.23297195 -0.06824812 -0.08107747  0.20016034
 -0.04516437 -0.22210245 -0.05100074  0.12303547 -0.11539931  0.15111236
 -0.24208996  0.09693001  0.03160922 -0.07266559  0.21095276 -0.03977952
 -0.14293678  0.11785748 -0.00955937 -0.07294075 -0.03846832 -0.03711425
 -0.07675319  0.02534248 -0.05306925 -0.01408734  0.174506    0.06594665
 -0.22068627  0.02891863  0.08405802 -0.05003965 -0.16432945  0.12524386
  0.11209901  0.00237645  0.00496244  0.23029561 -0.00711535 -0.08092155
  0.15167354 -0.1647678  -0.07566854  0.27532303  0.01648828 -0.23004998
 -0.19095151  0.03530337  0.0492716   0.2969037  -0.05177031 -0.2724845
  0.08748881  0.15134704  0.36480483  0.01305524  0.0350817   0.05154926
  0.0637665  -0.3575463  -0.19624087  0.05941277  0.10584104  0.28655997
  0.21828103  0.17529784  0.14442562 -0.28765064 -0.15231706 -0.13473919
  0.05439534  0.04856143 -0.05385424 -0.24954776  0.06441742  0.17169525
  0.08780519 -0.1086343   0.03789869  0.04629187 -0.18260308 -0.20543528
 -0.01388876  0.13464287  0.17818776 -0.1627228   0.05733532  0.2744936
  0.01940573 -0.10368063  0.10813887  0.17779744  0.11392482  0.04846211
  0.25119713  0.13108486  0.19261764  0.0782264  -0.11478101  0.3011644
 -0.36956286 -0.09707852 -0.20269236 -0.19574717 -0.16420498  0.00628657
  0.10327628 -0.00166115  0.08463588 -0.03815782  0.17818874  0.02919972
  0.00787732  0.07398328  0.09504045 -0.03449479  0.16453795  0.06980234
  0.17005989 -0.0560842  -0.11473697 -0.02621581  0.00879135 -0.0889992
 -0.02992744  0.03711803  0.1312564  -0.13265243  0.10353134  0.15971479
  0.07884663 -0.283988   -0.06309556 -0.11282423 -0.02062828  0.08953223
  0.02876406 -0.15156642 -0.14636311  0.30975655 -0.21078691 -0.16110831
  0.03943503 -0.07905519  0.13483588  0.07797642 -0.09828401  0.03376237
  0.01648873  0.02225227  0.0659677   0.08999068 -0.01993129 -0.02067938
  0.0139952   0.1825525 ]