http://erau.edu/ontology/meme.owl#ItsHighNoonMeme
[-2.16650710e-01 -2.50371814e-01  9.99388844e-03  1.89145848e-01
  1.74063757e-01  8.97763893e-02  7.69889429e-02 -1.89121142e-01
  1.28283277e-02 -1.30119761e-02  9.44214761e-02 -9.38780308e-02
 -8.75947624e-02 -3.60301323e-02 -1.24611184e-01  4.78269868e-02
  1.30171299e-01 -1.34062255e-02  7.08396137e-02  2.81244814e-01
 -1.48728281e-01  7.73408562e-02  2.31442139e-01 -2.03829065e-01
  2.22870678e-01 -1.89935610e-01 -1.24298736e-01 -1.38917014e-01
  3.34954560e-01  1.85867190e-01  2.13540658e-01  1.35914877e-01
  1.04894809e-01 -7.96539336e-02 -1.26416862e-01  2.42054820e-01
  7.83788692e-03  1.18359566e-01 -1.02104731e-01 -1.84833750e-01
 -1.11931629e-01  5.11700548e-02 -2.40740255e-01 -4.47949208e-02
  1.96405798e-01  5.77982813e-02  3.63172069e-02  1.81597564e-03
  1.55622931e-02  1.24048859e-01 -3.97338765e-03  9.48273391e-02
 -1.73535660e-01 -5.80579080e-02  1.64491042e-01  1.99414134e-01
  1.19410224e-01 -8.23980495e-02  6.72599226e-02  1.12805851e-01
  2.65443604e-02 -9.59705636e-02  8.86140615e-02  2.09567487e-01
 -2.37480074e-01 -1.81825042e-01 -7.04246312e-02 -6.75125346e-02
 -1.76427409e-01  2.24029738e-02 -1.05415650e-01  2.68863142e-02
  4.02129702e-02 -1.40652796e-02  3.77920642e-02  5.20505309e-02
 -1.14353381e-01 -3.30027118e-02  6.76128864e-02  3.63080241e-02
 -9.44515318e-02 -7.93755949e-02 -5.84396627e-03 -3.39791626e-01
  5.80034219e-02 -1.71714365e-01 -2.53795862e-01  1.17302366e-01
  1.89057171e-01 -1.74383506e-01 -8.33501667e-02 -3.42897803e-01
  1.05881833e-01 -5.54274768e-02 -1.00521252e-01  1.24963477e-01
 -1.43425196e-01 -2.65450403e-03 -1.57863185e-01 -7.14822561e-02
  3.88319679e-02  2.42589843e-02  3.74269903e-01  7.34844133e-02
  2.18096171e-02  1.80392358e-02  1.32710978e-01 -8.03321600e-02
 -2.92222761e-02 -9.20728594e-02 -6.89846324e-03  1.84575960e-01
 -7.34354332e-02 -1.15002960e-01  1.59531951e-01  1.21782757e-01
 -3.63093942e-01  1.35105968e-01 -6.96821213e-02 -5.73427938e-02
 -9.56006646e-02 -1.61968872e-01  5.69538698e-02  4.08057943e-02
  5.34482636e-02 -6.67214468e-02  1.50695071e-01  1.04567021e-01
 -8.65193270e-03  7.49504985e-03 -1.79767221e-01  6.22927472e-02
 -5.41045927e-02 -1.56223327e-01  2.13366337e-02  1.63413376e-01
 -7.36503899e-02 -1.07380144e-01 -2.03783527e-01 -5.02769575e-02
 -1.29045323e-01 -1.03448820e-03  2.25729391e-01  7.71472380e-02
 -2.57348157e-02 -1.88268140e-01  1.56599984e-01 -1.51866734e-01
  9.84680131e-02  8.16198587e-02 -3.10750529e-02 -2.44657442e-01
 -5.28257154e-03  1.71219930e-01  2.28083134e-02  6.26510829e-02
 -1.32224038e-01  1.49157986e-01  1.65036365e-01  6.95575308e-03
  2.03352243e-01 -3.15086842e-01 -3.88533548e-02  1.23765312e-01
 -2.39636391e-01 -3.25318472e-03 -1.50403772e-02  2.72977442e-01
 -3.62188965e-01  2.75715649e-01  1.68970414e-02  4.37073708e-01
  2.73923993e-01  1.44147679e-01 -1.76926062e-01 -1.54088646e-01
  4.76058386e-02 -3.24585766e-01  1.77359700e-01 -2.75238566e-02
 -7.42108151e-02  1.79769427e-01  2.52085216e-02 -2.74016522e-02
 -3.34146991e-02  5.27384020e-02  1.43276080e-01  1.59394667e-01
  1.27478406e-01 -1.76488921e-01  4.96391254e-03 -5.11969961e-02
 -5.81299178e-02 -4.60205562e-02  5.96394166e-02 -2.17310473e-01
  2.06796840e-01  2.00529858e-01  1.09356098e-01 -6.93951622e-02
  4.69716862e-02 -5.66087067e-02  2.19495863e-01  5.83774932e-02
 -1.05950356e-01 -3.56933862e-01  1.33158785e-04 -7.67704770e-02
  8.86123702e-02  2.30107471e-01  3.25036556e-01  1.06708303e-01
  1.36605054e-01 -4.25955877e-02  1.17783785e-01  1.20566487e-01
 -1.87103316e-01 -5.55780716e-02  2.01763064e-01  4.04192992e-02
  1.24270424e-01  1.48398340e-01 -6.85040578e-02 -1.01093494e-03
  3.21116187e-02  1.00230910e-01 -1.14230976e-01 -2.93847360e-02
 -1.76743641e-01  5.32618091e-02 -8.33967477e-02 -1.47982044e-02
 -1.04012005e-01 -3.72501343e-01  1.00825273e-01 -1.04434706e-01
 -1.29702628e-01 -1.44211158e-01  8.75300169e-02 -7.32551143e-03
 -1.30291045e-01 -1.97875639e-03  5.70770279e-02  7.95110166e-02
 -4.64593887e-01 -4.14632000e-02 -2.42487162e-01  9.92501527e-02
 -9.02830958e-02 -1.77231789e-01 -8.38391259e-02  1.20806456e-01
  2.02847913e-01 -9.73049644e-03  2.78042942e-01 -1.26335829e-01
 -1.41627118e-02  2.29251049e-02  5.38045205e-02  5.63914105e-02
 -7.22531462e-03 -1.56217054e-01 -5.74210249e-02 -1.31784350e-01
  5.55020524e-03 -2.19372675e-01 -3.52811180e-02  7.67851174e-02
 -1.28219813e-01  9.88618359e-02 -1.29554123e-01 -1.26610892e-02
 -1.83791488e-01 -1.06903235e-03 -9.84155983e-02  7.89326951e-02
  1.39303535e-01 -5.33729680e-02  6.78956416e-03 -9.68807086e-04
  1.11718550e-01  3.58096277e-03 -7.00471848e-02 -1.46574363e-01
 -1.36498928e-01 -7.81799704e-02  3.80820781e-02 -2.67988276e-02
 -5.37730195e-02 -1.36340661e-02  1.58574432e-02  3.52319032e-02
 -1.03084795e-01  3.88086587e-02 -1.88793633e-02 -4.06553447e-02
  1.84690148e-01 -6.64671585e-02 -2.01064080e-01 -1.06414728e-01
 -1.65833309e-01  7.44369254e-02  3.42002586e-02  1.35285363e-01
  2.75104363e-02 -1.53252944e-01  9.65229869e-02 -2.10517570e-01
 -3.02220076e-01 -2.29477361e-02  1.70552418e-01 -9.17198285e-02
 -1.32067114e-01 -1.51787788e-01 -8.57922882e-02  9.02093351e-02
  7.35858604e-02 -2.77675986e-02 -8.68792906e-02  9.42804068e-02
  5.22329435e-02 -1.24100149e-01  6.07392937e-02  2.13482484e-01
  2.03426462e-02 -1.57109797e-01 -2.93568559e-02  4.42438684e-02
  9.37039331e-02  1.67846326e-02 -1.33165382e-02 -6.71852976e-02
  1.39306122e-02 -5.72616905e-02 -8.09968449e-03 -2.31454551e-01
  1.51306028e-02  8.39414299e-02 -2.43274346e-02  7.39817228e-03
  1.27123706e-02  4.78108115e-02 -1.21632122e-01  1.73026770e-02
 -1.53693989e-01  1.98360294e-01 -2.43513566e-02  1.67926297e-01
  3.90971974e-02 -1.59816846e-01 -2.15014126e-02  1.46108363e-02
 -1.30757347e-01  1.82314083e-01 -6.85827881e-02  1.09177485e-01
  1.17041446e-01  5.04479669e-02  1.70637861e-01 -4.42501009e-02
  3.91078144e-02  1.57660320e-01  3.91971916e-02 -1.45489231e-01
  7.54324645e-02 -1.23950150e-02 -5.92296571e-02 -1.20516475e-02
 -5.70111535e-02 -5.21579050e-02 -1.27268508e-02 -7.19749182e-02
 -2.61672348e-01  1.24698944e-01  9.52119380e-02  9.80952680e-02
 -1.31087780e-01  5.43717630e-02  1.20537460e-01 -1.20269932e-01
  8.95164460e-02  1.82015315e-01 -6.84288666e-02 -1.68535918e-01
  1.62970070e-02 -8.61804411e-02 -1.89388841e-01  1.42059192e-01
 -1.40244067e-01 -2.78431058e-01  1.39803454e-01 -8.80974531e-02
  2.92859413e-02  2.98358470e-01 -9.27259624e-02 -1.54985175e-01
  1.62114173e-01  7.61123598e-02  3.05685461e-01 -6.61759228e-02
  4.31849621e-02  7.56783411e-02  1.92075089e-01 -2.42536321e-01
 -1.11441180e-01  3.10512334e-02  5.52981012e-02  5.15615761e-01
  9.35617462e-02 -1.59520119e-01  9.12400614e-03 -1.55621201e-01
 -1.12004690e-01  4.78791930e-02 -1.17379621e-01 -4.47261408e-02
 -1.37275219e-01 -6.69068052e-03 -7.05939066e-03  2.02325150e-01
  2.79108912e-01 -5.71051426e-02 -3.62200230e-01 -1.07024834e-01
 -3.23167183e-02 -1.61721930e-01 -6.13676384e-02  1.30116001e-01
  2.19586417e-01 -1.63724169e-01  9.37656015e-02  3.63189220e-01
  1.40043259e-01 -9.03385580e-02  5.30329943e-02  2.59550989e-01
  8.58958289e-02 -1.72168478e-01 -1.37048801e-02  4.18258421e-02
  1.63416490e-01  1.11539766e-01 -1.03642859e-01  3.50545734e-01
 -2.12370470e-01 -2.21369848e-01 -3.15018445e-01 -8.36882368e-02
 -6.49421066e-02  1.37398362e-01  6.16093911e-03  1.61185384e-01
  1.20187297e-01 -9.76861548e-03  1.54593989e-01  1.52523620e-02
  7.62248188e-02  7.70599246e-02  1.69618532e-01 -4.95487452e-02
  8.22922215e-02  4.78014685e-02  1.89345151e-01  1.89887300e-01
  3.25690173e-02  1.24166854e-01 -1.03533737e-01  8.49337652e-02
 -6.91247731e-02  8.54351297e-02  2.08208799e-01 -7.14876950e-02
 -3.91764790e-02  2.17329532e-01  1.00257017e-01 -6.15590140e-02
  1.43779278e-01 -3.16203088e-01 -2.64076650e-01  1.15325220e-01
 -7.84498528e-02 -1.35870546e-01  2.81271134e-02  2.22627342e-01
 -2.61568815e-01 -2.16873631e-01 -1.14271797e-01 -3.71694416e-02
  1.12637900e-01  8.71343836e-02 -1.51015386e-01 -8.02483410e-02
 -4.68542799e-02  5.06642386e-02  9.66634303e-02  2.55225748e-02
 -5.95928170e-02 -2.66116321e-01  1.81417346e-01  2.58345217e-01]