http://erau.edu/ontology/meme.owl#ViewsFromthe6Meme
[-4.80557270e-02 -1.05896324e-01  9.50039849e-02  4.99940477e-02
 -3.81284766e-02  2.27076367e-01  9.22790170e-02  8.72957930e-02
  7.33870640e-03 -9.61833969e-02  2.18783095e-02  8.23355615e-02
 -1.06100462e-01 -7.69282952e-02  4.84408364e-02 -3.45439613e-02
  1.38625070e-01  5.60111739e-02 -1.17437199e-01 -5.49619794e-02
 -2.27343798e-01  9.36509520e-02  1.00746892e-01  2.02072598e-02
  8.89129788e-02  3.35640763e-03  6.41669706e-02 -1.86679214e-02
  2.25596219e-01  1.46609008e-01  1.21943682e-01  1.33318067e-01
  5.97838722e-02 -1.06760882e-01 -1.21191427e-01  1.87174037e-01
 -9.73358080e-02  1.18230790e-01 -1.04222618e-01 -1.15285642e-01
  9.23994035e-02  2.98024595e-01 -1.83648661e-01  4.06542905e-02
  9.09127370e-02  7.60849640e-02 -3.52287069e-02 -1.72401294e-01
 -4.15163599e-02  7.41174370e-02  7.03118071e-02 -9.48692784e-02
 -7.46427849e-03 -7.16526136e-02 -1.83965907e-01 -2.33075470e-02
  1.94554806e-01 -1.79347292e-01  1.55833915e-01  6.73590153e-02
  1.41715677e-02  3.32677476e-02  1.30606502e-01  9.76997614e-02
 -1.12820290e-01 -5.69770932e-02 -3.14024352e-02 -5.85851707e-02
 -8.41045827e-02 -4.98325303e-02 -3.37121300e-02  1.93209529e-01
  2.90072598e-02  9.95846465e-02  1.40807584e-01  2.98545342e-02
 -1.37767300e-01 -1.64618855e-03  2.32690811e-01  6.60793856e-02
 -5.49561046e-02 -1.66487647e-03  1.18846279e-02 -2.93509036e-01
  7.97502920e-02 -1.78121347e-02 -1.71867877e-01  4.77614030e-02
  1.97692275e-01 -1.83214024e-02 -7.91526660e-02 -3.15412521e-01
  6.60037398e-02 -1.56620279e-01 -5.72353415e-02  2.85413545e-02
 -8.41317847e-02 -3.68365943e-02 -1.00060992e-01 -1.67854875e-02
  2.11179674e-01  2.54796520e-02  5.10674655e-01 -7.27244420e-03
 -9.06314626e-02 -4.42495123e-02  1.11334048e-01  1.07263051e-01
  3.57244834e-02 -2.61381775e-01 -6.26632851e-03  5.53747714e-02
  3.66438478e-02 -1.48544520e-01  2.71506067e-02  8.47945586e-02
 -2.77668029e-01 -8.29770975e-03 -6.47025630e-02  6.72105089e-05
 -8.71624053e-02 -6.09567054e-02 -1.06381364e-01  1.62112817e-01
  9.82093513e-02 -1.37797650e-03 -7.55539089e-02  1.22271314e-01
  8.49150866e-02  3.74968606e-03 -2.70767361e-01 -7.40245208e-02
 -1.27011761e-01 -4.57653292e-02  3.98991816e-03  2.65141785e-01
 -6.00826703e-02  1.58305932e-02 -1.57070562e-01 -3.36216614e-02
 -2.34381765e-01  2.36145988e-01  1.80876836e-01  1.72317196e-02
  2.73392618e-01 -2.37146080e-01  1.13551384e-02 -8.64416063e-02
 -1.19087726e-01  3.80450934e-02 -4.18190248e-02 -8.14354643e-02
 -1.07416183e-01  5.33231385e-02  7.66146630e-02  1.42996401e-01
 -8.94961730e-02  1.80598333e-01  3.21054310e-02 -1.99458808e-01
  8.88781101e-02 -2.48249561e-01  1.75782274e-02  6.28299192e-02
 -3.32977623e-01 -1.75604567e-01  1.42452139e-02  2.35554338e-01
 -2.77581066e-01  2.42709875e-01 -7.55811483e-02  5.46500236e-02
  2.54300326e-01  2.20441341e-01 -4.50891852e-02  3.80218774e-02
  4.20741327e-02 -2.05557868e-02  1.31004050e-01 -5.58409877e-02
 -1.18700534e-01 -1.60463899e-02  1.15580998e-01  1.49563834e-01
 -1.71711713e-01 -1.12717777e-01  2.17192143e-01  2.23159298e-01
  1.74459726e-01 -2.49056704e-03  4.17820364e-03 -6.77154819e-03
 -4.34864499e-02  4.65313941e-02 -7.71747753e-02 -1.17632411e-01
 -6.86053485e-02 -7.55158961e-02  9.99376364e-03 -6.37967065e-02
 -1.12303041e-01 -2.71946937e-02 -1.24046616e-01  1.11575946e-01
  4.76453975e-02 -2.05826700e-01  1.03512771e-01 -5.76133803e-02
  7.91091397e-02  6.38694763e-02  1.80212885e-01  2.09903810e-03
 -1.16918096e-02  1.58986002e-02  9.46646109e-02  1.83592655e-03
  2.51122937e-02 -3.50694470e-02  1.33487016e-01  9.65767652e-02
  5.35729863e-02  1.75588056e-01 -4.02739570e-02  7.83661082e-02
  6.05307072e-02  5.67707196e-02 -5.91894239e-02  2.16863770e-03
 -1.11970291e-01 -1.53907508e-01  1.63746309e-02  3.03887073e-02
 -1.31750181e-02 -2.06819102e-01  5.34805143e-03  3.27559114e-02
 -2.40158439e-02  5.43381572e-02  9.62189734e-02 -3.20465192e-02
  3.75104323e-02 -8.26770961e-02  1.44607797e-02  6.70737401e-02
 -2.62032330e-01 -1.06694654e-01 -2.01715752e-01  1.40201882e-01
 -8.88188332e-02  2.28064656e-02  7.64763430e-02 -6.12332039e-02
  8.85142460e-02  1.20238133e-01  2.40482196e-01  3.37350480e-02
 -1.78283215e-01 -2.34721042e-02  1.31511360e-01 -7.07297698e-02
 -2.83671916e-01 -1.06206335e-01 -1.39628097e-01 -3.12333792e-01
 -5.54013671e-03 -2.56386876e-01 -6.39603883e-02  1.85572669e-01
 -2.12477203e-02 -3.74683961e-02 -3.25179547e-02 -6.71394095e-02
 -6.61153570e-02  5.38464915e-03  4.97043803e-02 -1.14923706e-02
  1.12573117e-01 -6.16072118e-02  4.53798398e-02 -8.26826021e-02
  1.17523104e-01  9.59556177e-02 -4.70919833e-02  1.69803593e-02
 -1.38779700e-01 -2.61344500e-02 -6.34688511e-02 -4.86225598e-02
 -9.50156748e-02 -1.27995059e-01  1.49403006e-01  4.46214713e-02
 -5.69717325e-02  6.49097981e-03 -4.69993055e-02 -4.04415354e-02
  4.85947020e-02  1.79078337e-02 -1.42849714e-01 -1.31661945e-03
 -8.87179300e-02  1.04947992e-01 -3.05636451e-02  1.15559585e-01
  6.40457217e-03 -3.80130559e-02  1.75964698e-01  2.38566902e-02
  2.94536352e-02  9.27054808e-02  1.80241257e-01 -1.33983806e-01
  8.78741294e-02 -1.42157540e-01 -1.13536105e-01 -8.43688697e-02
 -5.43624461e-02  9.13267583e-02 -4.45943475e-02 -6.12946078e-02
 -7.02010468e-02  5.55368140e-02  1.67204380e-01  9.55003202e-02
  4.05873023e-02  9.79612097e-02  1.17673948e-01 -3.03166527e-02
  2.64193952e-01  3.03062107e-02 -4.10299785e-02 -7.24504441e-02
 -5.43834977e-02 -7.78793693e-02  3.41301300e-02 -2.78098017e-01
  9.69339386e-02  1.31909847e-01 -3.28171439e-02  8.32727626e-02
  4.54064310e-02  1.59904525e-01 -4.77332026e-02 -6.61114603e-02
 -2.82667000e-02 -4.02863417e-03  6.35807589e-02  1.09779067e-01
  1.99072491e-02 -9.97093618e-02 -2.40530483e-02 -4.22143191e-02
 -1.32990733e-01  9.96502191e-02 -1.40497595e-01  1.73800215e-01
  2.20441192e-01  1.93781629e-01  1.66661024e-01 -1.13802336e-01
 -3.36256213e-02  4.01456095e-03  1.55067235e-01 -4.59903367e-02
  1.25965774e-01 -9.69705209e-02 -4.66904864e-02  1.79789394e-01
 -2.27432754e-02 -8.61023366e-02 -6.59111701e-03 -1.59054413e-01
 -2.54748076e-01  2.34467294e-02  1.07276998e-01  4.60828803e-02
 -1.71397313e-01  6.07612766e-02 -6.03643917e-02 -9.27859396e-02
 -1.46404542e-02  2.04761788e-01 -2.78105144e-03 -2.06421047e-01
  8.04006010e-02 -5.45223132e-02 -6.37862310e-02  9.51235518e-02
  2.54584461e-01 -4.39363085e-02  2.03149226e-02 -4.64730784e-02
  7.84612522e-02  8.74335393e-02 -1.47303508e-03 -2.55865932e-01
  3.62064689e-02  1.89410849e-03  2.68009037e-01  4.52216454e-02
 -1.07222004e-02 -7.69909769e-02  6.60460591e-02 -9.25859660e-02
 -2.26517990e-01  1.09058069e-02  1.66747381e-03  2.41285056e-01
  2.03626886e-01 -5.69213778e-02  5.22270873e-02 -2.76105523e-01
 -7.70277977e-02 -5.09767495e-02 -1.81919411e-01  8.60110521e-02
 -2.40340963e-01 -1.89033747e-02 -1.95536725e-02  1.32536113e-01
  1.72994167e-01 -6.37983382e-02 -3.04145515e-01  1.97373815e-02
  4.63753678e-02 -1.19992360e-01  5.31128282e-03  2.18176674e-02
  2.43781596e-01  5.29490337e-02  1.43805295e-01  2.62088299e-01
  9.39275846e-02 -5.16129136e-02  2.99772710e-01  2.06931144e-01
  1.52591228e-01 -1.30930319e-01 -3.06319334e-02  1.42230958e-01
  1.65586814e-01  7.19137043e-02 -1.18305244e-01  3.52235258e-01
 -3.04364771e-01 -1.42939195e-01 -3.24216992e-01 -7.91786984e-02
  1.72566250e-02  5.23513481e-02 -2.69100647e-02  2.78299987e-01
  1.34568900e-01 -6.81951195e-02  1.69065297e-01  9.73659307e-02
  1.58153072e-01 -2.50628963e-02 -8.29155520e-02  3.79416570e-02
  2.05067173e-01 -6.72051916e-04  2.26448532e-02  2.61266083e-02
 -1.03998080e-01  1.37793675e-01 -9.35441107e-02 -5.71430884e-02
 -2.37688757e-02  7.84152299e-02  1.86720848e-01  9.97143015e-02
  8.31618533e-02  9.80059728e-02  5.19457348e-02 -5.00030853e-02
 -1.08651571e-01 -2.14723110e-01  8.50934535e-03  1.17091879e-01
 -1.03306033e-01  7.03989353e-04 -2.59725768e-02  3.01531434e-01
 -1.10211752e-01 -1.60109282e-01 -1.97680052e-02  7.76587576e-02
  3.31900716e-02  8.13299231e-03 -1.20716199e-01  4.35370915e-02
  1.23080611e-03 -2.83901040e-02  1.38244003e-01  1.06548794e-01
 -2.20807199e-03 -2.04171780e-02  7.85265937e-02  4.96266410e-02]