http://erau.edu/ontology/meme.owl#TriggertheLibsMeme
[-8.45411420e-02 -2.12568566e-01 -4.57477830e-02  1.48995444e-01
  3.44662555e-02  4.12386805e-02  7.56440312e-02 -9.22497809e-02
 -2.99212933e-02 -1.26513503e-02  8.25732201e-02 -5.33579066e-02
 -5.94513752e-02 -3.62677802e-03  2.33633928e-02 -1.12940140e-01
 -3.05794962e-02  6.76292554e-02  2.40233541e-02  9.29769278e-02
 -1.79544911e-01  6.03397563e-02  8.06402862e-02 -1.24615818e-01
  1.53771415e-01 -4.48871888e-02 -9.21430159e-03 -1.54571101e-01
  4.33500826e-01  3.09084892e-01 -1.05993308e-01  8.17781314e-02
  7.70721138e-02 -6.49448037e-02 -1.27391383e-01  2.03255892e-01
  1.26831187e-02 -1.94481220e-02 -6.85009137e-02 -8.14155340e-02
  8.81201997e-02  7.78602883e-02 -1.47723079e-01  1.52970150e-01
  5.71975596e-02  4.36822399e-02 -4.82278354e-02 -1.73261270e-01
  1.12103134e-01  5.77904843e-03 -7.30746910e-02  5.90190850e-02
  6.17292002e-02 -1.44725963e-01 -1.46508098e-01 -6.42008930e-02
  1.60880033e-02 -1.14077963e-01  1.94863766e-01 -5.12050511e-03
  1.73897259e-02 -2.63824099e-04  4.49740961e-02 -1.05621358e-02
 -1.13125309e-01 -8.84649437e-03 -2.11109161e-01 -1.54088549e-02
 -6.72766939e-02 -1.18458100e-01 -1.13649793e-01 -4.02594022e-02
  7.71804452e-02 -2.08055489e-02  1.03352129e-01 -7.04698116e-02
 -5.72568970e-03 -8.53099227e-02  1.66808233e-01 -9.81002487e-03
 -1.62829012e-01 -5.72435744e-02 -1.83653831e-02 -1.66336134e-01
  3.69528793e-02 -7.27954879e-02 -9.40249637e-02  2.48392541e-02
  8.17050338e-02  7.48729892e-03 -8.77995268e-02 -1.31537005e-01
 -4.53772284e-02 -9.15643051e-02 -3.90888676e-02  9.49361622e-02
 -4.92756926e-02 -9.78462920e-02 -6.43336549e-02 -1.88516155e-01
 -5.55669442e-02 -1.05687398e-02  2.53816575e-01 -1.24386601e-01
  4.92939688e-02  4.83220853e-02  9.38443393e-02 -1.02463782e-01
 -3.34470645e-02 -1.88414901e-01  1.17624424e-01  9.50895324e-02
  1.76521000e-02 -1.03857927e-01  1.57062992e-01  6.03910238e-02
 -2.30835438e-01 -1.08607665e-01  7.01154023e-02 -4.77863029e-02
 -2.14520037e-01 -5.05617037e-02  1.71533562e-02  2.23583132e-02
  7.30220899e-02  5.10272719e-02  5.68801090e-02 -1.06914572e-01
  6.44271299e-02  8.71374235e-02 -1.55400306e-01 -7.08836615e-02
 -5.56702949e-02 -1.55403003e-01 -1.12033181e-01  9.11369920e-02
  3.91148403e-02 -5.12679517e-02 -1.58653349e-01  2.63743158e-02
 -1.34855434e-01  1.36108533e-01  1.06065370e-01 -6.53592721e-02
  1.32874623e-02 -1.12309173e-01 -8.90342742e-02  9.10280347e-02
  1.73013192e-03  1.12166472e-01 -4.12606038e-02 -2.28382006e-01
  1.09428056e-01  1.38982639e-01  1.10795036e-01  1.25460267e-01
 -1.39107779e-01  1.30721346e-01  1.27620086e-01 -1.20674700e-01
 -6.52852878e-02 -1.24386318e-01  6.78229481e-02 -1.32032868e-03
 -1.25808015e-01  8.08283314e-02 -3.49366143e-02  1.49552643e-01
 -2.87258744e-01  5.08170351e-02  9.72173885e-02  4.70980778e-02
  4.67460491e-02  9.75143015e-02 -2.50370372e-02  4.98675406e-02
  6.42659143e-03 -6.23464175e-02  8.32646936e-02 -1.57829821e-01
 -5.08042984e-02  7.80225247e-02 -8.68814141e-02  1.20112970e-02
 -8.26470107e-02  5.19985557e-02  1.39276251e-01  1.30733177e-01
  1.73005208e-01  1.25107896e-02  1.58722654e-01 -2.76367217e-02
 -2.02697501e-01 -7.30130374e-02 -1.26792401e-01 -9.26019549e-02
  7.40110502e-02 -1.22561865e-02  3.86881866e-02 -4.05131839e-02
  9.85647961e-02 -8.47415030e-02 -3.98741737e-02 -1.60505936e-01
 -9.52663943e-02 -2.33708695e-01  7.16372952e-02 -1.34172127e-01
 -1.53114675e-02  8.91190246e-02  1.20980173e-01  1.80013776e-01
  6.53416216e-02  6.92314729e-02  9.42512751e-02  2.55181026e-02
 -3.02821323e-02 -1.08725049e-01  2.33766928e-01 -3.94533388e-02
  1.35519564e-01  1.14719376e-01 -7.11198896e-02  1.29342647e-02
  1.45189077e-01  2.79542692e-02 -5.99728040e-02  1.09663978e-02
 -1.82648152e-01  1.73257794e-02 -1.57858226e-02  1.13792166e-01
  6.42986409e-03 -2.36309111e-01 -1.43225953e-01 -8.34701061e-02
 -6.96504638e-02 -1.09800428e-01  8.29411149e-02 -8.53364244e-02
  1.10966921e-01 -1.45568103e-01 -6.39261603e-02 -8.68682787e-02
 -2.69697934e-01 -2.91297063e-02 -1.34050757e-01  1.56172186e-01
  8.51001814e-02 -1.97503045e-02  4.25450429e-02 -3.93961929e-02
  8.21372643e-02  1.14416152e-01  2.05004260e-01 -1.09583349e-03
 -1.16081320e-01 -4.80973199e-02  3.61442342e-02  1.42398685e-01
 -8.26152042e-02 -5.44442981e-02 -8.34838822e-02 -7.96708688e-02
  2.92125554e-03 -1.01997793e-01 -2.61762291e-01  3.11488397e-02
 -1.04961753e-01 -1.23382106e-01 -8.63673836e-02 -9.73927602e-02
 -1.05771229e-01  5.30651398e-02  6.82843477e-02 -5.21186739e-02
 -7.41528571e-02 -5.69597771e-03  5.65517396e-02 -7.63675049e-02
  1.70594826e-01  3.99259105e-03 -6.76893145e-02 -4.47929613e-02
 -2.14323342e-01  1.17378160e-01 -1.09182052e-01  6.61983714e-02
  1.97813730e-03 -5.17122447e-02 -3.85359190e-02 -5.04283942e-02
 -9.82983597e-03 -3.98886250e-03  4.26981486e-02 -5.90548478e-02
 -2.38532238e-02 -1.91168431e-02 -3.15752357e-01 -1.07003354e-01
 -2.29072884e-01  6.60073385e-02 -3.04468200e-02  1.43360555e-01
 -1.06825732e-01 -6.11719303e-03  2.83195730e-02 -5.90964295e-02
 -2.05670041e-03  2.58243512e-02  1.88654512e-01 -7.85761699e-02
  7.99111128e-02  1.53226331e-01  1.85028818e-02  9.64663401e-02
  3.54818180e-02  1.46756738e-01 -1.02251664e-01 -7.10322559e-02
  1.37786582e-01 -1.98850140e-01  2.37825856e-01  1.35219723e-01
 -1.36597902e-01  6.11549988e-02 -1.32527038e-01  2.36972589e-02
  1.33949623e-01  3.88248898e-02  1.08030021e-01 -1.10365311e-02
  1.00369237e-01 -4.77064215e-02  8.25972036e-02 -1.65985093e-01
  8.09808746e-02  4.71605770e-02 -3.92605849e-02 -3.61073390e-03
 -1.12431161e-01  8.55408460e-02 -1.79826498e-01 -1.08498007e-01
 -1.70918211e-01 -6.60287514e-02  1.68195516e-02  1.49591416e-01
  7.71688744e-02 -2.34753445e-01 -6.59699226e-03  3.48685868e-02
 -8.61082822e-02  2.13596687e-01 -2.95189880e-02  1.46142170e-01
  1.92901134e-01  7.18551874e-02  1.92878336e-01 -8.84685442e-02
 -8.84064008e-03  2.28548750e-01  2.24161875e-02 -6.38804883e-02
  7.41779879e-02 -9.63463038e-02 -9.90160182e-02 -1.30603254e-01
 -9.14612487e-02 -4.30249199e-02  3.14445272e-02 -1.81077287e-01
 -2.56571233e-01  7.42334174e-04  7.21394494e-02  3.18874195e-02
 -1.47181794e-01  1.07775383e-01 -1.00923517e-05 -2.08442751e-03
  1.41999573e-01  1.79404005e-01 -1.57443076e-01 -1.39163017e-01
  4.22784947e-02 -1.00303121e-01 -1.14243783e-01  3.89782637e-02
  2.93843094e-02 -3.15550029e-01 -1.31496608e-01  4.03520539e-02
 -1.41185094e-02  1.86934873e-01 -2.33732387e-01 -2.58045703e-01
  7.79765621e-02  1.15023784e-01  4.24999654e-01 -2.86810286e-02
  8.41994882e-02  2.25810073e-02 -6.44369945e-02 -4.59223807e-01
 -1.78512201e-01  5.11606149e-02  1.89163670e-01  4.65761036e-01
  1.02619790e-01 -3.00524272e-02  1.20238893e-01 -2.52576798e-01
 -1.28740773e-01 -4.29399349e-02  1.32108368e-02  1.58265024e-01
 -3.98514234e-02 -5.12100421e-02  4.42633033e-03  2.02671006e-01
  3.02906912e-02  1.90704539e-02 -1.86342746e-01 -1.31831065e-01
 -8.07832181e-03 -1.57792628e-01 -1.28195643e-01  2.28188336e-01
  1.92673847e-01 -2.81329267e-02  4.35141958e-02  3.00474614e-01
  5.58466539e-02 -5.71142025e-02  1.96657449e-01  1.99192330e-01
 -6.42701238e-02  1.41490558e-02  9.17212963e-02  2.25680005e-02
  2.27521315e-01  6.91894367e-02 -4.69775684e-02  3.09199899e-01
 -1.44985348e-01 -1.67800188e-01 -3.00043941e-01 -1.79681107e-01
 -1.37183249e-01  8.73992741e-02  2.01115422e-02  6.88882917e-02
  8.16503242e-02  1.66265070e-02  1.74794376e-01  1.66453305e-03
  5.14412522e-02  2.61635453e-01  1.15837596e-01 -2.02690780e-01
  2.39776805e-01  2.41599698e-02  9.44030583e-02  4.66965064e-02
 -9.70799774e-02 -1.46113560e-02 -6.96572661e-02 -1.40364975e-01
  9.27593336e-02  1.56380609e-01  1.61825102e-02  1.36616006e-01
  6.53651878e-02  8.66173655e-02  1.47911325e-01 -1.22203179e-01
 -1.91636831e-02 -1.22040421e-01 -1.19238891e-01 -6.84880419e-03
 -1.40932098e-01  2.96931751e-02 -2.11032294e-02  2.42062762e-01
  5.16320243e-02 -1.83552161e-01  2.14250404e-02 -2.28237547e-02
  1.67824417e-01 -7.12395906e-02 -2.33367786e-01 -2.05697026e-02
  1.40139535e-02 -1.24874353e-01  9.38963741e-02  1.39483111e-02
 -9.09062102e-02 -1.29152134e-01  1.43052265e-01  2.48181194e-01]