http://erau.edu/ontology/meme.owl#PoliticsGovernmentMeme
[-1.45752713e-01 -2.26808518e-01 -8.99235136e-04  4.42336239e-02
  1.09398337e-02  9.69223902e-02  1.60106376e-01 -8.98869149e-03
  4.05302942e-02 -5.00220880e-02  6.17540106e-02 -1.38295949e-01
 -5.97955845e-03 -3.44243571e-02  2.35755388e-02 -2.17757020e-02
  3.37145887e-02  3.08472179e-02 -1.68021731e-02  1.63321674e-01
 -1.05619796e-01  9.47157741e-02  8.35416541e-02 -1.48865700e-01
  1.14482544e-01 -4.08342183e-02  2.74137501e-03 -1.01180255e-01
  3.63195330e-01  1.94973350e-01  1.17623145e-02  1.28948286e-01
  2.07076631e-02 -5.08595854e-02 -6.10040352e-02  1.88218221e-01
 -3.24286334e-02  1.98513623e-02 -7.36665606e-05 -1.32776693e-01
  3.02311908e-02  7.53769279e-02 -1.27091974e-01  8.52047279e-02
  8.50130916e-02 -2.46082842e-02  4.80800048e-02 -9.35829431e-02
  5.05171791e-02  6.89096600e-02 -4.28023934e-02  1.43382307e-02
 -6.08120300e-02 -1.76344529e-01 -1.19458035e-01 -2.29792409e-02
  4.54405248e-02 -4.86086234e-02  1.47791460e-01 -1.33098671e-02
 -3.24072428e-02  2.46452144e-03  7.18304291e-02  6.55352026e-02
 -8.67885575e-02 -2.53059585e-02 -8.99514835e-03 -2.45467369e-02
 -3.32682319e-02 -1.49056092e-01 -1.98250383e-01  2.33783834e-02
  2.99225487e-02 -9.40245856e-03 -3.96827385e-02 -1.68055948e-02
  9.29673202e-03  3.54092680e-02  9.08594653e-02  3.36630605e-02
 -1.35395825e-01 -3.84451002e-02 -5.11543415e-02 -1.65496588e-01
  2.98411073e-03 -4.48691733e-02 -8.45241919e-02  7.26310462e-02
  5.78225926e-02 -4.27096523e-02 -9.21584666e-02 -8.32272992e-02
  7.02186078e-02 -4.49989773e-02  2.63741869e-03  1.36604249e-01
  1.83853097e-02 -1.22174425e-02 -1.21865883e-01 -6.83686882e-02
 -2.91717108e-02  3.36215757e-02  2.99667597e-01 -7.57621005e-02
  6.89434707e-02  5.12738340e-02  9.89489183e-02 -1.78877618e-02
  2.95410529e-02 -6.09994121e-02  6.31602621e-03  9.04002190e-02
 -1.48734093e-01 -1.07830361e-01  1.18906669e-01  7.65862614e-02
 -2.60962456e-01 -1.37357041e-01  7.81670213e-03  7.61888921e-02
 -1.15156785e-01 -8.34261924e-02 -8.27552602e-02  4.53330316e-02
  5.33213653e-02  2.39421967e-02  2.32494175e-02 -2.16623768e-02
  5.37224161e-03  5.71990348e-02 -1.52903900e-01 -8.52514133e-02
  2.95938905e-02 -6.79641142e-02 -1.27749324e-01  6.84905872e-02
 -3.36837280e-03 -4.02138345e-02 -1.41603574e-01  1.28060549e-01
 -1.98718250e-01  1.45262018e-01  9.12132040e-02  1.60942115e-02
  5.73553890e-02 -1.65103629e-01 -8.06129910e-03 -2.77688373e-02
 -7.23789260e-02  7.67570958e-02 -4.78426516e-02 -1.63622737e-01
  2.71263942e-02  9.35776308e-02  3.39057967e-02  1.09632142e-01
 -1.36724845e-01  1.85124055e-01  6.56246990e-02 -1.29093558e-01
  2.70849243e-02 -4.11344357e-02  3.15550938e-02  6.09502103e-03
 -1.27992481e-01 -7.61827230e-02 -2.52294783e-02  1.74759939e-01
 -3.19667310e-01  1.26720279e-01  7.39085376e-02  1.44289792e-01
  6.27129972e-02  8.81203040e-02 -1.03103906e-01  1.84411015e-02
  6.66348916e-03 -2.30615176e-02  2.52671316e-02 -2.72026546e-02
 -2.19093356e-02  7.64662623e-02 -4.69413586e-02  2.02242360e-02
 -5.39888069e-02  4.24933061e-02  7.79980496e-02  4.50281315e-02
  8.02587569e-02 -2.66617653e-03  3.67522216e-03 -4.15055938e-02
 -2.24788800e-01 -6.23458587e-02 -4.21403572e-02  6.71551563e-04
  3.61065641e-02  1.48461267e-01 -2.81996932e-02 -1.07867844e-01
  3.95428985e-02 -8.03680718e-02  2.30341945e-02 -4.43676300e-02
 -9.55951586e-02 -1.93878144e-01 -1.45162884e-02 -5.44491559e-02
 -3.67255397e-02  8.43672156e-02  1.84755608e-01  1.60680890e-01
  9.28121284e-02 -5.49695594e-03  1.92492083e-03  9.79001373e-02
 -1.25830069e-01 -7.55444262e-03  1.80867106e-01  3.56494077e-02
  1.03784069e-01  6.30592853e-02 -4.30331379e-02 -2.47129472e-04
  3.59305814e-02  5.99223003e-02 -8.12121481e-02 -1.04970865e-01
 -1.08091220e-01  5.09339161e-02 -7.57726328e-03  8.27547014e-02
 -2.05753408e-02 -1.05653934e-01 -5.05532324e-03  4.25142609e-02
 -7.32754022e-02 -1.39850408e-01  6.39560595e-02 -4.74274196e-02
  1.67872719e-02 -2.86212396e-02  4.93936986e-02 -6.62491694e-02
 -2.30204225e-01 -5.54651693e-02 -1.24312811e-01 -1.42052332e-02
  2.41788793e-02 -3.70986313e-02 -6.73804199e-04  2.14711260e-02
  1.14933848e-01  9.86573994e-02  1.66971266e-01 -6.89920411e-02
 -1.42588988e-01 -9.41471830e-02  8.28786101e-03 -4.45894990e-03
 -9.19990838e-02 -1.27616867e-01 -1.32375896e-01 -1.65694758e-01
 -2.63922177e-02 -1.87093690e-01 -6.21332861e-02  9.37682688e-02
  6.48031905e-02 -9.01300609e-02 -5.32352403e-02 -8.25439245e-02
 -7.75829852e-02  8.85625277e-03  2.70052664e-02 -4.49563377e-04
  2.65645646e-02 -2.87296306e-02 -1.20949656e-01 -3.14417370e-02
  9.24088806e-02  1.64531916e-02 -1.14617925e-02 -7.28721470e-02
 -1.76911131e-01  1.70004852e-02 -5.30984588e-02  1.87630337e-02
 -1.34806409e-02 -1.84387892e-01 -1.24343613e-04 -1.07643284e-01
  4.02078126e-03  3.83763053e-02 -3.75071424e-03 -1.77105274e-02
  4.78053465e-02  2.67706364e-02 -1.51958853e-01 -1.50242373e-01
 -2.22074166e-01  8.25757459e-02 -4.37728595e-03  3.71204279e-02
 -2.64826603e-03 -3.14492695e-02  5.20024039e-02 -1.57832000e-02
 -8.58216733e-02 -1.32734375e-02  2.22530514e-01 -1.28128290e-01
 -3.02356575e-02  5.67378812e-02 -3.90113257e-02  5.83331659e-02
 -5.46868183e-02  2.20991652e-02 -2.23095026e-02 -4.36729938e-02
  1.28371671e-01 -2.13001758e-01  1.34177595e-01  1.41151220e-01
 -5.81594277e-03 -1.40797775e-02 -9.59104151e-02 -3.64474431e-02
  7.53786042e-02  6.82396069e-02  7.15132356e-02 -4.54147197e-02
  2.26712393e-04 -9.73534733e-02  6.14974461e-02 -1.58319965e-01
  8.42815116e-02  6.00249358e-02  2.62961723e-02 -3.92500646e-02
  6.32974785e-03  1.00276604e-01 -5.90051748e-02 -2.53465958e-02
 -3.93063650e-02 -6.49950430e-02  3.58147845e-02  8.28602090e-02
  1.24797318e-03 -1.51775956e-01 -1.70747731e-02 -1.60874780e-02
 -4.64314558e-02  1.36854082e-01 -1.11677624e-01  1.27203926e-01
  9.97015536e-02 -6.66208472e-03  1.35638475e-01 -7.43769035e-02
 -1.24658765e-02  1.49017841e-01 -2.56843343e-02 -8.89032148e-03
  6.16608709e-02  3.70503403e-02 -6.18858822e-02  1.94013044e-02
  3.94890718e-02  7.18488619e-02 -2.75970940e-02 -1.24872930e-01
 -1.69643849e-01  7.70852268e-02  4.71158884e-02  4.98431772e-02
 -1.46186156e-02  1.31628225e-02 -1.34829834e-01 -2.52103377e-02
  6.04139827e-02  1.48552030e-01 -8.89209062e-02 -5.57430200e-02
  5.76674528e-02 -6.01838194e-02 -9.39798504e-02  5.54068312e-02
 -7.73068741e-02 -1.45675227e-01  3.26402374e-02  7.46350586e-02
 -6.99323788e-02  2.28769451e-01 -1.11750379e-01 -7.51027167e-02
  1.16011326e-03  5.62393703e-02  2.10032955e-01 -9.41783488e-02
 -6.28633238e-03 -9.82623473e-02  2.86371000e-02 -2.45274037e-01
 -1.29148588e-02  1.47900013e-02  2.73140147e-02  3.03235501e-01
  5.17143533e-02 -2.28653438e-02  5.67829162e-02 -1.01991385e-01
 -1.06870413e-01  4.05422226e-02 -1.23951763e-01  9.01587009e-02
 -1.01763681e-01 -9.64373052e-02 -1.98413245e-02  1.15095913e-01
  5.75135313e-02  5.70942685e-02 -2.55591869e-01 -2.42487434e-02
  2.40827054e-02 -7.17973188e-02 -8.70020688e-02  8.66107419e-02
  8.95005837e-02  1.04683265e-02 -7.03588799e-02  2.08917841e-01
 -7.13398540e-03 -6.85187876e-02  5.43500334e-02  1.66946918e-01
 -9.26307775e-03 -6.78098425e-02  1.15633719e-02  4.60432135e-02
  1.58840984e-01 -2.08343621e-02 -6.38757497e-02  2.14715883e-01
 -1.52728975e-01 -1.50587067e-01 -2.22655550e-01 -6.76904544e-02
 -7.03400075e-02  9.95453633e-03  9.58873853e-02  1.67372182e-01
  3.90076488e-02  9.31596197e-03  1.18692562e-01 -1.04957893e-02
  7.31164366e-02  1.19423263e-01  4.94819731e-02 -1.38963953e-01
  1.14329204e-01  4.18815427e-02  7.52118602e-02 -1.10678323e-01
  1.02482168e-02  5.75853586e-02 -8.12264979e-02 -8.06732550e-02
  1.37219280e-02  2.30783075e-02  1.17957219e-01  2.15093270e-02
  7.44349882e-02  7.40855858e-02  6.61961660e-02 -6.98600486e-02
  9.60960686e-02 -1.00482628e-01 -1.36001930e-01  1.20836593e-01
 -1.19100623e-01  3.28513719e-02 -3.89520936e-02  1.96745664e-01
 -7.38339424e-02 -1.09591104e-01 -4.73538823e-02  1.41508263e-02
  9.53978226e-02 -1.86530482e-02 -1.05907559e-01 -6.69604838e-02
  5.99516835e-03 -6.72915811e-03  6.07563108e-02 -3.63677740e-02
 -1.09300539e-01 -1.15549460e-01  5.74260354e-02  5.40775992e-02]