http://erau.edu/ontology/meme.owl#HonestMoviePostersMeme
[-8.44738260e-02 -1.40585840e-01 -2.21039262e-02  1.38912931e-01
  6.67119101e-02  4.53675613e-02  1.06175214e-01  2.13005813e-03
 -3.11972685e-02  5.95379658e-02  1.73355356e-01 -9.37299132e-02
 -5.20569533e-02 -2.25814730e-02 -1.56985611e-01  2.78227683e-02
 -2.92143077e-02  5.59409410e-02  1.95622034e-02  1.46739379e-01
 -1.33839786e-01  5.40458970e-02  7.01023042e-02 -1.58409610e-01
  1.82388768e-01 -2.00813413e-02  6.18355423e-02 -1.43464565e-01
  2.99832344e-01  2.08743423e-01 -2.29773745e-02  6.79036155e-02
  1.66238338e-01  7.30107399e-03 -1.01521015e-01  1.58121496e-01
 -5.16218357e-02 -1.22108832e-02 -8.52195323e-02 -1.51061833e-01
  2.67400164e-02  6.64806738e-02 -1.50298536e-01  5.90773411e-02
  5.76216429e-02  6.56323358e-02 -2.35318113e-02 -1.05390936e-01
  7.37009570e-02  1.87755451e-02 -5.24934207e-04  2.85215061e-02
 -9.68728866e-03 -4.13956419e-02 -2.30376516e-02  8.58012121e-03
 -6.74268454e-02 -1.57595456e-01  6.90629408e-02  4.88176430e-03
  1.02963127e-01 -1.12132072e-01  8.84590298e-02  4.20136675e-02
 -1.80917144e-01 -1.00905269e-01 -9.70249549e-02  1.02155423e-02
 -2.05569118e-02 -1.35041922e-01 -1.49667472e-01  2.79043596e-02
  6.36442453e-02  7.54170194e-02  4.45982665e-02  1.01547822e-01
 -9.11791176e-02  1.43327238e-02  6.45463839e-02 -7.46576041e-02
 -8.16451535e-02 -1.03572935e-01 -2.02177037e-02 -1.95272908e-01
  7.32413447e-03 -1.41980648e-01 -4.43555638e-02  1.22578684e-02
  9.07321423e-02  9.62900650e-03 -6.26971573e-02 -2.10862517e-01
  4.37798873e-02 -1.89507268e-02 -3.27071138e-02  2.58159768e-02
 -4.38522287e-02  4.19758111e-02  5.04163560e-03 -9.65231508e-02
 -2.11552959e-02  6.13226555e-03  3.30832988e-01 -8.60448182e-02
  1.10159948e-01  8.07321817e-02  2.54305243e-01 -1.94996119e-01
 -2.74565406e-02 -1.74754307e-01  1.86685640e-02  1.72468588e-01
  2.87689306e-02 -1.44029677e-01  1.26144320e-01  5.34107238e-02
 -2.60089427e-01 -1.66905686e-01  1.77197587e-02 -6.14090301e-02
 -1.93839356e-01 -6.66919202e-02  2.33157240e-02  8.01209658e-02
  1.90264992e-02 -2.19178870e-02  3.75073552e-02 -4.32365201e-02
  8.45311955e-02 -2.87998524e-02 -1.27676785e-01  2.57970728e-02
  7.20108277e-04 -1.33271843e-01 -1.12134628e-01  8.48387778e-02
  8.62106681e-02  6.70843525e-03 -2.10738793e-01 -1.46537088e-02
 -9.66985449e-02  8.50180686e-02  4.06354330e-02 -2.10659672e-02
  9.49604958e-02 -1.46917090e-01  1.06352083e-02  5.50841913e-02
  1.39968351e-01  1.02693222e-01 -1.65871419e-02 -1.11002661e-01
  5.93590960e-02 -3.47184809e-03  5.75154163e-02  5.18993922e-02
 -1.52347103e-01  9.45797786e-02  6.39946163e-02 -4.67007607e-02
 -1.69167258e-02 -1.92059547e-01 -4.15160395e-02 -4.98107001e-02
 -8.25178623e-02  8.17947015e-02 -1.40982896e-01  1.76274195e-01
 -2.22142428e-01  1.17715932e-01  1.05460696e-01  1.57797888e-01
  1.60118580e-01  1.95057660e-01 -9.26920027e-02 -3.68815921e-02
  6.10863417e-02 -9.29674953e-02  1.21210344e-01 -1.37522399e-01
 -7.45617375e-02  1.40506417e-01 -4.11859080e-02  9.18927044e-03
 -6.68162247e-03  2.23020632e-02  9.83228460e-02  8.54649022e-02
  1.31884396e-01 -1.69901680e-02  1.37335077e-01  7.26336092e-02
 -1.71335831e-01 -1.69962831e-02 -6.37019649e-02 -3.28560434e-02
  1.29005343e-01  7.62945190e-02  6.24831282e-02  6.96156779e-03
  4.08105552e-02 -3.21143530e-02  7.80197755e-02 -1.90872326e-01
 -1.17202491e-01 -2.62324154e-01  2.15211641e-02  2.49275565e-03
  5.41965291e-02  1.35036796e-01  1.23648696e-01  1.47363141e-01
  7.87121058e-03 -7.26529881e-02  1.13800213e-01 -1.31323037e-03
 -1.76403031e-01 -1.11692742e-01  2.32785955e-01 -3.87837514e-02
  1.50595203e-01  1.10467322e-01 -1.26175582e-01 -2.94620562e-02
  8.72925967e-02 -4.02425937e-02 -8.93879607e-02  1.63190234e-02
 -1.17330968e-01  2.84393448e-02  4.19213772e-02  4.08021174e-02
  5.36785126e-02 -1.70676932e-01 -3.21046971e-02 -6.16149865e-02
 -2.69530360e-02 -4.86709960e-02  1.51028056e-02 -4.89322953e-02
  8.54612365e-02 -9.78184193e-02  4.27108295e-02 -2.94883102e-02
 -2.33836666e-01 -1.06540121e-01 -2.07949132e-01  5.43273985e-02
 -7.19646364e-02 -1.56041060e-03  6.72059366e-04  1.13852367e-01
  1.07490942e-01  9.84798148e-02  2.72187412e-01 -1.20180227e-01
 -2.98360530e-02 -5.58352843e-02  1.26616051e-03  7.78556317e-02
 -6.11388832e-02 -6.41751960e-02  1.06419139e-02 -2.73246970e-02
 -3.48074213e-02 -7.25644827e-02 -1.80514753e-01  2.73408641e-05
 -4.01456840e-02 -1.10157179e-02 -6.53256029e-02 -9.25396979e-02
 -3.85454372e-02  1.57925606e-01  1.71519622e-01 -2.89000701e-02
  5.69160208e-02 -1.09014206e-01 -3.39364447e-02  7.86981359e-02
  1.97019026e-01 -7.58936033e-02 -8.77318531e-02 -7.46937543e-02
 -1.65851936e-01  1.77412555e-01 -7.79819041e-02 -2.03351378e-02
 -1.51307611e-02  4.78469543e-02 -6.38056779e-03  1.62443577e-03
  5.02128787e-02 -1.42118661e-02  4.30176929e-02 -1.03255939e-02
  4.81811278e-02 -4.92333025e-02 -1.81462169e-01 -1.55642599e-01
 -1.49870723e-01 -1.24228057e-02  1.40556497e-02  4.60078195e-02
 -7.23102316e-03 -3.81783880e-02  7.78262690e-03 -1.02845483e-01
 -7.55927712e-02  1.64021775e-01  1.28675818e-01 -1.42354384e-01
  3.81743512e-03  3.78854647e-02  2.65814606e-02  7.40123689e-02
  5.54873124e-02  1.01394698e-01 -6.79408535e-02 -8.07948411e-03
  1.13664664e-01 -1.74877509e-01  1.94784775e-01  8.32568705e-02
 -8.16292688e-02  4.85805124e-02 -1.64495960e-01 -5.09762838e-02
  9.57903117e-02  1.13432240e-02  4.08066884e-02  7.76937008e-02
  1.61100283e-01 -2.22496483e-02  8.05791584e-04 -1.61727950e-01
  8.71975422e-02  7.26427063e-02 -1.71871260e-01  4.45238613e-02
  5.48283244e-03  8.86113346e-02 -4.52510901e-02 -4.36606407e-02
 -2.08864987e-01 -8.86759907e-03 -2.90618464e-02  8.83697718e-02
  6.23317510e-02 -1.88773200e-01 -5.38235083e-02  4.53553088e-02
 -1.97529867e-01  2.36837924e-01 -1.64283305e-01  7.50828683e-02
  1.09764755e-01 -6.07017055e-02  1.80846825e-01 -3.84789854e-02
 -1.59681644e-02  1.62763044e-01 -4.76378538e-02 -1.19519494e-01
  3.98260430e-02 -5.33600599e-02 -1.69907808e-02 -2.38091983e-02
 -9.43288431e-02 -6.06603026e-02  5.15295900e-02 -2.46019177e-02
 -2.54899114e-01  2.83167716e-02  9.91168991e-02 -5.80256805e-02
 -2.38279298e-01  2.81764343e-02  2.74688937e-03 -6.30304813e-02
  1.21949285e-01  1.68048248e-01 -1.75394937e-01 -1.32394806e-01
  1.31972671e-01 -1.15794897e-01 -1.75075457e-01  8.73090848e-02
 -7.74657056e-02 -2.97639191e-01 -9.06880647e-02  9.90063697e-02
 -7.16701671e-02  2.35303894e-01 -1.75593629e-01 -2.28614330e-01
  8.23352933e-02  1.61412343e-01  2.40017906e-01 -4.74216975e-02
  4.07861620e-02 -3.95953842e-02 -4.69950074e-03 -3.02664369e-01
 -1.36283010e-01  3.31118107e-02  2.62104850e-02  4.39768195e-01
  1.70791999e-01 -1.08319167e-02  1.01512797e-01 -2.94136614e-01
 -1.29710063e-01  8.55229795e-03 -1.26333665e-02 -2.24891435e-02
 -2.64081229e-02 -1.27450302e-01  3.22894678e-02  2.05920577e-01
  3.55452411e-02 -4.54523340e-02 -2.06113398e-01  3.00178453e-02
 -1.16946690e-01 -1.63373426e-01 -9.99914855e-02  1.20747708e-01
  2.18986154e-01 -1.02874771e-01  1.73610449e-02  2.66524047e-01
  1.07408710e-01 -4.99260053e-02  1.99657336e-01  1.34032130e-01
 -3.33099999e-02 -8.74895453e-02  1.00201949e-01  4.58265096e-02
  1.55784324e-01  4.63614352e-02 -4.71755229e-02  3.70831341e-01
 -2.15409115e-01 -6.77717924e-02 -1.84132919e-01 -1.34277105e-01
 -9.01453495e-02  1.81046396e-01 -3.91433276e-02  9.02632400e-02
  1.69506028e-01 -1.52352173e-02  2.79368162e-01 -9.11970157e-03
  5.98550290e-02  1.73363045e-01  5.73174208e-02 -8.04039836e-02
  1.15259245e-01  9.69771296e-02  9.47250128e-02  1.65708698e-02
 -6.40871823e-02  1.41488984e-01 -6.90954849e-02 -4.40532081e-02
 -7.08359061e-03  7.92316645e-02  1.62011668e-01 -4.32933029e-03
  1.74711198e-01  1.36507109e-01  7.90117681e-02 -6.89380988e-02
  4.55854014e-02 -1.02880068e-01 -1.91573836e-02  2.39626765e-02
  7.35930204e-02 -3.36768739e-02 -9.81689841e-02  2.53112942e-01
 -7.82217085e-02 -2.15635210e-01  1.52449487e-02 -9.06743407e-02
  1.25456959e-01 -4.77739610e-02 -1.61166847e-01 -4.12499197e-02
 -3.29791121e-02 -2.33515836e-02  1.05657682e-01 -1.48699610e-02
 -5.87891974e-02 -1.38202205e-01  8.00256953e-02  2.28350267e-01]