http://erau.edu/ontology/meme.owl#AdelesHelloMeme
[-1.43659785e-01 -6.51158541e-02 -4.49879654e-02  1.82945430e-02
  9.07457024e-02  6.96405694e-02  2.10284755e-01 -9.93417203e-02
  1.27464114e-02 -7.61124417e-02 -6.95525408e-02 -1.72638237e-01
 -1.33845836e-01 -2.51275569e-01  2.83712000e-02  1.05214059e-01
 -6.24866597e-03 -5.87296113e-02 -8.77656341e-02  4.85611446e-02
 -3.32927555e-02  1.28190458e-01 -5.78892380e-02 -2.25480065e-01
 -2.36922763e-02 -7.69762471e-02  1.15818195e-01 -1.67018324e-01
  1.25587612e-01  2.59713400e-02 -7.14287609e-02  8.86887126e-03
 -5.18649854e-02  4.79286863e-03 -3.23618978e-01  3.10490787e-01
 -1.90324336e-01  1.06150128e-01 -4.98995259e-02 -3.80902514e-02
 -4.61795330e-02  1.76238306e-02 -4.25413013e-01 -4.09538895e-02
 -1.18176587e-01  6.96456954e-02 -1.57644272e-01 -9.77466330e-02
  2.18554005e-01  1.56071648e-01  1.19468331e-01  3.07074818e-03
 -1.57359824e-01 -2.29214638e-01 -6.23414740e-02  3.69225256e-02
  1.85195163e-01 -2.32647598e-01 -7.25282803e-02  2.80844346e-02
  1.74034033e-02 -3.85203622e-02  1.07132532e-01  6.34827837e-02
 -2.11029470e-01 -1.21784970e-01 -1.53565094e-01 -1.34838894e-01
 -1.27121717e-01 -2.79343665e-01 -2.89453864e-01  8.27608109e-02
  7.29507878e-02  2.05551460e-01 -2.35910192e-02  1.15270592e-01
 -2.75785893e-01  1.30556777e-01  1.41385257e-01  1.35978431e-01
 -1.07550099e-02 -4.06479426e-02  1.10498607e-01 -2.71462142e-01
 -9.65222269e-02 -1.15444496e-01 -1.38412476e-01 -7.85688460e-02
  1.70317098e-01  4.89314683e-02 -2.41138846e-01 -2.41908848e-01
  2.81706542e-01 -1.54610991e-01  4.35500741e-02  3.11330031e-03
  1.38673633e-01 -7.58781359e-02  6.10286631e-02 -1.42520487e-01
  8.70816633e-02 -1.73505008e-01  5.48700750e-01  1.89452115e-02
  4.48502526e-02 -9.95955542e-02  1.44097865e-01 -8.62356648e-02
  5.39994473e-03 -1.19770855e-01  8.91596004e-02  9.39788073e-02
 -1.58163041e-01 -4.21009213e-01  2.36722231e-01  1.00219794e-01
 -3.48123342e-01 -5.95229380e-02 -1.31662294e-01  1.46620601e-01
 -2.13081300e-01 -2.11942524e-01 -1.12260759e-01  1.79207385e-01
 -6.48599416e-02 -3.37272766e-03  7.22007221e-03  1.45546943e-01
  1.81865960e-01  1.33436173e-01 -2.19184175e-01  4.88245003e-02
  1.44316703e-01 -1.99350625e-01 -4.19824198e-02  1.84044182e-01
 -5.32601252e-02  1.97585955e-01 -3.83051783e-01  9.42652375e-02
 -3.12883526e-01  1.52218923e-01  1.65726021e-02  7.27844685e-02
  2.30488926e-01 -1.90086976e-01  5.47750704e-02 -4.52963226e-02
  2.04995006e-01  4.81198043e-01 -1.15587503e-01 -1.81040257e-01
  1.05985209e-01  8.68170187e-02 -1.29153967e-01  1.60901919e-01
 -3.34068269e-01  2.06246555e-01 -1.17941508e-02 -1.26351714e-01
 -5.99241033e-02 -3.93014371e-01 -1.51140928e-01  2.75601223e-02
 -1.12306446e-01 -6.36452511e-02 -1.42435148e-01  3.02616656e-01
 -4.16486055e-01  7.62040839e-02  1.24316914e-02  4.69070338e-02
  1.40208662e-01  1.81768984e-01 -9.84730050e-02 -4.70460579e-02
 -6.03831150e-02 -1.14153042e-01  3.63534838e-01 -1.50543928e-01
 -1.18469056e-02  3.32405537e-01  1.17340937e-01  2.15194374e-01
 -6.98160976e-02  1.38165837e-03  1.74029261e-01  1.25499561e-01
  3.71253282e-01  1.11446612e-01  2.75922175e-02  6.77405223e-02
 -1.81335509e-01  1.29982680e-01 -4.76303175e-02  1.33777156e-01
  1.94424525e-01  2.34629419e-02 -8.06618929e-02 -9.26274955e-02
  4.95919324e-02 -5.78399412e-02 -1.25423791e-02 -5.32043837e-02
 -2.94801563e-01  2.05167904e-02 -3.83634754e-02  1.17153525e-01
 -2.44981930e-01  1.41201243e-01  2.29567345e-02  8.28770399e-02
 -3.19777466e-02  2.30215974e-02  5.22449724e-02  7.05940202e-02
 -1.35802478e-01  2.46356502e-02  2.46262342e-01 -1.71288420e-02
  1.39084622e-01 -9.77704674e-02 -1.15117446e-01  1.00492962e-01
 -8.23311284e-02  2.30514966e-02 -1.84366658e-01  7.47541944e-03
 -1.45292774e-01 -3.75752077e-02  5.74778095e-02 -2.76235845e-02
 -8.52794126e-02 -1.13252603e-01  1.92158610e-01  2.10372835e-01
 -1.79563388e-01 -1.57220304e-01 -3.29163000e-02 -6.44882768e-02
  1.75858382e-03 -7.24588037e-02  2.91405283e-02  2.77117249e-02
 -3.59715521e-01 -4.61619496e-02 -4.07792807e-01  1.06403880e-01
 -3.13044935e-01 -5.64145483e-02 -1.35649770e-01 -1.48846179e-01
  2.41885766e-01  6.75573349e-02  3.81318450e-01 -6.03720127e-03
 -4.31127287e-02  1.23530887e-01  1.20329253e-01 -2.80524790e-02
 -1.45306019e-03 -3.49977225e-01 -6.50329739e-02 -3.10124960e-02
  5.73204132e-04 -3.01559329e-01 -1.18349604e-01  2.45089363e-02
  7.93124288e-02 -7.46824369e-02 -1.80533558e-01 -9.38394293e-02
 -1.38975456e-01  7.91881680e-02  1.79814622e-01 -4.74931002e-02
  2.08771363e-01 -2.82084309e-02 -6.16728887e-02 -3.50191705e-02
  2.25045636e-01  1.89329609e-01  6.43889373e-03 -1.45848721e-01
 -1.84851468e-01  1.60246298e-01  1.21576888e-02  1.37869015e-01
 -3.16605717e-01 -1.66930556e-01 -2.90831309e-02  1.17901089e-02
  1.07022300e-01  1.33423973e-02  3.20404284e-02  2.64425427e-01
  4.14984003e-02 -1.80904031e-01 -1.29122019e-01 -7.82946944e-02
 -2.44469300e-01  3.60276923e-03  9.01125092e-03  2.91675180e-01
 -1.10312507e-01 -1.00945465e-01  1.29367203e-01 -1.26582056e-01
 -6.75973669e-02  2.05064163e-01  1.94953710e-01 -5.08065894e-03
  1.23871066e-01 -2.55584661e-02  4.95269299e-02  1.70144141e-01
 -1.35113358e-01 -1.37048990e-01  2.90453602e-02 -2.07875296e-01
  1.59018174e-01 -2.59001583e-01  2.74465948e-01  1.79652095e-01
 -1.19630486e-01 -1.12790823e-01  6.06491938e-02 -8.83868262e-02
  1.99015290e-01  1.46573544e-01 -3.54099311e-02  1.34790033e-01
  2.91521680e-02 -3.05533484e-02 -1.66656319e-02 -1.07846841e-01
  1.42142504e-01 -9.14833508e-03  3.09609007e-02  2.39160404e-01
  7.39986151e-02 -8.81865099e-02  1.14329211e-01 -1.03368089e-01
 -1.37085795e-01 -1.51930213e-01 -2.27932334e-01 -1.08375540e-02
  6.31351247e-02 -2.73490191e-01 -5.57959080e-02 -1.45202786e-01
 -3.62749040e-01  2.21406206e-01 -2.06029624e-01  1.99251786e-01
  9.88327861e-02 -9.48615447e-02  1.53453663e-01 -6.48452565e-02
 -4.87202816e-02  1.28309071e-01 -1.21485844e-01 -8.15928504e-02
 -6.60582213e-03  5.88675849e-02  1.49603561e-01  1.29542559e-01
 -9.68546886e-03  1.00981928e-01  2.59964526e-01 -1.03783444e-01
  4.33693780e-03 -4.03205045e-02  3.28068323e-02  2.46559270e-02
 -1.56845555e-01 -1.25895619e-01 -1.75601803e-02 -1.77590981e-01
 -1.13039531e-01  9.55873355e-02 -1.47879899e-01 -1.76442012e-01
  1.02950536e-01  1.03951894e-01 -1.59785002e-01  4.77156490e-02
 -2.96931509e-02 -6.70727119e-02 -8.17599967e-02 -8.26305710e-03
  7.89699256e-02 -2.06516664e-02 -1.75651684e-01 -4.63798195e-02
  6.72907233e-02  1.34834364e-01  6.49203211e-02  1.17959462e-01
  2.17381284e-01  2.02155009e-01  1.46971926e-01 -8.26262757e-02
 -6.45242035e-02  1.07494935e-01 -9.20789596e-03 -8.45280737e-02
  1.34308226e-02  1.81068674e-01  1.05974846e-01 -2.95342237e-01
 -1.13326818e-01 -5.39688468e-02  1.92176516e-03 -6.86905384e-02
 -6.80313557e-02 -1.10950954e-01 -3.76139730e-02 -2.11350117e-02
 -8.26754695e-06 -3.57156321e-02 -1.84021577e-01  5.15587814e-02
 -2.52644271e-01 -9.59125534e-02 -2.49845684e-02 -8.50496665e-02
  2.56734312e-01 -4.86216955e-02  8.81938636e-02  2.75758564e-01
 -4.46040295e-02 -4.40762602e-02  8.73173326e-02  5.86673357e-02
  1.55646995e-01 -6.22725859e-02  1.19965479e-01  9.56252366e-02
  1.36959717e-01  2.19920069e-01 -1.36755139e-01  4.47753936e-01
 -3.92240196e-01 -8.75341296e-02 -1.27004564e-01  8.70691612e-02
 -5.31675443e-02  1.10083595e-01 -3.93329673e-02  3.77840213e-02
 -5.55814803e-02 -1.45427644e-01  1.02621010e-02  1.12262452e-02
 -4.94980067e-03  1.71751857e-01  6.89673275e-02 -7.52671212e-02
  5.26124090e-02  1.21363334e-01  3.37015688e-02 -6.85866922e-02
 -9.93421599e-02  2.46211477e-02  3.54645364e-02 -6.34474233e-02
 -1.22860380e-01  6.81439936e-02  2.88149025e-02  2.71380078e-02
  1.82302520e-01  1.83043301e-01  1.10122666e-01 -4.22276296e-02
  7.30079561e-02 -2.27825746e-01  2.98275769e-01  2.20305622e-02
  5.74833490e-02  6.29945425e-03 -2.21352741e-01  2.30505303e-01
 -2.06662551e-01 -2.42901176e-01  1.53898239e-01 -2.99381334e-02
  6.04432672e-02  8.61760005e-02 -4.51855436e-02  1.45996362e-02
 -1.36220962e-01  1.46221835e-02  1.84532702e-01 -6.02382608e-03
 -3.62535529e-02 -7.70234391e-02 -1.20663248e-01  2.57815063e-01]