http://erau.edu/ontology/meme.owl#BrendanFraserSpecialClapMeme
[-1.97104942e-02 -7.40752518e-02  2.56857499e-02  3.45161557e-02
 -1.30037882e-03  3.17188688e-02  1.38262704e-01 -6.40938729e-02
 -1.08896596e-02 -5.31948879e-02  8.87745619e-02 -7.72799179e-02
 -1.06431365e-01 -1.97283998e-02 -1.32654920e-01 -7.49773905e-02
  1.01007782e-01  1.43128395e-01 -3.33459750e-02  1.46889254e-01
 -1.71949685e-01  1.05564527e-01  9.30333361e-02 -1.50959745e-01
  1.14452504e-01 -5.75366952e-02 -6.50736596e-03 -2.31413856e-01
  3.03758442e-01  9.39546674e-02 -8.94995779e-03  1.39328539e-01
  5.01802564e-02  5.95702697e-03 -1.35003567e-01  3.07907492e-01
 -1.24420695e-01  5.49769886e-02 -3.41484360e-02 -1.61147162e-01
 -4.97172177e-02  1.38296634e-01 -2.29742825e-01 -4.63983081e-02
  5.21388762e-02  5.92625663e-02  1.02988087e-01 -4.40836102e-02
  4.56885295e-03  8.51719007e-02 -2.83412430e-02  6.34780377e-02
 -1.23249084e-01 -6.79236650e-02 -3.63176353e-02 -7.25878850e-02
  1.08196169e-01 -1.52173549e-01  7.74362683e-02  3.10654345e-04
 -9.25614610e-02 -5.51072275e-03  1.31481007e-01  4.50967103e-02
 -2.02404767e-01 -1.77404374e-01 -1.29029050e-01 -8.08272138e-02
 -7.94117898e-02 -6.64386526e-02 -1.23187222e-01  1.09449618e-01
  9.66230109e-02  1.16165981e-01  6.05170019e-02  1.12149976e-01
  1.09247267e-02  6.93034828e-02  2.25382283e-01  7.91114047e-02
 -1.62641983e-02 -1.04273587e-01 -5.57725392e-02 -9.22316015e-02
  8.86562690e-02 -1.34583842e-02  1.17099183e-02  7.03057200e-02
  1.25264600e-01 -9.03944205e-03 -6.94402009e-02 -3.38907897e-01
  8.62750039e-02 -7.83977658e-02 -4.69122864e-02  9.54746976e-02
 -2.86340285e-02 -9.25401524e-02  3.97679210e-02 -5.67452013e-02
  7.38339797e-02 -5.84730394e-02  2.35526666e-01 -1.24262355e-01
  3.32171805e-02  3.06077339e-02  8.07283074e-02 -3.41010615e-02
  5.69216087e-02 -1.01362824e-01 -5.14829298e-03  1.15547843e-01
 -1.47700742e-01 -1.01828203e-01  1.06562912e-01  4.58979309e-02
 -2.16011390e-01 -7.64531791e-02  9.29288715e-02 -4.46916409e-02
 -1.69972196e-01 -7.16394931e-02 -9.41302776e-02 -5.34786098e-02
  9.99629404e-03 -7.20522832e-03  5.48811210e-03 -1.00942533e-02
  8.47365111e-02 -2.63410229e-02 -9.56484452e-02 -1.29124179e-01
 -1.17011853e-01 -8.89745876e-02  6.89639896e-03  5.10021076e-02
 -6.18238039e-02  1.29817240e-02 -6.77266866e-02 -3.73789147e-02
 -1.90547943e-01  9.72957835e-02  9.87418145e-02  1.92681149e-01
 -4.42935452e-02 -1.62822410e-01  5.02763502e-02 -8.28006417e-02
  3.55304629e-02  2.15405673e-01  4.73479368e-02 -1.65043280e-01
  9.34803188e-02 -8.91543031e-02  6.25469685e-02 -5.02015762e-02
 -2.08308011e-01  1.38285086e-01  7.84571469e-02 -1.23360544e-01
 -3.47081409e-03 -1.52608648e-01 -1.42475236e-02 -5.30803995e-03
 -1.71094373e-01 -1.93727817e-02 -4.22668085e-02  1.65995866e-01
 -2.24837318e-01  5.09946831e-02  6.88409358e-02  6.33668974e-02
  1.41261846e-01  1.04160883e-01 -4.95799296e-02 -8.09805989e-02
 -4.05359156e-02 -7.17864186e-02  1.52805194e-01 -7.69343078e-02
 -1.00506887e-01  1.99902393e-02  5.16550504e-02 -4.32766788e-02
 -7.12086856e-02 -2.25091614e-02  5.05053997e-02  9.92610902e-02
  1.74630716e-01 -4.61292900e-02  9.72349644e-02 -9.01350975e-02
 -1.77068770e-01 -2.71754712e-02 -1.03257231e-01 -7.73918852e-02
  1.45463303e-01  1.84986927e-02 -9.25849080e-02 -2.08978225e-02
  9.61707681e-02  5.36073595e-02  1.04624294e-01 -9.56092626e-02
 -4.64753285e-02 -2.46574149e-01  1.83899980e-02 -5.55086546e-02
  4.04035151e-02  9.11650658e-02  1.61427021e-01  1.23126045e-01
  8.69785771e-02 -2.68345419e-03  2.13401560e-02  4.68285941e-02
 -3.96027751e-02 -1.79984659e-01  1.61440969e-01  2.55837347e-02
  1.39084399e-01  1.26144737e-01 -4.10313345e-02  6.22614473e-02
 -7.35121146e-02 -9.70972031e-02 -1.31428570e-01 -5.46220541e-02
 -1.29416376e-01  3.35359275e-02  6.07541464e-02  4.07571904e-02
 -1.04639105e-01 -1.26970261e-01 -9.04207602e-02 -7.68094137e-03
 -5.45884483e-02 -4.32069488e-02  2.44359188e-02  6.39631003e-02
  6.73039034e-02 -2.39802222e-03  7.05383867e-02  2.04426460e-02
 -2.38869995e-01 -1.18828956e-02 -1.87542707e-01  6.09015711e-02
 -1.16050795e-01  1.12527780e-01  3.97476815e-02 -2.82232952e-03
  3.18023600e-02  3.48806158e-02  2.10642129e-01  4.31063473e-02
 -2.49541104e-02  6.46808296e-02  7.35881599e-03 -4.48621996e-02
 -6.48026215e-03 -2.33637244e-02 -4.95186001e-02 -3.34098786e-02
 -1.14441797e-01 -8.26013759e-02  5.11470325e-02  3.22403274e-02
  5.27922027e-02 -1.08295403e-01 -2.99379509e-02 -9.31249782e-02
 -1.19993679e-01 -1.27562108e-02  1.78419992e-01 -1.64405197e-01
  5.35596646e-02  1.50585473e-02  3.15126441e-02 -1.55102052e-02
  6.12340234e-02  1.13604814e-02 -2.10751578e-01 -1.04329847e-01
 -1.11823700e-01  6.16749236e-03 -1.52405307e-01  6.98042586e-02
 -6.44748807e-02 -7.09648728e-02  1.09754518e-01 -8.40077698e-02
 -4.50888574e-02 -9.46223438e-02  2.42081247e-02  6.77680969e-02
  2.32982308e-01 -8.44711438e-02 -1.08902484e-01 -1.42422110e-01
 -7.43898451e-02  4.78548892e-02 -3.22616734e-02  2.23362185e-02
 -1.56245559e-01 -1.10292025e-01  4.76359017e-02 -6.24622479e-02
 -1.09477811e-01  3.16159502e-02  1.98691547e-01 -1.61222816e-01
  2.63393689e-02 -1.42660476e-02 -2.58742180e-03  2.42574289e-02
  1.22831725e-01  2.48691849e-02  1.00588828e-01 -1.74476355e-02
  9.42104589e-03 -2.19447538e-01  1.41913801e-01  1.92342848e-01
 -1.65804494e-02  7.88744688e-02 -1.86145261e-01  4.52795252e-02
  1.60356954e-01  3.07732951e-02  5.02120070e-02  1.01676904e-01
  1.20869363e-02  1.40357073e-02  6.12929761e-02 -1.29960164e-01
  8.80011469e-02  1.08574979e-01  7.15702176e-02  8.71601701e-03
  4.93485741e-02 -4.95396033e-02 -7.75793716e-02 -1.78922527e-02
 -7.10819066e-02 -3.93504612e-02 -6.44721836e-03  9.62710306e-02
  1.20608672e-01 -2.19271883e-01  2.71126162e-02  5.78807779e-02
 -3.55074592e-02  9.38605890e-02 -1.00915261e-01  1.72462910e-02
  6.29163608e-02  1.35903833e-02  1.56515852e-01  4.04975377e-02
 -3.61295342e-02  2.29158729e-01 -8.26366395e-02 -2.30667125e-02
  2.95021106e-02 -1.15849137e-01  3.09722908e-02 -9.22447667e-02
 -7.17417970e-02  2.94558611e-02  7.66816065e-02 -1.24439746e-01
 -1.83116868e-01 -7.43350238e-02 -1.94700547e-02  6.86438456e-02
 -1.92712262e-01  8.86566266e-02 -9.52408761e-02  7.14361146e-02
  6.68007284e-02  2.81682283e-01 -1.88977018e-01 -5.07518202e-02
  1.44902572e-01 -1.76338881e-01 -1.53359845e-01  7.55585879e-02
 -9.10459906e-02 -4.93781641e-02 -1.12396955e-01  8.00887570e-02
 -4.22194526e-02  1.41031772e-01 -1.06472261e-01 -2.58633763e-01
  1.16409495e-01 -2.96218973e-03  3.27352971e-01 -3.34997252e-02
  5.97583503e-02 -8.05830583e-02  2.56695878e-02 -2.21864045e-01
 -1.24037072e-01  2.49086022e-02  8.51522833e-02  3.06802481e-01
  2.21967518e-01  1.27340168e-01  2.37261221e-01 -9.57962126e-02
 -1.40492886e-01 -1.86839461e-01  6.57752454e-02  1.05129354e-01
 -1.08444430e-01 -1.12687998e-01 -4.50644493e-02 -2.78800875e-02
  7.32905790e-02 -1.34118991e-02 -8.78542215e-02 -5.38670868e-02
  8.06182027e-02 -1.88331217e-01 -1.02197580e-01  1.32053599e-01
  1.53563336e-01 -8.80021155e-02  1.36585489e-01  2.35566407e-01
  1.83333922e-02 -1.04332224e-01  2.01962829e-01  2.10335717e-01
  2.86481287e-02 -2.02297792e-01  5.29381894e-02  1.74512893e-01
 -3.88243869e-02  1.18943915e-01 -1.81989655e-01  2.95789808e-01
 -3.62341553e-01 -8.05679709e-02 -1.38955697e-01 -1.51102498e-01
 -1.55923054e-01  6.16853125e-02  1.83562078e-02 -6.58769533e-03
  2.50399828e-01  2.34654471e-02  2.62484312e-01 -4.98823486e-02
  9.67340469e-02  9.88081917e-02  2.75632385e-02 -1.41554624e-01
  1.66132033e-01  1.15991861e-01  2.16792226e-01 -2.00443044e-02
  4.44988087e-02  1.00230895e-01  4.34457250e-02 -1.44796222e-01
 -7.94467628e-02  4.88407649e-02  1.65111527e-01  5.49154617e-02
  1.74564898e-01  6.71896413e-02  4.42044251e-02 -2.22743332e-01
  1.78546876e-01 -1.75002933e-01 -6.00763373e-02  7.77376965e-02
  1.47849783e-01 -3.28233652e-02 -3.30387265e-03  1.95668533e-01
 -9.67378393e-02 -1.77004352e-01  7.40289390e-02 -6.81075305e-02
  1.99448198e-01  7.47297183e-02 -1.41989753e-01 -2.55200006e-02
 -3.22080515e-02 -4.23771888e-02  1.49200588e-01 -6.79816678e-02
  5.63337207e-02 -1.63945407e-01  7.96988755e-02  2.17965990e-01]