http://erau.edu/ontology/meme.owl#SpaghettiOsPearlHarborTweetMeme
[-0.09743471 -0.01179167  0.07686631  0.13172062  0.05003016  0.04774409
 -0.07933437  0.03606948  0.10042834 -0.22233808 -0.12418146  0.27901104
  0.20194452  0.15268362 -0.05820562 -0.18367408 -0.09119732 -0.06887887
  0.02199318 -0.05204589 -0.01369471  0.17577389 -0.04028764  0.1461489
  0.03033023 -0.19376968 -0.00701594 -0.02731218  0.03772753 -0.07546926
 -0.22280927 -0.07548715 -0.15516573 -0.01878078 -0.12827663  0.0527318
 -0.15647295  0.12176359  0.0461076   0.2454411   0.07468063  0.03024426
 -0.2651483  -0.0332551  -0.22239964 -0.05210209  0.07774855 -0.17346293
  0.05586151 -0.17559092 -0.0102038   0.17401063  0.21413776  0.00705652
 -0.18691349  0.24085692 -0.07999503 -0.01097069  0.11904492  0.18139513
  0.18936487 -0.17023925  0.01993215  0.032765   -0.05860065 -0.03672168
 -0.1204859  -0.06640858  0.11372113 -0.10504601  0.14815539 -0.01636061
 -0.02132037 -0.01017998 -0.2172651  -0.07881054 -0.03863698 -0.1143425
 -0.03039175 -0.12299034  0.156785    0.1888247  -0.2688021  -0.10845445
 -0.04589839  0.01053563  0.13048427  0.05360657 -0.02202281  0.26485816
 -0.10205401 -0.00955728 -0.21931694 -0.0271509   0.05728532 -0.08299903
 -0.05726551  0.27875546  0.020681   -0.02635027  0.09868701 -0.0607061
 -0.08959267  0.02542991  0.14708103 -0.00623731  0.08369333  0.18709458
  0.11284687 -0.01072196  0.18758804  0.12301303  0.03607095  0.02131888
  0.16807821 -0.13065846  0.04439228 -0.01507958 -0.13391045 -0.01118532
 -0.0044491   0.15421367  0.0134236   0.01343477 -0.20479152 -0.24862987
 -0.02128024  0.15522474 -0.23109734 -0.14638655 -0.03543821  0.04326945
  0.01797278 -0.18404183  0.10487924 -0.10101658  0.11668788  0.03310479
  0.04094429  0.00116797 -0.08369473 -0.00416748 -0.0700075   0.0609653
  0.01604121  0.03038245 -0.05367548 -0.12749872 -0.10633557 -0.02534171
  0.07938967  0.0381092  -0.16717392 -0.13091592 -0.10650441 -0.1401657
  0.04171202 -0.00240739 -0.07079967 -0.05803923  0.07182245  0.24552451
  0.10120527  0.01966507 -0.12164115 -0.11469957  0.01139053  0.14086853
 -0.1891014  -0.0505967  -0.03034387 -0.02027738 -0.02934257  0.19577697
  0.1311553  -0.00776934  0.0647077   0.0343895   0.01728316 -0.02834161
 -0.18979795 -0.08831859 -0.02657243 -0.02819627 -0.02534862 -0.0153353
 -0.17899446  0.04034127  0.13157077  0.1274974  -0.00383655  0.2377816
  0.1978166   0.13209139 -0.11856664 -0.01948432 -0.0760555  -0.05432116
 -0.13662796  0.18317531]