http://erau.edu/ontology/meme.owl#TawawaChallengeMeme
[-0.11488813 -0.23020728 -0.03663342  0.08804714 -0.09242819  0.24746169
  0.04198708  0.2247725   0.08967241 -0.05669703  0.09728742 -0.15003997
 -0.17385793 -0.0716241  -0.01765464  0.21766937  0.18296458  0.07274435
  0.13037638  0.13836983 -0.13985273 -0.00347651  0.08993419  0.03480978
  0.14510016 -0.04005856  0.09038644 -0.09615513  0.19459856  0.290756
 -0.02450783  0.14948218 -0.00438394 -0.0756305  -0.00077402  0.29141673
 -0.02993734  0.15236217 -0.02650998 -0.18941933  0.18118532  0.12692031
 -0.03423536  0.11605407  0.02005651  0.10142645  0.0355366  -0.05415823
  0.04653108  0.0245299  -0.12354119  0.04598163 -0.12208433 -0.10856765
 -0.04861996  0.0733258   0.06373303  0.15961583  0.11402337  0.10290223
  0.07134227  0.01769778  0.00131827  0.00912605 -0.02178626  0.07575621
 -0.04938249  0.11348227  0.05541357 -0.23568788 -0.28360367 -0.04711571
 -0.07590504  0.15200971  0.08530139  0.17935464 -0.11214771 -0.06544889
  0.01298859 -0.09380234 -0.17354146 -0.12198421  0.08646727 -0.02166034
  0.00553848 -0.19055809 -0.12422664  0.04547211  0.09163716 -0.00401333
  0.08432823 -0.25013074 -0.06900164 -0.1113551  -0.07384132  0.11061268
  0.03536847 -0.00231414 -0.01056707 -0.03502578  0.16610649  0.02107831
  0.4020758  -0.17978679  0.1718038  -0.01216732  0.11100727 -0.1439451
  0.0188472  -0.15474008  0.0670891   0.02137077 -0.0825831  -0.11624843
  0.16826132  0.16399601 -0.28741968 -0.27565005 -0.01573291  0.07972334
 -0.16467625  0.02183096  0.03275572  0.10342358  0.05400864 -0.18468556
  0.01494205 -0.01022457  0.01678828  0.06025819 -0.27601573  0.00716398
 -0.02547737  0.0636187  -0.13944842  0.21866432 -0.051964   -0.18715204
 -0.1545681  -0.00287582 -0.32348624  0.1006635   0.03802144 -0.1251467
  0.27923205 -0.21664058 -0.0888404  -0.11895429 -0.11999255  0.2096755
 -0.14194335 -0.16906218 -0.07706937  0.20122913  0.21167544  0.21742219
 -0.16936299  0.13552655  0.011666   -0.14967775 -0.01461356 -0.26211697
  0.07079373 -0.05723964 -0.04163912 -0.14063753 -0.06252328  0.1421096
 -0.4717898   0.11845222  0.00518229  0.0871051   0.05631481  0.1331741
  0.04278837  0.12170433 -0.07140698 -0.13817275  0.04151741 -0.0989764
 -0.14449303  0.22565979  0.06747064  0.20467088 -0.11699543  0.02556657
 -0.04396325  0.2006084   0.36947405  0.01376744  0.12870158 -0.06257027
 -0.15827839 -0.00069243 -0.06277012  0.0171063   0.05432248  0.00509593
 -0.1995947  -0.10241953 -0.00897646  0.00846737  0.07276662 -0.01522538
 -0.12323184 -0.21535811  0.00197567  0.03899944 -0.06546152  0.12425709
  0.3279186   0.26287723 -0.02059116 -0.02215695  0.10423583 -0.0006739
 -0.02267201  0.02438314  0.17687538  0.10150243  0.08078124 -0.03599806
 -0.09994024  0.05768287  0.0094622   0.00599855  0.00134532 -0.05646674
 -0.1608836   0.04658097  0.15485431  0.11240697  0.0528291  -0.08087136
  0.11701468 -0.10415266 -0.01760346  0.10228127  0.14687766 -0.08314394
  0.07269894 -0.173054    0.03519914 -0.00984081 -0.26167578 -0.048675
 -0.11706074  0.20342308 -0.1212889  -0.0478567   0.08570573 -0.03752406
  0.10521057  0.20483519  0.17308852 -0.12761511 -0.2983799  -0.1663065
  0.13663045  0.12869059 -0.03149856 -0.09352895  0.04678263 -0.16539158
  0.09813791 -0.2185178  -0.3676802   0.09096356  0.00316898 -0.1865079
 -0.09783991 -0.03935218 -0.13893451  0.01278546  0.02974731  0.00728158
  0.02622222 -0.06909534 -0.06093865  0.04440579  0.0529604   0.0558029
 -0.01324391  0.06263495 -0.2404304   0.0103707  -0.06567407  0.03597837
 -0.03204542 -0.0264626  -0.01339168 -0.09161516 -0.01600605 -0.06689502
  0.06774225  0.02993819 -0.02925736 -0.01871366 -0.07483654  0.08276092
 -0.1949397   0.21278714 -0.00103991  0.05989868  0.0858475  -0.11370452
  0.06668086 -0.04086433 -0.04848154  0.2445178   0.16544136 -0.17319393
  0.03470739  0.12876281 -0.01743376 -0.00168905 -0.08075885  0.07644472
 -0.06411634  0.04706971  0.0316007  -0.00481304  0.0920922   0.04876977
 -0.01255009  0.06795747 -0.07092173 -0.0099444   0.06864338 -0.00422152
  0.10863295  0.03715622  0.0413858  -0.14526759 -0.10080086 -0.1328033
  0.08357654 -0.0082678  -0.11551044  0.17410189  0.12103534  0.05446963
 -0.09213769 -0.07982855 -0.09639377 -0.05177133 -0.22822632  0.20091498
 -0.06906192 -0.10179248 -0.02807497 -0.06891309 -0.01983555  0.29589355
 -0.07857308  0.18981415 -0.02643498 -0.21099648  0.15166055 -0.22720726
 -0.14075352  0.09538891  0.01790645  0.11979777  0.08054294 -0.05605637
 -0.14442082  0.01352689 -0.00459998  0.05891796  0.02349036 -0.05768293
 -0.07733136  0.10884205  0.11793707 -0.07082798 -0.0133055   0.03172588
  0.03604819 -0.1345206   0.20053774  0.13236667 -0.11980489 -0.22430798
  0.10117283 -0.00623424 -0.21204457  0.0794633  -0.00509878 -0.04175098
 -0.16958663  0.0330337  -0.08033128  0.03298197  0.01479141 -0.08080917
 -0.02856186  0.1719259   0.23271817  0.01180672 -0.06393339 -0.00820372
  0.04377612 -0.24180986 -0.05710337  0.07064092  0.18927835  0.04662573
  0.14449437  0.05091328  0.18438703 -0.2454213  -0.1579168  -0.0657439
 -0.02343688  0.09519342 -0.05118736  0.04333037 -0.04676395  0.07585084
  0.0276391   0.01216109 -0.20052841 -0.01013697 -0.0488844  -0.25952953
  0.06470114  0.21120729  0.05335635 -0.01625871  0.20997533  0.20138775
 -0.0006811  -0.14811492 -0.0383371   0.092202   -0.27102077 -0.02081848
 -0.04244466  0.21037738  0.09051302 -0.01292212  0.05465737  0.24848038
 -0.1917588  -0.06597409 -0.14227326 -0.09914955 -0.06684994  0.07519764
  0.11973559  0.16739932 -0.009973   -0.01867591  0.26609477 -0.20249286
  0.05608437  0.18965144  0.08438037 -0.07408135  0.07968032 -0.03728332
  0.09529191 -0.04809934 -0.14665727 -0.06662212 -0.03019158 -0.14488038
 -0.01181094  0.19311619  0.06560426 -0.05457784  0.11889174  0.05796304
  0.00747876 -0.01795971  0.07806639 -0.09255342  0.02332901  0.05158264
 -0.17263988 -0.09364757 -0.06634502  0.2410721  -0.04011889 -0.18341717
  0.06897753 -0.10073622  0.1243289   0.02271412 -0.10772277 -0.08523943
  0.06550948 -0.22533064  0.14515993  0.06569888 -0.05547907 -0.01392037
  0.08942595  0.16292267]