http://erau.edu/ontology/meme.owl#LewisLawMeme
[-1.21592276e-01 -1.81199655e-01  5.94959781e-02  1.57012358e-01
 -9.17965621e-02  1.07257508e-01  5.97336702e-02  5.13072051e-02
  2.01247126e-01 -1.20759539e-01  1.19694121e-01 -6.20111041e-02
 -7.32131228e-02  1.02732882e-01  8.37485939e-02  1.59300677e-02
  4.36318740e-02  1.08314328e-01  3.55353020e-02  1.45755142e-01
 -2.19758481e-01  1.12039290e-01  1.31455943e-01 -3.28205489e-02
  1.31869778e-01 -3.17367390e-02  1.35721741e-02  4.70364466e-02
  2.70238906e-01  1.69938728e-01  1.16396710e-01  6.07828572e-02
  5.55972531e-02 -1.05856441e-01 -2.46443767e-02  8.00288022e-02
  4.36299853e-02 -1.55781657e-02 -1.19348345e-02 -2.54170503e-02
 -4.60237414e-02  1.12687878e-01 -8.24975818e-02  4.70786020e-02
  1.01781368e-01 -3.12084612e-02 -7.97681659e-02 -2.08992049e-01
 -2.29285620e-02 -1.47538641e-02  4.97304648e-02 -1.03714829e-02
 -2.34756921e-03 -3.58092673e-02 -1.47728622e-03  9.89630073e-03
  3.38260718e-02  1.27931640e-01  6.10654317e-02  2.75792368e-02
  4.21177410e-02 -3.01041044e-02  1.35683210e-03  5.02679124e-02
 -5.75823635e-02 -1.48667917e-02 -7.77930841e-02  9.54109281e-02
 -1.35186195e-01  3.72357816e-02 -2.18344718e-01  9.34726559e-03
  3.94814536e-02  1.96706019e-02  9.37895030e-02  2.73771267e-02
 -1.53034776e-01 -2.00993065e-02  8.38377997e-02 -1.30671132e-02
 -6.95240274e-02  1.08592182e-01  3.11124548e-02 -1.21606588e-01
 -4.17399332e-02 -6.88596070e-02 -1.61997870e-01  1.11300409e-01
 -1.20376784e-03 -3.36924270e-02  7.38616809e-02 -2.39583060e-01
  4.29048836e-02 -1.45144373e-01 -5.14398664e-02  2.26955973e-02
 -8.49983171e-02 -2.13943366e-02 -8.48325491e-02 -9.64245200e-02
  9.28822309e-02  5.42245507e-02  2.12268248e-01 -7.99775198e-02
 -2.28975024e-02  3.10800839e-02  2.69171316e-03  5.20168655e-02
 -2.04934627e-02 -1.48441568e-01  2.08830386e-01 -5.71632758e-02
  4.85289469e-02 -6.62139580e-02  1.60712879e-02  1.08562805e-01
 -9.04755518e-02 -1.64317023e-02  1.01174742e-01 -3.51704843e-02
 -4.33745012e-02 -3.31642106e-02  3.74465212e-02  1.40447691e-01
  2.73855329e-01 -3.57419290e-02  3.08017340e-02  3.08359768e-02
  3.25304158e-02  1.08905107e-01 -2.67965883e-01  4.08100523e-02
 -8.98811296e-02 -3.50958519e-02 -4.61808480e-02  1.69730917e-01
 -9.12361667e-02 -1.53555542e-01 -1.14404373e-01  1.16159562e-02
 -2.08604872e-01 -1.03736445e-01  1.41300991e-01 -6.09729327e-02
  1.29519865e-01 -2.14993060e-01  6.62173554e-02 -1.35881573e-01
 -3.04691289e-02  4.83609848e-02 -1.26221493e-01 -2.66029611e-02
 -7.25185871e-02  2.47332811e-01  2.68674716e-02  1.33278430e-01
  7.24485740e-02  2.66996771e-01 -2.36717332e-02 -3.84632461e-02
  1.16825569e-02 -1.62699878e-01  6.32326724e-03 -1.96662582e-02
 -1.14985660e-01 -1.21967286e-01  8.97413418e-02  5.46617247e-02
 -2.67658979e-01  7.42218941e-02 -9.08348039e-02  1.14948802e-01
  6.50172532e-02  7.52132311e-02 -5.03599495e-02  7.73819983e-02
 -5.31535260e-02 -4.49235216e-02  1.40716732e-01  1.42708505e-02
  2.23572571e-02  6.45722523e-02 -9.49921533e-02  1.37621507e-01
 -6.70031235e-02 -1.31723836e-01  1.59826890e-01  7.00400546e-02
  1.95145786e-01 -1.37209117e-01  6.45011067e-02  1.73005986e-03
 -1.92928478e-01 -1.74643293e-01 -2.70123370e-02 -3.80226448e-02
 -2.13274304e-02  2.27072969e-01 -2.96210218e-03 -1.31471545e-01
 -1.30268866e-02 -8.87602866e-02  1.04417622e-01 -3.34823020e-02
 -7.24818632e-02 -4.81434226e-01 -1.13222599e-02 -4.28465419e-02
  1.81592673e-01  2.08524600e-01  5.18052518e-01  1.71080798e-01
 -5.21242134e-02 -4.11225446e-02  1.07753329e-01 -3.05336043e-02
 -1.03688322e-01 -1.96569953e-02  1.92050025e-01  2.52704471e-01
  2.24788755e-01  1.85830936e-01 -1.19157985e-01  1.23618223e-01
 -3.53244096e-02 -2.16509681e-02 -1.01280259e-03  3.69647443e-02
 -2.14805022e-01 -2.42191590e-02  9.42106992e-02  1.54856190e-01
 -2.38841996e-02 -8.98621082e-02 -6.80598840e-02 -8.13483819e-02
 -1.09842569e-01 -1.69530953e-03  1.33965537e-01 -6.69011101e-02
 -4.34522852e-02 -5.30853160e-02  1.15384385e-02 -4.16746177e-02
 -2.01719299e-01 -5.15301488e-02 -9.75845307e-02  4.65992801e-02
  7.33367652e-02 -9.96762142e-02  3.84435207e-02 -8.43366832e-02
  9.70834568e-02  3.19382036e-03  2.27016836e-01 -2.12780349e-02
 -2.29637370e-01 -3.33358794e-02  1.94164347e-02  8.78545344e-02
 -1.09310925e-01  9.50240269e-02 -7.52809569e-02 -9.59752500e-02
  2.21380754e-03 -1.01417892e-01 -6.81719035e-02  4.07594852e-02
 -1.16972746e-02 -6.54852483e-03 -2.74306666e-02  1.06779478e-01
 -1.06526874e-01  4.51785810e-02 -5.49776554e-02 -2.49203835e-02
 -6.64149821e-02  9.53469127e-02 -3.19939181e-02 -3.61922607e-02
 -8.52677971e-03  1.51874989e-01  3.92540591e-03  1.93248149e-02
 -1.14023536e-01 -7.27336183e-02 -5.49252108e-02 -8.96718912e-03
  5.70375659e-02  1.11091009e-03 -1.83979906e-02  2.35377694e-03
 -2.23505162e-02  1.36964023e-01  6.55414984e-02 -1.36730880e-01
  7.41431909e-03  1.14928119e-01 -5.17320670e-02  1.69190522e-02
 -1.20376963e-02  1.44367918e-01  1.06299311e-01  3.52144986e-02
  1.04585856e-01  1.68876294e-02  1.33816777e-02  9.86857489e-02
 -8.18333868e-03 -1.24150716e-01  7.36620873e-02 -1.23424932e-01
 -7.87904393e-03  1.57291703e-02 -1.49765491e-01  4.79016453e-02
 -2.52072513e-02  7.01729730e-02 -7.06955940e-02 -2.30604298e-02
  2.51765214e-02 -5.84835000e-02  3.39216068e-02  2.39858981e-02
 -2.15037726e-02 -4.13230620e-02  7.62209669e-03  3.48473638e-02
  1.18021108e-01 -3.90795572e-03 -9.42075066e-03 -6.85646459e-02
  5.25950268e-02 -1.66082785e-01  9.45777595e-02 -1.65375739e-01
  9.90827754e-02  5.94622828e-02 -5.42366467e-02  2.39025541e-02
 -1.07309960e-01  1.96342304e-01 -1.52783796e-01 -1.07926115e-01
 -1.05195194e-01  1.17107211e-02 -7.24532828e-02  8.97574797e-02
  8.03075358e-03 -1.17049277e-01 -5.75910285e-02  1.32361636e-01
 -6.99483752e-02  2.61974931e-01 -1.08958622e-02  1.19947262e-01
  7.24420696e-02  3.57404687e-02  1.00337744e-01 -1.59292638e-01
 -5.70836440e-02  9.18039531e-02  7.81348869e-02 -3.70630505e-03
  5.25830649e-02 -4.88515720e-02 -2.16470212e-01 -2.90012383e-03
  2.24639867e-02  3.35332385e-04 -8.77785832e-02 -1.11574419e-01
 -2.93110162e-01  1.89216942e-01  1.68476015e-01 -5.19257523e-02
 -8.79590064e-02  4.23659384e-02 -2.98441947e-02 -7.39869326e-02
  8.01778436e-02  1.55992970e-01 -6.95495233e-02 -2.27969229e-01
  3.08424961e-02 -1.78179130e-01 -9.85802636e-02  1.03806518e-01
 -1.35761410e-01 -1.69600397e-01  2.94216257e-02  8.65270048e-02
 -3.86832803e-02  2.21580207e-01 -2.74029430e-02 -1.72778875e-01
 -5.68772014e-03  9.15866569e-02  3.20461273e-01 -2.02527598e-01
 -2.43992433e-01 -1.24044396e-01  8.82933512e-02 -3.39677662e-01
 -1.42566383e-01  3.50680761e-02 -3.22108790e-02  3.88990551e-01
  1.19190790e-01 -4.08057198e-02  1.16648525e-01 -2.92760972e-02
 -1.58732757e-01  9.41815525e-02 -1.66614175e-01 -1.88975979e-03
 -3.01103324e-01 -2.20554024e-02 -1.21547133e-01  9.75883305e-02
  1.47009626e-01 -4.32505719e-02 -1.68444231e-01  4.04704548e-02
  5.51842637e-02 -2.70044178e-01  2.89206076e-02  1.52747586e-01
  6.45776689e-02 -3.46602406e-03  1.14863530e-01  2.61880666e-01
  1.73480406e-01 -2.36669153e-01  1.43294424e-01  2.55867571e-01
  9.84353796e-02  7.06140127e-05  2.55821999e-02  2.05840766e-01
  1.06575694e-02 -3.33780311e-02 -1.26971990e-01  3.02671254e-01
 -2.37353191e-01 -1.08214639e-01 -2.97911257e-01 -1.38357460e-01
 -1.49081603e-01  5.39196581e-02  5.51259741e-02  1.59736201e-01
  8.43193829e-02  1.44896125e-02  1.54926702e-01 -7.32628256e-02
  1.69048771e-01  8.85125697e-02  2.10097153e-02 -3.25251147e-02
  1.65453359e-01 -6.79617301e-02  1.47370845e-01 -1.34425297e-01
 -4.88017350e-02  1.94440246e-01  3.17647122e-02 -1.52616292e-01
 -2.50195842e-02  2.18159243e-01  2.61075497e-01  4.23963219e-02
  1.53421000e-01  2.17917174e-01  1.06274197e-02 -6.95128217e-02
  2.12018743e-01 -2.70639628e-01 -2.27284521e-01  2.04797372e-01
 -1.25005543e-01 -9.93437320e-02 -3.77449468e-02  2.73363829e-01
 -1.58440948e-01 -2.53223330e-01 -8.61892069e-04 -7.34037487e-03
  1.71347409e-01  5.69473132e-02 -2.01274797e-01 -1.18546791e-01
  3.56444307e-02 -7.53302127e-02  1.26672894e-01  1.22928610e-02
 -1.28221691e-01 -1.78349718e-01  1.13811411e-01  4.68026241e-03]