http://erau.edu/ontology/meme.owl#ThatSignCantStopMeBecauseICantReadMeme
[-9.65987146e-02 -4.21023108e-02  1.39744952e-01  8.37428719e-02
  4.05733474e-02  3.73078845e-02  1.07095063e-01 -9.09421146e-02
 -2.08672453e-02 -1.00298144e-01 -2.06138194e-02 -6.95774183e-02
  2.88318824e-02  3.56976800e-02 -4.47804108e-02  9.03318152e-02
  1.05458766e-01  4.06333432e-03 -6.55787345e-03 -2.05300562e-03
 -2.32488602e-01  1.14669643e-01  2.64729783e-02 -1.23137407e-01
  1.45304129e-01 -2.37807497e-01 -9.81520042e-02 -1.71506722e-02
  2.62568980e-01  1.60874829e-01  1.66064009e-01  1.09793559e-01
  1.50589183e-01 -1.27652600e-01 -4.59196530e-02  1.35405034e-01
 -5.95476897e-03  3.23992483e-02  5.05510159e-02  1.50720505e-02
 -7.30241016e-02  2.46229872e-01 -1.58079296e-01 -4.34238948e-02
  1.19750544e-01  2.11962555e-02  2.44262386e-02 -9.74730253e-02
  2.94688679e-02 -4.71727178e-02  6.83247298e-02  1.12726331e-01
 -1.19301707e-01 -1.21254034e-01 -2.41039485e-01  4.54443507e-02
  2.36844048e-01 -1.84178531e-01  2.10858077e-01  1.77015141e-01
  1.12158135e-01 -3.40086333e-02  1.89419761e-01  1.03800029e-01
 -6.42953888e-02 -8.82908255e-02  4.97367559e-03 -3.10693942e-02
 -1.64620474e-01 -2.15063673e-02 -1.81666970e-01 -1.08516114e-02
  1.30844042e-01  4.44172584e-02  3.62492464e-02  7.84238949e-02
 -7.78290629e-02  8.46013203e-02  3.22566330e-02  1.25091225e-01
 -1.60024071e-03 -2.63838954e-02  6.78168163e-02 -8.49700421e-02
  8.05845335e-02  1.98389054e-04 -8.40187073e-02 -5.63103184e-02
  2.97452994e-02  2.83299899e-03 -1.98109318e-02 -2.99293678e-02
  5.23738116e-02 -1.04218774e-01 -1.19595826e-01  6.95108771e-02
  5.24398610e-02 -1.07994266e-01 -1.57143012e-01 -9.08296555e-02
  1.53887406e-01  9.51508060e-02  2.14965835e-01  7.11884424e-02
 -4.41015773e-02  4.30149361e-02  1.07931919e-01  2.24151798e-02
 -1.05207413e-01  6.43150462e-03  9.81972460e-03 -1.08842380e-01
 -8.25497657e-02 -1.91267766e-02  5.83839007e-02  1.42308129e-02
 -2.23418400e-01 -1.23142853e-01 -8.21110979e-03  6.29071966e-02
 -2.72778608e-02 -2.63374224e-02 -8.52036029e-02  2.31962845e-01
  2.18251288e-01 -1.61644325e-01 -1.94598977e-02  3.46671231e-02
  9.54818800e-02  6.97729830e-03 -3.15566838e-01  1.28777951e-01
 -5.91452010e-02 -1.96133330e-01 -3.60485055e-02  1.22017786e-01
 -4.30838950e-02  7.56613538e-02 -2.20951706e-01  5.37755862e-02
 -3.14271003e-01 -1.06553466e-03  1.56178847e-01  4.07402702e-02
  2.80790061e-01 -2.74282694e-01  1.34494212e-02 -1.97187681e-02
 -1.43540204e-01  1.58183172e-01 -2.59334538e-02 -1.00336120e-01
 -2.19061553e-01  1.15476854e-01 -9.73456278e-02  1.17017567e-01
 -1.48172706e-01  1.56984493e-01  7.41796121e-02  9.42489598e-03
 -5.03169931e-02 -1.22655956e-02  4.44838032e-02  1.29748965e-02
 -2.17476949e-01 -5.33350781e-02  8.22093263e-02  1.89356565e-01
 -3.83182585e-01  1.11421742e-01  1.12807434e-02  1.70834228e-01
  2.36108109e-01  8.08530450e-02  1.50494613e-02 -1.27254575e-02
 -6.03083968e-02  1.81829669e-02  4.10581417e-02  1.48151359e-02
 -9.09527689e-02  2.19469041e-01  2.94110086e-02  5.62641956e-02
 -1.10322647e-01 -4.30413149e-02  2.22633034e-01  6.33259490e-02
  2.13488281e-01 -5.81924953e-02 -5.74160852e-02 -1.29215559e-02
 -1.52012229e-01 -5.58070280e-02  1.70208797e-01 -1.65101528e-01
 -3.12501378e-03  1.82408661e-01 -7.55565986e-02 -7.86509067e-02
 -1.61852445e-02 -5.93065917e-02  3.40154842e-02  1.18378915e-01
 -1.26127198e-01 -2.97467113e-01 -6.52833283e-02 -1.54263079e-01
  2.69629300e-01  1.76125318e-01  2.42497265e-01  2.52241269e-02
 -8.01573023e-02 -3.26775461e-02  5.16961180e-02 -1.66982524e-02
 -3.31866518e-02 -1.27428304e-02  1.96608782e-01  1.78373903e-01
  1.37006175e-02  2.20938861e-01 -1.07323237e-01  1.76747739e-01
 -1.56130763e-02  7.09705204e-02 -1.49777144e-01  6.83791935e-02
 -7.57647827e-02 -1.37517080e-02  9.41109955e-02 -5.34199178e-03
 -8.47935677e-02 -2.69417584e-01 -4.04632650e-02  7.00224750e-03
 -2.24917993e-01 -1.49762005e-01 -2.04345420e-01 -7.18157440e-02
 -3.60565372e-02 -8.19692314e-02  7.18135163e-02 -4.66420390e-02
 -1.91711441e-01  2.75973212e-02 -7.96027035e-02 -1.27547309e-01
 -4.54907678e-02  3.97624895e-02  6.73317015e-02 -1.19616848e-03
  8.09267610e-02  5.62455654e-02  2.08487168e-01 -4.53336760e-02
 -1.89643010e-01 -9.83515009e-03 -9.42841824e-03  8.28401446e-02
 -1.49737298e-01 -8.74700677e-03 -1.06447078e-02 -1.14437588e-01
 -1.95039213e-01 -5.43801449e-02  9.02131572e-02  6.15457632e-02
 -1.02503486e-02 -1.87007472e-01 -1.43974468e-01 -1.34721681e-01
 -1.31332371e-02 -6.01447001e-02 -8.01027045e-02  7.38191083e-02
 -1.24365389e-02 -6.14510998e-02  7.60740712e-02  3.23792733e-02
  1.02943152e-01  2.38085896e-01  1.22736052e-01 -1.32471666e-01
 -1.03962190e-01  3.62203154e-03 -1.04935229e-01 -5.68063334e-02
  2.10080184e-02 -5.11999242e-03  6.16347082e-02 -2.05038801e-01
  2.75097061e-02  8.14776309e-03  2.21614726e-02 -6.62423596e-02
 -1.01822272e-01  5.39288856e-03 -8.40465054e-02 -7.28232190e-02
 -1.54596329e-01  1.11544535e-01  1.13368817e-02  1.39858702e-03
  9.52501670e-02  7.47376978e-02 -1.59063302e-02  6.73156232e-02
 -1.60738736e-01 -2.72465590e-02  2.53648043e-01 -1.41088337e-01
 -1.19029880e-01  5.17619252e-02 -1.21587291e-01  1.63121726e-02
 -1.83088139e-01  6.27623200e-02  3.35785677e-03 -1.03353597e-01
  1.58346668e-01  6.53733760e-02  9.38292816e-02  1.40373290e-01
 -3.61088291e-02 -6.65875245e-03  7.56219961e-03  9.53531787e-02
  2.20503677e-02  1.52391428e-02  7.60770217e-02 -1.00691944e-01
 -7.51101449e-02 -1.99475080e-01  4.20987718e-02 -1.91820651e-01
  4.50466946e-02  3.43221016e-02  6.19499460e-02  5.67315482e-02
 -1.21859200e-02  1.75093517e-01  8.40024091e-03 -7.48072192e-02
 -1.04247257e-01 -3.43970917e-02 -1.34249881e-01  1.22689873e-01
 -1.14754206e-02 -1.06699906e-01 -2.89038904e-02  8.00433860e-04
 -1.13995083e-01  1.01195432e-01 -9.44945440e-02 -5.37710451e-03
  7.88710490e-02  6.14194274e-02  1.69076726e-01 -1.71250999e-01
  1.16111347e-02  2.31176615e-02  1.32441074e-02 -1.66156627e-02
 -9.96669680e-02  2.80912668e-02 -1.40633345e-01  8.75985995e-02
  1.06337741e-01  2.95927785e-02 -9.66207236e-02 -3.61276977e-02
 -3.10158789e-01  1.42818332e-01  8.70503634e-02 -7.32837245e-02
  7.56591037e-02 -2.39023231e-02 -8.38195011e-02 -2.12943871e-02
  1.75510142e-02  1.16710275e-01 -2.88255010e-02 -2.06725165e-01
 -1.27637565e-01 -7.63634816e-02 -1.11486889e-01  1.76757023e-01
 -1.44350464e-02 -1.13872357e-01  1.59044713e-01  1.37069389e-01
 -1.23159951e-02  2.18619615e-01  6.27468005e-02 -1.27956539e-01
 -1.75629314e-02  7.90960714e-02  3.28232884e-01 -1.45809859e-01
 -4.85554896e-02 -1.27748564e-01  8.41199532e-02 -1.06966279e-01
 -1.19418733e-01  1.67083144e-01 -1.45364970e-01  6.51451573e-02
  2.46585570e-02 -1.01322815e-01 -6.00123517e-02 -1.48017526e-01
 -1.17042124e-01  5.56939989e-02 -9.41857398e-02  1.72341511e-01
 -1.50205359e-01 -2.40590256e-02 -9.70512629e-02  5.07120229e-02
  8.14196765e-02 -3.36236469e-02 -1.14888996e-01 -3.89657021e-02
 -6.97577000e-02 -5.71489334e-02  6.50032461e-02  4.51190211e-02
  1.03492253e-01  7.92973712e-02  1.08076379e-01  1.67789295e-01
  9.69818011e-02 -2.65437543e-01  2.01792210e-01  1.41646534e-01
  1.56851113e-01  3.79468757e-03  2.93842647e-02  5.62662855e-02
  2.30772659e-01  6.05905727e-02 -7.86681026e-02  2.88190484e-01
 -1.47335157e-01  5.62878922e-02 -2.05207705e-01 -6.22560047e-02
 -1.41675770e-01  1.13660462e-01  3.26592401e-02  1.94556206e-01
  1.50760174e-01 -1.71325039e-02  1.60819352e-01  4.79527637e-02
  1.86854362e-01 -4.36757170e-02  3.81859653e-02  5.50864786e-02
 -1.83695147e-03  1.68261766e-01  7.54232779e-02 -8.62093419e-02
  4.83979424e-03  8.60857815e-02  4.45473008e-02 -1.24265231e-01
  4.54858830e-03  1.14191383e-01  8.76544788e-02  5.24117015e-02
  1.51152104e-01  9.96813700e-02  6.58181161e-02 -4.93383519e-02
  9.60261300e-02 -4.50044125e-02 -1.47835374e-01  2.06503168e-01
 -1.96504712e-01 -7.41652623e-02 -3.14299613e-02  6.90221190e-02
 -2.24407852e-01 -2.09375754e-01 -1.19012363e-01 -7.83190131e-02
  5.55692613e-02 -3.67192253e-02 -1.54417649e-01 -4.88841310e-02
  2.74322592e-02  1.54175520e-01 -3.39854918e-02  1.21228002e-01
 -4.57537360e-02  3.95935364e-02  1.11064188e-01 -1.27118528e-01]