http://erau.edu/ontology/meme.owl#JefftheKillerMeme
[-1.84199870e-01 -4.55196714e-03  1.35324925e-01 -6.11157082e-02
  5.54051548e-02  7.47231096e-02  2.02252731e-01  2.17799827e-01
 -1.43604279e-01 -1.54294729e-01  6.62092268e-02 -7.12999031e-02
  3.34623153e-03 -5.42828105e-02 -6.57643974e-02  6.69458881e-02
  9.56654456e-03  6.33079931e-02 -1.05385639e-01  7.97388144e-03
 -2.12333396e-01  1.14697479e-02  1.61030740e-01 -5.83324321e-02
  9.31107532e-03  1.88138913e-02  1.47671297e-01 -3.34729105e-02
  2.93258518e-01  3.20656933e-02  1.46311224e-02  4.82529923e-02
  1.30205706e-01 -1.70408532e-01 -2.01939140e-02  1.74063221e-01
 -8.29259679e-02  7.13641196e-02  1.55892536e-01 -2.29156315e-01
  1.36102244e-01  2.05744162e-01 -1.35567129e-01 -4.60343473e-02
  1.94398556e-02 -1.17638800e-02 -2.63000862e-03  1.37979478e-01
 -9.52122062e-02  1.39265969e-01 -2.28094729e-03 -8.91390666e-02
  1.67531278e-02  3.12359538e-02 -1.24820232e-01 -1.85044736e-01
  7.77466223e-02 -7.35237971e-02  1.13429733e-01  1.08326212e-01
 -1.04442351e-01 -9.30122137e-02  1.53817564e-01  8.33843648e-03
 -2.30418354e-01 -1.47889778e-01  2.00468302e-02 -1.26334712e-01
 -1.43109620e-01 -2.51693577e-01 -3.29571366e-02  1.94024727e-01
  1.42074525e-01 -1.04750013e-02  1.40704930e-01  1.37269735e-01
 -1.93281159e-01  6.94399253e-02  2.14094862e-01  1.30247846e-01
 -3.52333598e-02 -5.73000535e-02 -8.39123055e-02 -2.55479485e-01
  2.34396994e-01 -1.27137497e-01  1.61325634e-02  7.02018142e-02
  1.07138209e-01 -1.42178889e-02 -1.37500256e-01 -3.03799063e-01
  5.61259091e-02 -1.91263795e-01 -1.07473515e-01  3.83547954e-02
  2.89865863e-02 -3.59112732e-02 -1.04739051e-02 -1.63617164e-01
  4.90935147e-02 -2.27551274e-02  3.67538631e-01 -2.60114998e-01
 -6.22841194e-02 -1.57041743e-01  3.22246850e-01 -9.44645703e-02
  6.27218857e-02 -1.38337776e-01 -4.86816578e-02  3.53517458e-02
 -2.69926757e-01 -1.16363667e-01 -1.41470492e-01  1.65715978e-01
 -3.82513523e-01 -1.78960130e-01  4.09438573e-02  1.26047924e-01
 -8.72220695e-02 -2.26402342e-01 -9.19554234e-02  9.11429524e-02
 -4.37261164e-02 -1.13326229e-01 -6.82392195e-02 -1.20937750e-01
  1.52050063e-01  8.81650969e-02 -1.03759542e-01 -1.23022802e-01
 -5.30505516e-02  1.83607601e-02 -5.02513349e-02  6.00751378e-02
 -1.05648302e-01 -1.09897509e-01 -1.06211081e-01  2.31624860e-02
 -1.45643473e-01  1.76503867e-01  4.43313234e-02  8.18974227e-02
  1.60209402e-01 -2.03178510e-01  5.05670458e-02  1.67268720e-02
 -1.14629425e-01  8.41418356e-02  5.15564419e-02 -5.03420923e-03
 -7.02930987e-02  2.43134294e-02  1.13153696e-01 -8.36818479e-03
 -1.28382295e-01  1.16665371e-01  8.08860809e-02 -1.09640293e-01
 -8.76856502e-03 -1.25839710e-01  7.24745691e-02 -9.16046202e-02
 -2.08114266e-01 -9.80125368e-02 -1.90404374e-02  6.09394386e-02
 -4.60054219e-01  1.33038327e-01  1.48412228e-01  1.75225690e-01
  2.42677361e-01  2.57231712e-01 -8.48538522e-03 -3.49482223e-02
 -1.45471051e-01  5.48084499e-03  7.19382241e-02 -7.70651624e-02
 -6.73534498e-02  1.79566652e-01  1.51646242e-01  1.81881171e-02
 -2.63826877e-01 -5.63807264e-02  1.02084532e-01  4.32952195e-02
  2.60478824e-01  1.86763145e-02 -8.84701498e-03  1.71934185e-03
 -3.00082266e-01 -2.12427489e-02 -1.22981325e-01 -2.82541141e-02
  3.30966078e-02 -2.97680986e-03 -2.44061351e-01 -3.31034809e-02
 -4.19151783e-02 -4.23596576e-02  5.02822921e-02 -6.81471825e-02
  2.16388796e-02 -2.14979365e-01  2.41392870e-02 -1.29351631e-01
  1.56777620e-01  9.95356217e-03  1.94607586e-01  1.53510198e-01
  8.46651644e-02 -1.37908921e-01  8.43574703e-02  8.10624659e-02
 -7.33678043e-02 -4.28615399e-02  2.69550532e-01  1.73526123e-01
  1.74724728e-01  2.33909622e-01 -3.49314814e-03  6.18371516e-02
 -1.64392516e-01  1.19926613e-02 -7.35561028e-02 -1.73767835e-01
  1.52053209e-02  1.75755844e-02  1.29609764e-01  1.06104054e-01
 -5.77599891e-02 -9.57322423e-04  4.80212532e-02  9.85031128e-02
 -1.50881000e-02  1.52944818e-01  5.88430278e-02  7.10887089e-02
  6.02245145e-02 -1.78565439e-02  6.52328953e-02 -1.98376447e-01
 -2.10019559e-01 -2.98039000e-02 -1.11797467e-01 -2.70223171e-02
 -6.89276531e-02  8.36494043e-02 -4.70411219e-03  1.60443410e-02
  4.47614193e-02  1.74305454e-01  1.56875104e-01  4.15868126e-02
 -1.07062869e-01 -2.44658396e-01  5.92494644e-02 -9.73048359e-02
 -1.16193682e-01 -4.24765162e-02 -7.77275860e-02  3.27651426e-02
 -7.27505609e-02 -1.32069305e-01 -2.78773456e-04  2.02884451e-01
  9.40885395e-02 -8.21174905e-02  5.37866428e-02 -2.21172139e-01
 -1.74903348e-01  1.33193955e-01  1.84470415e-01 -1.19126350e-01
  6.41280562e-02 -1.55016840e-01 -9.58906040e-02  2.77402550e-02
 -4.68793474e-02  1.90723211e-01 -7.05027282e-02 -1.70324408e-02
 -8.76756608e-02  1.13641709e-01 -7.81414434e-02  5.37463129e-02
 -9.56504606e-03 -2.17659980e-01  2.40913238e-02 -1.75223336e-01
 -6.98048323e-02 -2.61443295e-02 -7.89008960e-02  1.86194386e-02
 -8.95043761e-02 -5.71455760e-03 -8.74057859e-02 -8.78892839e-02
 -1.82720765e-01 -3.97553295e-02  1.66713540e-02  3.58951800e-02
 -6.11347929e-02 -8.58818516e-02  2.45358154e-01  1.48424366e-02
 -1.23210162e-01  1.48335949e-01  3.46306771e-01 -1.61533698e-01
  1.15943804e-01  1.66298985e-01 -1.48288514e-02 -2.73799011e-03
  1.13092046e-02  4.03354540e-02  2.53010273e-01 -1.72428284e-02
  9.52198133e-02 -2.10429862e-01  1.86789542e-01  3.12058758e-02
  5.74596636e-02  6.25411496e-02 -2.73739427e-01  5.88533767e-02
  7.62268901e-02  2.67208610e-02  1.26235560e-01  2.63237208e-02
  5.99164739e-02  3.03493440e-02  1.44308750e-02 -2.65019000e-01
  3.02814189e-02  8.05658400e-02 -1.88955776e-02  1.01027943e-01
  8.23309124e-02  1.72377273e-01  3.63330357e-03  3.09427492e-02
 -6.32396787e-02  1.03810400e-01 -1.20243974e-01  2.15481530e-04
  7.46438233e-03 -4.28053401e-02  3.51579040e-02  7.68664554e-02
 -9.93031263e-02  1.72563940e-01 -2.15334758e-01 -1.89204030e-02
 -8.00600722e-02 -1.45167381e-01  1.21561721e-01 -4.15536109e-03
 -1.06645636e-01  1.04333960e-01 -1.74105205e-02  2.38790344e-02
 -3.80366035e-02  5.27359545e-03 -1.07539058e-01 -1.44051865e-01
 -1.54477537e-01  6.02361895e-02  2.84656435e-02 -8.51215497e-02
 -9.74613950e-02  2.20153574e-02  5.95727842e-03  1.11681735e-02
 -2.55126119e-01 -2.30608340e-02 -2.16775417e-01  1.32719830e-01
  1.01097589e-02  1.67454213e-01 -1.44005165e-01 -7.88181424e-02
 -2.44073123e-02 -2.27093752e-02  5.75539246e-02 -7.49870762e-02
  1.20909058e-01  1.86911553e-01 -8.98994133e-02  1.02680698e-01
  5.74906804e-02 -3.02563813e-02 -1.12749107e-01 -1.72274597e-02
 -1.20224513e-01 -4.14440921e-03 -4.45066877e-02  1.00787848e-01
  1.53861314e-01  6.94366693e-02 -6.90254271e-02  8.24203938e-02
 -4.27431474e-03 -1.60402626e-01  2.30596811e-02 -3.68988097e-01
  1.06731467e-01  8.70456696e-02  1.40838414e-01 -1.56774029e-01
 -1.29347280e-01 -7.39368945e-02 -1.22879995e-02  1.35267779e-01
 -5.39490283e-02 -5.75804636e-02 -2.19038893e-02  3.01714824e-03
  1.69142306e-01  7.03007877e-02 -1.46029532e-01  3.61390002e-02
  1.50350437e-01 -2.79642902e-02 -1.12965398e-01  1.08727030e-01
  1.19218916e-01 -3.98065336e-02 -1.51334792e-01  1.76256672e-01
  8.25953707e-02  2.07942445e-02  1.98458150e-01  1.62846938e-01
 -1.83847863e-02 -6.81692064e-02  1.23388907e-02  3.49006988e-02
  1.87091783e-01  1.14711031e-01 -1.56714484e-01  2.64474660e-01
 -3.20125908e-01  1.83895417e-02 -2.23943770e-01 -2.05339536e-01
 -2.00135745e-02  2.21054643e-01  4.20964733e-02  1.60680234e-01
  1.49084523e-01  5.76661639e-02  2.85004944e-01 -6.48867711e-02
  6.16487069e-03 -4.55261022e-02 -2.20880881e-02 -4.77688201e-02
  5.84958158e-02 -1.16288001e-02  1.74147323e-01 -2.72075161e-02
 -3.79568227e-02  2.03445464e-01 -1.11443862e-01 -1.14697635e-01
  6.63379654e-02 -6.10217936e-02  9.88521278e-02 -1.46206886e-01
  1.96085319e-01  1.32302955e-01 -9.05949622e-02 -1.15353771e-01
  1.82124585e-01 -2.75294840e-01 -1.39262944e-01  1.04425944e-01
 -7.16081560e-02  1.22571208e-01 -1.65148765e-01  5.14450192e-01
 -1.29232451e-01 -2.04933792e-01  2.42119711e-02 -1.28626183e-01
  1.89998254e-01  4.75600548e-02 -2.10250169e-01  1.25917075e-02
  4.51584384e-02  2.92985365e-02  1.52874127e-01 -7.44060278e-02
 -1.22882932e-01 -8.44152644e-02  3.63904946e-02  3.00482899e-01]