http://erau.edu/ontology/meme.owl#WhatsInYourPantsMeme
[-3.58337685e-02 -1.31483614e-01 -4.76905741e-02 -4.60090414e-02
 -2.43806206e-02  4.57361229e-02  2.58286037e-02  5.37442937e-02
 -7.95438811e-02  3.16383429e-02  2.10395545e-01 -1.02544501e-01
  4.57375571e-02 -1.48690715e-01 -1.20767400e-01  4.64670593e-03
  3.89123932e-02  6.71290085e-02  3.51685397e-02 -1.26971096e-01
 -2.08344325e-01  1.11307971e-01  1.22407384e-01 -1.43286496e-01
  1.33628994e-01  3.76486033e-02  1.42428741e-01 -1.69977129e-01
  1.27971262e-01  1.72712728e-01  3.59798595e-02  2.87829135e-02
 -5.17691150e-02 -6.26362190e-02 -4.07814346e-02  1.41581401e-01
  5.12071587e-02  5.56362011e-02 -1.14932127e-01 -9.94613916e-02
  8.44929293e-02  1.17600277e-01 -1.85780734e-01 -2.04540379e-02
  2.13433489e-01  5.82594052e-03  7.12252706e-02 -7.36372992e-02
  2.19009053e-02 -8.92313023e-04  1.13264956e-01  6.34729713e-02
  4.24164580e-03 -1.19141042e-01 -8.93387571e-02 -4.61574458e-02
 -8.76972172e-03 -5.94179220e-02  6.49613887e-02  1.13339968e-01
 -3.82114723e-02 -6.39398992e-02  1.43254459e-01 -7.49177951e-03
 -8.56130570e-02 -7.37892464e-02  5.24420366e-02  3.16384695e-02
 -9.85814855e-02 -1.14166483e-01 -6.08607419e-02  6.76508546e-02
  1.43709823e-01 -4.11329158e-02  3.79561633e-03  4.86373566e-02
 -6.82567358e-02  7.31471169e-04  1.33708984e-01 -4.59210873e-02
 -3.67894247e-02 -1.74977154e-01 -3.95311303e-02 -7.44223595e-02
  1.60137460e-01 -6.27707094e-02 -1.14698485e-01 -6.30187616e-02
 -1.01256575e-02  4.36159819e-02 -2.65864171e-02 -6.89707473e-02
  1.22208223e-01  1.23171846e-03 -1.76897109e-01  5.04943132e-02
  1.31742775e-01 -1.29779736e-02  3.81907150e-02 -9.23089311e-02
  1.33907735e-01 -1.57895926e-02  1.98258847e-01 -1.00224121e-02
  7.89101794e-02  7.06882849e-02  4.78516705e-02 -7.26483613e-02
 -1.01652354e-01 -8.98194239e-02 -6.14212863e-02 -2.49373857e-02
  3.20691499e-03 -1.83088377e-01  9.06738546e-03 -8.27172026e-02
 -2.07660049e-01 -1.03041202e-01 -1.58757009e-02  5.88513426e-02
 -5.40788136e-02 -1.06712848e-01 -5.64125292e-02  1.39782742e-01
 -2.91634761e-02 -1.03691056e-01 -1.59654990e-02 -8.81876349e-02
  6.97714463e-02  4.69705835e-02 -1.73935875e-01  1.49607589e-03
 -2.77878456e-02 -9.16929841e-02 -1.45822078e-01  5.54607734e-02
  6.46604523e-02 -5.14028966e-02 -1.65338740e-01  7.22716749e-02
 -1.77202806e-01  7.78765380e-02 -1.49738053e-02 -1.32331736e-02
  2.30401248e-01 -2.24459410e-01  8.19730833e-02 -2.46755425e-02
  6.54920116e-02  1.03318281e-01  3.83442529e-02 -5.97077236e-02
  5.55519611e-02  1.20759621e-01  2.84855012e-02  1.56287029e-01
 -1.49470210e-01  1.06747262e-01  1.89502724e-02 -5.63892303e-03
  6.35332540e-02 -8.58158246e-03  3.48972119e-02 -5.44837639e-02
 -2.04369813e-01 -1.23281091e-01 -8.49667788e-02  1.60032868e-01
 -2.27043718e-01  9.47675258e-02  5.79983070e-02  8.54959711e-02
  1.73728272e-01  1.33588672e-01 -3.09012514e-02 -3.12313158e-02
 -4.33811434e-02 -4.68511656e-02  8.60351771e-02 -6.13347180e-02
 -2.58143973e-02  2.37934981e-02  7.50534935e-03 -3.79472412e-02
  4.44133095e-02 -2.57180016e-02  8.95471349e-02 -3.41740139e-02
  1.14280738e-01 -5.10830618e-02  1.33180469e-01  5.29018044e-02
 -1.27473399e-01 -3.54120657e-02 -4.05673357e-03 -4.68292423e-02
 -3.92830521e-02  6.31640255e-02  5.66666909e-02 -9.63490456e-02
 -1.49213254e-01 -2.92811319e-02 -1.08588291e-02 -2.27921590e-01
 -5.15820505e-03 -2.55092412e-01  6.66605905e-02 -8.50510448e-02
  2.95149330e-02  9.80830565e-02  1.49010718e-01  1.43162623e-01
 -6.26225546e-02 -4.34734933e-02  8.24610218e-02  1.06630232e-02
 -1.16683811e-01 -3.23811434e-02  7.00740069e-02 -7.05930358e-03
  8.54104236e-02  1.57263037e-02 -2.41999805e-01 -4.01522368e-02
  2.34738775e-02  7.10062981e-02 -1.89748839e-01  8.16683546e-02
 -6.97492734e-02  7.08048269e-02  6.61536902e-02 -7.80794816e-03
 -2.28704110e-01 -6.38763681e-02 -3.52463573e-02 -2.27506161e-02
 -2.58101225e-02 -1.45035535e-01  2.54724342e-02 -2.21774951e-01
 -2.73203105e-02 -9.21185613e-02 -2.75003407e-02 -1.59727316e-02
 -3.15247685e-01 -4.01119478e-02 -1.25157982e-01  3.51811685e-02
 -8.39125589e-02  3.95454168e-02  8.27853531e-02  5.45316711e-02
  1.05931334e-01  7.30610564e-02  1.79985195e-01  1.46324448e-02
 -1.24438547e-01  3.59548032e-02  1.55182453e-04  1.89777300e-01
 -1.42288767e-02 -9.62546915e-02 -2.32550967e-02 -1.75303817e-01
 -1.14137558e-02 -3.41928959e-01 -1.73922956e-01 -2.92763989e-02
  5.73603734e-02 -8.10354501e-02 -1.47639245e-01 -8.82364511e-02
 -3.40842120e-02  1.40557960e-01  1.22182570e-01 -3.11797969e-02
  1.70526534e-01  7.58397672e-03  1.17867882e-03  1.06859477e-02
  2.48063698e-01 -4.14314866e-02  2.46039446e-04 -1.40704602e-01
 -2.70971119e-01  6.39471784e-02  1.89072881e-02  3.80958878e-02
 -1.18805923e-01 -1.80465907e-01  9.67350155e-02 -6.69628531e-02
  7.60685354e-02 -1.15029365e-01  1.12346783e-02  1.51485135e-03
  1.37745917e-01 -9.98021364e-02 -2.04026550e-01 -1.48445949e-01
 -2.80188829e-01 -4.67834771e-02 -1.37386024e-01  3.17368776e-01
 -9.04952176e-03 -6.36612549e-02  1.70317605e-01 -1.64403588e-01
 -7.35315308e-02  1.55061811e-01  3.03149194e-01 -6.32770807e-02
 -4.00442928e-02  4.42916043e-02 -1.74922645e-02  1.38594601e-02
  1.99139188e-03  3.88215259e-02 -4.00911681e-02  1.47938915e-02
  1.58575520e-01 -6.09746687e-02  1.92565590e-01  4.56666984e-02
 -3.18277776e-02  3.24935801e-02  1.17960060e-02 -2.78950594e-02
  1.15639493e-01 -3.48967128e-02  8.24142620e-02  8.31573531e-02
  1.89736690e-02 -1.16147198e-01 -2.58772343e-01 -2.48285547e-01
  2.00011060e-01  9.17060599e-02 -9.35945734e-02  9.52518433e-02
  1.63865685e-02 -3.37563865e-02 -3.92131619e-02 -7.23190829e-02
 -8.08086470e-02 -3.05404440e-02 -5.75242098e-03  1.58537701e-01
  2.92547829e-02 -1.62083298e-01 -9.67248604e-02  1.54197663e-02
 -7.81377032e-02  2.11187646e-01 -1.04783997e-01  1.22954823e-01
 -1.01798121e-02 -1.69895310e-02  2.72260815e-01 -3.79122384e-02
 -1.47259817e-01 -1.53012834e-02  7.94151500e-02 -1.47369847e-01
 -6.11042641e-02  4.51739468e-02 -5.80811836e-02  6.89845979e-02
 -1.35543779e-01  5.39030414e-03  1.59967199e-01  5.21482266e-02
 -2.07116544e-01  6.65108040e-02  6.18786886e-02 -6.03244901e-02
 -1.87331721e-01  1.21072806e-01 -2.00170688e-02 -2.50908826e-02
  3.86173576e-02  3.36112753e-02  1.73261892e-02 -8.16750675e-02
  1.69942215e-01 -9.90406349e-02 -3.97460461e-02  1.86366946e-01
  4.08568457e-02 -2.79552042e-01 -1.12791911e-01 -4.80820052e-02
  1.39025778e-01  3.22706550e-01 -7.27983192e-02 -3.03511143e-01
  1.42555535e-01  1.42413989e-01  2.31154531e-01  1.19443340e-02
  4.09874618e-02 -1.04592420e-01  2.91571189e-02 -3.93188864e-01
 -1.99273750e-01  2.62112860e-02  1.05734952e-01  3.61341417e-01
  1.16220675e-01  1.43103585e-01  4.35885377e-02 -2.70053476e-01
 -3.91900539e-02 -7.98860267e-02 -6.18463010e-03 -1.89383049e-02
 -6.51884526e-02 -2.51703918e-01 -1.44935381e-02  2.15531155e-01
  9.17723477e-02 -3.11593357e-02 -1.51048452e-01  7.48149902e-02
 -8.88591781e-02 -1.05834693e-01 -4.80122678e-02  1.95521414e-01
  1.41277120e-01 -1.11708403e-01 -3.12737636e-02  2.74219841e-01
 -1.45532591e-02 -2.16577485e-01  2.33583525e-01  1.93107396e-01
  6.26845658e-02  6.16122223e-02  1.27338976e-01  9.45085809e-02
  1.01785377e-01 -2.28982866e-02 -8.45736936e-02  2.67412126e-01
 -2.19925046e-01 -3.83430370e-03 -1.52933180e-01 -2.01487362e-01
 -7.68163130e-02  5.84371723e-02  1.17159911e-01  1.35256812e-01
  4.97157760e-02 -4.53213789e-02  2.44961262e-01  1.45950943e-01
  6.10661954e-02  1.00497976e-01  1.54049858e-01 -6.70594424e-02
  1.75572664e-01  1.62458792e-01  1.91384986e-01  4.33937833e-02
 -8.58611092e-02  2.17278954e-02 -5.13569601e-02 -9.89890397e-02
 -9.12937298e-02 -1.70230474e-02  2.22924292e-01 -1.73507258e-02
  2.37785578e-01  1.37831256e-01  2.05408022e-01 -1.89577714e-01
  5.01243249e-02 -2.15911251e-02  3.76777053e-02  9.36803594e-02
  3.14625166e-02 -8.75746086e-02 -2.20461756e-01  3.50984305e-01
 -1.97998788e-02 -2.07280353e-01 -1.43230930e-02 -1.38286604e-02
  1.06178440e-01  9.90473330e-02 -1.60752639e-01  4.73202541e-02
  7.99576472e-03  5.75116277e-03  1.09266698e-01  6.00710846e-02
  5.69833396e-03  1.16059147e-01 -1.90305561e-02  7.95817897e-02]