http://erau.edu/ontology/meme.owl#StuckintheElevatorMeme
[-1.30293876e-01 -1.81200981e-01  3.96354161e-02  1.32344943e-02
 -5.79373948e-02  3.96752022e-02  1.01266846e-01 -9.97482520e-03
 -3.75976227e-02 -2.49576755e-02  2.32777014e-01 -8.21024626e-02
  9.10979137e-02 -7.18351826e-02 -1.26019731e-01 -6.44834563e-02
  7.54121244e-02  1.47457525e-01  1.19506896e-01 -9.28690434e-02
 -7.27912635e-02  2.00133715e-02  7.67045841e-02 -1.31204143e-01
  4.67150174e-02  8.63940269e-02  1.55457500e-02 -1.00274391e-01
  1.59432054e-01  2.19700158e-01  2.27587279e-02  9.00794119e-02
  1.87251382e-02 -7.62712881e-02  2.15396490e-02  2.55427092e-01
 -3.43731381e-02  1.20229706e-01  1.41992336e-02 -1.39816061e-01
  6.47891387e-02  2.24151179e-01 -1.72823757e-01  4.46462631e-02
  1.51597619e-01  1.15097858e-01 -5.28901629e-02 -6.91487417e-02
 -6.68648034e-02  5.33463582e-02  3.27863023e-02 -4.84082550e-02
 -7.98183754e-02 -2.61000514e-01 -1.58198506e-01  1.52396308e-02
  1.51437789e-01 -2.21908882e-01  1.84530810e-01  2.03730047e-01
 -1.35647252e-01 -1.37847885e-01  1.90080270e-01  6.02995344e-02
 -1.69844314e-01 -1.32396117e-01 -2.19188239e-02 -3.83971073e-02
 -1.94961935e-01 -2.89684206e-01 -1.62339315e-01  6.15015812e-03
  1.00381717e-01  4.34855494e-04  1.51092231e-01 -2.55341157e-02
 -1.95758358e-01  6.84807124e-03  2.12242633e-01  3.16221677e-02
 -1.20617375e-01 -5.72981387e-02 -1.38325114e-02 -2.47846350e-01
  2.43177846e-01 -5.46766557e-02 -8.23248550e-02 -8.07962567e-03
  9.84192118e-02  8.32006931e-02 -1.50110051e-01 -1.84077501e-01
  1.10662326e-01 -1.65224329e-01 -1.47091269e-01  9.95925367e-02
  1.33064076e-01 -6.67347014e-02 -6.22249581e-02 -6.44319430e-02
  1.17778838e-01  1.14098594e-01  3.94700199e-01 -1.43268451e-01
 -1.96718462e-02 -4.27880995e-02  2.36244127e-01 -1.15705490e-01
 -1.48302212e-01 -1.90615743e-01  2.67343484e-02 -3.19976546e-02
 -1.37909472e-01 -1.98243991e-01  6.28905594e-02 -1.98431849e-03
 -3.75412703e-01 -1.96854204e-01  1.22170262e-02  8.41000527e-02
 -1.79470375e-01 -1.72684565e-01  7.59600997e-02  1.84137672e-01
  1.37060270e-01 -2.73354053e-02  1.14379385e-02 -1.25427917e-01
  6.05137460e-02  2.69677751e-02 -3.02059889e-01 -5.81933595e-02
  3.74326222e-02 -7.54523873e-02 -1.35667160e-01  1.67095751e-01
  2.19655130e-02 -1.66746471e-02 -1.99248314e-01  8.48528221e-02
 -3.19082916e-01  1.00200944e-01  1.09034494e-01 -5.64228147e-02
  2.74571002e-01 -2.38577157e-01 -7.60150775e-02 -9.34759751e-02
 -1.22851685e-01  2.24836066e-01  1.07449777e-01 -1.71557277e-01
  5.97818904e-02  2.24263683e-01  1.01280480e-03  1.77694067e-01
 -2.41044104e-01  2.16845810e-01  1.22178853e-01  1.48842474e-02
 -2.41762698e-02 -5.97610176e-02  1.06971726e-01 -2.37129070e-02
 -3.07798624e-01 -1.41054958e-01 -7.07868533e-03  1.83789328e-01
 -5.12021840e-01  8.94961208e-02  1.32337302e-01  1.49629131e-01
  2.13185385e-01  2.61294872e-01 -7.80923069e-02 -9.55521036e-03
 -3.51259485e-02 -1.19949602e-01  1.68333083e-01 -1.09319523e-01
 -1.15469292e-01  1.05525032e-01  1.45744860e-01 -1.58117302e-02
 -4.99430709e-02  1.58050749e-03  6.62586465e-02  6.83120489e-02
  2.20427647e-01 -6.61158338e-02  1.79712728e-01 -1.38126105e-01
 -2.65113801e-01 -5.63743562e-02  3.88401598e-02 -1.01759687e-01
 -3.44913565e-02  2.21815333e-01 -8.53476748e-02  3.51218469e-02
  5.26894853e-02 -3.53466235e-02  1.28879249e-02 -9.46802124e-02
 -1.33700177e-01 -2.08292574e-01  1.17773665e-02 -1.88186228e-01
  1.94154918e-01  2.19393969e-01  2.63592720e-01  1.95586979e-01
 -6.42174631e-02 -2.14649271e-02  7.14341551e-02 -6.35867268e-02
 -7.40538463e-02 -7.73492232e-02  1.15674637e-01  1.26481161e-01
 -6.20260835e-06  1.62665918e-01 -2.35203534e-01  3.43187973e-02
  1.62913185e-02  1.30686656e-01 -1.65993154e-01  1.03370339e-01
 -1.18937656e-01 -1.93811953e-02  3.66675593e-02  6.01056684e-03
 -1.64917991e-01 -1.77647099e-01 -1.27040431e-01 -3.70342620e-02
 -6.92613721e-02 -9.08799097e-02 -3.53001542e-02 -1.71974689e-01
 -7.94640630e-02 -1.19783975e-01 -3.56325097e-02 -8.42361078e-02
 -3.17632854e-01 -3.81121449e-02 -1.06526509e-01  7.76579306e-02
 -4.86176796e-02  2.82558464e-02  9.14459825e-02 -5.12120426e-02
  1.55803442e-01  4.17757556e-02  1.92952529e-01 -1.03653476e-01
 -1.58651546e-01  1.57002881e-02  1.31528489e-02  2.26202682e-01
 -1.91290528e-01 -5.05630597e-02  1.80825125e-02 -1.02611072e-01
 -3.70749533e-02 -1.70114934e-01 -1.17548898e-01 -7.99041614e-03
  1.24628291e-01 -1.99844480e-01 -1.04354680e-01 -2.60121852e-01
 -1.82374999e-01  7.60473758e-02  6.22172542e-02 -3.36843953e-02
  4.76781949e-02  8.59766360e-03  5.27905375e-02  5.38403466e-02
  1.36231571e-01  5.92704304e-02 -6.99042603e-02 -6.21083975e-02
 -1.97860360e-01  1.34210885e-01 -9.74714607e-02 -3.76658514e-02
 -1.11869618e-01 -1.22575112e-01  9.27425995e-02 -1.94830805e-01
  7.94298351e-02 -1.38343275e-01  5.65238260e-02  2.54266267e-03
  4.18559723e-02 -6.18480779e-02 -3.03343654e-01 -2.59629507e-02
 -2.88268983e-01  2.27438472e-02 -1.30379060e-02  1.88562676e-01
 -5.61005622e-02 -1.00864545e-01  2.66099721e-01 -7.81724155e-02
  6.39681937e-03  1.69459477e-01  3.03957790e-01 -1.16714217e-01
  4.23309356e-02  1.17368437e-01  2.54114214e-02 -4.20170603e-03
 -4.08530124e-02  8.86408314e-02  1.08390087e-02 -1.16224892e-01
  2.08236679e-01 -4.22778428e-02  3.20183128e-01  9.23572332e-02
 -2.27055158e-02 -1.86876133e-02 -1.59236461e-01 -2.59557664e-02
  9.75244939e-02 -1.75314955e-02  3.13657634e-02  5.36021637e-03
  3.92999239e-02 -1.09850287e-01  2.97404564e-04 -2.22260252e-01
  1.68474808e-01  6.91576824e-02 -3.94136943e-02  1.70931444e-01
 -1.87045299e-02  1.05458215e-01 -6.85581118e-02 -1.71672523e-01
 -1.33744299e-01 -6.11994863e-02 -1.65090650e-01  2.17957720e-01
 -9.26214457e-02 -1.55084908e-01 -1.86564531e-02  4.76214699e-02
 -1.51246786e-01  1.99480444e-01 -1.05626836e-01  1.46135524e-01
  1.69683178e-03  3.06422263e-03  3.33636463e-01 -8.28507543e-03
 -1.18900627e-01  1.05240010e-01 -9.41105466e-03 -5.57613261e-02
 -6.84039220e-02 -3.77127761e-03 -5.53575903e-02 -4.34802994e-02
  2.64304560e-02  3.91756371e-02  5.19762933e-02  8.05550069e-03
 -1.79720819e-01  4.88384552e-02  7.49322250e-02 -4.85357717e-02
 -3.87142971e-02  1.20754212e-01  5.66004068e-02 -6.20848499e-02
  3.67290415e-02  1.15779646e-01 -8.03679153e-02 -9.26803052e-02
  6.12162314e-02 -5.42697534e-02  3.49970348e-02  1.53172970e-01
  1.31201640e-01 -7.52432942e-02 -1.65755197e-01 -2.05423944e-02
 -4.07975391e-02  1.58564255e-01 -1.18135028e-01 -2.07966775e-01
  3.11443415e-02  1.57516405e-01  2.23846555e-01 -3.87350991e-02
  2.94708200e-02  8.96287411e-02 -2.25556269e-02 -2.52774060e-01
 -8.08566138e-02  1.11603439e-02  9.55287814e-02  1.38458699e-01
  1.05295353e-01  3.96246240e-02  1.84827298e-01 -3.23069692e-01
 -1.59646258e-01 -3.82028110e-02  4.92096646e-03  2.19749466e-01
 -7.51315504e-02 -5.94162345e-02 -7.10350201e-02  7.35968053e-02
  6.82226419e-02 -1.31420717e-01 -8.41224790e-02 -2.54384708e-02
 -3.30454931e-02 -1.26831561e-01 -8.44833255e-03  9.85494033e-02
  1.24818370e-01 -2.54822765e-02  1.02355191e-02  1.34824544e-01
  8.27931911e-02 -1.70719489e-01  1.24675594e-01  3.88955399e-02
  7.40611255e-02  1.83875337e-01  4.20081876e-02  1.12630829e-01
  2.53107011e-01 -4.31894325e-03 -1.03011252e-02  2.89628655e-01
 -1.48038179e-01  6.65947050e-02 -1.06852390e-01 -1.97712019e-01
 -9.91841033e-02  1.43953472e-01  9.70602334e-02  1.03602923e-01
 -2.16172654e-02  3.64537425e-02  2.29924113e-01  5.20861223e-02
  3.17634828e-02  2.70492323e-02  1.37319028e-01 -3.62868235e-02
  1.03878744e-01  9.12136808e-02  7.14360848e-02 -2.94231884e-02
 -7.99384564e-02 -6.47521839e-02 -1.66488551e-02 -1.12837508e-01
  4.12044413e-02  2.83227935e-02  2.83497442e-02 -1.24575578e-01
  1.09290399e-01  2.90801898e-02  5.82929850e-02 -1.44501254e-01
 -7.44860396e-02 -6.00269530e-04  1.25434631e-02  8.87424201e-02
 -1.19190067e-01 -1.41174151e-02 -2.18482405e-01  3.69256943e-01
 -9.60239395e-02 -2.58566648e-01  2.93504577e-02 -6.42256290e-02
  5.97730093e-02 -2.12289146e-04 -1.24477662e-01  3.42653207e-02
  1.01766273e-01  9.74482819e-02 -8.29169806e-03  9.04177204e-02
  7.29532465e-02 -1.64693024e-03  9.45431516e-02  1.00348450e-01]