http://erau.edu/ontology/meme.owl#GaloSengenMeme
[-6.30725995e-02 -1.22354537e-01  4.44537364e-02  2.26702839e-02
 -1.33458609e-02  1.93629548e-01  1.75293580e-01  1.40488103e-01
 -1.31532922e-01 -1.40791878e-01 -2.73960792e-02 -7.08812252e-02
 -1.00007303e-01 -1.48193762e-01 -4.82530370e-02  6.46788329e-02
  1.01261914e-01  1.07557150e-02  1.15103088e-02  1.04006805e-01
 -2.47659653e-01  9.98714473e-04  4.60880287e-02 -1.49369791e-01
  1.05142713e-01 -3.23722176e-02 -7.78789222e-02 -8.71087089e-02
  3.29104602e-01  9.48522985e-02  1.55132130e-01  1.92193240e-01
  9.29309204e-02 -1.27840489e-01 -1.04684364e-02  1.36759013e-01
  1.22754918e-02  1.40467271e-01 -2.36561801e-02 -1.49465904e-01
  1.05578668e-01  2.22729042e-01 -4.44837362e-02 -1.64105054e-02
  6.37583807e-02 -2.76488010e-02  5.34297787e-02  4.76105064e-02
 -3.85958292e-02  1.33399725e-01  2.61953864e-02  3.56173068e-02
 -1.27773792e-01 -8.58674198e-02 -8.30518454e-02 -5.79340160e-02
  1.04784600e-01 -6.00869954e-02  1.33778960e-01  5.60154654e-02
  3.55183110e-02 -4.41358387e-02  4.98337336e-02  3.79685219e-03
 -1.38039112e-01 -6.79952800e-02  6.54862002e-02 -1.21619083e-01
 -6.80093467e-02 -1.03317849e-01 -1.01835594e-01  3.21658403e-02
  7.10751489e-02  2.83704381e-02  2.07013860e-02  1.17267184e-01
 -4.44086976e-02  9.45347697e-02  6.47225007e-02  1.94348842e-02
 -3.10304761e-02 -1.61245182e-01  2.79293191e-02 -9.20832306e-02
  4.11862917e-02 -1.31451815e-01 -1.14033386e-01  6.19029114e-03
  9.95574892e-02 -7.80632198e-02  3.98211554e-02 -1.98439226e-01
 -1.43431826e-03 -1.09617315e-01  1.54446885e-02  3.26658264e-02
 -7.71217272e-02  9.36801434e-02  7.24609047e-02 -1.02263071e-01
  1.26579627e-01  6.47838488e-02  3.06196451e-01 -4.80213463e-02
  2.26349141e-02  1.32480860e-02  6.94396421e-02 -1.06036007e-01
  3.57375406e-02 -1.25893187e-02 -4.97682728e-02  7.63946697e-02
 -1.48413807e-01 -1.10969804e-01 -5.87396026e-02  1.28549352e-01
 -2.67623395e-01 -1.70199990e-01  1.75182298e-02  1.08159564e-01
 -3.04478034e-02 -6.19402155e-03 -1.65245414e-01  1.19636431e-01
 -2.90856045e-02 -1.67215466e-01  5.96498474e-02 -3.98226175e-03
  4.68568597e-03  6.64077774e-02 -1.59800768e-01 -3.06137297e-02
 -3.56309339e-02 -6.00666478e-02 -1.10670932e-01  8.37000236e-02
  1.01518035e-01 -6.02906570e-02 -1.19802900e-01  8.43020752e-02
 -2.06658676e-01  1.79263838e-02 -3.63671593e-02  3.76355648e-02
  1.65157184e-01 -2.43929699e-01  6.38638064e-02 -5.98879345e-02
 -4.91839647e-02  9.02226344e-02 -1.55909155e-02 -1.08031377e-01
 -1.35758996e-01  7.92834628e-03  6.82565048e-02  1.07842870e-01
 -1.36839017e-01  1.46087050e-01  5.91917410e-02 -6.25520349e-02
  7.60437995e-02 -1.40709266e-01  8.76381025e-02 -8.17060918e-02
 -1.81808665e-01 -2.07049418e-02 -1.86362378e-02  1.16266131e-01
 -2.80604452e-01  2.28313625e-01  1.52976927e-03  1.77981213e-01
  1.57378912e-01  1.50342628e-01  3.47632393e-02 -6.76402450e-02
 -1.23871960e-01 -6.46942779e-02  8.26689079e-02 -7.66447708e-02
 -8.63128752e-02  7.84329474e-02  8.52372795e-02  9.11467150e-02
 -1.55600935e-01  1.97104234e-02  4.72085662e-02  2.18188018e-02
  2.71884292e-01 -7.13925576e-03 -9.78095084e-03  6.65515959e-02
 -2.51530975e-01  1.87128168e-02 -3.70155796e-02 -3.45672294e-02
  1.45227730e-01  2.26828512e-02 -1.35152519e-01 -1.16475463e-01
 -3.69451381e-03  1.75765175e-02  1.58817828e-01  7.24500120e-02
 -1.25449881e-01 -3.14218879e-01  1.18229091e-01 -6.87386021e-02
  7.70280063e-02  8.56141821e-02  2.98283726e-01  1.21730126e-01
 -2.80987620e-02 -1.04552306e-01  1.48041561e-01  5.95082231e-02
 -8.84944648e-02 -4.58479524e-02  1.59393698e-01  1.50898159e-01
  1.80607051e-01  1.18360445e-01 -9.20149609e-02  7.97049105e-02
  6.29779398e-02  4.27541211e-02 -1.32678062e-01 -1.00646555e-01
 -2.03810562e-03 -6.99899765e-03  1.70883521e-01 -1.23091750e-02
 -7.80048519e-02 -1.12908766e-01  7.93032721e-02  1.03702769e-01
 -5.16052134e-02  5.77690527e-02  6.20346852e-02  1.15086902e-02
 -4.96727861e-02 -3.03183552e-02  1.55267254e-01 -1.18968245e-02
 -2.18783304e-01 -1.95568129e-02 -1.71658397e-01  7.75333028e-03
 -5.50686475e-03  3.75113380e-03  9.63481367e-02  2.04653908e-02
  4.09900025e-02  1.08739443e-01  1.21563464e-01 -2.81324540e-03
 -1.75380185e-01 -1.18855029e-01  1.67985797e-01 -6.60309121e-02
 -1.78415515e-02 -1.28158629e-01  1.15423677e-02 -1.07712515e-01
 -5.89411221e-02 -1.53525621e-01 -6.99646175e-02  6.73157349e-02
  4.34959829e-02 -1.61678061e-01 -3.97857390e-02 -1.70562923e-01
 -3.89382169e-02  7.04516172e-02  1.49647862e-01  8.00386146e-02
  1.03587978e-01 -1.05859689e-01 -6.85195923e-02  3.32333297e-02
  1.16303861e-01  6.49671108e-02  4.75564562e-02 -3.92408185e-02
 -1.42034099e-01  4.81771684e-04 -3.50937881e-02 -9.01124347e-03
 -1.04912147e-02 -1.37843952e-01  8.85785595e-02 -1.21649794e-01
 -6.31868988e-02 -1.44172991e-02 -2.91397851e-02  5.35108969e-02
  7.52220899e-02 -4.82359603e-02 -7.71070048e-02 -6.15343638e-02
 -2.73035169e-01  6.31194860e-02  6.04685731e-02  3.82958017e-02
 -1.72713201e-03  8.38943850e-03  1.58977374e-01 -2.61041280e-02
 -9.62258056e-02  1.71813756e-01  2.96984643e-01 -1.75533235e-01
  9.66366008e-02  5.73887862e-02 -1.21282404e-02 -4.55789175e-03
 -7.71204382e-02 -7.98449444e-04  1.41165212e-01 -7.54139647e-02
  6.60516098e-02 -1.73243150e-01  3.94601896e-02  1.18430577e-01
 -2.97873430e-02  1.01545282e-01 -1.05696246e-01  1.13309473e-01
  5.17211808e-03 -6.53316602e-02 -5.23114810e-03 -2.65190713e-02
  2.96346266e-02 -9.44958404e-02 -2.81831063e-02 -1.49656534e-01
  1.25228986e-02  1.16147012e-01 -7.05575049e-02  8.68921131e-02
  1.28183112e-01  1.49690598e-01 -2.39563044e-02 -2.67080584e-04
 -2.69418978e-03  4.10248199e-03 -1.58935025e-01 -6.17416687e-02
 -8.48465934e-02 -5.26484661e-02 -1.19526563e-02 -1.04211360e-01
 -5.47710061e-02  1.83983833e-01 -1.83839127e-01  5.86545728e-02
 -4.29778993e-02 -1.38622716e-01  1.52981579e-01 -3.72912660e-02
 -1.12237625e-01 -1.91614330e-02  2.64746370e-04 -9.20658857e-02
 -4.16067541e-02  6.60169777e-03 -9.85506922e-02 -2.82117873e-02
 -3.42106670e-02  3.07537671e-02 -3.99033241e-02 -2.96913069e-02
 -1.76142037e-01  3.56388129e-02  8.12577307e-02 -3.06418762e-02
 -1.32874191e-01 -8.89324816e-04 -7.06071034e-02 -4.47328798e-02
 -9.42318980e-03  1.92410037e-01 -8.03612396e-02 -1.35018706e-01
  1.76908299e-02 -6.94228485e-02 -1.28085762e-01  8.82062018e-02
  6.48777559e-02 -1.40204816e-03 -4.50049117e-02  1.12410888e-01
 -3.28553468e-02  2.37961560e-01 -1.25895813e-01 -1.59515247e-01
 -6.80242404e-02  1.06015421e-01  2.10083827e-01 -2.62510497e-02
  1.40015800e-02 -1.38906613e-01  5.42852730e-02 -7.75618479e-02
 -1.59834251e-01 -1.04615837e-02 -5.68349101e-02  1.67691454e-01
  1.47667691e-01  3.03017478e-02  1.98041461e-02 -1.64128080e-01
 -1.01601094e-01 -3.88184353e-03 -8.89783725e-02  2.51080934e-02
 -1.13101266e-01 -8.35434198e-02 -7.18585923e-02 -2.54724524e-03
  1.34102687e-01  3.98886986e-02 -2.38636404e-01  6.52742907e-02
  7.52076134e-02 -3.08391806e-02 -2.23870669e-02  1.32538021e-01
  1.17991433e-01 -6.06149025e-02 -6.78911433e-02  1.60812587e-01
 -2.62801559e-03 -6.97775409e-02  1.68021098e-01  1.39523342e-01
  7.96883404e-02 -8.13581124e-02 -5.69944344e-02  1.09770291e-01
  2.07740903e-01  2.69087944e-02 -1.32692397e-01  3.00930142e-01
 -1.57368153e-01  4.06883545e-02 -2.44544074e-01 -6.62246943e-02
  3.13575119e-02  9.57544893e-02  1.55241668e-01  1.49956554e-01
  1.00691304e-01 -6.40970934e-03  1.75677210e-01  2.32411511e-02
  1.16355889e-01 -7.22580552e-02  4.54932936e-02  2.98110824e-02
 -6.04097825e-03  8.33908245e-02  4.08069938e-02 -2.22800057e-02
  9.26674809e-03  9.53653902e-02 -7.76118487e-02 -6.30644485e-02
 -3.75930704e-02  5.03585972e-02  1.54752687e-01 -2.99446378e-02
  1.31324738e-01  1.90295681e-01  3.94151965e-03 -7.28301629e-02
  4.10703644e-02 -1.66600615e-01 -8.19810778e-02  3.85608450e-02
 -5.57383224e-02 -8.21709167e-03 -7.28546083e-02  2.16843739e-01
 -8.50676745e-02 -1.81977585e-01 -6.53157458e-02 -2.51989160e-02
  9.67721939e-02  8.62233490e-02 -9.08731148e-02 -2.45559551e-02
  2.15176512e-02 -4.02669655e-03  1.95810631e-01  8.61940999e-03
  4.87424359e-02 -3.64771113e-02  6.69535697e-02  4.41196039e-02]