http://erau.edu/ontology/meme.owl#CrashBandicootWoahMeme
[-1.72260985e-01 -2.22603172e-01  4.04098406e-02  1.36415154e-01
  7.15214983e-02  5.74631989e-02  2.27837473e-01 -7.70939663e-02
 -1.42363667e-01 -9.04632285e-02  5.16808853e-02 -8.79516900e-02
 -4.33362797e-02 -7.97716528e-02 -1.09221421e-01  2.90663186e-02
  1.86130643e-01  1.34523973e-01  1.74256742e-01  1.76155925e-01
 -3.16394687e-01  3.02546620e-02  7.49219656e-02 -1.47166058e-01
  2.47807071e-01 -1.39363125e-01 -1.60920143e-01 -1.94567904e-01
  4.37392294e-01  1.69926912e-01  1.02122806e-01  7.63343945e-02
  7.67155811e-02 -1.66843787e-01 -7.56641328e-02  2.63961226e-01
 -1.65769027e-03  1.16614783e-02 -8.17761272e-02 -2.65361130e-01
 -2.78666392e-02  1.16465554e-01 -1.17197983e-01  3.13772596e-02
  6.09283485e-02 -5.78832217e-02  1.57445036e-02  4.62327618e-03
  6.14589117e-02  1.86221257e-01  3.28385606e-02  1.01531379e-01
 -1.64047748e-01 -1.29973337e-01  1.17801577e-02  1.01060711e-01
  2.20700383e-01 -1.44244730e-01  7.21978992e-02  1.56580999e-01
  1.65805239e-02 -8.16375688e-02  5.49231470e-02  4.65515219e-02
 -2.44750991e-01 -1.07135125e-01  2.21909732e-02 -9.60622653e-02
 -1.37281626e-01 -7.07227886e-02 -1.31489426e-01  3.80780436e-02
  3.40394080e-02  3.06155216e-02  4.08950597e-02  5.53761981e-02
 -3.64265144e-02  6.19818550e-03  1.05807744e-01  8.63599554e-02
 -1.53569356e-01 -1.30200654e-01  8.70724767e-02 -1.27127126e-01
  8.07140842e-02 -2.06201628e-01 -1.18986078e-01  1.33746684e-01
  2.72229046e-01 -2.61150766e-02 -1.10445298e-01 -3.01593006e-01
 -6.08282490e-03 -8.43146890e-02 -1.20626733e-01  8.91625509e-02
 -8.45957771e-02 -6.66077388e-03  1.80914700e-02 -1.64757162e-01
  8.30638111e-02  5.63875400e-02  1.84149563e-01  7.44879693e-02
 -2.87460233e-03  7.05752522e-02  1.05629064e-01 -1.25644177e-01
 -2.34604757e-02 -1.60835609e-02  9.40980986e-02  1.75403841e-02
 -2.23742843e-01 -7.02739730e-02  2.12294057e-01  5.02304472e-02
 -2.10088104e-01 -1.17109284e-01  2.11510062e-02 -6.08622506e-02
  9.85756740e-02 -1.25224158e-01 -5.13630873e-03  5.67584634e-02
 -4.31656390e-02 -1.74503431e-01  1.30041152e-01  6.21330999e-02
  2.00295970e-02  3.47901136e-02 -1.67090788e-01  1.65129732e-02
 -8.88930485e-02 -1.89759523e-01  3.80421802e-02  1.46346271e-01
 -3.45359333e-02 -5.04204370e-02 -1.53490022e-01 -5.20385988e-03
 -2.81962574e-01 -1.00362457e-01  5.06615303e-02  6.02460764e-02
  1.02992654e-01 -1.65249467e-01  1.61326945e-01 -1.38631105e-01
 -5.10491654e-02  2.00709164e-01 -1.07775979e-01 -2.30838850e-01
 -1.82559133e-01 -4.16297689e-02  5.11764213e-02  1.27372757e-01
 -1.61915988e-01  1.37855634e-01  1.58851534e-01 -1.68756265e-02
  1.02591731e-01 -1.82503566e-01  2.99778953e-02 -2.08456907e-02
 -1.54473111e-01 -2.40274575e-02 -1.14023626e-01  1.43327981e-01
 -2.56410301e-01  1.54843777e-01 -1.17930569e-01  2.84063071e-01
  2.37905920e-01  7.88711309e-02 -5.40269203e-02 -1.16469495e-01
 -5.56168444e-02 -1.64899752e-01  1.95758283e-01 -3.93863656e-02
 -1.22847170e-01  1.56031489e-01  5.98963872e-02  1.42611489e-01
 -1.72837064e-01  2.30785040e-03  1.39191234e-02  1.48682252e-01
  3.09745669e-01 -3.47305350e-02  1.55203184e-02  2.00882200e-02
 -2.32351616e-01 -8.47819746e-02  5.92590272e-02 -1.76946316e-02
  1.52884081e-01  1.54546201e-01 -1.26867220e-01 -8.54872242e-02
  1.00301467e-01 -2.23147571e-02  2.20488518e-01  3.17081250e-02
 -2.35565782e-01 -3.57539713e-01  3.36898118e-02 -1.70470148e-01
  1.15322977e-01  1.75626323e-01  3.82757217e-01  1.91833004e-01
 -3.08554545e-02 -1.15460552e-01  1.89399242e-01 -1.79570839e-02
 -9.94625166e-02 -2.17353538e-01  8.39316174e-02  1.07922755e-01
  1.74126595e-01  1.10531531e-01 -7.76350126e-02  8.24685320e-02
  1.76289111e-01  1.18687406e-01 -1.57036766e-01  1.39144510e-02
 -1.35413498e-01  2.72850711e-02  3.77417803e-02 -5.28684780e-02
 -1.79248713e-02 -2.26221681e-01  1.72569484e-01  1.57632485e-01
 -9.07325596e-02 -7.49678463e-02  5.76423444e-02  2.68597305e-02
  4.91492730e-03  2.51602940e-02  1.35072976e-01  1.60515737e-02
 -3.47556025e-01  9.46361572e-02 -2.18477115e-01  9.71259996e-02
 -8.71007666e-02 -3.38570066e-02  5.00245914e-02  2.70146765e-02
  1.51465967e-01  1.15936594e-02  1.69665337e-01 -6.48585632e-02
 -2.00251061e-02  2.26703286e-02  1.88367423e-02  1.13522694e-01
  3.60257663e-02 -1.98285013e-01  8.33012089e-02  7.15118716e-04
 -6.63687065e-02 -4.82158475e-02 -2.25343164e-02 -4.97187525e-02
 -1.67852975e-02 -8.65616798e-02 -1.29316509e-01 -8.24218914e-02
  6.46600872e-03 -4.81299795e-02  7.61869103e-02  2.69331746e-02
 -4.60390555e-04  4.27047373e-04  5.93631826e-02  1.28516350e-02
  1.69531599e-01  6.71279877e-02 -1.50274560e-02 -1.32222623e-01
 -1.18605010e-01 -3.47566046e-02 -2.56059412e-02  6.32649520e-03
  2.17390433e-02  4.45168875e-02  2.33088825e-02 -3.92579287e-02
 -3.89914326e-02 -8.16424713e-02  2.28220858e-02  6.35018721e-02
  4.62619998e-02 -1.28269941e-01 -8.25522169e-02 -1.14699185e-01
 -1.89764529e-01 -7.26301398e-04  5.44272438e-02  8.00796226e-02
 -6.64396361e-02  9.30837095e-02  1.33465350e-01 -1.48946166e-01
 -1.37114704e-01  1.04528911e-01  1.20678999e-01 -1.33665472e-01
  2.68671047e-02 -3.44870202e-02 -3.16276774e-02  4.27199490e-02
 -9.66357905e-03 -5.34148440e-02  6.60728663e-02 -6.65697828e-02
  9.67279673e-02 -1.23181663e-01  9.70086642e-03  1.61321267e-01
 -1.51638255e-01  4.45183590e-02 -1.44260585e-01  8.99269134e-02
  5.42205162e-02  4.36720029e-02 -2.80581713e-02  2.47422829e-02
  1.07095942e-01 -1.15139946e-01  3.51630780e-03 -5.68536632e-02
 -2.91849952e-02  1.21676296e-01 -7.27662444e-02  8.32438543e-02
  6.95524663e-02  4.11626212e-02 -7.46788159e-02 -2.68015508e-02
 -9.18803737e-02  4.93154004e-02 -2.46543914e-01  1.09567985e-01
 -2.24414226e-02 -1.76724374e-01 -5.72568271e-03 -4.55936939e-02
 -1.97074950e-01  2.21887231e-01 -2.14383319e-01  1.42410873e-02
  9.93354619e-02 -1.41913146e-01  1.10817224e-01 -8.13058694e-04
 -6.08717278e-02  1.45270362e-01 -6.45524934e-02 -5.15565015e-02
 -3.13911960e-03 -8.26410130e-02 -4.05390933e-02 -1.49322703e-01
  2.72057671e-03  2.12515816e-02 -3.95661481e-02 -2.30319556e-02
 -2.35246778e-01  9.19448063e-02 -2.78903474e-03  1.84977408e-02
 -8.75381827e-02 -7.71415979e-02  4.98221219e-02 -2.00223312e-01
  1.06980003e-01  2.40459979e-01 -1.22401074e-01 -2.55887449e-01
  6.21208958e-02 -1.12348996e-01 -2.67583549e-01  2.41184220e-01
 -1.74232915e-01 -1.88222826e-01  5.91042154e-02  5.20118885e-02
 -4.09491211e-02  3.21018040e-01 -9.14436206e-02 -2.61166632e-01
  1.33290187e-01  1.84259176e-01  4.93347585e-01 -1.29905447e-01
  5.73388226e-02  5.13074584e-02  1.34698078e-01 -2.33788446e-01
 -2.17414945e-01  4.87880819e-02 -1.52980741e-02  2.85896808e-01
  1.07803121e-01  9.20751840e-02  3.88699733e-02 -2.02031240e-01
 -1.78951040e-01 -2.66115498e-02  1.31415591e-01  4.61416282e-02
 -2.91689858e-02  2.25722566e-02 -5.14363497e-02  5.50338030e-02
  1.12425216e-01 -1.69838984e-02 -1.63860962e-01 -7.86315128e-02
 -7.08405897e-02 -1.63011670e-01  2.19569169e-02  2.42423385e-01
  1.58038884e-01 -1.87303677e-01  1.60520270e-01  2.96293169e-01
  1.14373136e-02 -6.91119209e-02  2.80255638e-02  1.63422465e-01
  6.55176416e-02 -8.70602205e-02 -9.12146494e-02  4.51431721e-02
  1.29754379e-01  5.07609285e-02 -1.06818066e-03  2.79098630e-01
 -1.77057505e-01 -1.70394760e-02 -2.07763672e-01 -6.88969716e-02
 -6.69083670e-02  7.52171054e-02  7.06350058e-02  4.86943871e-02
  7.77782351e-02  3.86319985e-03  4.73030470e-02  5.03307618e-02
  3.44581753e-02  9.69212353e-02  1.20546460e-01 -5.01937754e-02
  6.53905496e-02  1.51974961e-01  5.38323186e-02  7.69735351e-02
  6.52429163e-02 -6.13602251e-02  1.05908252e-01 -2.70341933e-02
 -3.70308943e-02  1.33307710e-01 -4.23571840e-02 -6.77453279e-02
  4.15655114e-02  5.58182672e-02 -1.18938731e-02 -1.45090595e-01
  4.66429554e-02 -2.22799823e-01 -6.36642799e-02  7.72664770e-02
 -8.19719583e-02 -8.34625587e-02  3.43427099e-02  1.84614718e-01
 -1.43925503e-01 -1.88350812e-01  6.72454685e-02 -8.86358023e-02
  9.75142792e-02 -7.66769350e-02 -4.20941748e-02 -9.86638218e-02
 -2.12589037e-02  4.06527938e-03  1.05863042e-01  4.10335921e-02
  2.00496148e-02 -1.67529330e-01  1.33904532e-01  3.30456346e-01]