http://erau.edu/ontology/meme.owl#PoiMeme
[-1.96387604e-01 -1.43021181e-01 -6.11375459e-02 -4.42529283e-02
 -3.10659613e-02  2.11731587e-02  1.36033550e-01  1.22035732e-02
 -6.17048033e-02 -4.18679193e-02  1.14443377e-01 -1.20616987e-01
  1.33712962e-01 -4.01950553e-02 -6.16438799e-02 -3.66878435e-02
  2.73111518e-02  1.17497861e-01  9.35453922e-02  3.06700170e-03
 -2.91611046e-01  7.95166939e-02  6.34518415e-02 -1.44867972e-01
  5.56129031e-02  2.20850855e-02 -5.90773858e-03 -1.65276870e-01
  2.47655451e-01  1.64454058e-01  2.79922355e-02  4.38415073e-02
 -3.90331596e-02 -1.26833603e-01 -4.13138680e-02  1.78920418e-01
  8.37205723e-02  1.05775245e-01 -7.74192661e-02 -1.49522066e-01
  7.25227445e-02  1.60843104e-01 -1.21525563e-01 -3.63406241e-02
  8.33709314e-02  2.68207118e-02  3.74977738e-02 -2.17254851e-02
  9.65870768e-02  5.24335168e-02  4.99994829e-02 -1.48465671e-03
 -2.54895687e-02 -1.78178370e-01 -1.47920445e-01 -1.92952007e-02
  8.32071155e-02 -8.24176446e-02  1.70457110e-01  8.91255736e-02
 -5.12208082e-02 -7.53363594e-02  1.51808247e-01  2.35008877e-02
 -3.68791260e-02  4.18220125e-02  6.43891795e-03 -1.52346808e-02
 -7.35016167e-02 -1.95718333e-01 -1.28188103e-01  1.67489707e-01
  1.16840683e-01 -3.86375561e-02  2.03892719e-02  8.49688798e-02
 -1.41603202e-02  4.23108637e-02  1.23682186e-01  2.94733830e-02
 -9.68048498e-02 -1.23416118e-01 -4.23203036e-02 -2.45944440e-01
 -2.72557195e-02 -9.90186259e-02 -1.12146020e-01  9.84062552e-02
  1.16636634e-01  1.52992420e-02 -4.65106517e-02 -1.42276332e-01
  1.05402052e-01 -5.70649505e-02 -1.03854127e-01  3.72388363e-02
 -5.00329211e-02 -3.01684551e-02 -5.32398745e-02 -2.04868931e-02
  8.01894441e-02  2.77971905e-02  2.29279518e-01 -1.11352600e-01
 -3.40772830e-02  6.06894121e-03  1.29378006e-01  1.63525436e-02
  2.07422934e-02 -9.05554444e-02  8.37218203e-03 -3.47787887e-02
 -7.57709444e-02 -1.17239520e-01  1.89345062e-01  5.30254133e-02
 -2.31875747e-01 -2.15575874e-01  4.16115634e-02  1.17717348e-01
  8.79319608e-02 -8.97219777e-02 -1.90152749e-02  6.37204424e-02
  3.55981104e-03 -1.32908255e-01  6.64217323e-02 -2.10750420e-02
 -3.89254931e-03  4.18186672e-02 -1.28582671e-01 -1.44678447e-02
  6.84606060e-02 -7.54227042e-02 -9.05162767e-02  1.46724612e-01
 -4.74472865e-02 -7.03485236e-02 -9.47003812e-02  1.02288313e-01
 -2.54255354e-01 -3.81490663e-02  1.81362834e-02  6.74016727e-03
  1.89962119e-01 -1.51159242e-01  7.76545331e-02 -8.86767432e-02
 -6.20397888e-02  8.24162364e-02 -1.44186178e-02 -1.06426723e-01
  3.21493745e-02  5.49694672e-02 -7.06806853e-02  8.47889036e-02
 -1.77285314e-01  1.90198526e-01  4.61579598e-02 -6.21611997e-02
  5.99410944e-02 -9.41512212e-02  6.77059963e-02 -1.09327110e-02
 -2.18537211e-01 -1.99558631e-01 -5.64986207e-02  1.38005510e-01
 -1.89346701e-01  8.33711401e-02 -1.08661293e-03  1.24302052e-01
  2.39076182e-01  1.80866256e-01 -2.88091577e-03  3.47419605e-02
 -6.46896288e-02 -1.10960342e-01  5.42381443e-02  1.58386433e-03
 -1.12679437e-01  5.47918975e-02 -9.39029921e-03  6.17008284e-03
 -3.24487612e-02  1.33722220e-02 -5.66589311e-02  5.49655408e-02
  1.95545450e-01 -1.08596630e-01  7.73316920e-02 -1.59988292e-02
 -1.90939680e-01 -9.87091511e-02  1.32220825e-02  7.06207752e-02
  8.91190395e-02  1.84644520e-01 -7.59512335e-02 -1.17316907e-02
  5.65571040e-02 -1.79416258e-02 -1.61794852e-02 -2.70182788e-02
 -8.69112462e-02 -2.07907051e-01 -1.16199441e-02 -7.99216479e-02
  7.58792534e-02  1.11104764e-01  1.48989901e-01  1.25970393e-01
 -4.56180237e-02 -9.51644331e-02  9.44101363e-02 -3.27359587e-02
 -1.41805440e-01 -5.87112941e-02  4.92396057e-02  9.60963145e-02
  1.51603132e-01  2.59812661e-02 -1.26489654e-01 -5.65200746e-02
  9.97412130e-02  8.70103985e-02 -1.28980219e-01  5.80638554e-03
  1.55604305e-02 -2.41126749e-03 -3.17963175e-02  3.60135362e-02
 -1.31844029e-01  1.87474415e-02 -2.04093978e-02  4.94553596e-02
  4.49603684e-02 -1.23358794e-01  1.35524422e-01 -1.47290379e-01
  2.53607426e-02 -5.80785275e-02 -4.93049100e-02 -8.95232260e-02
 -1.50957927e-01  1.02172345e-02 -7.90267661e-02 -8.18681195e-02
 -4.06178460e-03 -2.54864432e-02  4.97349165e-02  1.84367374e-02
  1.74228698e-01  7.02553168e-02  1.42812833e-01 -3.25938687e-02
 -4.51076105e-02  3.34665626e-02  3.62201892e-02  6.63465261e-02
 -6.50166571e-02 -1.83386207e-01  4.17905338e-02 -8.57402310e-02
 -6.22319244e-03 -2.03063592e-01  1.68509800e-02 -3.45028266e-02
  8.73183757e-02 -1.28609136e-01 -5.66263199e-02 -5.74921928e-02
  5.18386364e-02  9.72616896e-02  2.10067064e-01 -4.24070433e-02
  1.44853666e-01  2.26706881e-02 -8.15972611e-02  2.68282020e-04
  1.83028370e-01  2.80188564e-02  1.87111609e-02 -5.45623600e-02
 -1.15672417e-01  1.82348229e-02 -4.87806946e-02  5.62290214e-02
  2.52624806e-02 -1.33847475e-01 -1.63980611e-02 -1.89456418e-01
  8.03250447e-02 -1.00622773e-01  9.98009443e-02  8.46926309e-03
  4.00238931e-02  2.00481042e-02 -1.73693642e-01 -1.46568269e-01
 -2.67504305e-01 -3.10345516e-02  1.80790480e-02  1.19378239e-01
 -6.07106648e-02  3.49964947e-02  2.20704556e-01 -3.37323025e-02
  4.66902032e-02  3.64251956e-02  1.36184365e-01 -2.44055569e-01
 -3.49095389e-02  4.49196249e-02 -2.90665845e-03  4.74853218e-02
 -4.47966717e-02  8.04018974e-02 -4.45301086e-02 -9.09777209e-02
  1.20640330e-01 -1.28802031e-01  1.63049787e-01  1.80813909e-01
  1.72120575e-02  2.75878292e-02 -1.61950454e-01 -9.06853676e-02
  7.55092651e-02 -4.42951992e-02 -7.49061722e-03 -4.71238308e-02
  9.22378451e-02 -5.97437210e-02 -7.38754421e-02 -2.50859946e-01
  9.60313231e-02  7.89843723e-02 -5.86910322e-02  7.92367831e-02
 -1.84258781e-02  3.66287194e-02 -2.91805882e-02 -9.70091149e-02
 -1.21556580e-01  1.11418199e-02 -4.84596044e-02  8.18612352e-02
 -5.79950958e-02 -1.25609264e-01 -5.81282787e-02  6.81935996e-02
 -1.64695054e-01  1.56147733e-01 -1.56470820e-01  1.22681193e-01
  7.52056018e-02 -1.44954756e-01  1.87247381e-01  4.22299057e-02
 -1.73399046e-01  1.39487341e-01 -6.14500418e-02 -3.78494263e-02
  5.22515923e-02 -7.39746466e-02 -5.04061952e-02 -1.55716976e-02
 -4.12037643e-03  4.92013805e-02  3.85999456e-02  3.51983644e-02
 -1.48219064e-01  3.44404094e-02  4.13697250e-02 -4.90784794e-02
 -3.25684771e-02  3.12553793e-02 -3.94666800e-03 -5.71796931e-02
  8.75172466e-02  1.72751993e-01 -1.85578968e-02 -5.24654053e-02
  1.67465851e-01 -1.02858596e-01 -8.71751383e-02  2.37179786e-01
 -9.66997221e-02 -1.63534015e-01 -2.96717267e-02  9.59158614e-02
 -6.29283115e-02  2.51731217e-01 -1.69769302e-02 -2.07195312e-01
  6.60090968e-02  9.79490951e-02  2.28647053e-01 -8.12622160e-02
 -3.85126472e-02 -1.52502388e-01  4.25333939e-02 -2.79749691e-01
 -1.65652812e-01  2.15059016e-02 -1.11165801e-02  3.87024701e-01
  1.20135985e-01  8.26289281e-02  7.55986050e-02 -2.06883788e-01
 -1.34943083e-01 -3.56218144e-02 -4.59729359e-02  7.90954530e-02
  6.06321283e-02 -6.94081858e-02 -2.76664868e-02  1.12775832e-01
  5.70737235e-02 -7.20147267e-02 -6.27981350e-02 -1.07966764e-02
 -2.39328705e-02 -1.48223341e-01 -1.03094496e-01  1.24908596e-01
  1.36329131e-02 -1.53467909e-01  2.35979594e-02  1.54809654e-01
 -1.26292761e-02 -6.29693046e-02  1.12127289e-01  2.28165373e-01
  6.45273551e-02 -3.59149612e-02  4.82920408e-02  7.88208842e-02
  9.43695083e-02  2.59014103e-03 -6.28098398e-02  1.75575510e-01
 -1.40896261e-01 -7.32291937e-02 -1.45088926e-01 -9.30143297e-02
 -6.77887425e-02  4.09166887e-02  1.13702223e-01  1.04447529e-01
  5.16980104e-02 -1.22003414e-01  1.41543120e-01  6.28208444e-02
  2.92592682e-03  4.77571301e-02  1.00242011e-01 -4.87264693e-02
  2.31062263e-01  6.23804107e-02  1.06673114e-01 -1.45895109e-01
  1.70360859e-02  9.59914252e-02 -8.76134075e-03 -1.74007624e-01
 -1.08842559e-01 -5.16549014e-02  1.20022893e-01 -4.36306261e-02
  1.87688291e-01  1.45220608e-01  8.31627697e-02 -2.27842569e-01
  6.28653318e-02 -9.28599611e-02  1.45303151e-02  6.44379631e-02
 -2.83208508e-02 -1.76647399e-02 -1.02665760e-01  2.47119308e-01
 -5.53372465e-02 -7.33626857e-02 -1.29567673e-02  1.78563036e-02
  7.10714012e-02  6.79267477e-03  3.85877234e-03 -6.10124506e-03
  6.29874170e-02  3.29733081e-02  1.04077429e-01  4.35823984e-02
 -2.24403571e-02 -2.66375989e-02  2.17347555e-02  7.47616291e-02]