http://erau.edu/ontology/meme.owl#DreamsArentRealMeme
[-9.96058732e-02 -1.26860440e-01  1.69125989e-01  5.91010554e-03
  9.45959091e-02  7.71640288e-03  1.50196210e-01 -7.46406540e-02
  2.67860480e-02 -1.57413617e-01  2.30179094e-02  1.32852688e-01
 -1.16651384e-02  2.90131867e-02 -1.74706787e-04 -4.66726087e-02
  2.11479232e-01  9.83950123e-02  7.48696178e-02  7.40640387e-02
 -2.79684544e-01  7.82156810e-02  1.63073793e-01 -5.31444401e-02
  2.56289840e-01 -2.23338872e-01 -9.58982185e-02 -6.82302713e-02
  3.89865160e-01  1.26779869e-01  1.36872187e-01 -7.87237077e-04
  7.60144833e-03 -1.63284212e-01 -8.98735225e-02  1.79426655e-01
 -5.71464859e-02 -3.20589393e-02 -9.58289653e-02 -8.20771530e-02
 -1.18552797e-01  2.13253379e-01 -2.57483661e-01  1.53121520e-02
  5.74658588e-02  3.01266443e-02 -1.25592679e-01 -1.36343747e-01
  9.22078937e-02 -1.37072802e-03  1.30704477e-01  1.16968259e-01
 -6.29271269e-02 -1.34340182e-01 -1.26769319e-01  5.97190671e-02
  2.16948316e-01 -1.50423542e-01  8.16021040e-02  2.25114584e-01
  4.56514992e-02 -6.03066012e-02  1.22144312e-01  5.11386395e-02
 -1.36111185e-01 -2.46168543e-02  1.08546369e-01  1.28821218e-02
 -8.60955641e-02  1.03827596e-01  2.71883514e-02  1.29623711e-01
  1.51759148e-01  3.94005366e-02  4.57149148e-02  5.06224781e-02
 -1.70093887e-02  9.32838619e-02  9.64804590e-02  1.14899009e-01
 -3.23969349e-02 -7.60626374e-03  2.39007710e-03 -9.79220048e-02
  5.60610741e-02 -5.64608350e-02 -5.58397807e-02  1.53538451e-01
  2.21233591e-01 -2.22578272e-02 -2.69934684e-02 -1.32361859e-01
  7.54096806e-02 -6.02437109e-02 -1.51335135e-01  5.45925535e-02
 -1.42451808e-01 -1.04724526e-01 -1.06095985e-01 -1.05539173e-01
  1.12095751e-01 -2.82368548e-02  2.14824438e-01  6.43547699e-02
 -1.19599603e-01  1.24963865e-01 -2.97015943e-02  1.11149915e-01
  1.45857353e-02  2.52942014e-02  8.84454995e-02 -1.26478463e-01
 -5.44851273e-02 -4.42155451e-02  1.44057900e-01  6.21565953e-02
 -8.00104365e-02 -5.42706205e-03  9.73054208e-03 -4.41509485e-02
  1.41447425e-01 -3.21214236e-02 -1.19008668e-01  1.38910472e-01
  1.53000772e-01 -8.44802782e-02 -5.17909527e-02  1.46105126e-01
  6.98407739e-02  1.13013247e-02 -1.41568780e-01 -9.38698798e-02
 -1.35135800e-01 -1.59977123e-01 -4.66535334e-03  1.24282368e-01
 -6.37046173e-02  5.68762757e-02 -1.40238166e-01 -1.45892827e-02
 -2.53275901e-01 -9.62471515e-02  1.52057856e-01  8.29726756e-02
  1.15600884e-01 -9.70853046e-02  1.47257850e-01 -8.80267769e-02
 -3.36430594e-02  1.37849867e-01 -1.91883147e-01 -1.37482390e-01
 -1.62795842e-01 -3.99239501e-03 -9.70749781e-02  9.51296017e-02
 -5.60506582e-02  1.63888410e-01  7.98986927e-02 -1.22411273e-01
  2.03043688e-02 -1.09179221e-01 -4.92526218e-02  2.92267948e-02
 -2.07744822e-01 -1.79286987e-01 -1.42058078e-02  1.70985967e-01
 -8.91256630e-02  5.26216663e-02 -1.07585162e-01  2.00882077e-01
  1.80515334e-01 -3.63122970e-02 -8.77672061e-02  2.67174728e-02
 -2.23007123e-03  1.64168216e-02  1.21672444e-01  4.30945605e-02
 -7.34894052e-02  5.07603399e-02  1.34629225e-02  1.26298726e-01
 -7.27088675e-02 -1.52402565e-01  2.28816643e-01  1.26128078e-01
  1.79476529e-01 -1.88931208e-02 -7.97637999e-02 -4.25833315e-02
 -4.99027297e-02 -1.13003276e-01  7.66371116e-02 -1.04054905e-01
  3.12184840e-02  3.02276779e-02 -4.15962674e-02 -3.51545252e-02
 -1.87952425e-02 -7.17078056e-03  2.42503043e-02  1.02948770e-01
 -3.45797837e-02 -2.63970256e-01  9.69948024e-02 -1.14025474e-01
  1.92970350e-01  5.35396263e-02  2.23788828e-01 -9.20098275e-03
 -4.13366929e-02 -3.03950720e-02  8.53917524e-02  3.85390110e-02
  1.76107157e-02 -1.26372010e-01  1.63296461e-01  1.23513751e-01
  9.76204351e-02  1.88554838e-01 -8.36188868e-02  6.30775020e-02
  3.45125608e-03  6.73340783e-02 -1.13630235e-01  7.69357458e-02
 -8.48840252e-02 -5.50123118e-02  9.23385029e-04 -4.86884415e-02
 -5.92457615e-02 -2.20115557e-01  9.21642408e-02  1.25421345e-01
 -1.93389550e-01 -1.72281116e-01  2.98868325e-02 -1.48843629e-02
  5.08708283e-02 -1.16508538e-02  2.48548836e-02  4.66539897e-02
 -2.15907872e-01 -3.21434326e-02 -2.10974216e-01 -1.06085122e-01
 -5.71257621e-02  7.83925056e-02  2.97541879e-02 -1.00829259e-01
  1.88031182e-01  9.18182451e-03  1.67879120e-01 -4.97763231e-02
 -1.76209554e-01  3.83454077e-02 -6.20158128e-02  1.83789227e-02
 -2.19164997e-01 -8.80844295e-02 -7.18522295e-02 -1.68778852e-01
 -4.96451296e-02 -7.96311572e-02  9.76268128e-02  6.11720867e-02
 -8.77368788e-04  1.99673278e-03 -7.19600543e-02  1.10765651e-01
  2.58791223e-02 -8.52708593e-02  5.62452078e-02 -4.08006646e-02
 -3.20678391e-02 -4.05546986e-02  1.08499534e-01 -7.51634464e-02
  1.59812644e-01  2.41450801e-01 -8.02773517e-03 -2.04778507e-01
 -8.28721151e-02 -9.08296928e-02 -7.82718882e-02 -3.33380438e-02
  4.63072918e-02  1.67303078e-03  3.29752378e-02 -9.49114561e-02
  8.01885650e-02 -7.49823377e-02  5.53875268e-02  4.16146591e-02
 -4.01023738e-02 -6.24517277e-02 -8.12774524e-02 -1.35988995e-01
 -2.71989647e-02  6.04300722e-02  4.03553480e-03  1.41924143e-01
 -2.48600189e-02  5.77930473e-02  2.28640586e-01  4.98629399e-02
 -2.06616037e-02 -1.12283163e-01  1.03772573e-01 -2.06255943e-01
 -2.40758359e-02  2.83769853e-02 -1.07838631e-01  1.49877388e-02
 -6.15321733e-02  1.36780925e-02 -2.35764645e-02 -1.37352228e-01
  6.32908195e-02 -3.66526060e-02  1.08459711e-01  1.88923463e-01
 -1.80674553e-01  1.17680728e-02 -5.44715766e-03  5.23882806e-02
  2.20795110e-01  4.86895479e-02  3.42203788e-02 -5.73538169e-02
  2.41216645e-02 -9.96755287e-02 -1.42459059e-02 -1.78516671e-01
  4.14866731e-02  1.43115669e-01 -1.60437673e-02  6.89753145e-02
 -2.96217836e-02  9.99248028e-02 -2.13259552e-02  6.66095922e-03
 -1.57261059e-01 -2.48275734e-02 -1.05253994e-01  1.45184860e-01
  3.93631570e-02 -1.20841496e-01 -6.39106259e-02  8.19581673e-02
 -1.37771860e-01  1.20374568e-01 -2.63639152e-01  3.73892002e-02
  2.10993454e-01  9.04036462e-02  8.32753032e-02 -1.70267761e-01
 -4.63227443e-02  1.37487620e-01  9.77268666e-02 -2.12066546e-02
  6.14910051e-02 -1.86008532e-02 -8.99835974e-02  1.53366506e-01
  2.87573412e-03 -8.04763883e-02 -2.88906991e-02 -4.72045429e-02
 -2.75175214e-01  4.21804413e-02 -1.61358621e-02 -4.99004982e-02
 -7.39656761e-02  4.82542217e-02  3.68811153e-02 -3.92912626e-02
  4.52762097e-03  1.88220292e-01 -9.89582669e-03 -1.01492830e-01
 -8.73503089e-02 -2.10684314e-01 -1.69112086e-01  2.53349960e-01
 -1.64053030e-02 -1.87397733e-01  2.14252427e-01  5.68951294e-02
  5.89393228e-02  1.77934930e-01  8.08097869e-02 -2.71873862e-01
  1.09723404e-01  7.40740225e-02  3.39596003e-01 -1.12277633e-02
 -3.55581641e-02  2.98400456e-03  9.27761570e-02 -1.69750333e-01
 -1.98714927e-01  1.15147889e-01 -1.71090975e-01  8.87310952e-02
  9.92458239e-02  6.52311146e-02  1.08908139e-01 -1.03636257e-01
 -1.99251130e-01 -7.61297271e-02 -1.24489991e-02  1.29601106e-01
 -9.26400498e-02 -8.95579532e-03 -4.11432907e-02  4.26586345e-02
  1.88749284e-01  5.08969575e-02 -5.80872130e-03 -1.31155968e-01
 -1.31197751e-01 -1.54367283e-01  2.24780850e-02  3.34162824e-02
  8.91655311e-02 -2.29711216e-02  2.36688122e-01  3.28053862e-01
  1.11525349e-01 -1.25107482e-01  2.10049614e-01  2.06640527e-01
  1.56226665e-01 -1.05874002e-01  6.34960756e-02  2.08039377e-02
  1.01930417e-01  2.94497967e-01 -8.88872296e-02  3.08095425e-01
 -2.38318190e-01 -8.75737146e-02 -2.19038486e-01 -4.07587104e-02
 -6.43754750e-02 -7.92138502e-02 -3.53867598e-02  6.97177872e-02
  1.56657577e-01 -8.64506662e-02  4.65501845e-02  1.72359571e-01
  6.00911565e-02  2.61551533e-02 -2.39245370e-02  2.97446619e-03
  2.42129952e-01  1.67292863e-01  8.48402381e-02  3.09785805e-03
 -1.19015248e-02  6.20071813e-02  1.75975949e-01 -1.79229438e-01
 -9.80928354e-03  1.44433260e-01  2.77969427e-02  1.04739495e-01
  1.00293107e-01  1.41655549e-01 -1.39745753e-02 -2.14376032e-01
 -2.22560596e-02 -2.70126641e-01 -2.77418904e-02  1.35132000e-01
 -6.09163661e-03 -8.49580839e-02  6.51807413e-02  1.85209736e-01
 -1.70343488e-01 -1.14784747e-01 -1.65765267e-02  4.09414992e-03
  1.09471589e-01 -1.22833326e-02  7.99404550e-03  2.45848726e-02
  1.83757450e-02  5.25210015e-02  5.30795902e-02  2.11508691e-01
  1.00343019e-01 -6.43896237e-02  1.58650830e-01  1.43287241e-01]