http://erau.edu/ontology/meme.owl#YourNextLineisMeme
[-8.56054872e-02 -1.06806576e-01  8.81744549e-02  3.84044321e-03
 -2.81495461e-03  2.53912807e-02  1.39717698e-01  3.21711078e-02
  3.94408517e-02 -6.16366379e-02  3.17520350e-02  7.33144954e-02
  1.48210712e-02  4.07545194e-02 -4.01423499e-02 -1.00973129e-01
  1.29058227e-01  1.01273917e-01  7.20096827e-02  1.22132048e-01
 -1.90111175e-01  7.67181739e-02  1.36072740e-01 -9.86828879e-02
  2.55747974e-01 -1.10153824e-01 -1.05116908e-02 -1.10936992e-01
  2.42291644e-01  1.18093051e-01  1.12438366e-01  6.19688146e-02
  2.47107595e-02 -2.10874811e-01 -1.22437384e-02  9.92899612e-02
  6.78057736e-03  7.81527832e-02 -1.01061083e-01 -1.02350853e-01
 -5.73629960e-02  1.93189710e-01 -1.92113623e-01 -4.53665257e-02
  6.25548139e-02  6.57309592e-02 -6.11876175e-02 -8.24438930e-02
  8.42223838e-02 -4.13995283e-03  9.82008725e-02 -4.52439301e-03
 -1.04827229e-02 -9.05211866e-02 -1.03256233e-01 -3.29458602e-02
  6.65562898e-02 -1.21141665e-01  1.46020785e-01  5.59007823e-02
  3.72558720e-02 -1.20543189e-01  1.46771580e-01  2.71186717e-02
 -1.09969594e-01  1.65286232e-02  2.77886298e-02  1.12446453e-02
 -1.06830820e-01 -3.18067037e-02 -4.09267806e-02  1.26747131e-01
  2.20844507e-01  5.23115024e-02 -9.16005392e-03  1.14721484e-01
 -1.86233483e-02  1.00595295e-01  1.20167628e-01  4.22895513e-02
 -7.53336474e-02 -1.51048154e-01 -7.17803761e-02 -1.45022526e-01
 -6.60509989e-03 -1.12846993e-01 -1.05676159e-01  6.95800260e-02
  1.11462422e-01 -8.55916440e-02  7.66945854e-02 -1.73522681e-01
  1.26034990e-01 -2.19894834e-02 -1.16752587e-01  9.08948109e-02
 -7.92199522e-02 -4.34290431e-02 -1.20521002e-01 -4.86219451e-02
  8.09145793e-02 -4.50544693e-02  2.47561485e-01 -1.13133699e-01
 -1.31393149e-01  1.47251030e-02 -2.58328561e-02  2.67729983e-02
 -4.02053073e-02 -8.86673182e-02  4.38682213e-02 -2.93948762e-02
 -1.03205014e-02 -1.17909916e-01  5.59556596e-02  7.38086551e-02
 -1.82102501e-01 -1.22680785e-02  5.58767207e-02  2.40070242e-02
  5.71323857e-02  1.45558231e-02 -3.49644683e-02  3.22905593e-02
  9.85188931e-02 -1.21696718e-01  1.17629729e-02  2.28169728e-02
 -1.70660065e-03  1.05557404e-03 -1.12359338e-01 -1.72149837e-02
 -3.09187686e-04 -4.11779992e-02  2.62306333e-02  6.42313212e-02
 -1.72754377e-02 -5.67243136e-02 -4.27914374e-02 -1.57933496e-03
 -1.71236962e-01 -1.07380375e-01  1.19387619e-01  7.50495419e-02
  6.76470250e-02 -1.97551742e-01  1.05723418e-01 -9.86612216e-02
 -1.49421720e-02  7.95736313e-02 -4.08176333e-02 -7.95268789e-02
 -5.37939034e-02 -8.18429515e-03 -1.49784833e-01 -2.07954249e-03
 -2.97668371e-02  1.16702735e-01  9.48261097e-02 -8.89387727e-02
  2.97427531e-02 -1.07045442e-01  3.13109271e-02  3.95789277e-03
 -1.55239791e-01 -1.52290121e-01  4.20770049e-02  6.35697246e-02
 -7.50114024e-02  1.23106487e-01 -1.96589641e-02  1.89006999e-01
  1.90185353e-01  5.59507087e-02 -3.02335732e-02 -3.16019431e-02
 -6.70247748e-02 -8.83600786e-02  8.78816247e-02 -1.03359614e-02
 -9.09436867e-02  5.83729632e-02  1.55433826e-02 -1.72816180e-02
 -6.68689683e-02 -7.14703947e-02  8.25939924e-02  5.54990470e-02
  1.13922201e-01 -1.07929245e-01  6.34530783e-02 -2.62160767e-02
 -7.30413646e-02 -1.32009685e-01  7.09483121e-03 -7.52444044e-02
  5.90931997e-02  1.23840719e-01  1.19689843e-02 -8.01281072e-03
  1.49508622e-02  1.42108854e-02 -4.95015302e-05  4.20041289e-03
 -6.63639419e-03 -3.16764325e-01  3.79214436e-02 -1.17597893e-01
  1.78313404e-01  1.20350838e-01  2.52860963e-01  6.72141910e-02
 -7.72290528e-02 -1.18389778e-01  1.33910134e-01 -1.34819355e-02
 -7.54989609e-02 -1.24487333e-01  1.71238363e-01  7.70763829e-02
  1.75009400e-01  8.34174156e-02 -1.24848485e-01  1.17892271e-03
  5.46178557e-02  1.40488902e-02 -1.45351127e-01  1.29834218e-02
 -2.55524516e-02 -7.11305663e-02  1.56590343e-02 -8.56989399e-02
 -5.84335141e-02 -1.45280868e-01 -2.75894981e-02  4.80103306e-02
 -7.13893920e-02 -1.21375673e-01  4.68452126e-02 -1.96585711e-03
  4.21265066e-02  6.96662813e-03  2.32356247e-02  2.44745403e-03
 -1.06842786e-01 -4.82681673e-03 -4.62483950e-02 -8.85515884e-02
 -5.02733886e-02  1.02311008e-01  1.25481546e-01 -1.39337555e-02
  1.21991903e-01 -2.30131168e-02  8.89502242e-02  1.08908862e-02
 -7.46560991e-02  6.17796406e-02 -6.11582547e-02  1.02948047e-01
 -1.72371149e-01 -4.00044248e-02  2.68235598e-02 -1.64685920e-01
 -2.84535643e-02 -7.30583072e-02  6.52465969e-02  3.73880304e-02
  8.85421336e-02  3.35978009e-02  2.06910968e-02  9.98001453e-03
  1.50219705e-02 -2.64765508e-02  1.06603689e-01 -4.64041866e-02
 -3.05408183e-02 -3.59323318e-03  4.97941710e-02 -2.66862139e-02
  6.85816854e-02  1.06289312e-01  1.86452083e-03 -1.33895352e-01
 -6.42999113e-02 -6.47033155e-02 -1.06775351e-02 -8.75166133e-02
  3.43426391e-02  9.82294604e-03  2.50017196e-02 -1.05277561e-01
 -1.00610396e-02 -7.44917244e-02  2.73450017e-02 -7.38201058e-03
  1.42283171e-01 -3.27897593e-02  3.42288148e-03 -1.13199309e-01
 -6.94867596e-02 -2.35538445e-02 -2.02906262e-02  7.05549642e-02
 -1.49967419e-02 -2.82312855e-02  1.44280761e-01 -3.66290584e-02
  2.56795585e-02 -1.16007710e-02  8.02909508e-02 -1.78917632e-01
 -2.18555704e-02  5.49449958e-02 -1.25112263e-02  6.68565631e-02
  2.01259665e-02  2.83893384e-02  1.40945567e-02 -7.38340467e-02
  2.92433985e-03 -6.36101738e-02  1.17106356e-01  1.27664492e-01
 -8.30257684e-02 -3.85723338e-02 -6.25012890e-02 -6.23799581e-03
  1.00054577e-01 -1.05912657e-02  3.04607209e-02 -1.92145593e-02
  1.45363752e-02 -2.87818033e-02 -2.17196345e-02 -2.04785720e-01
  4.57508564e-02  1.76697314e-01 -1.04673684e-01  1.12331361e-02
 -4.32381257e-02  1.12949006e-01 -3.94501537e-02  3.30092497e-02
 -9.27873328e-02  1.92951560e-02 -4.63394821e-02  1.45296305e-01
 -5.53366095e-02 -1.09205224e-01 -1.92134604e-02  9.71776471e-02
 -8.15546736e-02  7.68756643e-02 -2.32181981e-01  4.92976122e-02
  6.47952631e-02  1.15122320e-02  1.29136056e-01 -9.52761769e-02
 -9.09557194e-02  1.22286506e-01 -2.53414754e-02 -3.46701406e-02
  1.89855248e-02 -6.33431226e-02 -1.43987700e-01  8.46147910e-02
 -6.93229213e-02 -4.96632271e-02 -4.90396144e-03  5.65849692e-02
 -2.24537358e-01  2.56438516e-02  2.25922354e-02 -9.36240777e-02
 -9.63655710e-02  5.86009622e-02  5.21426797e-02  1.04329549e-02
 -2.01683417e-02  9.76725221e-02 -7.93379098e-02 -2.39430983e-02
  5.93323857e-02 -1.42084122e-01 -1.08049296e-01  2.16247246e-01
 -8.09073374e-02 -1.12335414e-01  1.42327398e-02  8.31309408e-02
 -7.63239665e-03  1.46741509e-01 -5.60735725e-03 -1.94273204e-01
  1.35346696e-01  6.14062920e-02  2.26643816e-01 -4.28482182e-02
 -1.16078675e-01 -1.31249160e-01  5.02253994e-02 -1.56408489e-01
 -1.59049556e-01  2.77688522e-02 -1.36551455e-01  2.67618358e-01
  1.35545760e-01  4.39561568e-02  1.69922155e-03 -5.66756018e-02
 -1.76834837e-01 -8.33366364e-02 -1.03098461e-02 -2.02134028e-02
 -1.73285007e-02 -5.07575832e-02  1.75646674e-02  2.80359164e-02
  2.33841777e-01 -1.08738821e-02  2.59687658e-02 -6.58263965e-03
 -3.69718224e-02 -1.72033682e-01 -5.99586815e-02  9.26274806e-02
  1.00932606e-01 -7.78738856e-02  1.07654519e-01  2.04237342e-01
  1.20513439e-01 -2.56856270e-02  2.43502006e-01  1.54858470e-01
  1.76150292e-01 -1.01151466e-01  7.41235241e-02  2.34761517e-02
  7.85732176e-03  2.00870007e-01 -9.27426219e-02  2.28755862e-01
 -1.46748811e-01 -3.30153368e-02 -1.18217893e-01 -5.36831021e-02
 -6.29269183e-02 -4.65366319e-02  1.79034062e-02  2.41963249e-02
  1.28431424e-01 -7.77422413e-02  1.12019494e-01  9.62854400e-02
  8.47011507e-02 -6.23261370e-03 -1.20954430e-02 -4.85379994e-03
  2.21120611e-01  1.01138532e-01  1.90982729e-01 -2.21525021e-02
  5.43850958e-02  9.01460871e-02  1.17404848e-01 -1.16983548e-01
  1.65898073e-02  7.10374340e-02  1.58327907e-01  3.62232961e-02
  1.34059623e-01  1.25648975e-01  4.17517796e-02 -1.96868107e-01
  6.38904646e-02 -2.09125370e-01 -5.68840206e-02  1.39084190e-01
  1.98567770e-02 -4.63335849e-02  1.25672482e-02  2.53970176e-01
 -1.63537532e-01 -1.29997686e-01 -2.30088290e-02  5.05232811e-02
  9.03586298e-02  3.03867888e-02 -7.98727944e-02  6.67667435e-03
  1.79380924e-02  1.27940089e-01  1.26643658e-01  8.97270516e-02
  4.83896546e-02 -1.45862937e-01  7.55819306e-02  1.13938972e-01]