http://erau.edu/ontology/meme.owl#BadHombresMeme
[-4.30467203e-02 -2.76439846e-01  8.62475112e-03  6.34850785e-02
 -1.21056254e-03  2.44663835e-01  9.81018245e-02  7.28420988e-02
 -5.05386619e-03 -1.11631909e-02  1.47035912e-01 -1.95984304e-01
 -1.11150444e-01 -9.21236575e-02  9.11661983e-02  1.36927962e-01
 -4.95455088e-03  3.27678099e-02  3.66484337e-02  2.03768551e-01
  2.74474155e-02 -1.59804113e-02  1.69224992e-01 -4.16638069e-02
  2.16639712e-02  4.47250903e-02 -7.05408340e-04 -2.37105554e-03
  3.00074279e-01  1.58418059e-01  3.54658370e-03  1.58584192e-01
 -2.81331651e-02 -4.57098670e-02 -6.35600910e-02  1.45411298e-01
 -5.41706420e-02  7.14691207e-02 -6.55835122e-02 -1.56526700e-01
  1.55290976e-01  8.66458192e-03  2.19630450e-02  7.36185908e-02
  5.47992662e-02 -1.00310976e-02  7.49583244e-02  3.80580649e-02
  4.22041252e-04  6.63008317e-02 -8.75443965e-02 -6.32023364e-02
 -5.81611209e-02 -9.78806689e-02  1.99389048e-02  1.23388357e-01
 -1.00656925e-02  6.01547621e-02  1.69539616e-01 -2.11333646e-03
  1.82029884e-02  6.44940883e-02  3.55859175e-02  4.06478122e-02
 -2.11202517e-01  3.74017730e-02  4.66015972e-02  5.33290654e-02
  8.47397186e-03 -2.31963709e-01 -2.36919582e-01 -5.14375605e-03
 -9.53346640e-02 -2.56928224e-02  1.60245895e-02  2.01044548e-02
 -4.46248539e-02  1.05737038e-02  1.09074928e-01 -3.62799279e-02
 -2.15660110e-01 -4.41022180e-02  6.35233801e-03 -1.77965492e-01
  3.32870241e-03 -1.44354492e-01 -1.09277591e-01  6.18777648e-02
  1.83958903e-01 -2.09811646e-02 -6.41556643e-03 -2.16280982e-01
 -1.07361395e-02 -9.19378921e-02 -8.23246837e-02  9.16152298e-02
 -4.48683724e-02  1.25032857e-01 -1.21333636e-02 -5.70751838e-02
  6.87759966e-02 -2.01937333e-02  4.63295192e-01 -1.43864825e-01
  1.51128352e-01  3.26678995e-03  1.08966298e-01 -4.77374122e-02
  9.27698240e-02 -2.13279918e-01 -9.21046883e-02  1.47368029e-01
 -1.31258488e-01 -1.23186186e-01  1.52895659e-01  1.29614741e-01
 -3.38002443e-01 -1.44484043e-01 -3.61341946e-02  1.87694415e-01
 -6.04409575e-02  1.82001700e-03 -7.90121481e-02  3.37939747e-02
 -9.86992568e-02 -2.69354247e-02  3.86086144e-02  3.76052856e-02
 -2.72117071e-02  6.03986345e-02 -1.97754115e-01 -8.14617649e-02
  6.13324065e-03  1.13066263e-01 -2.12034717e-01  1.68110356e-01
  6.47184029e-02 -1.70143798e-01 -9.22746509e-02  6.11505024e-02
 -1.86484963e-01  1.59930840e-01  2.45491546e-02 -1.23386234e-01
  1.67029396e-01 -1.84661761e-01  1.08366888e-02 -1.09380655e-01
  3.67624201e-02  8.03930536e-02 -8.14736784e-02 -1.94126382e-01
 -3.10833473e-02  1.31752074e-01  2.08864629e-01  1.63238287e-01
 -1.67166770e-01  1.24741107e-01 -2.59111989e-02 -1.63973212e-01
  2.05981638e-02 -1.67202234e-01  4.07987498e-02 -3.27889323e-02
 -1.88956395e-01 -1.65410921e-01 -9.98573452e-02  2.00314537e-01
 -5.07266521e-01  2.67303586e-01  2.76910514e-02  2.06572086e-01
  5.26812337e-02  1.16510838e-01 -9.78332236e-02  5.51044382e-02
  5.10601252e-02 -1.16592757e-01  3.92650738e-02  9.01351523e-05
 -3.83656956e-02  7.35087022e-02  8.47773254e-02  1.13372356e-01
 -1.32334724e-01  6.68757707e-02 -6.42340109e-02  9.81382653e-02
  1.77314341e-01 -2.07144357e-02  8.26911908e-03 -1.66631639e-02
 -2.91616291e-01 -5.45675121e-02 -9.66110975e-02  7.76750129e-03
  1.68573767e-01  2.21184298e-01 -1.29121497e-01 -1.99084461e-01
  2.37346604e-03 -8.23516399e-02  2.18083546e-01 -9.77923200e-02
 -1.57048821e-01 -4.67415065e-01  1.40832206e-02 -1.13891996e-02
 -1.10435588e-02  1.82090282e-01  4.26301360e-01  2.63298005e-01
  5.05345240e-02 -1.60074964e-01  6.82503209e-02  1.43348455e-01
 -2.51384377e-01  5.48418518e-03  3.01734030e-01  6.35292232e-02
  9.81578976e-02  4.65326719e-02 -1.23193905e-01  2.35495940e-02
  1.19047677e-02  9.97444615e-02 -7.12640882e-02 -1.78302631e-01
 -1.31273329e-01  1.08834043e-01  9.17618535e-03  1.47871301e-01
  2.93155555e-02 -2.06872690e-02  1.09000407e-01 -5.66303954e-02
  1.11228190e-02 -8.61078426e-02  1.78676933e-01 -1.16700515e-01
 -7.14176847e-03 -5.24052382e-02  9.13642123e-02  1.41650224e-02
 -2.85716951e-01 -6.14113957e-02 -2.05405042e-01  1.43708363e-01
 -3.05063557e-04 -1.93511754e-01  3.90485898e-02  6.88960478e-02
  1.19958974e-01  1.69764787e-01  1.07066281e-01 -1.38895467e-01
 -2.26627260e-01 -1.74703255e-01  1.84018970e-01 -4.73762900e-02
 -7.00007379e-02 -1.87893376e-01 -1.12240613e-01 -2.13680312e-01
  1.19388752e-01 -2.70800114e-01 -2.19657943e-01  9.28686783e-02
  7.84525797e-02 -1.88056398e-02 -6.07130788e-02 -1.21159613e-01
 -1.05030388e-01  1.33164912e-01  6.90442994e-02  1.00490451e-01
  1.42661333e-01 -1.32095486e-01 -2.53680646e-01 -4.60953452e-02
  1.33503094e-01 -8.97047222e-02 -3.42995301e-02  1.06431600e-02
 -2.65340596e-01  6.11616559e-02 -4.70040701e-02  5.78041412e-02
 -3.78510505e-02 -1.21600464e-01 -6.20763376e-02 -9.25011188e-03
 -4.04828116e-02  1.25555739e-01  8.76098056e-04 -4.03012484e-02
  8.39542076e-02  9.49760377e-02 -1.85229450e-01 -1.20832078e-01
 -2.61182129e-01  1.21767521e-01  7.63851628e-02  9.11765099e-02
  9.88271162e-02 -1.21799991e-01  1.68020681e-01 -1.24388762e-01
 -9.90444720e-02  2.16899142e-01  2.54330337e-01 -2.37546727e-01
  3.24033573e-02 -4.00418565e-02 -1.62891641e-01 -2.30176393e-02
  2.91011315e-02  7.58931562e-02  1.35078584e-03  8.00091326e-02
  8.81057815e-04 -2.86706805e-01  7.19467476e-02  8.97888020e-02
  1.10249572e-01  1.17214382e-01 -1.11329898e-01 -4.49129194e-02
  1.10346407e-01 -1.81653313e-02 -6.70538377e-03 -5.46559319e-02
  6.36029989e-02 -1.16098575e-01  4.59714085e-02 -1.79307505e-01
  1.44947097e-01  4.42649610e-02 -7.03195408e-02 -1.95711938e-04
  1.48621395e-01  1.18294217e-01 -2.66740145e-03 -3.81367095e-02
 -2.07622107e-02 -6.96166083e-02 -1.30637676e-01 -2.34147743e-03
 -3.95921022e-02 -8.10095947e-03 -2.72343103e-02 -1.19454607e-01
 -5.88432662e-02  3.31247061e-01 -2.08366886e-01  2.02878729e-01
 -2.33224267e-03 -2.35995382e-01  2.11647511e-01 -1.67759925e-01
 -8.23599398e-02  7.98526630e-02  5.04722968e-02 -1.40008014e-02
  1.19023539e-01  7.44170770e-02 -8.13224539e-02  2.40331534e-02
 -1.47596132e-02  1.21033221e-01 -4.60230075e-02 -1.17845625e-01
 -1.18403144e-01  1.81830183e-01  1.60664022e-01  1.31658893e-02
 -1.09826751e-01 -6.68258369e-02 -1.46180183e-01 -2.74812073e-01
  1.64651960e-01  1.43416002e-01 -1.21819198e-01 -1.63221449e-01
  9.94791910e-02  1.54913974e-03 -1.62092283e-01 -2.22456418e-02
 -1.05520047e-01 -1.20497242e-01 -8.43198895e-02 -3.93246561e-02
 -1.23838060e-01  1.91748634e-01 -1.66056499e-01  4.78475615e-02
  4.20137420e-02  3.70238908e-02  5.33634126e-02 -1.87421087e-02
 -1.22260051e-02 -1.23910002e-01  6.69405051e-03 -1.55897036e-01
  3.05751543e-02 -1.02666363e-01  1.07322522e-01  3.07858765e-01
  1.82054535e-01 -3.55576016e-02  8.86160210e-02 -1.56843573e-01
 -1.28517404e-01  8.95799473e-02 -2.56143123e-01  5.60967624e-02
 -1.05386451e-01 -9.15679857e-02  4.64146212e-02  1.64378047e-01
  1.44190684e-01  6.31577969e-02 -4.37510192e-01  1.12363636e-01
  7.13599473e-02 -1.26364782e-01 -1.18301496e-01  9.26773399e-02
  1.05015434e-01 -6.08643889e-02 -4.06394191e-02  2.69203573e-01
 -1.74992066e-02 -2.51755249e-02 -1.89997964e-02  2.54430383e-01
 -9.24317166e-02 -1.51475936e-01 -9.75468531e-02  1.54060677e-01
  1.58333600e-01 -7.41851926e-02 -6.53353184e-02  2.80897051e-01
 -2.60689735e-01 -2.38993019e-01 -2.14425936e-01 -1.57963365e-01
 -3.96901136e-03  1.29551798e-01  1.30875871e-01  3.05857122e-01
  1.19300887e-01  2.30820104e-02  2.51855791e-01 -1.13986135e-02
  1.12716645e-01  1.90556243e-01  1.44890482e-02 -7.57298842e-02
  7.50739947e-02 -4.38267812e-02  5.26583642e-02 -8.52179527e-02
 -2.95644440e-02  7.80699551e-02 -1.63300470e-01 -5.41388355e-02
 -6.93393275e-02  3.46518122e-02  1.86932445e-01 -8.94398093e-02
  4.50388528e-02  1.01701044e-01  6.48167334e-04  7.75213167e-02
  1.93180621e-01 -1.64827839e-01 -1.09075129e-01  1.24162748e-01
 -1.75253704e-01  2.77884901e-02 -1.13923714e-01  2.78180689e-01
 -5.84177077e-02 -1.17863968e-01 -1.57538671e-02  5.26692159e-02
  6.32639974e-02  1.77873392e-02 -1.38914794e-01 -1.44951731e-01
 -6.98748278e-03 -1.15411706e-01  1.24304995e-01 -7.66784400e-02
 -1.81634143e-01 -1.53643131e-01  6.42644390e-02  1.47296235e-01]