http://erau.edu/ontology/meme.owl#QuitProcrastinatingWorkonYourArtMeme
[-2.04493608e-02 -1.25759795e-01  1.47349769e-02 -7.77508784e-03
 -2.71128006e-02  1.37541458e-01 -2.84275897e-02  1.20266147e-01
  5.86448200e-02  2.21674498e-02  1.20976940e-01 -4.63029705e-02
 -4.57630381e-02 -4.93075475e-02 -1.25333235e-01  4.82848808e-02
  8.67480785e-02  2.04607770e-02  3.73248756e-02 -2.04598494e-02
 -1.58842608e-01  3.50520611e-02  7.68909678e-02 -6.66143000e-02
  1.72691241e-01 -1.88929215e-02  4.88817245e-02 -1.19201034e-01
  6.02438413e-02  1.71040177e-01  3.59197035e-02  6.89028352e-02
  1.74482204e-02 -5.61339706e-02 -7.02570081e-02  1.42279029e-01
  3.81383002e-02  8.54972452e-02 -1.56103447e-01 -1.61021754e-01
  1.73330933e-01  2.43523896e-01 -1.41716421e-01 -7.04059005e-02
  1.52304068e-01  1.62668258e-01  8.98448154e-02 -1.20182849e-01
 -5.67644881e-03 -2.61412635e-02  2.58643050e-02  3.23316865e-02
 -5.35045713e-02 -1.09954014e-01 -1.62140444e-01 -1.18363351e-01
 -9.85367689e-04 -1.35286096e-02  1.68952242e-01  8.52527693e-02
  7.04945251e-02 -5.93179837e-02  1.76663369e-01  9.75600630e-02
  2.92687155e-02 -4.56725433e-02 -3.05297673e-02 -2.20823660e-02
 -2.18106713e-02 -1.64731845e-01 -8.06482583e-02  4.08798642e-02
  8.34668204e-02  6.95172325e-02  5.06366193e-02  2.15554908e-01
 -7.01394901e-02 -9.30188410e-03  1.07731655e-01 -4.24620835e-03
 -2.35183090e-02 -1.87497512e-01 -3.55027243e-02 -4.99358177e-02
  5.75933121e-02 -8.98103490e-02 -1.47375828e-02 -6.99775517e-02
  1.17015988e-02 -3.93263623e-02  4.50796597e-02 -2.11961076e-01
  1.19565018e-01 -5.06123416e-02 -2.08256215e-01  1.45716608e-01
  2.86647249e-02  4.28383239e-02 -8.64271373e-02  2.37348918e-02
  1.66486055e-01  5.47937397e-03  2.80302644e-01 -4.44707610e-02
 -9.77466442e-03  8.01260993e-02  2.32329611e-02 -3.48615684e-02
 -7.18718171e-02 -1.72736213e-01 -7.82170221e-02  7.29395077e-02
  1.01020128e-01 -7.66000301e-02  6.81050271e-02  3.09587698e-02
 -2.59168178e-01 -2.14275166e-01  7.32990354e-02  1.63246784e-02
 -1.09596863e-01  5.80724031e-02 -8.43669698e-02  1.57099158e-01
  2.18649507e-02 -1.28628284e-01 -8.84651244e-02 -2.29182672e-02
 -5.28873205e-02 -1.24347180e-01 -2.00548455e-01 -5.33513464e-02
 -1.02394991e-01  1.95257720e-02 -1.09859951e-01  1.15888797e-01
 -1.98599901e-02 -1.86815485e-02 -1.32297680e-01 -5.09939529e-03
 -2.41241425e-01  5.72646484e-02  4.16912027e-02  5.00690453e-02
  1.87650606e-01 -2.16159597e-01 -1.41732637e-02 -1.10700645e-01
 -8.75246450e-02  7.09205028e-03 -7.80495396e-03 -7.78934509e-02
 -8.09954479e-02 -5.67116924e-02  2.26545036e-02  8.84438083e-02
 -1.50658339e-01  1.14838973e-01  5.80042787e-02 -1.72348201e-01
  9.66965109e-02 -1.53467029e-01  1.18600577e-02 -7.44146705e-02
 -2.27180734e-01 -1.36528850e-01 -3.11568975e-02  1.99349672e-01
 -2.12393343e-01  8.20213482e-02  1.65903568e-02  1.21959932e-01
  1.65477261e-01  5.89503236e-02  3.02233472e-02  3.55660357e-03
 -6.76038787e-02 -2.09911652e-02  2.49120686e-02 -8.85900185e-02
 -1.75234228e-01  1.05160676e-01 -2.76887938e-02  8.83894507e-03
 -7.60188326e-02 -2.56532524e-02  1.95999406e-02  5.50944209e-02
  1.71081498e-01 -8.73416662e-02  1.93143383e-01  1.97699573e-03
 -1.20915934e-01 -2.02420093e-02 -4.03991714e-02 -6.53671101e-02
 -6.26544952e-02  3.31511460e-02 -2.13150028e-02 -5.94559610e-02
 -1.22749373e-01 -6.84561115e-03  1.10362284e-02 -9.44845974e-02
 -3.09776552e-02 -2.92903394e-01  5.30308038e-02 -1.14289656e-01
  8.04588124e-02  4.25514914e-02  1.24034941e-01  1.02980390e-01
 -9.29109827e-02 -6.48436621e-02  1.06793500e-01  5.61801950e-03
 -6.73686638e-02 -1.13900512e-01  2.38110974e-01  5.80677614e-02
  1.43947840e-01  1.45645723e-01 -1.94313958e-01  3.13882045e-02
 -4.10503857e-02 -1.26752481e-01 -1.82647780e-01  6.35627732e-02
 -1.95779912e-02  6.72288835e-02  8.92374218e-02  3.68643290e-04
 -1.02580808e-01 -1.88197881e-01 -9.14051905e-02 -7.55560324e-02
 -5.59937023e-02 -8.79046470e-02  4.14511524e-02 -9.75178033e-02
  1.45871490e-02 -1.37617558e-01 -3.32122669e-02  3.92847247e-02
 -2.50905931e-01 -8.79637972e-02 -1.54849812e-01  3.35408635e-02
 -1.13179795e-01  9.72856805e-02  1.74249053e-01  4.66394536e-02
  2.26830300e-02  1.80955321e-01  1.64714575e-01 -1.72417648e-02
 -1.78615510e-01 -4.27018180e-02  4.45890129e-02  6.51671961e-02
 -1.24938920e-01 -7.36946538e-02 -9.74591263e-03 -2.04654932e-01
 -5.50339669e-02 -2.62535602e-01 -1.23388015e-01  4.31166850e-02
  1.11610822e-01 -1.42539322e-01 -2.83346195e-02 -9.04700384e-02
 -3.41863446e-02  1.08253166e-01  9.87863690e-02 -4.56786007e-02
  7.73414597e-02 -1.11047365e-01 -9.61167552e-03  8.47875550e-02
  1.99070066e-01 -3.38066705e-02 -7.91333914e-02 -9.33150426e-02
 -1.78200364e-01  1.92019716e-02 -1.14516564e-01 -7.80061111e-02
 -2.73216702e-02 -5.42668253e-02  1.16161518e-01 -1.49008632e-01
  1.13418542e-01 -1.48826629e-01  1.62669662e-02 -2.41996758e-02
  6.78613111e-02 -7.51149505e-02 -1.12712197e-01 -1.56472504e-01
 -2.24065915e-01  1.10421464e-01 -1.24763623e-01  9.51532125e-02
  8.97636339e-02 -7.67735392e-02  5.51492013e-02 -4.00383733e-02
 -6.78415224e-03  1.72061056e-01  1.67014912e-01 -2.37098947e-01
 -2.11971458e-02  7.03453571e-02  2.55586323e-03  1.07734399e-02
 -6.60921931e-02  9.13926587e-02 -4.79128137e-02  6.00828007e-02
 -5.86754419e-02 -4.48421836e-02  1.88553452e-01  4.64615859e-02
 -3.14726494e-02  1.10620059e-01 -7.63333309e-03 -2.19285339e-02
  5.26950024e-02 -1.14046767e-01  1.14439115e-01  1.62057400e-01
 -1.46402493e-02 -1.01969428e-01 -1.59572974e-01 -1.58464640e-01
  1.21229202e-01  9.08187777e-02 -1.20239913e-01  3.32650356e-02
 -1.52811334e-02  6.74028182e-04 -2.51568505e-03  1.94223598e-02
 -6.30116537e-02 -6.22291788e-02  5.02464175e-02  1.46666870e-01
  1.66699216e-02 -1.04206987e-01 -8.27299505e-02  2.74953954e-02
  1.41977612e-02  1.13035247e-01 -1.10099912e-01  8.33102167e-02
  1.66710559e-02 -9.10261180e-03  1.89866155e-01 -1.02316096e-01
 -9.82325450e-02  1.42182568e-02  5.38533069e-02  2.71034464e-02
 -6.85222670e-02 -9.30578634e-02 -1.56104490e-01  1.06452487e-01
 -1.49547771e-01  2.74626189e-03  6.04144596e-02  2.65504867e-02
 -3.01076174e-01  3.15424204e-02  6.67398348e-02 -5.10757305e-02
 -2.04408377e-01  7.24572241e-02 -5.87696284e-02 -2.25428063e-02
  1.19010888e-01  1.54640153e-01 -2.03133132e-02 -7.40208402e-02
  1.36081383e-01 -5.41488715e-02 -2.73915492e-02  1.61406636e-01
  5.66374511e-02 -1.06597826e-01 -1.11073025e-01  1.85745396e-02
  1.05364464e-01  1.18390724e-01 -7.03687742e-02 -1.73993170e-01
  7.19972476e-02  7.84696192e-02  1.10565603e-01  1.65474284e-02
 -6.10824637e-02 -1.52776971e-01 -9.77146439e-03 -1.89996421e-01
 -1.05432220e-01  8.13796520e-02  5.44600300e-02  1.64241254e-01
  2.19619006e-01  9.02019292e-02  1.02668613e-01 -1.88423172e-01
 -5.07554375e-02 -1.52666137e-01 -2.01232135e-02  4.08689640e-02
 -8.61997157e-02 -1.04224972e-01  1.29998056e-02  1.18720375e-01
  2.86017414e-02 -2.07242854e-02 -1.07492134e-01  3.00963931e-02
 -5.06890304e-02 -1.67262137e-01  2.72475445e-04  1.51413009e-01
  7.69308358e-02 -2.70834100e-02  9.14935842e-02  2.41331905e-01
  3.55024226e-02 -1.63879633e-01  2.07604185e-01  1.82740971e-01
 -4.66183014e-02 -7.79373795e-02  9.90926847e-02  1.60638437e-01
  7.63351247e-02  6.85076090e-03 -5.10227010e-02  2.07226038e-01
 -1.48591086e-01 -2.81480979e-02 -1.49415761e-01 -2.10449845e-01
 -3.20291184e-02  9.99661162e-02  4.90251072e-02  1.55111834e-01
  1.10213734e-01 -1.33649856e-01  2.79343367e-01  2.61613559e-02
  1.18080661e-01 -1.43691562e-02  1.23879630e-02  2.71450914e-03
  2.51829118e-01  5.37776351e-02  1.15309641e-01 -1.32863354e-02
 -1.49748147e-01  7.64871463e-02 -7.25227520e-02 -9.92292538e-02
 -8.30099657e-02  7.94576034e-02  2.24965259e-01  9.88655537e-02
  1.80278376e-01  8.21380466e-02  1.29178241e-01 -9.36829373e-02
  6.86476380e-02 -4.93127573e-03  3.45241874e-02  8.63359943e-02
 -3.77026871e-02 -5.02431132e-02 -4.67003919e-02  2.13467866e-01
 -6.92571849e-02 -8.76900107e-02 -1.02371245e-03 -2.84517538e-02
 -1.65245570e-02  8.41554105e-02 -2.00314790e-01 -7.46568479e-03
  4.79221493e-02 -3.20678651e-02  6.03563637e-02  8.50169882e-02
  6.01817807e-03  1.19768523e-01  8.70006606e-02  7.38110021e-03]