http://erau.edu/ontology/meme.owl#HoityDinosMeme
[ 0.01959626 -0.11109973 -0.02859465  0.10447659  0.20811418  0.08556562
  0.07509017 -0.03987652 -0.22051726  0.00077619  0.02367126 -0.11117195
 -0.17099437 -0.12326467 -0.1828226   0.04006385  0.03137507 -0.05551166
  0.03916439  0.13273183 -0.16733068 -0.0244179   0.0607545  -0.10064457
  0.21421006 -0.13471687 -0.03995286 -0.10271644  0.34404087  0.24737105
  0.02278053  0.13074012  0.09993599 -0.02285517 -0.11828183  0.08058224
  0.00753956 -0.02911265 -0.10590168 -0.15909056  0.04588526  0.00366928
  0.01225159  0.0587713   0.14537664  0.07399081 -0.07672245 -0.13725694
  0.10690356  0.0843509   0.02925739  0.11650359  0.12677266  0.02555223
 -0.10381766  0.04911881  0.06722692 -0.14079931  0.04320634 -0.02643249
  0.17486057 -0.08027039  0.06194649 -0.05659813 -0.21920286 -0.10273265
 -0.01475061 -0.06669604 -0.03373265 -0.08850098  0.06143648  0.01422259
  0.09549824 -0.08638979  0.02490941  0.0755142   0.07910527  0.20584443
  0.11614491  0.03243675  0.01610853 -0.05707778  0.05808922 -0.06067579
  0.15725453 -0.17575908  0.01541938  0.02616513  0.24602959  0.08353253
 -0.03703221 -0.11471465  0.0976802  -0.16690336 -0.05465864 -0.01532903
 -0.10981033 -0.05882996  0.04118429 -0.2280387   0.02505871 -0.02031563
  0.2006897  -0.00170648  0.01446608  0.12385449  0.03763773 -0.07500035
  0.00802696 -0.01207922  0.0308167   0.0112897  -0.05265446 -0.06515448
  0.13608617  0.06282695 -0.1343903  -0.01390574  0.02600477 -0.13843448
  0.00236435 -0.0144358  -0.12721963 -0.09086062 -0.03063815 -0.06051878
  0.02550438  0.02865875 -0.09499682 -0.10662606 -0.11127948 -0.04663714
 -0.14048907 -0.20915754 -0.09617741 -0.06848532 -0.07315405  0.05727177
 -0.14941828 -0.07374268 -0.02981241  0.01437631 -0.01185359 -0.09800284
 -0.01558468 -0.16124758  0.05190051  0.17644435  0.12106967  0.13267933
 -0.07133529 -0.18156694  0.04457297 -0.02210472  0.0296594  -0.01766396
 -0.14363074  0.00516028  0.11606605 -0.12010799 -0.05834228 -0.21593954
  0.08097654 -0.05725713 -0.10288614  0.23290728 -0.11506791  0.16463959
 -0.19017132  0.14337324  0.05826626  0.29044935  0.18827322  0.12348405
 -0.04441404 -0.07306924  0.09311365 -0.12322521  0.00871699 -0.08915514
  0.00588856  0.04233975 -0.02537857  0.1138894  -0.09085822 -0.10272847
  0.18981992  0.01211729  0.05389155 -0.12660241  0.12087909  0.18069965
 -0.26640528 -0.04053402 -0.07773007 -0.21196692  0.2638946  -0.07584348
  0.04487114 -0.00720465  0.06092883  0.06013672  0.152292   -0.0739845
 -0.16744553 -0.37470108  0.04250415 -0.15209986  0.17596923  0.06940548
  0.10016944  0.12894446  0.09148924 -0.19064291  0.16281876  0.19444975
 -0.03059337 -0.19075276  0.34007788 -0.02317495  0.1708684   0.0957936
 -0.11902923 -0.01815251  0.0821833  -0.12875542 -0.11497656 -0.02805353
 -0.15800259  0.04467086  0.02271721  0.05689858 -0.11428997 -0.26741815
 -0.06944997  0.0204907  -0.0672529  -0.20995688  0.04175948 -0.01704823
  0.14968163 -0.03729784 -0.00258355 -0.00099375 -0.27153078 -0.02778888
 -0.2555072   0.10968413 -0.02414045 -0.08066759  0.03395069  0.16250421
  0.0572513   0.19548316  0.22147526  0.01162315 -0.13354252 -0.00881302
  0.04393505 -0.06999958  0.01829508 -0.05680141 -0.00183338 -0.0715474
 -0.05227883 -0.12446391 -0.03918217  0.13719736 -0.016559    0.03079635
 -0.12598146 -0.05096792 -0.08317938  0.23436314  0.14731865 -0.01366002
  0.10260593 -0.13678478  0.04402697 -0.0833527   0.19132477 -0.01437454
 -0.08525729 -0.12041003 -0.11530875  0.00780541 -0.16483636  0.10262498
 -0.01975611 -0.04267807  0.02669918  0.02509242  0.01569656  0.11579355
  0.07287972 -0.00306721 -0.01860871 -0.02631928 -0.14625543 -0.10073751
 -0.24241465 -0.0163121  -0.02162779  0.16012202 -0.04559389 -0.01525106
  0.09790204 -0.03589069 -0.13538995  0.09504179  0.18919407 -0.09134811
  0.09388945  0.10844953 -0.01197408  0.00755874  0.10984552  0.10190788
  0.00112229  0.05060383  0.15597798 -0.08185621  0.09081698  0.1216946
 -0.03321443  0.15611662 -0.11512669  0.14152882  0.04837417  0.04487152
  0.00794327  0.04967671  0.10501681  0.00090216 -0.00782639 -0.21244848
  0.01057073  0.10547487 -0.18930145 -0.08732278 -0.03632344  0.0960521
  0.05633457  0.0518244  -0.13074708 -0.00059992  0.05114662 -0.0027388
  0.04201128 -0.10091792  0.01741742  0.11940371  0.02499495  0.19578928
 -0.24358566  0.0102902   0.15708257  0.00474049  0.1270528  -0.02993535
 -0.0023165   0.14089954  0.13923569 -0.22577313  0.02560155  0.01133317
 -0.02171502 -0.00592403 -0.11634975 -0.13408202 -0.01139456 -0.05618666
 -0.30095312 -0.01046245  0.14322804  0.03397261 -0.20011267  0.05020442
 -0.0541779  -0.03545205  0.11454245  0.1966515  -0.10251303 -0.15678683
 -0.02027578  0.00931334 -0.09234139  0.02463889  0.12208052 -0.2755675
  0.02091268 -0.03010073  0.06729836  0.10526145 -0.1074674  -0.15731478
  0.07942334 -0.09210466  0.13719559  0.11273919  0.13749798 -0.002759
  0.00578918 -0.19338274 -0.1841741   0.02162103 -0.09576377  0.18017294
  0.23338176  0.03547334  0.00110564 -0.1987561  -0.15425591 -0.08348625
  0.03038557  0.11242444  0.01147471 -0.1186021  -0.00369342  0.19038008
  0.06790782  0.10787856 -0.1770166  -0.00890427 -0.02016674 -0.07128673
 -0.07219627  0.28506893  0.3022459  -0.13040394 -0.01988253  0.37723398
  0.05413821 -0.07893547  0.2946336   0.28279895  0.0221088  -0.23471671
  0.08691028  0.00870499  0.2849253   0.06520871 -0.10105439  0.331781
 -0.29437235 -0.24650171 -0.31385237 -0.05337854 -0.12687606  0.15706135
 -0.00934472  0.13370097  0.42576626 -0.04376917  0.20107792  0.01268136
  0.15184194  0.13950923 -0.03851417 -0.07950477  0.1391773   0.16495043
  0.06017036  0.09023289  0.00582538 -0.03209874 -0.08362126 -0.0348771
 -0.08285461  0.13680628  0.0541641   0.07464869  0.07609843  0.20832595
  0.10815541 -0.14014256  0.040252   -0.11630052 -0.13038836  0.04226181
 -0.08136017 -0.02726297  0.03232057  0.08592352  0.07993086 -0.14359297
  0.00930716 -0.0459998   0.14554222 -0.02799966 -0.20525204  0.05775824
 -0.07509394 -0.06382275  0.01677591  0.02312104 -0.0713204  -0.08886456
  0.1429239   0.14176896]