http://erau.edu/ontology/meme.owl#FriendshipisWitchcraftMeme
[ 2.12961789e-02 -4.67412770e-02  3.96217182e-02 -6.75140023e-02
  8.59023724e-03  2.72638381e-01  1.38463080e-01  1.66047439e-01
 -5.17079607e-02  2.13895626e-02  4.13465612e-02 -5.98920956e-02
 -1.50526658e-01 -3.43322009e-02 -1.68792397e-01  1.31226182e-01
  1.68704212e-01  9.29521918e-02 -4.58402596e-02  2.73208022e-02
 -2.87372202e-01 -3.47402953e-02  1.02287844e-01 -7.20444135e-03
  3.26822668e-01 -1.85990348e-01 -1.38122309e-02 -4.91289608e-02
  1.81281433e-01  1.18399508e-01  1.16333231e-01  1.80348143e-01
  1.54049560e-01 -2.00039446e-01 -3.63911390e-02  2.73077339e-01
  1.80622395e-02  1.41059384e-01 -9.30469707e-02 -1.07048757e-01
  6.17339164e-02  1.47298351e-01 -2.06913576e-01 -1.01006590e-01
 -1.24582890e-02  9.02956128e-02  1.45424837e-02 -8.30828920e-02
 -5.01878932e-03 -2.68605165e-02  3.55994552e-02  1.52887642e-01
 -1.68033056e-02  3.20394337e-02 -3.38435531e-01 -9.36413999e-04
  8.26171786e-02 -1.73959285e-01  1.52779579e-01  4.78801280e-02
  1.34499222e-01 -5.93731441e-02  1.06509663e-01  2.42301542e-02
 -1.87819734e-01 -8.61472562e-02  1.33626506e-01 -2.70667719e-03
 -6.91375434e-02 -1.52562046e-03  4.19308897e-03  1.25234798e-01
  2.13845134e-01  1.79210410e-01  3.74956205e-02  3.16588998e-01
 -1.58374414e-01  3.36969346e-02  2.44735684e-02  8.12074915e-02
 -4.92530502e-02 -2.79635221e-01 -2.77015064e-02 -9.34431776e-02
  2.04399303e-01 -2.31247529e-01 -1.64498389e-02 -1.21398374e-01
  2.93333884e-02 -1.26332477e-01  1.69928476e-01 -2.22939834e-01
  6.64651692e-02 -6.06516609e-03 -9.23458114e-02  6.50959089e-02
 -7.77294394e-03 -1.04896516e-01  1.05237551e-02 -1.62369847e-01
  1.40297681e-01 -1.12950858e-02  2.52992988e-01 -1.57120734e-01
  1.13270606e-03  1.86087504e-01  7.76702315e-02 -1.06186263e-01
  9.24367979e-02  5.72819337e-02 -8.42093378e-02 -2.78114877e-03
 -4.02879380e-02 -8.59913751e-02 -8.87544826e-03 -5.21712303e-02
 -2.38448471e-01 -2.43481934e-01 -3.89397666e-02  1.14159659e-01
 -1.20293304e-01  1.02878906e-01 -1.29207969e-01  1.31617114e-01
  1.18682981e-01 -2.85775185e-01  1.32750198e-01  3.05457059e-02
  1.54071704e-01  6.54946193e-02 -2.20921516e-01 -7.37848431e-02
  1.02320127e-02 -4.66511510e-02 -3.78099270e-02  2.70933751e-02
  1.26716476e-02 -3.40432934e-02 -2.35480696e-01  3.90037103e-03
 -2.38263324e-01  6.70039803e-02 -8.56773742e-03  9.37276632e-02
  3.01963747e-01 -2.04814598e-01 -1.76024791e-02 -8.29115808e-02
 -2.15776246e-02  2.31686801e-01 -1.11997262e-01  9.18319635e-03
 -1.74905956e-01 -4.69694920e-02  2.99180038e-02  8.47184807e-02
 -1.65497795e-01 -3.56983207e-02  2.68354155e-02 -1.52564630e-01
 -8.89123976e-03 -9.97128263e-02  1.80985369e-02 -1.60796121e-01
 -1.65192410e-01 -4.44001965e-02  4.58144620e-02  1.27385452e-01
 -3.15721184e-01  1.19301133e-01  6.45287856e-02  1.39449626e-01
  1.65212393e-01  2.24673852e-01  6.31543472e-02 -1.26515314e-01
 -5.57623543e-02 -6.23904802e-02  1.08488537e-01  5.47752455e-02
 -2.08334446e-01  1.86307639e-01  1.75045192e-01 -8.52563791e-03
 -2.06539139e-01 -9.74086579e-03  4.06185091e-02  7.74064884e-02
  1.95413262e-01  2.06193086e-02  1.66650578e-01  1.61118507e-01
 -1.73374116e-01 -1.06637523e-01 -2.77788360e-02  3.93307535e-03
  1.04348473e-01  1.09607633e-02 -1.30764410e-01 -1.10340424e-01
 -6.19862266e-02  1.99921191e-01  1.18337475e-01  7.19211623e-02
 -7.56222531e-02 -3.57965261e-01 -9.38056502e-03 -7.08949342e-02
  2.29901686e-01  1.11775778e-01  2.81428695e-01  5.31625897e-02
 -1.03113294e-01 -1.88671231e-01  6.87135458e-02 -8.08305293e-02
 -8.00094828e-02 -5.61168566e-02  3.65432948e-01  1.66593477e-01
  5.19410819e-02  2.03417376e-01 -1.05705254e-01  1.72432512e-01
  5.63615095e-03 -8.51845816e-02 -1.16141453e-01 -5.92587180e-02
  3.22223417e-02 -1.29826237e-02  2.57537454e-01  8.19075853e-02
 -1.50571978e-02 -2.64494538e-01  5.32881469e-02  7.78281912e-02
 -1.47666693e-01 -2.43777577e-02  3.70968729e-02 -2.40295045e-02
  2.11002864e-02 -1.23159163e-01  3.06885857e-02 -5.04279546e-02
 -2.07300320e-01 -8.17985982e-02 -2.27725416e-01 -2.74146609e-02
 -5.55415675e-02  1.60653621e-01  1.53261602e-01  1.58267319e-01
 -2.88890442e-04  1.11076467e-01  2.27769956e-01  5.97806610e-02
 -1.97355658e-01 -7.96421617e-02  4.59580496e-02 -1.55033004e-02
 -7.61115327e-02 -7.77128488e-02  1.18761808e-01 -9.18920264e-02
 -1.89672500e-01 -2.74571031e-01 -1.37986824e-01  1.81091189e-01
  1.38849467e-01 -1.48663580e-01 -1.47146463e-01 -4.94730473e-02
  8.71326923e-02  6.39535785e-02  1.63927361e-01  3.56338844e-02
  6.85886964e-02 -1.27758667e-01 -4.88871373e-02  1.21245738e-02
  2.22548246e-01  2.59162843e-01 -6.57943189e-02 -2.35621646e-01
 -2.16663748e-01  5.44716530e-02  1.26144011e-02 -5.18378504e-02
  9.57255363e-02  9.74185392e-02 -1.99254323e-03 -3.22784096e-01
 -3.95963080e-02 -1.97351992e-01 -4.22776602e-02  5.91991171e-02
  5.65932058e-02 -7.21603408e-02 -2.00505834e-03 -1.31981671e-01
 -2.87124038e-01  9.47163701e-02 -1.86902785e-03  1.92069001e-02
  2.34242100e-02 -4.64820564e-02 -3.40571366e-02 -1.08334377e-01
 -2.04849079e-01  1.89535663e-01  2.81361133e-01 -1.61729112e-01
 -1.65483057e-02  1.77093402e-01 -1.46320701e-01  9.34502482e-02
 -1.02300294e-01 -4.26730961e-02  2.35762477e-01 -4.53760214e-02
  5.10650175e-03 -1.12980567e-01  2.01140583e-01  1.39013916e-01
 -8.34624320e-02  2.27721989e-01 -1.33855060e-01  1.33355796e-01
  8.08296874e-02  9.09595713e-02  1.39182329e-01  9.08749327e-02
  6.17367355e-03 -4.36019488e-02 -1.07354119e-01 -2.59036034e-01
  9.75178257e-02  1.45684518e-02  1.69225689e-02  5.69634475e-02
  5.07422276e-02  2.41896436e-02  7.34731704e-02 -6.68128505e-02
  3.58581921e-04 -1.43842593e-01 -1.76418424e-01 -1.42641189e-02
  6.85670599e-02 -5.89624867e-02 -4.21560220e-02 -1.43644884e-02
 -1.04324393e-01  1.19727500e-01 -3.45187396e-01  2.01025568e-02
 -9.40145478e-02 -1.53188035e-01  2.96863735e-01 -2.61995345e-01
 -9.16604325e-02 -1.48358000e-02 -8.13381523e-02  1.61616728e-02
 -1.26415357e-01  2.86519923e-03 -2.41360232e-01  9.12677273e-02
 -4.43796106e-02 -6.62931353e-02  1.62057087e-01 -8.54237154e-02
 -1.02332659e-01  2.49394447e-01 -1.35056088e-02 -1.06422067e-01
 -1.54073685e-01  1.09924585e-01 -1.44204572e-01  6.89691678e-02
 -8.54906905e-03  2.03164607e-01 -2.03265905e-01 -1.50465786e-01
 -8.49705487e-02  7.37346411e-02 -1.40545249e-01  2.26133481e-01
 -4.85647023e-02 -8.66132975e-02  2.45440919e-02 -8.68885778e-03
 -8.03810805e-02  1.17015436e-01 -4.44196835e-02 -1.30750626e-01
 -4.93718348e-02  3.16136815e-02  2.63873845e-01  1.36955157e-01
  3.36944163e-02 -1.58412993e-01 -7.01728556e-03 -1.18814878e-01
 -9.50268432e-02  1.25577614e-01 -8.50101486e-02 -1.80481132e-02
  1.42349035e-01  1.22488007e-01  2.36830954e-03 -1.57487527e-01
 -1.86094567e-01 -7.43329003e-02  5.22156022e-02  1.65111627e-02
  6.65993840e-02 -6.99861273e-02 -2.90743113e-02  2.57032048e-02
  5.22907116e-02  4.47624959e-02 -1.56804815e-01 -2.03052182e-02
 -5.41902110e-02 -1.95259407e-01  3.12762558e-02  3.01129818e-01
  8.45777616e-02  5.15013281e-03  1.54404148e-01  1.50414124e-01
 -8.92411359e-03 -2.34469160e-01  3.05512428e-01  1.24163605e-01
  3.82275879e-02 -1.61812291e-01  1.04823962e-01  3.90304178e-02
  1.43671438e-01  1.23466522e-01 -8.50434601e-02  3.24397027e-01
 -1.95673466e-01  1.29625514e-01 -1.46297365e-01 -1.00207664e-01
 -1.07787680e-02  8.35553743e-03 -6.39126152e-02  1.57156035e-01
  1.85551807e-01 -5.25378659e-02  3.22772652e-01 -1.41573548e-01
  2.19445691e-01  7.01726004e-02  3.27749480e-03 -4.45755087e-02
  6.34025857e-02  2.12146655e-01  2.52958357e-01  6.54642358e-02
 -3.61237451e-02 -1.52002554e-02  6.63897023e-02 -8.32864642e-02
 -1.14019267e-01  1.96029738e-01  1.79506078e-01  8.14484954e-02
  3.80448133e-01  8.64208043e-02 -6.12339051e-03 -1.00112192e-01
  1.73424631e-01 -1.38948739e-01 -6.31497204e-02  9.57519263e-02
  3.45681384e-02 -1.27341554e-01 -7.01066405e-02  2.07944661e-01
 -5.14234789e-02 -2.54421443e-01 -1.65201705e-02 -2.09067747e-01
  2.03600958e-01  5.49739227e-02 -2.35626146e-01 -5.51374033e-02
 -8.55412260e-02 -9.90367159e-02  1.30971953e-01  9.39694196e-02
  7.77392685e-02  4.37253229e-02  3.29375127e-03  6.17964491e-02]