http://erau.edu/ontology/meme.owl#CuckMeme
[ 2.95335650e-02 -8.89352337e-02 -5.49556389e-02 -8.23927019e-03
 -1.12105440e-02  9.91054475e-02  8.33210498e-02 -2.57686339e-02
 -1.40933786e-02 -2.58973911e-02  8.91969725e-02 -1.73234627e-01
  3.85226458e-02 -2.23370008e-02 -1.11626917e-02  4.57968339e-02
 -5.94522916e-02  5.27424030e-02 -4.50643152e-02 -2.22725756e-02
 -2.19777729e-02  1.25998184e-01 -2.03932598e-02 -7.93176070e-02
  1.06691485e-02  1.12992376e-01  1.31280068e-02 -4.05147634e-02
  6.74532130e-02  5.11057675e-02  8.91534463e-02  1.82356939e-01
 -3.76641601e-02  1.90355368e-02 -5.48094511e-02  1.41234681e-01
 -1.93974487e-02  4.65879440e-02 -3.71276513e-02 -6.56335652e-02
 -2.89181294e-03  9.15728360e-02 -1.49321765e-01 -5.85269406e-02
  8.80960450e-02 -4.90222778e-03  6.79309517e-02 -1.08281605e-01
 -3.75849046e-02 -6.35410706e-03  9.00043547e-02  2.92239282e-02
 -1.09948747e-01 -2.61606693e-01 -1.16834156e-01  1.56790502e-02
  1.08768605e-01 -1.47818387e-01  3.99991460e-02  6.60902411e-02
 -2.12870147e-02  3.10464315e-02  8.71784389e-02  4.11377363e-02
 -1.30982965e-01 -1.52468294e-01 -7.80344605e-02 -2.64999811e-02
 -1.07041441e-01 -1.53285801e-01 -1.72312766e-01  2.27594487e-02
  9.58300475e-03  8.16095993e-02  2.76935603e-02  8.16548392e-02
 -1.84087455e-01 -2.02224031e-02  1.54826328e-01  7.46970549e-02
  2.13212712e-04 -3.34228873e-02 -6.41970783e-02 -1.49973691e-01
  5.14445491e-02  2.12075356e-02 -1.37077525e-01 -5.56591759e-03
  5.75241484e-02  3.24758962e-02 -2.07132511e-02 -1.61569878e-01
  1.45829454e-01  7.95960799e-03 -4.23928425e-02  3.21966335e-02
  9.28758010e-02  7.47631937e-02 -2.62833517e-02  8.13161861e-03
  1.46780357e-01  1.31980717e-01  3.14245313e-01 -2.18753088e-02
  6.73281401e-02  2.70307269e-02  1.25840545e-01  5.86524643e-02
 -5.58038130e-02 -1.21858388e-01 -1.94414966e-02  9.76509321e-03
 -8.37448612e-02 -4.65599485e-02  1.36481956e-01  3.96985039e-02
 -2.65864015e-01 -1.02731079e-01  3.58892279e-03  9.79561880e-02
 -9.20457467e-02 -6.16285950e-02 -4.83315326e-02  1.33790284e-01
  1.40356615e-01 -2.10000612e-02  4.92368639e-03 -1.07867746e-02
  9.51198395e-03 -3.06713730e-02 -2.91366756e-01  7.67720514e-04
  1.25608034e-02 -8.93220231e-02 -7.19328299e-02  1.23086147e-01
 -1.69458762e-02 -7.41095096e-02 -1.69147000e-01  8.40013027e-02
 -2.69308090e-01  6.89103156e-02  8.87392536e-02  7.91221391e-03
  2.43197277e-01 -1.20944589e-01  1.54989520e-02 -1.53972849e-01
 -6.02458790e-02  1.57944620e-01  8.07336867e-02 -8.25793371e-02
  2.44992152e-02  7.67607540e-02 -6.70604035e-02  1.12323955e-01
 -2.27733836e-01  2.36457244e-01  2.35511214e-02 -5.45955896e-02
  3.21236216e-02 -9.20815244e-02 -4.14544903e-02  7.30038667e-03
 -2.16724128e-01 -1.47954166e-01  5.78383841e-02  2.54094690e-01
 -3.52024764e-01  9.83605161e-02  4.13392819e-02  1.11261249e-01
  1.98770165e-01  1.86451808e-01 -9.82473642e-02 -8.63440111e-02
 -6.07909868e-03 -4.77597453e-02  1.86286837e-01 -1.23198163e-02
 -1.26290172e-01  8.31938908e-02  9.13737416e-02  1.97646823e-02
 -8.00977834e-03  2.29056440e-02  6.40620142e-02  6.94251508e-02
  1.45250469e-01 -4.68846150e-02  6.96402043e-02  6.34189649e-03
 -1.76251039e-01 -9.90785845e-03 -9.48590785e-03 -2.84133275e-05
 -1.17909899e-02  2.82412469e-01 -7.28803799e-02 -8.04248080e-02
  7.56102204e-02 -4.38748971e-02  1.53028920e-01 -5.59349284e-02
 -1.99452192e-01 -1.47830278e-01 -5.53384386e-02 -7.87700489e-02
  7.71724358e-02  7.17253610e-02  1.94947019e-01  8.28511566e-02
 -8.28884244e-02  1.48768891e-02  1.27602695e-02 -5.29946759e-02
 -1.38262674e-01  1.61200333e-02  5.77744283e-02  8.11270624e-02
  4.46976498e-02  1.33200139e-01 -6.69554099e-02  9.92683470e-02
 -1.38794491e-02 -1.22407246e-02 -1.11070283e-01  3.10490634e-02
 -4.58131470e-02  7.86554292e-02  7.91300461e-02  2.51352172e-02
 -1.28351554e-01  4.91540413e-03 -4.66933958e-02  7.30918273e-02
 -1.02537228e-02 -1.20426305e-01  1.05750673e-01 -1.28866240e-01
 -1.06067121e-01 -9.47747305e-02 -2.22163144e-04 -3.35958190e-02
 -2.03729987e-01 -7.16929510e-02 -2.30936959e-01  2.02564821e-02
 -3.03544272e-02  1.51562942e-02  6.28070384e-02 -3.06797709e-04
  1.13748550e-01 -2.18781941e-02  2.67144084e-01 -7.53027052e-02
 -8.58219415e-02  1.00860737e-01 -1.51522011e-02  1.57066360e-01
 -1.04922667e-01 -1.28998876e-01 -1.49856042e-02 -1.12728469e-01
 -9.56689343e-02 -2.57238150e-01  1.48296952e-01  5.06965518e-02
  1.38765246e-01 -1.31994247e-01 -1.32650256e-01 -1.61391541e-01
 -5.19527085e-02  8.72458294e-02  5.62304631e-02 -4.19037417e-03
  2.13911474e-01  6.47172481e-02 -3.65008041e-02  3.31479497e-03
  1.29952937e-01  3.36896703e-02 -8.85940343e-03 -9.46149603e-02
 -8.07371289e-02  7.61377215e-02 -1.41841114e-01 -1.32515724e-03
 -1.13939159e-01 -9.20601264e-02  9.33716670e-02 -7.95657337e-02
  1.34956315e-01  6.95976475e-03  2.81680375e-02  4.89984499e-03
  2.04873115e-01  2.50527859e-02 -1.73020422e-01 -1.35716915e-01
 -2.27701694e-01  4.41193134e-02  4.76337671e-02  7.38408118e-02
  3.43031585e-02 -3.13317403e-02  1.15830392e-01 -3.12645547e-02
  3.28047574e-02 -1.16293682e-02  1.82308972e-01 -1.06321678e-01
 -6.90887123e-02 -1.04538701e-01 -1.08439706e-01  8.02072957e-02
 -5.55865951e-02 -6.76803431e-03  2.21941061e-03 -1.24324605e-01
  7.37231523e-02 -9.34000015e-02  1.44053742e-01  9.27360430e-02
  5.50061464e-02  1.88777354e-02 -6.50789365e-02 -4.89864126e-02
  1.22324556e-01  1.27614597e-02 -1.89470947e-02 -1.22408187e-02
  1.99707784e-02 -1.89422488e-01  9.78177786e-02 -1.45734981e-01
  1.43621847e-01  8.48562196e-02  1.41918557e-02  1.91765334e-02
 -5.20664193e-02  3.96589376e-02  2.43649092e-02 -1.38454795e-01
 -1.79851223e-02 -1.81344315e-01 -4.01782356e-02  3.43242995e-02
 -4.96320352e-02 -1.29439577e-01 -1.06127404e-01  6.60924092e-02
 -1.15221694e-01  1.17283851e-01 -9.07165483e-02  1.60679877e-01
  2.64151543e-02  1.16746472e-02  2.27124691e-01  1.99421402e-02
 -8.93969238e-02  6.80060908e-02 -4.90804799e-02 -2.06419844e-02
 -8.73286836e-03 -1.13850147e-01 -5.21515906e-02  1.56250179e-01
  1.03730433e-01  1.20983399e-01 -2.06372980e-02 -5.58698997e-02
 -2.13410392e-01  5.96167445e-02  8.60589892e-02 -8.61039851e-03
  3.57056186e-02  2.05555912e-02 -1.31403983e-01 -1.33651629e-01
 -9.96467844e-03  1.72715187e-01 -2.47943904e-02 -1.26059487e-01
  9.69486460e-02 -9.59795900e-03 -1.16709247e-02  4.55076694e-02
 -8.18097740e-02 -1.76691413e-02 -8.53066146e-02  3.14025246e-02
  3.68898967e-03  1.32548109e-01  3.21960337e-02 -2.58651860e-02
  3.69654526e-03  6.47025481e-02  9.48871672e-02 -1.00224167e-01
 -3.76017652e-02 -4.20652926e-02  9.69583616e-02 -4.46530022e-02
  4.58955765e-02  4.88500856e-02 -7.56832287e-02  1.36851981e-01
  7.88562000e-02  3.43397073e-02  1.25770226e-01 -2.25263134e-01
 -4.32622470e-02 -2.10589170e-02 -1.25189364e-01  1.33311832e-02
 -9.98047143e-02 -1.86153501e-01 -1.05961174e-01  1.00910582e-01
 -1.32578770e-02 -1.46492168e-01 -1.66023985e-01  8.01242068e-02
 -9.24979523e-02 -1.21246792e-01 -2.36180853e-02  5.14944717e-02
  7.43094683e-02  3.82134704e-06  7.08131492e-02  1.97399348e-01
  4.86603118e-02 -1.97666079e-01  7.74467066e-02  1.99495345e-01
  1.12843245e-01 -3.22830714e-02  2.47645956e-02  1.85269162e-01
  1.12960801e-01 -7.09201396e-02 -1.01014696e-01  2.64971286e-01
 -2.12366253e-01 -1.25170639e-02 -1.57794908e-01 -4.97075096e-02
 -6.24630339e-02  1.33538529e-01  9.80666578e-02  7.74823204e-02
  8.57485756e-02 -1.62848085e-02  1.11314632e-01 -2.91215573e-02
  1.64706498e-01  4.17189784e-02  7.65784383e-02 -2.61867959e-02
  2.30272207e-02  1.16705559e-01  4.68240418e-02 -1.45393670e-01
  6.00865334e-02  7.95949325e-02 -6.61837161e-02 -7.00894520e-02
 -1.09097585e-01  1.03999544e-02  1.35539412e-01 -3.64462584e-02
  8.19055066e-02  6.16668984e-02  9.11295563e-02 -1.14710718e-01
  7.38195926e-02 -9.57867056e-02  3.64321563e-03  7.08995312e-02
 -4.23959531e-02 -5.71848676e-02 -1.49958298e-01  8.57933462e-02
 -1.98803410e-01 -1.55719444e-01 -4.10424396e-02 -6.70369118e-02
  5.84761500e-02  9.58939120e-02 -5.68072349e-02  4.58200835e-02
 -8.64486620e-02  1.11410968e-01  1.16126113e-01 -6.12750426e-02
 -4.82930727e-02 -4.68636379e-02 -7.08498014e-03 -4.22968827e-02]