http://erau.edu/ontology/meme.owl#DontWanttoGotoBedMeme
[-2.15920750e-02 -1.49016783e-01  1.18469954e-01  4.97998782e-02
  1.42344991e-02 -9.59029794e-02  2.22278595e-01 -2.58831054e-01
 -9.43034962e-02 -7.54331201e-02  2.05346584e-01 -1.58552185e-01
  7.30051026e-02  8.46928135e-02 -6.54795095e-02 -2.19613075e-01
 -1.28484279e-01  2.52018631e-01 -8.98769721e-02 -5.55228665e-02
 -2.30403453e-01  2.78507143e-01  2.09012762e-01 -2.01317623e-01
 -1.98812470e-01  1.32167742e-01  1.45771578e-02 -1.50684699e-01
  3.27460229e-01 -1.55855656e-01 -1.95060037e-02  1.46314397e-01
  3.09332758e-02 -1.68818414e-01 -1.93715766e-01  2.85015702e-01
 -4.61795963e-02  1.82828665e-01  9.13882405e-02 -4.03167270e-02
 -1.96405172e-01  1.57558262e-01 -4.35794979e-01 -1.06649436e-01
  1.69601232e-01  3.96835543e-02  1.70848534e-01  5.03580123e-02
 -2.95554381e-03  9.59343091e-02  1.73614055e-01 -6.83417916e-02
 -1.88549891e-01 -1.32089794e-01 -7.46787637e-02 -5.87463602e-02
  1.86960846e-01 -1.52585492e-01  9.01392698e-02  1.64083451e-01
 -2.35593036e-01 -1.52364284e-01  2.01107427e-01  9.55503285e-02
 -2.55643666e-01 -1.75104588e-01 -2.79127836e-01 -3.40287574e-02
 -2.51905262e-01 -5.61588220e-02 -1.40505537e-01  2.26058841e-01
  1.80478901e-01  4.32991572e-02  3.29586864e-02 -3.49472128e-02
 -4.42902483e-02 -6.87458552e-03  4.25503224e-01  1.17038794e-01
 -1.35420829e-01 -6.18925206e-02 -1.62103206e-01 -4.21755522e-01
  3.69692743e-02 -3.31852250e-02 -1.71423167e-01  5.95597103e-02
  1.10319920e-01  6.21017106e-02 -2.11483702e-01 -3.82909596e-01
  2.12551355e-01 -6.47033080e-02 -1.34542152e-01 -2.04398818e-02
 -6.45764684e-03 -2.03358289e-02  2.34207585e-02 -7.73450136e-02
  5.00992946e-02  6.09381348e-02  2.73074776e-01 -5.04493751e-02
  5.29962108e-02 -6.69621155e-02  1.69413283e-01  9.52076390e-02
  8.43961015e-02 -1.26798064e-01  4.28686216e-02  8.17884319e-03
 -2.35797077e-01 -1.86242238e-01  1.08908311e-01  6.45212829e-02
 -1.80746511e-01  2.50826739e-02  1.42514482e-01  1.49677828e-01
  4.96870764e-02 -1.60272226e-01  1.78416315e-02 -4.63927537e-02
 -2.80286698e-03  9.14731845e-02  2.85762902e-02  9.83704478e-02
  2.12702781e-01  6.95642233e-02 -1.22766204e-01  6.21270128e-02
  3.26460488e-02 -1.35584131e-01  3.39707844e-02  2.37062156e-01
  3.44743952e-02 -6.87927902e-02 -5.23831993e-02  1.70298845e-01
 -1.45586580e-01 -8.02153349e-03  8.09389949e-02  1.31623268e-01
  6.23512119e-02 -2.24141642e-01  1.23830445e-01 -8.42681825e-02
  2.19663575e-01  2.32540965e-01  1.29796669e-01 -1.03738345e-01
  1.20899536e-01  1.14093363e-01 -1.23698331e-01 -7.10457377e-03
 -1.93192169e-01  2.56131619e-01  7.17524141e-02  6.83537498e-02
  4.98154163e-02 -4.27267142e-02 -1.31465137e-01  9.19643715e-02
 -2.93781757e-01 -1.38936117e-01  4.52602282e-02  1.14893056e-01
 -3.02931994e-01  1.26425117e-01 -3.83069664e-02 -3.37629169e-02
  3.05922240e-01  2.92043984e-01 -1.47297997e-02 -7.30573386e-02
  6.43193023e-03 -3.97278368e-02  2.00667962e-01 -3.90914232e-02
 -7.60607347e-02 -9.81604978e-02  1.43536910e-01 -9.08686519e-02
  4.53013033e-02  2.58153328e-03  4.31406349e-02  2.05379520e-02
  3.69933814e-01 -7.79562443e-02 -1.08787417e-01 -1.57258973e-01
 -2.03540519e-01  2.55881995e-02 -1.46219820e-01 -3.33880745e-02
  1.98843494e-01  1.53953016e-01 -4.63610701e-02 -2.84944754e-02
  1.38946116e-01 -1.00370087e-01  1.10931799e-01 -1.25730723e-01
  1.91494226e-02 -1.79552153e-01 -1.80210192e-02  1.39463469e-01
  2.97007352e-01  2.38686994e-01  2.11871713e-01  6.71033114e-02
  1.13007780e-02  9.29793864e-02  3.06236162e-03 -1.83058772e-02
 -1.30538434e-01  1.47292703e-01 -1.11099795e-01  2.16989517e-01
  1.32250920e-01  1.56871542e-01 -1.17498543e-02  1.11434542e-01
 -1.16727417e-02  9.24448967e-02  1.48609718e-02 -2.00806116e-03
 -2.22141221e-02 -1.18775368e-01  4.61823046e-02  5.20176366e-02
 -1.74483031e-01  1.94461897e-01 -4.75306213e-02  1.09369010e-01
 -6.44355193e-02 -3.75966206e-02  8.86664689e-02 -3.65381502e-02
 -1.16236947e-01 -5.78451641e-02  2.22022575e-03 -5.88780977e-02
 -1.72064647e-01  3.01653575e-02 -3.35250162e-02  1.79142300e-02
 -4.34866175e-02 -1.26782581e-01 -7.19828606e-02 -9.30361152e-02
  2.00680360e-01 -7.41103068e-02  1.14900291e-01 -1.41992392e-02
  1.81147717e-02  6.42394423e-02  1.40252868e-02 -4.18215692e-02
 -6.23939186e-02 -4.88858745e-02 -1.53424278e-01  4.52244356e-02
 -7.24639893e-02 -2.15124890e-01 -7.12509034e-03 -1.01156123e-01
  3.85309942e-02 -3.66719961e-02 -3.99333872e-02 -1.63768902e-01
 -1.70310438e-02  1.27104342e-01  2.50172287e-01 -1.16138160e-01
  1.65429518e-01  1.73309535e-01 -5.17663024e-02 -9.97019485e-02
 -4.50633354e-02  6.86550289e-02  1.89645384e-02 -4.79728691e-02
 -1.48033887e-01  9.67274681e-02 -4.86528575e-02  2.84165181e-02
 -2.73573577e-01 -2.18104407e-01  1.36600092e-01  1.63306259e-02
 -1.70382708e-01 -6.04746342e-02  5.93938380e-02  5.05152196e-02
  2.03368694e-01  2.87881400e-02 -2.14215785e-01 -2.11453229e-01
 -1.00650713e-01 -2.34276466e-02  1.62345972e-02  1.05225384e-01
 -1.11438483e-01 -5.34979105e-02  2.17521876e-01 -2.40641665e-02
  9.54468325e-02 -1.32052824e-01  2.28446394e-01 -6.05467521e-02
  4.06575687e-02  3.64882429e-03 -1.02166824e-01  4.40569520e-02
  9.45524219e-03 -3.53918448e-02  4.70550805e-02 -1.04073301e-01
  1.11875772e-01 -1.51043996e-01  4.80714217e-02  2.22527370e-01
  1.71518862e-01 -1.44816965e-01 -1.61156565e-01 -5.62203825e-02
  1.72622889e-01 -7.71850720e-02 -8.85629505e-02 -4.45020907e-02
  1.13573866e-02 -8.18099529e-02  2.16436833e-01 -2.37039238e-01
  1.22585416e-01  5.89898117e-02  7.43160471e-02  1.06532715e-01
 -2.69602146e-03  4.59016263e-02 -1.22604020e-01 -1.43032223e-01
 -1.28439907e-02  1.16794020e-01 -7.30458498e-02 -2.02369262e-02
  1.26464069e-01 -2.74127483e-01 -1.63438484e-01  3.96294490e-06
 -2.48894781e-01  2.08158582e-01  2.11624373e-02  6.66956231e-02
  3.40146311e-02  3.84767577e-02  2.57027000e-01  2.33228743e-01
 -5.74426651e-02  2.20357683e-02 -5.21105491e-02 -1.99092373e-01
  1.77584425e-01 -1.42235979e-01  1.08809836e-01 -7.43082538e-02
 -1.23143941e-02  5.89195080e-02  7.52122477e-02 -3.96138243e-02
 -7.54211470e-02 -8.93621147e-02  1.58927694e-01  7.37794638e-02
 -1.03144027e-01  3.40334214e-02 -1.32536562e-02  3.56774847e-03
 -3.19630057e-02  1.87467277e-01 -6.72981963e-02 -9.80090946e-02
  7.59911165e-02 -1.82394892e-01  8.91448781e-02  6.57806098e-02
  2.73281820e-02 -1.06687367e-01 -1.01258159e-02  3.40701118e-02
  5.14966436e-02  3.56603205e-01 -4.59582098e-02 -2.41032064e-01
  4.54763584e-02  9.30510461e-02  1.74092948e-01 -6.23271279e-02
  1.04269452e-01 -1.17125191e-01  1.78808689e-01 -2.09718019e-01
 -8.80976208e-03 -1.01445429e-01  3.48763838e-02  3.26150388e-01
 -4.65549268e-02  6.31462457e-03  1.02063715e-01 -1.79879442e-01
 -5.47988415e-02  7.45035999e-04 -8.66325125e-02 -5.89975156e-02
  1.66782942e-02 -1.28680512e-01  8.14210251e-03  2.17661019e-02
  1.29588604e-01 -1.01663046e-01 -6.57118708e-02  3.86171043e-03
  2.40555685e-03 -1.16656527e-01 -2.11344108e-01 -5.03052399e-02
  8.78464952e-02 -1.38013408e-01  3.52279097e-02  1.29178852e-01
  2.57918239e-03 -9.17047039e-02  1.26639113e-01  2.03695863e-01
  2.41849899e-01 -4.94051129e-02  4.89336252e-02  1.62917897e-01
  8.14175159e-02  4.47857417e-02 -2.16492251e-01  3.54789466e-01
 -2.55452514e-01 -9.31094289e-02 -1.83382601e-01 -5.84255755e-02
 -1.51108518e-01  9.90824848e-02  9.51883569e-02 -4.74453270e-02
  1.11234151e-01  4.95782495e-02  7.98995122e-02  1.89590231e-01
  2.38681701e-03  1.11472718e-02  4.84946966e-02 -8.16506445e-02
 -1.82676762e-02  1.39309868e-01  1.81000039e-01 -1.65636495e-01
  5.84199652e-02  2.72726864e-01 -1.12438142e-01 -2.08046854e-01
 -6.46497756e-02 -1.10147193e-01  1.97689429e-01 -1.20737754e-01
  2.16705889e-01  1.96644008e-01  9.98462290e-02 -2.23128021e-01
  9.57120955e-02 -1.77368656e-01 -6.80523831e-03  1.62744716e-01
  1.18667841e-01  1.06585249e-02 -2.22122550e-01  3.15322757e-01
 -2.11723104e-01 -2.86983550e-01  3.50283794e-02  7.99785554e-02
  2.34839827e-01  1.43718585e-01 -4.39059213e-02  4.51220572e-02
  7.63127357e-02  1.51062936e-01  1.25140637e-01 -4.39679027e-02
  9.40508991e-02 -1.71573162e-01 -9.81491804e-02  9.90175903e-02]