http://erau.edu/ontology/meme.owl#NanaGouvaEmDesastresMeme
[-1.09902032e-01 -1.06278531e-01 -3.94433476e-02  2.30137482e-02
  2.32635234e-02  3.56355123e-02  5.29420264e-02  2.24680938e-02
  2.76386123e-02 -9.51506123e-02  1.01942718e-02 -1.29841954e-01
 -6.33178726e-02 -1.56967521e-01 -5.91206588e-02  6.01067878e-02
  1.12626500e-01 -3.08556315e-02 -1.58642093e-03  4.73151729e-02
 -1.42805994e-01  3.49782370e-02  6.61961809e-02 -9.03559178e-02
  6.92032501e-02 -2.22633649e-02  3.59123647e-02 -6.13891482e-02
  2.15466693e-01  5.65664582e-02  9.64497924e-02 -2.81159580e-02
 -8.64512101e-03 -5.01194522e-02 -2.01101918e-02  7.70611763e-02
  1.30253239e-02  8.78790244e-02 -4.12366502e-02 -2.64810883e-02
  8.26129690e-02  2.25986809e-01 -1.01954915e-01  5.55202588e-02
  8.25663283e-02 -2.38282196e-02 -1.53669354e-03 -1.00498460e-01
 -2.69029159e-02  5.62186167e-02  2.44945772e-02  3.14041562e-02
 -7.94498622e-02 -1.46215528e-01 -4.03451510e-02 -1.00835212e-01
  1.51930839e-01 -6.22010045e-02  1.13735035e-01  9.57653001e-02
  5.49790412e-02 -6.09557964e-02  8.60840082e-02  1.24138907e-01
 -7.16617703e-02 -6.99082464e-02  9.02251750e-02 -6.93284869e-02
 -1.24612145e-01 -7.50454664e-02 -1.07948706e-01 -2.94334143e-02
  7.29065612e-02 -4.45639296e-03  3.42658274e-02  8.19164068e-02
 -1.45986825e-01  1.85680799e-02  6.21781759e-02  4.75052558e-03
  7.95339607e-03 -9.13992450e-02 -2.62252484e-02 -8.21596235e-02
  1.14745826e-01 -1.44135922e-01 -6.34270832e-02  3.92424688e-03
  5.40805645e-02  2.88470630e-02 -1.75107121e-02 -1.38883725e-01
  4.21283580e-02 -1.03318423e-01 -7.81936757e-03  6.33554235e-02
  1.10378477e-03 -4.73716878e-04 -9.70353372e-03 -9.89366472e-02
  1.04827680e-01  4.62727621e-02  1.15612514e-01 -5.57678230e-02
  2.84949765e-02 -2.84806434e-02  8.82674754e-02 -7.38412961e-02
 -5.94528541e-02  3.76207009e-02 -3.06715854e-02  3.44661959e-02
 -1.02997459e-01 -7.59796128e-02  4.46364656e-02 -1.38015933e-02
 -2.85596967e-01 -1.46365836e-01 -7.83757865e-02  4.06159163e-02
 -1.30403023e-02 -1.25678554e-02 -6.76779151e-02  9.47116986e-02
  6.35703877e-02 -1.15108028e-01  2.78738793e-02 -5.13067059e-02
 -4.73457873e-02  6.90221936e-02 -1.45527497e-01  1.75988860e-02
 -6.70201704e-03 -7.35860839e-02 -1.25682399e-01  9.47017595e-02
  4.95456997e-03 -1.58706214e-02 -2.44868219e-01  1.49326064e-02
 -2.32864097e-01  4.75346632e-02  2.54585091e-02 -7.15289339e-02
  2.04075709e-01 -1.70613766e-01  6.47029951e-02 -6.39910722e-05
 -1.20462947e-01  3.94720174e-02  1.37599697e-02 -1.25497922e-01
 -3.17544229e-02  3.99434008e-02  8.64995122e-02  1.43617675e-01
 -9.11490247e-02  1.16075851e-01  3.14762332e-02 -7.44009539e-02
  1.39526814e-01 -8.17149356e-02  9.42666829e-02 -6.75097927e-02
 -1.37392014e-01 -3.28655876e-02 -6.69062510e-02  1.63620636e-01
 -1.91392824e-01  9.79321077e-02  6.19704910e-02  1.85189739e-01
  1.44261658e-01  1.29676074e-01  5.77063523e-02 -5.34556946e-03
 -1.49895251e-01 -3.72384377e-02  4.02371511e-02 -6.15334250e-02
 -4.12574336e-02  1.31441116e-01 -5.27811572e-02  9.97423530e-02
 -9.53463241e-02  1.82217937e-02  8.35462213e-02  1.17996596e-02
  1.24280944e-01 -3.37522551e-02 -4.81400453e-03  2.22086329e-02
 -2.11470127e-01 -7.81134889e-02  3.72566506e-02 -2.38762554e-02
 -1.19698662e-02  8.45822543e-02 -3.72447632e-02 -2.30803415e-02
 -7.93019831e-02 -1.39302373e-01  8.85179788e-02  6.88199094e-03
 -1.27490968e-01 -2.15120301e-01  3.02104950e-02 -5.04634939e-02
  4.90447227e-03  1.06253460e-01  2.07148910e-01  1.03863314e-01
 -2.64694411e-02 -1.18965544e-01  1.06294319e-01  7.03399107e-02
 -9.58197638e-02 -4.39191386e-02  1.34404838e-01  7.26763979e-02
  1.93434268e-01  4.86681871e-02 -1.43667608e-01  4.78788652e-02
  6.44519851e-02 -3.05932481e-02 -1.59176350e-01  5.43013327e-02
 -6.30340129e-02  1.45984686e-03  7.46262148e-02  1.09820487e-03
 -2.03017846e-01 -1.71787694e-01  5.67089953e-03 -2.24000849e-02
 -1.05856143e-01 -2.83951275e-02  2.77810134e-02 -6.36821166e-02
 -5.76400273e-02 -1.70204546e-02  7.28740990e-02 -7.33187944e-02
 -2.86933869e-01 -5.58154620e-02 -1.47074983e-01  7.58401230e-02
 -3.36065963e-02 -7.22696818e-03  5.96035123e-02  4.53727096e-02
  1.74954757e-01  1.46128595e-01  2.31390297e-01 -1.87460426e-02
 -1.88864008e-01 -1.90886762e-02  7.70422593e-02  5.22602797e-02
 -8.39867219e-02 -1.37873083e-01  2.49271356e-02 -1.70627207e-01
 -7.44933784e-02 -2.14084849e-01 -4.93367240e-02  1.01924039e-01
  2.49266978e-02 -1.56401843e-01 -1.00232065e-01 -1.64052963e-01
 -1.11550577e-01  1.11454874e-01  4.61393334e-02 -5.42262197e-03
  1.33574545e-01 -7.82198757e-02 -6.08231425e-02  7.45095536e-02
  8.70850459e-02  5.05561382e-02 -7.10168807e-03 -6.25323430e-02
 -1.36674315e-01 -8.36322922e-03 -2.47968230e-02  2.90150866e-02
 -9.73582547e-03 -8.43887478e-02  8.03920031e-02 -9.93038341e-02
  4.38207574e-02  1.76119362e-03 -2.20623314e-02 -1.41058313e-02
  3.47511470e-02 -8.61889683e-03 -1.55488774e-01 -3.71421464e-02
 -2.46790260e-01  1.14312898e-02 -2.24995874e-02  1.23826876e-01
 -2.16914769e-02 -3.83061431e-02  1.75106660e-01  6.14095759e-03
 -1.14735670e-01  1.05942525e-01  2.56114841e-01 -1.57332122e-01
 -3.08429133e-02  1.67688949e-03  3.14701279e-03  4.30705994e-02
 -4.18488495e-02  1.96114536e-02  4.93602492e-02 -5.77910803e-02
  1.56976879e-01 -3.04637980e-02  1.61335051e-01  9.70450118e-02
 -1.04369847e-02  1.37162562e-02 -2.47175768e-02  5.17134331e-02
  7.12903887e-02  4.22694385e-02  1.73279848e-02 -8.79791100e-03
 -3.65837850e-02 -8.26938823e-02 -6.73259497e-02 -1.91473797e-01
  4.62823696e-02  6.45387843e-02 -8.42232704e-02  6.93694502e-02
  6.44258633e-02  9.07581449e-02 -2.35175826e-02 -1.99564360e-03
 -6.84397742e-02 -1.98901631e-02 -2.78878380e-02  1.39232695e-01
 -6.74905255e-02 -8.17851052e-02 -3.55404876e-02 -1.26058552e-02
 -4.33943123e-02  1.65924549e-01 -1.29346043e-01  9.36081633e-02
  1.31429611e-02 -2.69606933e-02  1.30067408e-01 -5.62110618e-02
 -1.27434641e-01  5.66413999e-02 -7.72736501e-03 -5.92293404e-02
 -8.67635757e-02  7.77260736e-02 -8.56546834e-02 -1.04893334e-02
 -3.78527455e-02  2.49033123e-02  3.69935227e-03 -9.71569121e-03
 -1.96188465e-01  1.43006384e-01  6.56976849e-02 -1.08487420e-01
 -1.16146155e-01  3.29948738e-02 -1.83498729e-02 -5.18715903e-02
  4.99884561e-02  1.57673091e-01 -8.09533615e-03 -1.17741212e-01
  3.41993645e-02 -8.06633607e-02 -3.68119627e-02  1.13584377e-01
  6.62481114e-02 -6.05060682e-02  3.19554703e-03  1.72019787e-02
  8.47204775e-02  9.04886797e-02 -1.23200238e-01 -1.36483148e-01
  1.15039768e-02  9.15541425e-02  1.02884069e-01 -2.23468859e-02
 -2.65548751e-02  1.06637133e-02 -3.15911286e-02 -2.01689228e-01
 -1.27567947e-01 -6.02363423e-02 -3.66523713e-02  1.41870379e-01
  1.59356311e-01  4.32278961e-02  4.88861836e-02 -2.41163701e-01
 -9.89069939e-02  1.09159620e-02 -7.78655782e-02  9.87018347e-02
 -1.18375786e-01 -4.35505509e-02 -9.23090726e-02  4.37682569e-02
  9.39106122e-02  5.97580485e-02 -2.18982697e-01  4.07316945e-02
 -6.18875353e-03 -2.49718446e-02 -1.40811857e-02  1.30609259e-01
  1.13042809e-01 -1.25572160e-01 -2.98325475e-02  1.85062930e-01
  9.07417908e-02 -1.29235119e-01  2.27537572e-01  1.54700682e-01
 -2.28498206e-02  2.34790077e-03  2.03077700e-02  6.63449094e-02
  1.86389729e-01  6.02522073e-03 -5.24058565e-03  2.32678875e-01
 -1.47797510e-01 -2.14350522e-02 -2.05791384e-01 -1.43361598e-01
 -1.40922535e-02  3.24658006e-02  1.22279994e-01  1.53960422e-01
  1.21270074e-02 -4.23571244e-02  2.23215774e-01  9.44505446e-03
  3.70096900e-02 -5.88992983e-02  1.13913350e-01  1.68602485e-02
  7.65634626e-02  7.06553832e-02  5.06830439e-02 -5.02693765e-02
 -1.44602031e-01  5.95087335e-02  3.02066337e-02  5.75197767e-03
 -2.20336653e-02  7.64990598e-02  1.06200293e-01  1.18177645e-02
  1.64093137e-01  1.49468705e-01  3.63069996e-02 -5.07744998e-02
  5.35572041e-03 -1.20181695e-01 -5.77181056e-02 -5.02006267e-04
 -8.33531469e-02  3.45959794e-03 -6.91525713e-02  1.85452163e-01
 -4.86453846e-02 -1.46549970e-01  3.80513556e-02 -2.60820650e-02
  1.45366816e-02  5.33711873e-02 -7.71352500e-02 -4.08791825e-02
  8.17415267e-02  2.11289935e-02 -8.22411105e-03  6.03021402e-03
 -5.11152633e-02 -1.26037756e-02  1.48763523e-01  5.46560958e-02]