http://erau.edu/ontology/meme.owl#ExecuteOrder66Meme
[-9.91233587e-02 -1.45163938e-01  5.60394600e-02  2.85982639e-02
 -1.16699440e-02  5.96497431e-02  1.04784042e-01  5.72104007e-03
  1.31613523e-01 -6.19235970e-02  1.59496278e-01 -2.37659644e-02
  7.39167631e-03  2.83340942e-02  4.59900796e-02  3.08724474e-02
  8.66003409e-02  1.14058346e-01  4.32163663e-02  7.10042715e-02
 -5.46510220e-02  6.91448599e-02  1.35559782e-01 -6.41795471e-02
  5.11263460e-02  1.90720707e-02  5.42888306e-02 -8.45197216e-02
  1.20906092e-01  1.18869595e-01  2.61218380e-02  5.69525845e-02
 -5.36646582e-02 -6.27764985e-02 -2.46367753e-02  2.17226118e-01
 -6.90275505e-02  2.93602347e-02 -4.97812219e-02 -5.23233265e-02
  2.22754981e-02  2.11691663e-01 -1.58630028e-01 -1.05682882e-02
  8.63981023e-02  1.10766120e-01 -4.13866416e-02 -8.58478695e-02
  2.48460434e-02 -3.26237790e-02  6.51130825e-02 -6.59409463e-02
 -6.29067272e-02 -1.76867887e-01 -5.12108095e-02  5.71618192e-02
  6.53448105e-02 -1.17984973e-02  1.03290111e-01  8.83471742e-02
 -3.95994261e-02 -1.70443971e-02  1.17439225e-01  2.47987974e-02
 -9.79726911e-02  7.64053257e-04 -7.94553235e-02  2.24444158e-02
 -9.70145017e-02 -1.94981307e-01 -1.91854581e-01  1.09167278e-01
  1.05494477e-01  1.04416862e-01  7.07598403e-02  7.47489259e-02
 -1.07196629e-01  1.02522243e-02  1.79073170e-01  1.53333535e-02
 -1.04477584e-01 -1.76866669e-02 -9.62392539e-02 -2.20189661e-01
 -3.62683907e-02 -4.40351889e-02 -1.67789161e-01  1.13464430e-01
  1.55012414e-01 -2.02734489e-03 -1.12268962e-02 -2.69496948e-01
  1.11568898e-01 -3.90789360e-02 -1.18053384e-01  1.00254938e-01
 -3.68705615e-02  5.02628740e-03 -1.47005081e-01  4.78560142e-02
  1.15464821e-01 -1.22132860e-02  4.28539068e-01 -1.30226552e-01
  5.07348739e-02 -5.51627837e-02  5.84283136e-02  1.31120592e-01
 -2.52561294e-03 -1.87851727e-01  3.72717008e-02  7.28722056e-03
 -5.46760783e-02 -1.39758587e-01  1.52580202e-01  1.41169846e-01
 -2.91842103e-01 -5.24651669e-02  3.71769369e-02  1.29522890e-01
 -6.83367178e-02 -1.86487660e-02  3.76353115e-02  1.09543346e-01
  1.46846280e-01  7.11733184e-04 -2.12391131e-02 -4.11883183e-03
 -5.39073497e-02 -1.85304675e-02 -2.18563959e-01 -6.61541298e-02
  4.90641557e-02  4.83511239e-02 -8.92722160e-02  1.99664086e-01
 -1.76848192e-02 -5.87861203e-02 -5.37391230e-02  3.54719013e-02
 -2.65423268e-01  5.10699414e-02  1.33681774e-01 -8.00193287e-03
  1.82815030e-01 -1.38960510e-01  1.75274871e-02 -1.76232979e-01
 -7.49520510e-02  9.70879942e-02  1.49922548e-02 -1.13835804e-01
  4.33181934e-02  1.17281921e-01 -3.00999284e-02  8.73101950e-02
 -1.49855599e-01  2.24365264e-01  3.93035226e-02 -1.09603211e-01
  2.03284658e-02 -2.00602978e-01 -2.88681034e-02  2.50783060e-02
 -2.14910865e-01 -2.53406733e-01 -4.33862098e-02  1.73011854e-01
 -3.15951705e-01  1.00900412e-01  3.39967087e-02  1.23347692e-01
  1.08199783e-01  1.22494824e-01 -7.97765329e-02  7.81124607e-02
  1.76037778e-03 -1.03251912e-01  1.24810241e-01  1.01888077e-02
 -7.28433877e-02  1.03498317e-01  1.93938036e-02  4.29775566e-02
  2.01509688e-02 -1.89282224e-02  8.37277696e-02  1.35459960e-01
  1.43692017e-01 -3.98567766e-02  6.01646081e-02 -1.39312744e-01
 -1.60907924e-01 -7.32251927e-02 -5.77518856e-03 -4.26143967e-02
 -4.74154241e-02  1.87119633e-01 -6.35639578e-02 -2.52262261e-02
  2.38148961e-02 -4.62697707e-02  3.20894760e-03 -9.09429193e-02
  2.34483625e-03 -2.54353911e-01 -6.00231439e-03 -2.93920264e-02
  4.47710082e-02  1.19986385e-01  2.71657020e-01  1.26786843e-01
 -5.04522920e-02 -1.72608270e-04  1.00158602e-01 -9.47715773e-04
 -1.20291814e-01 -7.91758858e-03  5.95263280e-02 -1.35890720e-03
  9.91171077e-02  7.81879574e-02 -1.10957980e-01 -1.27143157e-03
 -4.27596681e-02  1.01883851e-01 -1.16737418e-01 -3.76095399e-02
 -5.34738824e-02  3.22636869e-03 -4.40600514e-02  7.00926036e-02
 -3.15104872e-02  4.17656917e-03  1.49083035e-02 -2.99788546e-02
 -2.21514329e-02 -2.18604077e-02  1.05673634e-01 -7.73690343e-02
 -9.54825897e-03 -9.99458432e-02 -1.72812715e-02  5.26202582e-02
 -1.37871191e-01 -7.43152797e-02 -1.43774748e-01  3.47982952e-03
 -1.05205819e-01  1.10149458e-02 -1.39857165e-03 -7.58026317e-02
  1.75399929e-01  8.31630975e-02  1.36413187e-01 -1.45296767e-01
 -1.14556640e-01 -5.49020059e-03  2.65442277e-03  1.18994832e-01
 -2.01329708e-01 -8.60990956e-02 -9.91724208e-02 -1.96529210e-01
  9.05812010e-02 -2.35583961e-01 -3.74363884e-02  3.68551314e-02
  7.49110430e-02  1.63153205e-02  1.85944252e-02 -3.21830399e-02
 -6.60876781e-02  1.96743775e-02  1.01127438e-01 -4.26625572e-02
  7.25326613e-02 -4.48355749e-02 -9.39609203e-03  1.97992492e-02
  4.70090434e-02  2.00237911e-02 -8.12871382e-02 -3.55647504e-02
 -1.36690930e-01 -1.66489072e-02 -3.25913653e-02 -5.47806583e-02
 -2.25640740e-02 -5.60091399e-02  2.66548656e-02  1.19639537e-03
  1.06135709e-02 -2.37135980e-02  6.25626892e-02 -3.45147029e-02
  9.01014656e-02  7.36635029e-02 -8.63690749e-02 -9.69551057e-02
 -6.78825006e-02  5.56211732e-02  1.19969528e-03  3.49992029e-02
  2.78990180e-03 -1.07257649e-01  2.34036162e-01 -1.27466219e-02
  8.14933926e-02  3.22431177e-02  3.39772739e-02 -1.35910004e-01
 -5.16423620e-02 -2.27840319e-02 -5.72823361e-02  1.45488242e-02
  4.69454601e-02  4.37848903e-02 -1.29536435e-01 -3.05462182e-02
 -2.35010497e-02 -3.93604115e-02  1.78425074e-01  7.72231594e-02
  9.53717250e-03 -4.77519110e-02 -1.28604192e-02 -1.16089903e-01
  1.50282174e-01 -1.14347311e-02 -2.44886819e-02 -4.80797254e-02
  1.70167238e-02 -8.75831470e-02 -1.03827808e-02 -1.83571264e-01
  1.29771248e-01  8.44145492e-02 -7.63170123e-02  7.15171965e-03
 -2.17353497e-02  1.03334121e-01 -5.24092242e-02 -5.84805012e-02
 -6.13936596e-02 -5.19562103e-02 -6.73993155e-02  1.55265868e-01
 -3.15761790e-02 -1.00145355e-01 -3.28337550e-02  1.21608958e-01
 -1.24974765e-01  1.22300893e-01 -1.13519616e-01  1.57755032e-01
  7.20110834e-02  5.50279487e-03  1.41153097e-01 -8.03745687e-02
 -1.57086655e-01  7.98052251e-02  4.78414781e-02  5.39468415e-02
  1.61048993e-01 -1.16433032e-01 -1.48964589e-02  1.89947918e-01
  1.63757782e-02  4.85835448e-02 -1.41918252e-03  2.50780154e-02
 -1.64477453e-01 -1.32045513e-02  9.19464305e-02 -9.10921991e-02
 -6.14992790e-02  3.11222151e-02 -1.96620589e-04 -1.47552893e-01
  5.59105948e-02  8.21938738e-02  6.08763704e-03 -8.84676278e-02
  1.28712028e-01 -8.43878612e-02 -9.42323953e-02  4.87646386e-02
 -4.35006842e-02 -8.23980048e-02 -5.96251674e-02  8.20202939e-03
 -8.42717104e-03  4.68407087e-02  1.77613162e-02 -8.58030692e-02
  2.97643337e-02  9.25882459e-02  3.17666084e-02  1.98561624e-02
 -1.05055846e-01 -5.76545782e-02  3.86396646e-02 -1.31422952e-01
 -5.97445853e-02  4.30574007e-02 -1.24807539e-05  2.06643268e-01
  1.31405637e-01  4.13394757e-02  1.07032120e-01 -1.81655154e-01
 -1.35549173e-01  4.65463055e-03 -1.04693048e-01 -1.54912146e-03
 -8.20004940e-02 -4.01301421e-02  2.51903548e-03  1.27126276e-01
  1.05851471e-01 -8.76015797e-02 -2.55413447e-02  2.18700748e-02
 -7.33207315e-02 -1.78697303e-01 -3.86525169e-02  4.96917143e-02
  2.29986757e-02 -5.67826219e-02  1.70936584e-01  2.10986927e-01
  1.05002120e-01 -1.04979105e-01  1.10032283e-01  1.54055253e-01
 -7.65892584e-03 -6.78804517e-02  2.63871737e-02  1.70903221e-01
  4.47270423e-02  1.06608406e-01 -6.83645159e-02  2.38459259e-01
 -1.97158873e-01 -1.48566842e-01 -1.24262094e-01 -1.04343541e-01
 -9.01764855e-02  4.45527397e-02  7.93425068e-02  1.23221211e-01
  5.91087826e-02 -4.29499298e-02  2.00472608e-01  7.00879693e-02
  7.47279152e-02  1.07831948e-01 -2.88351644e-02 -5.03844582e-03
  1.73750386e-01  2.93270126e-02  1.04969330e-01 -1.52606085e-01
 -5.02320081e-02  1.09598935e-01  1.93469226e-02 -9.65366960e-02
  1.23555036e-02  5.99868074e-02  2.25585237e-01 -1.34152975e-02
  1.23463973e-01  1.15822740e-01  4.82417345e-02 -6.30544797e-02
  3.30189317e-02 -1.74793467e-01  3.67809832e-03  9.53445435e-02
 -2.82735843e-03 -2.14250535e-02 -9.21999961e-02  3.06266367e-01
 -1.71636015e-01 -1.37607515e-01  4.06141393e-02  2.15577222e-02
  5.79704903e-02  4.58838828e-02 -6.34585172e-02 -4.40056585e-02
  3.40726599e-02  6.32279441e-02  1.21369645e-01  3.43360268e-02
 -5.06935865e-02 -9.94511247e-02  1.01482913e-01  1.01755954e-01]