http://erau.edu/ontology/meme.owl#CakeFartsMeme
[-0.10791814 -0.010309    0.07333305  0.13197432  0.04969992  0.05302317
 -0.082073    0.03224994  0.10623804 -0.23232591 -0.1235812   0.29288456
  0.21283107  0.16049637 -0.05994167 -0.19599952 -0.09539808 -0.07950561
  0.03128409 -0.05228436 -0.01195924  0.18330635 -0.04383007  0.14615749
  0.03357212 -0.19654709 -0.00492164 -0.01973594  0.04224184 -0.07514429
 -0.22675054 -0.08202852 -0.15839063 -0.02344566 -0.12706187  0.05558023
 -0.1652417   0.12350599  0.05505718  0.25177753  0.07305193  0.02874805
 -0.27737755 -0.03135366 -0.22990663 -0.05664793  0.08329367 -0.18025744
  0.05534708 -0.17632414 -0.00849406  0.18472561  0.22133628  0.00601825
 -0.19305445  0.25296745 -0.08444123 -0.01748489  0.12011404  0.19355048
  0.19676727 -0.18326202  0.01891818  0.03812276 -0.06837612 -0.04109374
 -0.12855828 -0.07175729  0.11441866 -0.11182611  0.1501018  -0.02398025
 -0.02121705 -0.01751195 -0.2239101  -0.07961727 -0.0395856  -0.12087115
 -0.03655056 -0.12826899  0.1567262   0.19179034 -0.27726218 -0.10723221
 -0.05323782  0.00673681  0.13575973  0.06105557 -0.02705302  0.28364447
 -0.10238066 -0.00819283 -0.22672634 -0.02715852  0.05693866 -0.07969797
 -0.05680054  0.29272085  0.02171954 -0.0268729   0.10055098 -0.05503804
 -0.08937477  0.02705109  0.14943835 -0.00893436  0.08339012  0.19558057
  0.11090846 -0.0182212   0.19993256  0.12775776  0.03446804  0.03007124
  0.17024466 -0.13175523  0.04160064 -0.01224212 -0.14224015 -0.01325556
 -0.00114784  0.16516636  0.01252243  0.01087827 -0.21802185 -0.25378045
 -0.01763089  0.1575202  -0.23299314 -0.15387785 -0.03306056  0.04086663
  0.02168276 -0.19031513  0.10081159 -0.10202455  0.11300642  0.03869402
  0.03883496 -0.00675067 -0.08031929 -0.00215762 -0.07016881  0.06350624
  0.01856504  0.02806199 -0.06060933 -0.13407813 -0.10328959 -0.0218434
  0.07310689  0.0337919  -0.16708973 -0.13656017 -0.10232405 -0.13646032
  0.04605461 -0.00752201 -0.06864573 -0.05478942  0.07374317  0.25623217
  0.10665853  0.01157328 -0.12553596 -0.1241148   0.00938611  0.14763223
 -0.19693679 -0.04793249 -0.03079649 -0.02789491 -0.03026149  0.20569962
  0.13219287 -0.01159138  0.06995869  0.03385968  0.01958749 -0.02487817
 -0.19426244 -0.09255886 -0.02995964 -0.03359504 -0.02637156 -0.01617286
 -0.18905865  0.03725094  0.1339284   0.13181491  0.00053007  0.25229725
  0.2075889   0.13058156 -0.12181922 -0.01918619 -0.07508685 -0.05418282
 -0.14186805  0.19366293]