http://erau.edu/ontology/meme.owl#SafetyPinSafetyPinMovementMeme
[-1.37592331e-01 -2.48473749e-01 -1.20679596e-02  1.31374836e-01
 -2.64920034e-02  8.21493752e-03  1.80043250e-01  5.26647754e-02
 -7.54547119e-02  5.39160613e-03  1.79583088e-01 -1.52183250e-01
  3.27509572e-03 -5.32411560e-02 -1.02444459e-02 -3.34373154e-02
 -1.84472986e-02  1.27627909e-01  7.38409087e-02  1.01853982e-01
 -2.84857810e-01  7.39722922e-02  1.04304962e-01 -1.77729145e-01
  4.67688255e-02  3.21260607e-03  9.65382718e-03 -1.63698032e-01
  4.31239843e-01  2.68533617e-01  1.56402569e-02  9.60829705e-02
  6.20811693e-02 -6.40454590e-02 -3.88840064e-02  1.54332295e-01
 -1.05659245e-02  2.12609544e-02 -2.91159805e-02 -1.68322906e-01
  1.19755208e-01  1.34348616e-01 -1.18167989e-01  9.70477313e-02
  1.38994098e-01 -1.67411286e-02  3.46576944e-02 -7.63095021e-02
  7.13948831e-02  8.23183060e-02  5.23067964e-03 -3.70172746e-02
 -4.21413854e-02 -2.16779158e-01 -6.46962523e-02 -6.65239170e-02
  5.21538705e-02 -1.57016926e-02  1.23816177e-01  9.05679315e-02
 -4.17685397e-02 -4.57897410e-02  9.64959115e-02 -8.22062697e-03
 -1.34310201e-01 -5.26015237e-02 -1.19919382e-01  1.71309449e-02
 -7.61894658e-02 -1.87642992e-01 -1.80586621e-01 -2.95714817e-05
  5.30797616e-02 -3.53773125e-02  2.24265512e-02 -2.06220336e-02
 -3.18238139e-02 -4.51299548e-02  1.73672900e-01 -3.06831244e-02
 -1.35967404e-01 -4.97570336e-02 -2.19528209e-02 -1.45798326e-01
  6.74944418e-03 -7.66141564e-02 -1.70162231e-01  1.80436838e-02
  1.17421806e-01  4.77566868e-02 -9.29593518e-02 -1.92826509e-01
  3.16280755e-03 -2.36216355e-02 -9.65411589e-02  7.37732500e-02
 -2.72089429e-02  1.61176473e-02 -4.13938910e-02 -1.02484554e-01
  3.54274623e-02  3.61490622e-02  2.83815473e-01 -7.12488070e-02
  9.62543786e-02 -7.17040291e-03  1.36700064e-01 -6.85551241e-02
 -3.86456959e-02 -1.72362670e-01  5.71003705e-02  5.90647049e-02
 -1.07634589e-01 -1.42515644e-01  1.31742179e-01  4.58976142e-02
 -3.12853575e-01 -1.95879102e-01  5.55162020e-02  1.21874679e-02
 -7.38298595e-02 -1.15646467e-01 -2.78659724e-03  7.38159567e-02
 -1.08748078e-02 -3.94832194e-02 -1.99150331e-02 -9.34878364e-02
  2.33644005e-02 -1.04256850e-02 -1.76931873e-01 -1.28040900e-02
  1.44667653e-02 -1.14971355e-01 -1.43001005e-01  1.25569671e-01
  6.66286275e-02 -1.40139267e-01 -1.24321461e-01  4.91603538e-02
 -2.32104704e-01  6.96224719e-02  6.64719939e-02 -1.54497791e-02
  1.40292928e-01 -2.03763276e-01  1.59247201e-02 -4.40540724e-02
 -3.38654891e-02  1.15166321e-01 -1.77211512e-03 -2.09833682e-01
  6.77080974e-02  1.28140256e-01  4.60707247e-02  1.36285335e-01
 -1.98094532e-01  2.55112022e-01  4.53212522e-02 -7.25655332e-02
  2.01286692e-02 -8.93638730e-02  4.81221899e-02 -7.66803278e-03
 -1.93368345e-01 -1.12541765e-01 -1.57904297e-01  1.20255537e-01
 -3.32059860e-01  1.66005835e-01  6.31923452e-02  1.34212315e-01
  1.47207931e-01  1.18197143e-01 -6.26092702e-02 -4.62279096e-03
 -2.80454904e-02 -1.06506310e-02  5.53113781e-02 -8.59953016e-02
 -3.50623354e-02  1.02975450e-01 -4.03859951e-02  3.21296453e-02
 -3.32090519e-02  3.80537882e-02  7.86176473e-02  6.38428554e-02
  1.89357579e-01 -1.93377007e-02  4.46692221e-02 -3.22532542e-02
 -2.31366560e-01 -6.16860166e-02 -5.22524901e-02 -3.59462090e-02
  1.74782276e-02  1.09336212e-01 -3.92964445e-02 -6.33290410e-02
 -2.30203830e-02 -1.52183279e-01 -8.12170934e-03 -1.94230184e-01
 -8.07675719e-02 -2.33136460e-01  2.31678374e-02 -7.51391351e-02
 -3.63629162e-02  1.18961297e-01  2.40261212e-01  2.24307552e-01
  5.70760947e-03 -5.49760237e-02  1.48848638e-01  5.40174395e-02
 -1.19741999e-01 -9.02768448e-02  9.23021436e-02 -9.86841880e-03
  1.89985082e-01  6.28012270e-02 -1.25396281e-01 -5.00350408e-02
  1.24130577e-01  4.99507673e-02 -1.28328085e-01 -3.28774862e-02
 -1.45828009e-01  3.66055444e-02  3.89585644e-02  6.36458993e-02
 -4.20606844e-02 -5.82190752e-02 -3.85272950e-02 -6.25994802e-02
 -7.87180662e-03 -7.55466968e-02  1.05713956e-01 -1.31180078e-01
  2.57472340e-02 -1.66364722e-02  2.58658901e-02 -3.58824693e-02
 -2.90267646e-01  5.83330635e-03 -1.06776468e-01  4.11460847e-02
 -9.23119299e-03 -3.00756339e-02  2.78950036e-02  3.14165764e-02
  1.31043822e-01  8.97837281e-02  1.54589877e-01 -1.17392913e-01
 -1.15486257e-01 -8.01682845e-02 -6.85528212e-04  1.01106979e-01
 -4.99119870e-02 -9.08315331e-02 -5.84197193e-02 -1.14864297e-01
 -8.88940296e-04 -1.35848850e-01 -1.86864376e-01 -4.51663285e-02
 -3.97875831e-02 -5.03796935e-02 -3.25346179e-02 -1.41766787e-01
 -6.70044199e-02  1.06911533e-01  1.24586150e-01 -2.55850982e-02
  4.84337658e-02 -2.23023053e-02 -2.18406273e-03 -1.90726947e-02
  1.03092328e-01 -4.06706184e-02 -1.81753729e-02 -3.96321574e-03
 -1.99634716e-01  9.18145627e-02 -4.02360409e-02  2.54423283e-02
 -3.17185298e-02 -1.39651030e-01  3.82646099e-02  2.33611297e-02
 -1.83668621e-02 -1.98885351e-02  5.49449101e-02 -3.66606079e-02
  6.90302029e-02  5.17017655e-02 -2.30853721e-01 -1.33668289e-01
 -2.53562272e-01  8.65865313e-03 -3.81382182e-02  1.33480430e-01
 -2.27331580e-03  5.66275930e-03  1.26233757e-01 -5.09886332e-02
 -7.95265846e-03  5.51392063e-02  2.28223205e-01 -1.61475599e-01
  6.26527071e-02  6.50246143e-02  4.22040932e-02  3.12172472e-02
  3.57277617e-02  1.28789946e-01 -9.18049887e-02 -2.36142874e-02
  1.27476990e-01 -1.78128749e-01  1.20094270e-01  1.23398535e-01
 -5.82447872e-02  3.89729440e-02 -9.87690166e-02 -3.21009755e-02
  1.33720905e-01 -9.86038707e-03  3.03845871e-02 -3.22357528e-02
  1.06383510e-01 -3.50575484e-02 -5.67588843e-02 -1.94745839e-01
  7.81068131e-02  1.19324930e-01 -1.56448931e-01 -2.02924609e-02
 -5.92408469e-03  1.61396340e-01 -1.69057801e-01 -1.94354970e-02
 -1.10491782e-01 -5.71937067e-03  1.49783557e-02  1.83523759e-01
 -1.79827120e-02 -1.77548259e-01 -4.72872332e-02  4.22403924e-02
 -6.48356974e-02  2.50005066e-01 -6.79487586e-02  1.05820313e-01
  6.42542168e-02 -9.00789648e-02  2.00194806e-01 -1.17346868e-02
 -8.32907185e-02  1.48499891e-01  1.65915284e-02 -4.34237234e-02
  3.22110802e-02 -4.46685515e-02 -5.17118536e-02 -6.12527318e-02
 -4.90735471e-02  1.73064098e-02 -4.23781462e-02 -3.31022330e-02
 -2.63664693e-01  4.62134974e-03  6.97751343e-02 -1.55988503e-02
 -1.07337430e-01  2.98395604e-02  3.85784151e-05 -9.42663029e-02
  1.53460622e-01  1.67418942e-01 -8.56839642e-02 -1.40299127e-01
  1.60705745e-01 -1.16406277e-01 -1.57533929e-01  1.09663293e-01
 -3.69452462e-02 -2.84312159e-01 -1.21734671e-01  8.48522857e-02
 -2.17717029e-02  3.39524090e-01 -1.16194949e-01 -2.86000341e-01
  9.54625756e-02  1.56953990e-01  3.00807536e-01 -8.45525265e-02
 -6.07199362e-03 -1.31712109e-01 -7.03001302e-03 -3.73215169e-01
 -1.22647211e-01 -2.80561317e-02  1.41493127e-01  5.12808561e-01
  1.20350048e-01 -1.71165878e-03  9.18735266e-02 -2.49584034e-01
 -1.26781568e-01  4.31937315e-02 -7.83207342e-02  1.02958515e-01
 -7.04395398e-02 -1.57995135e-01  3.52669358e-02  2.22579867e-01
  9.07191262e-02  1.45447236e-02 -2.34619856e-01  2.63758376e-03
 -1.83234010e-02 -1.05977193e-01 -6.54999614e-02  1.28431126e-01
  1.30217999e-01 -1.10352792e-01 -2.54892036e-02  2.97645837e-01
  5.32753244e-02 -6.45417795e-02  3.53074074e-02  1.43221840e-01
 -7.93959722e-02  1.82240028e-02 -2.13073790e-02  1.31974518e-01
  1.96839377e-01 -1.38377883e-02 -3.21270414e-02  3.06855589e-01
 -1.81103319e-01 -1.35578662e-01 -2.32781991e-01 -1.77182660e-01
 -9.89489853e-02  9.65261683e-02  1.26755804e-01  1.12196065e-01
  3.09116859e-02  1.46185309e-02  1.66684240e-01  1.05498038e-01
  5.75358979e-02  1.69501305e-01  1.80636019e-01 -8.06418508e-02
  1.40647441e-01  2.85039525e-02  8.41191858e-02 -8.21442232e-02
 -4.60933819e-02  7.86625594e-02 -1.38103470e-01 -9.71445441e-02
  1.39736580e-02  4.63720374e-02  1.20772697e-01 -5.01602404e-02
  7.57066384e-02  7.76559114e-02  9.66406763e-02 -8.11642781e-02
  2.08201203e-02 -1.23318963e-01 -7.26078600e-02  7.35445544e-02
 -9.73333642e-02  4.30854596e-02 -6.17127456e-02  2.63021708e-01
 -3.98429744e-02 -1.91584721e-01  5.40240146e-02 -1.64415073e-02
  1.34623289e-01 -3.34277935e-03 -1.28490105e-01 -2.72743180e-02
  8.98586363e-02  3.53641063e-03  1.01424746e-01 -3.88440229e-02
 -8.06394815e-02 -8.39552879e-02  8.07269439e-02  1.68777585e-01]