http://erau.edu/ontology/meme.owl#ThatsaPenisMeme
[-0.05212415 -0.11067922  0.04266546  0.02846774 -0.08381937  0.01870737
  0.12026164  0.02290543  0.00683606  0.02550961  0.19837804 -0.00756201
  0.03199967 -0.05037837 -0.10304575 -0.00119346  0.02690995  0.08669678
 -0.0562408   0.05350088 -0.06856824  0.07331435  0.10072588 -0.17321245
  0.06719398  0.00076671  0.0467224  -0.10906229  0.2437394   0.12106612
  0.04604334  0.07169215  0.04909227 -0.05131599 -0.05135533  0.12269551
 -0.05447054  0.06413515 -0.08883772 -0.1512495   0.03626323  0.23445073
 -0.20114793 -0.01453545  0.10540328  0.05304282  0.0840828  -0.0267278
 -0.02359779  0.06392311  0.0883823  -0.06341629 -0.04409785 -0.21445861
 -0.1358458  -0.04558455  0.10151456 -0.2435514   0.18093896  0.10762358
 -0.0136588  -0.0960639   0.1641227   0.12577039 -0.14678521 -0.12680742
  0.01981495  0.01598881 -0.04510282 -0.20306183 -0.17421183  0.11722075
  0.13028412  0.09501149 -0.00241705  0.08486896 -0.02475739  0.09594315
  0.18120857  0.08260851 -0.05518864 -0.13105448 -0.11901468 -0.2296091
  0.01841731 -0.02936538 -0.06926921  0.04931271  0.07698075  0.00740824
 -0.10271264 -0.2029593   0.09442385 -0.04655915 -0.10668441  0.07859245
  0.03847919  0.04788725 -0.07056919  0.0218502   0.07266761  0.03269506
  0.31060603 -0.08112924  0.0377644  -0.02706961  0.17855583 -0.0193185
 -0.03075516 -0.11065721 -0.01687082  0.12006511 -0.04606011 -0.16249652
  0.10114963  0.03076696 -0.25399098 -0.1148868   0.09203717 -0.00958526
 -0.09966958 -0.04190432 -0.06674011  0.049941    0.08371901 -0.0407737
 -0.06007131 -0.0178321   0.03309954 -0.05677253 -0.22297654 -0.05832404
  0.00585826 -0.07988225 -0.12313962  0.18773364  0.00947693 -0.03816579
 -0.15492463  0.055899   -0.29229534  0.04318247  0.14720881  0.05937463
  0.20936258 -0.23369603  0.07274187 -0.10597886 -0.04474421  0.06259383
  0.12499666 -0.04795682  0.01726156 -0.06265684 -0.07181226  0.06731826
 -0.22220315  0.15071313  0.01097892 -0.08032165  0.07042556 -0.06019398
  0.01903802  0.06716629 -0.27068144 -0.11724968 -0.07016712  0.2019492
 -0.22922991  0.1709482   0.00249629  0.1718497   0.2869668   0.20948417
 -0.01946303 -0.00602653 -0.05148353 -0.00558516  0.08128371 -0.09356111
 -0.10623313  0.04502646  0.04224831  0.0127664  -0.04954904  0.00881217
  0.09394736  0.06082776  0.08053555 -0.10524508  0.0459942  -0.06301673
 -0.12133411 -0.0476624  -0.0507306  -0.01657647 -0.00683952  0.22208422
 -0.0356156   0.02908114  0.02030412 -0.02493585  0.03829725 -0.10181581
 -0.01924856 -0.13767175 -0.00648084 -0.04326689  0.04911596  0.15233041
  0.09941509  0.10024183 -0.02225639 -0.03785596  0.05286256 -0.00306072
 -0.2160327  -0.09894516  0.13483818  0.03681094  0.17793036  0.13279513
 -0.12171271 -0.01277799  0.03999296  0.0039275  -0.13850906  0.07227243
  0.01873386 -0.01191847  0.00108939  0.00600132 -0.08878175 -0.08795943
 -0.12046164  0.00918158 -0.04724229 -0.10895018 -0.02640296 -0.08988837
  0.00853287  0.00891331  0.02327046 -0.0225508  -0.17671143 -0.1052109
 -0.07784324 -0.01813944 -0.06491148  0.12833734  0.06277421  0.04508907
  0.13217215  0.03444534  0.13773122 -0.08184225 -0.00926461  0.01018965
 -0.04517262  0.04821141 -0.08798766 -0.08907222 -0.05429666 -0.16752325
 -0.04260752 -0.104716   -0.00411445 -0.01659312  0.144047   -0.0944794
 -0.01747452 -0.10465346 -0.03531032  0.07199126  0.16055839 -0.04548011
  0.1071799  -0.00834678 -0.05465824  0.06776311  0.14053829 -0.02909418
 -0.03862127 -0.04674989 -0.12044013  0.001291   -0.12704282 -0.10294015
 -0.09844747 -0.09810927  0.12227269 -0.07232803 -0.0027659  -0.07585874
  0.06739704  0.01119072  0.15278186 -0.02763148 -0.11924358 -0.16918014
 -0.18568432 -0.00066649 -0.01000621  0.07110707 -0.03736146 -0.02412314
  0.1184187  -0.09790326  0.01585254  0.09357499  0.18899813 -0.21281238
 -0.0725055  -0.07444022 -0.01804084  0.00746151 -0.01971549  0.07083823
 -0.03163728 -0.08314606  0.08337207 -0.12233777  0.15471368  0.17148855
  0.03790485 -0.0418722  -0.06518099 -0.10849523  0.08141724 -0.06144872
 -0.00484419  0.03972102 -0.04231285 -0.14178401 -0.01186822 -0.2364617
  0.14071703  0.2130919  -0.08553398  0.01932423  0.0068613   0.09917305
 -0.06533884 -0.04576003 -0.13578899  0.02139318  0.00246307  0.18399695
 -0.04280937 -0.13531944 -0.0454491   0.0582061  -0.07438223  0.15887266
 -0.12839796  0.11849423  0.06675898 -0.01355986  0.1833038   0.02916788
 -0.05162836  0.16502596 -0.01811755 -0.08292989  0.02175406  0.02338023
 -0.01868327  0.06602132 -0.07962206 -0.01775865 -0.06250168  0.02720364
 -0.27290845  0.03028332  0.0416061  -0.09002567 -0.08814003 -0.02951528
 -0.05015399 -0.06557067  0.12868045  0.08927587 -0.0902551  -0.00101433
  0.1259416  -0.10776773 -0.07916412  0.10433786 -0.09362491 -0.12903939
 -0.05313081  0.10433943 -0.01406149  0.18265675 -0.09596904 -0.2206752
  0.11150852  0.07554948  0.17037356 -0.11432189 -0.0155471  -0.19975714
 -0.02165615 -0.19615662 -0.07571656 -0.04210215 -0.03055015  0.377312
  0.13753513  0.06838561  0.06185235 -0.23949409 -0.08771114 -0.05769509
 -0.10248696  0.11195443 -0.07901423 -0.12883525 -0.03927035  0.09364092
  0.09061126 -0.04839608 -0.1224295   0.06563583 -0.01623524 -0.07825652
 -0.10021413  0.02737796  0.13779482 -0.02658137 -0.04880155  0.15989971
  0.12407683 -0.01062789  0.2118723   0.14731653  0.03664896 -0.03387541
  0.05256872  0.06202981  0.00685228 -0.02287801 -0.06898824  0.20111749
 -0.17817506  0.01847003 -0.08239778 -0.04776178  0.01223309  0.10095596
  0.08915083  0.10553849  0.11279546 -0.07825892  0.26486146  0.06096673
  0.04827629 -0.02075818  0.08467542 -0.01618783  0.21176474  0.09708757
  0.06638861 -0.1675844  -0.00520128  0.17156745 -0.0132465  -0.10546667
 -0.03128488 -0.01233208  0.16926159 -0.04971925  0.20117693  0.12319136
  0.06421952 -0.0531115   0.06246664 -0.02514045  0.0699727   0.11120795
  0.03739594  0.04804298 -0.11886486  0.26821256 -0.09872601 -0.12025619
 -0.02473529  0.01422471 -0.05655743 -0.03502604 -0.06858752 -0.00708882
  0.06046232  0.14591286  0.03187371 -0.00675116 -0.05132652 -0.07908317
  0.03024414  0.03310146]