http://erau.edu/ontology/meme.owl#NiveaWhiteIsPurityAdMeme
[-0.12199689 -0.14110911  0.06438237  0.06604842 -0.08130706  0.02339252
  0.08249215  0.02670994 -0.03622673 -0.12226055  0.090164   -0.01278256
  0.14317991 -0.10984182  0.01409722 -0.09084396  0.08117993 -0.00418814
  0.06000799  0.0486308  -0.17499958  0.11719654  0.0698279  -0.09233671
  0.07887282  0.02800176  0.00917968 -0.07221479  0.4142813   0.22738044
  0.09523211  0.17024082 -0.05913429 -0.07506731 -0.07986721  0.11561031
 -0.07194807  0.11686032 -0.0454268  -0.16420455  0.11805153  0.21345444
 -0.12139558  0.09671609  0.1653477  -0.10352366  0.0489833  -0.00849789
 -0.06308137  0.1378763   0.01340083 -0.04466442 -0.07402205 -0.15224138
 -0.08772363 -0.14779381  0.21150023 -0.10310285  0.26432517  0.0317666
 -0.02549749  0.00626179  0.13403505  0.05417401 -0.0731997  -0.02918558
  0.10128895 -0.09171489 -0.08238451 -0.1572569  -0.11022513  0.0829304
  0.03472183 -0.114369    0.09949274 -0.03049849  0.04804266  0.11400869
  0.2404088   0.01116088 -0.11014511 -0.03564191  0.02773766 -0.19081314
  0.09735998 -0.01558877 -0.08499991  0.16315286  0.12006581 -0.00957982
 -0.07777051 -0.12024383 -0.02599824 -0.20388345 -0.04371508  0.09999659
 -0.02249405 -0.05116471 -0.05826507 -0.08985545  0.16459516  0.10781355
  0.31263864 -0.15378293 -0.10191686 -0.05161614  0.14001167 -0.03856716
 -0.1290684  -0.1404559  -0.0444783   0.01399166 -0.18468492 -0.05424729
  0.07114274  0.1323803  -0.2735417  -0.19375032  0.070764    0.05348391
  0.08582483 -0.14723165 -0.15953247  0.01436396 -0.03923344 -0.08248995
 -0.08469494 -0.07915246  0.03386965  0.01832111 -0.23453978 -0.05492883
 -0.11105473 -0.07064047 -0.15239678  0.15291034 -0.07321551 -0.09920813
 -0.0796726   0.14273624 -0.19343774 -0.00810875  0.15792248 -0.01809366
  0.12844992 -0.31528574  0.09094755 -0.00516972 -0.12937403  0.04765823
  0.03238853 -0.172213    0.02060723  0.09682026 -0.01379672  0.09845652
 -0.08968526  0.24444573  0.09366429 -0.09075453  0.07764652 -0.00528418
  0.15852913 -0.01900939 -0.3412022  -0.1137057  -0.00914332  0.12002826
 -0.2917759   0.20343949 -0.02329341  0.08635713  0.28415248  0.10207419
 -0.02937339  0.11262236 -0.12498803 -0.03090717  0.01535321 -0.09986966
 -0.07815947 -0.01297493 -0.05488797  0.10646116 -0.17052396  0.0181773
  0.07730603  0.00917245  0.22687061 -0.08310754 -0.03170426 -0.08267786
 -0.18204677 -0.01371643 -0.00848151 -0.03778827  0.0432942   0.14129443
 -0.09572234 -0.03364046  0.00044447 -0.06025229 -0.00288325  0.01201211
 -0.01733365 -0.26255134  0.0414537  -0.10571435  0.08691537  0.09653382
  0.22073403  0.11198639  0.09183118 -0.01546243  0.02800574  0.15893333
 -0.05373695 -0.12791155  0.05962363  0.10939553  0.18166265  0.10994431
 -0.04782913 -0.01440028  0.05709175  0.06337322 -0.1620609  -0.03126797
 -0.09343734  0.01272816  0.0043419   0.05289425 -0.10864464 -0.05415414
 -0.13594668  0.02997757 -0.01776383 -0.10177766  0.05836112 -0.07097641
  0.02768962 -0.04293772  0.07173807 -0.08446288 -0.26380065  0.04000323
 -0.05757269 -0.01925096 -0.00892725 -0.08808921  0.12169163 -0.052428
  0.12824394  0.05515521  0.10435331  0.0296166  -0.1821586   0.01443777
  0.06514096  0.03395909 -0.11185709 -0.1168771  -0.01741247 -0.16994871
 -0.02993581 -0.17382278  0.06550029  0.06100665  0.06405504 -0.18148984
 -0.01533387 -0.18663009 -0.1119767   0.04047293  0.07879765 -0.06203932
  0.06487318 -0.00974008 -0.04973352 -0.06067884  0.09014035  0.06283106
  0.0232139   0.0159566  -0.14817533 -0.0457259  -0.19284262  0.1010414
 -0.03095449 -0.23494919  0.0621376  -0.10981932 -0.00742823  0.0167532
  0.01480726 -0.04171392  0.08013678 -0.01651571 -0.19252829  0.02483424
 -0.19969171  0.03999722  0.00722263  0.13458507 -0.03398858  0.01254087
  0.22325759  0.01225215 -0.009872    0.05296955  0.29570985 -0.20324779
  0.03758739 -0.02241089 -0.00974136 -0.06746413 -0.01610959  0.15951063
 -0.00546779 -0.03684878  0.10843183 -0.08498155  0.12067277  0.1898361
  0.06571948 -0.01527164 -0.11592698  0.0326752   0.06383502 -0.13357252
 -0.00731352 -0.12171235  0.05845653 -0.12086974  0.0009663  -0.21524115
  0.0688686   0.11593849 -0.03256737  0.111563    0.07089627  0.14184548
 -0.11314626  0.00207985 -0.18381138  0.06797241  0.00502301  0.06427384
 -0.13668838 -0.04294961 -0.01862087 -0.03253707  0.00512213  0.18580903
 -0.09080646  0.04665073  0.11695832 -0.02311463  0.13248482 -0.02123366
 -0.07407661  0.19730479  0.07721273 -0.09341586  0.04637724  0.05469856
 -0.05439857 -0.07742361 -0.04182062  0.06762541 -0.18102957 -0.03106415
 -0.28309304  0.02230536  0.09398538 -0.0249844  -0.07317193  0.02444795
 -0.00917599 -0.05423398  0.13164075  0.1167278  -0.04825095 -0.07316432
  0.09187654 -0.16356614  0.0013372   0.06895307  0.07430824 -0.02904587
 -0.05587168  0.09592182  0.02107004  0.18610102 -0.06116853 -0.21029608
  0.08970033  0.04237227  0.35055786 -0.14160469 -0.10847326 -0.17581221
 -0.03054303 -0.19075195 -0.19661643 -0.13730046  0.01066108  0.34531233
  0.16041073  0.04812382  0.1461046  -0.17754504 -0.10511059 -0.11764261
 -0.13883717  0.22901198 -0.16484964  0.00140994 -0.05573229  0.05409075
  0.21611872  0.09410926 -0.19230078  0.00634182  0.1674334  -0.0215581
 -0.08360078  0.06480005  0.19377798  0.0212801  -0.0937811   0.21309507
  0.08230498  0.02763886  0.19557272  0.18731081  0.06382852 -0.05019774
 -0.10551176  0.09509768  0.1734243  -0.00688846 -0.12146524  0.16945052
 -0.2270152  -0.05087985 -0.20828466 -0.1439881  -0.13938716  0.09238791
  0.1731603   0.17091356  0.10536472 -0.00845619  0.16411845  0.06425101
  0.03632242 -0.07943363  0.08278023 -0.0009973   0.21440989 -0.00131071
 -0.00919799 -0.06323481  0.01708428  0.0943832  -0.05964357 -0.23802823
  0.06444668 -0.06244218  0.00076843  0.01016701 -0.00439706  0.05392734
  0.05605052 -0.1478615   0.04283782 -0.06882339 -0.1014683   0.06209186
 -0.203732    0.04232408 -0.04620419  0.2422548  -0.02996366 -0.07623617
 -0.06103768  0.1711426  -0.00110865  0.00947303  0.00217591  0.1058737
  0.06103616  0.0615191   0.05089835  0.0336185   0.01765076 -0.05519471
  0.07467893  0.01602996]