http://erau.edu/ontology/meme.owl#Meat3AMMeme
[-2.10937798e-01 -1.21911600e-01  3.56517769e-02  1.07427441e-01
 -5.87384179e-02  3.21312509e-02  5.83404228e-02  1.75841853e-01
  2.71466579e-02 -1.12742841e-01  1.47923440e-01 -9.46884528e-02
  8.60730112e-02 -6.95591718e-02 -5.98110370e-02  3.30063105e-02
  9.86149758e-02  8.35249200e-03  8.52015465e-02  3.45392302e-02
 -1.17458433e-01  1.47511497e-01  8.12648758e-02 -1.30540460e-01
  1.75065339e-01  7.49851763e-02  1.47283122e-01 -1.39811963e-01
  2.17671469e-01  2.42760807e-01  1.35060819e-02  9.66231972e-02
 -5.28281219e-02 -1.08662367e-01 -3.74948196e-02  2.13661402e-01
 -8.48385543e-02  6.75362200e-02  3.88087593e-02 -1.91254437e-01
  7.33446777e-02  1.82175562e-01 -3.72734293e-02  6.56244010e-02
  1.95666015e-01  5.66840619e-02  2.73304451e-02 -4.60122945e-04
 -3.67554016e-02  1.11850105e-01  5.75131290e-02  3.92173044e-02
 -1.89472109e-01 -4.12695222e-02  3.09740547e-02 -3.61560024e-02
 -1.54112317e-02  3.53912897e-02  1.04325086e-01  4.50688861e-02
 -3.40064615e-02 -4.52139974e-02  8.00987035e-02  2.61695571e-02
 -1.23819858e-01 -1.61849279e-02  6.24378845e-02 -1.94561873e-02
 -1.15282409e-01 -2.55564481e-01 -2.40098029e-01  1.11440115e-01
  7.72101507e-02 -5.79218641e-02  5.29494546e-02  1.51333407e-01
 -8.78280252e-02  8.83017331e-02  1.31666064e-01  8.08639638e-03
 -7.43722320e-02 -6.54455498e-02 -3.03165149e-02 -1.71900883e-01
  1.34631753e-01 -1.16856515e-01 -1.05999857e-01  1.28689408e-01
  1.66648969e-01 -1.67148579e-02  2.33617169e-03 -2.20016912e-01
  1.69611111e-01 -2.19554782e-01 -9.53666717e-02  9.89874676e-02
  5.30278608e-02  1.75739266e-02 -3.49263735e-02 -5.78423664e-02
  1.14140801e-01  7.02187972e-05  3.63789141e-01 -1.22906193e-01
 -3.05167250e-02 -1.36783019e-01  1.29476428e-01 -7.77636990e-02
 -1.12849787e-01 -2.39004359e-01  9.64156836e-02 -6.76056221e-02
 -1.66963220e-01 -2.07092881e-01 -6.60987869e-02  1.67191058e-01
 -3.05730462e-01 -3.43533121e-02 -1.03662694e-02  1.61725152e-02
 -6.53762789e-03 -2.08989844e-01  4.26347144e-02  9.23709720e-02
 -9.17613041e-03 -1.44989893e-01  2.08548047e-02 -7.23928511e-02
  5.32547161e-02  9.93701592e-02 -9.91726369e-02  6.48020282e-02
  9.12583154e-03 -1.11485973e-01 -1.50463834e-01 -1.63884591e-02
 -3.14019807e-02 -1.75690964e-01 -1.48610994e-01  1.03753358e-01
 -2.25876212e-01  1.29872924e-02  5.36677055e-02 -7.94597641e-02
  1.50466606e-01 -3.26423943e-01  2.01943051e-02 -6.79399520e-02
 -6.84118643e-02  1.21009655e-01 -6.75831409e-03 -6.53743669e-02
  4.85492200e-02  2.40915641e-01  5.08510210e-02  8.61077309e-02
 -9.11202952e-02  1.49081245e-01  6.36423081e-02  8.23013633e-02
 -1.11614391e-02 -1.39745876e-01  1.35804400e-01 -1.46632791e-01
 -7.68426582e-02 -1.17478758e-01 -1.24515267e-02 -4.44053262e-02
 -3.57773095e-01  1.29722252e-01  4.60649021e-02  1.52264684e-01
  1.54884800e-01  1.88440233e-01 -1.00408629e-01  6.24072142e-02
 -4.03460227e-02 -1.86465830e-01  3.17605771e-02 -1.10735372e-01
  5.46426289e-02  1.68113098e-01 -1.78039707e-02  1.23660021e-01
 -4.29840535e-02 -4.72931936e-02  1.60544030e-02 -2.06397753e-03
  3.41669738e-01 -9.28380340e-02  9.19379964e-02 -3.84043083e-02
 -1.98136255e-01  1.40061937e-02  2.80715600e-02 -3.73970605e-02
  3.56140882e-02  4.69824262e-02 -2.89585013e-02 -6.75913179e-03
 -1.00157633e-02 -5.71416132e-02 -1.40096704e-02 -1.19687237e-01
 -2.87141856e-02 -2.04048634e-01 -5.91838136e-02 -5.44559658e-02
  4.37239483e-02  3.55700552e-02  1.99556768e-01  1.59267068e-01
  2.43418361e-03 -1.69171512e-01  1.20418161e-01  8.39965492e-02
 -1.09142676e-01 -1.31999388e-01  1.12960167e-01  9.92126018e-02
  2.87109371e-02  1.14058610e-02 -1.86750889e-01 -9.92765203e-02
  6.91803079e-03  1.05352394e-01 -1.17302313e-01 -4.97286394e-02
 -6.40892908e-02  1.55994147e-02  1.16847321e-01  5.70428744e-02
 -9.66319591e-02 -6.48121834e-02  7.32849240e-02 -5.71233220e-02
  5.89356124e-02  3.44135612e-02  1.92052089e-02 -8.36528987e-02
  6.85926303e-02 -7.47019351e-02  8.65680575e-02 -5.60452566e-02
 -2.21582264e-01  5.47715947e-02 -5.71309999e-02  4.57064919e-02
 -1.98384486e-02 -8.11909512e-02  4.94572110e-02 -4.11698148e-02
  1.39438897e-01  1.34868801e-01  1.41100988e-01 -3.15333940e-02
 -1.12093717e-01 -7.53555223e-02  1.37805134e-01  1.00550868e-01
 -4.19035070e-02 -5.76016456e-02  5.40545546e-02 -4.38738801e-02
  1.50753632e-02 -2.57916808e-01 -1.52741089e-01  2.07386985e-02
  7.03018010e-02 -8.21138695e-02 -1.67703610e-02 -9.54485387e-02
 -1.68239519e-01  1.39918834e-01  8.38331953e-02 -4.35589403e-02
  7.01596588e-02 -5.13619520e-02 -5.05292742e-03  7.21954629e-02
  1.55344224e-02  1.26629788e-02  5.98358400e-02 -3.40269320e-02
 -1.80359274e-01 -3.44392285e-02  6.86046714e-03  1.49132788e-01
  1.32494988e-02 -2.12779924e-01  6.09910768e-03 -3.80563438e-02
 -5.84960133e-02  8.32383260e-02  4.26014652e-03  3.57609764e-02
 -3.74819115e-02 -6.53639883e-02 -1.17587641e-01  4.20884416e-02
 -1.70138881e-01 -5.08557856e-02 -3.21567170e-02  1.81930467e-01
 -5.58400992e-03 -9.06681791e-02  1.95216849e-01  1.73249058e-02
 -5.62084317e-02  1.68618053e-01  2.30259299e-01 -1.68223828e-01
  5.18569611e-02  2.14659244e-01  6.65936321e-02  7.00409710e-02
 -3.04190647e-02  7.82567933e-02 -2.91571543e-02 -6.38856599e-03
  2.32271284e-01 -1.35396168e-01  1.78290948e-01  7.91700929e-02
  2.90521812e-02 -8.24760869e-02 -2.12223396e-01  3.62144336e-02
  4.01151553e-02 -7.99860433e-02 -2.68020835e-02  5.80378063e-03
  7.99374357e-02 -7.97556266e-02 -1.86770082e-01 -2.71511197e-01
  1.03799716e-01  3.30884904e-02 -2.04530507e-01  1.60843268e-01
  8.97419453e-02  1.28601789e-01 -4.98424768e-02 -2.29846016e-02
 -2.41531581e-01  4.21575904e-02 -8.83035287e-02  1.30661681e-01
 -1.26595736e-01 -1.47025034e-01 -3.42553519e-02  9.72777605e-02
 -7.50324130e-02  2.95760632e-01 -1.51560470e-01  5.75240441e-02
  3.18816677e-02 -2.07918361e-01  1.20884567e-01 -3.29876058e-02
 -1.89407259e-01  1.14974573e-01  7.13201687e-02 -4.40785214e-02
  3.35094444e-02  4.01033498e-02 -2.94666495e-02 -8.94795284e-02
 -6.52409345e-02  4.65645455e-02  1.07337274e-01  2.87833735e-02
 -2.08791539e-01  7.69649493e-03  1.49666190e-01 -8.54675397e-02
 -2.00026318e-01  3.01038697e-02  4.98901308e-02  5.32826558e-02
  9.00605321e-02  9.58838090e-02  3.48808505e-02 -1.44698754e-01
  1.08265162e-01 -1.10257037e-01 -3.15120001e-03  1.10209785e-01
 -7.48642255e-03 -1.00270674e-01 -1.32812873e-01  6.08807839e-02
  8.03896338e-02  1.57690451e-01 -5.86068295e-02 -1.45014554e-01
 -1.12997107e-02  1.23733006e-01  1.31934941e-01  3.37994397e-02
 -2.28319764e-02  2.86076665e-02  5.38001209e-02 -2.56490260e-01
 -2.25759357e-01 -1.35905957e-02  8.51933956e-02  2.37015501e-01
  1.34468168e-01  2.06046611e-01 -1.27332695e-02 -2.39336491e-01
 -1.36162177e-01  2.69541349e-02 -2.88607478e-02 -4.11987230e-02
 -6.83679655e-02 -1.34479538e-01 -1.05244778e-02  1.94739610e-01
  1.66463867e-01 -4.28548141e-04 -9.06335041e-02  1.46681622e-01
 -3.05620190e-02 -1.03101902e-01 -4.81400341e-02  2.38990054e-01
  1.74167097e-01 -1.51623920e-01 -1.14956848e-01  2.37276360e-01
  1.38111049e-02 -1.37009531e-01  1.06992498e-01  1.67975888e-01
  3.64718921e-02  3.45696881e-02  9.22029614e-02  1.32173404e-01
  2.30128899e-01 -3.51032577e-02 -1.59561440e-01  2.96050310e-01
 -3.17245096e-01 -1.59616798e-01 -2.69225538e-01 -1.54726580e-01
 -2.13336915e-01  1.27208069e-01  1.87268406e-01  1.20297693e-01
  3.34632546e-02  3.57557065e-03  2.09051162e-01 -6.27753139e-02
 -3.52459177e-02  7.52745569e-02 -2.34356169e-02 -1.46247251e-02
  1.67233676e-01 -6.15039235e-03  1.33493155e-01 -9.65269133e-02
 -9.05215070e-02  1.62183991e-04 -9.69014540e-02 -1.61210135e-01
  6.11143000e-03 -3.45441364e-02  1.86840579e-01 -1.55296788e-01
  1.61538780e-01  1.72633514e-01  1.14111096e-01 -2.45286867e-01
  1.41978040e-01 -1.47456035e-01 -1.46308407e-01  1.11502670e-01
 -1.60354003e-01 -7.75503218e-02 -2.15711772e-01  4.89723593e-01
 -1.31405309e-01 -2.35467881e-01  8.77960473e-02  3.97290140e-02
  5.47886752e-02  4.06334437e-02 -8.80769342e-02 -4.12333831e-02
  1.03279106e-01 -2.15031230e-03  1.17794476e-01  2.84221843e-02
 -1.57107770e-01 -8.63269717e-02  2.52688285e-02  2.18329459e-01]