http://erau.edu/ontology/meme.owl#UnhelpfulHighSchoolTeacherMeme
[-1.78634655e-02 -6.89347163e-02 -7.62700588e-02  5.87237775e-02
  3.39578465e-02  5.26123308e-02  4.40191058e-03  6.13382123e-02
  2.63810623e-02 -1.10037830e-02  3.50390822e-02 -9.23856348e-02
 -1.12966269e-01 -8.36260393e-02 -1.12128451e-01  5.13855405e-02
  8.12502801e-02 -6.86941743e-02 -3.70713808e-02  4.18431684e-02
 -2.33414948e-01  3.10469549e-02  8.96974280e-02 -1.15682513e-01
  1.42532468e-01 -1.08362086e-01  3.48645337e-02 -3.83983888e-02
  1.87146738e-01  2.00477079e-01  9.96868908e-02  1.14710722e-02
  9.44611356e-02 -2.58399621e-02 -7.65792152e-04 -2.40994990e-02
  2.99668172e-03  7.31668025e-02 -2.83078346e-02 -5.62012680e-02
  6.83186054e-02  2.39144653e-01 -7.18698055e-02  1.38497853e-03
  1.00354277e-01  8.22469294e-02 -8.11205879e-02 -1.79331630e-01
  5.13745770e-02 -5.76989911e-03  3.76229174e-02  2.67615095e-02
  3.89707349e-02 -6.38750866e-02 -1.45290330e-01 -1.13020211e-01
  6.23495020e-02 -3.24837826e-02  1.74598113e-01  4.81081605e-02
  1.54166684e-01 -8.88482779e-02  1.35761216e-01  5.66877276e-02
 -4.62186560e-02 -9.83232334e-02  3.80252227e-02 -3.77299897e-02
 -7.17493668e-02 -1.24790043e-01 -5.03581315e-02 -2.73182821e-02
  1.87758848e-01  5.57922237e-02  2.76682936e-02  1.09608874e-01
 -8.72474238e-02  7.41320848e-02  8.13889802e-02 -1.24664418e-02
  5.71679994e-02 -1.30115196e-01 -7.59247085e-03  4.91160993e-03
  7.00678825e-02 -1.32655129e-01 -2.69759335e-02 -8.91200528e-02
 -1.12882452e-02  5.03047332e-02 -1.02272534e-05 -1.35035932e-01
  1.03381678e-01 -1.01548500e-01 -4.86025997e-02  5.39378710e-02
  1.23361209e-02 -4.49794903e-02 -5.15197776e-03 -1.38593212e-01
  1.17435545e-01  2.47114412e-02  1.12491407e-01 -4.96695749e-02
 -2.71550217e-03  3.18609551e-02  1.00469880e-01 -3.46306600e-02
 -7.68204629e-02  2.23244373e-02  9.35697579e-04  1.25808734e-02
  8.15011188e-03 -9.12890658e-02  2.50066929e-02 -2.04901900e-02
 -1.96086228e-01 -1.43686578e-01  2.08777133e-02 -4.78157252e-02
 -4.24970724e-02  5.09666875e-02 -1.17244370e-01  1.03483669e-01
  1.52770638e-01 -1.69337451e-01 -6.86849356e-02 -2.70941649e-02
 -1.15226038e-01 -4.77535091e-02 -1.76201433e-01 -1.39047008e-03
 -5.95276169e-02 -7.30334893e-02 -1.18476219e-01  5.41850589e-02
 -7.20268162e-03  2.21115723e-02 -2.47188523e-01 -5.89785129e-02
 -1.97333187e-01  3.02487724e-02  6.62353560e-02  1.48408785e-02
  1.83204770e-01 -2.39254206e-01  3.02985106e-02  3.76005992e-02
 -1.28864393e-01  1.15191462e-02  3.44479792e-02 -4.42147739e-02
 -1.12187624e-01 -3.55529897e-02 -3.70854177e-02  4.88046221e-02
 -1.17879465e-01  1.15031615e-01  2.65945140e-02 -1.65815249e-01
  7.84302223e-03 -8.82113725e-02  6.46556467e-02 -8.71998891e-02
 -1.25729725e-01 -1.20778298e-02 -6.21157028e-02  1.15959212e-01
 -2.30170563e-01  8.21122676e-02  8.04041624e-02  2.31487095e-01
  2.03139767e-01  9.59225371e-02  7.40187541e-02 -1.67236049e-02
 -6.56822771e-02  3.03430427e-02  1.79220997e-02 -6.62334934e-02
 -9.06414390e-02  1.43061042e-01 -9.05146301e-02  5.75228110e-02
 -7.02459961e-02 -9.99920145e-02  2.42275059e-01 -1.61411855e-02
  1.57581400e-02 -8.88953432e-02  1.11078739e-01  8.67748857e-02
 -1.84358895e-01 -1.23873517e-01  2.09361129e-02 -7.07668290e-02
 -6.27495050e-02  4.06691320e-02 -2.18101181e-02  3.01443320e-02
 -1.05251752e-01 -8.11653957e-03  1.90862082e-02 -6.30689189e-02
 -6.24200404e-02 -2.30487213e-01  2.21312344e-02 -1.18719451e-01
  1.30494073e-01  1.10076778e-01  1.77764758e-01  5.84770218e-02
 -7.91321993e-02 -1.11343093e-01  1.15961410e-01  3.34118642e-02
 -3.71229723e-02 -9.94783714e-02  2.03395888e-01  4.57741730e-02
  2.05159485e-01  8.71030986e-02 -1.88798845e-01  2.46507749e-02
  3.59548852e-02 -1.17642537e-01 -1.41683340e-01  7.73413777e-02
 -2.31965631e-02 -4.36872840e-02  1.16430707e-01  3.00643258e-02
 -1.40133470e-01 -2.39731774e-01 -1.60370916e-01 -3.46648321e-02
 -1.47044733e-01 -4.98483777e-02 -4.12255004e-02 -5.55841364e-02
  6.05359077e-02 -5.77850714e-02  1.74370483e-02 -3.65208760e-02
 -2.47068271e-01 -1.13528289e-01 -1.61443129e-01 -3.15173976e-02
 -4.68440950e-02  1.19303890e-01  1.16031103e-01  1.12357505e-01
  5.97628653e-02  1.64828345e-01  1.95122659e-01  3.26375477e-04
 -1.68163270e-01 -2.19789594e-02 -2.23390781e-03  4.17972282e-02
 -8.35661963e-02 -6.99634999e-02 -3.40442173e-02 -1.72995955e-01
 -1.34925380e-01 -1.02088779e-01 -5.01373708e-02  7.78102577e-02
  7.63414949e-02 -1.04980081e-01 -6.32876307e-02 -7.51925781e-02
  5.58516849e-03  1.82970181e-01  9.39607993e-02  1.22281853e-02
  6.28325716e-02 -9.44495648e-02  6.37079924e-02  8.26274380e-02
  1.25518680e-01  2.48309225e-02 -1.73521880e-02 -4.01677713e-02
 -1.32736921e-01 -4.20253798e-02 -1.42651469e-01 -3.05583645e-02
  4.93475012e-02 -4.24699001e-02  8.82362425e-02 -6.26202822e-02
  1.12692326e-01 -1.08628068e-02  2.71019451e-02 -3.41972560e-02
  1.76503137e-02 -1.11129256e-02 -9.65375826e-02 -1.13774166e-01
 -2.34560415e-01  1.72289293e-02 -7.04680756e-02  7.46823326e-02
  1.66681036e-02 -3.77855991e-04  4.69598882e-02  6.71165343e-03
 -4.96502630e-02  8.54060203e-02  1.70222163e-01 -1.80167973e-01
 -3.84935513e-02  6.89697340e-02  1.81619637e-02  5.09001575e-02
 -2.97943037e-02  1.32751390e-01  4.32429984e-02 -8.12950507e-02
  7.95674175e-02  4.05858494e-02  1.77564234e-01  3.70722786e-02
 -1.55483913e-02  1.31957114e-01  4.48570959e-03  4.30594310e-02
  2.71752086e-02 -6.86673447e-03  7.33558461e-02  1.12232631e-02
 -5.11571057e-02 -1.15038589e-01 -1.54312745e-01 -2.31776565e-01
  8.51910934e-02  7.16176033e-02 -1.75146967e-01 -6.46637380e-03
 -6.36761487e-02  1.54137999e-01 -4.03756015e-02  4.01928872e-02
 -1.00932397e-01 -4.26531844e-02  7.55023882e-02  1.31880119e-01
 -3.71474884e-02 -2.03410313e-02 -1.76813360e-02  9.33940187e-02
  7.11527281e-03  1.78067699e-01 -1.46823436e-01  3.15147229e-02
  8.99293751e-04 -1.81909800e-02  1.33101881e-01 -1.07351109e-01
 -1.05831668e-01  4.22867201e-02  6.92768544e-02 -7.26159140e-02
 -1.14618942e-01  4.80733998e-02 -1.87903300e-01  6.92904294e-02
 -1.03519849e-01 -2.16107555e-02 -3.47589478e-02  3.53463776e-02
 -3.76012236e-01  1.23820968e-01  5.48000857e-02 -1.36540622e-01
 -2.06565768e-01  7.40233511e-02 -6.39390945e-02 -6.62006736e-02
  1.14837572e-01  8.53094757e-02 -5.91298603e-02 -1.46279052e-01
  4.12549973e-02 -6.22475557e-02 -1.03313796e-01  1.61981985e-01
  5.08729741e-02 -2.54672587e-01  4.62204870e-03  9.16838720e-02
  2.53980607e-02  1.97182685e-01 -8.93966332e-02 -2.53996015e-01
  2.76725553e-02  4.27202554e-03  2.49884740e-01 -5.71522936e-02
 -6.20456226e-02 -1.76755399e-01  6.48376392e-03 -2.62002021e-01
 -2.02135772e-01  7.01007321e-02 -1.34284824e-01  2.47105628e-01
  2.18761459e-01  3.92491594e-02  1.80065669e-02 -2.17804402e-01
 -1.25454426e-01 -2.31994335e-02 -6.15756363e-02  9.70881656e-02
 -1.23410620e-01 -1.43531501e-01 -2.40408946e-02  1.73931986e-01
  6.14631586e-02  2.88541019e-02 -9.50216800e-02  6.00796267e-02
 -3.95430028e-02 -7.20731989e-02  7.80454949e-02  1.91033125e-01
  1.09528638e-01 -5.90664931e-02  4.64898534e-02  2.64156103e-01
  1.22564740e-01 -1.98629960e-01  2.74041682e-01  1.46508008e-01
 -2.48210467e-02 -3.30044813e-02  1.33831665e-01  5.71579300e-02
  1.55185252e-01  5.23734130e-02 -2.11270992e-02  2.45734006e-01
 -1.38142869e-01 -2.61701196e-02 -2.40226418e-01 -1.52637392e-01
 -7.69878030e-02  9.68167484e-02  9.25305933e-02  1.32940516e-01
  1.86402589e-01 -7.92516619e-02  3.12474072e-01  4.48638834e-02
  1.55878872e-01 -4.69809547e-02  1.06852002e-01  5.93418851e-02
  1.91106260e-01  1.36271968e-01  9.27675813e-02 -8.91653895e-02
 -1.35730609e-01  1.22119159e-01 -5.57023324e-02 -4.47481498e-02
  1.42701110e-02  1.43023983e-01  2.23939374e-01  1.16392493e-01
  2.58481592e-01  1.84383631e-01  6.12088032e-02 -6.11171573e-02
  7.77212977e-02 -5.52467182e-02 -1.19594254e-01  6.52295202e-02
 -5.57377562e-02 -2.17981301e-02 -2.21914761e-02  1.59805864e-01
 -1.91988703e-02 -1.49791688e-01 -5.23116775e-02 -8.15938786e-02
 -1.06913559e-02  6.38654688e-03 -2.02841043e-01 -2.43526623e-02
  5.84392846e-02 -1.07124634e-02 -2.01762468e-02  5.99748343e-02
 -1.04278401e-01  3.40509638e-02  1.29028574e-01 -3.42116505e-02]