http://erau.edu/ontology/meme.owl#LimberbuttMcCubbinsMeme
[-1.47369698e-01 -2.12055311e-01 -4.56684211e-04  5.46845272e-02
  9.24427342e-03  5.03035486e-02  9.47748646e-02  9.46981832e-02
 -3.44880112e-02  1.31567409e-02  5.40222712e-02 -1.35199845e-01
 -1.72836222e-02 -7.68137425e-02 -6.68999776e-02 -5.40808076e-03
  8.74422956e-03  1.16829976e-01  1.12222552e-01  4.87646461e-02
 -2.20012799e-01 -1.06428619e-02  7.50368927e-03 -3.09577975e-02
  1.14451364e-01  1.26088366e-01  5.78226596e-02 -5.96418492e-02
  2.47648343e-01  2.29281530e-01 -3.18521634e-02 -2.47272616e-03
  1.15648046e-01 -3.32940482e-02  7.91965751e-04  3.16072181e-02
 -1.60723869e-02 -1.69544807e-03 -7.26922974e-02 -1.12922162e-01
  1.98533386e-01  1.83565304e-01 -3.76191549e-02  1.38912022e-01
  9.79553610e-02 -8.65927152e-03  2.48802025e-02 -2.30429262e-01
  6.24347962e-02  3.02583212e-03 -3.92079055e-02 -4.57758717e-02
 -2.10586302e-02 -1.86911047e-01 -7.19564110e-02 -1.37085721e-01
  7.19437525e-02 -5.30905463e-03  1.68596268e-01  8.44887644e-02
 -1.87022947e-02 -4.33083251e-02  9.75153670e-02  7.66302496e-02
 -1.34699777e-01 -1.08696692e-01 -5.01261614e-02 -7.75793120e-02
 -3.16974856e-02 -1.44289926e-01 -1.08334258e-01 -8.11817646e-02
  2.88064461e-02  4.84071113e-03  1.83099583e-02  4.67689186e-02
 -1.70097858e-01 -1.09787703e-01  9.23153460e-02 -1.91757921e-02
 -1.64650366e-01 -1.37138873e-01 -6.99453875e-02 -9.71219838e-02
  6.18555993e-02 -1.27974197e-01 -1.15930974e-01  1.42239006e-02
  1.18777147e-02  7.80073777e-02 -6.17963821e-02 -2.56916344e-01
  2.31873989e-02 -1.11961374e-02 -4.54936512e-02  1.28120735e-01
 -2.10554097e-02  6.52888715e-02 -3.98028716e-02 -1.35849684e-01
  6.25586137e-02  1.74948260e-01  3.08657616e-01 -8.90118256e-02
  1.22936383e-01  1.05643690e-01  2.61751711e-01 -1.23127036e-01
 -6.85117692e-02 -1.05868511e-01 -9.95678734e-03  1.33086398e-01
 -5.70907481e-02 -2.44832784e-02  7.80532733e-02  1.22279441e-02
 -3.73750836e-01 -3.70502889e-01 -4.29061279e-02  1.94981955e-02
 -1.28982604e-01 -2.30525546e-02  4.83919419e-02  1.11281104e-01
  8.39923993e-02 -6.02980852e-02  1.75564624e-02 -1.29377112e-01
  4.85554188e-02 -2.85211019e-02 -2.16939628e-01 -1.72112845e-02
 -3.75498878e-03 -5.68828434e-02 -1.08677268e-01  1.08636588e-01
  7.94506818e-02 -1.17141083e-01 -2.07136706e-01 -2.88841818e-02
 -2.87179619e-01  1.31899863e-01 -1.81231985e-03 -3.93356308e-02
  2.83025146e-01 -8.27770084e-02 -6.28378838e-02 -6.52948841e-02
 -1.59357548e-01  5.02180532e-02 -2.28044186e-02 -2.18479663e-01
 -2.57669333e-02 -4.93027084e-03  8.17393288e-02  1.80445030e-01
 -1.88994303e-01  1.56890422e-01  8.06510374e-02 -1.30388081e-01
  1.33009687e-01 -1.44189671e-01 -3.22176963e-02 -3.73416953e-02
 -1.62008673e-01 -5.58334179e-02 -1.49524420e-01  1.92429319e-01
 -3.09952855e-01  1.84709713e-01  6.90784454e-02  1.99496120e-01
  1.30293906e-01  1.48221195e-01 -3.39987390e-02 -9.30134058e-02
 -8.36688131e-02  7.05495104e-02  1.16804555e-01 -7.74558112e-02
 -1.15842178e-01  1.43141270e-01 -3.15817259e-02  2.29742248e-02
 -1.34270400e-01  4.54372205e-02  2.71030907e-02  1.16889015e-01
  1.12529419e-01  4.23913039e-02  9.83344540e-02  3.50612439e-02
 -2.12683335e-01 -6.90753087e-02 -1.08176963e-02  9.49467160e-03
 -9.53164771e-02  1.60475403e-01  2.04117317e-02 -3.97127047e-02
 -4.94761765e-02 -1.63476542e-01  1.12266913e-01 -1.46674380e-01
 -1.63589671e-01 -2.69376725e-01  1.34823442e-01 -1.09325849e-01
  2.13093795e-02  1.22838803e-01  2.89426237e-01  2.01027945e-01
 -3.82820889e-02 -6.36072531e-02  1.35060847e-01 -3.75310406e-02
 -9.22686309e-02 -1.27362058e-01  1.16698638e-01  4.79068421e-02
  2.47843727e-01  1.55455872e-01 -1.56545103e-01 -2.38083899e-02
  1.57614112e-01 -1.10973895e-01 -1.76655173e-01  2.54303962e-02
 -1.26367316e-01 -1.23902671e-02  1.05262637e-01  4.14587632e-02
  3.82386148e-02 -2.21884966e-01  2.18277760e-02 -5.93991056e-02
 -7.18519464e-02  3.51605332e-03  1.24651141e-01 -1.37619868e-01
  2.38790121e-02 -2.27493402e-02  2.96728499e-02 -5.27856275e-02
 -3.20131510e-01 -7.20324889e-02 -1.86584711e-01  5.79081699e-02
 -3.04444414e-02  7.42917415e-03  9.17329043e-02  8.28686357e-02
  1.26291901e-01  6.92109019e-02  2.19993427e-01 -1.01255141e-01
 -1.41910374e-01 -6.68898001e-02 -1.14896260e-02  1.84963122e-01
 -1.63164750e-01 -1.15215652e-01  3.46806273e-02 -1.93277091e-01
 -1.28507555e-01 -1.51198730e-01 -1.45778924e-01  6.70700520e-02
  2.78991442e-02 -1.21734068e-01 -3.82069312e-02 -1.58319011e-01
 -8.60609189e-02  1.17295526e-01  3.24531458e-02 -3.71529348e-02
  7.84035996e-02 -2.72640027e-02 -6.41471520e-02  8.50492120e-02
  1.80130184e-01 -4.45276499e-02 -7.98569396e-02 -6.84888735e-02
 -1.85170308e-01  1.43573985e-01 -5.27570359e-02 -7.23547935e-02
  7.85518810e-02  2.03559045e-02  2.36143135e-02 -2.98522469e-02
  7.36905485e-02 -5.05591743e-02  1.27132479e-02 -8.96384194e-02
  1.00973487e-01  3.85173969e-02 -2.59122521e-01 -1.77150697e-01
 -2.68787265e-01  4.54433672e-02 -6.41717762e-02  4.58130911e-02
  7.10449964e-02  4.05030586e-02  9.25486907e-02 -4.90890034e-02
 -1.53907612e-02  7.67889246e-02  1.55270040e-01 -1.76804721e-01
  1.52897406e-02  5.88465594e-02  1.12233330e-02  3.46987955e-02
 -2.70744283e-02  8.86325240e-02 -5.99231524e-03 -8.50113295e-03
  7.82634988e-02 -8.81387144e-02  2.40064770e-01  3.56520303e-02
 -7.40044937e-02  1.39920548e-01 -1.31885454e-01  1.54845836e-02
  1.44884095e-01 -8.18125438e-04  1.01201892e-01 -1.71715801e-03
  1.17991924e-01 -4.55068983e-02 -5.09676002e-02 -1.70067310e-01
  4.82228883e-02  9.03560668e-02 -1.12804115e-01  5.96029721e-02
  1.16926245e-02  1.74705088e-01 -8.85040462e-02  2.43149307e-02
 -3.20953354e-02 -7.62801170e-02  5.20479903e-02  2.19336972e-01
 -1.39032165e-02 -1.85601160e-01 -1.14619158e-01  2.84622051e-02
 -1.30810142e-01  1.93245098e-01 -9.20151323e-02  1.42848805e-01
  6.59660101e-02 -8.35330635e-02  2.95323104e-01 -7.76293576e-02
 -5.09072281e-02  1.13282427e-01 -5.63655905e-02  4.36032861e-02
 -5.51798800e-03 -6.18526340e-02 -1.82079852e-01  3.36815491e-02
 -4.02103327e-02  5.13868518e-02 -8.86956081e-02 -5.06159514e-02
 -2.80927658e-01  1.26567602e-01  2.26350818e-02 -5.87381274e-02
 -5.28966635e-02  6.63638487e-02 -5.07206470e-02 -1.01160154e-01
  1.35658011e-01  2.90253490e-01 -1.39886543e-01 -1.68178856e-01
  1.34809852e-01 -9.86004341e-03 -1.25421718e-01  8.98136273e-02
  4.55678627e-02 -1.78717509e-01 -1.50985822e-01  1.31033257e-01
 -5.86556345e-02  1.73587084e-01 -1.51778713e-01 -2.22300380e-01
  1.43239982e-02  9.90693122e-02  2.16956034e-01 -6.80635571e-02
 -2.71485746e-02 -2.51757912e-02 -1.25118926e-01 -2.24273130e-01
 -5.20659611e-02  7.46097212e-05  8.07437375e-02  3.35403383e-01
  1.55219004e-01 -1.04779311e-01  2.40720719e-01 -2.90293276e-01
 -1.40826374e-01  2.04394255e-02 -8.01393986e-02  1.42227635e-01
 -1.30936235e-01 -6.32151514e-02  2.29049623e-02  1.56776890e-01
  1.14285396e-02  1.07772611e-02 -4.11742270e-01  2.50719041e-02
 -1.27503660e-03 -1.94587231e-01 -2.50182431e-02  1.28031984e-01
  1.36564180e-01 -5.73877282e-02  6.44537657e-02  2.89956510e-01
  1.83055982e-01 -1.16298884e-01  1.16975352e-01  9.98061448e-02
 -1.37678370e-01  5.79537153e-02 -1.01927981e-01  1.12789690e-01
  2.46442676e-01 -2.44664159e-02  5.92361428e-02  3.63362432e-01
 -1.53724685e-01 -2.06520092e-02 -2.65745521e-01 -2.56829947e-01
  2.40964387e-02  1.33530065e-01  6.54279515e-02  1.16594963e-01
 -8.96618981e-03  1.35396067e-02  2.23169997e-01 -3.84483440e-03
  1.12489931e-01  4.90700565e-02  1.60672173e-01 -8.55655968e-02
  1.47963434e-01  8.73024687e-02  4.78613451e-02 -3.35446224e-02
 -1.51385218e-01  6.95344359e-02 -1.91258416e-01 -3.82021442e-02
  1.57362297e-02  1.11084424e-01  7.38251209e-02  3.58457081e-02
  1.23436093e-01  9.61691141e-03  5.58483712e-02 -6.66752681e-02
 -7.67229870e-02 -1.33053675e-01 -7.00461417e-02  1.33242831e-03
 -1.29092142e-01  3.85305993e-02 -3.62028480e-02  2.91000843e-01
 -1.14727437e-01 -2.09005535e-01  2.80038491e-02 -1.06490068e-01
  1.31604970e-01 -1.90168936e-02 -2.20360979e-01 -6.44536540e-02
  4.25320454e-02 -4.81059328e-02  1.02611341e-01 -4.72581312e-02
 -8.64120573e-02 -9.97371227e-02  1.88995376e-01  1.78208530e-01]