http://erau.edu/ontology/meme.owl#ThatBoyNeedsTherapyMeme
[-0.04214234 -0.09073922  0.0065792   0.08514737  0.03074127  0.09129043
  0.09205623  0.05603825  0.10398053 -0.00337896  0.04437331 -0.07228635
 -0.10762887  0.10170314 -0.0681295  -0.0099735   0.00443967  0.05787923
 -0.08433645  0.09534665 -0.09669213  0.10029593  0.08889579 -0.10258269
  0.06045964 -0.00629032  0.04319489 -0.01466285  0.18370156  0.04570875
  0.01594334  0.20287664  0.08676716 -0.09333941 -0.03555626  0.22163957
 -0.06058275  0.05327658 -0.010511   -0.11752737 -0.03218447  0.09084929
 -0.20304735 -0.04215492 -0.05387183  0.08381256  0.05162906 -0.05338007
  0.04811451  0.0363286   0.1043593  -0.05164359 -0.1330253  -0.07869151
 -0.13857013 -0.0134807   0.05178634 -0.13376313  0.04517501 -0.03649501
  0.02225179 -0.10861746  0.0706086   0.11971808 -0.13911192  0.01167988
 -0.12663761 -0.00782572 -0.06037914 -0.17739804 -0.16207652  0.11170506
  0.04564367  0.09705565 -0.01422488  0.11970214 -0.13412103  0.04669698
  0.08118351  0.04952462 -0.0150995  -0.05623638 -0.08273409 -0.15926316
 -0.0011227  -0.01103939 -0.11563045 -0.03447078  0.06929178 -0.03077795
  0.01147997 -0.24477765  0.04780232 -0.00827797 -0.004343    0.02146839
 -0.04894154 -0.11695211 -0.15602851  0.04806721 -0.03579947 -0.00112775
  0.21660909 -0.16390559 -0.06433345  0.03228855  0.19809815  0.05684103
  0.09514572 -0.22134598  0.05348273  0.04870256 -0.01444689 -0.06769118
  0.09052477  0.12467343 -0.17147717 -0.05867982  0.1284393   0.05950955
 -0.06462743 -0.09062103 -0.08189537  0.02146348  0.09341682  0.03577286
  0.07601668  0.06277861  0.05728216 -0.0904776  -0.15899345 -0.09551237
  0.04395539 -0.1190718   0.02887104  0.2747678  -0.08290013 -0.05011223
 -0.14863639  0.04983314 -0.21788745  0.06238228  0.14516628  0.05428437
  0.11411183 -0.13476916 -0.07681528 -0.10269574  0.0250199   0.17117032
  0.01834609 -0.00803186  0.01260362  0.0456553  -0.07774571  0.00884939
 -0.10788497  0.25348726  0.02685696 -0.19781002  0.01636263 -0.18902507
 -0.03923364  0.03639274 -0.20820166 -0.05315018  0.03740204  0.12301451
 -0.23314503  0.02703753  0.07338447  0.07455846  0.16590917  0.24593894
 -0.14146292 -0.05126656  0.01984262 -0.06801286  0.04148807 -0.03067075
 -0.08286513  0.07649234  0.07618991  0.01823496 -0.01860761 -0.08754209
 -0.07557029  0.13407151  0.13589026 -0.10163898  0.04168831  0.00078733
 -0.21765351 -0.04032006 -0.08193379  0.00041431  0.06772526  0.08577337
 -0.06602309 -0.02803875  0.09354831  0.02254687 -0.00421254 -0.01628859
 -0.13055985 -0.22851424 -0.09693787  0.03085075  0.16737111  0.16348483
  0.23111084  0.1497346   0.08818376 -0.10599093  0.05892034 -0.02587366
 -0.10964929 -0.05319745  0.17274523  0.08963565  0.10625561  0.12022097
 -0.01920124  0.07259639 -0.0004013  -0.1217757   0.00890354 -0.07149053
 -0.17143336  0.00761952  0.05162095  0.0659906  -0.08004431 -0.08812495
  0.00997244  0.10043897 -0.02618372 -0.03942017  0.11152501  0.09963934
  0.00649164  0.0477494  -0.04791555 -0.06114313 -0.22090304 -0.04971731
 -0.22522783  0.08568875 -0.08191571 -0.02114848  0.03445837  0.0138133
  0.12318843  0.02925803  0.22396815 -0.08513285 -0.07163543 -0.03071255
  0.00403671 -0.02561    -0.17787923 -0.09185694 -0.00430981 -0.0167868
 -0.05987951 -0.11274419  0.04173125  0.1003411   0.16802295 -0.01208884
 -0.01988398 -0.07863336 -0.08904766  0.08570845  0.15811759 -0.07216851
  0.12136267  0.03150608 -0.06959236 -0.06656819 -0.01870947  0.1765464
 -0.11306486 -0.03602488 -0.04374509 -0.01718882 -0.15065223  0.01273847
 -0.08324889 -0.21083659  0.03750229 -0.07641596 -0.00180372 -0.02748147
 -0.01277705  0.00998867  0.17432871  0.03513616 -0.04048844 -0.09861461
 -0.12500039  0.05877363  0.07843116  0.02273432  0.01266056 -0.04990312
  0.05267238  0.02103253  0.01240923 -0.05627605  0.10837905 -0.20301916
  0.0020303   0.03787998 -0.0373325   0.08550368 -0.04003073  0.06831327
  0.01344278 -0.08713084  0.07574522 -0.13123806  0.1609228   0.24988954
  0.11507627 -0.09308859 -0.24421148 -0.05013528  0.03803293  0.09792074
 -0.05729881 -0.02347811  0.02605101  0.01722613  0.14280778 -0.1189717
  0.02223899  0.14522263 -0.00158439  0.02948114 -0.02250456  0.04892846
 -0.08179241 -0.13816774 -0.10541675  0.02784187 -0.09570703  0.03415153
 -0.01295979 -0.22540872 -0.06305053  0.12875363 -0.07000478  0.03503515
 -0.15556876  0.0599908   0.07025846  0.01833681  0.15487516  0.01393664
 -0.02498978  0.18226416 -0.16000418  0.02823915  0.10015092 -0.12678352
 -0.06128647  0.05978559  0.02525023 -0.05791379  0.03519487 -0.10906285
 -0.11239748  0.0670443   0.04960427  0.04781168 -0.07785761  0.00766334
 -0.052394    0.03396292  0.01400581  0.32752305 -0.1815539  -0.1354608
  0.12180837 -0.07590019 -0.03940975  0.09974753 -0.10675371 -0.00155604
 -0.06607237  0.08419991 -0.13134333  0.20316122 -0.01692428 -0.03521552
  0.05003682  0.03741502  0.29156107 -0.0860434  -0.04089266 -0.1750265
  0.04073037 -0.16177537 -0.00227917 -0.00138546  0.06200154  0.28158796
  0.14466031  0.03036267  0.19335115 -0.15213224 -0.11122505 -0.10893636
 -0.00041117  0.05359947 -0.06188596 -0.11874443  0.00311438 -0.02200479
  0.07988182 -0.08085962 -0.05596528 -0.06141722 -0.0533925  -0.32787782
 -0.08682942  0.11287031  0.16219053 -0.03097166  0.11595681  0.18927647
  0.08026832  0.02785429  0.11523003  0.2292064   0.11546498 -0.1803951
  0.11933052  0.18019922  0.05838867  0.01409398 -0.14414093  0.23634297
 -0.3421145  -0.15130545 -0.20393157 -0.03599434 -0.08210266  0.03587365
 -0.00883456  0.01657808  0.14133082 -0.0544228   0.14166105 -0.19197448
  0.1828043   0.05697038 -0.06871954 -0.14023873  0.08712013  0.02991893
  0.12563604 -0.07493742  0.04895952  0.13345294  0.06627741 -0.10542224
  0.00604716  0.06942545  0.1986393  -0.04830103  0.10338564  0.16267852
  0.01663123 -0.15266299  0.07403478 -0.19073954 -0.01314261  0.10991123
  0.04993304 -0.0403614   0.02304761  0.11326396 -0.2506507  -0.10465971
 -0.00133361 -0.09145226  0.1920142   0.06844262 -0.13192268 -0.05940645
 -0.04919976 -0.01764301  0.15920152 -0.09617352 -0.05480852 -0.20004728
 -0.04132467 -0.03156113]