http://erau.edu/ontology/meme.owl#XwillcomeinDLCdoublefigurenumber99Meme
[-1.40912324e-01 -1.03405565e-01  3.57298329e-02  1.08994134e-02
 -6.59525162e-03  3.60090695e-02  1.21333398e-01 -1.33788139e-02
  3.65665704e-02 -8.19224566e-02  6.03900477e-02 -9.77088213e-02
  5.25427014e-02 -7.53904581e-02 -6.58936054e-02 -1.21031906e-02
  8.16924870e-02  4.05494347e-02  7.35508790e-03  1.76769793e-01
 -6.83115050e-02  1.08272910e-01  8.43628868e-02 -1.35707796e-01
  1.26801386e-01 -4.85825427e-02  5.07236458e-02 -1.16741776e-01
  2.91083068e-01  1.12019867e-01  8.51228386e-02  1.38022617e-01
 -5.79062887e-02 -6.30454049e-02 -9.96372700e-02  1.88554510e-01
 -9.74021628e-02  1.11960664e-01 -1.88979562e-02 -9.00981501e-02
  2.25848518e-03  1.43639982e-01 -1.42607793e-01  1.30050117e-03
  7.80851915e-02  1.28560774e-02  3.44301984e-02 -1.10330861e-02
  1.69533342e-02  3.25292051e-02  1.82175748e-02 -2.00385153e-02
 -8.54464695e-02 -1.11296795e-01 -9.65099558e-02 -4.52710614e-02
  1.34041697e-01 -1.18203729e-01  1.88413456e-01 -1.96471773e-02
  8.83834157e-03 -7.30720023e-03  1.83643773e-01  4.72652279e-02
 -1.00204363e-01 -7.55768344e-02  7.49076679e-02 -7.17863515e-02
 -9.37167630e-02 -1.16937116e-01 -1.56035259e-01  1.23269945e-01
  1.22460142e-01 -3.72541770e-02  8.68581515e-03  8.21792036e-02
  3.41479555e-02  1.57474980e-01  1.67313263e-01  5.95403388e-02
 -4.46670018e-02 -3.35837752e-02 -4.48566303e-02 -2.27950394e-01
  1.08234532e-01 -3.84202488e-02 -3.26061472e-02  1.24298990e-01
  6.90784380e-02 -3.79331447e-02 -3.01828925e-02 -1.46230891e-01
  9.49414894e-02 -1.42300904e-01 -2.68946309e-02  7.61904195e-02
  5.25734015e-02 -7.88804963e-02 -1.12103388e-01 -2.26231609e-02
  9.09779668e-02 -5.11817448e-02  3.29809576e-01 -1.78604335e-01
 -3.95567119e-02 -1.76580884e-02  1.30983025e-01  3.00444686e-03
 -2.48817727e-02 -3.90605927e-02 -3.00788134e-02  3.06615531e-02
 -1.89774737e-01 -1.08168013e-01  1.17596485e-01  6.86658993e-02
 -2.84097344e-01 -1.23611011e-01  1.95526239e-02  1.13926053e-01
 -4.22321260e-02 -9.79754105e-02 -1.23722829e-01  1.86767690e-02
  2.56328098e-02 -3.85820158e-02  5.87136112e-03 -1.77949183e-02
  5.01502082e-02  6.03672750e-02 -1.63139686e-01 -7.59393796e-02
 -2.97325701e-02 -2.47347802e-02 -1.13358550e-01  7.16514438e-02
 -9.65040922e-02  3.63674411e-03 -9.29430649e-02  1.24915600e-01
 -2.30987117e-01  1.00846469e-01  1.63879827e-01  4.61662635e-02
  6.93769902e-02 -2.42967844e-01  7.70977512e-02 -4.82136086e-02
 -7.43592903e-02  1.49794295e-01  1.17685646e-03 -1.45011380e-01
  6.59823120e-02  2.34247074e-02 -4.08438481e-02  3.27743664e-02
 -1.59175128e-01  1.24196619e-01  7.37475753e-02 -1.11462988e-01
 -3.75689305e-02 -5.03839590e-02  8.53669196e-02 -6.65487126e-02
 -2.29387790e-01 -1.48511127e-01 -1.97254922e-02  1.40729249e-01
 -2.85949469e-01  1.25713319e-01  5.35916425e-02  1.09710813e-01
  1.56764537e-01  4.87100631e-02 -3.83878946e-02  3.90246920e-02
 -3.46312895e-02 -6.54160604e-02 -3.13059799e-03 -4.09151874e-02
 -3.70189585e-02  4.66874763e-02 -2.32666545e-02 -3.01428027e-02
 -8.37196782e-02  2.23742183e-02  1.16036497e-01  2.76792776e-02
  9.47812572e-02 -9.13134888e-02 -7.70016247e-03 -9.39253196e-02
 -1.66885197e-01 -7.22615272e-02 -9.92062967e-03 -3.79464701e-02
  6.26947656e-02  1.53475806e-01 -6.63126111e-02 -5.96719608e-02
  1.57712419e-02 -2.02426724e-02  2.53006537e-02  1.51655246e-02
 -3.97085734e-02 -2.68958777e-01 -4.20276411e-02 -5.05668111e-02
  7.62369111e-02  1.66360050e-01  1.71118617e-01  5.26541546e-02
  9.04107392e-02 -7.82864690e-02 -3.96483578e-03  1.32695347e-01
 -1.07470199e-01 -6.01860359e-02  2.12633491e-01  6.59923330e-02
  1.02610908e-01  8.25200528e-02 -6.84569404e-02 -3.06496285e-02
 -5.02908714e-02 -3.68557026e-04 -1.45979211e-01 -8.90387818e-02
 -1.04107484e-02  1.84321981e-02 -2.81631146e-02  5.94781339e-02
 -1.01671390e-01 -8.33911449e-02 -5.77838197e-02  5.06565673e-03
 -1.19625591e-01 -1.62463233e-01 -3.50911915e-03 -4.16042916e-02
  1.98728405e-02 -4.29022200e-02  3.23032029e-02 -6.03252985e-02
 -1.39363557e-01  1.94850061e-02 -9.16937590e-02 -6.13564886e-02
 -5.83249107e-02 -1.79449338e-02  8.68136808e-02  8.15615524e-03
  1.45222738e-01  5.99322654e-02  8.06840360e-02  2.68406309e-02
 -1.29646674e-01  3.64027135e-02  4.93721217e-02 -4.73866016e-02
 -4.09666300e-02 -1.49047166e-01 -6.40266016e-02 -1.83833301e-01
 -5.72331734e-02 -1.99844912e-01  7.86408111e-02  9.74053666e-02
  1.08380757e-01 -1.49067760e-01  1.11685563e-02 -8.70067328e-02
 -7.34238625e-02 -7.01117422e-03  1.05115697e-01 -4.04642373e-02
  4.80748340e-02 -7.11833835e-02 -1.21092193e-01 -2.10990012e-02
  8.91644359e-02  9.13032293e-02 -5.67767508e-02 -1.01916358e-01
 -1.43275663e-01 -1.72194224e-02 -1.12016261e-01  3.13926525e-02
 -2.30302233e-02 -1.51259959e-01  3.05050388e-02 -2.20470309e-01
  5.61715849e-03 -1.59527790e-02  1.40758054e-02 -7.21021648e-03
  8.99760723e-02  4.07636352e-02 -6.88727498e-02 -6.37040138e-02
 -1.38420388e-01  4.90129590e-02 -2.85316277e-02  5.63797317e-02
 -3.66985202e-02 -9.73287225e-02  1.21194348e-01 -1.75986551e-02
 -9.97861698e-02  7.08980933e-02  2.48212054e-01 -1.87454209e-01
 -5.64583689e-02  3.40900943e-02 -5.97851723e-02  9.45949182e-03
  1.68565586e-02  6.31738305e-02  8.33032839e-03 -5.56930620e-03
  8.84091184e-02 -1.62848920e-01  1.42393649e-01  2.08379865e-01
  6.12820275e-02 -1.34776011e-02 -1.08675845e-01  9.38964135e-04
  7.47939050e-02 -1.42993275e-02  3.94178517e-02 -3.76449525e-02
 -9.58604459e-03 -7.10530356e-02 -8.91878363e-03 -2.17339233e-01
  1.28435880e-01  3.19765024e-02  7.04466477e-02  3.65291201e-02
  3.64382453e-02  6.89344704e-02  3.28958258e-02 -1.62455067e-02
 -8.91409963e-02 -3.56535539e-02 -1.49314981e-02  1.11570023e-01
 -8.15984607e-02 -6.68797344e-02  2.42144931e-02  9.26997792e-03
 -5.76880947e-02  6.43578470e-02 -1.51568010e-01  5.52975498e-02
  3.30795310e-02  1.20436028e-02  1.34366080e-01 -4.39314311e-03
 -6.96402118e-02  1.16504952e-01 -1.23440940e-02 -1.66941173e-02
  4.62213866e-02  8.08809698e-02 -4.56157187e-03  2.81251576e-02
  2.65385807e-02  6.80658594e-02 -1.84473284e-02 -8.03284273e-02
 -1.19370028e-01  1.52860777e-02  4.62206826e-02 -1.64449010e-02
 -1.18200472e-02  2.45478600e-02 -8.61952901e-02  6.75389543e-02
  5.18147275e-02  9.31987762e-02 -4.91584279e-02 -5.23278117e-03
  5.77716827e-02 -1.36030287e-01 -1.13069355e-01  1.52318940e-01
 -7.96543807e-02 -5.99549375e-02  4.65828627e-02  5.24205603e-02
 -5.22086881e-02  1.76290855e-01 -5.66151254e-02 -1.20318376e-01
  8.99251103e-02  2.14347569e-03  2.52178848e-01 -7.19555318e-02
 -5.14143780e-02 -1.93761706e-01  3.92132476e-02 -2.37126976e-01
 -1.32228971e-01 -4.15082425e-02 -4.60625030e-02  3.54714632e-01
  1.16711050e-01  1.12429172e-01  6.37764558e-02 -5.88459671e-02
 -1.49943426e-01 -4.14738804e-02 -6.84083179e-02  1.57868326e-01
 -2.04716939e-02 -3.19965258e-02 -5.34230471e-02  2.31189877e-02
  1.25740930e-01  7.01223835e-02 -1.26178265e-01 -1.15768467e-04
  7.87907839e-02 -5.22178225e-02 -1.09656870e-01  5.46459891e-02
  1.41573250e-01 -4.06493731e-02 -3.58926132e-02  1.61406741e-01
  2.96853017e-02 -1.04586884e-01  1.83952555e-01  1.47766083e-01
  9.84752029e-02 -1.42799214e-01 -1.79052465e-02  3.57039049e-02
  9.16865170e-02  9.51342657e-02 -1.20144904e-01  1.52588308e-01
 -2.59240001e-01 -8.82547572e-02 -1.06921479e-01 -9.56190750e-02
 -1.15466170e-01 -2.58336286e-03  8.03936869e-02  1.84132308e-01
  1.47448137e-01 -5.89065179e-02  1.96873471e-01  8.97365250e-03
  1.03635214e-01  2.65562907e-02  1.97648294e-02 -9.76606738e-03
  2.11497828e-01  9.46599022e-02  1.32220760e-01 -1.15775399e-01
  2.91387737e-02  5.94055019e-02  5.12606464e-02 -2.24454641e-01
 -9.60434452e-02 -3.81834060e-02  1.23628490e-01  4.53591198e-02
  1.63391665e-01  6.74190000e-02  6.16514720e-02 -1.10717110e-01
  1.30786061e-01 -5.05823456e-02 -7.65714869e-02  1.15598701e-01
 -6.88155368e-02  1.96772218e-02 -9.13529098e-02  2.40306064e-01
 -5.01695424e-02 -8.54281560e-02  6.96177920e-03  1.06715448e-01
  3.87790166e-02 -3.16435262e-03 -5.54029420e-02 -1.81067977e-02
  4.65051681e-02  8.55309665e-02  3.03049218e-02  3.29208300e-02
 -6.12962816e-04 -3.97691727e-02  5.45787700e-02  4.51899990e-02]