http://erau.edu/ontology/meme.owl#RegionalGothicMeme
[-1.27851844e-01 -1.66992009e-01 -1.73554607e-02 -1.84870362e-02
 -5.06526902e-02  1.11233309e-01  8.34231675e-02  9.17166937e-03
  1.02398053e-01  7.11461529e-02  1.28773764e-01 -8.27150345e-02
  1.34805925e-02 -5.38813323e-02 -6.88833892e-02  9.19794943e-03
  1.51028410e-01 -5.37171215e-02  5.17428387e-03  4.33840714e-02
 -1.85641333e-01 -2.57806797e-02  1.47722200e-01 -1.73322663e-01
  1.55881926e-01 -1.10302933e-01 -1.18112095e-01 -5.87250330e-02
  1.55741215e-01  2.06048876e-01  1.00803301e-01  4.06446122e-02
 -2.93650366e-02 -1.02805741e-01  1.02646835e-02  6.50227666e-02
  6.30934611e-02  1.10704236e-01 -7.17633516e-02  4.91792755e-03
  1.34594783e-01  3.04482609e-01 -1.90685689e-01 -1.28676100e-02
  1.73755750e-01  6.66065514e-02 -3.28649022e-02 -9.67415571e-02
 -1.45046068e-02  2.92208605e-02  1.76902357e-02  1.42547181e-02
  2.76062958e-04 -2.02182457e-01 -1.92335129e-01 -6.22605681e-02
  6.54755160e-02 -1.92132797e-02  3.86036724e-01  1.03618883e-01
  7.91040286e-02 -1.16699496e-02  1.48606434e-01  1.63722739e-01
 -4.68154624e-02 -4.93961722e-02  4.15994115e-02 -2.58131474e-02
 -1.29351377e-01 -7.87059367e-02 -2.04122648e-01  5.77588528e-02
  2.38352209e-01  8.56169388e-02 -1.20473197e-02  1.72564939e-01
 -6.03319108e-02  9.73930769e-03  9.66120586e-02  4.59194630e-02
 -1.34728044e-01 -1.35325283e-01 -1.05060756e-01 -1.51335835e-01
  1.30593479e-02 -1.44041151e-01 -1.25646085e-01 -7.88105875e-02
 -3.66059020e-02 -5.89854494e-02  3.48565844e-03 -1.86318800e-01
  1.14973553e-01 -1.89832207e-02 -8.59838575e-02  2.58215994e-01
 -4.58318889e-02 -4.35684957e-02 -2.03570336e-01 -1.18206382e-01
  6.95961863e-02 -1.26287928e-02  2.94069529e-01 -1.32676005e-01
 -8.20438117e-02  5.99394925e-02  7.18492493e-02 -2.18722988e-02
 -7.55462199e-02  1.93452332e-02 -4.89617288e-02  8.07896033e-02
 -4.69034351e-02 -1.21165469e-01  1.09156184e-02  5.46270534e-02
 -3.22876573e-01 -2.41350546e-01  4.95078899e-02  1.39683485e-01
 -9.48515236e-02  8.42415169e-02 -9.75103304e-02  1.31278217e-01
  1.06053792e-01 -1.24875046e-01 -1.02830864e-02 -1.97883565e-02
 -8.28446150e-02  4.59027365e-02 -1.58302620e-01 -3.95257175e-02
  7.54565299e-02  4.02275436e-02 -1.41472727e-01  1.36931717e-01
  7.01059252e-02 -1.55179044e-02 -2.61163026e-01  6.84092790e-02
 -3.20820868e-01  4.32157926e-02  8.79097283e-02  1.05004817e-01
  2.17965752e-01 -2.79480875e-01  8.87968540e-02 -1.72360897e-01
 -1.30649507e-01  1.48398511e-03  1.05423220e-02 -9.28013027e-02
 -5.88743910e-02  2.45758705e-02  4.32288609e-02  1.70503169e-01
 -2.14169711e-01  1.42678797e-01  7.77853206e-02 -1.68215469e-01
  1.27562582e-01 -1.33066066e-02  9.39782560e-02 -5.60011752e-02
 -2.45213583e-01 -1.30678028e-01  3.08501385e-02  2.14999616e-01
 -3.45795244e-01  1.91255018e-01  1.80109013e-02  1.93100646e-01
  1.24109119e-01  5.69549389e-02 -1.01670405e-04 -2.52919737e-03
 -9.71445516e-02 -3.68828401e-02 -3.71149816e-02  4.84218597e-02
 -1.34290099e-01  1.82781860e-01 -1.12979099e-01 -2.51622181e-02
 -1.25951424e-01  4.79679406e-02  1.28001586e-01 -1.60926871e-03
  1.21453516e-01 -5.57655022e-02  1.13170005e-01 -7.27691222e-03
 -2.26246029e-01 -1.46104276e-01  4.30072024e-02 -2.84507740e-02
 -1.09243775e-02  1.81680694e-01  9.79615096e-03 -8.90958086e-02
 -1.47525281e-01 -5.00382530e-03  1.26295136e-02 -7.50705302e-02
 -2.36729588e-02 -3.62711012e-01  8.09636526e-03 -1.52493000e-01
  3.84398475e-02  1.20472558e-01  2.71402210e-01  1.24621131e-01
 -1.21258035e-01 -8.12670067e-02  3.72258872e-02  6.97829425e-02
 -2.03488559e-01 -1.30362466e-01  2.28921443e-01  7.77447000e-02
  1.55636981e-01  9.71993506e-02 -1.73286334e-01  1.34570058e-02
  3.31045352e-02  6.88581988e-02 -2.58893043e-01  4.72519770e-02
  2.13092356e-03 -2.37829834e-02  1.39909521e-01  1.02645107e-01
 -6.61199018e-02 -2.08618596e-01 -1.66597486e-01 -4.10331488e-02
 -1.94076061e-01 -9.94879827e-02 -1.72849484e-02 -2.96540968e-02
 -3.93555015e-02 -5.94637580e-02 -6.07910473e-03 -1.38155185e-02
 -3.05729926e-01 -1.17261842e-01 -1.48827419e-01 -8.02504420e-02
 -3.46800797e-02  6.90836981e-02  1.10963657e-01  4.60714586e-02
  9.99931172e-02  1.83361083e-01  2.94200238e-02 -7.11461976e-02
 -2.11483508e-01 -8.37323293e-02  1.03957728e-01 -3.92334983e-02
 -9.46424454e-02 -1.58713475e-01 -3.64515893e-02 -2.66336709e-01
 -1.44203991e-01 -2.84057021e-01 -1.84284300e-01  9.26414654e-02
  1.44109696e-01 -1.68259710e-01 -7.00561563e-03 -8.86813775e-02
 -1.44675942e-02  9.01605263e-02  7.87273049e-02  9.49859172e-02
 -3.37192900e-02 -1.70952052e-01 -2.64059417e-02  1.33601561e-01
  2.07754880e-01  7.40213394e-02 -3.90213802e-02 -1.51478902e-01
 -3.27443063e-01  2.40348484e-02  3.02365310e-02 -4.51763831e-02
  5.62003925e-02 -7.46719018e-02  1.19830690e-01 -2.81649172e-01
  4.09956574e-02 -7.46562108e-02 -2.77253911e-02 -7.37409964e-02
  7.78416693e-02 -6.41628280e-02 -1.20024145e-01 -1.72109216e-01
 -3.33190829e-01  1.24520727e-01 -5.23996726e-02 -3.88840288e-02
  1.23290613e-01 -5.34524992e-02  9.63480473e-02  7.72284018e-03
 -1.37928352e-01  1.32696077e-01  3.31186652e-01 -2.29741663e-01
 -1.08794577e-01  6.02551885e-02  2.55679879e-02  7.76782855e-02
 -7.65007287e-02  2.58471780e-02  7.83023015e-02  2.60278694e-02
 -4.80653234e-02 -9.60573331e-02  1.85279176e-01  1.40744507e-01
 -2.50713918e-02  4.93164994e-02  5.37340380e-02  4.87305783e-02
 -6.02022978e-03 -3.26636508e-02  9.69647765e-02  1.60065927e-02
 -1.44162819e-01 -1.48050755e-01 -1.61153033e-01 -2.11728945e-01
  8.87598991e-02  1.01778187e-01 -6.43251613e-02 -6.75885975e-02
  8.35817493e-03  1.33078635e-01 -1.17485717e-01 -3.20522161e-03
 -1.24989124e-02 -4.33638878e-03  8.98144841e-02  1.57547206e-01
 -3.80363725e-02 -7.38054290e-02 -8.05232748e-02 -1.17182108e-02
  3.58683988e-02  1.11095011e-01 -1.13709465e-01  6.26404881e-02
  5.42595163e-02 -9.74143893e-02  1.83697030e-01 -1.12188086e-01
 -6.79032877e-02  1.36033203e-02  8.14605691e-03 -3.04179359e-02
 -5.25667928e-02  9.49933231e-02 -2.43774623e-01  2.61972081e-02
 -1.34485513e-01 -3.04819248e-03  1.41019747e-02  5.61927119e-03
 -4.13161814e-01  1.94538280e-01  8.86708200e-02 -1.75921261e-01
 -2.00540245e-01  3.10795605e-02 -1.40305176e-01  7.68490077e-04
  1.11195728e-01  1.13254651e-01 -8.51456672e-02 -4.91537079e-02
  6.43464923e-02 -1.19722992e-01 -5.11799715e-02  1.49628043e-01
 -6.19665608e-02 -2.31000245e-01  7.34367371e-02  1.36707863e-02
  6.83771446e-03  1.75661758e-01 -1.80194542e-01 -1.59202173e-01
  3.37963365e-02  1.28870845e-01  1.78352088e-01 -1.02469020e-01
 -6.79686740e-02 -2.58428812e-01 -9.04413313e-02 -3.55499506e-01
 -1.40949667e-01  5.45354486e-02 -3.27267088e-02  4.13764626e-01
  1.52600437e-01  1.22272968e-01 -4.09139283e-02 -1.69724748e-01
 -1.32790461e-01 -8.09768029e-03 -8.66132006e-02  7.50907436e-02
 -6.84598237e-02 -7.69070834e-02  3.24629335e-04  9.97733250e-02
  7.42728263e-02  9.80840400e-02 -1.97829172e-01 -3.76392891e-05
  2.39020996e-02 -9.78567302e-02  4.82463315e-02  2.35684544e-01
 -7.20633985e-03  1.02133222e-03  8.31403676e-03  2.27022588e-01
  1.13745265e-01 -1.91095725e-01  2.32894808e-01  8.91786888e-02
  2.40557771e-02  4.11938131e-02  6.38226047e-02  2.84828283e-02
  8.99128318e-02 -2.38283146e-02 -3.14122848e-02  1.83087662e-01
 -6.34702295e-03 -1.13282399e-03 -1.89562172e-01 -2.56572425e-01
 -2.97761708e-02  6.14141813e-03  1.40888616e-01  2.20383808e-01
 -2.90316213e-02 -7.41446437e-03  3.35606307e-01  4.72825952e-02
  1.33687228e-01 -7.08407760e-02  1.00925088e-01  2.31078397e-02
  2.65653163e-01  8.37029740e-02  9.15082842e-02 -5.84344976e-02
 -1.40182316e-01  9.91082117e-02 -3.99053991e-02 -1.00246288e-01
 -2.30790693e-02  1.00998692e-01  2.90537477e-01  1.27249435e-01
  2.79139310e-01  1.01100497e-01  1.06730752e-01 -5.84366955e-02
  1.22198768e-01 -1.84222888e-02 -1.74789622e-01  5.81301413e-02
 -7.52894953e-02 -1.74584650e-02 -5.01931757e-02  2.68448383e-01
 -1.00593098e-01 -6.48653433e-02 -7.22588822e-02  6.86162114e-02
 -6.85680360e-02 -7.94220541e-04 -2.12407187e-01 -1.03972837e-01
  1.60722926e-01  2.39589307e-02 -3.43243591e-02  6.96116313e-02
 -4.56477962e-02 -7.76488101e-03  1.26615494e-01 -5.49320355e-02]