http://erau.edu/ontology/meme.owl#MottekeSailorFukuMeme
[-2.18126446e-01 -9.20365825e-02  2.30303556e-01  5.78245409e-02
  7.74873421e-02 -3.37212123e-02  3.04159194e-01  7.80760422e-02
 -1.03758976e-01 -5.53048179e-02  2.07695216e-01 -2.14647986e-02
 -2.23386157e-02  1.26697123e-01  3.04928108e-04  7.42164627e-02
  6.74445033e-02  2.28198230e-01  5.25946058e-02  1.30757660e-01
 -3.37976247e-01  2.05600876e-02  2.49876812e-01 -1.03919961e-01
  1.82787359e-01 -3.47083695e-02  2.85572056e-02 -1.89637989e-01
  3.61039251e-01  1.69016331e-01  1.35558210e-02  6.47895113e-02
  1.34596378e-01 -1.38528004e-01 -6.87972084e-02  2.34587252e-01
 -1.34368986e-01 -4.33695316e-02 -9.46066622e-03 -1.70860752e-01
 -3.13496403e-03  1.65146813e-01 -2.05146611e-01 -1.07768960e-01
 -1.06021382e-01  1.23184860e-01 -2.06702854e-02 -2.31156927e-02
  1.61593720e-01 -1.13511413e-01  9.28535238e-02  1.90842543e-02
 -3.44498456e-03 -8.07993263e-02 -1.32115096e-01  3.41945440e-02
  2.31484044e-02 -4.39447910e-02  6.18140660e-02  2.06440806e-01
  8.79397430e-03 -7.16582388e-02  2.55429536e-01 -6.39599860e-02
 -2.83923626e-01  1.89799163e-02 -9.37577784e-02  5.93059212e-02
 -1.60695929e-02 -1.64840475e-01 -5.64482063e-02  1.49031833e-01
  2.45891243e-01  7.35314786e-02  1.04680613e-01  1.98999308e-02
 -5.96816130e-02  5.84339201e-02  1.61238983e-01  1.19259752e-01
 -9.93564352e-02 -9.93365422e-02 -1.37863427e-01 -1.68289080e-01
 -5.52383177e-02 -6.81072995e-02 -1.10240616e-01  1.64515436e-01
  1.44993022e-01  2.93968227e-02 -7.94469938e-03 -1.99578613e-01
  5.46074919e-02  3.62637751e-02 -2.47098118e-01  7.11863786e-02
 -1.26964629e-01 -3.69132422e-02 -1.49165973e-01 -1.25805750e-01
 -1.79222133e-02 -7.03195706e-02  2.47731537e-01 -2.49592677e-01
  1.26937136e-01  8.83507356e-02  1.59057200e-01  5.97117245e-02
  6.02188446e-02 -8.96262154e-02  3.92580368e-02 -4.70052473e-02
 -1.48041368e-01 -8.70770514e-02  1.35717273e-01  1.03380121e-02
 -2.85625726e-01 -1.60931602e-01  1.18947104e-01  1.13325894e-01
 -5.80183119e-02 -7.79620409e-02  3.55801359e-02  6.53890520e-02
  1.32187769e-01 -1.22544959e-01 -3.06707751e-02 -1.44771440e-02
  2.17980206e-01  5.25239259e-02 -1.72639340e-01 -9.07337070e-02
 -6.04626760e-02 -2.57571414e-02 -3.53267789e-02  1.82936192e-01
  3.73726450e-02 -2.18113527e-01 -5.49579524e-02 -1.01283759e-01
 -2.17437133e-01 -2.28182562e-02  1.86045572e-01  9.48819444e-02
  2.77625352e-01 -6.77135810e-02 -2.16011275e-02 -1.09786816e-01
  3.69396694e-02  2.31355458e-01  4.44836430e-02 -1.59633547e-01
  3.13942060e-02  7.98347145e-02 -1.07989706e-01  4.79205744e-03
 -1.78938016e-01  1.89738363e-01  9.06598195e-02 -1.11207731e-01
 -8.33147168e-02 -2.15010434e-01 -1.23370655e-01  1.20720163e-01
 -2.40321070e-01 -2.33005911e-01 -1.29226491e-01  1.80422306e-01
 -2.82652676e-01  1.08059026e-01  1.07423216e-01  1.82056382e-01
  1.28605306e-01  1.77943379e-01 -3.96424271e-02 -1.70436241e-02
 -3.47885564e-02 -3.34493108e-02  1.85302615e-01  6.22471124e-02
 -1.19904829e-02  8.18607211e-02  8.79147649e-02 -1.29208490e-01
  2.99621839e-03 -3.82369831e-02  6.05655089e-02  1.80243239e-01
  1.55048162e-01 -1.23743795e-01  2.66673956e-02 -9.47456881e-02
 -1.25868276e-01 -1.34381309e-01 -4.73941080e-02 -5.88355809e-02
  1.16164744e-01  2.48714745e-01 -1.05494186e-01 -1.22976693e-04
  1.09963581e-01 -4.76322994e-02  1.31292388e-01 -1.74245954e-01
  3.73023637e-02 -4.29809272e-01  1.41841900e-02 -7.83736184e-02
  2.24139139e-01  1.90486893e-01  2.74744570e-01  1.98810965e-01
 -1.92997251e-02 -1.14272691e-01  1.09273143e-01 -9.70498547e-02
 -2.19950944e-01 -1.20118320e-01  2.45569259e-01  1.25988409e-01
  2.47526646e-01  2.01717734e-01 -1.16687506e-01 -9.17286947e-02
 -7.93542117e-02 -1.34418178e-02 -1.50880903e-01 -1.45049468e-01
 -8.36565346e-02 -8.19221213e-02 -4.44169939e-02  6.56437799e-02
 -8.47986192e-02 -1.87010709e-02  1.92714296e-02 -2.20205039e-02
 -6.06689118e-02  4.62427270e-03  8.01727176e-02 -9.23893750e-02
  8.55630264e-02 -3.22210267e-02  3.48391058e-03 -3.29641663e-02
 -1.95206746e-01  1.21175442e-02 -1.18848629e-01 -1.63587689e-01
 -1.42857209e-01  1.31643087e-01 -9.25695822e-02 -3.38846678e-03
  2.12589204e-01 -4.39298041e-02  2.14318380e-01 -1.64866030e-01
 -1.96715295e-02 -3.13768536e-02 -8.67817700e-02  1.00232758e-01
 -1.87826827e-01  5.97851388e-02  3.62139530e-02  6.34169132e-02
 -2.50731595e-02 -8.88144150e-02  8.14793408e-02 -4.57794638e-03
  6.60654604e-02  1.72094591e-02  3.65008637e-02  1.29362503e-02
 -7.67576974e-03 -1.46661438e-02  2.02806473e-01 -9.50117558e-02
  1.37675270e-01  5.40328249e-02  4.20391001e-03 -2.47321632e-02
  6.11449294e-02  1.71725601e-01 -1.30025834e-01 -1.99314907e-01
 -1.39039144e-01  3.71451303e-02 -7.72604421e-02 -5.09769507e-02
  2.71753035e-02  1.06452219e-02 -5.31281009e-02 -8.58608708e-02
 -7.13385344e-02 -1.30212128e-01  7.70283714e-02 -3.00917961e-02
  1.91254511e-01  5.39322197e-02 -1.74661338e-01 -2.31952235e-01
 -1.41165657e-02  1.39798643e-02  4.39173244e-02  2.32561138e-02
 -8.32917914e-02 -1.27146050e-01  1.83499217e-01 -1.47343069e-01
 -5.23891635e-02 -1.02078393e-01  7.40198866e-02 -2.58289427e-01
  2.37383097e-02  7.69623965e-02 -1.24884255e-01  2.16901451e-02
  8.62162188e-02  1.13346159e-01  9.24010761e-03 -7.45698661e-02
  7.98370782e-03 -2.17272058e-01  1.55143559e-01  1.57793254e-01
  1.26062008e-02 -4.64728996e-02 -2.04478845e-01 -3.41642983e-02
  2.59211391e-01 -8.23341834e-04  1.14313237e-01  1.40456930e-02
  8.13525990e-02  9.30458158e-02 -1.34756472e-02 -2.37860128e-01
  1.87257044e-02  1.78468049e-01 -1.73668377e-02  6.50501251e-02
 -2.05634460e-02  1.29099384e-01 -5.79251014e-02 -8.00250936e-03
 -2.16890857e-01 -2.92855635e-04 -2.56473422e-01  2.35281602e-01
  6.50481135e-02 -2.51783878e-01 -1.05224326e-02  2.14026377e-01
 -7.48761222e-02  1.74580842e-01 -2.08238721e-01  4.24326621e-02
 -1.80135388e-02 -1.68405697e-01  2.55004644e-01 -2.62601599e-02
 -1.02830611e-01  3.08357865e-01 -1.68629829e-02  8.97830352e-02
  5.71736246e-02 -1.54855013e-01 -1.36763364e-01  8.64467397e-02
 -1.11045413e-01  8.56126484e-04 -4.42867018e-02  2.79029738e-02
 -1.02768183e-01  7.63263693e-03 -1.72871891e-02 -1.10919148e-01
 -1.09180354e-01  9.98028293e-02  4.37129959e-02  7.55213946e-02
  4.74070683e-02  2.12006480e-01 -1.23176202e-01  1.31346565e-02
  3.09830834e-03 -6.37507662e-02 -2.34650075e-01  1.78874247e-02
 -2.11269394e-01 -9.43254456e-02 -5.11391684e-02  1.66548118e-01
 -1.34752810e-01  7.77548999e-02  6.42807409e-03 -8.54917839e-02
 -2.62253769e-02 -1.18017076e-02  1.16531812e-02  7.07253627e-03
 -1.29194213e-02 -9.66662914e-02 -4.51699682e-02 -2.01110262e-02
  7.31860939e-03 -5.79929650e-02 -2.42290404e-02  1.53150216e-01
  1.33808732e-01 -1.74556263e-02  1.45537853e-01 -9.25535709e-02
 -2.31651157e-01 -8.78603905e-02  2.26328839e-02  8.03006738e-02
  8.46584328e-03 -8.71148407e-02  8.67957026e-02  7.68089592e-02
  1.02011703e-01 -3.91730182e-02  3.07673737e-02 -1.20857015e-01
  1.20656500e-02 -2.13565692e-01 -9.18697193e-02  2.98242550e-03
  3.56950657e-03 -5.03687412e-02  1.38641506e-01  1.80654034e-01
  1.30454451e-01 -6.28284067e-02  1.51639074e-01  1.58920512e-01
 -1.70821045e-02 -3.36397178e-02  8.48395452e-02  6.39373809e-02
 -6.03088271e-03  3.02289605e-01 -1.83568001e-01  2.17878312e-01
 -3.44474643e-01 -8.05181637e-02 -6.04738370e-02 -1.40458941e-01
 -5.16545810e-02  3.34337801e-02 -6.75138179e-03  4.23760433e-03
  2.47106656e-01  1.11691300e-02  2.90297866e-01 -2.86104344e-02
  1.16932221e-01  1.61679253e-01  6.95008785e-02 -9.44786370e-02
  1.74584240e-01  9.57169011e-02  3.19014341e-01 -1.35795891e-01
  2.49893963e-02  2.42910311e-01  2.92946082e-02 -1.79632604e-01
 -3.79167311e-02  2.24326216e-02  1.90969482e-01 -1.09734751e-01
  1.96752653e-01  9.07134116e-02 -6.66132197e-02 -1.91418394e-01
  2.28236914e-01 -3.32217276e-01 -7.78565630e-02  2.00315848e-01
  1.30333185e-01 -8.69718269e-02 -4.53492180e-02  3.83538008e-01
 -2.81474411e-01 -1.57966018e-01  2.08993107e-02 -1.98646963e-01
  3.07719290e-01  4.66800667e-02 -1.45081833e-01 -2.07129400e-02
 -8.48976150e-02  1.17195860e-01  1.72531545e-01  3.52158764e-04
 -7.19110817e-02 -2.45466307e-01  1.51294410e-01  2.57141829e-01]