http://erau.edu/ontology/meme.owl#GoProMeme
[ 5.82854785e-02 -1.25780225e-01  6.95273131e-02  8.95826146e-02
 -1.23624811e-02  1.06454313e-01  2.17084125e-01  7.06981495e-02
 -4.14082333e-02  6.23749122e-02  8.97736624e-02  1.47164008e-02
 -2.22621426e-01 -3.38520482e-03 -1.77534863e-01  9.83561040e-04
  1.35818213e-01  1.20383091e-01  6.90679066e-04  6.05670325e-02
 -2.63916552e-01  4.36585322e-02  2.07881644e-01 -1.50275648e-01
  1.56271785e-01 -1.46183312e-01 -7.87957683e-02 -1.28385648e-01
  1.91352412e-01  3.86578254e-02  6.57852292e-02  9.89142582e-02
  2.84798712e-01 -1.29223391e-01 -4.65148725e-02  1.42879054e-01
  5.45974541e-03  1.69355065e-01 -9.78321135e-02 -1.10191807e-01
  5.77905029e-02  3.10950994e-01 -2.83366382e-01 -1.19041346e-01
 -3.14948745e-02  8.78338441e-02  1.94370318e-02  2.35466566e-02
  6.15290217e-02  2.50284933e-03  4.90904935e-02  2.19752983e-04
 -1.10544786e-01 -2.51031015e-02 -1.71197802e-01 -7.97858238e-02
  1.11845229e-02 -1.57984957e-01  1.93268433e-01  1.07593484e-01
  1.49390340e-01 -1.97600126e-01  1.77523017e-01  4.35433909e-02
 -1.71610549e-01 -6.22491241e-02 -5.41151203e-02 -3.49718183e-02
 -1.47061946e-03 -4.92292130e-03 -4.56226757e-03  1.02389017e-02
  1.78222060e-01  1.55815363e-01 -3.92756537e-02  1.55323610e-01
 -9.65692848e-02 -1.64717305e-02  7.87197277e-02 -8.43987092e-02
 -6.84362352e-02 -2.89142966e-01 -1.76520087e-02 -4.31943089e-02
 -4.45082858e-02 -2.27136374e-01 -7.55247697e-02 -2.41767555e-01
  1.87725034e-02 -1.29905622e-02  7.93752372e-02 -2.78132647e-01
 -1.38644055e-02  4.47317585e-02 -7.72321224e-02  1.11929052e-01
 -7.47802556e-02  4.26389277e-02  6.52868301e-02 -9.71497446e-02
 -1.86305179e-03 -2.47844271e-02  1.90886632e-01 -6.71946704e-02
  4.76057641e-02  7.39534199e-02  9.09408554e-02 -1.57332197e-01
  1.58902463e-02 -7.06077227e-03 -7.45664164e-02  1.23535357e-01
  3.23050469e-02 -4.34904508e-02 -4.37785089e-02  1.79108121e-02
 -1.70065671e-01 -2.59585917e-01  1.07931502e-01  7.68819526e-02
 -7.99840167e-02  1.58394828e-01 -1.36840597e-01  1.46473467e-01
 -3.66973616e-02 -1.16144769e-01 -3.31494808e-02  7.84067661e-02
  7.55102113e-02 -8.14211741e-02 -1.58105537e-01  3.04980762e-02
 -3.66765931e-02  2.64951121e-02  2.20594071e-02  1.68967202e-01
  2.29006693e-01 -3.03434599e-02 -1.73653975e-01  2.62201726e-02
 -1.20982900e-01  1.55217294e-02 -9.25366674e-03  1.32992297e-01
  2.15749770e-01 -2.15158135e-01 -6.74459245e-03 -3.15117128e-02
  1.07161008e-01  9.05429646e-02  2.14134417e-02 -1.17881693e-01
 -1.88600212e-01 -1.94594055e-01  1.26565341e-03  1.12032160e-01
 -2.01490492e-01  8.94834027e-02  7.01053590e-02 -1.77249566e-01
 -1.29583450e-02 -1.60796657e-01 -6.22150153e-02 -7.17580914e-02
 -1.92635864e-01 -4.29614112e-02 -9.09520015e-02  1.04397044e-01
 -1.54897764e-01  1.52727544e-01  3.07124406e-02  1.15820803e-01
  1.20860241e-01  1.26913846e-01  1.32405072e-01 -1.25336185e-01
 -3.61462273e-02  1.65814310e-02  5.25809601e-02 -8.80820379e-02
 -2.26826072e-01  1.18091881e-01  8.39489326e-02 -4.68706712e-02
 -1.27959996e-01 -3.15132271e-03  8.18670094e-02  6.10428452e-02
  1.85008705e-01 -3.37353759e-02  1.87021233e-02  8.73911157e-02
 -1.65605262e-01 -8.43723938e-02 -1.69630796e-02 -5.82832210e-02
  9.30839032e-02  8.86063837e-03 -5.68659753e-02 -8.98158103e-02
 -7.62780681e-02  7.38739520e-02  1.55713037e-01 -5.15850633e-02
 -1.41970307e-01 -3.73155683e-01  1.35339737e-01 -4.21281764e-03
  1.90584302e-01  2.44053885e-01  2.81946123e-01  1.23122334e-01
 -1.67776376e-01 -1.36449948e-01  1.86843887e-01 -9.69731063e-02
 -2.85054259e-02 -8.77532884e-02  2.34411478e-01  1.33949250e-01
  1.75661296e-01  2.14278653e-01 -1.84909776e-01  1.14557922e-01
  6.53959513e-02 -1.02535881e-01 -1.42737508e-01 -2.05033422e-02
 -4.05611098e-02 -1.09279387e-01  1.57094598e-01 -1.34216845e-01
  2.71068364e-02 -2.25536808e-01 -2.91298088e-02  8.84757191e-02
 -1.93883300e-01  1.09135835e-02  9.45767574e-03  5.85895032e-02
 -2.77628545e-02 -3.07974797e-02  4.44514118e-02  1.02430120e-01
 -3.24205577e-01 -8.50158855e-02 -2.70338535e-01  8.02058056e-02
 -2.07553327e-01  1.66692883e-01  1.57312378e-01  6.94336593e-02
  4.55517285e-02  6.81971088e-02  6.78585917e-02 -4.68928739e-02
 -1.51896998e-01 -7.95127153e-02  1.12631284e-01 -5.53421378e-02
 -7.92335048e-02 -1.16181001e-01 -6.55751824e-02 -1.07952915e-01
 -1.27826974e-01 -7.79999867e-02 -2.19784141e-01  2.90330909e-02
  9.04904678e-02 -1.26207098e-01 -5.50579764e-02 -1.79157063e-01
  1.07178025e-01  2.81830207e-02  1.94383219e-01  9.55042467e-02
  7.17258602e-02 -1.27844647e-01  2.94948574e-02  1.49480581e-01
  1.76865399e-01  2.22505201e-02 -2.89138891e-02 -1.85513213e-01
 -2.58557796e-01  8.31513703e-02 -8.77268687e-02 -1.79281786e-01
 -8.34497884e-02 -2.32453812e-02  1.57479137e-01 -7.54095092e-02
  3.16242920e-03 -2.33878464e-01 -7.81974345e-02 -4.18776792e-04
  2.18996599e-01 -1.24272987e-01 -9.49191824e-02 -2.60227412e-01
 -2.42060959e-01  1.02358334e-01 -4.55336496e-02 -3.77450585e-02
  3.48979398e-03 -4.06317823e-02  3.30959521e-02 -1.43668398e-01
 -6.48118407e-02  2.29963288e-01  2.57990390e-01 -2.21450731e-01
  6.75975382e-02  1.54802293e-01 -4.99003567e-02  5.54198474e-02
 -1.02928780e-01  4.89410087e-02  1.73367932e-01 -4.44460846e-02
 -4.27888818e-02 -9.12263095e-02  1.07709199e-01  1.15775280e-01
 -5.16243987e-02  1.48026943e-01 -2.16970351e-02  7.14908391e-02
  5.60257249e-02  5.84512018e-03  9.06622708e-02  8.80558416e-02
 -3.61177400e-02 -1.34229794e-01 -5.35121821e-02 -2.84113828e-02
  6.32372051e-02  1.13301322e-01 -1.68777987e-01  1.24644093e-01
  1.18956469e-01  8.61795172e-02 -1.12271838e-01 -2.69438163e-03
  5.95484488e-02  4.78364015e-03 -2.60954380e-01  9.15672630e-02
  7.95689523e-02 -1.69238761e-01 -7.06991106e-02 -1.74274087e-01
 -7.53269717e-02  1.12939082e-01 -2.17000663e-01 -1.44638820e-02
 -2.34409478e-02  1.45550258e-03  2.64146626e-01 -5.16300872e-02
  4.96178167e-03 -9.92756188e-02 -2.00535040e-02 -1.15564249e-01
 -1.04381321e-02 -8.57478976e-02 -1.38484776e-01  5.59363365e-02
 -1.18780762e-01 -4.29178700e-02  3.50180492e-02  2.88331844e-02
 -2.50463188e-01  5.86952567e-02  4.68901247e-02 -1.50229022e-01
 -3.16657782e-01  6.02856912e-02  2.22448390e-02 -8.63241497e-03
  2.29987036e-03  1.91309154e-01 -2.22231328e-01 -1.24591246e-01
  2.52461452e-02 -2.90195607e-02 -1.88211054e-01  1.18845209e-01
  3.52772139e-02 -6.43453896e-02 -6.47337958e-02  5.40499128e-02
 -7.82266930e-02  2.55300969e-01 -2.46560857e-01 -2.37071991e-01
  4.22871634e-02  9.01795104e-02  2.56791800e-01  6.18883595e-02
  1.06601916e-01 -1.87909991e-01  2.67627854e-02 -1.14291333e-01
 -1.22307852e-01  3.68078426e-02  7.19518727e-03  1.44919977e-01
  2.07763106e-01 -2.64236871e-02  6.16843924e-02 -1.80508435e-01
 -1.45457357e-01 -8.56045038e-02  5.83324507e-02 -1.49523154e-01
 -5.23369461e-02 -1.25266656e-01  7.99257681e-02  2.12608445e-02
  1.09358482e-01  1.44293299e-02 -1.05517581e-01  1.59153305e-02
 -7.21103698e-02 -1.64081022e-01 -6.17937297e-02  7.00981244e-02
  2.01569527e-01 -2.18446553e-02  1.25582904e-01  2.74226904e-01
  7.93375745e-02 -8.59299004e-02  3.18534642e-01  6.87717274e-02
  1.28115207e-01 -1.11872971e-01  9.36281011e-02  8.72627571e-02
  9.79344770e-02  1.64649248e-01 -8.51322040e-02  3.07177246e-01
 -1.48257494e-01  6.69776201e-02 -1.74824908e-01 -1.47756726e-01
  1.11936100e-01  5.25247194e-02  3.73236984e-02  4.32458371e-02
  1.94037840e-01 -5.03290929e-02  3.39233130e-01  1.44137800e-01
  2.12756678e-01  1.38474861e-02  1.23439636e-02  1.16283052e-01
  7.79046491e-02  2.33690932e-01  1.35446116e-01  4.57892977e-02
 -1.40800983e-01  1.88679606e-01 -2.02549435e-03 -7.33123794e-02
  4.54294011e-02  1.74612001e-01  3.20165545e-01  4.29053567e-02
  2.56942779e-01  1.76192328e-01  9.26767290e-03 -4.80264500e-02
 -2.08290061e-03 -1.10285200e-01  2.66553313e-02  7.07040727e-02
  1.47691712e-01  2.07604636e-02 -5.88986911e-02  1.89650878e-01
 -1.29976913e-01 -1.68783814e-01 -2.44277827e-02 -1.37508661e-01
  1.09781861e-01  4.07941006e-02 -2.12424025e-01 -5.92410974e-02
  4.58009355e-02  3.95778520e-03  1.08061649e-01  4.37571621e-03
  1.38095170e-01  3.21150087e-02  8.28568563e-02  1.11939445e-01]