http://erau.edu/ontology/meme.owl#HorseSizedDuckMeme
[-0.02577953 -0.17633931  0.11433589 -0.11836279  0.00839583  0.03637617
  0.14716871 -0.10543034 -0.01087506 -0.04918927  0.07709392 -0.13161515
  0.06368058 -0.06453101 -0.03584789 -0.06822019 -0.09092084  0.1734975
  0.02599706  0.06382846 -0.15621503  0.07842322  0.21055238 -0.08308508
 -0.03716707  0.05455952  0.01440167 -0.0578901   0.2674783  -0.05480824
 -0.00741777  0.02187747 -0.05325223 -0.14372168 -0.15765657  0.13566926
 -0.0027908   0.11257768 -0.0887327  -0.03599609  0.04425725  0.10275921
 -0.21491973 -0.10823192  0.08514111  0.04080735  0.01707935 -0.02559475
 -0.00395985  0.02674141  0.06770121 -0.05898127  0.01698263 -0.11369153
 -0.08689152 -0.11863326  0.17127322 -0.04307928  0.12503329  0.08237134
 -0.05564715 -0.10041505  0.18884045  0.10039601 -0.15112847 -0.10143916
  0.01452922 -0.06689166 -0.18061842 -0.00807607  0.02495969  0.11303999
  0.08848756 -0.06745677  0.03600539  0.00415954 -0.05384154  0.03430298
  0.24852596  0.12366402 -0.06821031  0.00179167 -0.086813   -0.2638139
  0.14044312 -0.07751963 -0.02623757  0.03564803  0.10632718  0.00290964
 -0.08078751 -0.21858571  0.15307984 -0.04029308 -0.10991687  0.03808498
 -0.05046333 -0.10939195  0.03220744 -0.02136747  0.07808919 -0.03169164
  0.16204211 -0.06926116 -0.07756615  0.00732263  0.06619544  0.07921149
  0.09672321  0.03041892 -0.15831035  0.0051379  -0.10263401 -0.0486806
  0.10077783  0.01778412 -0.21239512 -0.18624899  0.03633694  0.11425789
  0.10042907 -0.07532484 -0.14806134 -0.00507942 -0.07994921 -0.00324242
  0.00957097  0.04837731  0.04353939  0.00069879 -0.07529503 -0.10085158
 -0.02424219 -0.01830935 -0.11903113  0.04182105 -0.1434246   0.03491149
 -0.01794885  0.10574458 -0.13293496  0.02553231 -0.05772583  0.02781835
  0.01971393 -0.10856742  0.10110101 -0.05346149  0.08332293  0.09070954
 -0.03814234 -0.15877968  0.09668002 -0.09370837 -0.02466024  0.02155549
 -0.12133035  0.0998366   0.02659109 -0.10959808  0.09400438  0.00477762
 -0.02618455  0.03365481 -0.3078134  -0.19319782 -0.02510134  0.12467705
 -0.14064345  0.0723612  -0.00211001  0.00486616  0.12504011  0.01670509
  0.00243952 -0.0459934  -0.00606091  0.1043933   0.02218061 -0.00295141
 -0.06569585 -0.09729654  0.11426545 -0.0671365  -0.10512725  0.0419604
  0.06688119 -0.04474866  0.13524525 -0.04514154 -0.06234306 -0.0232996
 -0.22629926 -0.05512383 -0.11307719  0.00819663  0.05788786  0.08126701
  0.00756417 -0.06220102 -0.0747319  -0.08331057  0.02094917 -0.02193272
  0.03358007 -0.15381703  0.0682348  -0.01981922  0.1420402   0.13543251
  0.11212588 -0.04096023  0.01023726 -0.08854495  0.09260923  0.11707184
 -0.09111725  0.04314566  0.13166091  0.13589206  0.1654309   0.22486514
 -0.06638758  0.05209027 -0.08581617 -0.06885293 -0.18097773 -0.03734054
 -0.01338038 -0.05224301 -0.02140626  0.06815531 -0.14766979 -0.02676888
 -0.02590209 -0.08165397 -0.1375532  -0.17839761  0.18849038 -0.0916857
 -0.080556    0.00941767 -0.02830441  0.00658733 -0.17851055 -0.0205551
 -0.08368245  0.01541292 -0.06980622 -0.0303733   0.06154009 -0.07939485
  0.08278207  0.04778889  0.07888435  0.04319628 -0.16839902  0.02024344
  0.02315397 -0.13119614 -0.14280427 -0.15935875 -0.13072088 -0.13067733
 -0.05555449 -0.2641877   0.02232333 -0.00376694  0.0716149  -0.06681915
  0.04514379 -0.12935898 -0.04307997  0.13600579  0.22210972 -0.06995253
  0.06110254 -0.06065351 -0.16048604 -0.11204079  0.04082456  0.09395851
 -0.13598669 -0.12818784 -0.1492138   0.0994876  -0.06347436  0.00770007
 -0.05266911 -0.11005371  0.08179203 -0.09986601  0.00241873 -0.09954026
  0.04436026 -0.01705061  0.11649176  0.1045113  -0.18539134 -0.23345257
 -0.16698049  0.04983098 -0.00734776  0.11789596  0.07370938 -0.0594621
  0.2990423  -0.01361313  0.03711537 -0.0555628   0.23555169 -0.24500924
  0.02089297  0.0600534  -0.11251681 -0.00698735  0.05174433  0.02498707
  0.08230251 -0.00813865  0.0236104  -0.18372133  0.14909591  0.20224403
  0.02875211  0.0795957  -0.04945899  0.04792978  0.24392234 -0.02369257
 -0.00575972  0.00930641  0.05308029  0.03235582  0.0905695  -0.22438629
  0.11932327  0.04816908  0.07547182 -0.02090588  0.01513022  0.02869393
  0.04103198  0.03184372 -0.03518749  0.06742482  0.04516388  0.01917516
  0.06054095 -0.01067726 -0.03130786  0.00252322 -0.08387076  0.06753934
 -0.10457351  0.06748826  0.00831465  0.02101631  0.2691708   0.02496421
 -0.05335435 -0.01116298  0.02030233 -0.10302567  0.01617474 -0.00638572
 -0.03419225 -0.01638363 -0.0082343  -0.0016865   0.01910459 -0.07298505
 -0.12415589 -0.00039313  0.08138245  0.06309367 -0.0920945   0.01453133
 -0.12000982  0.01766146  0.00344085  0.12289149  0.00071585  0.02704556
  0.01386877 -0.08553012  0.03865638  0.14185522  0.0615386  -0.07645758
  0.0249686   0.00820887  0.06258969  0.19128363 -0.05406843 -0.17276175
  0.08537956 -0.03241109 -0.04409005 -0.01891902 -0.03210568 -0.13616249
 -0.00335424 -0.12706032  0.0039906  -0.10562824 -0.02007487  0.09137783
  0.07680194  0.04214053  0.21517394 -0.03166631 -0.13226432 -0.07162871
 -0.09447536  0.14000633 -0.0592385   0.00148075 -0.00392538 -0.04789613
  0.11727624  0.07878534 -0.12213584  0.01429209  0.11016808 -0.00769817
 -0.13997144 -0.05602672  0.02663735 -0.08633352  0.02404412  0.11420973
  0.03858027 -0.07685241  0.22069892  0.21881263  0.07013713 -0.15924168
 -0.0767941   0.05713071  0.08428159  0.10595034 -0.16404231  0.23156495
 -0.19813068 -0.09553466 -0.13609853 -0.20820048 -0.03307601  0.01719955
  0.00578855  0.18420768  0.16164066 -0.10376357  0.16701622  0.1557783
  0.0675912  -0.07236056  0.03329925  0.02798408  0.18283704  0.06987548
  0.08157757 -0.00472864 -0.02416388  0.13485973 -0.08548595 -0.14454515
 -0.08609261 -0.04148645  0.10137475  0.09868279  0.14279616  0.11243443
  0.00320465 -0.07412419  0.10570568 -0.09276792 -0.0259606   0.11698721
  0.00748504  0.1268811  -0.09580715  0.16879432  0.02669828 -0.1313782
  0.04567017  0.11264616  0.05316556  0.09123205 -0.03057704  0.01372003
  0.10092206  0.05614236 -0.01918636  0.02276967  0.16392629  0.01352223
  0.04052258 -0.03256881]