http://erau.edu/ontology/meme.owl#LetsGoArcticMeme
[-4.39715572e-03 -3.96596827e-02 -3.74302603e-02  6.07567765e-02
 -1.23150431e-01  5.83432242e-02  1.58439666e-01  5.35891727e-02
  5.02321795e-02 -9.49143469e-02  5.58392704e-02 -2.42804904e-02
  8.33723396e-02  7.41901919e-02 -1.32379001e-02 -8.96916911e-02
  3.83353233e-02  2.19835162e-01  6.20685555e-02 -7.21999332e-02
 -1.22640312e-01  1.48970202e-01  4.17945869e-02  1.47489924e-02
  3.38739716e-02  1.32440001e-01  1.60378404e-02 -3.53832804e-02
  1.79644004e-02 -1.12973023e-02  6.65695220e-02  1.01231240e-01
  9.88746062e-02 -1.75109822e-02  5.31079015e-03  1.39932886e-01
  1.06082121e-02  1.18851751e-01 -2.77980193e-02 -5.78010082e-02
 -3.56529690e-02  2.04165339e-01 -1.97934195e-01 -8.64440389e-03
  5.15927896e-02 -3.44504938e-02  4.22788039e-02 -8.74046832e-02
 -5.22558577e-02 -4.60193455e-02  2.89787892e-02 -1.95774296e-03
 -1.44005835e-01 -1.52320549e-01 -5.69115877e-02 -4.88792099e-02
  7.21571743e-02 -5.62519357e-02  5.03366301e-03  1.08006597e-01
 -1.10925607e-01  7.75242806e-04  5.74665442e-02  7.99905788e-03
 -5.84770441e-02 -5.48595265e-02 -3.97468098e-02 -9.69243422e-03
 -9.27379634e-03  6.01634979e-02  7.80450273e-03  6.15030974e-02
 -4.55515422e-02  6.17711060e-02  7.26347715e-02  2.98858862e-02
 -1.89260036e-01 -1.98573083e-01  1.25569075e-01 -7.50256255e-02
 -4.38169427e-02 -5.64563684e-02 -7.79586434e-02 -1.29971310e-01
  5.85141480e-02 -4.16351743e-02 -1.58528492e-01  1.17710084e-01
 -6.00520708e-02  9.34886187e-03  7.47238845e-02 -2.30845526e-01
  5.55658154e-02 -7.32164271e-03 -6.42068684e-02  5.53250685e-02
 -4.34701070e-02  7.58465827e-02  6.45562354e-03  9.24112648e-02
  1.22804001e-01  1.56942964e-01  2.57046670e-01 -8.73519331e-02
  3.25999372e-02 -2.82822759e-03  1.00173719e-01  7.13780802e-03
  3.88288405e-03 -1.48245499e-01  6.87915683e-02 -3.29192765e-02
  4.97688837e-02  9.11154374e-02  2.54618302e-02  4.15575951e-02
 -1.16853476e-01 -7.43825510e-02  4.28598486e-02  9.72209573e-02
 -3.77306505e-03  3.16359475e-02  9.10349637e-02  2.01149628e-01
  2.17731953e-01  8.26609284e-02 -5.19427247e-02  2.49215234e-02
  1.58760756e-01 -8.99330247e-03 -2.60811746e-01 -3.11123766e-02
 -6.47556037e-02  4.37836722e-02  2.15136353e-02  1.64472640e-01
  9.51005239e-03 -1.47670180e-01 -3.29767540e-02  1.02352813e-01
 -1.48888275e-01 -2.16700751e-02  1.41859397e-01  3.28381695e-02
  2.15088189e-01 -6.22638501e-02 -1.79367121e-02 -1.55659750e-01
 -3.52552459e-02 -8.34808312e-03  1.01310462e-02 -7.41024613e-02
 -1.62496660e-02  6.46821931e-02  3.58467139e-02  1.41971409e-01
 -6.93286434e-02  2.01506957e-01  6.20037541e-02 -5.37378248e-03
  3.43067795e-02 -1.32317722e-01 -1.24852613e-01  1.15341879e-02
 -1.87723249e-01 -1.97279707e-01  7.36791715e-02  1.41843140e-01
 -2.23318726e-01  5.37878461e-03 -1.26743577e-02 -7.69747701e-03
  9.08808932e-02  1.42884761e-01 -2.43235822e-03 -8.49789530e-02
 -1.37745421e-02 -3.70454267e-02  1.94742948e-01 -1.87018700e-02
 -1.74476936e-01 -2.33453903e-02  4.64488231e-02  2.97550745e-02
  4.56112400e-02  2.62562148e-02  3.99891585e-02  1.37138337e-01
  2.41491571e-01 -9.05138105e-02  5.50795048e-02 -3.57684381e-02
 -3.94867025e-02 -9.56013426e-03  4.07768637e-02  2.96203531e-02
 -9.05563757e-02  1.68113530e-01  4.16817032e-02 -7.79704005e-02
  6.02915399e-02 -2.81700678e-02  8.83868262e-02  1.03266649e-02
 -1.94600821e-02 -1.63862199e-01  6.61592931e-02  3.80326733e-02
  1.24351382e-01  8.30419809e-02  1.90892428e-01 -1.65218059e-02
 -8.06740895e-02  1.45287901e-01  5.11981547e-02 -6.50149360e-02
  2.02244055e-02  6.17190748e-02 -1.35002688e-01  1.38846859e-01
  2.36058570e-02  2.35075027e-01 -5.63261993e-02  9.73142534e-02
  2.68314574e-02  2.48929076e-02 -3.99485938e-02  2.07125135e-02
 -1.21939592e-01 -5.26103750e-02  6.94856718e-02 -1.65110547e-02
 -1.60004869e-02  6.67173555e-03  3.19705270e-02  2.57772245e-02
 -1.77841894e-02  5.56199923e-02  2.51193196e-01 -7.94435516e-02
 -1.71750829e-01 -8.88883471e-02 -1.96693745e-02 -1.33508269e-03
 -2.44669735e-01 -1.01340190e-01 -2.16568246e-01  5.41134290e-02
 -1.36445239e-01  9.16087814e-03  4.52928431e-02 -1.01628549e-01
  2.00907558e-01 -1.25373155e-01  1.98635161e-01 -5.59236575e-03
 -9.64224115e-02  7.45861232e-02  4.57112081e-02  1.49329856e-01
 -1.33106411e-01 -8.45747888e-02 -5.68831787e-02 -1.70047775e-01
 -5.52712521e-03 -3.04525375e-01  7.24165142e-02 -1.54042281e-02
  3.53169292e-02 -1.33963674e-01 -8.98946971e-02 -7.78286308e-02
 -3.22015993e-02 -4.74668369e-02  7.80304596e-02 -8.18449855e-02
  1.44169837e-01  1.39476433e-01  3.95928472e-02  3.94804627e-02
  6.89977482e-02  3.95778753e-02 -5.24036866e-03 -3.40726636e-02
 -2.02138364e-01  7.56906122e-02 -1.12525828e-01 -7.72233382e-02
 -5.03701530e-02 -5.80006950e-02  8.19644108e-02 -6.74047247e-02
 -7.61972135e-03 -6.14171922e-02 -3.14578228e-02 -9.01554525e-02
  2.13445380e-01  5.03694080e-02 -2.13107601e-01 -6.72559068e-02
 -1.02563731e-01  1.00106448e-01  4.39786166e-02  4.84200194e-02
 -1.48681672e-02  1.15448311e-02  2.09713638e-01 -8.28853808e-03
  9.96179953e-02 -6.23414367e-02  8.96524936e-02 -1.02676675e-01
 -4.09283750e-02  8.27979017e-03 -1.41383156e-01  5.49787953e-02
 -2.79711988e-02 -5.91033511e-02 -3.21645178e-02 -7.39946961e-02
 -2.60592715e-05  2.55979393e-02  1.68918267e-01  1.02505907e-02
  8.09406936e-02 -9.28848702e-03 -1.52710527e-02 -6.63995892e-02
  2.18888476e-01  3.99391080e-04  3.00689880e-02 -6.76854029e-02
  7.73577616e-02 -1.98674858e-01  5.13265766e-02 -1.52287364e-01
  2.31672898e-01 -3.00025605e-02 -1.04986280e-02  2.00111076e-01
  5.86401001e-02  1.03947781e-01 -9.80997756e-02 -1.23024084e-01
 -4.38254215e-02 -7.97359049e-02 -1.39047012e-01  1.53275892e-01
  3.86639573e-02 -1.81245402e-01 -1.43587932e-01 -1.85536612e-02
 -1.82354942e-01  1.47381559e-01  4.92275460e-03  2.67726660e-01
  1.09881632e-01  1.33878410e-01  2.23801568e-01 -3.35729830e-02
 -9.46088955e-02  6.96717128e-02 -4.26818505e-02  2.02086288e-02
  1.57495856e-01 -1.71535373e-01 -2.63702236e-02  1.55367106e-01
  1.19128101e-01  8.46137479e-02  1.38908727e-02 -5.73728681e-02
 -2.23843768e-01  4.63705622e-02  1.14693411e-01 -1.32005068e-03
  2.17188336e-02  7.30539113e-02  3.99586596e-02 -5.77053875e-02
  5.23231961e-02  2.24447504e-01 -5.09364493e-02 -1.65398300e-01
  5.62506840e-02 -2.31198687e-02 -1.41487699e-02  1.81585504e-03
  5.53806797e-02  1.21362627e-01 -7.82547146e-02 -2.79077813e-02
  3.20248418e-02 -3.03935129e-02  9.35372561e-02 -8.81902054e-02
 -1.14582190e-02  8.66616517e-02 -9.62638035e-02  6.74469471e-02
 -6.67624846e-02  6.97343126e-02  9.61289033e-02  8.47116411e-02
  2.47019939e-02  5.16539533e-03  1.86086185e-02 -3.30658220e-02
  5.59080914e-02 -3.59382182e-02  3.10118973e-01 -1.72083691e-01
 -1.39955670e-01 -9.31796618e-03 -1.23402409e-01 -1.05662093e-01
 -1.84013903e-01 -6.56168982e-02 -9.80717763e-02  1.15754688e-03
  8.81315619e-02 -1.05281979e-01 -1.33707821e-01  4.45907190e-03
  9.49759036e-03 -2.17320561e-01 -4.05817367e-02  4.57751704e-03
  1.44174099e-01  1.57850422e-02  2.28253916e-01  2.01523125e-01
  7.56400153e-02 -2.36681968e-01  1.86553136e-01  2.16425523e-01
  1.45194203e-01 -3.00020576e-02 -2.52240673e-02  2.45228112e-01
  3.86328474e-02  6.55204207e-02 -9.26327184e-02  2.61407852e-01
 -2.17539981e-01 -3.64237092e-02 -2.10440025e-01 -7.85376355e-02
  2.00593844e-02  3.71281132e-02  5.17893061e-02  2.87321620e-02
  2.60943407e-03 -1.86915956e-02  1.00479208e-01  5.18291742e-02
  1.43930957e-01  8.29936750e-03 -2.69899215e-03  3.02777793e-02
  1.05513752e-01  7.43055046e-02  6.60643429e-02 -4.26473022e-02
 -6.90368712e-02  1.58505425e-01 -3.67243588e-02 -1.52604043e-01
 -7.20738247e-02  4.08933721e-02  1.97448641e-01 -6.66707475e-03
  1.34629413e-01  1.13554671e-01  3.10670678e-02 -2.47448564e-01
 -4.94206436e-02 -2.22370893e-01  7.68353119e-02  4.42483276e-02
  4.77484874e-02 -9.84766334e-03 -1.48042068e-01  1.95570067e-01
 -1.51781529e-01 -1.03235044e-01  4.40477282e-02 -9.37886462e-02
  1.08755536e-01  1.74876764e-01 -5.78103065e-02  4.67584915e-02
 -2.48387959e-02 -7.50135817e-03  1.83091685e-01 -4.73238033e-05
  6.93069398e-02 -6.87365085e-02  4.92489152e-02  6.79228380e-02]