http://erau.edu/ontology/meme.owl#EXTERMINATEMeme
[-0.03683206 -0.1278356   0.02897919  0.04222504  0.02294315  0.07552907
  0.12577204  0.00204167 -0.03839449 -0.12533747  0.05211462 -0.05306727
 -0.00170231 -0.04992143 -0.06181311 -0.05337571  0.07963976  0.04476798
 -0.02709754  0.04821039 -0.10874268  0.10278056  0.06150616 -0.143219
  0.11961889 -0.04975515 -0.04033443 -0.07214612  0.21889602  0.06219115
  0.1344789   0.17473803 -0.01091958 -0.05687817 -0.05077712  0.206112
  0.0048577   0.10067396 -0.00635694 -0.10261034 -0.0692328   0.11500415
 -0.14927165 -0.053756    0.07503173  0.03419495  0.06500836 -0.02649163
 -0.0512257   0.03257489  0.01997704  0.07101087 -0.14313442 -0.14225347
 -0.09353963  0.00455705  0.09188009 -0.12891164  0.1665039   0.04275032
 -0.05284917 -0.01576169  0.05803651  0.04332186 -0.06789222 -0.11070715
  0.08273441 -0.07163093 -0.07204449 -0.06607122 -0.07072607  0.06561588
  0.057194    0.03128651  0.00964346  0.11664405 -0.0365427   0.0126185
  0.08637069 -0.00415226 -0.00213884 -0.12854572 -0.02603616 -0.14639203
  0.09908207 -0.04545679 -0.07958284  0.07698402  0.02448734 -0.04825873
  0.00866204 -0.13948342  0.10057162 -0.07872478 -0.05107907  0.06042244
  0.01638437  0.01451104 -0.03956547 -0.04563536  0.1392487   0.07128356
  0.26486278 -0.03996443  0.00900951  0.08872638  0.09492199 -0.01252884
 -0.00870083 -0.01207058 -0.03445802  0.03687144 -0.16026917 -0.06110749
  0.10700593  0.04801859 -0.24015446 -0.09787895  0.0170494   0.10406017
 -0.02977999 -0.03597428 -0.11224431  0.08355816  0.04231044 -0.05318368
  0.06746242  0.03386607  0.04793346  0.05473599 -0.2243048  -0.05877678
 -0.04951042 -0.04253137 -0.04099289  0.08345068 -0.04092401 -0.05093286
 -0.10089     0.14116219 -0.21690354  0.02862837  0.13815911  0.0751874
  0.17062329 -0.2203494   0.03415866 -0.09695034 -0.09466069  0.10234431
  0.0018382  -0.09973877 -0.08590858  0.02935816 -0.00597734  0.08696298
 -0.11457375  0.14072129  0.0844912  -0.08852299  0.07819275 -0.02873912
 -0.00447395 -0.04196844 -0.22948445 -0.10390634  0.05871269  0.20036352
 -0.30954438  0.1618274   0.01678601  0.1770412   0.21162483  0.14864476
 -0.0410016  -0.05403532 -0.03432568 -0.08347534  0.10512266  0.00481588
 -0.08537851  0.05383029  0.02585482 -0.01795322 -0.05134283  0.03651464
  0.07712011  0.06539912  0.15170719 -0.04650234  0.00753967 -0.06492927
 -0.1715362  -0.04571592 -0.0078552  -0.03636     0.04045083  0.16783865
 -0.09197966 -0.09628254  0.04830119  0.03084943  0.14732762  0.03872259
 -0.08349971 -0.27300406 -0.0128451  -0.04234654  0.11316943  0.12537216
  0.2534068   0.05002127  0.0366318   0.00835899 -0.01680662  0.07334432
 -0.05892268 -0.00226815  0.14384732  0.14826159  0.0830831   0.15393533
 -0.05487778  0.06771778  0.02582849  0.0626347  -0.09720205 -0.05236026
 -0.00709887  0.00701468  0.05277821 -0.04537798 -0.10820674 -0.13037616
  0.00046161  0.07254809 -0.09084459 -0.12205622  0.01712039 -0.04317912
 -0.08918454 -0.07982842  0.03852099 -0.04935461 -0.19321397 -0.03916994
 -0.15075622 -0.04865697 -0.02473439  0.00714576  0.06224237  0.03328892
  0.10450643 -0.01995096  0.14297636  0.0231845  -0.13666318  0.03383563
  0.07026512 -0.00449599 -0.05559387 -0.1746977  -0.06785646 -0.15489176
 -0.05167142 -0.27736208  0.0488817   0.08901822  0.09186263 -0.16620514
 -0.07852467 -0.10450895 -0.04376523 -0.00534024  0.07609345 -0.01629586
  0.12574524 -0.0352762  -0.05818857 -0.04103999  0.13569775  0.05089875
  0.01666958 -0.09691172 -0.15245719 -0.03811816 -0.08794618 -0.01918534
 -0.07476569 -0.16001114  0.0862444  -0.19275147 -0.02425002 -0.02574549
 -0.00324059  0.03354311  0.09944899 -0.01293436 -0.07284907 -0.11877737
 -0.23940848  0.03877221 -0.01777813  0.0866899  -0.03076282 -0.0315868
  0.07763455 -0.04441864 -0.06478743  0.05948716  0.23520984 -0.11905666
 -0.05820049  0.02570533 -0.1099979   0.03933205 -0.07785361 -0.03508219
  0.05806399 -0.07139368  0.06943496 -0.1556128   0.09925192  0.1826439
  0.01695826  0.02342068 -0.11920702  0.01515726  0.06986264 -0.04573962
  0.01870245 -0.02671342 -0.00343826 -0.14278275 -0.03452507 -0.1625199
  0.13613386  0.06083265  0.06850147  0.07024903  0.02607361  0.03422766
 -0.01254698 -0.02694572  0.00805785 -0.06486911 -0.04548919  0.04520802
 -0.03748184 -0.10099097 -0.03046742 -0.05130557 -0.06705256  0.1181578
 -0.12944214  0.05882383  0.00806735  0.00918212  0.14546022 -0.04667112
 -0.0571517   0.0220377   0.00071437 -0.02307091  0.0033251  -0.01944938
 -0.04837073  0.07034907  0.0626295   0.03887914 -0.0183479  -0.08267202
 -0.12422712  0.06478784  0.01404396  0.00534223 -0.00641661  0.01173805
 -0.06733076 -0.0230626  -0.01334304  0.14425105 -0.0738395  -0.09475079
  0.04032836 -0.08695248 -0.06309033  0.16500217 -0.05346781 -0.02954325
  0.05948896  0.05303382 -0.03013097  0.24124874 -0.00621125 -0.15901917
  0.00779409  0.05713378  0.29319373 -0.10159655 -0.01405386 -0.17395125
  0.10756371 -0.13715094 -0.06693026  0.00778227 -0.05316405  0.2593196
  0.0559034   0.06630184  0.09039522 -0.09725714 -0.10498436 -0.05694563
 -0.05704305  0.06579354 -0.05158535 -0.07118403 -0.0262043   0.03893501
  0.09765602  0.00294424 -0.15016052  0.02629568  0.01377976 -0.08286399
 -0.03974391  0.08684941  0.05363288 -0.0393493  -0.00534766  0.12754175
 -0.01081029 -0.13922703  0.13634674  0.08755385  0.0575617  -0.11862691
  0.00873911  0.11328178  0.11086836  0.06732251 -0.09123887  0.18517539
 -0.12967902 -0.01164346 -0.17247827 -0.02565179 -0.04688682  0.01572027
  0.06312077  0.07592621  0.08911222  0.01456312  0.08739906  0.00333473
  0.12622383 -0.02332348  0.05369071 -0.04106647  0.07314509  0.10098578
  0.08965089 -0.08869483  0.05252068  0.04201867 -0.03198593 -0.11631576
 -0.04786866  0.01634101  0.13993317  0.00927279  0.12268648  0.08151489
  0.01129146 -0.15729609  0.06354172 -0.11574017 -0.07386695  0.04568235
 -0.04454372 -0.01139094 -0.06830318  0.11901881 -0.10095849 -0.10912139
 -0.05833772 -0.03818392  0.0670616   0.05636233 -0.01717263  0.01910953
 -0.01006872  0.02131093  0.0900985   0.02973025  0.06101367  0.06716256
  0.04640649 -0.01615591]