http://erau.edu/ontology/meme.owl#AinsleyHarriottMeme
[-8.38887226e-03 -1.52669221e-01 -1.37231071e-02 -3.63541134e-02
  8.03293586e-02  3.29281330e-01  7.60957971e-02  6.55053556e-03
 -5.58415838e-02 -4.35710559e-03  4.75731418e-02 -8.02099407e-02
  2.29117107e-02 -7.19832405e-02 -7.78590888e-02  1.70125648e-01
  4.41879705e-02  6.99785203e-02 -1.08622849e-01  9.27026570e-02
 -2.99746520e-03  5.04015088e-02  6.06157724e-03  5.43813482e-02
  2.45908260e-01 -7.70079717e-03 -1.09519083e-02 -4.54341248e-02
  7.37571567e-02  6.34575188e-02  1.17093571e-01  1.80990934e-01
  8.24659690e-02 -4.20978889e-02 -1.02995679e-01  3.41795921e-01
 -8.46164078e-02  5.63612208e-02 -1.62373200e-01 -1.96958169e-01
  2.46146880e-02  3.91120575e-02 -1.33433402e-01 -6.44180253e-02
  4.37958017e-02  1.34646997e-01  1.48019259e-04 -1.80090621e-01
 -1.01395816e-01  3.78049142e-03  5.38235717e-02  1.38303936e-01
 -7.25087523e-02 -1.16207510e-01 -2.79523224e-01  9.01304185e-02
  1.29937425e-01 -3.15261751e-01  1.24508040e-02  4.35591079e-02
  1.75857961e-01 -5.18208323e-03  1.61080807e-01  5.28081171e-02
 -1.35173738e-01 -1.63514242e-01  1.00305691e-01 -2.27688514e-02
 -3.52631956e-02 -1.40260652e-01  2.88163349e-02  1.38526872e-01
  1.14469090e-03  1.22615978e-01  5.53885624e-02  1.55010864e-01
 -2.04513639e-01  5.72598837e-02  4.15741317e-02  1.14660680e-01
 -2.39128862e-02 -1.17685720e-01 -4.94765453e-02 -2.17396945e-01
  2.41721883e-01 -1.14754409e-01  4.02604118e-02  4.30112332e-02
  1.48359537e-01 -1.29818022e-01  3.36027667e-02 -1.68832555e-01
  1.29367858e-01 -4.00112607e-02 -9.58699286e-02  7.26390854e-02
  8.70158225e-02 -1.02053307e-01 -9.37635228e-02  3.32802758e-02
  1.13360174e-01  1.70391530e-01  3.92977268e-01 -2.45140325e-02
  7.51300678e-02  1.62840545e-01  1.89360410e-01  1.10657085e-02
  6.55004308e-02 -4.57998291e-02 -1.13451652e-01  2.77531631e-02
 -2.06448063e-02 -4.71733697e-02  1.40111715e-01 -8.09197314e-04
 -2.16797575e-01 -1.73349768e-01 -1.23682171e-01  1.42677163e-03
 -1.27329901e-01 -1.15946652e-02 -6.27220497e-02  1.84823066e-01
  1.58444047e-01 -7.39399716e-02  1.17268592e-01  7.51569718e-02
  6.19889759e-02 -8.37152228e-02 -3.12619805e-01 -1.30600646e-01
 -3.92019562e-02 -1.40976697e-01 -7.57039934e-02  2.86701098e-02
 -1.29063338e-01  3.71689834e-02 -1.40817106e-01  1.50540229e-02
 -2.11353347e-01  1.80224866e-01  1.19905338e-01  1.04200393e-02
  2.58636951e-01 -1.07272305e-01 -8.43538344e-02 -6.64507076e-02
 -8.44398141e-02  1.61157548e-01 -9.43120122e-02 -2.84251291e-02
 -5.35618439e-02 -4.90163639e-02 -4.21087332e-02  2.67638452e-02
 -1.74728066e-01  8.78780708e-02  5.03310114e-02 -9.19577107e-02
 -4.34842966e-02 -8.56675357e-02 -3.89750637e-02 -1.09152287e-01
 -2.28663594e-01 -7.61624724e-02  2.83466838e-02  2.61696905e-01
 -3.35716158e-01  7.88184181e-02  8.65917839e-03  1.89459905e-01
  2.24672869e-01  2.17755362e-01 -1.07264869e-01 -1.23622663e-01
  1.86394572e-01 -1.07843883e-01  1.85427755e-01  1.81426108e-03
 -2.02031985e-01  7.42224529e-02  2.46311545e-01  8.88353307e-03
 -1.33070961e-01  3.02579030e-02  7.78869092e-02  1.29653201e-01
  4.71777506e-02 -5.16582392e-02  1.42966762e-01  7.17353523e-02
 -9.58568528e-02 -5.33509776e-02 -1.84443110e-04 -8.02669674e-03
  6.40336275e-02  1.89569786e-01 -6.37430027e-02 -6.92917109e-02
  4.83797900e-02  1.34841174e-01  1.14385255e-01  1.17720053e-01
 -1.71201348e-01 -2.52389193e-01 -5.77961095e-02 -9.21147987e-02
  2.49273926e-01  7.40701482e-02  1.81500435e-01  4.37407717e-02
  1.47258574e-02 -1.26198381e-01 -3.82211365e-05 -6.58836737e-02
 -1.21604994e-01 -3.27555276e-03  3.64855409e-01  1.26440749e-01
 -8.29541534e-02  2.91869909e-01 -9.54176784e-02  1.57715231e-01
 -4.46270406e-02  3.77702378e-02 -1.58739667e-02 -7.07425252e-02
 -2.06590281e-04  4.13795002e-02 -6.73877914e-03  3.71467955e-02
 -6.77701160e-02 -2.84269929e-01  7.05217645e-02  9.30853784e-02
 -8.60547349e-02 -1.31354883e-01  7.08431453e-02 -1.61085621e-01
 -3.41465473e-02 -1.60790831e-01  2.44343113e-02 -4.20705974e-03
 -2.13206410e-01 -1.25103951e-01 -2.27832034e-01  2.93390248e-02
 -5.70500568e-02  7.50037283e-02  2.71329489e-02  1.33460030e-01
  4.23302539e-02  3.05128880e-02  4.04049009e-01 -4.59637977e-02
 -9.98983532e-02  7.41411448e-02 -2.26092525e-02  9.02984366e-02
 -1.87133074e-01 -1.65755108e-01  5.64866997e-02 -8.63364562e-02
 -1.07399017e-01 -2.97836542e-01  8.74125883e-02  1.88406438e-01
  1.67767450e-01 -1.05862729e-01 -2.03630418e-01 -1.26221120e-01
  4.56547141e-02  3.19568850e-02  8.88906196e-02  6.57227710e-02
  1.25710517e-01 -5.80112413e-02 -3.04022562e-02 -5.21538965e-02
  1.85494438e-01  7.77389482e-02 -1.02938771e-01 -2.31180891e-01
 -1.06546342e-01  1.41804758e-02 -9.84243378e-02 -1.71599507e-01
  2.18304899e-02 -5.71634388e-03 -5.68829179e-02 -1.98760226e-01
  8.78310949e-02 -8.02194029e-02  3.21603380e-02  6.95055723e-02
  4.25506420e-02  2.02091001e-02 -1.17755607e-01 -1.40421748e-01
 -2.84398466e-01  8.48645270e-02  4.88493256e-02  7.22695813e-02
  8.95454213e-02 -6.86336011e-02  5.62164523e-02 -1.34111792e-01
 -1.20383821e-01  9.61928591e-02  1.61839455e-01 -1.74264804e-01
 -7.32732266e-02 -2.10251790e-02 -2.65434295e-01  4.62115891e-02
 -6.95231184e-02  8.57080705e-03 -1.24782068e-03 -7.73596689e-02
  1.02212608e-01 -1.61819562e-01  2.32148737e-01  1.92082047e-01
 -3.85777354e-02  1.85186833e-01 -1.28784999e-01  2.90274862e-02
  1.87330469e-01  1.12070702e-01  2.17054877e-02  2.90237144e-02
  1.02596879e-01 -1.18455410e-01  8.17047730e-02 -2.61051357e-01
  2.36049846e-01 -8.30967631e-03  9.58588272e-02  5.21590412e-02
  2.09042262e-02 -2.55330047e-03  1.66016892e-01 -1.84091002e-01
 -5.95005490e-02 -2.41753414e-01 -1.08320199e-01  6.74978644e-03
  5.90701727e-03 -2.84607317e-02 -1.07388420e-03  7.44697005e-02
 -2.30760604e-01  9.11518335e-02 -3.59226495e-01  1.03129327e-01
  6.24954514e-02 -4.06219810e-03  3.23690057e-01 -1.90195277e-01
 -5.14392667e-02  1.16333373e-01 -1.32462876e-02 -5.55566438e-02
 -3.29343639e-02 -1.21507548e-01 -1.24324031e-01  2.33360574e-01
  1.69461012e-01  2.92692091e-02  5.88588826e-02 -1.56526804e-01
 -1.43137679e-01  2.00157136e-01  1.20605513e-01 -9.58130416e-03
 -3.84534560e-02  1.07099622e-01 -6.92194551e-02 -1.48155883e-01
  3.25950328e-03  2.16066301e-01 -1.19662657e-01 -1.28965631e-01
 -1.02583498e-01  1.81877643e-01 -1.62333459e-01  2.13180721e-01
 -7.96244666e-02 -1.61274243e-02  6.95696697e-02 -8.15496594e-02
 -3.48687880e-02  6.24285303e-02  3.54965068e-02  4.27057706e-02
 -5.87486885e-02 -3.10341492e-02  1.63336113e-01  8.33837390e-02
 -1.01574315e-02 -6.86082616e-02  8.23262706e-02 -1.16615491e-02
 -2.88405586e-02  1.35231614e-01 -1.85628012e-01 -5.12545295e-02
  1.27266377e-01  1.17033266e-01  1.06785484e-01 -2.23671243e-01
 -1.25466987e-01 -1.49062611e-02 -2.55725719e-02  8.39942619e-02
 -3.42367366e-02 -4.86812480e-02 -7.16629252e-02  1.09395750e-01
  9.55749396e-03 -1.26602679e-01 -1.83050960e-01 -1.46283144e-02
 -7.86605477e-02 -1.52314454e-01 -3.83206308e-02  1.57312050e-01
  2.01436996e-01  7.92669803e-02  1.18500620e-01  1.76090255e-01
  3.16967890e-02 -2.35108688e-01  2.11378053e-01  2.47765228e-01
  6.10216111e-02 -2.43275687e-01  1.82709433e-02  1.16005145e-01
  2.83311576e-01  4.39575203e-02 -1.11084290e-01  3.60795349e-01
 -3.32793623e-01  4.51705530e-02 -1.88537806e-01 -5.93193527e-03
 -7.25803897e-02  9.54533517e-02 -5.34227677e-02  2.64340073e-01
  2.83338457e-01 -9.09346193e-02  2.62309164e-01 -1.50474265e-01
  2.72147417e-01  1.22560650e-01 -2.78377626e-02 -3.85251306e-02
  7.72676989e-02  2.17261478e-01  1.51276946e-01 -5.02078421e-02
  1.16251677e-01  2.99516283e-02  1.97331868e-02 -4.20694202e-02
 -1.09882139e-01  8.56075957e-02  1.29506707e-01  2.18491517e-02
  1.60608217e-01  1.07501447e-01  3.00898347e-02 -1.55828938e-01
  1.49817944e-01 -8.60944167e-02 -5.28181940e-02  1.95087805e-01
 -4.27020863e-02 -1.73607618e-01 -7.16865286e-02  2.16470391e-01
 -1.50510758e-01 -2.17480853e-01 -6.15435727e-02 -1.60054177e-01
  9.82117131e-02 -5.80836907e-02 -1.38059363e-01  2.19675135e-02
 -2.22676873e-01  3.96194048e-02  1.27238899e-01  5.66813014e-02
 -1.29795577e-02 -3.92178930e-02  1.69933997e-02  2.73840744e-02]