http://erau.edu/ontology/meme.owl#BeesAreDyingatanAlarmingRateMeme
[-0.16373096 -0.12206601  0.15134497  0.06835283  0.04184109 -0.04251959
  0.26237288  0.08280461 -0.08415356 -0.08051377  0.16251832 -0.04066268
 -0.02496863  0.04550865 -0.06836281  0.0018972   0.06772081  0.12286424
  0.1287096   0.14872934 -0.2873202  -0.02510025  0.20555991 -0.13697943
  0.10905158 -0.09627395 -0.00969013 -0.11155474  0.4356991   0.16816378
  0.13549206  0.06232553  0.10142183 -0.12723422  0.05614195  0.06207022
 -0.09236085  0.05467919  0.02609975 -0.13302755  0.01317103  0.14470288
 -0.17163807 -0.03958932  0.05989689 -0.01755358 -0.02049533  0.04305142
  0.08883241 -0.03344189  0.07705435 -0.02036577 -0.02320186 -0.11747811
 -0.02579482 -0.00884011  0.09836675  0.01569489  0.03984232  0.2077715
  0.00137455 -0.10440784  0.17216742 -0.00424503 -0.22747721 -0.05200134
  0.01423581  0.09415051 -0.17104478 -0.10387181 -0.05677419  0.09809068
  0.1626801  -0.05216796  0.06866746  0.00793119 -0.06104781  0.05718695
  0.16827734  0.06422495 -0.01900681 -0.02601126 -0.08526367 -0.1555509
  0.03058438 -0.10440668 -0.15004073  0.1264915   0.180681    0.0878923
 -0.03007885 -0.24363862  0.05615769 -0.01061385 -0.21864249 -0.01158627
 -0.08839297  0.04179065 -0.04771261 -0.09067301  0.09521609 -0.09080492
  0.28036436 -0.03509094 -0.04717162 -0.00596661  0.04041216  0.02549948
  0.02474658 -0.09030844  0.01017499 -0.03630122 -0.10824223 -0.15978117
  0.08149952  0.06318212 -0.23052616 -0.01111259  0.06089972  0.0249836
  0.04738452 -0.11787627 -0.01943733  0.12655379  0.00226066 -0.10770343
 -0.12604573  0.01871553  0.009392   -0.03030604 -0.1855784  -0.0196198
 -0.01505914 -0.0818431  -0.08630868  0.07046572 -0.00677749 -0.15365753
 -0.04366758 -0.02602034 -0.19419442 -0.04448131  0.04809875  0.06501445
  0.10628338 -0.18313278  0.1735457  -0.09356704  0.0763067   0.11437225
  0.01482276 -0.14593275 -0.0581138   0.05497662 -0.00644332  0.04722369
 -0.11664615  0.17857262  0.04926633 -0.05999026  0.05202308 -0.13826331
 -0.00648098  0.08559498 -0.23158872 -0.22109984 -0.15094028  0.08605177
 -0.24604073  0.16720055  0.08216211  0.24253963  0.1783223   0.06291462
 -0.06673694 -0.03256868 -0.03585698  0.01056825  0.06676347 -0.02216649
 -0.0405534   0.05452663  0.04903242  0.01016067  0.02220107 -0.02423006
  0.1270824   0.03277736  0.17279126 -0.09268081 -0.07128631 -0.02754641
 -0.15827914 -0.07690825 -0.04806118 -0.13813314  0.0222047   0.09626964
 -0.07392345  0.00316649 -0.05183578 -0.14935744  0.01138097 -0.11139519
  0.08430593 -0.25617558  0.05994854 -0.06522902  0.18213822  0.10211854
  0.28412765  0.13959154 -0.05849979 -0.14721341  0.1908147   0.08958296
 -0.14795233 -0.07682469  0.12313566  0.08682464  0.244465    0.14085713
 -0.12916763 -0.0492382  -0.01850278 -0.03718257 -0.19286951 -0.0316799
 -0.06234866  0.00850789  0.03618267  0.02922853 -0.05819627 -0.04740338
  0.01358353 -0.0964078  -0.09119236 -0.06931697  0.06220574 -0.05566901
  0.00639031  0.08304348  0.06564613  0.01170457 -0.21938415 -0.03986821
 -0.02911225 -0.11438274 -0.16188125  0.10814027  0.02503148  0.02302526
  0.17676665  0.05597185  0.16421713 -0.13493265 -0.14420345 -0.09296988
 -0.08274188 -0.00902081 -0.13966848 -0.03999708 -0.10061572 -0.1251507
 -0.01768989 -0.05372548  0.03522198 -0.06002184 -0.07739137  0.07086381
  0.05330956 -0.03460715 -0.0337909   0.04581366  0.22944152 -0.01906372
  0.02488809 -0.04856553  0.03585174 -0.03898557  0.01161341  0.15816067
 -0.06448124 -0.06251586 -0.10450526  0.01983588 -0.02915312 -0.01712651
 -0.02984645 -0.03043906  0.114444   -0.03862936 -0.0543646  -0.06879496
  0.06724713 -0.0073491   0.10959443  0.03387081 -0.1564499  -0.17565157
 -0.04052696  0.00927974  0.02058928  0.08722229  0.0044777  -0.08621509
  0.2863592  -0.0739936  -0.04812215 -0.05173267  0.21090096 -0.2256022
  0.03533906  0.06602784 -0.00316203  0.00629384  0.09133237  0.10446004
 -0.01001399  0.00215979  0.09859189 -0.09623101  0.05550724  0.15866387
 -0.00256439 -0.06047661 -0.06635793 -0.01886314  0.2391825   0.01387824
  0.01782201 -0.04546946  0.03988982  0.03757343 -0.05815046 -0.28702036
 -0.01643414  0.22948734 -0.1504386  -0.02015294  0.00747794  0.23892716
 -0.09986595  0.11152496 -0.20012547  0.12461603 -0.08959982  0.27746686
 -0.02379907 -0.14296043 -0.02979622  0.15721245 -0.02996261  0.23085012
 -0.17011677  0.0184513  -0.04399231 -0.08645104  0.1861532  -0.04880492
 -0.14520997  0.15155293  0.02275201 -0.00091195 -0.01728269  0.00920787
 -0.03536355 -0.01662385 -0.10252763 -0.01462621 -0.05503515  0.05906132
 -0.19843854 -0.00823751  0.07344738 -0.01616456 -0.09233399 -0.01395281
  0.02257679 -0.0233268   0.1263494   0.10460749 -0.03129287 -0.07805043
  0.06078132 -0.18290655 -0.1672612   0.18815199 -0.03303992 -0.18688211
  0.02932886  0.11916401  0.01503909  0.2847631   0.03146738 -0.31511652
  0.12818235  0.13137203  0.10918275 -0.04504477 -0.06250869 -0.14105631
  0.04636972 -0.1852904  -0.08456374 -0.09903631 -0.02820808  0.29298174
  0.09779256 -0.03063206  0.12655123 -0.1489866  -0.21866128  0.00400602
 -0.11423235  0.12670411 -0.10060296 -0.12440351  0.05608271  0.13745059
  0.25362787  0.03056214 -0.13278225 -0.03612226  0.02181408 -0.09842654
 -0.02893065 -0.01706247  0.03279065 -0.13641849  0.0452066   0.19966385
  0.12013447 -0.05366459  0.10487764  0.16698907 -0.02170366 -0.07929787
  0.03989248  0.085186    0.10903799  0.22068161 -0.09019837  0.32101178
 -0.18752275 -0.12682965 -0.21441013 -0.1499018  -0.07243185  0.03585824
  0.09149823  0.10405377  0.14088586 -0.02700429  0.21574844  0.16316214
  0.06559773  0.04100794  0.14781916  0.0070631   0.15618771  0.06829534
  0.20267153 -0.07638934 -0.02010621  0.17540619  0.01503022 -0.09670779
 -0.02442168  0.03808434  0.19693196 -0.12464501  0.10460164  0.17745739
 -0.03525043 -0.09229538  0.11439488 -0.32378536 -0.03266384  0.23303878
  0.04222791  0.03898941 -0.05628421  0.32879186 -0.15836923 -0.26167324
  0.0389128  -0.07779752  0.22074513  0.08028141 -0.04276425 -0.00153312
  0.09341241  0.14279442  0.09367746  0.04628332  0.01796075 -0.13152628
  0.12372031  0.1912651 ]