http://erau.edu/ontology/meme.owl#TickleMeElmoMeme
[-1.27733707e-01 -2.34460607e-01  1.22277290e-02  2.41075829e-02
 -5.77512905e-02 -6.26568869e-03  2.94593066e-01 -8.82820860e-02
  6.10770136e-02 -6.85999403e-03  3.06477427e-01 -1.59294888e-01
  1.23250619e-01  8.75378624e-02 -1.60061177e-02 -1.55088156e-01
 -6.49936572e-02  2.73935497e-01 -5.52228279e-02  2.47486793e-02
 -2.89066255e-01  2.14579821e-01  2.10328713e-01 -2.32008412e-01
 -5.40245548e-02  3.66953164e-02  1.60690385e-03 -1.34088680e-01
  3.83142531e-01  8.96517336e-02 -2.60348283e-02  1.04761675e-01
  7.12761329e-03 -1.54419452e-01 -9.73085612e-02  2.42564321e-01
  5.05266711e-02  9.33172926e-02  1.11241145e-02 -1.04611978e-01
 -4.25631329e-02  3.43175352e-01 -3.23148519e-01 -1.08638257e-01
  1.58335209e-01  7.56508559e-02  2.24915612e-02 -9.30063203e-02
  2.09971648e-02  1.15149610e-01  1.09872974e-01 -9.56739187e-02
 -3.86098139e-02 -2.75179923e-01 -1.53795868e-01 -8.01020935e-02
  1.00840792e-01 -1.81490406e-01  2.40236521e-01  1.25649229e-01
 -1.90671146e-01 -1.44648880e-01  1.44142389e-01  6.02235496e-02
 -2.35285506e-01 -1.02072783e-01 -2.15157047e-01 -8.73221457e-03
 -1.79970279e-01 -2.26085588e-01 -2.21394584e-01  1.64466172e-01
  2.27268800e-01  1.13574639e-01  6.44004345e-02  3.76799442e-02
 -5.57401925e-02 -1.17214937e-02  3.88276637e-01  7.74905533e-02
 -1.69750214e-01 -7.30498433e-02 -2.15321824e-01 -3.89695019e-01
 -6.82660937e-02 -8.85992050e-02 -2.35332936e-01  7.44088665e-02
  1.25797942e-01  4.53667492e-02 -1.41570777e-01 -3.25826705e-01
  1.68293104e-01  1.90230999e-02 -1.62810683e-01  7.65548721e-02
 -3.48221436e-02 -7.88821653e-02 -1.65007353e-01 -2.90086772e-02
 -1.02420999e-02  2.73320358e-02  3.54527324e-01 -2.20996842e-01
  3.79573964e-02 -1.04698628e-01  2.06091717e-01  6.18300401e-02
  3.33343036e-02 -1.85027182e-01  7.70388171e-02 -3.23635302e-02
 -1.46679059e-01 -1.93704635e-01  1.75940678e-01  7.18645379e-02
 -2.83917993e-01 -1.57066226e-01  2.26684362e-01  1.63027436e-01
 -2.30725110e-02 -5.00836670e-02  7.70406127e-02 -2.22770907e-02
  8.81031007e-02  2.66251322e-02  1.73130874e-02 -4.37093787e-02
  4.55043279e-02  1.65238567e-02 -1.93420112e-01 -9.68115851e-02
  1.26798809e-01 -8.19705278e-02 -6.73630163e-02  2.10494891e-01
 -1.28362263e-02 -8.62686560e-02 -1.22292399e-01  1.65212601e-01
 -3.73116583e-01 -2.71255914e-02  1.39463127e-01  1.81859642e-01
  1.16715617e-01 -2.14246422e-01  6.24372065e-02 -1.89150870e-01
 -4.33052592e-02  1.27050996e-01  1.60034001e-01 -2.29282621e-02
  1.35408282e-01  1.11066744e-01 -7.03917891e-02  7.05073029e-02
 -2.56811827e-01  3.41988772e-01  5.68950884e-02 -8.21176767e-02
  6.16572276e-02 -6.00425974e-02 -2.94931345e-02  1.06303794e-02
 -3.29078853e-01 -2.30480134e-01  2.07385346e-02  1.46270931e-01
 -3.42562437e-01  1.10820226e-01  4.67686690e-02  5.86351603e-02
  2.76704788e-01  2.45831370e-01 -8.53861198e-02  6.19548652e-03
 -6.77431142e-03 -1.13753090e-02  1.32439971e-01  3.47866938e-02
 -9.51593369e-02  7.92746693e-02 -2.29903404e-02 -8.22775960e-02
 -3.78311165e-02 -9.64300055e-03  6.47028685e-02  2.89446730e-02
  2.63082892e-01 -8.72572064e-02  3.09220906e-02 -1.01306938e-01
 -3.13142896e-01 -1.50235638e-01 -2.91855875e-02  3.13525274e-02
  7.02904351e-03  2.91524619e-01 -7.32399821e-02  4.11754064e-02
  8.57969970e-02 -6.11621998e-02  1.05080120e-02 -2.00416788e-01
  1.93385431e-03 -1.37724712e-01 -4.61048558e-02 -4.96062562e-02
  1.24781407e-01  1.56699345e-01  2.22500652e-01  1.48265943e-01
 -9.15948898e-02 -3.97219062e-02  1.16158091e-01  2.22704876e-02
 -2.12326705e-01 -6.04513772e-02 -1.34719526e-02  1.12694509e-01
  2.20228717e-01  1.63651690e-01 -1.16226129e-01  2.11959146e-02
  1.93079337e-02  1.08541816e-01 -1.16086692e-01 -2.05534161e-03
  3.00595332e-02 -7.97312334e-02  2.86776423e-02  8.58623385e-02
 -9.70252827e-02  1.27092898e-01 -1.18197151e-01  4.26608846e-02
 -2.02947799e-02 -7.40523562e-02  1.11957699e-01 -3.98779772e-02
 -3.70736085e-02 -1.45766307e-02 -8.46312121e-02 -6.63134679e-02
 -1.32341415e-01 -7.41309077e-02 -7.66468942e-02 -9.76630896e-02
  3.72470878e-02  5.31113185e-02 -3.17495614e-02 -2.44899336e-02
  2.02846780e-01 -1.72616765e-02  9.24902186e-02 -1.01701088e-01
  8.54038727e-03  4.42948453e-02 -2.58509070e-02  1.51661662e-02
 -1.14047132e-01 -5.51482514e-02 -1.06195629e-01 -9.05940831e-02
  5.68596181e-03 -2.38751769e-01 -4.03164234e-03 -3.51348780e-02
  1.45710677e-01 -1.25581520e-02  1.62125621e-02 -1.10961385e-01
 -1.01425396e-02  7.74118528e-02  2.56483406e-01 -1.14703603e-01
  6.19266815e-02  3.31063159e-02 -4.96687554e-02 -4.27119359e-02
  6.39371201e-02  2.42255745e-03 -3.36101726e-02 -3.05940341e-02
 -1.73232228e-01  5.56916744e-02 -7.20944777e-02 -4.30690311e-03
 -3.94944437e-02 -1.66125372e-01  8.26587304e-02  6.03909465e-03
 -2.34917048e-02 -8.08607414e-02  4.68153842e-02 -5.13508879e-02
  1.89532071e-01  6.57700449e-02 -1.46521866e-01 -2.75442600e-01
 -1.37600765e-01 -3.87886390e-02  1.76679678e-02  4.39147614e-02
 -1.21904060e-01  1.90653501e-03  2.25448221e-01  5.84260076e-02
  1.68041661e-01 -8.75996798e-02  1.09768763e-01 -1.72209725e-01
 -3.55833652e-03  5.69519140e-02  1.11061381e-02  1.20490983e-01
  1.20855123e-02  2.40101814e-04  1.89968079e-04 -1.23798080e-01
  1.10960566e-01 -1.11452453e-01  1.41456619e-01  1.86638027e-01
  6.17021173e-02 -4.20623906e-02 -1.28138527e-01 -1.37899041e-01
  1.46506235e-01  1.70619991e-02 -9.28678215e-02 -5.80708273e-02
  3.34870182e-02 -9.47974995e-02  2.52852943e-02 -2.71888167e-01
  1.54523984e-01  1.54226601e-01 -5.26910499e-02 -1.82936862e-02
 -5.06222136e-02  1.33078724e-01 -1.50774732e-01 -1.09548032e-01
 -1.34792197e-02  4.43110541e-02  4.13640328e-02  1.68070689e-01
  1.92749500e-02 -2.28799790e-01 -1.06201917e-01  1.99248895e-01
 -1.52370468e-01  1.76008612e-01 -8.76753479e-02  1.12428017e-01
  1.28298253e-01 -3.07131037e-02  2.23521620e-01  1.52713582e-01
 -1.07805386e-01  1.31452531e-01 -6.55690432e-02 -9.93304029e-02
  1.76362693e-01 -1.27575308e-01 -5.33861108e-03  1.20372204e-02
 -4.75395136e-02  4.06916589e-02 -3.87024228e-03  4.97633591e-03
 -2.38770396e-01 -2.94587445e-02  8.25102925e-02 -4.18627895e-02
 -1.07282981e-01  9.50335804e-03 -5.36630340e-02 -1.12816803e-02
  7.26698041e-02  1.21625476e-01 -1.00361347e-01  5.17989625e-04
  1.95381299e-01 -1.93460077e-01  1.45012392e-02  1.37009799e-01
 -1.34735584e-01 -1.72779545e-01 -5.37522919e-02  1.42987937e-01
 -2.50800680e-02  2.47462720e-01 -7.33701736e-02 -2.67802417e-01
  3.62071507e-02  1.55090451e-01  2.09369481e-01 -1.16503455e-01
 -4.14550342e-02 -1.70200586e-01 -1.12763252e-02 -3.26154292e-01
 -9.52248648e-02 -6.05256930e-02  3.09241898e-02  4.56901103e-01
  7.17866942e-02  1.16522267e-01  1.26175538e-01 -1.69655994e-01
 -1.44866571e-01  4.14454155e-02 -8.92402008e-02  1.67444553e-02
  2.29611136e-02 -1.72100320e-01 -2.58332938e-02  1.15037195e-01
  7.81587064e-02 -3.27711515e-02  4.40160409e-02  4.12240550e-02
 -5.26690595e-02 -1.76482871e-01 -1.14910774e-01  7.07846731e-02
  5.91711216e-02 -1.35325924e-01  8.63637310e-03  2.36148641e-01
  1.15625747e-01 -8.70106295e-02  1.72607616e-01  1.61484405e-01
  7.53765032e-02 -3.03253159e-02  7.70098865e-02  1.23232059e-01
  5.22468351e-02  5.09261526e-02 -1.23858161e-01  2.08038718e-01
 -1.26328707e-01 -7.54187927e-02 -1.38974488e-01 -1.43904686e-01
 -1.60995722e-01  3.50012667e-02  1.18729226e-01 -1.10422843e-03
 -7.34936766e-05  2.78508496e-02  2.03910008e-01  1.76010147e-01
  1.06892474e-02  3.44972946e-02  6.04245476e-02 -2.71909703e-02
  1.94174141e-01  1.14698999e-01  1.47404343e-01 -2.54724890e-01
 -4.00701445e-03  2.09881142e-01 -6.29478246e-02 -1.91194460e-01
  1.75796188e-02 -5.54966629e-02  3.00244957e-01 -3.30386236e-02
  2.73965925e-01  1.70112878e-01  1.24370307e-01 -1.76145405e-01
  7.04131722e-02 -1.18765369e-01 -3.41630075e-03  1.32369652e-01
  1.06761493e-01  8.08617920e-02 -1.76361233e-01  3.74798208e-01
 -1.43114612e-01 -1.98072791e-01  7.14950264e-02  3.74226831e-02
  1.02651164e-01  1.00733168e-01 -1.05495073e-01  1.16555709e-02
  1.17062859e-01  1.34954274e-01  8.50999057e-02 -6.13623075e-02
 -9.02910680e-02 -1.13506153e-01  1.46741401e-02  9.98691171e-02]