http://erau.edu/ontology/meme.owl#PrincessSarahShokojoSeraMeme
[-8.67751986e-02 -1.41955689e-01  1.04680672e-01 -4.38347273e-02
 -5.85694537e-02  4.09902483e-02  1.15391955e-01  6.42455071e-02
  3.06704063e-02  2.54204217e-02  2.22652853e-01 -6.76215217e-02
  1.51815832e-01  4.08151187e-02 -1.76169828e-01 -2.10884381e-02
 -7.97901489e-03  1.04467817e-01 -3.67867276e-02  3.35711520e-03
 -1.49597213e-01  8.18117335e-02  1.24979526e-01 -6.31548762e-02
  7.72065967e-02  2.83910669e-02  8.70178640e-02 -7.75882900e-02
  1.87629119e-01  1.78020328e-01 -8.45997501e-03  1.56049326e-01
  6.55539855e-02 -1.33567959e-01 -3.47952507e-02  2.13968143e-01
 -7.97974318e-02  5.38283885e-02 -5.14016375e-02 -2.43438706e-01
  4.64678369e-02  1.73794180e-01 -2.03599468e-01 -6.36441782e-02
  1.23821177e-01  1.21206425e-01  1.35731801e-01 -1.22129042e-02
 -6.08181804e-02  3.02516744e-02  8.84361640e-02 -9.32686627e-02
 -1.09956712e-02 -7.78681710e-02 -2.40768284e-01 -1.32385403e-01
  6.92640170e-02 -1.77899748e-01  2.10740030e-01  5.95973358e-02
 -9.30225998e-02 -1.17955714e-01  2.41911814e-01  1.15455024e-01
 -1.44319385e-01 -1.25270724e-01  2.33449484e-03 -8.65730867e-02
 -9.12538394e-02 -3.13539773e-01 -9.22669619e-02  1.71451211e-01
  1.08317673e-01  6.63445964e-02  4.89004180e-02  1.25934422e-01
 -1.17398448e-01  3.58831845e-02  2.63103217e-01  8.15701410e-02
 -1.07036591e-01 -8.89770165e-02 -1.26341030e-01 -3.32335651e-01
  1.66816264e-01 -7.58963078e-02  1.73198115e-02  4.96039540e-02
  9.40237269e-02 -7.68382847e-03 -1.11461960e-01 -2.69813925e-01
  1.75831273e-01 -9.54015777e-02 -2.13366538e-01  9.80510637e-02
  4.33101803e-02 -1.19131140e-01 -1.33436874e-01 -2.89053451e-02
  1.06924415e-01 -3.19979503e-03  3.59741300e-01 -1.74020812e-01
 -1.31691322e-01 -3.21080349e-02  2.43155450e-01 -5.21130413e-02
 -1.32488962e-02 -2.09862918e-01 -5.11254221e-02  6.01168014e-02
 -1.29780442e-01 -1.35233730e-01  1.12085417e-01  4.48905677e-02
 -3.39479238e-01 -2.18328357e-01  1.17242225e-01  3.29933465e-02
 -5.78009039e-02 -1.42449975e-01 -2.16078199e-02  1.90495513e-02
 -8.04097205e-03 -6.51801378e-02 -8.40170085e-02 -7.27763250e-02
  8.64112750e-02 -1.25037163e-01 -2.65470713e-01 -7.16749877e-02
  1.56117976e-03 -7.80014545e-02 -8.06206837e-02  8.18959251e-02
 -1.72290802e-01 -7.44011858e-03 -9.72710252e-02  1.10896468e-01
 -2.71776766e-01  5.35350554e-02  1.25365391e-01  1.27237871e-01
  1.43384919e-01 -2.58822352e-01 -4.67406809e-02 -8.96050707e-02
 -1.13685384e-01  1.02296121e-01  9.27817822e-02 -4.42144163e-02
  4.62085940e-02 -8.72985870e-02 -7.42977485e-02 -2.11409926e-02
 -1.90089121e-01  1.32337317e-01  9.75371078e-02 -1.52526200e-01
  8.95677656e-02 -9.03895348e-02  1.84820034e-02 -1.86380465e-02
 -2.75411159e-01 -1.92142636e-01 -4.65154462e-02  1.57484487e-01
 -3.13717365e-01  1.47689223e-01  1.03151172e-01  1.12622932e-01
  3.19975436e-01  2.54015595e-01 -6.22255206e-02 -1.34601370e-02
 -8.10497552e-02 -3.76570262e-02  6.14520907e-02  4.74503249e-05
 -1.18043222e-01  1.18140608e-01  3.03115081e-02 -5.04990369e-02
 -1.06079869e-01  1.06321918e-02  1.27519742e-02  1.05145788e-02
  1.40513822e-01 -6.05486371e-02  1.24898709e-01  1.53878788e-02
 -2.14435980e-01 -2.95068678e-02 -1.44994453e-01 -7.11871544e-03
 -1.07015036e-01  1.62057877e-01 -9.19448286e-02  6.99190423e-02
 -5.06579876e-02 -1.64167322e-02 -6.52511194e-02 -1.29784942e-01
  3.68346460e-02 -1.49555698e-01 -1.05007738e-01 -1.02752246e-01
  1.67231813e-01  8.96938518e-02  3.13868001e-02  1.20138578e-01
  2.17214432e-02 -1.04535013e-01  4.53892983e-02  3.20552709e-03
 -9.92972180e-02 -1.63824037e-01  1.02851920e-01  9.71141160e-02
  2.23019466e-01  2.07161307e-01 -5.50606735e-02 -2.00581551e-02
 -3.02979443e-02 -9.06498507e-02 -1.97285131e-01 -2.67586205e-02
 -3.43060913e-03  5.04823215e-03 -1.12145888e-02  8.40967894e-02
 -5.05178012e-02 -1.11393906e-01 -1.33798748e-01 -2.22099144e-02
 -1.04995035e-02 -3.65161411e-02 -5.01810282e-04 -7.29107410e-02
  6.31719381e-02  1.03688128e-02 -5.72571978e-02 -7.73303136e-02
 -2.33660042e-01 -6.55958727e-02 -9.84774455e-02 -5.76087162e-02
 -1.28483623e-01  1.61616161e-01  1.29980534e-01  8.08565319e-02
  8.67754370e-02  6.40454739e-02  1.95954263e-01  5.99453552e-03
 -3.18836682e-02 -6.50135949e-02 -9.84554887e-02  3.64504084e-02
 -2.07499832e-01 -1.06521212e-01 -1.98310092e-02 -1.03259556e-01
 -7.56409615e-02 -2.20059231e-01  5.32684512e-02  7.28815868e-02
  2.04826623e-01 -1.16964854e-01  2.28077341e-02 -1.42390996e-01
 -7.34658167e-02  1.11492679e-01  1.53151125e-01 -2.11999491e-01
  8.20449963e-02 -6.04618266e-02 -8.11406523e-02  1.61021464e-02
  8.59217197e-02  8.51205289e-02 -1.43453330e-01 -8.82937834e-02
 -1.15446575e-01  6.72639012e-02 -1.30917594e-01  1.49389100e-03
 -2.82360520e-02 -1.14663348e-01  9.56902057e-02 -1.30013391e-01
  1.19056655e-02 -1.54129058e-01  2.67492458e-02 -1.27543062e-02
  8.21856260e-02  1.57645550e-02 -1.19974867e-01 -1.28913298e-01
 -1.97096288e-01 -4.59343605e-02 -4.58509848e-02  2.38836948e-02
  1.66976117e-02 -4.81851473e-02  2.02314004e-01 -6.40759012e-03
  3.36621068e-02  7.47307613e-02  1.72320873e-01 -1.53326735e-01
 -2.31937394e-02  8.67011473e-02 -1.55762238e-02  6.80476660e-04
  5.96559746e-03  5.79525866e-02  3.37734036e-02 -7.32550910e-03
  7.36681148e-02 -8.95493254e-02  2.54341006e-01  1.29510492e-01
  6.52400330e-02 -2.99054617e-03 -1.79448277e-01 -6.29841834e-02
  1.09711990e-01 -7.23899901e-02  5.49458899e-02  7.74686560e-02
  5.69924079e-02 -2.27675103e-02 -4.45031784e-02 -2.79960871e-01
  8.00980330e-02  1.23030752e-01 -8.06556791e-02 -2.58231093e-03
 -1.67745668e-02  5.62283173e-02  3.97362048e-04  2.84856502e-02
 -1.71917066e-01  9.57210511e-02  5.06605394e-02  9.10352916e-02
  2.26033088e-02 -1.38313934e-01 -3.48255783e-02  1.27122104e-01
 -1.01625860e-01  3.37765478e-02 -1.36773795e-01 -6.27850275e-03
 -4.16437536e-03 -9.31210816e-03  2.40580291e-01  4.18618880e-02
 -8.55630264e-02  1.33085266e-01 -4.62303795e-02 -6.47069281e-03
  1.12466160e-02 -1.07772082e-01 -4.92122322e-02  5.16093560e-02
 -1.06251001e-01  1.60665680e-02  1.66081794e-04  5.49829490e-02
 -2.02714801e-01  2.37309095e-02  2.03138776e-02 -4.54678852e-03
 -1.27038568e-01  1.02396412e-02 -9.36561748e-02  5.42829074e-02
  9.64265987e-02  2.14429900e-01 -6.78656325e-02 -2.82992870e-02
  1.72162861e-01 -4.45236526e-02  4.44590077e-02  1.31606087e-01
 -4.69321720e-02  1.84030179e-02 -8.73091146e-02  1.06429301e-01
  1.16760386e-02  1.72631949e-01 -5.74887246e-02 -2.44682014e-01
  5.36949448e-02  3.31219323e-02  8.02485570e-02 -4.24390920e-02
 -3.05971988e-02 -1.26371205e-01 -9.45455283e-02 -1.26853287e-01
  1.87790319e-02 -6.44090325e-02  3.43331844e-02  1.16231710e-01
  1.30248398e-01  8.75751153e-02  1.54082045e-01 -2.09157571e-01
 -1.88771427e-01 -1.44016400e-01  2.08562687e-02  1.38902813e-01
 -3.49201262e-02 -4.77854013e-02  4.57610600e-02  1.36899039e-01
  2.58804671e-02 -4.49123792e-02 -9.81125161e-02 -6.32457947e-03
  2.67564226e-02 -1.29963443e-01 -1.02595210e-01  7.45278746e-02
  1.71590492e-01 -7.05967546e-02  2.34569255e-02  1.63773596e-01
  8.93171504e-02 -2.76271645e-02  2.87017822e-01  2.02533528e-01
  5.24121560e-02 -1.04028352e-01  3.52745466e-02  8.88647810e-02
  9.55765471e-02  2.00384986e-02 -5.44517785e-02  2.43974343e-01
 -2.93555796e-01 -6.95080981e-02 -1.40489206e-01 -2.07766563e-01
 -1.08852610e-01  1.17002457e-01 -1.01142880e-02  1.76339999e-01
  1.71821713e-01 -3.96662541e-02  2.94785172e-01 -3.52447480e-02
  7.04002753e-02 -2.38337535e-02  8.74564797e-03 -7.04108849e-02
  2.08648801e-01  5.90159297e-02  1.46743849e-01 -1.06223330e-01
 -8.23703259e-02  8.57005641e-02 -7.82420859e-02 -1.18525423e-01
  6.22859166e-04 -2.16490980e-02  1.27242148e-01 -7.96975791e-02
  2.37344816e-01  8.48073140e-03  1.89684853e-02 -1.61793724e-01
  9.56288502e-02 -6.72237352e-02  2.56974343e-02  1.87296703e-01
  2.31494270e-02  9.20107812e-02 -1.39057413e-01  3.61664385e-01
 -8.63208845e-02 -2.40045130e-01  9.41632092e-02 -7.73289055e-02
  1.14516601e-01  8.31192732e-02 -8.53592455e-02  6.24151379e-02
  1.07581079e-01  1.48162931e-01 -3.87724824e-02  3.10935061e-02
 -4.09933086e-03  4.22670320e-02  5.13241068e-02  8.64330381e-02]