http://erau.edu/ontology/meme.owl#TaxmasterMeme
[-4.26732451e-02 -1.34417623e-01  5.43787889e-02 -1.82185452e-02
 -4.01394777e-02  1.29548162e-01  1.67706743e-01  1.40469819e-01
 -1.06253162e-01 -2.97763851e-02  1.43546626e-01 -9.28357542e-02
 -1.19448707e-01 -1.33525103e-01 -1.92899197e-01  6.87574446e-02
  1.14863098e-01  1.05505206e-01  4.99686226e-02  8.66837129e-02
 -1.07902072e-01  2.81415246e-02  1.78391919e-01 -1.27392739e-01
  2.25629538e-01 -1.22088743e-02  4.78951074e-02 -1.18125275e-01
  2.82105297e-01  1.25618771e-01  8.22051764e-02  1.36001423e-01
  1.26071364e-01 -1.18872248e-01 -3.19594890e-02  1.18068106e-01
 -8.68836716e-02  1.43116236e-01 -6.63752407e-02 -2.29962870e-01
  5.86894974e-02  1.82919219e-01 -2.03646645e-01  4.11935933e-02
  5.94572015e-02  7.38646835e-02  3.90648562e-03  1.81188080e-02
 -1.03925895e-02  8.73754099e-02  6.59378767e-02 -3.60665582e-02
 -6.20867573e-02 -9.83395129e-02 -1.42642707e-01 -1.90750007e-02
  6.62134513e-02 -1.37087286e-01  8.39523003e-02  1.06979206e-01
  1.55950012e-02 -1.62853494e-01  1.73255473e-01  9.15488452e-02
 -2.15800062e-01 -7.13778064e-02  1.45009803e-02  1.83475092e-02
 -1.14994049e-01 -1.33871019e-01 -8.81518424e-02  8.53723958e-02
  1.11467354e-01  1.57111119e-02 -7.00245984e-03  5.83263710e-02
 -6.46645427e-02  1.45364270e-01  1.25751972e-01  2.56593842e-02
 -7.91804343e-02 -2.13871628e-01 -4.35097665e-02 -1.19690850e-01
  1.49133712e-01 -1.60032302e-01 -7.08293393e-02 -7.63949826e-02
  1.47414744e-01 -9.04829521e-03 -3.83415706e-02 -2.04274297e-01
  2.51041390e-02 -1.52967675e-02 -8.08947682e-02  2.77224183e-02
  2.78143715e-02  5.28186001e-02  2.19789762e-02 -1.45713791e-01
  3.58469822e-02  8.05732422e-03  2.92541355e-01 -9.61693525e-02
  6.09699711e-02 -4.70685912e-03  1.73662767e-01 -1.56366780e-01
  3.16923074e-02 -8.00581723e-02 -7.42812306e-02  5.37523106e-02
 -1.05135530e-01 -1.34303838e-01 -8.86852965e-02 -2.24846099e-02
 -2.58485615e-01 -1.41827792e-01 -2.56490819e-02 -5.51341921e-02
 -1.15236990e-01 -4.28172275e-02 -9.96960849e-02  8.48829821e-02
  1.83309708e-02 -1.14581466e-01 -7.43743905e-04  1.48297455e-02
  4.42216322e-02 -3.94447707e-02 -1.45924985e-01 -3.05437353e-02
 -4.67548855e-02 -2.29095891e-02 -1.30561173e-01  1.17259003e-01
  1.31640315e-01 -4.11125235e-02 -1.83397204e-01  2.51130015e-02
 -1.52118996e-01  8.27630684e-02 -3.02536599e-02  1.54674321e-03
  1.55692965e-01 -2.40118012e-01  7.07973838e-02 -3.53610031e-02
  1.31339058e-01  1.66280597e-01  5.76651581e-02 -1.15765318e-01
 -2.74346620e-02  1.95843447e-03 -8.42704903e-03  4.86480631e-02
 -1.67197883e-01  8.95548612e-02  5.27251400e-02 -9.42919627e-02
  1.29832784e-04 -8.19535479e-02  4.91419658e-02 -2.53548473e-02
 -1.67405993e-01 -9.76946726e-02 -1.42332926e-01  3.81065831e-02
 -2.56875396e-01  1.39857382e-01  6.74063414e-02  2.05025539e-01
  1.10082529e-01  2.04776183e-01 -2.18242761e-02 -1.34769648e-01
  1.29156699e-02 -7.53762648e-02  2.93472391e-02 -1.34465158e-01
 -9.46641415e-02 -2.28292719e-02  1.65505350e-01  3.44635174e-02
 -7.60270432e-02 -4.94446903e-02  6.99626133e-02  9.58297681e-03
  1.39102578e-01 -7.71145448e-02  3.96913067e-02 -2.23681871e-02
 -2.55718172e-01 -4.55308612e-03 -8.05475116e-02 -1.05322532e-01
  9.62811112e-02  5.11353873e-02 -4.52065021e-02 -6.94535375e-02
  1.76671904e-03  1.41246431e-02  8.33207071e-02 -1.06487058e-01
 -5.76699413e-02 -3.15173954e-01  1.15095422e-01 -4.96011712e-02
  2.00870618e-01  2.42247671e-01  3.08457106e-01  1.44448668e-01
 -2.40118913e-02 -2.02697054e-01  1.59610346e-01  2.14713756e-02
 -2.15576947e-01 -8.45979974e-02  3.07462215e-01  1.31309643e-01
  1.31697416e-01  1.40194699e-01 -2.10765600e-01  3.90487760e-02
  2.46388726e-02 -2.59196162e-02 -1.15255564e-01 -3.96087766e-02
 -4.55810502e-02 -1.26603385e-03  1.28220201e-01 -6.66625574e-02
 -1.23604141e-01 -1.31382525e-01 -2.26354804e-02  2.15756316e-02
 -9.06885788e-02 -9.01614502e-02  4.96214405e-02 -4.57145832e-02
 -1.77424084e-02  7.97118898e-03  5.71775921e-02 -2.68338546e-02
 -2.30028346e-01 -5.67527786e-02 -1.70341536e-01  1.08804576e-01
 -1.19744584e-01  4.07279879e-02  1.59121186e-01  8.19894746e-02
  5.16878366e-02  1.07837372e-01  1.13162369e-01 -1.08652860e-01
 -1.24252044e-01 -1.13886073e-01 -8.07132944e-03  2.08116416e-02
 -9.98876169e-02 -1.92489047e-02  6.84669288e-03 -1.15928523e-01
 -1.03620343e-01 -5.20294383e-02 -1.43695861e-01 -8.64742976e-03
  1.19752735e-01 -6.22308329e-02 -1.89125612e-02 -2.14215785e-01
 -5.34886792e-02  1.31728455e-01  1.74346551e-01  5.49445897e-02
  1.32212937e-01 -5.37441149e-02 -2.82004923e-02  8.61538723e-02
  1.15409069e-01  3.85110676e-02 -8.18532184e-02 -1.07480198e-01
 -1.93331376e-01  6.30940571e-02 -4.53152955e-02 -1.40188217e-01
 -1.00281850e-01 -1.27974018e-01  8.44425038e-02 -3.36867683e-02
 -4.41843569e-02 -1.53011352e-01  4.10879450e-03  7.94599354e-02
  1.93016648e-01 -4.22411673e-02 -1.20897897e-01 -1.28857702e-01
 -1.91607803e-01  6.37650117e-02  2.47761477e-02  1.18001685e-01
 -2.91793272e-02 -1.50875345e-01  1.52149394e-01 -1.88715175e-01
 -6.64886087e-02  1.86474130e-01  3.19580048e-01 -1.96782827e-01
  1.22233614e-01  1.35003448e-01 -7.44282221e-03 -1.61190215e-03
 -8.23629647e-03  1.01181433e-01  1.14605270e-01 -5.02832048e-03
  1.51104122e-01 -1.86144039e-01  1.43292800e-01  1.07684597e-01
  3.50518785e-02  7.93855190e-02 -1.56328395e-01 -1.63573381e-02
  8.89431164e-02  9.32826698e-02  4.83291559e-02  7.92363286e-02
  3.31552774e-02  1.06416186e-02 -2.16953456e-02 -1.47606194e-01
  6.69540986e-02  1.74869359e-01 -1.31905496e-01  4.57206555e-02
  5.62583655e-02  1.58001259e-01 -1.01439562e-02 -3.67646068e-02
 -9.55161005e-02  1.60513408e-02 -1.73115313e-01  1.17454097e-01
 -2.42716689e-02 -1.18048906e-01 -1.84861328e-02 -3.81418206e-02
 -4.54677008e-02  1.52230948e-01 -2.40708679e-01  9.29873288e-02
 -8.91855359e-02 -5.21418341e-02  2.76402146e-01  1.87118296e-02
 -5.54497838e-02  2.51157098e-02 -3.30921225e-02 -9.82953236e-02
 -8.51843804e-02  8.30135867e-02 -1.18528992e-01 -1.44948186e-02
 -1.01158306e-01 -3.28727514e-02  5.44947200e-02  1.18345441e-02
 -1.62267864e-01  6.11607395e-02  7.01269358e-02 -1.94287021e-02
 -2.12872386e-01  5.71614653e-02 -2.03599911e-02  7.85091799e-03
  3.42780817e-03  1.37653545e-01 -1.50654897e-01 -2.87185442e-02
  3.39268297e-02 -7.18540028e-02 -1.13690481e-01  1.20927155e-01
  4.58564907e-02 -1.02989845e-01 -1.20648220e-01 -5.34117548e-03
 -6.34976551e-02  2.75900871e-01 -1.76369339e-01 -1.94441840e-01
  9.22549516e-02  5.44387177e-02  2.08252534e-01  2.59041376e-02
  9.30796489e-02 -8.74519572e-02  6.43217051e-03 -2.07787931e-01
 -8.17361847e-02 -5.20706102e-02  3.52591500e-02  1.81244835e-01
  2.08474621e-01  4.72586378e-02  4.77970466e-02 -2.28089243e-01
 -1.73357144e-01 -6.09343834e-02  1.73232481e-02  4.82247360e-02
 -8.43511522e-02 -1.57133088e-01  3.63337360e-02  7.13286325e-02
  1.38177097e-01 -2.82059740e-02 -1.23146176e-01  8.55886489e-02
  2.77456790e-02 -1.27984688e-01 -7.55370110e-02  7.70405903e-02
  1.86094999e-01 -8.31429064e-02 -5.15014678e-02  1.61350474e-01
  5.18862940e-02 -6.12276644e-02  1.94150031e-01  1.02465324e-01
  1.03685550e-01 -1.29319215e-02  1.00466035e-01 -1.29492139e-04
  1.57618359e-01  1.47181544e-02 -1.32584065e-01  3.13513130e-01
 -2.69905329e-01  2.05310341e-02 -1.21226080e-01 -1.73600599e-01
  3.66793945e-02  6.01708815e-02  4.13616039e-02  1.46452159e-01
  1.76167816e-01 -5.07287588e-03  2.73038059e-01  2.72973515e-02
  1.67369142e-01  4.71387580e-02  8.31300765e-02 -4.10049362e-03
  3.71473171e-02  1.37513846e-01  1.80042833e-01  4.98259664e-02
 -4.68808599e-02  4.95633669e-02 -1.43908300e-02 -2.63079554e-02
 -1.34091889e-02  6.89079687e-02  1.57864317e-01 -1.14074871e-01
  1.78187966e-01  1.10878050e-01 -2.17832737e-02 -2.84076538e-02
  1.24584315e-02 -6.38284907e-02 -4.46088277e-02  1.41220570e-01
  3.83643880e-02 -4.60496992e-02 -1.19452663e-01  2.95758963e-01
 -7.76180401e-02 -2.14667305e-01 -4.81923483e-02 -4.95802313e-02
  9.97658819e-02  8.58734772e-02 -1.76748946e-01 -2.19820514e-02
  3.15644257e-02 -4.10235440e-03  8.16061795e-02  2.00299546e-02
  5.44322766e-02 -1.02451883e-01  3.62104252e-02  1.36135384e-01]