http://erau.edu/ontology/meme.owl#ApprovalGuyMeme
[-9.97142047e-02 -5.00467652e-03  7.13509247e-02  1.28774196e-01
  4.79816459e-02  4.91184182e-02 -7.82839209e-02  3.33287865e-02
  9.24242139e-02 -2.17920870e-01 -1.23964109e-01  2.78587282e-01
  2.02026665e-01  1.57628909e-01 -6.22351170e-02 -1.78696111e-01
 -9.87820923e-02 -7.75629804e-02  2.74162460e-02 -5.04683331e-02
 -1.02388728e-02  1.72412634e-01 -3.55109870e-02  1.37709752e-01
  3.04153394e-02 -1.90195978e-01 -3.36471363e-03 -2.74271164e-02
  3.76073085e-02 -7.34555498e-02 -2.18942314e-01 -7.23228306e-02
 -1.52947456e-01 -2.35744212e-02 -1.24310113e-01  5.35158291e-02
 -1.54047698e-01  1.24660932e-01  4.35347930e-02  2.36377582e-01
  7.41099939e-02  3.25883813e-02 -2.64227778e-01 -3.43472809e-02
 -2.22051784e-01 -5.49901053e-02  7.26432949e-02 -1.76976755e-01
  5.09493612e-02 -1.73492327e-01 -6.62340457e-03  1.71427444e-01
  2.13786289e-01  7.13235466e-03 -1.84455290e-01  2.40612894e-01
 -7.71583915e-02 -1.85421631e-02  1.08643390e-01  1.78746432e-01
  1.89315543e-01 -1.71161905e-01  1.64036639e-02  3.76809351e-02
 -6.26133233e-02 -4.34451774e-02 -1.14384048e-01 -6.58745170e-02
  1.07232213e-01 -1.00541010e-01  1.46011993e-01 -2.13289894e-02
 -2.16675401e-02 -9.85588599e-03 -2.11495817e-01 -8.16272572e-02
 -3.63151729e-02 -1.16674125e-01 -2.91640498e-02 -1.17836215e-01
  1.53826162e-01  1.86424196e-01 -2.62782544e-01 -1.02589920e-01
 -4.81978692e-02  1.20463809e-02  1.31016985e-01  5.24113886e-02
 -2.30883099e-02  2.64658093e-01 -9.89475548e-02 -8.84282030e-03
 -2.11809307e-01 -2.12364644e-02  5.04897535e-02 -8.10568407e-02
 -5.99368587e-02  2.69521087e-01  1.66433584e-02 -2.46583559e-02
  9.77635160e-02 -5.72809540e-02 -8.61302838e-02  2.60340758e-02
  1.41871482e-01 -8.18355288e-03  7.90695995e-02  1.87353984e-01
  1.11141458e-01 -1.70446970e-02  1.86307013e-01  1.17198035e-01
  2.89961528e-02  2.27625445e-02  1.66825786e-01 -1.28756687e-01
  4.12352048e-02 -1.03801806e-02 -1.32105902e-01 -1.23778274e-02
  1.02718687e-03  1.55160204e-01  5.02066035e-03  7.45154684e-03
 -2.04826236e-01 -2.43241921e-01 -1.74232163e-02  1.51434109e-01
 -2.28073522e-01 -1.43519446e-01 -3.57782133e-02  4.63216528e-02
  2.03506798e-02 -1.82790607e-01  9.98477787e-02 -1.02380291e-01
  1.10901810e-01  3.08854729e-02  4.44356650e-02 -3.67875420e-03
 -8.01418200e-02 -7.14130560e-03 -7.11027086e-02  6.13693334e-02
  1.71295255e-02  3.27251293e-02 -5.73505424e-02 -1.28324911e-01
 -1.06505364e-01 -2.12010145e-02  7.65621886e-02  3.50507349e-02
 -1.61278754e-01 -1.30609229e-01 -1.06598839e-01 -1.32011145e-01
  3.99625003e-02 -6.75194524e-03 -6.83302656e-02 -5.69195747e-02
  7.17532262e-02  2.37578854e-01  9.87986475e-02  1.24032861e-02
 -1.19171552e-01 -1.08606614e-01  1.10022407e-02  1.43634364e-01
 -1.82767481e-01 -4.11604866e-02 -3.27908807e-02 -2.03065388e-02
 -3.21980529e-02  1.91434577e-01  1.32065386e-01 -6.20041508e-03
  6.13481030e-02  3.70278023e-02  2.21351162e-02 -2.98974868e-02
 -1.85856014e-01 -8.74162316e-02 -3.13526504e-02 -3.56503390e-02
 -2.48638913e-02 -1.68764107e-02 -1.77549616e-01  3.36235948e-02
  1.26032770e-01  1.27008095e-01 -2.35453495e-04  2.39670411e-01
  2.01464728e-01  1.28230587e-01 -1.17060468e-01 -1.45282168e-02
 -7.65505359e-02 -5.27907051e-02 -1.32840395e-01  1.80282697e-01]