http://erau.edu/ontology/meme.owl#LetMeShowYouMyPokemansMeme
[-4.08636518e-02 -1.39204979e-01  6.17824867e-02 -8.18199292e-03
 -4.33468260e-02  3.52345891e-02  1.88883081e-01 -3.74608226e-02
  9.32553262e-02 -4.30237874e-02  1.48545116e-01 -4.76127416e-02
  1.40928235e-02 -1.81721300e-02 -4.89125848e-02  2.20068991e-02
  3.84657308e-02  9.87108350e-02  1.26925498e-01  1.09488256e-01
 -1.02504164e-01  4.74330336e-02  1.02464162e-01 -1.68330953e-01
  4.26970720e-02  4.59928939e-04 -4.38794307e-02 -8.37906003e-02
  1.95048362e-01  1.52840212e-01  2.94871088e-02  1.19954959e-01
  2.24190373e-02 -3.73318158e-02 -4.01039533e-02  2.32068554e-01
 -8.54829326e-03  7.87029862e-02 -6.25774190e-02 -9.00933892e-02
  2.96000931e-02  1.89039096e-01 -1.85886860e-01 -6.73857182e-02
  3.77884172e-02  1.97798572e-02 -4.35989201e-02  3.57541209e-03
  4.54541594e-02  3.93741839e-02  4.40999530e-02 -8.07258263e-02
 -1.34484425e-01 -2.12510943e-01 -3.80050056e-02 -2.44152900e-02
  1.46714851e-01 -5.34497872e-02  2.05488473e-01  1.02908373e-01
 -5.08700497e-03 -6.52263910e-02  1.46118522e-01  9.41148698e-02
 -1.97958559e-01 -2.78645791e-02 -3.74766663e-02  6.97952975e-03
 -1.21582940e-01 -1.55203015e-01 -1.69509798e-01  5.04845083e-02
  9.50498059e-02  3.10403574e-02 -2.07799692e-02  1.29028961e-01
 -1.68023378e-01  8.50328878e-02  1.42807916e-01  8.18033814e-02
 -1.01483483e-02 -3.41697820e-02 -1.05667248e-01 -2.38700777e-01
 -2.84807794e-02 -1.04921870e-01 -1.08810052e-01  2.12785900e-02
  6.37685508e-02  1.85733885e-02  1.20146871e-02 -2.47599214e-01
  1.34656385e-01 -4.74034436e-02 -5.32794632e-02  7.74852186e-02
 -3.21810856e-03 -7.38839656e-02 -9.22114472e-04 -1.18647562e-02
  9.95857790e-02  3.32143046e-02  2.58411586e-01 -1.62230909e-01
 -1.13609731e-02  2.08152160e-02  1.52967513e-01 -3.59338522e-02
 -1.79229099e-02 -4.19032723e-02  1.99555717e-02 -3.49069722e-02
 -4.25092131e-02 -1.18571103e-01  2.03048021e-01  1.55857116e-01
 -2.59452254e-01 -2.57077396e-01  1.08086199e-01  1.42878979e-01
  2.76309578e-03 -1.98893156e-02 -8.02662373e-02  6.32075965e-02
  2.88658477e-02 -2.34597437e-02 -1.99528188e-02  1.86696139e-04
  7.78300455e-03 -4.84258793e-02 -2.57170022e-01 -2.70520858e-02
  1.10905416e-01 -7.85187632e-02 -1.21044330e-01  1.62848130e-01
 -1.06242545e-01 -5.39668351e-02 -1.04000233e-01  9.61191133e-02
 -3.12987894e-01 -1.16306998e-01  5.80213591e-02  7.56330090e-03
  1.83760881e-01 -1.79091260e-01  7.90452510e-02 -1.48529872e-01
  4.73333746e-02  2.23733306e-01  4.20554951e-02 -1.47899345e-01
  8.81130546e-02  2.55885557e-03 -1.05713353e-01  4.61248867e-02
 -2.17098445e-01  1.92869231e-01  2.05854084e-02 -1.11256473e-01
  3.90313007e-02 -1.33649424e-01  3.19586601e-03  3.72174680e-02
 -2.30743170e-01 -1.55097991e-01 -5.03586642e-02  1.65447935e-01
 -2.29754582e-01  1.05497159e-01  8.64485744e-03  1.53649151e-01
  1.69513971e-01  9.54629928e-02 -6.98509589e-02 -5.70117608e-02
 -5.01770079e-02 -3.33838537e-02  1.36745349e-01 -1.65422875e-02
 -4.13243249e-02  1.21583767e-01  8.69585946e-02  1.29259964e-02
 -3.76812927e-02  9.52525903e-03  1.56220980e-02  2.40742732e-02
  2.64670163e-01 -5.24235927e-02 -1.37951821e-02 -3.25218402e-02
 -2.14881361e-01 -7.30267838e-02  2.42661387e-02  5.16191982e-02
  7.53072277e-02  1.82737842e-01 -1.39883405e-03  5.54239973e-02
  3.36134247e-02  1.05801057e-02  5.38415201e-02 -1.84640121e-02
 -7.23500997e-02 -9.85160246e-02 -4.52383570e-02 -3.26967379e-03
  7.23255351e-02  1.24764390e-01  2.01694041e-01  5.09798639e-02
 -7.27229491e-02 -5.72541878e-02  1.19166061e-01  1.51664261e-02
 -1.67140916e-01 -8.04970488e-02  6.79539368e-02  1.23675153e-01
  1.86366290e-01  1.13642178e-01 -1.33003145e-01  7.84040391e-02
 -3.57118919e-02 -2.00054105e-02 -2.00610250e-01  5.70961460e-03
 -6.35971949e-02 -4.68376316e-02  2.23059952e-02  4.28014528e-03
 -4.15468141e-02 -3.40333842e-02 -4.19486500e-02  2.16406863e-02
 -9.27076340e-02 -1.08881421e-01  7.95704648e-02 -1.74469072e-02
 -4.09903750e-02  2.85691824e-02  1.97055247e-02  3.58607359e-02
 -1.38823375e-01 -2.98896469e-02 -1.46837875e-01 -1.35170249e-02
 -1.87162161e-01 -1.92664228e-02  3.33593190e-02 -9.00806189e-02
  1.74859628e-01 -3.12238764e-02  1.45707905e-01 -9.56091657e-02
 -1.08529776e-01  6.59895763e-02 -1.53991871e-03  2.63313726e-02
 -1.18534416e-01 -1.10262603e-01  9.43288021e-03 -5.29796891e-02
 -2.43004505e-02 -1.10362001e-01  1.01129040e-02 -7.90674984e-02
  1.11724518e-01 -9.71032605e-02  2.86269765e-02 -1.27463132e-01
 -5.93936853e-02  7.46308565e-02  1.60360634e-01 -2.46259551e-02
  1.98970456e-02 -2.59714145e-02 -1.37116555e-02  2.02353783e-02
  5.80353364e-02  1.38500527e-01 -7.22005516e-02 -3.37776989e-02
 -1.66023359e-01  1.08182669e-01 -9.70930159e-02  3.14779431e-02
 -6.51888773e-02 -2.31724102e-02  1.62353799e-01 -7.50361010e-02
  3.77617106e-02 -8.11125562e-02  3.33202742e-02  1.19294841e-02
  1.87465996e-01 -3.05118295e-03 -7.36079141e-02 -1.38228908e-01
 -1.95162639e-01  3.09965629e-02  6.49430603e-02  1.43805863e-02
  5.46824522e-02 -3.38381827e-02  2.29337335e-01 -3.04753855e-02
  7.12195635e-02  2.33201534e-02  1.77336231e-01 -2.40635186e-01
 -4.18767706e-02  6.21740930e-02  3.42027955e-02  3.17906253e-02
  7.84675404e-03  4.87264805e-02  1.31202834e-02 -6.06245846e-02
  6.72217458e-02 -1.23769946e-01  1.32412657e-01  2.19866797e-01
 -4.73433727e-04 -5.94094098e-02 -1.03671059e-01 -2.89919116e-02
  9.33188796e-02  9.76893865e-03 -8.89779478e-02 -4.12697755e-02
  9.97963473e-02 -6.54759258e-02  1.32010402e-02 -9.72516611e-02
  9.40429866e-02  1.06087580e-01 -7.46015385e-02  7.01246932e-02
 -2.04756670e-02  1.49332061e-01 -1.01695098e-01 -3.81983556e-02
 -1.54639915e-01  6.15848936e-02 -1.44430324e-01  9.51379761e-02
 -9.54584777e-02 -1.02805130e-01 -2.81891953e-02  5.73261008e-02
 -9.86529961e-02  1.27265528e-01 -1.39253989e-01  6.62579387e-02
 -1.50237558e-02 -1.03092432e-01  2.43528232e-01 -1.80273503e-02
 -1.24603584e-01  1.29720837e-01 -7.30398968e-02 -2.29631346e-02
  2.63681654e-02 -3.12995538e-02  2.68926774e-03  6.57918751e-02
  8.13086610e-03  3.79606113e-02 -6.33233711e-02  5.71114905e-02
 -2.53388435e-01  9.22220200e-03  6.67393804e-02 -1.28590390e-01
 -4.66647409e-02 -5.19202277e-02 -1.26133831e-02 -1.27175033e-01
  9.88317281e-02  1.56922728e-01 -1.67339310e-01 -1.97743084e-02
  1.38623595e-01 -1.44712850e-01 -1.07519843e-01  1.65086791e-01
 -1.41565815e-01 -4.56346273e-02 -1.15535356e-01  1.25857830e-01
 -9.64346156e-02  1.67179182e-01 -2.91459542e-02 -2.00502083e-01
  1.16517708e-01  1.30662575e-01  1.54874712e-01 -1.21243164e-01
 -1.24055497e-01 -2.11482808e-01 -6.01275489e-02 -1.68409303e-01
 -5.97314052e-02 -2.71493178e-02 -4.48486656e-02  2.09962681e-01
  9.54366624e-02  5.91891035e-02  2.56067157e-01 -1.44109190e-01
 -2.30517969e-01 -8.41292590e-02 -3.94574776e-02  8.64156336e-02
 -8.32235441e-02  1.20319827e-02  1.35795753e-02 -5.10343350e-02
  1.45288363e-01 -2.39721797e-02 -4.52279858e-02  2.32634693e-02
 -7.80712347e-03 -1.64794102e-01 -1.79606583e-02  3.02043650e-03
  5.53376190e-02 -3.31722647e-02  1.30007952e-01  1.60979226e-01
  1.44766554e-01 -7.72239938e-02  1.26083508e-01  1.57028660e-01
  5.78952581e-02 -8.85611847e-02  6.58795983e-03  1.67114720e-01
  5.55089563e-02  8.44508260e-02 -8.36206451e-02  3.23016882e-01
 -1.97784990e-01 -4.99663427e-02 -1.32401586e-01 -1.46888137e-01
 -1.11568660e-01  1.14061482e-01  1.02516636e-01  2.39137886e-03
  1.24794438e-01  5.87465195e-03  2.26653174e-01  2.47990340e-02
  9.37010273e-02 -2.34829225e-02  1.02986805e-01  2.11585928e-02
  1.41703412e-01  1.05924614e-01  5.89668006e-02 -1.00472972e-01
 -3.02949063e-02  1.79013819e-01  1.06558707e-02 -1.48254052e-01
  7.20879808e-03  7.22158700e-02  1.38085008e-01 -4.45510224e-02
  1.83284968e-01  1.62950158e-01 -5.17909564e-02 -1.08949691e-01
  1.05345495e-01 -1.66236728e-01  1.28724957e-02  8.51641446e-02
 -2.57985163e-02  5.81173263e-02 -7.26447403e-02  1.19553968e-01
 -1.43563360e-01 -1.71268612e-01 -1.27269188e-02 -1.01499120e-02
  7.19460919e-02  1.22129053e-01  4.10839468e-02  2.30831234e-03
  9.62793157e-02  1.06242537e-01  8.98730904e-02  3.68364342e-02
  8.82061869e-02 -1.36977091e-01  4.96010333e-02  4.73610424e-02]