http://erau.edu/ontology/meme.owl#HinomotoOnikoMeme
[-3.34774740e-02 -1.35073215e-01 -9.69712343e-03  6.19044080e-02
  1.63002200e-02  1.06572255e-01  7.30271116e-02 -5.66317886e-02
  3.00560389e-02  9.44173150e-03  1.04819305e-01 -8.20749626e-02
 -4.30765003e-02  1.24823160e-01  1.70035306e-02 -7.12883174e-02
  9.66212153e-03  1.97612107e-01 -4.64189686e-02  1.59247622e-01
 -2.93499768e-01  5.17403930e-02  1.53731346e-01 -3.46114151e-02
 -1.10886397e-03 -2.37073074e-03 -3.87272518e-03 -3.07612251e-02
  1.93765402e-01  4.53348793e-02  9.95974895e-03  1.68807104e-01
  4.45399992e-02 -1.15166701e-01 -5.03218621e-02  2.54589379e-01
  1.23710604e-02  5.20963632e-02 -1.05077121e-03 -9.92552713e-02
  1.68024339e-02  1.66854739e-01 -1.31477252e-01 -1.72532856e-01
  1.02242576e-02  1.57952413e-01  5.94338998e-02 -6.31493255e-02
  3.67170312e-02  3.42228897e-02 -4.40969840e-02 -4.08307016e-02
 -4.00074832e-02 -1.16079729e-02 -8.41825530e-02 -2.10458022e-02
  8.46596882e-02 -3.28263675e-04  1.41571641e-01 -5.52627258e-02
 -1.56445876e-02 -2.04473063e-02  4.71499749e-02 -1.21770008e-02
 -2.01358005e-01 -4.08976823e-02 -9.62765962e-02 -7.30955899e-02
 -5.52749261e-02 -7.84932822e-02 -1.09996632e-01  1.61376312e-01
  1.42346770e-01  2.06289902e-01  6.30370900e-02  1.80178434e-01
  1.92371234e-02  4.47646016e-06  2.28370711e-01  6.42469600e-02
 -1.23520151e-01 -1.31763384e-01 -1.46927014e-01 -2.49933288e-01
 -8.17718208e-02 -7.86178485e-02 -1.21292889e-01  8.87264833e-02
  3.86250764e-02 -8.43047872e-02  6.92140684e-02 -3.65164071e-01
  8.95669088e-02 -3.30038602e-03 -1.12356655e-01  8.71348977e-02
 -1.52702615e-01 -1.62578404e-01 -9.83608365e-02  4.30384167e-02
  5.95739521e-02 -1.55191310e-02  2.77219772e-01 -2.58514941e-01
  2.97859460e-02  8.77124146e-02  1.51828080e-01  1.13156766e-01
  1.46240696e-01 -1.55304164e-01  3.53561006e-02  1.22162037e-01
 -7.89438114e-02 -4.16812003e-02  1.97739959e-01  1.22967228e-01
 -2.19784185e-01 -1.99452028e-01  1.39587462e-01  1.45335183e-01
 -8.35976228e-02  5.66700362e-02 -3.21359783e-02 -8.65597203e-02
  2.10172534e-02 -4.36696224e-02  1.09308846e-01 -4.61142138e-02
  6.53706118e-02 -8.23122263e-03 -9.21742022e-02 -1.58371836e-01
 -1.36073865e-02  4.66510542e-02  7.08739385e-02  1.66206613e-01
 -1.37861788e-01 -1.06249690e-01  5.44905812e-02 -2.57449299e-02
 -1.83291763e-01  3.77288572e-02  1.11164406e-01  1.83228791e-01
  3.89688946e-02 -1.13152772e-01 -1.90732423e-02 -2.03182593e-01
 -6.60620034e-02  6.37481585e-02 -1.20036025e-02 -9.56499577e-02
  7.04353228e-02 -1.67308897e-02 -5.49883358e-02 -2.68733315e-03
 -1.46388218e-01  1.23774625e-01  4.54277061e-02 -1.74978465e-01
  4.17558998e-02 -2.23470435e-01 -6.49723634e-02 -5.92586026e-03
 -2.23246425e-01 -1.31902397e-01  9.30688530e-02  1.36066198e-01
 -2.68840760e-01  9.29436982e-02  4.98808809e-02  6.89947978e-03
  1.80933282e-01  1.36677369e-01 -3.69523875e-02 -8.54802039e-03
  2.13495139e-02 -7.14434907e-02  1.09765522e-01  4.84403782e-02
 -6.41892850e-02  4.00307849e-02  5.16693369e-02 -1.04171202e-01
 -1.17471561e-01  1.25382785e-02 -7.26630166e-02  1.60354927e-01
  1.79001138e-01 -7.39391670e-02  9.00506526e-02 -6.16740137e-02
 -1.39263660e-01 -1.17540970e-01 -1.14117399e-01  2.97756214e-02
  1.11158893e-01  1.43566638e-01 -1.43089175e-01 -1.93235241e-02
  8.76415372e-02  9.49605629e-02  1.04840428e-01 -9.75950714e-03
  5.38278334e-02 -3.27967703e-01 -5.99939190e-02  7.09294900e-03
  1.45324752e-01  1.14876516e-01  3.21138561e-01  1.23633929e-01
  5.50645962e-02 -3.07654291e-02  3.72082032e-02  3.35678943e-02
 -1.01969138e-01 -5.37519678e-02  9.55410749e-02  5.41063696e-02
  1.80791631e-01  1.99375391e-01  2.65193284e-02  5.22768907e-02
 -3.12665924e-02 -3.86101641e-02 -6.61218837e-02 -1.47257075e-01
 -4.39824872e-02 -4.86235470e-02  2.54866146e-02  1.69354022e-01
  4.82919030e-02  2.39272416e-02  2.27813069e-02 -6.97802333e-03
 -1.99483498e-03  8.44325125e-02  1.78526059e-01  1.31636098e-01
  2.84491237e-02 -3.39021720e-02 -3.69921140e-02 -4.52581374e-03
 -1.16444878e-01 -4.68345918e-02 -9.60394368e-02 -3.63519900e-02
 -5.33790737e-02 -3.51958647e-02 -5.21614105e-02  2.72850543e-02
  8.00042003e-02  1.43576972e-02  1.19624123e-01 -2.54796017e-02
 -4.38369438e-02 -2.00794842e-02  7.23498464e-02 -8.66705179e-02
 -6.36244118e-02  7.83152226e-03 -2.90592527e-03 -5.59463799e-02
 -3.28802993e-03 -2.39641592e-01  6.09872006e-02  1.08672194e-01
  1.24749608e-01 -7.52457650e-03  5.50481342e-02  1.25276828e-02
 -2.86476221e-02  1.85919215e-03  1.68850884e-01 -1.20193169e-01
  5.25619723e-02 -1.34717021e-02 -1.08790159e-01 -1.08118393e-01
 -1.64311863e-02  3.56361046e-02 -1.44735187e-01 -4.21946086e-02
 -1.10359035e-01 -8.22666287e-03 -1.28330633e-01  2.50952467e-02
  8.76269042e-02  3.13221589e-02 -2.53670872e-03 -1.27661526e-01
 -1.31415471e-01 -4.01055738e-02 -1.25851966e-02 -7.90169239e-02
  2.11969882e-01  8.91595930e-02  1.59388501e-02 -1.60250217e-01
 -1.63834617e-02  4.33048494e-02  2.35760584e-02 -1.07132129e-01
 -9.71908309e-03 -6.91558644e-02  5.34603000e-02  5.46312928e-02
 -4.32185791e-02 -6.98370785e-02 -3.70192667e-03 -2.38613963e-01
 -8.05799142e-02  2.62702582e-03 -9.95434448e-02  6.43206239e-02
  1.12761952e-01 -2.46039648e-02  4.63338643e-02  2.75017377e-02
 -1.60313398e-01 -6.94459826e-02  9.75845531e-02  1.56997368e-01
  1.05860204e-01  7.39137679e-02 -1.88409358e-01  3.84800881e-02
  6.12230785e-02 -6.76927343e-02  6.76664105e-03  1.96275264e-02
  3.82545590e-02  7.31958523e-02  4.35586981e-02 -2.17666164e-01
  1.22812159e-01  5.39166108e-02  5.16063161e-02  1.49285151e-02
  2.92835366e-02  2.96847597e-02 -4.29896191e-02 -1.51117891e-02
  4.95530367e-02 -4.84139547e-02  3.01052891e-02  7.61633366e-03
  5.91286644e-02 -1.52371094e-01 -2.80751586e-02  1.21471301e-01
 -3.43710557e-02  9.29391533e-02 -1.02671005e-01  1.89215643e-03
  5.57813756e-02 -1.28378868e-01  1.11892790e-01 -5.10309190e-02
 -8.91998932e-02  1.62975669e-01 -9.89667028e-02  6.52312115e-02
  1.64742753e-01 -2.29831293e-01 -6.54907227e-02  2.67516486e-02
 -2.56039370e-02 -4.64617414e-03  8.82527139e-03 -7.22076744e-02
 -1.09693930e-01  3.85987684e-02  6.75242627e-03  2.50474960e-02
 -8.59827250e-02  8.65605697e-02 -9.27698389e-02 -1.17112487e-03
  6.97424114e-02  2.49648064e-01 -1.99879810e-01 -7.92654455e-02
  7.73073062e-02 -7.60849519e-03 -6.41550794e-02  4.33432087e-02
 -1.66367456e-01  3.33626568e-02 -1.60743836e-02  1.04512781e-01
 -1.41569570e-01 -1.14543140e-02  5.97701073e-02  6.57708347e-02
 -1.23432456e-02 -7.31237084e-02  3.23388763e-02 -4.27552674e-04
 -9.69012007e-02 -1.62934199e-01  6.68150000e-03  2.12940853e-02
  5.32947406e-02  6.18664175e-03  2.28902474e-02  1.76596522e-01
  1.34120151e-01 -2.19217688e-02  2.32342228e-01  4.13314588e-02
 -9.93092954e-02 -6.71694055e-02 -6.70180023e-02  1.13384845e-03
  4.49073166e-02 -5.66227268e-03 -1.96533017e-02 -3.87784839e-02
  8.40313211e-02  8.62341933e-03 -6.12071492e-02 -7.16095343e-02
  6.74160942e-02 -2.78452873e-01 -6.29861057e-02  1.29110426e-01
 -4.62157018e-02 -5.56661598e-02  2.13947713e-01  1.39417112e-01
  3.87101769e-02 -4.50126901e-02  7.72977322e-02  1.63660541e-01
 -6.28597960e-02 -2.77003914e-01 -7.83747807e-02  2.14784846e-01
 -3.06199938e-02  1.22800335e-01 -1.02064304e-01  1.37132987e-01
 -1.81882828e-01 -1.37321860e-01 -1.16828889e-01 -7.10488781e-02
 -1.54946774e-01  6.16561156e-03 -1.80684999e-02  4.00597081e-02
  2.01081917e-01  5.05808648e-03  2.27263048e-01 -5.77198751e-02
  1.45457312e-01  8.94999132e-02 -8.51613954e-02 -9.32493880e-02
  1.54237226e-01  4.26709056e-02  2.14190111e-01 -8.75556022e-02
  1.01640575e-01  1.67734966e-01 -1.83542948e-02 -1.86131075e-01
 -5.31825982e-02  9.79760438e-02  2.92732686e-01  4.76110429e-02
  2.36162081e-01  6.52732253e-02  2.19508763e-02 -1.55499667e-01
  2.40910694e-01 -1.82757184e-01 -4.31923382e-02  3.66688743e-02
  6.25859573e-02 -7.40991067e-03  2.82691363e-02  1.53454259e-01
 -1.05317533e-01 -1.22492924e-01  2.42545623e-02 -1.53705757e-02
  1.70697302e-01  4.59761433e-02 -1.33232608e-01 -8.12553912e-02
 -3.08315381e-02 -8.85528252e-02  1.52756214e-01 -6.24141581e-02
  2.84549817e-02 -2.32145667e-01  5.51518127e-02  6.78813756e-02]