http://erau.edu/ontology/meme.owl#SonsOfPtaahMeme
[-0.13693187 -0.13509704  0.08496301  0.12742181 -0.03555888  0.09625566
  0.10542157 -0.00584939  0.05509608 -0.10409261  0.04275874  0.02654374
  0.08024933 -0.0299444   0.04519431  0.05063933  0.09645764  0.10575514
  0.08698327  0.14493014 -0.05888075  0.04256194  0.05125026 -0.06027385
  0.15731505 -0.11703897 -0.08584866 -0.05971757  0.23042852  0.21174513
  0.0909669   0.12775615 -0.00969445 -0.1112431  -0.03554368  0.18817237
 -0.02613848  0.02214473 -0.04375029 -0.13061617 -0.01480392  0.12419671
 -0.07123316  0.00898263  0.06977458  0.04394817 -0.05856795 -0.04185316
 -0.03139962  0.0146814   0.02270252  0.05040079 -0.1176638  -0.09987045
 -0.08398216  0.06862745  0.11483353 -0.09133488  0.10799763  0.08251778
  0.07059772 -0.01065734  0.13650417  0.038043   -0.03826729 -0.05223883
 -0.00109976  0.02398711 -0.06253032 -0.09691501 -0.11210992  0.05232808
 -0.02056297 -0.00145135  0.0744372   0.0143406  -0.01905332  0.07039788
  0.07310507  0.0602291  -0.05163112  0.05017621  0.07223435 -0.1237835
  0.06740014 -0.01835912 -0.1043983   0.1691853   0.10112511 -0.02473403
  0.01292814 -0.09102244  0.02667049 -0.17490548 -0.12544051  0.08340695
 -0.05118602 -0.09523644 -0.15057659 -0.01059184  0.12686901  0.04225828
  0.3223459  -0.09463289 -0.06049301 -0.00765283  0.04716031  0.0131815
 -0.08227941 -0.11630084  0.07172035 -0.07286356 -0.07859696 -0.01240943
  0.11855929  0.1777318  -0.17141259 -0.05500999  0.04038282 -0.00707528
 -0.01272064 -0.0518049   0.01468712  0.1552738   0.12821157 -0.06484649
 -0.04387184 -0.01502314 -0.06160682  0.01971439 -0.30310962 -0.04308514
 -0.11754126 -0.05377855 -0.0902121   0.11121957 -0.15403807 -0.0497728
 -0.01809483  0.03848636 -0.28287455 -0.05496473  0.17657216 -0.01012659
  0.12635012 -0.19202371  0.00234965 -0.09804258 -0.1067028   0.06531654
 -0.07779852 -0.17571653 -0.03324271  0.16473113 -0.03109614  0.07030586
 -0.079656    0.16861829  0.09133837 -0.03847185 -0.06520626 -0.13594751
  0.06588034  0.05754424 -0.21365117 -0.12549499  0.04617682  0.12146356
 -0.28508228  0.06905204 -0.04888728  0.177228    0.15115747 -0.00193507
 -0.05868847  0.07095794 -0.04048048 -0.12926102  0.0905799  -0.0285023
 -0.08000182  0.11343833  0.02191449  0.13461505 -0.10784607  0.00723862
  0.16654228  0.12158258  0.16637881 -0.14596325  0.06058886 -0.08836582
 -0.13159877 -0.03743938  0.02872745 -0.15116595  0.04110254  0.19147342
 -0.08240809 -0.08887618  0.06782305 -0.0193237   0.02349441  0.06480274
 -0.06469078 -0.34665683 -0.05743749 -0.14314902  0.12472934  0.13866256
  0.27642697  0.08656741 -0.0168144  -0.00552762  0.06804605  0.06650285
 -0.06689204 -0.1166297   0.18713234  0.11611166  0.06210004  0.19309852
 -0.08182383  0.06861815 -0.06137545  0.10597773 -0.12572269 -0.02021038
 -0.14636457  0.03403537 -0.06293988  0.03327684 -0.05377988 -0.16136535
 -0.01737304 -0.02483821 -0.13777709 -0.12262741  0.03544215 -0.07455887
  0.01167972 -0.10050465  0.03110041 -0.05551418 -0.17784958 -0.00184547
 -0.09619471 -0.01786295 -0.05880395 -0.00627796  0.07059303 -0.0787463
  0.11935603  0.06339897  0.17842433 -0.06382921 -0.17846861  0.01572519
  0.03314137  0.09754743 -0.11623608 -0.02837848 -0.01499849 -0.14323327
  0.05403265 -0.11959075  0.06306623  0.02565926  0.0004834  -0.11854183
 -0.04141973 -0.05534307 -0.15889819 -0.07586417 -0.00478531 -0.01857159
 -0.04766331 -0.04829466  0.05055894 -0.0193802   0.05371909  0.1090937
 -0.0216711  -0.06424298 -0.11441293 -0.06718389 -0.12772404 -0.03336206
 -0.00610206 -0.08391833 -0.02742538 -0.1444755  -0.00622179 -0.00751329
  0.06285103 -0.0406429  -0.01678518  0.0646505  -0.14085677  0.01039204
 -0.09829929  0.11521262  0.07620657  0.07134587  0.05906269  0.02078444
  0.1501778   0.00981245 -0.02871809  0.03236059  0.13924439 -0.15363093
 -0.01973738  0.00847968 -0.11220807 -0.02746379  0.01077697  0.07877777
 -0.13024548 -0.02030263  0.04355895 -0.08481586  0.09009963  0.0923176
 -0.09313214 -0.05242728 -0.03678991  0.0050488   0.09894137 -0.05788231
  0.01094605  0.00526488  0.06049222 -0.12740791  0.0329478  -0.13585474
  0.10666532  0.05954121 -0.02981612  0.04791927  0.00152669  0.13374718
 -0.04767265 -0.03400807 -0.15081322  0.01752265 -0.16406257  0.1660385
 -0.07711621 -0.03177847  0.04139851  0.07052006 -0.03062382  0.10430891
 -0.06464875  0.11176823  0.12419913  0.04151309  0.09496884 -0.11635159
 -0.09014008  0.16444726  0.07093637  0.01354441  0.06936528 -0.04858993
 -0.10528354  0.02497249  0.05695687  0.03386655 -0.08337767 -0.01394926
 -0.24424818  0.03015644  0.11524239 -0.03674506  0.03176982 -0.0041588
  0.0252331  -0.08634303  0.11955975  0.14667112 -0.01756465 -0.10832246
  0.00412213 -0.12079149 -0.16490349  0.10182412 -0.07664591 -0.06306689
  0.04064987  0.03901666  0.00179337  0.06598914  0.00849807 -0.13940613
  0.04317272  0.08450124  0.19091177 -0.08356569 -0.12650105 -0.04779498
  0.05823906 -0.12625644 -0.13467456  0.01867663 -0.07217036  0.14055836
  0.09508927  0.07163105  0.09770642 -0.07824086 -0.20318677 -0.04069353
 -0.03061815  0.11504487 -0.11416145  0.06731828 -0.10760428  0.04285713
  0.11023739 -0.03030198 -0.01296967 -0.06236763  0.02539589 -0.14030474
 -0.00398749  0.07070885  0.10667382  0.03469176  0.06611984  0.19051485
  0.0501054  -0.1404591   0.12496456  0.18212242  0.09715073 -0.06711216
 -0.01921881  0.1263751   0.09404948  0.10926341 -0.09203971  0.24837305
 -0.22926156 -0.07642499 -0.18256572 -0.07040535 -0.11726798  0.09046068
  0.02609019  0.19517758  0.11940422 -0.03894165  0.14691164 -0.00316354
  0.12900643  0.05667542  0.01795904 -0.00180208  0.20893541  0.01209715
  0.07933047 -0.04826839  0.04158085  0.06434847  0.06066033 -0.14600466
 -0.02566239  0.11139993  0.03434063  0.00525689  0.01400819  0.10207655
  0.00275571 -0.12381124  0.07490214 -0.11885486 -0.03943486  0.14567629
 -0.17922023 -0.06952296 -0.01711689  0.22744425 -0.09177274 -0.09744989
  0.04104977  0.01179217  0.03394156  0.00648661 -0.04016111 -0.02529186
  0.03091632  0.10851224  0.08009978  0.09729037  0.06561704 -0.05398384
  0.15226176  0.0586502 ]