http://erau.edu/ontology/meme.owl#AlmostPoliticallyCorrectRedneckMeme
[-7.82243982e-02 -4.81529534e-02  4.07019816e-02  1.12265140e-01
 -5.52960560e-02  8.69479328e-02  9.34081674e-02  8.14755112e-02
 -1.60218105e-02 -5.61098233e-02  6.44284040e-02  7.67130870e-03
 -6.21341765e-02 -1.49562601e-02 -1.21303648e-01  9.85354558e-02
  9.80247557e-02  6.81627169e-02 -9.80960298e-03  4.84680235e-02
 -1.52676225e-01  2.70651300e-02  5.14264628e-02 -7.88782611e-02
  9.39860642e-02 -6.39766902e-02  3.49604972e-02 -1.19277775e-01
  2.25790754e-01  2.11018816e-01  1.13447651e-01  1.31170988e-01
  1.11167684e-01 -4.81051914e-02  1.35969567e-05  1.70697555e-01
 -1.08281240e-01  9.25669819e-02 -5.03335856e-02 -1.38627782e-01
  5.84131330e-02  2.93617725e-01 -1.40894517e-01  1.67776365e-02
  9.25723389e-02  1.12585828e-01  2.56404057e-02 -8.54622275e-02
  3.90827619e-02  1.77260526e-02  8.13363045e-02  1.86971482e-02
 -7.86596984e-02 -1.62380740e-01 -1.64003849e-01 -3.55456695e-02
  1.42641097e-01 -1.88813582e-01  8.79814029e-02  1.37939692e-01
  9.14508849e-02 -8.15902203e-02  2.30448291e-01  4.41140309e-02
 -1.24916010e-01 -9.97629315e-02 -2.33748425e-02 -1.55820968e-02
 -4.67650779e-02 -2.53709376e-01 -1.36018336e-01  2.60816813e-02
  4.91107963e-02  5.56655601e-02  7.84168318e-02  7.19487295e-02
 -1.12659350e-01  7.72952586e-02  1.45281702e-01  5.84388375e-02
  4.72408533e-02 -8.31039995e-02  4.66731712e-02 -1.35654807e-01
  9.00812224e-02 -1.11934533e-02 -6.15810305e-02  3.83700952e-02
  1.18391015e-01  1.00793377e-01 -4.61695902e-02 -2.04409793e-01
  2.99675614e-02 -1.45765722e-01 -1.78343743e-01  5.03695868e-02
  3.27190422e-02 -2.96061859e-02 -8.08163658e-02  1.16768181e-02
  1.60282016e-01  4.29336801e-02  3.16045344e-01 -9.75838006e-02
  5.79431793e-03  1.98520925e-02  1.46189824e-01 -3.59554924e-02
 -7.97928274e-02 -1.98782071e-01  1.86286680e-02 -1.83682684e-02
 -2.03240607e-02 -8.11323747e-02  8.02725181e-02  5.30604497e-02
 -2.13436499e-01 -1.01121970e-01  4.98741679e-02 -5.62441908e-02
 -8.96818414e-02 -3.98080163e-02 -2.37458609e-02  2.13387355e-01
  1.10841908e-01 -5.93432300e-02 -1.20191269e-01  1.20510766e-02
  4.90097934e-03 -9.79727432e-02 -2.99448758e-01 -2.72545982e-02
 -1.49169624e-01 -1.13262959e-01 -1.21706076e-01  1.46432683e-01
 -4.51592430e-02 -1.81102380e-02 -1.50675550e-01 -3.14652957e-02
 -3.34642678e-01  7.94583857e-02  1.70029402e-01  1.73108708e-02
  2.78021783e-01 -1.91652283e-01 -7.04513937e-02 -2.86803264e-02
 -1.11565776e-01  1.00354537e-01  5.59640788e-02 -1.36685491e-01
 -7.19624162e-02  1.12232175e-02 -3.78502794e-02  4.44625616e-02
 -2.11121649e-01  1.54430211e-01  6.36387169e-02 -1.08575650e-01
 -3.48026156e-02 -1.90015286e-01  4.59155589e-02  2.92632524e-02
 -2.37489536e-01 -1.22544199e-01 -1.11214057e-01  1.96084008e-01
 -2.74202645e-01  9.35932919e-02  4.39150035e-02  1.67864159e-01
  2.34761775e-01  1.57792032e-01 -1.12430248e-02  2.80828178e-02
 -5.45586236e-02 -3.16945985e-02  8.70397016e-02 -1.46342784e-01
 -7.95758218e-02  1.04311667e-01  8.24161470e-02  8.30241591e-02
 -2.60014553e-02 -5.18005751e-02  1.16244949e-01  1.10158734e-01
  1.41442224e-01 -1.54448763e-01  5.32736592e-02 -1.65126864e-02
 -1.27175257e-01 -1.56082818e-02 -1.13041950e-02 -1.25812307e-01
 -4.80977967e-02  1.13539375e-01 -1.09650649e-01  7.48219434e-03
  1.22909260e-03 -3.75071578e-02  2.84648091e-02  5.81336115e-03
 -7.72932693e-02 -2.34737784e-01  2.60579884e-02 -1.30835593e-01
  1.41736671e-01  1.33934990e-01  1.38001472e-01  1.21669538e-01
 -1.00740358e-01 -7.42329359e-02  1.39805362e-01 -3.80105898e-02
 -6.92518204e-02 -1.44513950e-01  2.23653123e-01  1.20086484e-01
  1.08013839e-01  1.95533156e-01 -1.69813141e-01  2.84978300e-02
 -8.89689568e-03 -8.73450935e-02 -1.42486632e-01  3.73913832e-02
 -9.75538567e-02 -5.31640761e-02 -7.32842507e-03 -3.85336578e-02
 -1.16710521e-01 -2.02689633e-01 -7.09522963e-02 -5.32351248e-02
 -9.01721194e-02 -2.18271054e-02 -3.53053138e-02 -9.97414142e-02
  6.03102706e-02 -8.10232945e-03  4.17623036e-02  2.63386145e-02
 -2.61020392e-01 -4.46869768e-02 -1.14548206e-01  4.62743528e-02
 -1.20628282e-01  1.74940243e-01  1.50456220e-01  8.66697636e-03
  1.50532380e-01  8.24198797e-02  2.61559993e-01 -1.05751693e-01
 -1.24745242e-01  5.27280429e-03 -8.51250626e-03  9.68556628e-02
 -1.79304287e-01 -9.21653677e-03 -6.00349810e-03 -1.74363807e-01
 -5.12543581e-02 -6.36796057e-02  6.09045438e-02  3.93413380e-02
  6.31328076e-02 -1.92743436e-01 -8.63816068e-02 -1.59941643e-01
 -7.20693246e-02  3.52627486e-02  6.71242401e-02  8.84672068e-03
  1.26723066e-01 -3.50008998e-03  5.17816171e-02  7.68866986e-02
  7.56846741e-02  5.22710681e-02 -5.32983132e-02 -1.73663739e-02
 -5.86804412e-02 -5.00980057e-02 -2.30568200e-01 -7.79001340e-02
 -5.19406497e-02 -5.65083809e-02  9.74360779e-02 -7.84471557e-02
  4.84939441e-02 -7.55077451e-02  4.36486676e-02  8.49424209e-03
  7.63078779e-02  1.74843818e-02 -1.99582070e-01 -5.33502586e-02
 -1.57179788e-01  9.65400338e-02 -4.16415045e-03  9.32560638e-02
 -2.06509288e-02 -1.37532474e-02  1.12326868e-01 -4.63204607e-02
 -2.67969146e-02  1.05623156e-01  1.66374430e-01 -2.40657181e-01
  4.16025594e-02  2.02085376e-02 -4.76824008e-02 -3.79208401e-02
 -6.79491535e-02  1.63453639e-01 -5.45021296e-02 -4.80317920e-02
  9.94582549e-02 -9.28445905e-03  1.83348730e-01  1.13026991e-01
 -1.43138049e-02  2.59362441e-02 -8.78091380e-02 -9.47498251e-03
  1.24151818e-01 -4.97718416e-02  3.60491611e-02  3.40689830e-02
  3.55928652e-02 -7.51427636e-02 -2.15643160e-02 -1.83810323e-01
  8.85929391e-02  2.05375329e-01 -1.52975142e-01  1.34355918e-01
  3.81051265e-02  1.31067395e-01 -9.91734397e-03 -5.10281362e-02
 -1.83276698e-01 -7.91057199e-02 -1.22802585e-01  2.54981756e-01
 -7.67745897e-02 -1.34607166e-01 -2.82489881e-03  8.05350244e-02
 -4.32062633e-02  1.22766510e-01 -1.58812270e-01  1.15923159e-01
  5.16303703e-02  6.10487647e-02  2.16368422e-01 -4.94319275e-02
 -1.03806302e-01  1.05330192e-01  1.07886232e-02  6.81262370e-03
 -3.09564229e-02 -6.91263005e-02 -7.30624348e-02  7.12295026e-02
 -1.76458154e-02  3.59397419e-02 -4.68460917e-02  3.73241752e-02
 -2.49347180e-01  1.20513495e-02  8.20327848e-02 -6.87391311e-02
 -4.39848937e-02  2.84837727e-02  3.93628478e-02 -7.81869814e-02
  1.18598998e-01  2.05294088e-01 -5.22528589e-02 -1.14586323e-01
  8.34960341e-02 -5.42787537e-02 -1.64115250e-01  2.05355525e-01
  5.86731024e-02 -1.02617424e-02 -7.83636719e-02  1.13643825e-01
  1.01903286e-02  1.38322055e-01 -3.95234600e-02 -2.65147626e-01
  9.42987576e-02  7.49841705e-02  2.37881213e-01 -3.88715677e-02
 -3.78021486e-02 -8.67482424e-02  1.40539035e-02 -1.49301097e-01
 -1.32553250e-01  2.02004369e-02 -3.86672318e-02  1.82148799e-01
  2.39593118e-01  1.26284920e-02  1.37310922e-01 -2.48536855e-01
 -1.65233314e-01 -8.06351304e-02 -6.28916770e-02  1.82275981e-01
 -1.58339158e-01 -1.15472071e-01 -9.62356851e-02  9.63195041e-02
  5.38627692e-02 -9.71638635e-02 -1.22918271e-01 -2.59225070e-02
 -3.56348753e-02 -1.71807751e-01 -1.55973043e-02  3.06559689e-02
  2.22487986e-01 -1.57133653e-03  9.44789797e-02  2.08049580e-01
  1.05047166e-01 -1.11323565e-01  2.30140626e-01  2.01138407e-01
  6.04607351e-02 -6.67393804e-02  1.15845371e-02  1.85736388e-01
  2.14367896e-01  8.23019221e-02 -3.48291919e-02  2.88349360e-01
 -3.04844171e-01 -1.30949989e-02 -1.92285135e-01 -7.54582584e-02
 -3.56625021e-02  1.27715796e-01  7.96464756e-02  1.92702010e-01
  2.06855878e-01 -8.91355872e-02  2.72216707e-01 -2.57166494e-02
  1.65438354e-01  1.36571471e-03  5.37191369e-02  4.88548055e-02
  1.82448953e-01  8.82870927e-02  1.09465905e-01 -1.04227819e-01
 -1.01321444e-01  9.65845734e-02  5.15223928e-02 -1.19572267e-01
 -6.77743256e-02  8.33994374e-02  9.69876274e-02 -4.01099771e-02
  1.45515457e-01  6.39967397e-02  2.59793159e-02 -1.22840151e-01
  2.50552464e-02 -5.89127056e-02  8.71266946e-02  1.54208019e-01
 -6.65275753e-02 -5.20141274e-02 -5.12348861e-02  2.51369834e-01
 -1.48640424e-01 -1.76416367e-01  6.59438670e-02 -1.21822454e-01
  6.67259991e-02  1.03760334e-02 -1.24861807e-01 -2.03297231e-02
  3.91946509e-02  8.83182287e-02  3.25703956e-02  6.31903931e-02
 -2.37283949e-02 -1.69230870e-03  1.44606590e-01  4.69468124e-02]