http://erau.edu/ontology/meme.owl#SalsaTequilaMeme
[-1.36366546e-01 -1.20967530e-01  1.28629074e-01  2.03514382e-01
  3.83838117e-02  1.74559593e-01  2.68391460e-01  4.49580997e-02
 -3.06673278e-03 -2.14980289e-01  2.93885022e-02 -1.30920531e-02
 -1.20754413e-01  6.47576228e-02 -9.40172747e-03 -1.64380837e-02
  4.76339757e-02  1.52518630e-01 -1.07688615e-02  1.45217121e-01
 -1.78608522e-01  4.93018292e-02  7.09489956e-02 -1.18655264e-01
  1.30498275e-01 -1.88387305e-01 -1.11219324e-01 -5.30971475e-02
  3.37325305e-01  8.19915384e-02  1.50233209e-01  2.21029967e-01
  1.96070597e-01 -1.53232262e-01 -8.53572041e-02  2.26066157e-01
 -1.09003671e-02  2.20917937e-04 -2.28097625e-02 -1.48008704e-01
 -8.59055445e-02  1.08292900e-01 -2.07918972e-01 -6.84141368e-02
 -5.08327447e-02 -4.65809740e-02 -1.60620511e-02  9.38166771e-03
  2.44409987e-03 -8.65732611e-04  6.21201880e-02  9.85679701e-02
 -1.68115810e-01 -1.40426785e-01 -8.59180465e-02  5.69227375e-02
  8.10352862e-02 -2.29131326e-01  9.08908248e-02  1.03925206e-01
 -2.53101923e-02 -6.25973120e-02  1.96341593e-02 -2.03654785e-02
 -2.44394451e-01 -4.99925539e-02 -1.22280091e-01 -1.15684671e-02
 -9.31325257e-02 -2.83978973e-02 -8.52776989e-02 -6.42784238e-02
  5.58423847e-02  4.97150719e-02  1.43826872e-01  3.39907706e-02
 -1.80513278e-01 -7.26516098e-02  1.07705623e-01 -1.16346525e-02
 -2.73451544e-02 -7.37103149e-02  2.51930971e-02 -1.66346446e-01
  1.61286145e-02 -1.19630508e-01 -2.58029163e-01  1.01341732e-01
  9.27816629e-02 -6.89627826e-02  9.14123356e-02 -2.93930203e-01
 -4.70276438e-02 -8.26423913e-02 -1.04058377e-01 -7.34721571e-02
 -1.57904580e-01  5.63990958e-02  1.03372624e-02 -8.85929540e-02
  7.14872777e-02  9.13100503e-03  3.75969470e-01 -6.57296181e-02
  2.53901090e-02  4.40683700e-02 -1.44735100e-02 -1.92606412e-02
  3.07011679e-02 -1.30458981e-01  1.45956099e-01  5.94732389e-02
 -1.81827787e-02 -4.75016162e-02  9.75843519e-02  1.32071629e-01
 -2.05947027e-01  7.15957135e-02  1.13613486e-01  3.14407609e-02
 -8.31902549e-02 -1.47732878e-02  1.70309152e-02  1.45456254e-01
  1.40533507e-01  1.99694131e-02  1.25293240e-01  7.54734278e-02
  1.70454875e-01  1.19666733e-01 -3.18883598e-01 -1.43340686e-02
 -5.01597933e-02 -1.28970265e-01  6.84702843e-02  1.52476013e-01
  3.27196606e-02 -1.05072051e-01 -1.34498104e-01  2.99909599e-02
 -2.37345368e-01 -8.95877630e-02  2.07440048e-01  1.57011617e-02
  1.42082363e-01 -1.59421384e-01 -4.85599637e-02 -5.30837700e-02
  2.66160462e-02  1.80476576e-01 -3.80705073e-02 -9.11621377e-02
 -1.20029360e-01  1.66376516e-01  1.07838102e-01  1.47645175e-01
 -7.65385032e-02  2.93898046e-01  1.18691690e-01 -1.73879620e-02
  6.36584908e-02 -2.71331131e-01  2.67509348e-03  4.19613672e-03
 -2.04497471e-01 -1.02042044e-02  4.97310348e-02  2.39251301e-01
 -3.63283992e-01  1.36873394e-01  5.47191538e-02  1.71434268e-01
  2.07485810e-01  1.83069229e-01 -2.41440274e-02 -4.80863154e-02
 -1.25143498e-01 -7.89329931e-02  2.80083090e-01 -3.01781986e-02
 -5.77184483e-02  1.31651863e-01  9.61816385e-02  6.69331327e-02
 -4.20753136e-02 -3.18329856e-02  6.49546236e-02  1.69458270e-01
  3.33124489e-01 -7.58880377e-02 -1.08798947e-02  3.33273858e-02
 -1.49513751e-01 -1.20925322e-01 -1.97869428e-02 -1.15672328e-01
  1.18117526e-01  9.84676629e-02 -4.08162847e-02 -1.34063050e-01
  9.34846997e-02 -1.04631903e-02  2.03141481e-01  6.72793388e-02
 -1.62435696e-01 -2.66847759e-01  4.34021540e-02 -2.79320385e-02
  8.26952159e-02  1.40523821e-01  3.43958735e-01  1.76559806e-01
 -9.48826503e-03  1.25600779e-02  1.67863056e-01  5.98262958e-02
 -8.92239530e-03  1.39026530e-02  1.89244494e-01  1.60962358e-01
  1.60141423e-01  1.09933116e-01 -3.53098363e-02  1.28276765e-01
  1.36574313e-01  5.54245431e-03 -1.46308094e-02 -7.56466612e-02
 -1.61764398e-01 -1.67219192e-02  2.22028270e-02 -1.47066399e-01
 -8.55614915e-02 -2.29832828e-01  9.64135379e-02  5.20973504e-02
 -6.96468353e-02  1.10107670e-02  1.22614317e-01 -2.01284438e-02
 -7.67903924e-02 -1.24132242e-02  1.69388894e-02  2.40911279e-04
 -2.30700925e-01 -1.17057767e-02 -1.73874393e-01  3.47255580e-02
 -2.15567779e-02  4.74811085e-02  7.73646683e-02 -4.83945869e-02
  1.56421497e-01 -3.15699950e-02  2.80622184e-01 -2.31778231e-02
 -1.93773627e-01 -4.07889076e-02  2.78030448e-02  6.66341707e-02
 -1.06835626e-01 -1.00795165e-01 -3.20173129e-02 -1.49604350e-01
  5.76044023e-02 -5.38814440e-02  4.47370671e-03  6.31440505e-02
 -7.84640014e-02 -2.82259658e-02 -9.46895704e-02 -1.17987409e-01
 -7.71770030e-02 -1.50913730e-01  7.47371614e-02  3.89066525e-03
  4.71706456e-03 -4.59661335e-02  5.80200087e-03 -6.43895864e-02
  8.43155235e-02  1.76756546e-01  2.89481636e-02 -3.62209305e-02
 -7.73393661e-02 -1.14515694e-02 -1.58521589e-02 -3.16173285e-02
 -6.54974431e-02 -8.05995148e-03  5.65963313e-02 -2.07475908e-02
 -1.22945517e-01  8.62681866e-02  7.91869126e-03  1.69540122e-02
  6.64006472e-02  5.63945770e-02 -8.18063840e-02  3.27412561e-02
 -1.49920940e-01  9.03330222e-02  1.01611979e-01  7.65225068e-02
  1.00880032e-02  5.34871221e-02  1.66757386e-02  1.48727456e-02
 -1.04469404e-01  4.14152071e-03  1.78202346e-01 -5.29927202e-02
  1.14216484e-01  3.87046346e-03 -6.62986711e-02  3.76980901e-02
 -3.53145599e-02 -4.81071845e-02 -1.84268113e-02 -1.13358364e-01
  1.26122624e-01 -1.76166490e-01  2.61160396e-02  1.22509874e-01
 -1.02921665e-01 -1.29906442e-02 -4.08599302e-02  1.92787778e-02
  1.23789586e-01  7.88265243e-02 -6.11168966e-02 -6.58303946e-02
  9.60905924e-02 -8.77419040e-02  1.25572741e-01 -8.80907699e-02
 -4.11965325e-02  1.50876239e-01 -2.39873659e-02  5.80878695e-03
  4.83810640e-04  1.82043731e-01 -9.91049558e-02 -1.24134265e-01
 -6.33329898e-02  1.96908303e-02 -2.98519403e-01  1.25379458e-01
  5.24202250e-02 -2.54865855e-01 -2.11932268e-02  5.39759360e-02
 -8.96195248e-02  1.84020370e-01 -1.55637771e-01  1.52198598e-01
  7.49110579e-02  8.39937255e-02  1.56315058e-01 -8.35744888e-02
 -2.21740343e-02  1.66613072e-01 -4.08208482e-02 -4.03982289e-02
  8.13627690e-02 -1.62705719e-01 -4.43043821e-02  8.10187459e-02
  4.08593714e-02 -8.87097605e-03 -1.00577556e-01 -1.80387184e-01
 -1.15931436e-01 -4.69372161e-02  7.95358568e-02  3.94261852e-02
 -5.14929481e-02 -2.92157270e-02  6.20691963e-02 -7.90351704e-02
  5.33046201e-02  2.78358281e-01 -1.59919664e-01 -2.37722576e-01
  5.45291156e-02 -1.19364306e-01 -2.15254933e-01  1.46692872e-01
 -5.69413602e-02 -8.25060531e-02  2.80097723e-02  1.83589086e-01
 -3.95157784e-02  2.76696712e-01 -7.80759454e-02 -3.19480240e-01
  8.03038944e-03  2.14261875e-01  5.15610158e-01 -1.00603372e-01
 -5.62372431e-02 -1.38098851e-01  1.20013677e-01 -2.58827418e-01
 -1.27410904e-01 -1.11577762e-02  2.04451731e-03  3.86784792e-01
  7.88993612e-02 -8.58404413e-02  1.57137573e-01 -2.73001969e-01
 -1.90520898e-01  4.89439517e-02 -7.09528252e-02  1.21918507e-03
 -2.12341741e-01 -2.96663772e-02 -8.40869322e-02  5.11153862e-02
  1.09847881e-01 -4.04231139e-02 -2.12524965e-01 -6.84894100e-02
  2.48779953e-02 -2.59330839e-01 -6.91383258e-02  8.81709233e-02
  2.10072577e-01 -4.01384383e-02  1.11755483e-01  2.34127134e-01
  1.87366739e-01 -2.99166851e-02  2.41260752e-01  2.04935461e-01
  5.18503934e-02 -2.01716900e-01 -2.75256168e-02  2.10119903e-01
  1.58124715e-01  1.49730742e-01 -1.45381123e-01  4.37627763e-01
 -2.78808773e-01 -8.43502954e-02 -3.36050421e-01 -2.19754148e-02
 -3.23070660e-02  7.28739202e-02 -5.49456142e-02  3.09679136e-02
  6.60337806e-02  7.21300468e-02  1.14443220e-01 -5.17205633e-02
  2.09406480e-01  5.21038175e-02  9.07534286e-02 -8.29551145e-02
  1.93768914e-03  6.67205080e-02  8.60261694e-02  2.87110880e-02
  7.60278255e-02  1.17056333e-01  4.71910313e-02 -1.42049342e-01
 -1.89410560e-02  1.63149968e-01  2.07284912e-01  1.87219400e-02
 -8.18843395e-03  2.16409788e-01  1.02646444e-02 -8.36854801e-02
  1.64590366e-02 -4.94278282e-01 -1.40604585e-01  1.76442161e-01
 -4.66582738e-02  1.19303388e-03 -1.89476144e-02  2.46270508e-01
 -2.41127297e-01 -3.64014000e-01  9.19799358e-02 -1.72573730e-01
  3.13413411e-01  1.33761644e-01 -1.96034268e-01 -2.11245213e-02
 -1.61444899e-02  6.79714233e-02  2.71260172e-01  4.62266803e-02
 -3.30072232e-02 -1.28854975e-01  2.23893106e-01  1.40224010e-01]