http://erau.edu/ontology/meme.owl#NudeFreePlayboyMeme
[-1.18245147e-01 -1.00053124e-01  7.75180385e-02  1.74350515e-02
 -1.37493491e-01 -4.25787978e-02  4.60060015e-02  5.55096082e-02
  4.48065512e-02 -6.93295300e-02  1.44397840e-01 -8.82296190e-02
  1.28457323e-01 -4.76500764e-02 -4.66721654e-02 -8.50696489e-02
  1.10992454e-02  2.36562956e-02  5.44929784e-03 -1.20531451e-02
 -1.15083672e-01  1.67674497e-01  8.03430527e-02 -1.22167982e-01
  1.09003887e-01  1.53026115e-02  1.25522807e-01 -1.22616209e-01
  2.50274867e-01  1.67527124e-01  9.54661518e-02  5.89192621e-02
 -6.09273352e-02 -6.10100664e-02 -5.69417737e-02  2.06919163e-01
 -9.51539502e-02  7.39262626e-02 -1.49155706e-02 -7.71431029e-02
 -5.43661080e-02  1.57866895e-01 -2.67057210e-01  6.44157827e-02
  2.10458070e-01 -7.28055686e-02  4.77553494e-02 -6.83012977e-02
 -3.14433686e-02  6.14944920e-02  1.20021246e-01 -2.64644679e-02
 -8.55822042e-02 -1.38925567e-01 -7.37358630e-02 -9.06531215e-02
  6.29160628e-02 -5.95620424e-02  8.52502286e-02  7.11483210e-02
 -1.06934845e-01 -7.71422237e-02  1.64696619e-01  6.68952614e-02
 -3.61234173e-02 -1.14143513e-01  1.29160136e-02  1.17487954e-02
 -1.79833874e-01 -1.83699772e-01 -1.98573515e-01  1.09145813e-01
  1.31691366e-01 -3.07384171e-02  2.22840663e-02  2.37343330e-02
 -1.22626580e-01  5.18789738e-02  1.75408542e-01 -2.82445755e-02
 -4.87191863e-02 -5.26419804e-02 -8.31458867e-02 -1.86722040e-01
  1.36562586e-01  4.43477789e-03 -1.19497739e-01  3.52820270e-02
  6.61120713e-02 -4.78004813e-02 -1.39936805e-01 -1.61301151e-01
  1.46317333e-01 -1.33533671e-01 -1.26533687e-01  8.34262967e-02
  4.88654710e-02 -2.20953394e-02 -6.86798692e-02 -1.28333028e-02
  1.56479731e-01 -2.18249559e-02  3.18916798e-01 -2.53983326e-02
 -8.35164115e-02 -6.58418983e-02  6.96140230e-02 -7.61534497e-02
 -1.55440494e-01 -1.72873929e-01  9.82132647e-03 -1.29221668e-02
 -1.26691401e-01 -2.65640259e-01  3.96526009e-02  3.48291509e-02
 -3.01625967e-01 -5.59655875e-02  2.48629563e-02  7.83298761e-02
 -4.68412787e-02 -2.57402748e-01 -7.80008882e-02  1.04938045e-01
  7.65351355e-02 -7.30135962e-02 -8.13195556e-02 -2.39162110e-02
  1.21696800e-01  3.09455246e-02 -2.35504210e-01 -1.42168663e-02
  2.18370166e-02 -1.22400515e-01 -1.22674063e-01  5.88041767e-02
 -5.69101125e-02 -1.66137852e-02 -1.23817354e-01  1.72545120e-01
 -2.07055971e-01 -7.68578378e-03  1.25266820e-01  1.51399951e-02
  1.35497943e-01 -2.75583655e-01  1.10515311e-01 -7.72317797e-02
 -1.42296888e-02  1.49838865e-01  7.00583681e-02 -4.84175421e-02
  6.21039048e-02  1.76499844e-01 -8.38605240e-02  1.05076626e-01
 -1.32484272e-01  3.06967497e-01  2.61324327e-02  2.09654253e-02
  6.47325963e-02  3.65461558e-02  5.13191968e-02 -8.63717590e-03
 -2.39773422e-01 -2.14817792e-01 -8.64200108e-03  1.41004086e-01
 -3.05834740e-01  1.46301091e-01  3.02598737e-02  8.73007402e-02
  2.24024683e-01  1.74774900e-01 -1.46623909e-01  2.56196335e-02
 -1.28418103e-01 -6.97395429e-02  8.57651308e-02 -7.02533796e-02
 -1.39054703e-02  1.03273377e-01 -8.13895240e-02  3.49374078e-02
  2.31116656e-02 -5.86187132e-02  1.39659092e-01 -6.63849115e-02
  2.03231201e-01 -6.03071749e-02  5.51944226e-02 -7.05556124e-02
 -1.46743000e-01  3.92858721e-02  4.63209897e-02 -3.46025825e-02
 -6.91625625e-02  1.53962195e-01 -9.46848374e-03 -3.21992487e-02
 -1.13342166e-01 -1.37915492e-01 -7.34500587e-02 -9.32220742e-02
  1.06489658e-03 -1.66262448e-01 -2.40889881e-02 -7.36934096e-02
  3.89788114e-02  5.98675646e-02  1.55380830e-01  9.78039429e-02
  1.58618623e-03 -3.72330844e-02  2.26726998e-02  2.41249222e-02
 -3.33898403e-02 -2.51200944e-02  3.66062038e-02  7.72331133e-02
  5.64924702e-02  1.50839901e-02 -1.33237690e-01  5.15065854e-03
 -4.21101116e-02  4.52692807e-02 -1.34584621e-01  4.99790162e-02
 -1.25704557e-01  5.81612624e-02  8.62044748e-03 -1.20193884e-02
 -2.19389707e-01 -5.04956171e-02 -8.61908421e-02  8.15841928e-03
 -1.37540745e-02 -1.08257987e-01 -1.84619632e-02 -1.63196400e-01
 -8.75538737e-02  4.13170904e-02  8.85132402e-02 -2.04588510e-02
 -2.86066979e-01  1.16857709e-02 -1.85903404e-02  8.07780307e-03
 -7.35134706e-02  6.68351650e-02 -6.86205365e-03 -3.21172960e-02
  9.95660275e-02 -4.91782688e-02  2.42304683e-01 -1.34238740e-02
 -1.23782516e-01  5.61189204e-02 -1.15531221e-01  1.14623614e-01
 -1.64312631e-01 -1.08851098e-01 -6.09093495e-02 -9.87387151e-02
 -5.02799340e-02 -2.31437758e-01  5.92947118e-02  6.70283986e-03
  7.39796311e-02 -6.52745217e-02 -8.70178714e-02 -1.28436998e-01
 -1.12559736e-01  4.92753536e-02  7.73853660e-02 -9.83827263e-02
  1.06315963e-01  9.57622081e-02 -3.29657900e-03  1.74436755e-02
  6.57271221e-02  1.51259974e-01 -5.35064191e-03 -7.94169530e-02
 -1.65186524e-01  5.67835644e-02 -2.20056772e-02  9.92122591e-02
 -8.98343921e-02 -2.44100779e-01  1.10975936e-01 -1.00025304e-01
  5.52462414e-02 -8.66586417e-02  1.89855564e-02 -2.90888641e-03
  8.71451572e-02 -2.26383507e-02 -1.73860073e-01  1.57213584e-03
 -1.68423295e-01 -1.34208295e-02 -2.44568549e-02  1.87876120e-01
 -4.42816205e-02 -9.01107341e-02  2.14251786e-01 -3.84728089e-02
 -2.12045759e-02  2.81457626e-03  2.96618879e-01 -3.17129530e-02
 -6.61894158e-02  1.89560335e-02  2.92677898e-03  2.59833112e-02
  6.30953955e-03  4.02584411e-02 -2.19500586e-02 -8.81340504e-02
  2.03288257e-01 -7.77786449e-02  1.95613429e-01  1.07075557e-01
 -1.90697284e-03 -1.28523231e-01 -3.11278626e-02 -2.52381880e-02
  1.34959057e-01  1.81065127e-02  1.44155985e-02 -7.87649006e-02
  1.47906309e-02 -1.52741164e-01 -4.78210337e-02 -2.38068745e-01
  1.32635683e-01  4.59922291e-02 -2.21638139e-02  8.92109573e-02
 -7.80091342e-03  6.14655539e-02 -1.19313397e-01 -8.70208144e-02
 -1.70313984e-01  7.95448273e-02 -2.08613463e-02  1.03597105e-01
  7.60523882e-03 -1.00297518e-01 -5.20033576e-02  8.26559663e-02
 -1.25445038e-01  2.01581746e-01 -6.16835356e-02  8.85436758e-02
  2.24090437e-03  8.59940052e-03  1.54917791e-01 -4.21835147e-02
 -1.45540208e-01  1.30404010e-01  1.90821346e-02 -6.88538626e-02
 -6.78282678e-02  7.86662102e-02 -3.24877761e-02  3.70553397e-02
 -4.57301699e-02  7.51310438e-02  6.36737719e-02 -1.52913490e-02
 -2.05475047e-01  8.28046948e-02  9.27292630e-02 -5.86334690e-02
 -6.28658533e-02  5.44475690e-02 -2.15314087e-02 -6.33904198e-03
  1.87030267e-02  8.04364830e-02  4.01613005e-02 -9.87454876e-02
  1.00053787e-01 -1.57855332e-01  6.49705017e-03  9.27709118e-02
 -2.88542849e-03 -8.00805464e-02 -4.44245599e-02 -7.77590973e-03
  8.42232406e-02  2.72166580e-01 -1.23239467e-02 -1.96551308e-01
  5.96152283e-02  1.28883898e-01  1.89048514e-01 -7.34989271e-02
 -1.17598608e-01 -5.71075007e-02  6.04490228e-02 -2.31967613e-01
 -1.34737507e-01 -6.63797883e-03  2.06871554e-02  2.25869507e-01
  8.34919587e-02  1.08841859e-01  8.79588053e-02 -1.82930738e-01
 -5.15760779e-02 -2.29032226e-02 -9.86939818e-02  4.86469269e-02
 -2.06577837e-01 -1.40256092e-01 -6.42748848e-02  1.29756883e-01
  2.22328231e-01 -4.06375192e-02 -1.59006581e-01  1.32872257e-02
  4.25671935e-02 -6.94411322e-02 -2.84178946e-02  5.71211204e-02
  1.41905069e-01 -6.34199753e-02 -1.59206949e-02  1.38954729e-01
  4.41079922e-02 -9.52144042e-02  1.59420356e-01  2.38181487e-01
  1.40974924e-01  2.34628264e-02  5.99896796e-02  1.26116380e-01
  6.26406446e-02 -2.73477344e-04 -1.22220576e-01  2.88619339e-01
 -2.83535331e-01 -5.26926592e-02 -1.82090417e-01 -1.66809216e-01
 -1.49563760e-01  7.72253796e-02  1.16185062e-01  1.13022067e-01
  3.73885557e-02 -6.01388514e-02  1.64722130e-01  7.60580301e-02
 -1.37416078e-02  1.02274551e-03  8.13989565e-02 -1.67051703e-02
  1.37106672e-01  6.75657094e-02  1.54997125e-01 -5.89981526e-02
 -5.76470159e-02  8.81512389e-02  2.30105338e-03 -9.00176838e-02
 -4.90731280e-03 -7.04264343e-02  1.41470909e-01 -4.07169610e-02
  1.08047485e-01  1.48007706e-01  1.19516842e-01 -1.59059733e-01
  1.26478299e-01 -1.75447971e-01 -6.50736168e-02  1.79831043e-01
  1.86991394e-02 -2.64021326e-02 -1.05637617e-01  3.61371845e-01
 -1.23301625e-01 -1.98519111e-01 -3.11236046e-02  6.29273131e-02
  1.31658196e-01  6.07305728e-02 -4.48581502e-02 -8.22837232e-04
  1.04951635e-01  1.06366947e-01  3.02689690e-02  4.94302250e-02
 -3.24294344e-02  8.25297460e-03 -1.09770466e-02  4.93731834e-02]