http://erau.edu/ontology/meme.owl#ApriltheGiraffesLivestreamMeme
[-0.06911615 -0.22685853  0.05371322  0.05223963 -0.02075201  0.22740816
  0.23917387 -0.00849382  0.02565305 -0.19828297 -0.02239696 -0.0791482
 -0.01974486 -0.122657    0.07763429  0.10587588 -0.05593107  0.10908584
  0.02882013  0.12148471 -0.10741038 -0.04300812  0.04900556 -0.02040716
 -0.11044276 -0.0152109  -0.10684624  0.02045743  0.22041838  0.06122163
  0.11593358  0.29651955  0.08215983 -0.10202882 -0.15089646  0.3284316
 -0.01206978  0.21552542  0.00432125 -0.09868337  0.09598059  0.1424896
 -0.26131472 -0.08031391 -0.01905555  0.03798316 -0.18515502 -0.06083408
 -0.03747898  0.08949146  0.02769224 -0.08796749 -0.05491572 -0.29730377
 -0.2747857  -0.05379085  0.3066753  -0.17020147  0.1146723   0.01755086
 -0.00315336 -0.06349555  0.04836953 -0.02880288 -0.15307567 -0.05793025
 -0.03236329 -0.10483225 -0.18978812 -0.29382056 -0.10505404  0.01278462
 -0.00275304  0.12206096  0.12076186  0.05324866 -0.2363595   0.0662613
  0.21156123  0.10899631 -0.04833579  0.02743912  0.07732973 -0.3539249
 -0.00718372 -0.13390543 -0.20606194  0.00089123  0.07224507 -0.08393662
 -0.05215549 -0.27481136  0.0803323  -0.20724478  0.05937357  0.00622716
 -0.03850846 -0.14202212 -0.02973833 -0.07402284  0.13643114  0.1337154
  0.50845146 -0.1895203   0.00907281 -0.06917376  0.19738175 -0.02556233
  0.11396121 -0.06991169  0.08869553  0.02243833 -0.12339562 -0.12829338
  0.2382232   0.27566534 -0.35445243 -0.27049297  0.10078038  0.19392388
 -0.11562198  0.02627069 -0.10687872  0.20046443  0.15053117  0.0137537
  0.11158563 -0.02918548  0.02578916  0.03154124 -0.516317   -0.14729258
  0.11285912 -0.02673433 -0.16045825  0.28644347 -0.17924125 -0.00163952
 -0.1413562   0.18127963 -0.3381323   0.02154026  0.11987291 -0.09778996
  0.27418414 -0.16177657 -0.04229929 -0.11246492 -0.05343368  0.32244906
 -0.02605131 -0.20486204  0.05257098  0.1760529  -0.10702648  0.15953739
 -0.1927988   0.27579746  0.02422877 -0.19521213 -0.02913971 -0.2413568
 -0.01213844 -0.08389015 -0.33934706 -0.19391511  0.04602089  0.21967728
 -0.5704374   0.11780555  0.00860803  0.07700945  0.16870418  0.19758551
 -0.02097831 -0.00963028 -0.06356725 -0.08183002  0.2521461  -0.0065989
 -0.11299293  0.14599748  0.17705949  0.12230182 -0.26142988  0.12846833
  0.14072384  0.13422051  0.38852218 -0.0012514   0.00949549 -0.01479751
 -0.31196368 -0.04070718 -0.09829494  0.05880469  0.04019337  0.20983708
 -0.23023412 -0.0912215   0.12468184  0.09616644  0.04775279  0.18142182
 -0.19949378 -0.1852821   0.00097327 -0.0193436   0.11773276  0.22900142
  0.38210186  0.12094933 -0.02413789  0.05187609  0.13757634  0.05043935
 -0.0813978   0.14855723  0.24633959  0.16607355  0.28323048  0.3135644
 -0.02900825  0.27768227 -0.04293618  0.04009696 -0.07041791 -0.16416886
 -0.10892376 -0.03682579  0.04951701  0.07402994 -0.00796153 -0.11458372
  0.0108759   0.08506465 -0.17025816 -0.0737771   0.19134438 -0.07906263
 -0.18979445 -0.1218653  -0.08425312 -0.07945918 -0.23238061 -0.10695247
 -0.27126247  0.13652036 -0.07477151 -0.09980955 -0.00566807 -0.16675352
  0.14206432 -0.01213266  0.24471039 -0.00145445 -0.2583074  -0.04275637
  0.14117223 -0.06462541 -0.22847967 -0.2438151  -0.05736475 -0.1180237
  0.08086441 -0.27026308 -0.05887162  0.11151921  0.14676113 -0.13394289
 -0.03284171 -0.24874602 -0.14075437  0.0839031   0.190864    0.04220154
  0.00929874 -0.06783142 -0.11433007 -0.16198707  0.04053262  0.30849904
 -0.09527145  0.02442531 -0.16066758  0.03532817 -0.17818098 -0.0492317
 -0.11954308 -0.14885956  0.03446761 -0.11715019 -0.05047432 -0.06880949
  0.05532954  0.02322567 -0.01573345  0.1134112  -0.08423703 -0.02302882
 -0.36280736  0.1772116   0.1499927   0.09371068  0.03161836 -0.06846988
  0.30481666  0.03178847  0.10851207  0.06587162  0.25723293 -0.09602825
  0.1545434   0.10944294 -0.1309633   0.03034447 -0.09106271 -0.01957009
  0.04604343 -0.22706121  0.03946707 -0.2050194   0.21088903  0.20389481
  0.01529136  0.01249154 -0.04685584  0.05337598  0.12710546  0.00916868
 -0.12520084 -0.11418994  0.07852749 -0.08071633  0.20073137 -0.15842721
  0.16800627  0.02214862  0.04750695  0.12408349 -0.01119295  0.18191394
 -0.00960086 -0.22339363 -0.03875137 -0.04677688 -0.24419455 -0.06966286
 -0.08444467 -0.01416034  0.01724927 -0.02383246 -0.19042517  0.17307779
 -0.12138814  0.16065185  0.00472296 -0.0204602   0.30786383 -0.13399951
 -0.13048334  0.0910878  -0.00167195  0.01660975  0.05245036 -0.08481506
 -0.14072713  0.16607377  0.15586197  0.04537973 -0.07407071 -0.1979061
 -0.03096694  0.10295646  0.13723555 -0.00859392  0.02485382 -0.08068953
 -0.00563628 -0.19864213 -0.04113589  0.14305179 -0.21122162 -0.18314855
 -0.11492939  0.22632411 -0.02325467 -0.04782835  0.1379986   0.20623535
 -0.03807158 -0.01205254  0.00268233 -0.12916334 -0.02084053  0.09255462
 -0.11728638  0.02891932 -0.03889113  0.10404864 -0.01829122  0.02600252
 -0.03038519  0.08471561  0.05318297 -0.05366372 -0.06093862 -0.34572193
  0.05498371  0.03405945  0.32245708 -0.2148358  -0.20191617 -0.00759806
 -0.11530405  0.17094967 -0.14322463  0.12434194 -0.09354942 -0.08060566
  0.07805914  0.01447809 -0.17007433 -0.0226144   0.02126642 -0.07643145
  0.04452232 -0.0248234   0.13025688  0.10560931  0.09378599  0.10184003
  0.154666   -0.06353577  0.16404687  0.12302575  0.00354551 -0.1633563
 -0.1576344   0.25163975  0.32864335  0.147043   -0.12082195  0.34263468
 -0.09428719 -0.01674236 -0.1904144  -0.01788148 -0.00624186  0.10944878
  0.00278701  0.15928428  0.0372857  -0.05657175  0.1318951  -0.07734838
  0.25234348  0.00188757  0.03566976  0.0264972   0.0099306   0.04539319
 -0.1401114  -0.07608555 -0.00656181  0.09143208 -0.01846795 -0.08645042
  0.09633777  0.1503246  -0.02138968  0.04536415  0.03795536  0.19296995
 -0.08453697  0.10382584  0.0625919  -0.2205088   0.08130256  0.07977733
 -0.21954201  0.18903752 -0.02776411  0.12318386  0.02621445 -0.24113138
  0.0693887  -0.04058576  0.1052246   0.09531225  0.03140742  0.13028221
 -0.05030436  0.04480705  0.12654048  0.01167297  0.19103636 -0.0260847
 -0.00543894 -0.10712372]