http://erau.edu/ontology/meme.owl#h3h3productionsMeme
[-0.15066865 -0.12318616  0.01759346  0.04489826 -0.03894972  0.06330636
  0.09027461 -0.07111022  0.0053732  -0.0706976   0.09152641 -0.04365184
  0.08890793  0.00147683 -0.03996533 -0.0503252   0.06346617  0.06201512
  0.04323331  0.02293566 -0.13080235  0.07847253  0.08544748 -0.04781256
  0.11795527 -0.03987921 -0.11139578 -0.01626918  0.31388435  0.17487754
  0.17318296  0.13623983 -0.04231132 -0.08284095  0.03514851  0.10812011
  0.03355549  0.00969633 -0.09967757 -0.03192117 -0.0503021   0.10330524
 -0.1691767   0.02045982  0.07424393 -0.11129308  0.04150565 -0.07811585
 -0.02558869  0.027503    0.05403935  0.06948791 -0.07303268 -0.2515154
 -0.14459217  0.0639016   0.1407886  -0.11201092  0.19116199  0.09407912
  0.02806823 -0.00960655  0.10887688  0.09381125 -0.08451986 -0.03872238
  0.11023574  0.00271256 -0.12305665 -0.06262187 -0.12632789  0.09661663
  0.08106121 -0.06068322  0.07237126 -0.05889806 -0.03568165 -0.01488092
  0.13189797  0.02370541 -0.08556867 -0.09349779 -0.07437827 -0.15335684
  0.08164141 -0.01632887 -0.176268    0.15350984  0.08554479 -0.00676572
 -0.05203235 -0.12759452 -0.04467572 -0.04021392 -0.12181681  0.05419701
 -0.0607877  -0.07822847 -0.07341804  0.02075756  0.076183    0.04203632
  0.24778871 -0.06785353 -0.0916435   0.07228359  0.01505815  0.00966824
 -0.07061315 -0.06075606 -0.04499565 -0.01462934 -0.06338707 -0.07012452
  0.12049101 -0.01666254 -0.16026351 -0.0676392   0.00398443  0.03874908
  0.08376089 -0.15123458 -0.08485223  0.11767441  0.09740154 -0.01302846
  0.01093078  0.04199248  0.08255177  0.06064557 -0.20943403 -0.05928628
 -0.06546592 -0.12058161 -0.09827299  0.14482436 -0.05231788 -0.0519726
 -0.08514354  0.13158578 -0.25482076 -0.04460163  0.13966514 -0.00240016
  0.17204297 -0.1697548   0.08086528 -0.0928545  -0.07971539  0.0338634
  0.00772175 -0.12766522 -0.02730777  0.11973607 -0.00805423  0.17558022
 -0.14335276  0.25804812  0.06239842 -0.05913242  0.14980815  0.00451652
  0.07985491  0.07329917 -0.29560924 -0.1506165   0.02581923  0.24805851
 -0.2132123   0.11222877 -0.01223714  0.11497599  0.18705028  0.09104481
 -0.09321342  0.09562689 -0.0696745  -0.06005865  0.0583792   0.0076578
 -0.07161778 -0.03134511 -0.03768298  0.04214028 -0.025446    0.02222733
  0.05095036  0.02247119  0.09922326 -0.12880509  0.00822365 -0.02446024
 -0.15276287 -0.14441282  0.05629839 -0.04134436  0.03253955  0.24922185
 -0.04763578 -0.06416196  0.03326636 -0.09205214  0.03479978  0.06197235
 -0.04860874 -0.23569477  0.01434415 -0.12599142  0.10534033  0.13267948
  0.24821828  0.1548411  -0.01788742 -0.05560425  0.02475225  0.03031829
 -0.09106767 -0.02579223  0.04986554  0.12534735  0.06721385  0.05137211
 -0.08950912 -0.00698959  0.09484339  0.059637   -0.10979088  0.02940073
 -0.10481823  0.00500338 -0.09640176  0.01992456 -0.17669576 -0.0876698
 -0.06251241  0.02799208 -0.05629513 -0.17341295  0.06795997 -0.1304942
 -0.04436451  0.05795209  0.01143073 -0.08295957 -0.28677177 -0.006749
 -0.03670199 -0.07008298  0.00415412  0.05837519  0.08327501  0.00156296
  0.1718403  -0.04053105  0.21869616 -0.03181367 -0.15285006  0.06434972
 -0.07954845  0.10183369 -0.09493668 -0.13508415 -0.02670845 -0.19837949
 -0.05073432 -0.14870027  0.13197568  0.03726464  0.06053788 -0.14915594
 -0.11481407 -0.09073461 -0.02268864 -0.08274335  0.0756437   0.02751779
  0.062714    0.0987923  -0.03894414 -0.05582546  0.13758487  0.10987648
 -0.01769979 -0.09781791 -0.10200982 -0.01992581 -0.09451254  0.06449363
  0.00467756 -0.11729917  0.02811218 -0.23345768  0.06446284 -0.00823839
  0.02308533 -0.02585211  0.14332491  0.00735754 -0.25378752 -0.06113909
 -0.14814174  0.06871048  0.08021947  0.09157612  0.03367466  0.0567091
  0.15527965 -0.06489643 -0.03843817 -0.08928437  0.2711276  -0.16033188
 -0.06465462 -0.03532585 -0.06885096  0.01206049 -0.03809751  0.05408731
 -0.01161865 -0.06133044  0.16892546 -0.07404445  0.10778623  0.20201692
 -0.00152808 -0.08063192 -0.0096338   0.0187131   0.14687233  0.01789046
  0.05171021 -0.10934839  0.0439351  -0.14590654  0.02834722 -0.22013512
  0.06738017  0.1298568   0.08374497  0.05550627 -0.02778836  0.07381796
 -0.07996998 -0.10264637 -0.13380773 -0.00967642 -0.0929653   0.17386588
 -0.081475   -0.11580139 -0.05893593  0.06386351 -0.04938019  0.14376876
 -0.07273924  0.11710802  0.0780206   0.02048025  0.1892525  -0.02565116
 -0.09763712  0.18722968 -0.07777149 -0.09057135  0.02541116  0.02972222
 -0.08317819 -0.04817087  0.03948573  0.06159615 -0.06254902 -0.07080086
 -0.21278574  0.11207491  0.04621542 -0.01625201  0.0946255   0.06799171
 -0.0326648  -0.05947307  0.13118494  0.18075667 -0.04724635 -0.05956821
  0.05894456 -0.18792082 -0.06821492  0.23274352 -0.08456839 -0.11458129
  0.09984986  0.04831492 -0.04353093  0.26934287  0.00652872 -0.23347908
  0.12331335  0.12906992  0.3006483  -0.20830257 -0.18073167 -0.14327045
  0.02209151 -0.29527378 -0.12312292 -0.02107576 -0.01874838  0.4254628
  0.08337037  0.01434042  0.12636508 -0.14429994 -0.1257045  -0.05647795
 -0.1013822   0.19737452 -0.12750345 -0.09313826 -0.14551331  0.02106431
  0.11745943 -0.03970682 -0.20628892 -0.12001523  0.08681022 -0.1849825
 -0.08686107  0.09439421  0.0642106  -0.02214233  0.07011159  0.15327294
  0.02022068 -0.08994786  0.13463451  0.25111583  0.09668948 -0.03763679
 -0.05365605  0.07214791  0.08914156 -0.03790027 -0.05732301  0.1955965
 -0.16890262 -0.04168584 -0.18227124 -0.11192587 -0.07845017 -0.0476721
  0.16261716  0.1443532   0.03378686 -0.05900761  0.15229674 -0.00377332
  0.08960897 -0.02905875  0.15122604 -0.05832597  0.16756366  0.07546264
  0.1290604  -0.0556905   0.06415247  0.03167559  0.09689002 -0.18404652
 -0.12526172 -0.02217721  0.06889927 -0.02299861  0.04829578  0.08543598
  0.01839292 -0.22425632  0.06683181 -0.13595445 -0.0191743   0.13596092
  0.01566915 -0.10271604 -0.05349815  0.23358537 -0.13582498 -0.11907068
 -0.07784811  0.01069674  0.14729697  0.02552926 -0.02037009 -0.04802682
  0.08915945  0.05638487  0.0807365   0.07530897  0.06031081 -0.051608
  0.11529468  0.00535512]