http://erau.edu/ontology/meme.owl#KidsChoirRickRollMeme
[-0.06906962 -0.10809256  0.06313085  0.00608824  0.07685408  0.02310684
  0.08693695 -0.0124899  -0.01276628 -0.060633    0.02958524 -0.00363874
  0.0029349   0.04566797 -0.02796983 -0.03705134  0.07243243  0.04603245
  0.10015407  0.11088736 -0.19162248  0.05696695  0.10647921 -0.14395972
  0.13830729 -0.04453883 -0.0121975  -0.05051254  0.1784846   0.09757989
  0.069778    0.15103438 -0.00473281 -0.04376344 -0.05299036  0.14156607
 -0.04183884  0.06284385 -0.01460839 -0.15305373 -0.099121    0.1616873
 -0.04747437 -0.0936994   0.05484267  0.04951596  0.07652832  0.04166736
 -0.01198756  0.00190987  0.0153826  -0.01598248 -0.12670235 -0.10167081
 -0.05154673  0.00953564  0.06083795  0.01257236  0.14820434  0.06962407
 -0.09885484 -0.00621655  0.06279752  0.09203173 -0.14470847 -0.02796828
 -0.03776214 -0.07405268 -0.07094096 -0.05663694 -0.07672368  0.14546196
  0.13028437  0.07361536  0.02337378  0.15565823 -0.04830766  0.04546604
  0.09261124  0.06545134 -0.06990723 -0.05234091 -0.05381543 -0.17963383
  0.0418171  -0.07005201 -0.07219458  0.14013608  0.0639864  -0.02614968
  0.0183244  -0.23024678  0.16382377 -0.09702292 -0.15505536  0.09427833
 -0.06280467  0.02372585 -0.12411235  0.00681391  0.1318674   0.01212008
  0.28733325 -0.04314557 -0.05505321  0.0566582   0.09441527  0.0728482
  0.00496898 -0.08928625  0.01698069  0.05029394 -0.18115614 -0.06290873
  0.14800732  0.07778384 -0.28215668 -0.1153747   0.07096862  0.0945521
 -0.00164496 -0.04597589 -0.09149771  0.01854852  0.08672205 -0.101519
  0.04879035  0.07447079 -0.01230787  0.00376316 -0.17105967 -0.06724747
 -0.03987312 -0.04947501  0.00582867  0.11047488 -0.12221643 -0.05221574
 -0.04619148  0.05633229 -0.30601773 -0.05027959  0.13557847  0.16908967
  0.0595221  -0.20507483  0.06545647 -0.19878724 -0.04628119  0.1516801
 -0.05341254 -0.12916347 -0.04658259  0.03596198 -0.05303739 -0.0165381
 -0.11101002  0.17078912  0.09288596 -0.15133224  0.06546237 -0.12592529
 -0.00115006  0.01842589 -0.20846619 -0.1644552   0.05546946  0.17485963
 -0.3287026   0.12435127  0.01221303  0.21577682  0.20556472  0.10702115
 -0.09030875 -0.05060748 -0.01268413 -0.12341315  0.09697662  0.07614812
 -0.08066487  0.08515131 -0.02550933 -0.05107083 -0.07448788  0.00582509
  0.02661404  0.11921422  0.1836889  -0.08412953  0.00278507 -0.12468135
 -0.19195752 -0.03897347 -0.01314621  0.00927291  0.07620636  0.2098368
 -0.03929035  0.00072599  0.06342414  0.02010034  0.12881784 -0.02060807
 -0.06704526 -0.29196784 -0.07079668 -0.05829023  0.17279838  0.13177995
  0.27151668  0.10091947  0.10750202 -0.03297614 -0.00625715  0.0574414
 -0.12588821 -0.09980724  0.16498624  0.13076328  0.17401735  0.17279229
 -0.09445006  0.01804792 -0.04880745  0.02935928 -0.14779049 -0.04206402
 -0.03773281  0.03967367  0.0275883   0.08397217 -0.06006782 -0.0602998
  0.01027025  0.05721065 -0.07037201 -0.0759742   0.05781005  0.04399311
 -0.04179512 -0.05632987  0.02050077  0.025662   -0.17473444 -0.02222363
 -0.17974377 -0.1258511  -0.07799978 -0.09808696  0.03161395 -0.00331876
  0.15087499 -0.02081486  0.1194263  -0.05294491 -0.06226912 -0.01445392
 -0.00361373 -0.03993106 -0.09084078 -0.11821965 -0.00339447 -0.09166284
 -0.07933575 -0.22053744  0.10975626  0.029079    0.15275683 -0.02838469
  0.0139635   0.04046857 -0.06558178  0.03963177  0.08679465 -0.11103505
  0.08206291 -0.0052795  -0.07291849 -0.03814731  0.04869279  0.11311778
 -0.03060877 -0.13101527 -0.13268656 -0.01680723 -0.14404699 -0.03975621
 -0.00198797 -0.08485171  0.11381877 -0.15407157 -0.03006824 -0.03549634
  0.05569575 -0.05905807  0.11636285  0.01100572 -0.05146346 -0.16057235
 -0.10404041  0.01711466  0.01635021  0.00309547  0.02911283 -0.09472445
  0.15591814  0.03633499 -0.0551284  -0.04109481  0.11502899 -0.18645251
 -0.09833312  0.01173046 -0.08160881  0.06781683  0.00457926 -0.05496843
  0.04240328 -0.0076954  -0.05530249 -0.10362291  0.11352065  0.13027088
  0.0749051  -0.0239947  -0.15421374 -0.00497348  0.05091842 -0.09074634
  0.0344554  -0.07287949 -0.01483528 -0.08927813  0.0372177  -0.24691015
  0.08576281  0.0670205   0.05519154 -0.02194852  0.00734243  0.08006398
 -0.01705853  0.05650276 -0.07808698 -0.00380473  0.01478007  0.02465363
 -0.08005501 -0.1151678  -0.06546094  0.02208301 -0.097367    0.09400664
 -0.11285821  0.03924138 -0.02126666 -0.13174562  0.11566138 -0.02100538
 -0.06876735  0.12307932  0.00432291  0.06120351  0.0233047  -0.08838353
 -0.09007575  0.1079439   0.01095597 -0.01965722 -0.02649431 -0.01747946
 -0.22035804  0.05137081  0.04059298  0.02346439 -0.01346692  0.02837011
 -0.10809732 -0.01998539  0.04636457  0.16843963 -0.08253735 -0.11814944
  0.09839032 -0.13635895 -0.0951627   0.10130943 -0.17921247 -0.06145831
  0.04911488  0.09973288 -0.09713893  0.22577961  0.03546228 -0.05217992
  0.06149763 -0.00417316  0.17820364 -0.16640496 -0.09040102 -0.19190304
  0.12852982 -0.07001933 -0.03330034  0.07270776 -0.0626696   0.29794198
  0.07126109  0.0583932   0.15390609 -0.00418347 -0.13794088 -0.07237519
 -0.10217926  0.11546026  0.00477083  0.0068771   0.06822887  0.02784475
  0.11405782  0.03219885 -0.1239138   0.0216153   0.01323174 -0.12415699
  0.01604127  0.06731127 -0.0190668  -0.04598825  0.09069734  0.15785208
  0.01597562 -0.10867415  0.01785122  0.15694389  0.03899989 -0.13032745
 -0.02867423  0.14075883  0.03417262  0.11055726 -0.07651558  0.17258443
 -0.1527663  -0.11226701 -0.17526278 -0.06757814 -0.10774042  0.01569572
  0.04274219  0.04504989  0.16484742 -0.03465576  0.0694185   0.00496514
  0.05031703 -0.03389846  0.00323709 -0.09301174  0.15134998  0.010961
  0.09175796 -0.09135021  0.06446261  0.14306144 -0.05782809 -0.16582091
 -0.09403446  0.00866135  0.1541664  -0.03881086  0.13531992  0.09975366
  0.04022446 -0.18686257  0.10434914 -0.16643603 -0.11492753  0.04564939
 -0.06551985  0.00620697 -0.01989275  0.05609868 -0.17322032 -0.03388418
 -0.04234196  0.01131124  0.08266603  0.10481846 -0.03711418  0.00521497
  0.03068645  0.02991394  0.09295589  0.01889131 -0.01303351 -0.11287094
  0.05995883 -0.00539027]