http://erau.edu/ontology/meme.owl#SkullgirlsMeme
[-8.28852803e-02 -1.75508767e-01  1.10579096e-01  3.87566015e-02
  4.42289189e-02  1.66733176e-01  2.00048432e-01  5.76723879e-03
 -1.21027417e-01 -1.09003767e-01  1.18585505e-01 -7.43710948e-03
  1.51589978e-02 -7.07658054e-03 -1.42390236e-01  2.13832837e-02
  5.71075492e-02  2.25442380e-01  6.69790134e-02  1.11376598e-01
 -2.23012954e-01  5.88550530e-02  1.73409656e-01 -3.30150723e-02
  1.45300314e-01 -6.58358186e-02 -1.04844652e-01 -1.02048561e-01
  3.26013267e-01  5.28205931e-02  2.04615504e-01  2.22527400e-01
  7.26950467e-02 -1.63089588e-01 -7.25677311e-02  2.55364001e-01
 -6.14571478e-03  7.59844631e-02 -9.42083374e-02 -1.59491733e-01
 -5.14849275e-02  1.42917961e-01 -2.12002710e-01 -4.03799787e-02
  7.81273246e-02  1.71725769e-02  4.39379960e-02 -4.92099393e-03
 -3.39569966e-03  1.21326972e-04  1.07686348e-01  2.17900760e-02
 -1.48666188e-01 -9.49371234e-02 -1.48386061e-01  3.22596170e-02
  1.72404706e-01 -1.73638850e-01  7.09585771e-02  1.53372124e-01
  1.79333482e-02 -1.34544984e-01  2.01360717e-01  3.12095955e-02
 -1.53692365e-01 -8.67530107e-02  6.26595542e-02 -9.39575583e-03
 -6.81640431e-02  1.15968194e-02  5.81845492e-02  1.30994797e-01
  3.82736214e-02 -7.86648970e-03  9.21120495e-03  4.12560217e-02
 -1.78762258e-03  6.19333461e-02  1.49074733e-01  7.62825161e-02
 -4.95887399e-02 -9.23668146e-02  9.50724818e-03 -1.16654798e-01
  1.35686457e-01 -5.11344410e-02 -9.47208703e-02  2.63448246e-02
  1.50881916e-01 -4.36210781e-02  3.77246030e-02 -1.72134042e-01
 -1.71918552e-02 -7.06519261e-02 -1.16504215e-01 -6.11749589e-02
 -7.57611468e-02 -3.83236259e-02 -6.57458678e-02 -2.11960613e-03
  1.07435085e-01  9.89113599e-02  2.62312412e-01 -8.98209438e-02
 -1.93811934e-02  1.14176862e-01  1.29392803e-01  1.54908060e-03
  9.32909623e-02 -2.53254231e-02 -5.07532805e-02 -8.31682086e-02
 -8.78925398e-02  3.47721092e-02  1.67839170e-01  7.49667212e-02
 -1.24258853e-01 -1.90457091e-01  6.40161708e-02  2.73623038e-02
  8.38425681e-02 -3.35375704e-02 -1.11955412e-01  9.76453722e-02
  6.88651800e-02 -3.28213610e-02  6.68589547e-02  1.33728012e-01
  8.40286165e-02 -5.49687594e-02 -2.40753070e-01 -1.13025822e-01
 -1.50739327e-01 -7.68538788e-02 -1.76319461e-02  1.60645500e-01
 -4.23047282e-02 -6.00997619e-02 -8.15943703e-02  1.14025548e-01
 -1.75326005e-01 -4.87723500e-02  1.23846158e-01 -7.78446347e-03
  2.24067107e-01 -1.20971896e-01  3.79605740e-02 -1.06930442e-01
  3.52041982e-02  1.64909035e-01 -6.02396093e-02 -1.59276381e-01
 -5.95292747e-02 -1.14238495e-03 -1.16954900e-01  7.21346140e-02
 -1.17111459e-01  1.92367509e-01  8.01892951e-02 -6.55200183e-02
  3.49579453e-02 -1.39491946e-01 -5.97644337e-02 -3.61753628e-02
 -2.92199135e-01 -1.64376065e-01 -2.11373940e-02  1.27434760e-01
 -2.06384331e-01  1.36071831e-01 -5.22502996e-02  1.21557720e-01
  2.77526110e-01  1.16030782e-01 -5.70040978e-02 -3.74464132e-02
  3.57127450e-02 -7.37836435e-02  1.55627932e-02 -4.09560874e-02
 -1.68342367e-01 -5.12042977e-02  1.50981292e-01  1.74480435e-02
 -1.17493913e-01 -6.84191138e-02  6.63185343e-02  1.16252571e-01
  1.74011782e-01 -1.16657183e-01 -4.26248871e-02 -2.78852805e-02
 -1.57294646e-01 -9.10111368e-02  3.57359685e-02 -8.77408534e-02
  7.54665434e-02  1.32023901e-01 -1.25811532e-01 -7.07917288e-02
  5.85031435e-02  4.61406447e-02  1.08432919e-01  1.19723283e-01
 -1.05076611e-01 -4.18259978e-01  6.14317395e-02 -1.43299289e-02
  4.23989743e-01  2.28691027e-01  3.83678257e-01  9.76756513e-02
 -2.55565383e-02 -1.10092409e-01  1.18525445e-01 -5.67820519e-02
 -2.02576276e-02 -2.24192757e-02  1.75389796e-01  2.21454442e-01
  8.32173601e-02  2.52857625e-01 -1.01765811e-01  8.06915537e-02
  4.39254716e-02 -4.30979542e-02  3.87792587e-02 -3.10408305e-02
 -3.47517133e-02 -5.54010309e-02 -2.58138943e-02 -1.14287116e-01
 -1.10258974e-01 -1.19270340e-01  8.30858760e-03  1.15306847e-01
 -1.60683289e-01 -1.20834067e-01  1.72541648e-01 -1.03271388e-01
 -1.09930277e-01 -1.80232190e-02 -3.06634139e-03 -4.58881147e-02
 -2.01211780e-01  2.50852723e-02 -1.55199200e-01  5.45729846e-02
 -9.51782018e-02  2.03557387e-02  1.43769190e-01  5.37017584e-02
  1.47845387e-01 -7.24842846e-02  1.74632281e-01  6.69117318e-03
 -1.72008961e-01  5.09165041e-02 -1.14687802e-02  3.56099680e-02
 -1.26055032e-01 -1.01033702e-01  5.52511308e-03 -9.78332013e-02
 -5.10847159e-02 -1.41450226e-01  1.20829880e-01  7.24762008e-02
  1.01972170e-01 -9.92676169e-02 -6.95801675e-02 -9.52829421e-02
  3.04952171e-02 -1.19449226e-02  1.88422620e-01  1.76473763e-02
  1.77891612e-01  5.63385077e-02 -3.61507689e-03 -3.52016538e-02
  1.25738516e-01  1.64429486e-01 -5.87377474e-02 -1.48625717e-01
 -1.08994789e-01 -2.48728991e-02 -1.23494357e-01 -1.08241305e-01
 -1.03789952e-03 -1.72250584e-01  9.72823706e-03 -1.00095600e-01
 -1.48583036e-02 -1.25218332e-01  4.17323671e-02  3.99306342e-02
  1.24011546e-01  9.83872637e-02 -1.22690961e-01 -1.13651834e-01
 -1.50287181e-01  9.74287689e-02  7.36951903e-02  5.90672195e-02
  5.15721273e-03  5.75186498e-02  1.96697310e-01 -7.67131001e-02
 -1.96647625e-02 -3.16304490e-02  1.41052857e-01 -2.08524227e-01
  3.25177163e-02  6.81095012e-03 -2.71703511e-01 -5.98508157e-02
 -5.10410145e-02  6.82038143e-02 -8.67731031e-03 -6.92009181e-02
  1.09794654e-01 -1.28740147e-01  6.07759096e-02  2.06055954e-01
  5.68477623e-02  4.28526253e-02 -1.28285676e-01  3.71450298e-02
  2.03500092e-01  2.90775280e-02 -4.17523496e-02 -1.11113399e-01
  1.53311208e-01 -6.85230866e-02  6.48116842e-02 -7.37361833e-02
  7.97779635e-02  6.59389272e-02  4.44502681e-02  8.41071755e-02
  3.95979732e-03  1.10988915e-01 -4.69158962e-02 -1.73916280e-01
 -3.65673415e-02  1.17005734e-02 -2.18694642e-01  5.26504628e-02
  2.57537458e-02 -7.76632726e-02 -6.50143176e-02  2.11070366e-02
 -9.29547399e-02  7.38291889e-02 -1.89962909e-01  4.18986678e-02
  5.55125624e-03  8.47599581e-02  1.96650058e-01  9.25791077e-03
 -1.01335803e-02  5.17140143e-03  3.45902406e-02 -8.24781582e-02
  1.21735923e-01 -9.35253128e-02 -8.17338005e-02  9.20758694e-02
  1.43998817e-01 -2.65032202e-02 -2.21332274e-02 -1.01133697e-01
 -6.55344054e-02  5.43136150e-02  8.76950473e-02 -1.71757713e-02
  2.50441264e-02  2.87443772e-02  1.40524551e-01 -1.58544984e-02
  1.47665702e-02  2.61793703e-01 -2.08741277e-02 -8.34080130e-02
 -3.03544570e-03 -8.47253352e-02 -1.32530063e-01  2.33297542e-01
  3.95551287e-02 -6.26905933e-02  1.01397529e-01  1.30790528e-02
 -7.04324171e-02  2.51268089e-01  5.75320311e-02 -1.87272638e-01
  4.94455658e-02  8.23063776e-03  3.30583602e-01 -3.83719839e-02
 -9.02615637e-02 -2.22511247e-01  9.42644104e-02 -1.50277480e-01
 -1.29683360e-01 -5.76528497e-02 -7.70403519e-02  2.34864771e-01
  6.79009110e-02  2.30421894e-03  1.25200123e-01 -1.13395564e-01
 -1.45280689e-01 -2.84610633e-02  1.53449029e-02  7.47790188e-02
 -1.45625705e-02 -1.46018341e-02 -3.09194438e-02 -1.55453722e-03
  9.35010985e-02 -7.87680671e-02 -2.51409039e-02 -1.02155574e-01
  1.46110263e-02 -8.35846588e-02 -3.94965410e-02 -4.78279851e-02
  1.43538594e-01 -2.40390636e-02  5.80908358e-02  7.76795223e-02
  8.37196559e-02 -7.04790801e-02  1.52271479e-01  1.15243286e-01
  1.36374041e-01 -1.69154406e-01 -7.84222186e-02  1.08324870e-01
  1.37153789e-01  6.81903511e-02 -1.32040232e-01  1.92925274e-01
 -2.11047903e-01 -7.32840784e-03 -9.88382548e-02 -1.99941434e-02
  2.50794571e-02 -6.20502196e-02 -2.59607024e-02  1.13158181e-01
  1.80593312e-01 -4.87066582e-02  8.39619264e-02  3.77043113e-02
  2.16266200e-01  1.38434069e-02 -2.12265309e-02  1.40998866e-02
  2.15891469e-02  1.45478889e-01  8.97709578e-02  5.26172593e-02
  1.00698091e-01  3.05711851e-03  8.53202716e-02 -1.03933275e-01
 -9.36230198e-02  3.92246284e-02  7.00516030e-02 -3.03741824e-02
  2.00674962e-02  9.02926475e-02 -4.51330841e-02 -1.08855784e-01
 -9.53258276e-02 -1.10798992e-01  1.33101400e-02  1.38736710e-01
  8.97099078e-03 -8.40521604e-02  2.84675807e-02  5.04904799e-02
 -8.17421824e-02 -8.84297118e-02  2.76069399e-02 -6.98493123e-02
  1.17747262e-01  1.25227729e-02  2.17138808e-02  5.21050282e-02
 -5.96711747e-02  5.70991300e-02  4.32944074e-02  1.13935426e-01
  2.18082637e-01  3.71927992e-02  5.06117269e-02 -5.52405566e-02]