http://erau.edu/ontology/meme.owl#BecauseofParkinsonsMeme
[ 9.08320490e-03 -9.20058712e-02  6.82687573e-03  3.33631001e-02
 -5.65043986e-02  1.58894524e-01  8.69883001e-02  2.51509368e-01
  8.34563896e-02  4.09049243e-02  2.10710969e-02 -3.73961329e-02
 -1.14555582e-01  3.41761447e-02 -9.93606746e-02  2.08762810e-01
  7.41883591e-02  2.99055092e-02  3.38287055e-02  3.30015048e-02
 -1.86729640e-01 -2.47435197e-02  7.63958693e-02  1.11348340e-02
  1.79047525e-01 -3.27791758e-02  6.03558915e-03 -9.18739475e-03
  3.69030647e-02  1.79102123e-01  9.71462205e-02  1.44310504e-01
  1.80689931e-01 -1.49491698e-01  5.99865010e-03  6.23205751e-02
 -3.95522267e-02  1.20257378e-01 -3.30030657e-02 -1.03957467e-01
  8.51197094e-02  2.45590076e-01 -9.21586305e-02 -7.82951117e-02
  4.67571095e-02  1.03500754e-01 -4.58444878e-02 -1.03118412e-01
 -4.62389141e-02  1.76992286e-02  1.38455108e-01 -2.59580538e-02
 -8.03497359e-02 -7.59213567e-02 -2.28624210e-01 -4.47048843e-02
  1.01964198e-01 -1.39296547e-01  9.08564180e-02  8.71077776e-02
  1.36346191e-01 -1.07303947e-01  9.66698080e-02  1.34245276e-01
 -1.82597294e-01 -1.16609223e-01 -3.77770104e-02 -1.56102665e-02
 -1.19589888e-01 -1.93737105e-01 -1.38446361e-01  9.86416489e-02
  1.12085849e-01  1.27933323e-01  1.18629718e-02  2.22775519e-01
 -2.86303192e-01  5.48036620e-02  7.72457197e-02  1.19283058e-01
  4.12214063e-02 -8.69250968e-02 -2.01011095e-02 -4.40502502e-02
  1.06643870e-01 -1.70814991e-01 -1.08132839e-01 -1.24892116e-01
  8.48084912e-02  2.15763040e-02  5.78427650e-02 -2.81880379e-01
  1.03883691e-01 -8.14787820e-02 -6.07949458e-02  8.95344764e-02
  1.22736220e-03  1.72819989e-03 -4.54342030e-02 -5.02926670e-02
  1.15377016e-01  5.14390580e-02  2.61906296e-01 -6.29809275e-02
 -5.10388464e-02 -3.68842564e-04  1.76416129e-01 -4.10176031e-02
 -3.07241976e-02 -1.49137631e-01  2.51937062e-02 -1.70750320e-02
 -3.25374752e-02 -3.23777832e-02 -2.54010167e-02  1.03750505e-01
 -2.96227306e-01 -2.05119371e-01  2.59062629e-02 -1.63549930e-02
 -9.80492681e-02  3.21938545e-02 -5.11178970e-02  2.28389978e-01
  1.99374899e-01 -2.03333557e-01 -3.57360952e-02  3.04707978e-02
 -5.24460450e-02 -8.97132903e-02 -3.30599844e-01  6.31206185e-02
 -1.12416102e-02 -9.55585614e-02 -4.67118844e-02  1.27869919e-01
 -2.18508262e-02 -6.98551461e-02 -2.96940416e-01 -6.53391331e-03
 -3.06718856e-01 -5.92673477e-03  3.20678465e-02 -9.47580952e-03
  3.75694036e-01 -1.90253511e-01 -7.30787367e-02 -1.40645623e-01
 -6.25810623e-02  1.36031494e-01  5.51919118e-02  1.20109376e-02
 -1.61084771e-01 -2.33249599e-03 -5.19559421e-02  6.73695654e-02
 -1.71817958e-01  1.59243882e-01 -1.42864231e-03 -1.32177338e-01
  4.92478684e-02 -2.49966055e-01  9.77460202e-03 -3.89540903e-02
 -1.21353127e-01 -1.16877839e-01  2.70965248e-02  6.61032870e-02
 -3.10133845e-01  1.12597324e-01  2.60847546e-02  2.05733910e-01
  2.89754093e-01  2.50103831e-01  2.78074872e-02 -1.23460561e-01
 -6.44559488e-02 -4.98057045e-02  7.65914470e-02 -5.61439395e-02
 -1.58996642e-01  2.03984439e-01  1.24642357e-01  1.05300590e-01
 -1.21779002e-01 -1.12095766e-01  1.32723391e-01  7.44837597e-02
  1.66536838e-01 -7.52272308e-02  9.81243551e-02  1.37870267e-01
 -2.05250919e-01 -3.55031639e-02 -2.55399328e-02 -6.03748038e-02
 -1.85242873e-02  1.59277111e-01 -7.55653009e-02  3.20612192e-02
 -1.73540302e-02  3.91483828e-02  3.36458571e-02 -2.18987800e-02
 -1.66142941e-01 -2.51949847e-01 -8.40371549e-02 -5.77424616e-02
  2.93236643e-01  1.16639301e-01  2.76496053e-01  6.34709522e-02
 -1.60843432e-01 -1.47728801e-01  1.96024507e-01 -1.52512610e-01
 -7.74310529e-02 -1.02635592e-01  2.12403297e-01  1.59823567e-01
  1.08689971e-01  2.30123088e-01 -1.45233244e-01  1.50204420e-01
 -1.99284824e-03 -1.58810765e-01 -1.33489862e-01  2.51570046e-02
 -3.35768722e-02 -5.96550666e-02  1.83570400e-01  5.57253249e-02
 -8.19913745e-02 -1.80099934e-01 -5.49724028e-02  2.64639426e-02
 -1.46217927e-01  9.58769470e-02  9.79417861e-02 -2.47268602e-02
  6.05074572e-04 -2.72995196e-02 -7.82845449e-03  1.84921473e-02
 -2.43307546e-01 -1.17000610e-01 -2.19961345e-01  7.85429031e-02
 -1.40466645e-01  1.18636258e-01  1.36242718e-01  3.71037982e-02
  4.85188589e-02  6.30888715e-02  2.82614380e-01 -6.27588257e-02
 -1.43453360e-01 -7.61700273e-02 -1.98554192e-02  4.95592542e-02
 -1.46009237e-01 -7.18213543e-02  7.45403171e-02 -5.85905313e-02
 -2.00885370e-01 -2.23079458e-01 -2.72982568e-02  1.28340170e-01
  1.66465938e-01 -9.61115211e-02 -7.87543431e-02 -1.64804697e-01
 -5.39800003e-02  1.99155644e-01  6.65848255e-02  7.49797188e-03
  1.65896401e-01 -3.18577178e-02  4.34238687e-02  1.11518443e-01
  7.54936710e-02  1.79069221e-01 -2.26700539e-03 -9.98724476e-02
 -1.13578312e-01  7.25603709e-03 -1.38811216e-01 -7.82613158e-02
 -1.48622254e-02 -4.67953309e-02  1.34651870e-01 -5.69920801e-02
  7.18687177e-02 -9.40174907e-02 -1.75990313e-02 -6.98692724e-03
  8.99871662e-02  8.09463337e-02 -6.78497031e-02 -6.50064424e-02
 -2.84008950e-01  9.78514552e-02 -4.97501204e-03  1.07661514e-02
  1.41992688e-01 -5.24183456e-03  1.14523657e-01  4.08975873e-03
 -4.64284932e-03  1.00196645e-01  1.47388816e-01 -1.87767521e-01
  1.74844749e-02  6.40954897e-02 -1.02968097e-01  9.85301733e-02
 -9.55631360e-02  4.24414538e-02  1.33816376e-01 -1.29561290e-01
  2.74133477e-02  2.96027493e-02  1.78258136e-01  5.93022108e-02
  1.98097285e-02  6.55407310e-02 -5.29139079e-02  6.24424703e-02
  3.85037996e-02  2.40335800e-02  4.12435085e-02  5.62199317e-02
 -2.16228189e-03 -7.44348913e-02  8.92346539e-03 -1.59652889e-01
  4.77718338e-02  1.14617281e-01 -1.75190836e-01  4.72516082e-02
 -2.68953461e-02  1.60786092e-01 -3.39995027e-02 -5.23440503e-02
 -6.48019686e-02 -3.47809084e-02 -9.87507030e-02  3.18688154e-02
 -4.92843203e-02 -7.80988708e-02 -1.04339719e-01  1.03704363e-01
 -7.94950053e-02  7.43978769e-02 -1.64884925e-01  5.52858636e-02
 -2.13547181e-02 -3.90985496e-02  1.86588511e-01 -8.74212533e-02
 -7.05946907e-02 -2.53882334e-02  2.63524447e-02 -1.84815377e-02
 -9.44105014e-02 -1.33152872e-01 -2.05281079e-01  1.63937807e-01
  6.26764260e-03 -1.36551913e-02 -3.66587983e-03  2.23434009e-02
 -2.85699844e-01  1.61179751e-01  1.16647206e-01 -1.17690429e-01
 -1.59996465e-01  3.43063436e-02 -4.19446230e-02 -7.39284754e-02
  8.97366181e-03  2.12968826e-01 -5.89953251e-02 -2.57181406e-01
  2.07964275e-02  1.20079368e-01 -6.33203611e-02  7.42074922e-02
  2.36886423e-02  5.15390374e-02 -7.61346892e-02 -2.18076725e-02
  3.01603600e-02  7.02246800e-02 -2.91384943e-02 -5.92491366e-02
 -6.40607625e-02 -7.19331251e-03  5.78551600e-03  3.04343142e-02
 -1.67200528e-02 -3.15739326e-02  5.01621217e-02  8.04463495e-03
 -9.82076954e-03  8.26320499e-02 -1.17593609e-01 -1.43391952e-01
  1.38867825e-01 -8.57540779e-03 -2.11720001e-02 -1.97177082e-01
 -1.22876503e-01 -4.09566099e-03 -1.09495474e-02 -9.99706239e-02
 -7.92387500e-02 -5.67720756e-02 -2.18617376e-02  8.14948902e-02
  2.90855020e-02 -1.14991777e-01 -8.33906159e-02  6.29512444e-02
 -1.00957848e-01 -1.05772242e-01  8.81859437e-02  1.08141847e-01
  1.26506835e-01  2.00581062e-03  1.14952870e-01  1.96740195e-01
  1.08791076e-01 -1.27331913e-01  2.10958868e-01  1.76405415e-01
  1.35964274e-01 -2.72732601e-02  1.03932165e-01  1.69596791e-01
  1.24175161e-01 -5.67750037e-02 -6.32034317e-02  3.11377257e-01
 -2.47861221e-01  3.37156728e-02 -2.15017378e-01 -7.36146420e-02
  9.68375988e-03  1.69661060e-01 -4.28332649e-02  1.24527305e-01
  1.63870275e-01 -1.02420993e-01  2.45788202e-01 -1.15628853e-01
  2.18491450e-01 -7.44247064e-02 -5.18981414e-03  1.28657371e-01
  3.16830836e-02  1.06101513e-01  3.83765511e-02 -3.37738022e-02
 -1.09211802e-01  5.80591671e-02 -4.97989208e-02  6.17125779e-02
 -1.07211536e-02  2.09276408e-01  1.86199486e-01 -4.05962877e-02
  2.00076386e-01  1.19125448e-01  9.57118720e-03  2.87192818e-02
  1.69561766e-02 -1.16316609e-01 -5.38824275e-02  1.07299410e-01
 -7.56734759e-02 -6.17799349e-02 -4.08374369e-02  1.29667640e-01
 -1.59971431e-01 -2.23226354e-01  7.69747868e-02 -2.07927480e-01
  4.28576581e-02  1.08235210e-01 -1.09306432e-01  2.12715324e-02
  5.22758961e-02  8.67200196e-02  2.80327201e-02  2.91196648e-02
 -6.82226643e-02  5.31989262e-02  3.23091298e-02 -1.08814366e-01]