http://erau.edu/ontology/meme.owl#PixelArtMeme
[ 2.47336067e-02 -2.66045541e-01 -3.89049873e-02  7.31986463e-02
  4.53594625e-02  1.43050134e-01 -4.31756712e-02 -1.00276604e-01
  1.70059800e-01  5.36478832e-02  7.20622391e-02 -5.03701419e-02
 -6.35613278e-02  6.63532540e-02 -5.88611439e-02 -1.34106234e-01
 -8.37721005e-02  1.58939451e-01 -2.67749783e-02  1.52269170e-01
 -3.15806895e-01  8.25548619e-02  2.23788649e-01 -5.28764017e-02
  1.30691260e-01 -2.74116639e-02  1.06658470e-02  2.58441269e-02
  2.77276278e-01  5.51454909e-03  6.83135390e-02 -4.06940952e-02
  1.98600858e-01 -2.35590413e-01 -1.13248646e-01  2.76436716e-01
  3.00916225e-01  1.13705970e-01 -2.35212564e-01 -2.15852723e-01
  1.66684091e-01  1.52363330e-01 -1.04531877e-01 -1.17714502e-01
 -5.87037504e-02  7.51495138e-02 -1.41411209e-02 -1.26826420e-01
  2.70945318e-02  6.00734353e-02  1.02419537e-02 -2.88731575e-01
  1.23665538e-02  2.81604137e-02 -2.58890808e-01 -1.35745764e-01
  5.63405417e-02 -1.97841927e-01  3.22444707e-01 -5.05321436e-02
  1.93444625e-01 -2.43088692e-01  1.71764851e-01  1.97401419e-01
 -1.03244506e-01  6.40007630e-02  5.21937646e-02 -1.11761570e-01
 -3.26588191e-02 -4.41436507e-02  1.08583502e-01  1.43525437e-01
  1.32873327e-01  2.59117242e-02 -6.63182437e-02  1.78355932e-01
 -2.01525778e-01 -3.61520089e-02  3.50983106e-02 -4.82414179e-02
 -1.68418050e-01 -1.31919444e-01 -6.36940449e-02 -3.26802403e-01
  1.25229992e-02 -1.43776238e-01 -5.80045953e-03 -2.15452567e-01
 -5.60595356e-02 -2.28563353e-01  4.60022725e-02 -2.59357721e-01
  3.04129422e-02 -1.22362442e-01 -1.34105399e-01  6.97022378e-02
 -1.62516370e-01 -1.49401993e-01 -1.08082488e-01  2.25662485e-01
  1.28079832e-01  1.75953805e-01  1.57060623e-01 -1.11832514e-01
 -2.09152073e-01  1.14477523e-01  2.67312884e-01  5.98920248e-02
  6.71025291e-02 -8.47775266e-02 -1.01200707e-01  1.11407876e-01
  2.82726735e-01  2.30960064e-02  2.24613115e-01  6.43001916e-03
 -2.94695765e-01 -3.70945603e-01  1.54406324e-01  1.87114611e-01
  1.23145789e-01  4.23929393e-02 -2.55022287e-01  1.44996364e-02
  1.38192754e-02 -6.90795258e-02  1.00438513e-01  3.17012966e-02
 -9.44435373e-02 -1.24031767e-01 -2.37283915e-01 -1.18197948e-01
  1.95872337e-02  4.34747059e-03  7.66217485e-02  3.48560095e-01
 -2.13908181e-01 -1.40389008e-02 -1.07427917e-01  4.18828055e-02
 -9.12170708e-02 -1.07439270e-03  2.62856875e-02 -1.24108002e-01
  1.89178944e-01 -2.53520012e-01 -6.50610263e-03 -9.87462625e-02
 -6.62233531e-02 -6.18491247e-02 -1.09252274e-01 -4.87779565e-02
 -1.21500641e-01 -3.10958564e-01 -2.28706971e-01  1.95707083e-02
 -1.08550051e-02  2.41491094e-01 -3.08174398e-02 -3.79053235e-01
  1.38931379e-01 -1.42064393e-01  3.54151055e-02 -2.55728215e-02
 -4.54896867e-01 -8.52235258e-02  6.53756633e-02  2.29345113e-01
 -1.17132045e-01  1.41186118e-01 -5.88385155e-03  2.78077602e-01
  4.13723558e-01  2.27931395e-01 -5.87655557e-03 -8.32411423e-02
  8.61589983e-02  7.14795524e-03  2.75858771e-03 -6.40051514e-02
 -3.06758583e-01  1.13001645e-01  2.61600576e-02 -6.30527735e-02
 -2.72138715e-01 -8.83767009e-02 -3.89302447e-02  2.15022922e-01
 -2.60763559e-02 -2.33838990e-01  1.44189289e-02  1.80009142e-01
 -1.64527074e-01 -2.39018336e-01  3.76258530e-02  9.04389024e-02
  2.91921869e-02  1.17063597e-01  1.46638796e-01 -5.25458381e-02
 -5.21111116e-02  3.17285806e-02 -2.57059056e-02  2.47668222e-01
 -1.27718553e-01 -3.70605379e-01 -1.75923835e-02 -4.48361449e-02
  3.83311659e-01  2.67003417e-01  2.52896935e-01 -6.25524297e-02
  9.05650631e-02 -2.33962759e-01  1.44668192e-01 -1.23580158e-01
 -8.00581835e-03  3.00590135e-02  3.22436869e-01  5.52256666e-02
  1.79715425e-01  3.81466687e-01 -8.59779716e-02  2.33183578e-01
  1.63344964e-01 -8.76766816e-02 -2.11064294e-02  4.65252809e-02
 -2.10440978e-01 -8.50789472e-02 -1.76216498e-01 -4.75590723e-03
 -5.27857691e-02 -4.33987290e-01 -1.47070572e-01  9.95717645e-02
 -4.45895595e-03 -2.68816948e-01  2.82703996e-01 -3.51637864e-04
 -1.05921969e-01 -5.19433282e-02 -3.60625871e-02 -7.30730593e-03
 -3.08514148e-01 -1.79736719e-01 -2.22989962e-01  1.83006659e-01
 -8.71825442e-02 -1.08614147e-01  2.06203297e-01  2.01448441e-01
  1.27862886e-01  4.13782895e-02  2.99986422e-01  1.14657164e-01
 -1.50523722e-01  1.73810348e-02 -3.05597894e-02  2.66437549e-02
 -4.21735287e-01 -2.94141620e-01 -5.09915538e-02 -1.25506863e-01
 -8.10068473e-02 -2.01074302e-01  9.88425165e-02  1.12323180e-01
  1.50644690e-01  2.12161965e-03 -9.83854309e-02 -1.30873233e-01
  1.69606715e-01  1.85287520e-01  1.42644182e-01  3.12856920e-02
  7.56973177e-02 -3.48149799e-02 -1.93431705e-01 -4.14462723e-02
  1.10223211e-01  1.08884484e-01 -1.12489149e-01 -4.84447964e-02
 -1.62941664e-01  1.42516151e-01 -2.08652109e-01 -1.84075996e-01
  1.02222852e-01 -3.33080254e-02  5.95068596e-02 -1.79028347e-01
  1.36025637e-01 -1.36616886e-01 -5.94822764e-02 -2.11556867e-01
  6.23548627e-02  1.37027904e-01 -1.37654543e-01 -2.98981965e-01
 -4.47697401e-01 -3.53485830e-02  1.40551822e-02 -7.39068259e-03
  1.46288440e-01  1.13361470e-01  9.98819768e-02 -3.19162831e-02
  9.95623600e-03 -4.50018514e-03  5.13950139e-02 -3.66194606e-01
 -2.93407291e-01 -7.44142905e-02 -2.33851939e-01 -1.21006584e-02
 -5.00853881e-02  1.50943816e-01 -4.21687588e-02 -2.43787970e-02
 -7.95438536e-04 -4.27726358e-02  2.83033997e-01  2.25792080e-01
  6.04132414e-02  1.41876951e-01 -1.82525694e-01 -1.51815623e-01
 -5.99124655e-02  9.52469110e-02 -5.86050935e-02 -2.13088498e-01
  3.71109657e-02 -1.38483524e-01  2.49324426e-01 -1.88379630e-01
  2.24454165e-01  4.61061969e-02 -1.01634532e-01  9.47383568e-02
 -7.68881887e-02  4.89793234e-02 -9.08250287e-02 -1.11467451e-01
  1.13282323e-01  1.21944100e-01 -4.00426723e-02 -1.07936680e-01
 -4.25706133e-02  1.58269778e-02 -3.33308391e-02 -5.15334867e-02
 -2.12703288e-01 -6.07770053e-04 -3.59331936e-01  7.02177212e-02
  5.35131097e-02  4.90370058e-02  3.31514716e-01 -1.17192499e-01
  8.15197453e-02  1.62510257e-02 -1.07777141e-01 -6.67416379e-02
  2.10419111e-02 -1.53215736e-01 -2.50750363e-01  1.05669662e-01
  2.68072486e-02 -1.17710777e-01 -6.37854040e-02 -1.43501371e-01
 -2.86872119e-01  2.42839321e-01  1.14260420e-01 -6.02374151e-02
 -1.17630146e-01  9.60927177e-03 -1.05267718e-01 -1.60369009e-01
  7.89856613e-02  2.94031233e-01 -2.52308935e-01 -2.12353349e-01
  5.31547740e-02  6.94685429e-02  3.28000970e-02  2.13031635e-01
 -5.65902516e-02 -8.93629044e-02 -1.65336498e-03 -2.52817925e-02
 -2.20318466e-01  1.92414463e-01 -3.59859616e-02  8.23071003e-02
  1.84349239e-01 -1.29319847e-01  2.16370687e-01 -1.06960326e-01
 -8.93412158e-02 -4.26679760e-01  7.21503347e-02 -4.69706692e-02
 -2.23409403e-02 -1.46765281e-02 -1.23711221e-01  1.24664210e-01
  1.78784296e-01 -2.58157700e-01  1.84098139e-01 -1.32795468e-01
 -9.52017754e-02 -8.75388831e-02 -7.33453333e-02 -3.28636402e-03
 -1.09594092e-02  5.85611425e-02  1.42319232e-01  1.16551174e-02
  2.44398862e-01 -5.07767648e-02 -1.04788244e-01  9.60410386e-03
 -6.88768998e-02 -2.24768564e-01 -1.02665514e-01  3.71495709e-02
  1.94413871e-01  4.83970605e-02  1.28357500e-01  1.34683385e-01
  2.49164060e-01  1.18537217e-01  2.05433086e-01  3.59875947e-01
  1.01574101e-01 -2.81493187e-01 -1.23837898e-02  7.64828995e-02
  1.15252517e-01 -1.06501626e-03  1.05832294e-02  1.47240072e-01
 -5.41945212e-02  5.47029311e-03 -2.11700320e-01 -1.32887423e-01
  1.77049756e-01  9.21288878e-02 -1.78025901e-01  1.17690086e-01
  2.59254873e-01 -2.38297015e-01  1.95480391e-01  1.03498638e-01
  2.70309091e-01 -7.32538924e-02 -1.42721504e-01  7.43733943e-02
  1.90317273e-01  7.92551860e-02  8.38117860e-03  1.86285704e-01
  3.12927440e-02  3.39242786e-01 -2.72283945e-02  4.91015962e-04
  1.50378630e-01  2.09292963e-01  1.48299143e-01  1.58986062e-01
  6.34520650e-02  1.61901444e-01 -2.18267785e-03 -1.13938838e-01
 -2.25879718e-02 -1.41022131e-01 -1.95734352e-02  4.74590883e-02
 -8.71005878e-02  1.30926102e-01  1.89785302e-01 -1.50568962e-01
 -3.90303060e-02  9.62468907e-02 -2.26332068e-01  4.47769873e-02
 -7.56107122e-02 -1.28167719e-01 -1.92371190e-01 -1.52489901e-01
 -2.58124974e-02  3.78238708e-02  3.35217528e-02 -3.26154120e-02
  1.07442290e-01  2.14599390e-02 -5.50384335e-02 -1.77871436e-01]