http://erau.edu/ontology/meme.owl#TourettesGuyMeme
[-1.53715566e-01 -1.10199019e-01  4.19693850e-02 -5.76355048e-02
  5.45477644e-02  6.63520694e-02  1.72413677e-01  3.96886542e-02
 -4.32757102e-03 -3.50143015e-02  4.03297432e-02 -8.42396915e-02
  3.27759702e-03 -7.58079737e-02 -1.36981294e-01  7.90319368e-02
  9.21656042e-02  1.06503062e-01  4.98719588e-02  4.17360663e-02
 -1.98137030e-01  8.40574428e-02  1.16934389e-01 -9.78765413e-02
  2.28028148e-01 -1.50375161e-02  2.88083069e-02 -1.58268750e-01
  2.10498869e-01  5.07907718e-02  1.49765257e-02  2.34018750e-02
  9.75853205e-02 -1.77801415e-01 -9.07884687e-02  1.99861407e-01
 -2.00501699e-02  1.07736185e-01 -6.87313527e-02 -1.28131598e-01
  4.98306798e-03  1.95495322e-01 -2.00542569e-01 -6.93431869e-02
  1.65943205e-02  4.43413183e-02 -9.89825651e-03 -2.91315485e-02
  5.70813343e-02  3.45775336e-02  4.82788272e-02  9.00578275e-02
 -1.16591983e-01 -4.62126955e-02 -1.40920460e-01 -6.47306740e-02
  4.33964729e-02 -1.08582847e-01  1.10501796e-01  1.05651446e-01
  1.89750865e-02 -1.91844448e-01  1.85419291e-01  9.07824859e-02
 -1.25196338e-01 -4.98550348e-02 -3.18320864e-03 -9.52049494e-02
 -8.61071795e-02 -1.25017524e-01 -5.75040579e-02  8.85288417e-02
  1.73582003e-01  2.82466151e-02  5.12995198e-03  1.13042533e-01
 -1.41519591e-01  4.20810319e-02  9.30965990e-02  5.59799969e-02
 -6.11401610e-02 -2.26789102e-01 -5.62229156e-02 -1.09546833e-01
  1.06236704e-01 -1.63280830e-01 -6.25121444e-02 -1.24936020e-02
  1.15696095e-01 -1.99086685e-02 -1.90685000e-02 -1.88595638e-01
  1.26759157e-01 -9.91351344e-03 -6.14975020e-02  6.04183339e-02
 -4.55775112e-03 -3.33860479e-02  1.44622130e-02 -1.26866847e-01
  1.52486535e-02  4.63696681e-02  1.81183562e-01 -1.15316950e-01
  5.16520180e-02  5.66545650e-02  1.79698750e-01 -1.06206827e-01
 -8.88056587e-03  3.43360826e-02 -7.89007172e-02 -2.33635176e-02
 -1.29033029e-01 -3.93190123e-02  2.73072738e-02  3.51139307e-02
 -2.67534673e-01 -2.61533976e-01  1.67764518e-02  7.16772527e-02
  1.89714953e-02 -3.12479790e-02 -5.70688434e-02  1.01918697e-01
  5.66199534e-02 -1.57155573e-01  6.28308356e-02 -2.47065239e-02
  8.43506400e-03 -7.06867268e-03 -9.98805240e-02 -2.14686766e-02
 -1.10630086e-02 -6.67143017e-02 -5.21231219e-02  3.33412699e-02
  4.13490906e-02  7.92037416e-03 -1.78399935e-01  8.06406885e-02
 -1.77398920e-01 -7.18554482e-03 -5.79881333e-02  6.57042488e-02
  1.60330847e-01 -1.13095284e-01  1.66332989e-03 -2.05279905e-02
  2.68126987e-02  1.39703244e-01 -1.23958159e-02 -7.26502165e-02
 -2.70238314e-02 -3.91138084e-02 -5.37731461e-02  4.94929887e-02
 -1.66014642e-01  9.44490433e-02  1.17210753e-01 -1.10060573e-01
  3.19181606e-02 -1.26812652e-01  3.33596719e-03 -7.57427067e-02
 -1.21176846e-01 -1.10255353e-01 -7.37802386e-02  5.91667779e-02
 -1.36022270e-01  5.02981339e-03  6.43080994e-02  1.42564952e-01
  1.62459433e-01  1.35184929e-01  2.39429995e-02 -8.63754228e-02
 -6.67887479e-02 -6.81873038e-02  9.00932178e-02 -1.78890079e-02
 -1.43470362e-01  1.14576720e-01  8.56468529e-02 -4.66740057e-02
 -1.01333454e-01  1.04176002e-02  4.90106121e-02  1.35905221e-02
  1.76283479e-01 -4.15803790e-02  2.45634615e-02  6.21693768e-02
 -2.75759935e-01 -7.89829046e-02  1.32581517e-02 -1.64037179e-02
  1.06862314e-01  9.72112939e-02 -5.88052496e-02 -2.12168451e-02
  2.05474570e-02  2.04351675e-02  1.25553146e-01 -4.66372631e-02
 -1.12976298e-01 -2.21661687e-01  4.83754501e-02 -6.37667775e-02
  1.75697193e-01  1.30990073e-01  2.15460941e-01  8.15517157e-02
 -6.63707554e-02 -1.77179068e-01  1.78635180e-01 -8.67525339e-02
 -1.07776731e-01 -5.10335565e-02  1.51263312e-01  1.25983715e-01
  1.53909311e-01  1.50434181e-01 -1.55905887e-01  5.45409992e-02
  7.41494645e-04 -4.27008793e-02 -1.64104745e-01 -3.99704576e-02
  5.00488468e-02 -1.54968239e-02  7.67237470e-02 -6.12528846e-02
 -1.60073295e-01 -9.45649967e-02  5.90285696e-02  1.01634704e-01
 -1.41850322e-01 -2.24342216e-02  8.27214345e-02 -4.56124246e-02
 -5.37409820e-03 -3.76608558e-02 -1.58997590e-03 -3.99471149e-02
 -1.85433701e-01  2.93409824e-02 -1.65400401e-01 -2.47073323e-02
 -1.05976768e-01  7.85298273e-02  1.03938498e-01  2.28854679e-02
  1.04575910e-01  5.95627390e-02  1.49925470e-01 -1.48306368e-02
 -2.77785640e-02 -5.48782237e-02  1.38061598e-03  7.87457451e-02
 -6.90197423e-02 -1.11204110e-01  5.92403077e-02  1.44961542e-02
 -9.82915461e-02 -1.32625028e-01 -2.24440135e-02  1.63304675e-02
  1.17686525e-01 -8.88105631e-02 -4.32766788e-02 -1.34087756e-01
  2.33632885e-02  7.47384876e-02  1.72587633e-01  8.82793311e-03
  8.47991556e-02 -7.80941099e-02 -4.50279117e-02  6.65080771e-02
  1.31368101e-01  7.76845291e-02 -2.26022657e-02 -1.90807804e-01
 -9.55977663e-02  5.30757196e-02 -3.57859433e-02 -6.01993315e-02
  1.98043901e-02 -4.58628125e-02 -2.98680039e-03 -1.22009628e-01
  6.72446787e-02 -1.92440391e-01 -2.92913746e-02  4.27694283e-02
  1.15741000e-01 -5.46013713e-02 -1.03958830e-01 -1.94251031e-01
 -1.84624925e-01  9.24794190e-03  4.78298729e-03  2.19877344e-02
 -9.16381087e-03  2.52551418e-02  1.35610834e-01 -9.89769027e-02
  1.28778685e-02  7.11433813e-02  1.34281725e-01 -1.65011957e-01
  3.58788557e-02  1.69015080e-01  1.29393172e-02  7.83485100e-02
 -5.04953116e-02  1.85267795e-02  1.46370903e-01 -9.03921872e-02
  9.48726907e-02 -1.41006693e-01  1.72695279e-01  9.84209701e-02
 -6.02793694e-02  7.31132552e-02 -1.66120589e-01  2.27613524e-02
  5.01943529e-02  6.00505210e-02  8.28510150e-02  7.03052282e-02
  7.95943141e-02 -5.55075184e-02 -3.24327648e-02 -1.01847216e-01
  2.09047925e-02  2.30205581e-02 -5.11405319e-02  1.11429513e-01
  3.25753950e-02  3.52709331e-02  4.22333851e-02 -3.92918438e-02
 -3.07128672e-02 -3.57262455e-02 -1.84753761e-01  3.19750085e-02
 -1.59950042e-03 -1.11061640e-01 -6.50900677e-02  6.80252304e-03
 -1.56299412e-01  4.43591364e-02 -2.16872811e-01  3.64501588e-02
  5.33110069e-05 -5.34624234e-02  2.18641624e-01  3.97183001e-02
 -9.93661806e-02 -1.76234469e-02 -5.52381426e-02 -6.57658204e-02
 -2.63559036e-02 -7.92686641e-02 -9.76913422e-02  2.37932187e-02
 -3.78674380e-02  4.92834114e-02  2.07282230e-02  2.93970760e-02
 -1.32318407e-01  3.87987085e-02  3.13996337e-02 -8.16366747e-02
 -1.26970246e-01  6.32076487e-02 -2.57617366e-02  1.30580235e-02
 -1.37735466e-02  1.63857177e-01 -7.33039230e-02 -3.28931436e-02
  5.04226759e-02 -5.12547381e-02 -1.07156225e-01  1.83318123e-01
 -3.76168638e-02 -8.63191783e-02 -5.21727018e-02  6.11224994e-02
  4.02350118e-03  1.91271603e-01 -1.23513132e-01 -1.85400605e-01
 -1.24348642e-03  1.21672422e-01  2.33077422e-01 -1.11770956e-02
  4.53969054e-02 -3.33831832e-02  3.84039953e-02 -1.37205660e-01
 -1.27686322e-01  5.62022589e-02 -8.26033279e-02  8.66401047e-02
  1.38151363e-01  8.73642042e-02  5.03030866e-02 -1.59166038e-01
 -1.20126538e-01 -5.64240888e-02  1.32022321e-01 -7.46287107e-02
  1.26757603e-02 -5.01526669e-02 -8.39295331e-03  1.50227314e-02
 -5.18047193e-04 -4.41621840e-02 -9.71853826e-03  4.96037398e-03
 -5.22237532e-02 -1.46434188e-01 -7.68923536e-02  1.05032258e-01
  1.03134438e-01 -1.05455071e-01  5.32822721e-02  1.91662207e-01
 -1.84855051e-02 -8.01998377e-02  2.08073199e-01  1.47677094e-01
  9.45332423e-02 -4.26212586e-02  5.32851256e-02 -6.43269112e-03
  1.35644451e-01  1.13743760e-01 -1.25978097e-01  2.44140178e-01
 -2.04021096e-01  2.44120210e-02 -1.43806890e-01 -1.77984506e-01
 -2.91672237e-02  9.84840468e-02  6.52530789e-02  3.34455632e-02
  1.12726673e-01 -8.08689222e-02  2.01193452e-01  1.17890295e-02
  1.01371676e-01 -1.60446372e-02  6.04800135e-02  2.11038236e-02
  7.91081786e-02  2.07822055e-01  1.71130478e-01  1.79925002e-02
 -3.32770832e-02  6.34003207e-02  1.96556505e-02 -6.91824555e-02
 -3.91957611e-02  3.84273119e-02  1.23992339e-01  3.54113765e-02
  2.15759277e-01  1.55086249e-01 -1.82095449e-02 -1.06900580e-01
  8.17711372e-03 -1.28151402e-01 -3.19077522e-02  5.65720275e-02
  5.30074984e-02 -8.25671256e-02 -1.06046312e-01  2.59235471e-01
 -1.16682760e-01 -1.79107904e-01 -8.92988686e-03 -1.04272299e-01
  1.33549228e-01  9.61029232e-02 -8.55420604e-02 -3.77267040e-02
  3.68940867e-02  6.58329204e-02  1.31936610e-01  5.79586886e-02
  5.06685935e-02  4.19458859e-02  4.86295111e-02  1.35869458e-01]