http://erau.edu/ontology/meme.owl#LossMeme
[-8.07376355e-02 -2.15114608e-01 -6.93550566e-04 -4.29277346e-02
 -7.09200799e-02  1.80958271e-01  6.11646883e-02  8.04600120e-03
 -3.83847691e-02  1.11039458e-02  1.59651205e-01 -1.12527590e-02
  1.12757362e-01 -8.56072158e-02 -6.23488799e-02  1.51799824e-02
  4.19382378e-02  8.25413764e-02  1.14556633e-01 -9.55211185e-03
  6.52437285e-02 -7.60239363e-02  6.30339459e-02 -2.78016012e-02
 -2.03337171e-03  4.99320179e-02 -8.16647857e-02 -8.06021597e-03
  4.58112955e-02  1.64933577e-01  7.64309689e-02  2.01059118e-01
 -4.23943214e-02 -2.62112375e-02 -3.20881754e-02  2.11460099e-01
 -2.99050100e-03  1.68201476e-01 -4.01870236e-02 -2.04365119e-01
  1.89784184e-01  1.85513362e-01 -3.16758491e-02  5.04637649e-03
  1.61840349e-01  6.17395267e-02  3.35857458e-02  3.43773253e-02
 -1.28280684e-01  1.12122983e-01 -6.94625005e-02 -6.97046965e-02
 -6.47968575e-02 -1.99185103e-01 -1.23135328e-01  9.87022147e-02
  1.54160827e-01 -1.59334525e-01  1.81233734e-01  1.26703784e-01
 -8.29199702e-02 -2.25731153e-02  1.30556181e-01  5.51575832e-02
 -1.65825635e-01 -1.21169113e-01  7.66332895e-02 -3.68099175e-02
 -7.13304654e-02 -2.56413221e-01 -7.37749264e-02  2.46948935e-02
 -2.44275145e-02  1.17424484e-02  7.18956515e-02  4.94897068e-02
 -1.21879652e-01  4.47766483e-02  1.91392213e-01  7.06241578e-02
 -1.58702776e-01 -5.45841046e-02 -1.05793867e-02 -3.15560520e-01
  1.87272221e-01 -9.08464268e-02 -3.82041298e-02  8.95469189e-02
  8.55868235e-02 -2.71284841e-02 -8.75310227e-02 -1.91987127e-01
  1.47132859e-01 -1.27210408e-01 -1.39796615e-01  1.70229539e-01
  3.85716744e-02  3.60573009e-02 -1.13812409e-01  3.04789376e-02
  1.32785365e-01  2.00984523e-01  4.48333919e-01 -1.47843391e-01
  9.90857929e-03  5.96239325e-03  2.59031057e-01 -6.24168739e-02
 -4.71399873e-02 -1.47511452e-01 -6.69721588e-02  5.15207388e-02
 -1.45487085e-01 -8.14022347e-02  1.29151747e-01  1.23622902e-01
 -3.62453789e-01 -2.99407452e-01  1.75713431e-02  1.25183403e-01
 -6.15062751e-02 -4.46139872e-02  5.54346654e-04  1.06733814e-01
  4.97892350e-02 -1.79707538e-02  4.72826473e-02 -4.47294228e-02
 -6.51674569e-02 -6.23166487e-02 -3.26700300e-01 -1.13341540e-01
  2.96113323e-02  3.78833227e-02 -1.62979394e-01  1.42261237e-01
 -1.03497773e-01 -7.23642111e-02 -1.00844100e-01  9.35783386e-02
 -3.00689012e-01  1.08374096e-01  1.11714162e-01  2.67115608e-02
  2.22502246e-01 -1.81390703e-01 -2.02297531e-02 -2.02883467e-01
 -1.45781174e-01  1.34576440e-01  4.30446640e-02 -1.74761280e-01
  2.47243103e-02  9.83885303e-02  7.32471375e-03  1.04270160e-01
 -2.38895163e-01  1.78846255e-01  1.35947540e-01 -7.57586360e-02
  9.09350589e-02 -8.79833847e-02  5.84038049e-02 -3.91096063e-02
 -3.69672716e-01 -2.16115937e-01  1.81318242e-02  2.06216931e-01
 -5.08326888e-01  2.03722611e-01  5.22869080e-02  2.28059709e-01
  2.19575733e-01  1.96656778e-01 -8.52997079e-02 -4.36948724e-02
  2.90619042e-02 -1.42037183e-01  1.20063297e-01 -4.75410260e-02
 -1.53214887e-01  6.07741252e-02  1.76191881e-01 -4.42403220e-02
 -1.78991824e-01  1.18784383e-01 -1.25892814e-02  8.07316750e-02
  1.95213512e-01 -9.01984051e-02  1.13679439e-01 -1.20329484e-01
 -1.86512724e-01 -3.02640256e-02  2.87133735e-02  4.51142946e-03
  1.16303526e-02  2.49396220e-01 -4.53384034e-02 -3.94769683e-02
  3.83731164e-02  1.05670266e-01  9.54806134e-02  3.77801061e-02
 -6.32744953e-02 -1.73652083e-01  1.17428806e-02 -1.26425683e-01
  1.25315726e-01  1.62079796e-01  2.43021026e-01  1.36094987e-01
  1.65287964e-02  5.74167701e-04  1.24404822e-02  1.86793078e-02
 -1.73140183e-01 -4.08793986e-02  9.47919860e-02  1.25812501e-01
  4.05648127e-02  2.01671883e-01 -1.46819144e-01  4.48882990e-02
  4.34957532e-04  9.52775702e-02 -1.30344421e-01 -2.84107812e-02
 -3.16512771e-02  1.32862311e-02 -1.97684355e-02  7.68315867e-02
 -1.55650526e-02 -1.38999000e-01 -4.32283394e-02  2.68796235e-02
 -5.58781438e-02 -9.93368253e-02  9.37798247e-02 -1.01509497e-01
 -9.06218737e-02 -9.70603302e-02 -2.13583242e-02  3.19493492e-03
 -2.74710923e-01 -6.83206096e-02 -1.34212911e-01  3.48840952e-02
 -4.84110452e-02 -9.53750163e-02  6.13236055e-02 -1.89499110e-02
  1.43966377e-01  3.21599618e-02  9.47954953e-02 -1.17692217e-01
 -1.20352887e-01 -1.22808954e-02  8.74058381e-02  7.39984214e-02
 -1.85866654e-01 -1.12696573e-01 -7.32293644e-04 -1.57712698e-01
  5.84908435e-03 -2.62996376e-01 -5.62360473e-02  3.35481055e-02
  1.71580449e-01 -1.30900130e-01 -5.92748299e-02 -1.82028681e-01
 -1.24464460e-01  7.74307996e-02  7.88962096e-02  3.11049707e-02
  6.58699870e-02 -8.17163959e-02 -8.14199075e-02  1.68042071e-02
  1.38214827e-01 -2.02839803e-02 -7.84387365e-02 -7.78167620e-02
 -2.27147818e-01  7.01944679e-02 -1.20643966e-01 -1.12694316e-01
 -7.19771534e-02 -6.02970757e-02  7.41808340e-02 -1.51176438e-01
 -4.98287939e-03 -8.87511224e-02 -1.55766448e-02 -7.28225410e-02
  7.01102242e-02  1.28165875e-02 -2.50534564e-01 -1.00332059e-01
 -2.98015714e-01  8.29250365e-02  4.42598350e-02  8.49771351e-02
  5.45021072e-02 -1.14856668e-01  2.76203275e-01 -9.99585018e-02
 -5.64043410e-03  1.68306723e-01  2.49436781e-01 -1.86664954e-01
 -2.44333092e-02  8.12455360e-03 -7.97080472e-02 -1.86010376e-02
 -3.82736661e-02  1.48063330e-02 -5.29166404e-03  6.69183908e-03
  6.61033997e-03 -9.92445275e-02  2.32873306e-01  1.21336743e-01
  2.72973161e-02  4.47181016e-02 -1.40700459e-01 -3.97478901e-02
  4.09431607e-02 -1.00981712e-01 -7.48729184e-02  5.06026577e-03
  5.50518297e-02 -1.50813296e-01  7.21579825e-04 -2.11480364e-01
  1.75499007e-01  5.22005484e-02  3.40258479e-02  1.00291133e-01
  3.58552672e-02  1.09070294e-01 -5.33405831e-03 -1.13149881e-01
 -4.64399420e-02 -3.94136831e-02 -6.24418221e-02  1.06289946e-01
 -1.07508458e-01 -2.87322365e-02 -3.38889845e-02 -2.21874528e-02
 -1.28027812e-01  1.81821674e-01 -1.41091496e-01  1.65746436e-01
  1.33053549e-02 -2.30216850e-02  3.50953668e-01 -2.69488152e-02
 -9.48854685e-02  6.54238760e-02  2.91830804e-02 -2.16445103e-02
  2.26290599e-02 -5.14653996e-02 -5.99324144e-02  8.91519859e-02
  3.95475030e-02  9.73001122e-02 -3.14852260e-02  1.83388405e-02
 -1.93955287e-01  1.00646593e-01  1.10030949e-01  5.29444870e-03
 -6.08890411e-03  5.71117811e-02 -2.07408285e-03 -1.94269240e-01
  1.09431699e-01  1.38937190e-01 -7.99453929e-02 -3.74531448e-02
  3.45552899e-02  9.66488943e-02  1.20744426e-02  1.02662064e-01
  7.55120441e-02  2.43537351e-02 -1.04946092e-01 -5.76925315e-02
 -4.83634211e-02  4.92865108e-02 -4.22294512e-02 -5.21631837e-02
  3.12766954e-02 -3.50352265e-02 -1.76002569e-02  2.25610770e-02
 -3.28481421e-02 -1.49517944e-02 -3.86045724e-02 -2.58796830e-02
  1.24842655e-02 -5.20573109e-02  3.27996188e-03  2.86496710e-02
  1.10329889e-01  5.62043712e-02  2.25704208e-01 -2.13895872e-01
 -1.85408369e-01 -3.37453298e-02 -1.19093291e-01  1.41789302e-01
 -6.33882284e-02  2.81018801e-02 -2.20601354e-02  4.95428294e-02
  1.00467518e-01 -4.78280038e-02 -2.27000415e-01  2.66018938e-02
  6.84214830e-02 -9.05403644e-02 -1.02715043e-03  5.21471724e-02
  9.78738517e-02  5.35658002e-02 -5.09704638e-04  1.40790671e-01
  7.26483837e-02 -1.52487084e-01  1.04700634e-02  8.09533820e-02
  6.54635811e-03 -5.83550222e-02 -1.53763920e-01  1.48069248e-01
  2.56099790e-01 -3.08914464e-02 -2.58796476e-02  2.73498327e-01
 -1.02841198e-01 -2.72241211e-03 -1.04745589e-01 -1.31493315e-01
 -4.52248193e-02  1.39989004e-01  9.07809213e-02  1.83024421e-01
  5.42427786e-02  1.16033554e-02  2.21591428e-01  2.10519377e-02
  9.72978473e-02 -3.14439880e-03  8.35086182e-02  2.82990243e-02
  1.47271782e-01  1.02227800e-01 -2.03509200e-02 -3.95937935e-02
  7.86708668e-03  7.45855346e-02 -1.60717815e-01 -1.03285633e-01
 -2.90855914e-02 -1.08065410e-02  8.49485323e-02 -9.12642404e-02
  8.22858363e-02 -5.44230593e-03  3.07069067e-02 -7.37132654e-02
  7.66463801e-02 -4.04262692e-02 -2.61768252e-02  1.36613443e-01
 -2.21506596e-01  1.74492449e-02 -1.19468078e-01  3.15572023e-01
 -6.89915195e-02 -1.77596748e-01 -6.00303113e-02  9.39455628e-03
 -2.36751493e-02  9.71465632e-02 -8.14852268e-02  3.29123028e-02
  2.43787803e-02  6.46882430e-02  2.03045458e-02  5.55189401e-02
  7.79209211e-02 -6.57164305e-02  3.74739543e-02  3.41458023e-02]