http://erau.edu/ontology/meme.owl#ScumbagBrainMeme
[-1.49006411e-01 -1.14623196e-01  2.04434209e-02  3.73748876e-02
  6.86005130e-02  3.92057523e-02  1.16221063e-01 -5.26739424e-03
  5.25804190e-03 -9.79490578e-02  1.26904666e-01 -1.80391714e-01
 -4.67785448e-02 -2.08407879e-01 -9.87289399e-02  1.15765028e-01
  4.25294340e-02  3.08782235e-02 -5.56279011e-02  1.01778395e-01
 -9.17174220e-02  1.34847730e-01  1.02737077e-01 -2.51047075e-01
  1.04835100e-01  3.51098744e-04  1.07014365e-01 -1.49458110e-01
  2.78371066e-01  6.53193071e-02  5.87878563e-02  1.52059337e-02
 -2.59470064e-02 -5.01197614e-02 -1.29438668e-01  1.88967884e-01
 -4.41936739e-02  1.19704328e-01 -1.12789506e-02 -1.40622944e-01
  2.22482085e-02  1.98870406e-01 -2.02943116e-01 -5.60279042e-02
  7.46629685e-02  8.03310126e-02 -7.95443729e-03 -7.22020566e-02
  3.50865126e-02  5.49800992e-02  4.53588329e-02 -3.08750384e-02
 -1.38582811e-01 -1.77691549e-01 -1.05893768e-01 -7.03349933e-02
  9.33009461e-02 -7.62869641e-02  1.91837177e-01  7.54886270e-02
  3.90218683e-02 -1.27111390e-01  1.85392067e-01  9.46660042e-02
 -9.65144783e-02 -1.63636088e-01  2.81001106e-02 -5.25024086e-02
 -6.00630566e-02 -1.71285227e-01 -1.19992942e-01  9.51565579e-02
  2.03741342e-01  3.63460481e-02  1.78099778e-02  8.21594745e-02
 -6.19556941e-02  9.02268291e-02  1.28288776e-01  4.60659415e-02
  1.22593297e-02 -1.57380164e-01 -3.80971432e-02 -1.26615614e-01
  7.47335181e-02 -7.63629228e-02 -7.78458118e-02  3.66008952e-02
  4.26715054e-02  7.76376761e-03 -4.70088720e-02 -1.93040296e-01
  1.46722570e-01 -1.26685113e-01 -3.50527801e-02  3.21930577e-03
  8.82761031e-02  4.27025259e-02  2.42632702e-02 -1.51336238e-01
  8.60918611e-02  1.68696605e-02  2.88960218e-01 -8.28747898e-02
  1.21247895e-01 -3.10984328e-02  1.88729525e-01 -3.96560282e-02
 -2.02789716e-02  1.11045562e-01 -9.94926691e-02  5.04266135e-02
 -1.82003781e-01 -1.47981524e-01  9.16849747e-02 -3.73239182e-02
 -3.41946363e-01 -2.04346552e-01 -3.08987331e-02  9.59654525e-02
 -5.24591953e-02 -5.47963195e-02 -1.03553884e-01  5.99053688e-02
  6.13274686e-02 -1.72240213e-01  4.22604522e-03 -4.37565483e-02
  4.41044569e-02  7.11997002e-02 -1.79448515e-01  5.77225490e-03
 -7.44918780e-03 -4.30773608e-02 -1.93775088e-01  1.12770893e-01
 -3.05415154e-03 -1.79576222e-03 -1.99187666e-01  5.28958142e-02
 -2.80232161e-01  4.33723964e-02  7.16445893e-02 -2.34055948e-02
  2.29962632e-01 -2.96054482e-01  1.00796744e-01 -4.04698104e-02
 -3.86041999e-02  1.60405412e-01  7.38149658e-02 -9.43351388e-02
  1.34026343e-02  2.43127830e-02 -3.73143367e-02  5.23543097e-02
 -2.20509529e-01  1.14408433e-01  9.30758566e-03 -8.10044110e-02
  3.09572238e-02 -1.02840692e-01  5.03951572e-02 -3.65754999e-02
 -1.68439344e-01 -6.12365305e-02 -1.21876918e-01  1.76137343e-01
 -2.91873604e-01  1.16524898e-01  5.91389947e-02  2.29511812e-01
  2.01787069e-01  1.26269042e-01  6.86299577e-02 -2.62221675e-02
 -9.01922435e-02 -3.00022177e-02  9.66412574e-02 -7.49302357e-02
 -1.01574115e-01  1.50555119e-01  4.85104062e-02  3.57889868e-02
 -8.84192958e-02  4.12029438e-02  2.03905120e-01  1.83398798e-02
  1.49709776e-01 -5.73533177e-02  3.56322229e-02 -3.56249232e-03
 -2.71624625e-01 -5.17256930e-02  5.05103450e-03  3.40724160e-04
  8.73164088e-02  1.67368263e-01 -7.84818009e-02 -1.40792010e-02
  3.08694635e-02 -7.08475709e-02  1.46719575e-01 -1.13697223e-01
 -9.93143320e-02 -2.29835182e-01 -1.25746857e-02  1.57573004e-03
  5.00705056e-02  1.84515759e-01  1.86909243e-01  3.84416655e-02
 -5.48120681e-03 -8.67540017e-02  7.38980919e-02  6.20036721e-02
 -2.08688289e-01 -6.17528940e-03  2.34429464e-01  6.49901778e-02
  2.30176598e-01  7.75073692e-02 -1.59360468e-01  1.81159526e-02
 -7.04899281e-02 -5.46018081e-03 -1.78023815e-01  5.10039786e-03
  1.84321683e-02  1.11613516e-02  9.14351568e-02  3.13692242e-02
 -2.13630810e-01 -8.64885300e-02 -4.84904498e-02  8.32893234e-03
 -1.17619425e-01 -1.39231294e-01 -7.21303374e-02 -1.44121826e-01
  6.55044708e-03 -8.48826841e-02  7.96959102e-02 -8.54291990e-02
 -1.88694566e-01 -2.01022588e-02 -1.37876064e-01 -7.27675334e-02
 -9.27974880e-02 -1.11567285e-02  1.78020038e-02  7.09733963e-02
  1.68808371e-01  1.05367705e-01  1.42486677e-01 -9.95170791e-03
 -2.71453392e-02 -1.12194978e-02  4.14784104e-02  8.27710479e-02
  2.32649893e-02 -1.65755481e-01 -1.41377021e-02 -8.52247402e-02
 -9.21600983e-02 -1.74184874e-01 -3.38750407e-02  4.92338324e-03
  1.17899328e-01 -1.27514556e-01 -3.39894556e-02 -1.56758666e-01
 -5.95486686e-02  6.61475956e-02  1.69302136e-01  3.43463570e-02
  1.33530810e-01 -6.30132109e-02 -4.66533266e-02  4.38270681e-02
  1.51514634e-01  3.70130204e-02  9.59067885e-03 -8.33015963e-02
 -1.83668837e-01  3.07913516e-02 -2.33043283e-02 -4.81814966e-02
 -7.73078501e-02 -9.52184796e-02  5.01545928e-02 -1.29703760e-01
  2.53788568e-02 -3.69349122e-02  6.69345409e-02  6.93719983e-02
  7.44246095e-02 -4.34909090e-02 -9.08294320e-02 -1.02654330e-01
 -1.75609618e-01  1.22705074e-02 -4.59458046e-02  1.04666412e-01
  8.88804963e-04 -4.09040265e-02  4.56528366e-02 -8.45334902e-02
 -4.24193256e-02  1.47491619e-01  2.04033196e-01 -1.23520926e-01
 -9.48358513e-03  3.00879758e-02 -4.38105362e-03  1.05984993e-02
 -2.13978440e-02  6.43841699e-02  4.22346592e-02 -6.77645057e-02
  1.54152259e-01 -1.94395214e-01  1.60009414e-01  1.21536255e-01
  1.22674275e-02 -2.04268917e-02 -3.27107422e-02 -5.37977442e-02
  4.79141921e-02 -4.76588570e-02  5.34164831e-02  6.82943761e-02
  7.53821386e-03 -9.47953835e-02 -1.46300033e-01 -1.75965250e-01
  1.36154607e-01  1.41533334e-02 -4.72846888e-02  5.97596429e-02
 -3.44835431e-03  8.61251205e-02  4.63582091e-02  2.79881172e-02
 -2.09511314e-02 -5.24837822e-02 -6.22403398e-02  1.25361487e-01
 -1.03840522e-01 -4.49605733e-02 -3.34083699e-02 -2.92998776e-02
 -8.40598121e-02  1.77709937e-01 -1.55653462e-01  9.41310003e-02
 -8.66872296e-02 -1.10735044e-01  1.64162725e-01  1.49717024e-02
 -8.96965638e-02  3.53611335e-02 -4.91127791e-03 -6.34035766e-02
 -9.14588794e-02  1.27883747e-01 -4.90180627e-02 -3.57202051e-04
 -4.59537841e-02  4.20762636e-02 -3.82031724e-02  2.82009486e-02
 -1.27170369e-01  3.73915695e-02  1.36910668e-02 -1.30450711e-01
 -4.32080291e-02 -2.16608681e-02 -8.46899524e-02 -4.42759991e-02
  8.84105712e-02  3.29426937e-02 -3.87221090e-02 -2.24709567e-02
  6.18432835e-02 -6.42238036e-02 -1.03030518e-01  1.07602358e-01
 -3.43622304e-02 -1.44426450e-01 -4.73360606e-02  6.99986443e-02
 -1.64153781e-02  7.47913644e-02 -1.40765786e-01 -1.74996391e-01
 -8.65875930e-03  6.47302493e-02  1.13711379e-01 -6.49393350e-02
 -2.01630648e-02 -1.55694053e-01 -5.99364238e-03 -1.79730475e-01
 -9.36519504e-02 -3.10951900e-02 -4.94868606e-02  1.93406925e-01
  1.06292948e-01  1.62116185e-01 -2.63548363e-02 -1.78870320e-01
 -1.08865023e-01 -1.69257093e-02  6.66974345e-04  5.36651462e-02
 -2.50028148e-02 -7.89323375e-02 -3.00906543e-02  6.98659047e-02
  2.91379914e-02  3.19816507e-02 -1.04860991e-01  1.09198608e-01
 -1.15139382e-02  9.51554067e-03 -6.29634559e-02  9.41182747e-02
  9.26739201e-02 -5.97362109e-02 -9.25468802e-02  1.00468479e-01
  8.74520093e-03 -1.58930525e-01  1.52673841e-01  3.92593108e-02
 -6.63317833e-03  1.66004840e-02  6.70833439e-02 -1.83769912e-02
  3.40690650e-02  5.99120781e-02 -1.14035964e-01  1.63444832e-01
 -1.78928345e-01  4.28272858e-02 -4.76883687e-02 -1.06662415e-01
 -9.43642668e-03  1.18774571e-01  1.45745352e-01  1.03518255e-01
  8.21157172e-02 -5.55376820e-02  2.22915724e-01  7.22799776e-03
  3.55911739e-02 -6.90511800e-03  1.80108830e-01 -3.54382326e-03
  1.34201959e-01  1.08827911e-01  1.07789479e-01 -1.76721543e-01
 -3.36805284e-02  1.45224333e-01 -2.97684837e-02 -9.86521915e-02
 -6.13415092e-02  1.04355589e-02  1.07862689e-01 -1.82324648e-02
  2.72421032e-01  1.55901462e-01 -2.40457598e-02 -3.45404744e-02
  1.20856434e-01 -8.02780688e-02 -1.90504380e-02  4.86007370e-02
  2.79252976e-02 -2.54573897e-02 -1.94602534e-01  2.34607577e-01
 -9.02581140e-02 -1.46581575e-01 -3.06849238e-02  4.24429029e-02
 -5.21888584e-02  3.79543155e-02 -8.64550844e-02 -4.79905680e-02
  4.68874499e-02  8.01999345e-02  8.06581900e-02  2.28015035e-02
 -4.28205505e-02  4.82411496e-02  1.89566575e-02  1.22015111e-01]