http://erau.edu/ontology/meme.owl#CrayCrayMeme
[-0.01092466 -0.18623485  0.11180542 -0.08645184  0.08206622 -0.04692556
  0.15029973 -0.15681656 -0.03157791 -0.09151354  0.15170485 -0.06369501
  0.10154837  0.00835441 -0.07689961 -0.06831554 -0.09855751  0.20437412
 -0.02643248 -0.01490984 -0.13646074  0.22198462  0.17178646 -0.07775655
  0.04803117  0.08933922  0.10274118 -0.2085064   0.20433824 -0.04571265
 -0.07315983  0.06751895  0.00620472 -0.11259314 -0.18256031  0.335187
 -0.02405731  0.0618948  -0.03645081 -0.1350756  -0.06421562  0.16246414
 -0.22579965 -0.17080615  0.15139851  0.05102223  0.12232713 -0.03205028
  0.06799756 -0.01253047  0.09839042  0.04391834 -0.06442093 -0.03259897
 -0.07354984 -0.09833548  0.03464379 -0.20557174  0.05045809  0.07985403
 -0.0733659  -0.17664672  0.21597444  0.02964341 -0.16717161 -0.15220656
 -0.08521539 -0.0968429  -0.03736213 -0.12373839  0.04867788  0.13114768
  0.08827782  0.05342841  0.01577109  0.05401674 -0.10256703 -0.01349252
  0.2490457   0.0261787  -0.02128154 -0.06316761 -0.104291   -0.22089182
  0.11842009 -0.00833551  0.10378835  0.05262475  0.12648724  0.05380721
 -0.11799048 -0.18419388  0.21236587 -0.03919702 -0.14493184  0.02891248
  0.07248529 -0.00601386  0.04728073  0.01564738  0.08554608  0.12787065
  0.1816922   0.00730856  0.0652582   0.03597965  0.21261585  0.03165356
  0.02015452 -0.083272   -0.1329353  -0.02472418 -0.08796122  0.0089512
  0.14737596  0.05757372 -0.13972989 -0.1881781   0.12234316  0.04510574
  0.06371828 -0.06624441 -0.01190848  0.02797996 -0.01671399  0.01752334
 -0.04791772  0.04462248  0.05967947 -0.11953408 -0.1395072   0.01484397
 -0.0386746  -0.09003244 -0.00435103  0.00754646 -0.08750181  0.02791325
  0.02992485  0.0341569  -0.0986918  -0.02614328  0.0398784   0.09437685
  0.08160453 -0.0885534   0.00566028  0.02634247  0.0808135   0.17217654
 -0.00428129 -0.10813106  0.03444362 -0.14913517 -0.15189531 -0.08938945
 -0.12498756  0.1339656   0.09226908 -0.0258241   0.01881922 -0.09694253
 -0.13988177 -0.03196565 -0.17765474 -0.16174243 -0.04949214  0.15070914
 -0.09953488 -0.04622395 -0.01639757  0.05979273  0.28458053  0.1482857
 -0.03267919 -0.03017504  0.03749236 -0.01984255  0.19460852 -0.0889611
 -0.12776572  0.00412428  0.1269506  -0.12226551 -0.04100227 -0.01768949
  0.04953736  0.03536372  0.14795354 -0.05693863  0.00171501 -0.03764359
 -0.17797744 -0.00340938 -0.08694804 -0.01235358  0.10368036  0.18371616
 -0.07350367  0.04010554  0.10707252 -0.03431363  0.1353758  -0.1536982
 -0.07687417 -0.19484535  0.00911762 -0.05357248  0.2593365   0.08071243
  0.10343817  0.01565924 -0.04624163 -0.08139738  0.12613113 -0.07609659
 -0.00951936 -0.02303147  0.05892367  0.16495161  0.18939692  0.25632873
 -0.15549047  0.08358522 -0.08307664 -0.03732787 -0.13876005 -0.02590493
 -0.02612924 -0.06153997 -0.08598484 -0.09659571 -0.20517321 -0.03361815
 -0.03876368  0.05810766 -0.04050169 -0.13333766  0.05534746 -0.14005506
 -0.01510085 -0.09303722 -0.01439615  0.07039023 -0.2215645   0.01978253
 -0.16866761 -0.02725327 -0.11082572  0.09766218  0.04794051 -0.02324572
  0.09676471 -0.07812691  0.2618746   0.00175761  0.01636827  0.14017312
 -0.08077726  0.18279119 -0.1551759  -0.17086557 -0.14176348  0.01075361
 -0.06704215 -0.20236981  0.20209303 -0.00135789  0.12484539 -0.04495756
 -0.05952996 -0.1163393  -0.03564886  0.06996626  0.1830078  -0.16668728
  0.21043484  0.07080582  0.00301817 -0.06975652  0.08369617 -0.0383261
 -0.05830449 -0.21583831 -0.05676166  0.07229172 -0.20230071 -0.0400659
 -0.10666559 -0.13706943  0.03753569  0.0012526   0.13018392 -0.20267637
  0.06292932  0.02695214  0.18695828 -0.03571193 -0.18292275 -0.34173623
 -0.13856322 -0.09269456 -0.02987184  0.14701012 -0.10309143 -0.03724083
  0.2785238  -0.10153709  0.14036971 -0.05293189  0.07028305 -0.23183486
 -0.07127804  0.04494781 -0.14244244  0.05731712 -0.02408301  0.04210926
  0.02768789 -0.12842242  0.12590912 -0.14718397  0.2072146   0.1830182
 -0.00485507  0.01619011 -0.23657325 -0.06632377  0.26907003 -0.07254239
  0.07526729  0.03097342  0.15054187 -0.09638505  0.08702242 -0.20498519
  0.18176304  0.0367098   0.03466545  0.1279779  -0.02645841 -0.09646175
  0.0691465   0.00368011 -0.04810531 -0.05120227 -0.05012245 -0.00747099
  0.10939454 -0.16468976 -0.04260549  0.07536963 -0.2205973   0.10380046
 -0.1823397   0.04722908  0.12948863  0.07337387  0.23779328  0.05821779
 -0.03008845  0.06827699  0.05563347 -0.20043088  0.0917718  -0.26795247
  0.0237749   0.07370578  0.01589183  0.05815012  0.04035958  0.08518147
 -0.17073637 -0.075303    0.04762431  0.02722966 -0.10047214  0.01283234
 -0.02095474 -0.07194859 -0.0204029   0.15837385 -0.01023783 -0.01458331
  0.14540982 -0.0969684  -0.04337048  0.15578027 -0.05585585 -0.08099367
 -0.13289525  0.11105932  0.08109526  0.21178547 -0.0057819  -0.22993053
  0.07860464  0.0058327   0.19174077 -0.03177963  0.025284   -0.03999848
  0.14826523 -0.07979127 -0.08351181  0.02578324 -0.04289163  0.06978676
  0.08760117  0.07783342  0.1863225  -0.11047386 -0.12775981 -0.20227212
  0.04873834 -0.04652174 -0.01350147 -0.1224823   0.02593707  0.07541641
  0.06427212 -0.11454585  0.04125798  0.05126188 -0.1085694  -0.12246985
 -0.17805597 -0.05027622  0.1662546  -0.12496074  0.14178452  0.297462
  0.00670017 -0.02606362  0.25633946  0.2852867   0.14385185 -0.14322287
  0.07819794  0.10144328  0.06874386  0.21491757 -0.1839604   0.29755452
 -0.3704466  -0.07305253 -0.21062571 -0.14324398 -0.16327724  0.10941971
  0.00455868  0.01315984  0.29789996 -0.11181878  0.1979756   0.1505562
  0.03557678  0.0141508   0.01524306 -0.03550611  0.1656126   0.19352694
  0.15807761 -0.15115541 -0.0054341   0.19153361 -0.04870866 -0.18104209
 -0.02509444 -0.0425091   0.11872635 -0.0038721   0.11896998  0.1857135
  0.10165159 -0.2759873   0.09479837 -0.10649873  0.03197288  0.14488296
  0.12099963 -0.00586007 -0.17746039  0.21333653 -0.15512155 -0.19722928
  0.01823886 -0.03108617  0.08093443  0.11337063  0.00265058  0.10762408
 -0.03850448  0.1562895   0.08890503  0.03851788  0.00917215  0.07031713
  0.01996301  0.1503107 ]