http://erau.edu/ontology/meme.owl#CrossAngeMeme
[-2.54688263e-02 -1.20707743e-01  1.30036458e-01  8.57723579e-02
  6.66437224e-02 -3.77572849e-02  1.26825139e-01 -1.05462141e-01
  8.43755156e-02 -2.19279736e-01  3.54598090e-02  8.13557580e-02
  7.88097456e-02  1.08515188e-01 -1.83247607e-02 -1.09547682e-01
 -1.33117782e-02  7.98429251e-02  1.75415576e-01  1.81844905e-01
 -1.88929841e-01  1.43071860e-01  1.39609233e-01 -1.02123655e-01
  1.39690191e-01 -1.80150241e-01 -1.50269330e-01  8.88625383e-02
  4.67677534e-01  1.46267310e-01  1.58110976e-01  1.86086625e-01
  1.23256445e-01 -8.56288150e-02 -1.21353456e-04  2.42079839e-01
  1.15557536e-02 -2.62488928e-02  1.66351125e-02 -8.92181247e-02
 -2.55074263e-01  1.37723818e-01 -1.14047542e-01  2.52428290e-04
  1.14196256e-01 -1.76065952e-01 -3.17705870e-02 -1.76589992e-02
  6.68670684e-02  4.55665514e-02  2.47597210e-02  2.12772749e-02
 -1.53374106e-01 -2.93300813e-03  2.58021168e-02 -9.38827929e-04
  1.19799696e-01 -5.13646677e-02  1.51343852e-01  6.26186607e-03
 -5.05034365e-02 -9.05814096e-02 -3.06178927e-02  5.93034066e-02
 -2.46490255e-01  3.79237644e-02  1.14387065e-01 -3.58598074e-03
 -9.59253684e-02  1.86133161e-01 -4.09157984e-02  1.06285058e-01
 -1.00364303e-02 -2.73875557e-02  2.35991906e-02  6.79263696e-02
 -1.14831239e-01  1.09619461e-01  1.55308200e-02 -2.89922729e-02
 -5.02626039e-02  7.85880536e-02  5.85706942e-02 -9.70777497e-02
  3.33961472e-02 -6.14070334e-02 -7.11319372e-02  2.42320135e-01
  4.62146141e-02  3.75502519e-02  2.39851102e-02 -1.58544242e-01
  4.95345937e-03 -1.31682903e-01 -3.37946936e-02  4.23724130e-02
 -1.88516080e-01 -1.63433418e-01  8.96053314e-02  2.56798193e-02
  1.08037293e-01  9.91291553e-02  1.74645573e-01 -2.48278473e-02
 -1.91555426e-01  9.43896025e-02  8.53865966e-02  1.59230940e-02
 -1.63745601e-02 -7.70699009e-02  1.07802246e-02 -8.73956978e-02
  3.26329507e-02  3.61327343e-02  1.08800344e-01  2.55986720e-01
  2.13270145e-03 -2.31555067e-02  7.86912590e-02  1.87517200e-02
  2.33112812e-01 -1.13686919e-01 -1.30453810e-01  3.56110595e-02
  6.43529370e-02  2.96495389e-02  2.85311528e-02  7.02715963e-02
  7.55935758e-02 -5.26661566e-03 -1.53884858e-01  5.32143749e-02
 -6.17487468e-02 -1.74921438e-01 -5.05996272e-02  3.86210531e-02
 -2.09150732e-01  4.57073972e-02  4.52466533e-02  1.28702387e-01
 -1.36921793e-01 -2.80074477e-01  1.21210732e-01  2.08794326e-02
 -3.08115985e-02 -2.13588104e-01  1.84520721e-01 -1.25476746e-02
  1.42467711e-02  1.64717093e-01 -1.84496850e-01 -1.13145940e-01
 -9.09472927e-02  3.75464298e-02 -4.94271256e-02 -2.66798083e-02
  1.02511667e-01  2.10822776e-01  8.80106091e-02 -4.14837711e-02
  1.37027744e-02 -8.60265791e-02  2.77822074e-02 -4.43744883e-02
 -1.95708871e-01  7.05002481e-03  1.63402438e-01  1.10685490e-01
 -1.28668755e-01  1.02426827e-01 -1.00186445e-01  1.75540000e-01
  2.64986783e-01 -1.04175555e-02 -1.87716737e-01  1.22326314e-02
 -1.85434744e-02 -7.17827380e-02  8.90452340e-02  2.56826635e-02
  8.90672859e-03  3.49949189e-02  2.01806147e-02  9.59991515e-02
 -9.44288895e-02 -6.09075539e-02  6.35534674e-02  2.78983060e-02
  2.31481835e-01 -7.56505132e-02 -1.87711433e-01  5.47555834e-02
 -6.47168756e-02 -9.19948295e-02  1.20163195e-01 -1.28108719e-02
  1.62802801e-01  8.05980712e-02  9.39607248e-02  2.11144742e-02
  9.00942013e-02  3.47821228e-02  7.51256794e-02  1.53235286e-01
 -2.59864442e-02 -2.62622982e-01 -4.29805852e-02 -4.10600863e-02
  2.20745102e-01  3.41889635e-02  3.27287942e-01  1.88406911e-02
  7.62875900e-02 -5.97469024e-02  4.02941555e-02  1.30137563e-01
  4.47648466e-02 -7.19233677e-02  3.12897377e-02  1.76999629e-01
  1.51259854e-01  1.67614892e-01 -2.52205078e-02  1.48106158e-01
  1.19281281e-02  5.32765612e-02 -1.10647649e-01 -4.72810902e-02
 -2.34649137e-01 -9.37424041e-03 -4.27577123e-02 -4.47915168e-03
  3.47086564e-02 -1.20379269e-01  3.79657671e-02  4.88583297e-02
 -1.43432781e-01 -1.23179413e-01  7.44474605e-02  5.11170551e-02
 -3.73139828e-02  1.54655790e-02  7.05907270e-02  7.10845664e-02
 -2.21259430e-01  3.45675312e-02 -1.96903497e-01 -6.61578998e-02
 -1.15418658e-01 -1.06116638e-01  4.79716137e-02 -9.68396887e-02
  1.31668612e-01 -1.00083195e-01  1.97905391e-01  2.39438713e-02
 -2.18993425e-01  5.25225252e-02 -1.80555321e-02 -1.13414368e-02
 -1.67812780e-01 -7.99550489e-02 -5.39549142e-02 -1.17471635e-01
 -4.65129241e-02 -6.85720071e-02  1.58815548e-01 -2.27830019e-02
 -7.06226453e-02  5.95357940e-02 -3.65310162e-02  6.56958967e-02
 -4.74060550e-02 -2.10181018e-03  6.76824674e-02 -7.00613782e-02
 -1.36214539e-01 -7.32487142e-02  2.71243192e-02 -1.46210015e-01
 -8.39350279e-03  2.37740412e-01  6.35964470e-03 -7.28594884e-02
 -6.81823567e-02 -7.39234220e-03 -2.00417817e-01  7.72808865e-02
  7.97691792e-02 -5.56432195e-02  4.25465144e-02 -4.96046022e-02
  2.10586563e-02  8.37970749e-02 -8.57506879e-04 -1.12788178e-01
  8.59578550e-02  2.13325210e-02 -3.53345536e-02 -8.46222937e-02
 -1.24790771e-02 -2.38457825e-02  1.10978097e-01 -3.03004086e-02
  3.27369943e-02  1.31564662e-01  2.76421547e-01  1.22854978e-01
 -5.51229157e-02 -1.78854316e-01  1.48129418e-01 -2.54736185e-01
 -1.04010783e-01 -9.94098932e-03 -1.10840574e-01  1.71502326e-02
  3.47612239e-02  4.28856649e-02  2.67832559e-02 -3.86977158e-02
  8.95234868e-02  2.25884258e-03  3.29391249e-02  2.38124683e-01
 -5.45494668e-02 -9.83888209e-02 -1.23594120e-01  6.57282472e-02
  1.21868223e-01  1.14849433e-02 -8.36115479e-02 -2.40507871e-01
  1.90559477e-01 -1.72460333e-01  1.51395559e-01 -2.66620398e-01
  4.77688871e-02  1.04835935e-01  3.64682674e-02  6.55015483e-02
  1.56466924e-02  1.48700535e-01 -9.59717408e-02  2.13779379e-02
 -2.23285124e-01  1.62130401e-01 -1.03960678e-01 -1.79407373e-02
 -4.84551862e-03 -1.00614853e-01 -2.13913573e-03  3.37119885e-02
 -1.72525495e-01  2.00260267e-01 -1.62639141e-01 -2.66928431e-02
  2.43406892e-01  4.40545240e-03  8.22482556e-02 -2.14430794e-01
 -1.14977155e-02  2.07136586e-01  7.41103366e-02 -1.54998660e-01
  1.51881874e-01 -6.00405298e-02 -6.09127097e-02  4.88337502e-02
  8.90019760e-02 -6.45325258e-02 -2.03978315e-01 -1.14720404e-01
 -4.27253276e-01  6.96030855e-02  1.49646923e-01  4.09495234e-02
 -1.42704220e-02 -7.59778023e-02 -8.12853500e-03 -1.38967022e-01
  3.99155766e-02  2.48926252e-01 -1.94546133e-01 -2.21968010e-01
  6.95736632e-02 -2.38548592e-01 -1.26587957e-01  1.27329797e-01
 -8.60897452e-02 -1.21404923e-01  1.16247915e-01  1.68606058e-01
 -3.89837995e-02  2.57402062e-01  1.15720570e-01 -2.41279408e-01
  1.60614535e-01  1.03982389e-01  3.27951699e-01 -2.09258795e-01
 -1.97120965e-01 -5.63143604e-02  3.48923318e-02 -1.32065848e-01
 -2.56352603e-01  5.53361923e-02 -1.05681464e-01  2.23759025e-01
  3.96686494e-02 -8.72968286e-02  3.47436279e-01  4.43485752e-03
 -3.20884854e-01 -2.23436579e-02 -1.11509129e-01  6.83362111e-02
 -2.64412314e-01  1.15468372e-02 -2.19648145e-02 -2.62598172e-02
  3.27035427e-01  9.81022790e-02 -1.15351193e-01 -4.34789769e-02
  3.67692746e-02 -2.36065790e-01 -8.03323910e-02  2.37599853e-02
  1.48575217e-01 -3.85922045e-02  2.00080410e-01  3.40356946e-01
  1.77965909e-01 -5.30530810e-02  2.01881468e-01  3.61488730e-01
  2.02047661e-01 -2.30647057e-01 -4.70899455e-02  2.72926241e-01
  1.08888872e-01  2.06913248e-01 -1.89877227e-01  4.62403178e-01
 -2.62590766e-01 -1.66804388e-01 -3.94741029e-01 -1.21126421e-01
 -2.18464240e-01  5.36816046e-02 -1.00514451e-02  7.02423453e-02
  2.78250068e-01  2.20368654e-02  1.59222573e-01  4.58000228e-03
  1.26614764e-01 -1.81870200e-02 -5.28516099e-02 -3.65438461e-02
  1.09339774e-01  1.12080127e-01  4.29525115e-02  8.58497024e-02
  9.87334698e-02  2.27864191e-01  1.74395125e-02 -2.54732311e-01
 -2.54646800e-02  5.22600636e-02  4.29957360e-02  6.69580474e-02
  1.20217845e-01  3.18301678e-01  3.40394676e-02 -3.07223618e-01
  1.53386131e-01 -3.43544662e-01 -1.38433665e-01  1.51942715e-01
 -5.79523928e-02  1.77999528e-03  6.14806861e-02  7.18361065e-02
 -1.70124397e-01 -2.11922660e-01 -8.85221362e-02  6.37758598e-02
  2.26301298e-01  9.96590778e-02 -1.88489016e-02  2.40466353e-02
  3.65124345e-02  3.68404128e-02  2.12103248e-01  9.68928114e-02
  8.46711621e-02 -2.07267880e-01  1.52220681e-01  3.84063236e-02]