http://erau.edu/ontology/meme.owl#WhatDidYouSayAboutmyHairMeme
[-1.27439246e-01 -2.04721272e-01  2.29321733e-01 -2.35500094e-02
 -7.98636302e-02 -7.66129345e-02  1.83431268e-01 -6.45562559e-02
  9.32881311e-02 -1.76093578e-01  1.97286248e-01 -5.95508330e-02
  1.54556602e-01  1.31434917e-01  7.30304513e-04 -1.50477692e-01
  3.70412692e-02  2.25828797e-01  6.04397878e-02 -1.53530501e-02
 -3.30148876e-01  2.27997303e-01  2.54310161e-01 -9.90741104e-02
  9.55430046e-02 -2.85868198e-02  4.50876653e-02 -4.48478907e-02
  3.88590544e-01  9.22917575e-02 -3.25493254e-02  9.02006403e-02
  9.34113935e-02 -2.25423858e-01 -7.83428028e-02  2.75852889e-01
  7.32676359e-04  1.83503125e-02  3.04859001e-02 -1.53796881e-01
 -1.07667916e-01  2.41310015e-01 -2.34413385e-01 -1.25327796e-01
  1.54888123e-01 -2.80098207e-02  1.15844406e-01 -1.89666171e-03
 -7.92419165e-02  5.86434826e-02  4.04842421e-02 -5.67014515e-02
 -9.76974741e-02  2.78831422e-02 -9.04993191e-02 -8.77404064e-02
  1.26858905e-01 -6.10792898e-02  2.12518454e-01  1.04288653e-01
 -1.76837429e-01 -1.00842521e-01  1.56502813e-01  1.52234107e-01
 -1.75617307e-01 -7.18689114e-02 -9.49337892e-03 -7.82034397e-02
 -1.61082491e-01 -4.68124548e-04 -1.24114029e-01  1.27472922e-01
  9.63861346e-02  6.01844266e-02  8.58433321e-02  5.54291643e-02
 -9.31511745e-02  3.15053090e-02  2.47272283e-01  5.94909340e-02
 -1.31284282e-01 -2.79250145e-02 -1.20515600e-01 -2.25984126e-01
  4.62503098e-02 -5.64351976e-02 -2.85265315e-02  9.12977383e-02
  1.06779471e-01  1.83767416e-02 -4.91066463e-02 -2.86251664e-01
  1.00026645e-01 -1.21645823e-01 -1.91813946e-01  3.08481604e-02
 -1.29073614e-03 -9.02466029e-02  3.62412147e-02 -4.79520410e-02
  1.34375602e-01  4.91462648e-02  1.90327510e-01 -5.16461059e-02
 -1.24577425e-01 -4.41875830e-02  9.04711485e-02  4.97599803e-02
  3.69035713e-02 -1.39481083e-01 -1.44802164e-02 -3.84242199e-02
 -1.46834493e-01 -6.14528023e-02  1.06661581e-02  7.14313015e-02
 -1.38719514e-01 -1.32316262e-01  1.62967458e-01  2.04681158e-02
  7.70355538e-02 -1.32090956e-01 -2.57077403e-02  7.48647144e-03
  3.26165035e-02 -8.07662010e-02 -6.09448925e-02  2.69419663e-02
  1.65272221e-01  4.66163382e-02 -2.18260258e-01  9.86738950e-02
 -6.24626838e-02 -9.80488658e-02  2.35954039e-02  1.41090080e-01
 -9.79932696e-02 -4.56192903e-02 -5.11557907e-02  1.04092702e-01
 -1.49157539e-01 -9.79872048e-02  3.01168356e-02  1.43937260e-01
  4.85089645e-02 -2.79741228e-01  8.46332759e-02 -9.34659168e-02
  3.30609083e-02  1.15241341e-01  1.34700034e-02 -7.02173337e-02
 -7.57993534e-02  4.39836830e-02 -1.02210246e-01  1.13521367e-02
 -2.25100610e-02  2.21337974e-01  4.76930328e-02  3.71173304e-03
  1.32480249e-01 -6.67018592e-02 -2.63832398e-02  9.58416238e-03
 -1.73763439e-01 -2.26216525e-01  9.10120830e-02  9.58599616e-03
 -2.45304823e-01  7.17913061e-02 -4.25903797e-02  4.31340421e-03
  2.95357257e-01  1.72407314e-01 -9.09672305e-03  2.60893740e-02
 -1.47702590e-01  1.85992736e-02  1.85036525e-01 -1.73595473e-02
 -3.71877700e-02  9.41786170e-02  6.13540225e-02  4.88553867e-02
 -1.60580501e-01 -1.21476516e-01  5.69232441e-02 -1.97004038e-03
  3.51086617e-01 -5.09350598e-02 -5.34048527e-02 -4.43683192e-02
 -2.18354791e-01 -1.03321122e-02 -7.70551488e-02 -5.51401973e-02
 -4.07861471e-02  1.10390112e-01 -1.30422071e-01  2.78184563e-02
  9.50137991e-03 -1.00528203e-01 -1.72226336e-02 -4.35703099e-02
  7.55593330e-02 -2.39881173e-01 -1.50269279e-02 -2.14870330e-02
  2.70404071e-01  8.34809914e-02  2.46078700e-01  5.48480898e-02
  4.07390017e-03 -5.73636480e-02  1.04774475e-01  2.43849158e-02
  4.48166505e-02 -7.06412122e-02 -1.09088346e-01  2.63429016e-01
  1.97634667e-01  2.23855272e-01 -8.89815092e-02  1.47456363e-01
 -3.91196236e-02  2.12519206e-02 -1.73201129e-01 -5.57295009e-02
 -1.14889257e-01 -1.09144308e-01  3.82317975e-02 -1.73026230e-02
 -1.54542133e-01 -5.35678267e-02 -7.86042735e-02  1.57633405e-02
 -5.73472455e-02 -1.68649666e-02  4.52745110e-02 -1.76382307e-02
 -4.09660041e-02  8.46125372e-03  5.24409749e-02 -4.74639732e-04
 -2.84196734e-01  2.23685484e-02 -7.34822452e-02 -7.98225477e-02
 -1.64396882e-01  4.06376347e-02  5.51979132e-02 -1.01924576e-01
  9.44310427e-02 -3.91040836e-03  2.67072648e-01  4.89634909e-02
 -1.82665631e-01 -3.54197957e-02 -6.40091971e-02  2.31767097e-03
 -1.89776212e-01 -3.29587655e-03 -1.25526369e-01 -6.19783476e-02
 -7.70156235e-02 -1.52070120e-01  9.62669477e-02  9.54053178e-03
  5.90674132e-02 -7.80458599e-02 -1.75219597e-04 -9.68724340e-02
 -1.31285891e-01  1.65931822e-04  3.27995829e-02 -2.29670718e-01
  7.51229003e-02  8.79828259e-02 -3.23927626e-02 -5.37628569e-02
  3.63779627e-03  1.40880674e-01 -9.66581609e-03 -8.83153975e-02
 -1.10453963e-01  3.93217020e-02 -1.40237436e-01  9.20945182e-02
 -8.27600434e-03 -1.45703062e-01  1.03139341e-01 -1.01216631e-02
 -8.86335373e-02 -6.86523095e-02  6.14225045e-02 -3.04035172e-02
  1.51215389e-01  3.88842635e-02 -1.09272212e-01 -1.29642785e-01
 -1.00491017e-01  6.98365038e-03  3.10506653e-02  2.16629589e-03
 -5.69265187e-02  2.11587586e-02  2.34170511e-01  1.00569777e-01
  2.18978897e-02 -1.13082625e-01  1.96107447e-01 -2.50744611e-01
 -5.74118607e-02  6.04268126e-02 -5.45165539e-02 -1.58159602e-02
 -6.98355362e-02  7.60912988e-03  7.55395219e-02 -1.24828123e-01
  1.21633284e-01 -7.98777640e-02  1.23180158e-01  1.15902044e-01
  4.15674858e-02 -3.98941971e-02 -1.73485890e-01  1.55027267e-02
  1.97320402e-01  1.94387641e-02  6.06128573e-02 -7.22232684e-02
  3.71659808e-02 -9.66538787e-02  7.80445114e-02 -2.71398306e-01
  7.58020952e-02  8.42322111e-02  2.88487170e-02  1.57175824e-01
  3.01589817e-02  1.22379184e-01 -1.09013848e-01  5.18834293e-02
 -1.08633384e-01  1.90619946e-01 -1.36637270e-01 -1.68898050e-02
  1.39662176e-01 -2.14699611e-01 -1.16477488e-02  3.92255746e-02
 -1.51514173e-01  2.02228934e-01 -5.97296767e-02 -2.31814178e-04
  1.37710392e-01 -1.91453882e-02  1.81476191e-01  1.11341514e-02
 -2.14753039e-02  1.20179065e-01  4.62170430e-02 -1.62786514e-01
  7.64099136e-02 -1.28936186e-01 -7.46530816e-02 -5.78502044e-02
 -4.65585254e-02 -2.80438457e-02 -4.60239351e-02 -3.47720366e-03
 -2.78252840e-01 -1.34336781e-02  3.68214063e-02  8.18082504e-03
 -1.81877837e-01  3.59849855e-02 -9.24555063e-02  3.69409621e-02
  5.58221452e-02  2.15116039e-01 -5.58051541e-02 -1.27446577e-01
  1.43609002e-01 -2.70316958e-01  2.43475195e-02  1.32775798e-01
 -7.04702958e-02 -6.35890216e-02 -6.00227825e-02  1.84397146e-01
  2.62731258e-02  3.47429872e-01 -4.92522009e-02 -3.34371716e-01
  5.22495471e-02  5.52629828e-02  2.71360248e-01 -1.46003142e-01
 -3.81782837e-02 -1.10671781e-01  1.00359358e-01 -1.95457458e-01
 -1.35873482e-01 -1.93699617e-02  4.15380932e-02  1.37019500e-01
  4.85511795e-02 -6.59454986e-02  1.68257833e-01 -7.98646882e-02
 -1.81442708e-01 -9.44558755e-02 -7.28066936e-02  1.33403577e-02
 -2.12321684e-01 -2.21684724e-02 -2.69239135e-02  1.85147878e-02
  2.22859323e-01 -2.95218918e-02 -7.93193132e-02  2.43551377e-02
  5.24365827e-02 -1.66215777e-01 -7.03571737e-02  2.22098711e-03
  9.77365151e-02 -1.24081954e-01  1.36079371e-01  2.59491593e-01
  6.17543831e-02 -9.41175371e-02  2.84573615e-01  2.99099088e-01
  1.42852038e-01 -4.74898964e-02  2.81489659e-02  1.73491448e-01
  2.12629735e-02  1.05028369e-01 -2.16415972e-01  4.03811336e-01
 -4.10279065e-01 -9.83330533e-02 -3.15953106e-01 -2.39984840e-01
 -2.17620388e-01  1.03714094e-01  2.15169210e-02  1.37439027e-01
  2.10873500e-01  1.60483532e-02  2.25151271e-01  1.57880709e-01
  3.16408314e-02 -8.72015134e-02  2.57668458e-02 -1.06150024e-01
  1.22562528e-01  7.61979297e-02  1.82045937e-01 -1.45936474e-01
 -5.11078201e-02  2.13246942e-01 -7.57489875e-02 -1.80425003e-01
  7.80756027e-02  8.64844471e-02  1.91733316e-01 -1.32435234e-02
  1.98425815e-01  1.94942519e-01  1.74917784e-02 -2.31468514e-01
  2.51456797e-01 -2.27158487e-01 -1.19653665e-01  2.62946069e-01
  5.31553105e-02  6.18324578e-02 -1.82812825e-01  2.86317557e-01
 -2.47282445e-01 -3.92338872e-01  9.39949788e-03  4.19894559e-03
  1.20540164e-01  1.85762420e-01 -8.95784125e-02  3.10784299e-02
  1.35416597e-01  1.17694266e-01  4.33226265e-02  9.67427120e-02
 -2.40510781e-04 -9.67000350e-02  1.38025016e-01  7.62189254e-02]