http://erau.edu/ontology/meme.owl#KyotoAnimationMeme
[-0.02162988 -0.1179946   0.06003352  0.04412318  0.06884479  0.05731975
  0.05886605 -0.14160858 -0.0538252  -0.06948518  0.02289788 -0.05215506
  0.06327365  0.06485641 -0.00618885 -0.03499287  0.01293106  0.10563174
 -0.01001172  0.13515155 -0.08226217  0.09237291  0.11166988 -0.03017636
  0.06875158 -0.09588754 -0.08275069  0.01551067  0.2812836   0.07200622
  0.05560338  0.19749884  0.01278736 -0.08041332 -0.00176632  0.18230146
  0.02217381  0.01722655 -0.02928176 -0.07656448 -0.11266836  0.04117028
 -0.05364091 -0.12213632  0.11364793  0.03024748  0.11675338  0.00328498
 -0.05538844  0.02351768 -0.01520906  0.07824017 -0.08785589 -0.00597326
 -0.08165874  0.08146241  0.11552566 -0.12645315  0.11631067  0.03616973
 -0.00179815 -0.00620168  0.0358323   0.03508008 -0.15789346 -0.06297771
  0.07027812 -0.06137251 -0.06868581  0.03180115 -0.06784784  0.07841625
  0.08738358  0.09297848 -0.01531851  0.07446171  0.09428988  0.07000028
  0.11515846  0.09537416 -0.04651347 -0.07697536 -0.05535216 -0.12353607
  0.10297973 -0.10667513 -0.01090174  0.12535901  0.10932121 -0.00121404
  0.02899249 -0.13728027  0.01563034 -0.09181963 -0.07455644  0.12027731
 -0.05006781 -0.16206132 -0.05358496  0.01493476  0.06719542  0.0225594
  0.25512716 -0.04393988 -0.03316821  0.07328791  0.013067    0.07181794
  0.05718603 -0.06759899 -0.01632902  0.05114541 -0.0828556  -0.02760741
  0.08239979  0.13081406 -0.05697664  0.03677209  0.08242422  0.03743181
  0.06700372 -0.04752894 -0.02861517 -0.0463284  -0.0007653  -0.00054411
  0.07984243  0.01995083  0.03345041 -0.00967599 -0.13539046 -0.03533526
 -0.08062041 -0.11016638 -0.00590181 -0.01872064 -0.13116126 -0.00861501
  0.05145746  0.07228585 -0.16576956 -0.03262898  0.12604885  0.08238979
 -0.06087141 -0.16135707  0.02068627 -0.04405577 -0.0478114   0.07287347
 -0.05464566 -0.13066031 -0.07620856 -0.02602667 -0.00452321 -0.0375862
 -0.0859713   0.05925173  0.08822923 -0.04590572  0.07696668 -0.07398358
  0.00281171 -0.03341858 -0.14970765 -0.00409693  0.13179857  0.13433796
 -0.22155792  0.0916655  -0.04233459  0.11061529  0.2081426   0.03178504
 -0.07012326  0.02471459 -0.01275302 -0.05315135  0.10064057 -0.0141555
  0.0073382   0.04835179  0.08703507  0.02597678 -0.12465871 -0.02793218
 -0.02081865  0.03602063  0.15838745 -0.08818346 -0.02070149  0.03308044
 -0.11224142 -0.0880518  -0.05529336 -0.08085646  0.07480815  0.16380122
 -0.1200216  -0.04381913  0.08277098  0.04220072  0.11732145  0.05287516
 -0.04749019 -0.20348689 -0.02584996 -0.07811566  0.16474232  0.02771835
  0.14326726  0.06683611  0.06650119 -0.01861613  0.00226246  0.14144897
  0.00156804 -0.09567582  0.08771722  0.11476246  0.04885397  0.19789848
 -0.00517217  0.09214185  0.01404706  0.0350818  -0.09463838 -0.1086543
 -0.09989217 -0.02264365  0.00501957  0.0438753  -0.03500405 -0.14389205
  0.05032111  0.00061491 -0.05959608 -0.12282816  0.05348026  0.03727169
  0.01460324  0.01506027  0.04168117 -0.01071936 -0.19563179 -0.01740352
 -0.09092416 -0.02682134 -0.05433709  0.03709224  0.06157691 -0.00457574
  0.10028897  0.03131023  0.17590666 -0.0180874  -0.14606744 -0.05254862
  0.01752517 -0.01570997 -0.03262689 -0.0714108  -0.05584602 -0.14896062
 -0.01705762 -0.19668493  0.08478659  0.07958047  0.07304623 -0.07465418
 -0.04568851 -0.04654197 -0.07201698 -0.05222398  0.03836637 -0.04709616
  0.03219685 -0.00886875 -0.06449863 -0.10050528  0.03393081  0.03079985
 -0.04533773 -0.12369585 -0.0459869  -0.07296631 -0.1907881   0.09727769
  0.02133586 -0.06214487  0.03881376 -0.11840421 -0.06502019  0.04240998
  0.05399108 -0.01641895  0.1057739  -0.00169374 -0.06273001 -0.08620914
 -0.14935155  0.03634931  0.03379149  0.02196627 -0.03281061 -0.00485174
  0.13096917  0.00915905 -0.12097491 -0.05542023  0.16412652 -0.21469688
 -0.09225791  0.03872078 -0.0923375  -0.0061428  -0.0219535  -0.04727126
  0.05740892 -0.00604912  0.07540187 -0.05385542  0.04403239  0.16847046
  0.01626559  0.03047793 -0.16333032  0.09925134  0.0969708  -0.05137477
  0.05778816 -0.02015839  0.04508848 -0.06674039  0.05627694 -0.2731218
  0.14351061  0.09726256  0.01896953  0.02807089  0.08104605  0.02886814
 -0.04605316  0.05463031 -0.07543904  0.04311175 -0.03112947  0.05889115
  0.05167355 -0.1502928   0.00307341  0.05970225 -0.04417896  0.12047293
 -0.12205567  0.03686461  0.13349877 -0.04155442  0.1387623  -0.12094722
 -0.01858914  0.16087241 -0.03109759 -0.13558601  0.11738577 -0.08940694
  0.01204789  0.01215806  0.00975918 -0.0195818  -0.04475447 -0.05490156
 -0.2368515   0.01307258  0.06584428  0.07048675  0.00506554 -0.00412234
 -0.1072857  -0.01249325  0.09670901  0.17415884 -0.10183474 -0.06200902
 -0.0174197  -0.05065522 -0.06370839  0.09594283 -0.07716584 -0.01742953
  0.07664409  0.10272683 -0.01998165  0.10551256  0.0148485  -0.11197668
  0.03883605 -0.03654188  0.17933291 -0.03019705 -0.03064625 -0.07437891
  0.08207459 -0.06744289 -0.07075705  0.03988505 -0.02519157  0.08748726
  0.08590505 -0.04365451  0.20101902 -0.04557382 -0.14562297 -0.1003108
 -0.12165735  0.12218492 -0.05048404 -0.02664014 -0.05284662  0.03078697
  0.13419089  0.05871817 -0.13023621 -0.0701443   0.03930463 -0.07633004
 -0.07642913  0.1169259   0.09114825 -0.05558174  0.09798829  0.22230063
  0.00578178 -0.08979563  0.19847977  0.27087376  0.08668762 -0.26000762
 -0.046215    0.14428498  0.15312715  0.13517202 -0.10294133  0.2314481
 -0.20641218 -0.09351524 -0.2561269  -0.0348409  -0.17203392  0.01115683
  0.0461002   0.09896767  0.26872104  0.00202726  0.16727495  0.01755636
  0.06342651  0.02463181 -0.0576852  -0.04670721  0.11378731  0.06172611
  0.10778852 -0.03718028  0.08664761  0.02347787 -0.01953583 -0.1842627
 -0.03774279  0.09000236  0.10862138  0.0241513   0.0912948   0.12443704
  0.05658112 -0.21635224  0.15258482 -0.14001922 -0.06767801  0.11273707
 -0.02724083  0.03357738 -0.04781432  0.14956877 -0.1478376  -0.20988514
  0.03224832 -0.01234404  0.11753741  0.01370705 -0.09539704  0.03227892
 -0.00342062  0.04966018  0.06094021  0.05726104  0.0587916  -0.15775901
  0.11765437  0.05799389]