http://erau.edu/ontology/meme.owl#TuttingMeme
[-1.94540605e-01 -1.73805356e-01  8.23841393e-02 -7.32427230e-03
  3.47484834e-02  7.95521960e-02  2.73745209e-01  1.34987369e-01
 -1.71267602e-04 -7.45002627e-02  1.54768184e-01 -8.00978020e-02
 -8.05763230e-02 -7.06214905e-02 -1.39975011e-01  8.35493207e-02
  1.78680211e-01  1.68238029e-01  3.92818972e-02  1.68118015e-01
 -2.96515793e-01  4.57293987e-02  1.51664943e-01 -1.55488685e-01
  1.39179721e-01 -7.49985948e-02  5.67736663e-02 -1.99662298e-01
  3.39703709e-01  1.26511142e-01  9.76507217e-02  6.29079416e-02
  7.46416152e-02 -1.14535958e-01 -9.68622714e-02  1.94806218e-01
 -1.03865758e-01  1.75387487e-01 -5.22292815e-02 -2.45840222e-01
 -2.92072706e-02  2.16687307e-01 -2.46039093e-01 -1.21328034e-01
 -5.33480942e-03  7.72620663e-02  7.08974479e-03  3.39424461e-02
  6.10733218e-02  6.45995736e-02  9.41065252e-02 -2.70239078e-02
 -1.30650580e-01 -1.08609363e-01 -7.47642145e-02 -1.91923766e-03
  1.09747358e-01 -1.15448266e-01  1.57073691e-01  1.50507897e-01
 -8.26003924e-02 -9.87094641e-02  1.34402737e-01  4.38342057e-02
 -2.51040518e-01 -7.65379667e-02  1.15965796e-03 -1.56395976e-02
 -5.17067462e-02 -1.35132879e-01 -6.35608360e-02  2.06966519e-01
  2.30328962e-01  8.86293501e-02  4.43859361e-02  1.78332180e-01
 -4.38922755e-02  1.36135384e-01  1.79512873e-01  1.37116686e-01
 -7.87753910e-02 -1.24002472e-01 -4.81287688e-02 -2.99436122e-01
  1.65104344e-02 -1.77716941e-01 -1.07345060e-01  1.21252537e-01
  1.29612014e-01 -2.81358138e-02 -5.29347323e-02 -3.26550752e-01
  2.09277257e-01 -4.44260240e-02 -1.04530051e-01  2.10183114e-03
 -6.27974570e-02  6.28485605e-02 -5.20082191e-02 -1.42208219e-01
  7.90618286e-02 -9.27742124e-02  4.13133889e-01 -8.80741701e-02
  9.70929340e-02  5.37104085e-02  1.96487099e-01  1.70986131e-02
  9.89323854e-02  7.55168125e-03  4.31833602e-02  6.58665076e-02
 -2.13411629e-01 -1.84449926e-01  1.25994578e-01  5.37518896e-02
 -3.86752367e-01 -2.09691688e-01 -4.38096322e-04  1.64810970e-01
 -1.23776738e-02 -1.79464333e-02 -7.40086287e-02  4.08867039e-02
  2.40458660e-02 -1.49480864e-01  6.86176792e-02  5.00855818e-02
  3.58164832e-02 -7.24109542e-03 -1.77218884e-01 -9.32688341e-02
  3.33944932e-02 -9.57216695e-03 -2.70818304e-02  1.25032067e-01
 -2.28757467e-02 -8.44413191e-02 -1.69738516e-01 -1.02026369e-02
 -3.23494285e-01  5.24742641e-02  8.04104358e-02  1.93301320e-01
  1.68887571e-01 -1.47947326e-01  1.23837531e-01 -2.05070004e-01
 -2.08515003e-02  2.12442204e-01 -2.20894348e-02 -8.03326443e-02
 -6.18841499e-02 -8.16901550e-02  2.61363061e-03  8.47641230e-02
 -2.39158809e-01  1.35876730e-01  4.43387739e-02 -2.15559483e-01
  7.66371340e-02 -2.14541122e-01 -5.05859219e-02 -5.53648062e-02
 -2.20495880e-01 -3.12211961e-01 -1.38300538e-01  1.58562586e-01
 -2.91871339e-01  1.87681511e-01  3.70985270e-02  2.98034877e-01
  2.12224841e-01  1.63787723e-01 -1.13201318e-02 -1.33462921e-01
 -6.87635690e-02 -3.49548198e-02  1.11712411e-01  6.71279579e-02
 -1.23151824e-01  1.45217806e-01  6.99549615e-02 -5.35600819e-02
 -6.96892217e-02  1.64074879e-02  9.03984830e-02  1.06946379e-01
  1.80576339e-01 -4.43433560e-02 -3.83525863e-02 -4.17046174e-02
 -2.13032201e-01 -9.75925475e-02 -3.89573462e-02  5.66456541e-02
  5.76528758e-02  1.21205658e-01 -9.25103426e-02 -4.05911990e-02
 -3.47805060e-02  5.36168069e-02  1.66745961e-01 -1.00756429e-01
 -3.31382267e-02 -1.90678596e-01  5.79110011e-02  1.94064286e-02
  5.90722822e-02  1.64523020e-01  2.27270082e-01  7.79519826e-02
  3.19782346e-02 -1.16812460e-01  9.59807038e-02  6.36606012e-03
 -1.63638979e-01 -8.42084661e-02  1.53036639e-01  1.02102108e-01
  2.62666345e-01  1.11355327e-01 -1.05491303e-01 -2.64928117e-02
 -5.19448146e-02 -5.16464040e-02 -1.67740330e-01 -1.02304868e-01
  1.24240696e-01  5.56007773e-03  1.06178805e-01  3.26525979e-02
  2.36007813e-02 -8.06777924e-02  1.46633923e-01  1.30398899e-01
 -9.23144519e-02 -5.25300130e-02  7.87234306e-02  5.74058434e-03
  6.43071458e-02 -3.25538660e-03 -5.61832543e-03  3.92379090e-02
 -1.19201429e-01 -3.37901674e-02 -2.14846179e-01 -1.61056712e-01
 -9.60085019e-02 -6.87262369e-03  7.33777434e-02  1.60401333e-02
  2.05789506e-01  5.01124784e-02  8.05530846e-02 -7.84692615e-02
  1.10276975e-02 -8.92760381e-02 -1.39503786e-03 -1.09154858e-01
 -3.87021489e-02 -1.70679241e-01 -5.09133097e-03 -1.00768030e-01
 -4.71631028e-02 -1.38981521e-01 -2.27337796e-02 -2.36796751e-03
  1.08330391e-01  5.57766035e-02  3.66897285e-02  6.43763840e-02
  4.04933318e-02  3.43295597e-02  2.30873525e-01 -4.69713956e-02
  8.79903510e-02 -1.50270075e-01 -1.61171898e-01  2.91476063e-02
  2.06087410e-01  6.18547499e-02 -6.41521811e-02 -1.77787364e-01
 -1.45319104e-01 -3.57326791e-02  7.80938789e-02 -5.13252914e-02
 -4.98461016e-02  1.25135193e-02  1.08162247e-01 -4.38875929e-02
 -4.50496897e-02 -1.66503996e-01  1.53149944e-02  2.10785866e-02
  9.70128849e-02 -1.57857295e-02  3.95503528e-02 -1.69816881e-01
 -3.35755162e-02  2.55960375e-02 -2.50458457e-02  3.56135592e-02
 -2.08817646e-02 -7.54199997e-02  1.55167818e-01 -1.05199501e-01
 -5.63823469e-02  4.88196164e-02  7.20187351e-02 -1.65080264e-01
  6.84448779e-02  1.25419386e-02 -2.89604142e-02  1.98941361e-02
  1.70302042e-03 -5.63566089e-02  1.04701102e-01 -9.62433126e-03
 -2.15747077e-02 -1.74747393e-01  8.17215815e-02  1.32750660e-01
 -7.44971447e-03  8.34351555e-02 -5.15443273e-02 -5.56388386e-02
  1.57294452e-01 -6.13648556e-02 -4.57323827e-02  7.07748905e-02
 -1.47696817e-02 -2.66772285e-02 -1.44104213e-01 -2.08540797e-01
  2.27604881e-02  1.29141212e-01 -4.92817648e-02 -3.56257670e-02
  6.95826858e-02  9.21747684e-02  2.41995677e-02  5.09337336e-02
  2.64327973e-03  3.04310024e-02 -2.69023739e-02  1.57217294e-01
 -1.15612196e-02 -1.87105462e-01 -6.59954622e-02  1.61237735e-02
 -1.22782648e-01  7.89879411e-02 -2.65238225e-01  2.21243147e-02
 -9.59065259e-02 -5.42942658e-02  1.79164305e-01  7.49007687e-02
 -8.53184760e-02  6.14113621e-02  2.71872361e-03  8.63379985e-03
  5.46479598e-02 -2.58349888e-02 -3.49491648e-03  1.92546174e-01
 -5.21273762e-02  2.91102342e-02 -2.15171129e-02  4.05612662e-02
 -6.93513304e-02 -2.71496195e-02 -3.91150862e-02 -4.15352508e-02
 -1.05490945e-01  3.01252380e-02 -1.40490765e-02  1.29819792e-02
 -8.30915663e-03  1.32134721e-01 -6.65686354e-02  1.70725770e-02
  1.21156096e-01 -8.66400450e-02 -2.26964965e-01  2.30162725e-01
 -1.22399434e-01 -1.12569623e-01  2.78903134e-02  1.59602612e-01
 -9.35211405e-02  2.75823087e-01 -4.62332070e-02 -3.03974748e-01
  2.52176933e-02  3.13232727e-02  2.66491055e-01  5.67404553e-03
  1.41538978e-02 -1.64370120e-01  6.33299723e-02 -1.79579169e-01
 -9.97961238e-02 -1.60332341e-02 -5.96639551e-02  3.85670662e-01
  1.54887587e-01  1.13964595e-01  7.87466094e-02 -1.60336211e-01
 -1.79440200e-01 -4.15295064e-02 -8.48416146e-03 -2.60002054e-02
  1.50351189e-02  2.96302768e-03  5.36165573e-02  1.21117465e-01
  8.66275579e-02  6.26066700e-02 -1.41729534e-01  9.07315686e-02
 -4.90153953e-02 -1.33356199e-01 -1.67562477e-02  1.47034032e-02
  8.22982565e-02 -1.20911509e-01  5.18629141e-02  2.06312075e-01
  7.07807615e-02 -1.44188762e-01  1.12701714e-01  3.82244661e-02
  4.13197465e-02 -1.98202148e-01 -8.70224647e-03  4.62326072e-02
  1.66978687e-02  1.87969014e-01 -1.04858018e-01  2.27679551e-01
 -2.33331740e-01 -4.56070043e-02 -7.29554147e-02 -4.94125448e-02
  2.74963677e-02  8.22580978e-03  4.35330579e-03  4.30718809e-03
  9.14609283e-02 -4.63758036e-02  1.90128520e-01  8.12531486e-02
  3.18321846e-02  3.54946740e-02  5.75375892e-02  5.02108298e-02
  1.85939968e-01  1.28729597e-01  1.17632754e-01 -1.30056933e-01
 -1.61394514e-02  1.61011219e-01 -3.53689119e-02 -1.43128589e-01
 -1.30086109e-01 -1.02226678e-02  2.74622947e-01 -4.20460850e-02
  2.84461468e-01  8.36324096e-02 -5.86769879e-02 -4.57310118e-02
  2.67789420e-02 -3.20218086e-01 -2.54745428e-02  1.22765072e-01
  7.69186988e-02  7.24034831e-02 -1.03318565e-01  3.70723218e-01
 -1.04971461e-01 -1.95934802e-01  5.71738482e-02 -3.78972962e-02
  1.69034570e-01  1.12064317e-01 -2.11161114e-02  3.73887531e-02
  7.32689276e-02  9.95701179e-02  1.54822126e-01 -2.69910749e-02
  6.42235391e-03 -5.02666794e-02  9.60870087e-03  2.62156039e-01]