http://erau.edu/ontology/meme.owl#YouKeepUsingThatWordIDoNotThinkItMeansWhatYouThinkItMeansMeme
[-1.37830466e-01 -1.34283379e-01  7.58641437e-02 -6.68293685e-02
  6.02979697e-02  9.64205060e-03  9.72233787e-02 -2.32169498e-02
  1.05234675e-01 -1.87860690e-02  1.18554980e-01 -2.55218167e-02
  2.32365504e-02 -1.15693808e-02 -3.33482996e-02  9.84977558e-02
  1.43415034e-01  7.11492002e-02 -3.81546468e-02  2.85834149e-02
 -1.16459131e-01  1.25543326e-01  9.93405581e-02 -1.15204901e-01
  2.02229872e-01 -7.44061498e-03  8.62241909e-02 -1.58757553e-01
  9.75512341e-02  1.24960810e-01 -1.20471073e-02 -5.31035215e-02
 -3.04186866e-02 -1.35810077e-01 -1.15933672e-01  1.98593974e-01
 -7.57016689e-02  5.61807957e-03 -9.18306634e-02 -8.69691297e-02
  3.70899402e-02  2.67490298e-01 -2.04016045e-01 -7.49283880e-02
  9.84537452e-02  1.99513376e-01 -2.13323571e-02 -1.25939935e-01
  7.60631636e-02 -2.94814799e-02  8.84152800e-02  5.20437099e-02
 -7.80690834e-02 -8.75717625e-02 -7.75444657e-02  6.91170618e-03
  4.75279763e-02 -8.87119025e-02  1.35187984e-01  1.39139786e-01
  5.96342050e-02 -7.10560381e-02  2.02270761e-01  1.17731713e-01
 -8.76962692e-02 -9.84172672e-02 -8.58553723e-02 -9.49738920e-02
 -6.47886321e-02 -1.57016814e-01 -1.51586711e-01  1.08296841e-01
  1.86926499e-01  1.50870204e-01 -2.40148362e-02  2.17248216e-01
 -1.09813489e-01  8.17141384e-02  1.57454878e-01  1.52965307e-01
 -1.31901577e-02 -7.04924017e-02 -9.40412953e-02 -1.65022910e-01
 -1.26088709e-02 -5.72413690e-02 -1.77233741e-02  1.06764054e-02
  1.68897435e-01  3.23817506e-03 -5.23593742e-03 -2.30771422e-01
  2.42304236e-01 -1.54941836e-02 -1.28836066e-01  1.21621639e-01
  5.75070567e-02  1.44000398e-03 -1.42454043e-01 -5.30844554e-02
  1.13110438e-01 -1.11535918e-02  3.29881549e-01 -8.68518203e-02
  1.76310018e-02  2.52006277e-02  1.56041116e-01  6.08673729e-02
 -4.46163602e-02 -1.07207566e-01  9.56326444e-03 -1.05743101e-02
 -6.08725362e-02 -9.87577438e-02  7.82438144e-02  8.96419212e-02
 -3.07080537e-01 -1.37128904e-01 -6.63171662e-03  3.13235931e-02
 -8.39885175e-02  9.11718584e-04  1.90420449e-02  1.31482899e-01
  1.00609668e-01 -9.09485668e-02 -7.58817270e-02 -1.48079712e-02
 -4.36201952e-02 -5.70280440e-02 -1.42294094e-01  9.65290423e-03
 -2.58527528e-02 -7.28646070e-02 -1.57471746e-02  8.54521915e-02
 -1.70107745e-02 -3.92004699e-02 -1.85820580e-01 -5.09274006e-02
 -2.84881681e-01  5.94927296e-02  6.42064214e-02  1.25566885e-01
  1.91834420e-01 -1.26727447e-01  8.53721343e-04 -1.50262505e-01
 -7.37705901e-02  1.18056335e-01 -2.58888435e-02 -1.07106514e-01
 -2.28935238e-02 -4.67196666e-02 -1.26659602e-01  2.79029515e-02
 -2.24550322e-01  7.26831183e-02  6.16008118e-02 -1.26204416e-01
  2.45204307e-02 -2.38211259e-01 -7.40598366e-02 -3.56082357e-02
 -1.20052792e-01 -2.33027071e-01 -7.83409402e-02  1.01842128e-01
 -1.50863439e-01  2.67333649e-02  4.49526450e-03  1.85912862e-01
  1.84346184e-01  7.86229298e-02 -3.84528190e-02  4.11823625e-04
 -2.62487661e-02 -5.13728559e-02  1.49516016e-01 -3.64093110e-02
 -9.28523540e-02  2.13965133e-01  5.34494370e-02 -1.49557246e-02
 -5.43619320e-02 -8.28073919e-02  1.33079663e-01  1.11908481e-01
  1.57768309e-01 -4.01904173e-02  7.50459507e-02 -4.80186976e-02
 -1.65318951e-01 -4.71262857e-02 -2.75099208e-03 -7.57355914e-02
 -1.15953740e-02  1.46766648e-01 -8.37852284e-02  3.72899994e-02
 -1.48491627e-02 -3.62655260e-02  3.76455449e-02 -1.36743948e-01
 -4.74894568e-02 -1.90277264e-01 -8.43826681e-03 -7.82900676e-02
  1.15969673e-01  6.88190386e-02  1.30543485e-01  2.55127605e-02
 -1.17875643e-01 -8.52289870e-02  1.36650100e-01 -6.91774860e-02
 -1.07703641e-01 -1.53528169e-01  1.70621589e-01  5.78595512e-02
  1.31692290e-01  1.83986858e-01 -1.50069013e-01 -4.32509137e-03
 -1.04448564e-01 -2.01196242e-02 -2.18687996e-01  2.75091082e-02
  7.58212879e-02 -5.61664477e-02  6.18999153e-02 -3.82594205e-02
 -5.63501455e-02 -1.16127677e-01  1.65447425e-02  3.41683440e-02
 -1.17082775e-01 -5.04576564e-02 -1.13805607e-02 -5.17886952e-02
  1.02493443e-01 -1.10749505e-01 -2.41003763e-02  3.94403525e-02
 -1.26615629e-01 -3.33039947e-02 -2.11389184e-01 -9.27936658e-02
 -1.45315275e-01  1.11409277e-01  9.34188813e-02 -3.28150354e-02
  1.43638134e-01  1.08878314e-01  1.79018840e-01 -9.01940092e-02
 -4.36121039e-03  1.84016488e-02 -2.55032890e-02  1.42479554e-01
 -1.20788984e-01 -3.62743512e-02 -2.64198687e-02 -6.74990490e-02
 -6.97668418e-02 -1.67235196e-01  5.62559515e-02  8.30641538e-02
  1.30671993e-01 -5.09088524e-02  1.79903805e-02  8.59814696e-03
 -7.15637356e-02  4.32716832e-02  2.27649417e-02 -6.12401925e-02
  1.29245013e-01 -6.60405755e-02  1.20430673e-02  8.98348913e-02
  1.60580769e-01 -4.44183359e-03 -1.72044262e-02 -2.15756550e-01
 -8.14717337e-02 -9.04601440e-03 -4.19394597e-02 -6.02711216e-02
 -5.19193523e-03  2.23868564e-02  1.30817015e-02 -3.27738374e-02
  1.10024795e-01 -1.18571237e-01  9.11597069e-03  6.74459338e-02
  9.91327241e-02 -5.41613176e-02 -5.90704530e-02 -2.07165688e-01
 -8.91756490e-02  9.02651064e-03 -6.04732186e-02  2.64997855e-02
  1.31197851e-02 -5.74984737e-02  1.18607856e-01 -4.24885042e-02
  5.18769883e-02  5.36542684e-02 -1.69553049e-02 -2.24004745e-01
 -7.53466189e-02  8.10207799e-02  1.42104924e-02  7.95101598e-02
 -6.45885170e-02  3.01588997e-02 -1.10367080e-02 -8.29674378e-02
 -1.67807322e-02 -7.58880377e-02  2.15978831e-01  6.83051944e-02
 -6.74856156e-02  3.03864069e-02 -1.02096573e-01 -6.25124872e-02
  1.25418842e-01 -5.27183712e-02  9.22465548e-02  1.46405265e-01
  1.09093459e-02 -4.54189926e-02 -1.36426702e-01 -1.35174885e-01
  9.29742008e-02  1.07079521e-01 -1.16008006e-01  8.69131461e-02
 -6.31136000e-02  5.58766499e-02  6.19166344e-02  5.27717210e-02
 -4.31581140e-02 -8.94376114e-02 -1.98145211e-02  1.35344774e-01
 -2.04266235e-02 -1.57279760e-01 -5.57385162e-02  1.08881973e-01
 -1.22981064e-01  1.60290692e-02 -1.93608731e-01  5.59629500e-02
  9.72600430e-02 -1.12707932e-02  1.39375851e-01 -1.29815182e-02
 -6.90426901e-02  9.27018933e-03  1.83477290e-02  3.62489410e-02
  1.36932498e-02 -1.44110531e-01 -5.56993075e-02  1.67367354e-01
 -1.05795763e-01  3.92682999e-02  3.18686441e-02  1.21887743e-01
 -2.25271553e-01 -8.12610090e-02 -4.02241386e-03 -1.33778289e-01
 -1.25263676e-01  5.97546808e-02 -1.64808948e-02 -6.07622694e-03
  7.13311881e-03  1.31292596e-01  1.55673893e-02  2.68360823e-02
  9.77045447e-02 -1.27077833e-01 -8.81379098e-02  1.91343129e-01
 -1.12464711e-01 -1.02884792e-01 -8.33560079e-02  8.90141129e-02
  4.60865460e-02  5.22308722e-02 -4.86773178e-02 -1.81866944e-01
  2.87802797e-02  4.93860245e-02  1.43337801e-01  2.42226142e-02
  4.81483862e-02 -8.51900200e-04  3.62865068e-02 -1.33333713e-01
 -8.59655589e-02  1.20010488e-01 -7.89994672e-02  1.06353007e-01
  1.43414155e-01  1.05023481e-01 -5.95604628e-03 -1.41381472e-01
 -1.06820017e-01 -1.14169806e-01  2.54185405e-02 -5.42897470e-02
  3.57435942e-02 -1.02374017e-01  1.80354975e-02  1.31652609e-01
 -1.35916314e-04 -1.14201158e-01  5.80511577e-02  4.94751893e-02
 -2.08027244e-01 -1.32685527e-01 -2.87420135e-02  6.08829707e-02
  7.74075836e-02 -7.27930069e-02  1.69050232e-01  3.30063105e-01
  4.97420616e-02 -1.50909573e-01  1.77111730e-01  1.19116008e-01
  1.06916972e-01 -8.10156111e-03  1.40287668e-01  1.91157199e-02
  7.55234733e-02  1.79542303e-01 -9.21915919e-02  2.49492303e-01
 -3.07485253e-01 -6.56563044e-02 -1.45532653e-01 -1.24015711e-01
 -1.09326474e-01  9.81248915e-02  4.66754474e-02  6.70061484e-02
  1.53824598e-01 -6.66545630e-02  1.92222998e-01  8.13203156e-02
  5.75457662e-02  4.08012234e-02 -2.66505661e-03  9.43650212e-03
  2.33926341e-01  1.21255741e-01  1.98831633e-01 -1.74390435e-01
 -1.14953287e-01  7.08756670e-02 -4.37675603e-03 -9.02495012e-02
 -3.12509388e-02  1.32221818e-01  2.17046604e-01  3.77567075e-02
  2.63954729e-01  7.64370635e-02  5.28335162e-02 -1.44608349e-01
  2.72639394e-02 -9.72203091e-02  1.42304599e-02  4.72818837e-02
  3.90561149e-02 -9.05684158e-02 -1.60034657e-01  3.10951233e-01
 -2.76645035e-01 -1.67568281e-01  4.99653257e-02 -5.33835702e-02
 -2.16476806e-02  9.95703712e-02 -6.80551007e-02 -1.46918809e-02
  3.35323550e-02  1.39777780e-01  8.16286355e-02  1.03332125e-01
 -8.67381617e-02  2.85044927e-02  8.86365697e-02  2.04950362e-01]