http://erau.edu/ontology/meme.owl#YouSirareandIdiotMeme
[-4.06525321e-02 -1.83547661e-01  5.64943217e-02 -7.27045238e-02
 -2.63928976e-02  4.24241759e-02  1.27754822e-01  3.78430411e-02
 -3.04598063e-02 -7.41535053e-02  1.44145936e-01 -3.52036245e-02
  8.31974670e-02 -4.07965519e-02 -7.99332410e-02 -9.64505656e-04
 -6.43280521e-02  1.74345866e-01 -2.30539031e-03  3.95464003e-02
 -3.91209535e-02  6.50882870e-02  4.07841541e-02 -3.41704264e-02
  1.26414940e-01  9.28146914e-02  1.09918788e-01 -1.27037406e-01
  1.98701769e-01  2.76481267e-02 -2.12877542e-02  7.36180395e-02
  2.82882620e-02 -7.42443949e-02 -4.67383787e-02  2.14084178e-01
 -6.18780777e-02  4.18139659e-02 -7.11732432e-02 -2.52685517e-01
  4.88230512e-02  1.79515690e-01 -8.57696161e-02 -6.02485761e-02
  1.20892942e-01  4.20263410e-02  1.21325761e-01 -2.21497566e-02
 -5.35112917e-02  7.46240467e-02  7.22427368e-02 -3.42032388e-02
 -7.40922689e-02 -8.07584301e-02 -8.65664035e-02 -8.80408585e-02
  5.53184301e-02 -2.11551413e-01  2.71327179e-02  8.60765576e-02
 -9.05278325e-02 -1.16159692e-01  1.55649006e-01  2.14782562e-02
 -2.54642397e-01 -2.02062771e-01 -5.26101030e-02 -4.66039963e-02
 -3.92242819e-02 -1.96909815e-01 -2.40481868e-02  6.46342039e-02
  5.82037680e-02  6.39170632e-02  3.55074950e-03  1.57623902e-01
 -1.39331937e-01  5.41278459e-02  2.39256442e-01  1.21611618e-01
 -5.71669452e-02 -1.01356588e-01 -9.40360427e-02 -1.86714515e-01
  1.49114907e-01 -6.56097010e-02  3.00405528e-02  9.87190604e-02
  1.17012434e-01 -5.78018278e-03 -1.08917601e-01 -3.11101854e-01
  1.60949677e-01 -8.02515224e-02 -1.87820852e-01  7.27201402e-02
  7.32794702e-02  5.97747974e-02  3.69955562e-02  2.57785600e-02
  1.28952280e-01  1.18451811e-01  3.20377141e-01 -6.56487197e-02
  4.65869233e-02 -5.10265306e-03  1.97932884e-01 -6.71810517e-03
 -1.81730487e-03 -1.59774944e-01 -4.54346612e-02  9.14971009e-02
 -8.62585977e-02 -8.07642415e-02  9.14310515e-02  1.30386323e-01
 -2.23568901e-01 -2.06033304e-01  8.72292891e-02 -2.54382212e-02
 -2.49768440e-02 -9.43779424e-02 -3.65507975e-03  3.76535729e-02
  4.80575836e-04 -5.53653762e-02 -3.90156507e-02 -6.74699992e-02
 -1.35929817e-02 -7.93283880e-02 -2.23757923e-01 -6.46151677e-02
 -3.56404558e-02 -1.00839071e-01 -2.62651313e-02 -1.16226915e-03
 -1.25013873e-01 -6.43022135e-02 -1.61559936e-02  1.68074039e-04
 -2.59952426e-01 -6.53260155e-03  2.42085848e-02  9.56264362e-02
  1.14786059e-01 -8.81795362e-02  1.02479290e-02 -1.32479668e-01
  2.12804284e-02  1.89607382e-01  3.42342816e-03 -1.01024546e-01
  2.89249793e-02 -1.14230290e-01 -8.33922327e-02 -3.12314928e-02
 -2.08045214e-01  1.68060228e-01  1.05762683e-01 -5.62762022e-02
  6.64328635e-02 -1.43130988e-01 -3.93130966e-02 -1.75250918e-02
 -1.99499071e-01 -1.88490018e-01 -8.40262100e-02  1.32440165e-01
 -2.59158313e-01  9.43324789e-02  1.28469560e-02  1.86955944e-01
  3.29449922e-01  1.90880924e-01 -3.79537120e-02 -1.02399036e-01
 -6.37813061e-02  2.08891206e-03  2.10020557e-01 -1.44174948e-01
 -1.62317365e-01  4.81498986e-02  1.72395155e-01 -2.04708893e-02
 -1.24715656e-01 -2.19472107e-02  9.98267438e-03  8.13497677e-02
  1.87733278e-01 -7.59724975e-02  6.14063889e-02  1.52177701e-04
 -1.27069920e-01  3.02861240e-02 -9.25392732e-02  3.98731697e-03
  3.36553119e-02  1.34562179e-01 -8.95499140e-02  2.80979108e-02
  5.75959869e-02  1.83276215e-03  1.11571111e-01 -5.89585006e-02
 -6.15855530e-02 -6.46510944e-02  4.73161377e-02 -1.00934163e-01
  1.10398285e-01  7.51225417e-03  1.22439824e-01  9.05106887e-02
  7.37146847e-03 -8.12773108e-02  1.31215811e-01 -5.86194210e-02
 -7.31431693e-02 -1.13305762e-01  4.55068015e-02  8.95066485e-02
  2.29158193e-01  1.94612548e-01 -1.12097390e-01  5.03909849e-02
 -7.85104409e-02 -1.08685717e-01 -1.37480378e-01 -2.33469252e-03
 -3.01395543e-02  2.86816573e-03 -1.78862233e-02 -7.19656944e-02
 -1.28328934e-01 -9.02857333e-02  1.61089879e-02  5.17851822e-02
 -2.04403922e-02 -1.74094215e-02  9.18490589e-02 -1.25426561e-01
  1.55543182e-02  1.39763933e-02  1.91415530e-02  2.41782237e-02
 -2.09658965e-01 -4.10518125e-02 -1.54025808e-01  4.25793566e-02
 -1.06002882e-01  1.35388836e-01  1.11487038e-01  1.09706987e-02
  1.07491016e-01  6.75921934e-03  2.46827185e-01 -1.81913078e-02
  1.94735322e-02  6.35795146e-02 -1.02930762e-01  1.53356239e-01
 -1.40699908e-01 -8.95102024e-02 -3.28505561e-02 -5.39900176e-02
 -6.88363910e-02 -1.53235957e-01  1.64733559e-01  4.11954895e-03
  1.25160083e-01 -2.20524147e-02 -5.77946641e-02 -1.17279217e-01
 -9.85183492e-02  8.34453851e-02  1.91109717e-01 -1.52860075e-01
  1.27160430e-01  1.60846231e-03 -6.24297038e-02 -4.26823692e-03
  1.10647932e-01 -2.31493898e-02 -1.14602305e-01 -1.45300955e-01
 -5.31190820e-02  7.56315291e-02 -1.67958677e-01 -7.44040534e-02
 -6.47076517e-02 -4.07796353e-02  8.03311095e-02 -1.37682641e-02
  1.08284138e-01 -1.46461949e-01  5.81947714e-02 -1.20501895e-03
  1.88122690e-01 -1.90616380e-02 -1.59712180e-01 -2.28603289e-01
 -2.16888815e-01 -4.49113846e-02 -1.80765260e-02  8.83419663e-02
 -5.04425019e-02 -2.14302018e-02  2.79266834e-01 -9.74608213e-02
  5.20289242e-02  3.39366272e-02  1.31082833e-01 -2.30674222e-01
  5.55457082e-03 -5.47657236e-02 -7.15186298e-02  4.96498421e-02
  4.70159911e-02  1.81260891e-02  3.98494303e-02 -5.53305931e-02
  5.61421290e-02 -1.86382338e-01  2.03703567e-01  1.36574283e-01
 -6.39828667e-02  1.07112586e-01 -2.09331572e-01 -5.95002919e-02
  2.13168710e-01 -6.42868429e-02 -9.39543173e-03  1.09708704e-01
  1.30014271e-01 -1.14934020e-01  8.92089456e-02 -2.43308067e-01
  1.33636743e-01  1.68223917e-01  3.95081658e-03  5.83558716e-02
 -1.80060938e-02  9.24828649e-03  3.23634334e-02  1.64496005e-02
 -5.58969267e-02 -3.70980091e-02 -2.31720004e-02  1.11596778e-01
  3.42032984e-02 -1.47695392e-01 -5.29836603e-02  1.12795644e-01
 -1.98433071e-01  1.17373712e-01 -2.38555178e-01  1.41529128e-01
  7.12655410e-02  4.23233816e-03  2.70859718e-01  8.04400537e-03
 -8.55099112e-02  1.54899165e-01 -1.71115249e-02 -6.50935844e-02
  2.96029262e-02 -1.97178438e-01 -3.90388295e-02  8.98363739e-02
 -5.03965952e-02  7.51963183e-02 -4.05495577e-02  1.89412292e-02
 -2.20256388e-01 -5.59235737e-02  7.19890669e-02  1.86263081e-02
 -6.74322844e-02  9.25591495e-03 -3.14578377e-02 -1.14573851e-01
  5.47866896e-02  2.44380563e-01 -5.73945493e-02 -3.69936340e-02
  2.04267770e-01 -1.88956503e-02 -3.88245545e-02  1.53879896e-01
 -5.16097397e-02 -1.27177779e-02 -2.05108225e-01  1.27290651e-01
  2.99720038e-02  6.94090948e-02 -2.02043131e-02 -2.45270714e-01
  1.05664954e-01 -2.13774256e-02  1.19009599e-01 -3.64032015e-02
 -2.74595618e-02 -4.72526625e-02  6.44557476e-02 -4.84760627e-02
 -2.54128166e-02 -3.69410366e-02 -6.69717193e-02  7.46107921e-02
  1.51409402e-01  6.86455145e-02  2.25247428e-01 -1.76379919e-01
 -1.76151335e-01 -1.42450944e-01 -3.93693522e-02  1.92248896e-02
 -4.43005264e-02 -1.03721164e-01 -2.59434674e-02  7.22164214e-02
  6.70488626e-02 -1.22077681e-01 -1.66439265e-01  5.95023260e-02
 -2.09675115e-02 -1.56609952e-01 -1.22513942e-01  2.07696501e-02
  1.93412408e-01 -9.32824910e-02  1.08881965e-01  3.14058483e-01
  6.84041977e-02 -3.08055077e-02  2.05598548e-01  3.01932961e-01
  8.30145106e-02 -1.32996961e-01 -2.44504563e-03  1.83923855e-01
  1.20074928e-01  1.15968272e-01 -1.51342735e-01  4.43863630e-01
 -4.02227581e-01 -6.42454484e-03 -2.29069158e-01 -1.46126717e-01
 -9.16610137e-02  1.72429368e-01  3.11305299e-02  1.14515238e-01
  2.28474945e-01 -1.09167323e-01  2.44914070e-01  4.53961305e-02
  8.05129707e-02  2.87114419e-02  9.22316611e-02 -5.13581298e-02
  2.15329751e-01  1.16056785e-01  1.77764788e-01 -1.25416443e-01
  3.20951566e-02  1.88356131e-01 -4.35016155e-02 -1.73419982e-01
 -6.31831959e-02 -6.77081104e-03  1.49273813e-01 -3.08518410e-02
  1.83628991e-01  1.49718344e-01  9.80691165e-02 -2.41064861e-01
  1.22836374e-01 -2.04277933e-01  5.88840060e-02  1.78083777e-01
  4.45206836e-02  1.14385393e-02 -1.68374926e-01  3.51674378e-01
 -1.87550828e-01 -2.82047004e-01  7.76511729e-02 -8.31571445e-02
  1.02687135e-01  1.24611877e-01 -1.34049520e-01  4.82337773e-02
 -8.90620518e-04  1.54010028e-01  1.94450110e-01  2.00312175e-02
 -3.73951830e-02 -6.26197234e-02  3.93442027e-02  2.30620980e-01]