http://erau.edu/ontology/meme.owl#FoodWarsShokugekinoSomaMeme
[-8.84331763e-02 -9.54692587e-02  1.11258894e-01 -1.02340385e-01
 -3.45172696e-02  1.45998910e-01  2.21388072e-01  6.35132119e-02
  1.13406014e-02 -1.22587860e-01  6.54978864e-03 -1.02344239e-02
 -7.61246979e-02 -6.06263727e-02  6.09849244e-02  1.06459064e-02
  1.76065359e-02  9.52021033e-02 -7.81256184e-02  9.49514844e-03
 -1.34387463e-01 -1.98737774e-02  1.09325834e-01 -3.02534159e-02
 -8.36620629e-02  3.37562338e-02  4.46780212e-02 -8.55523869e-02
  1.18209422e-01 -1.33420199e-01  1.65601932e-02  2.40079742e-02
 -4.48594074e-04 -7.73517564e-02 -8.40377882e-02  1.64721668e-01
 -1.08192272e-01  1.17401108e-01 -4.89893258e-02  3.48631130e-03
  5.83769567e-03  2.46605977e-01 -2.19881788e-01 -5.23850368e-03
  2.93652453e-02  8.25000331e-02 -8.74723122e-02 -3.27303410e-02
 -1.68895088e-02  1.34860817e-02  1.05989352e-01 -1.55165810e-02
 -1.66390631e-02 -1.49510190e-01 -6.65483326e-02 -2.59641074e-02
  2.14089438e-01 -1.99558660e-01  9.39852092e-03  1.50385380e-01
 -1.33960545e-01 -4.42358777e-02  1.52126834e-01  6.83628917e-02
 -1.97189108e-01 -1.23919316e-01 -1.60174482e-02 -3.34262624e-02
 -1.37526602e-01 -1.25192210e-01 -1.81977637e-02  1.27688318e-01
  6.82752654e-02  1.48416355e-01  8.49951506e-02  7.85915405e-02
 -2.32761145e-01  3.74619737e-02  2.32439131e-01  1.27785817e-01
  2.61805300e-02  3.79419699e-02 -1.09642677e-01 -2.94739962e-01
  6.00055195e-02 -4.47419696e-02 -9.73762199e-02  1.05792200e-02
  1.57927632e-01 -7.73115922e-03 -9.99879465e-02 -2.79902488e-01
  1.76297843e-01 -8.11926126e-02 -2.50705276e-02  3.94380651e-02
 -7.06702024e-02  2.03679260e-02 -2.39545163e-02 -5.87584265e-02
  1.48809925e-01 -2.35491954e-02  4.12413985e-01 -8.96755829e-02
  7.43350759e-02 -2.03941446e-02  9.53495279e-02  1.14426784e-01
  9.00512412e-02 -9.18684676e-02  2.84478720e-02  8.95254984e-02
 -1.26273692e-01 -1.68423861e-01  8.27846453e-02  1.32117957e-01
 -3.58086675e-01 -7.69833401e-02 -2.26931274e-03  1.20678343e-01
 -1.12280630e-01 -2.23416686e-02 -1.14403270e-01  2.12718040e-01
  1.45591915e-01  3.64645980e-02 -5.89597560e-02  5.96303940e-02
  7.13715851e-02  3.51353362e-02 -2.29915470e-01 -1.41447738e-01
 -9.00621712e-03  1.72799286e-02 -3.80791500e-02  1.70891613e-01
 -1.12386420e-02  7.27860555e-02 -2.12626785e-01 -5.34429774e-03
 -2.62531340e-01  1.73239633e-01  3.79530601e-02  4.62902971e-02
  2.16050193e-01 -6.55100420e-02  1.54678551e-02 -1.58818543e-01
  2.33322773e-02  1.86997384e-01 -2.99103782e-02 -1.45180210e-01
  1.23845767e-02  1.12587248e-03 -2.36482453e-02  9.84486490e-02
 -1.74855903e-01  2.42617607e-01  1.26106087e-02 -1.77333325e-01
  9.07339305e-02 -2.26774633e-01 -1.34164378e-01  3.52048799e-02
 -2.60835052e-01 -2.92710930e-01 -5.46227619e-02  2.14885682e-01
 -2.75390148e-01  9.67989415e-02  5.94808348e-02  1.04893282e-01
  1.18088767e-01  2.05389619e-01 -3.28996219e-02 -4.79883477e-02
 -7.94710666e-02  2.66125482e-02  2.61338562e-01 -1.27020087e-02
 -4.11522314e-02  6.14279211e-02  1.48982838e-01  7.82021880e-02
 -3.09511293e-02 -7.36670792e-02  6.89473525e-02  1.57279253e-01
  2.16281191e-01  1.40697500e-02 -1.92811023e-02 -6.22575209e-02
 -1.63467094e-01  3.41009572e-02 -8.04102495e-02  1.17137684e-02
 -9.56963673e-02  2.35225875e-02 -9.63987932e-02 -6.01696745e-02
 -8.08784440e-02 -5.94352335e-02  4.58377264e-02  3.67440656e-02
 -4.38700132e-02 -2.06870064e-02  1.41821176e-01  3.72697376e-02
  9.13792569e-03 -5.24496585e-02  1.19173214e-01 -3.02449577e-02
 -3.01738884e-02  6.17117733e-02  1.16170086e-01 -3.65164354e-02
 -4.38681878e-02  4.98106405e-02  8.99880081e-02  8.30533355e-02
  1.12819344e-01  1.51435480e-01 -8.76010656e-02  9.08989310e-02
 -1.05975777e-01 -9.73883737e-03 -9.33017880e-02  1.63481629e-03
 -7.10920021e-02 -1.06396273e-01  8.79953522e-03 -5.36005124e-02
 -1.84366077e-01 -4.03804779e-02  1.07556276e-01  9.69109461e-02
 -7.27926865e-02  5.20572737e-02  1.69338092e-01 -9.94105637e-02
 -5.95734641e-02 -6.13943953e-03  3.84558775e-02 -1.16025843e-02
 -1.55315682e-01 -1.21577069e-01 -2.87066847e-01  5.38698398e-02
 -7.12939724e-02  1.13995291e-01  7.58204114e-05 -8.37928429e-02
  2.15598673e-01  6.05190806e-02  2.72754639e-01 -8.89343843e-02
 -1.45104945e-01 -5.05701527e-02  8.64967629e-02 -9.13325995e-02
 -2.71059185e-01 -1.15187183e-01 -1.39526561e-01 -1.94068894e-01
  2.74430197e-02 -2.62579262e-01 -1.17852781e-02  8.27362388e-02
  3.07943821e-02 -5.14685502e-03 -7.22723603e-02 -1.18243068e-01
 -1.07096873e-01  1.26693740e-01  1.80589169e-01 -7.63951614e-02
  1.75865993e-01 -8.21908638e-02 -6.23368882e-02  3.23002413e-02
  7.01540187e-02  1.29900619e-01 -1.37839451e-01 -6.75792769e-02
 -1.61174744e-01  5.74973896e-02 -1.26250917e-02 -9.50642526e-02
 -7.67653659e-02 -1.16043352e-01  1.35395885e-01 -5.35296928e-03
 -1.92050003e-02 -5.67097291e-02  1.53498724e-02  5.67258969e-02
  3.21512260e-02  3.52056660e-02 -1.69857040e-01 -1.15226403e-01
 -1.62246525e-01  1.94269139e-02  2.59035397e-02  1.74916863e-01
 -1.13409072e-01 -1.50839135e-01  3.38462144e-01 -2.24528816e-02
  5.01319468e-02  3.84505130e-02  1.82672799e-01 -1.93039134e-01
  5.72168492e-02 -2.05043145e-02 -1.12058721e-01  1.38215777e-02
 -4.76330370e-02 -1.91594604e-02  8.50660726e-02 -1.45878136e-01
  7.22408853e-03 -1.66653812e-01  3.24997008e-01  1.24925785e-01
 -3.57118659e-02  2.03622621e-03 -5.24626411e-02 -2.90946923e-02
  2.62546390e-01  5.51956072e-02 -5.67841567e-02  7.13627459e-03
 -8.52619950e-03  4.62333746e-02  7.76435062e-02 -1.86034754e-01
  8.83720890e-02  1.18375279e-01 -1.32377772e-02  4.72801737e-02
  3.82361636e-02  9.65726897e-02 -3.76856662e-02 -6.99405149e-02
 -1.65739581e-02 -1.09544739e-01 -1.03242330e-01  3.54522541e-02
  9.51092467e-02 -1.02234706e-01 -2.49478463e-02  3.85907628e-02
 -2.53447652e-01  1.43592671e-01 -2.66644567e-01  2.18227237e-01
  9.01882797e-02  1.04336247e-01  2.11753696e-01 -6.76127449e-02
 -1.93459824e-01  2.76315827e-02  7.19970930e-03  1.36916004e-02
  9.81844217e-02 -1.53250083e-01 -6.45530364e-03  2.44408831e-01
  1.30823720e-02 -2.55185738e-03  1.13246955e-01 -1.06187791e-01
 -6.21229336e-02  2.33485010e-02  4.53315750e-02 -3.74890380e-02
 -1.62007928e-01  5.51061966e-02 -8.42437297e-02 -7.03436881e-02
 -1.28156528e-01  2.30386585e-01 -4.68455814e-02 -1.24995284e-01
  1.12974122e-01 -8.41331854e-02 -1.23983346e-01  1.37650326e-01
  8.56678933e-02  4.82371189e-02 -1.23363491e-02  1.31209577e-02
  5.62795736e-02  1.53100431e-01 -1.08025156e-01 -2.34178826e-01
  4.80467919e-03  2.75125355e-02  1.49227545e-01  1.23865210e-01
  5.13550751e-02 -5.85253164e-03  1.16684400e-01 -9.62085351e-02
 -4.48466130e-02  5.16615529e-03 -5.26466966e-02  1.84401758e-02
  1.92613795e-01 -7.34427059e-03  1.79345384e-01 -2.90252805e-01
 -1.06885850e-01 -4.58664410e-02 -1.94198593e-01  5.35559729e-02
 -2.03090265e-01 -7.73021579e-02 -1.38715850e-02  5.23619168e-02
  9.61899757e-02 -4.89586703e-02 -1.97693229e-01  8.46210402e-03
 -9.49658453e-03 -7.25684762e-02 -2.91383378e-02 -1.24792926e-01
  1.62748825e-02 -3.22792195e-02  1.02476336e-01  1.69841304e-01
  1.18855715e-01 -4.91997488e-02  2.29062870e-01  1.81052864e-01
  8.86545032e-02 -1.28260806e-01  2.33961847e-02  1.91581711e-01
  1.75640374e-01  2.06979111e-01 -1.03429921e-01  4.03815299e-01
 -2.72336185e-01 -6.71606436e-02 -2.30345786e-01 -5.70771061e-02
  1.46704629e-01  2.85510421e-02 -5.48398830e-02  1.38694793e-01
  7.98345581e-02 -8.90444517e-02  1.65744409e-01  1.34088576e-01
  5.91489300e-02 -2.59923586e-03 -4.43654414e-03  5.77041507e-02
  1.15978420e-01  5.97902238e-02  2.63360087e-02 -8.14572573e-02
 -1.66351527e-01  2.09517494e-01  1.50566483e-02  2.22388102e-04
 -5.26960306e-02  8.73747021e-02  2.14868024e-01  4.45077196e-02
  9.16467607e-02  1.66408032e-01 -3.81409563e-02 -7.89987966e-02
 -7.88840279e-02 -3.44101161e-01  1.29021302e-01  6.00718781e-02
  4.74674739e-02  1.00276865e-01 -8.29371288e-02  3.11644793e-01
 -1.66450977e-01 -2.15054035e-01  9.46062580e-02 -5.64398319e-02
  1.40610039e-01  1.78776294e-01  2.69914810e-02  5.97117096e-02
 -1.52659463e-02  6.93097562e-02  6.53163493e-02  2.32021697e-02
  8.04385319e-02 -3.04512419e-02  7.77191371e-02  7.39238188e-02]