http://erau.edu/ontology/meme.owl#WeaknessDisgustsMeMeme
[-2.01471403e-01 -1.36637300e-01  7.96615891e-03 -6.68757185e-02
  4.97768484e-02  9.70069319e-02  1.24757767e-01  1.55129069e-02
 -4.68968563e-02 -1.02770470e-01  3.16733494e-02 -1.53844729e-01
  1.29504144e-01 -1.75609902e-01  4.05669957e-02  1.05329514e-01
  2.52837017e-02 -3.53309438e-02 -1.29115023e-03  8.12758058e-02
 -2.20654890e-01  5.72909676e-02  6.61959201e-02 -1.03119165e-01
  1.42198414e-01 -9.38257873e-02  2.84557994e-02 -1.79422587e-01
  2.79527426e-01  1.11533388e-01  7.71713033e-02  4.80583273e-02
 -1.40718937e-01 -1.08120725e-01 -6.62469417e-02  1.62657350e-01
 -5.74298315e-02  1.08967749e-02 -1.16285533e-01 -1.13788836e-01
  5.45218997e-02  4.01493832e-02 -6.74906820e-02 -2.45989785e-02
  1.14418745e-01 -3.76126505e-02  1.65213160e-02 -5.56721836e-02
  6.31913319e-02  2.95313988e-02  9.62725505e-02  1.31398693e-01
  2.44415216e-02 -1.27173215e-01 -1.37574419e-01 -3.77847347e-03
  1.27669647e-01 -4.08290885e-02  1.84474271e-02  7.72179365e-02
  6.21098168e-02  3.63966934e-02  1.65606529e-01 -9.30949114e-03
 -3.51029187e-02 -2.12231111e-02  1.71413466e-01 -1.94271039e-02
 -6.78376034e-02 -1.60185605e-01 -8.78050178e-02  1.33604288e-01
  7.64702410e-02 -5.81486188e-02  1.03190308e-02  8.07452500e-02
  6.18240759e-02  1.85118243e-01  8.73425528e-02  1.41998991e-01
  1.59235895e-02 -3.65757197e-02  1.52349127e-02 -1.33581385e-01
  3.43353339e-02 -1.36923101e-02 -8.98740906e-03  1.79193571e-01
  1.23208486e-01 -2.73781586e-02 -4.70612757e-02 -1.42359911e-02
  1.29673257e-01 -4.60443124e-02 -1.44137964e-01 -1.48356929e-02
  2.95746047e-02 -6.38825223e-02 -5.60829602e-02 -2.13186387e-02
  1.62014663e-01 -5.93137629e-02  1.89640746e-01  1.95809919e-02
 -2.09077564e-03  4.72162068e-02 -1.90265384e-02  1.33093387e-01
  3.35896797e-02  3.25815678e-02 -6.13600090e-02 -8.98777917e-02
 -1.05767317e-01 -9.88928974e-02  1.47703782e-01  4.44205962e-02
 -1.02716215e-01 -8.26852322e-02 -2.24402882e-02 -1.70854907e-02
  1.21841229e-01 -1.52683496e-01 -1.75668269e-01  1.26174778e-01
 -4.30476964e-02 -1.47545546e-01 -6.07480370e-02  2.56674159e-02
 -6.01889566e-02  5.85774109e-02 -1.21885069e-01 -7.99766704e-02
 -3.61784324e-02 -2.04871714e-01 -1.74597219e-01 -3.44648794e-03
 -1.61625683e-01 -1.89657090e-04 -2.43056547e-02  2.29577236e-02
 -2.42393196e-01 -3.52846906e-02 -6.90920837e-03  1.35027189e-02
  9.88880694e-02 -1.48149356e-01  1.38744339e-01 -1.46715464e-02
 -1.61658730e-02  8.82139131e-02 -1.10162430e-01 -1.18113518e-01
  6.55121505e-02  5.34565076e-02 -1.84343711e-01  3.25215645e-02
 -8.32998082e-02  1.53164566e-01 -2.08346229e-02 -9.12830904e-02
  3.81890386e-02 -2.21849382e-02  6.18497282e-02 -3.43423570e-03
 -1.38674408e-01 -2.18462333e-01 -1.34632379e-01  1.25007898e-01
 -1.19228877e-01  5.62452823e-02 -4.39406708e-02  1.13007762e-01
  1.78552449e-01 -1.80862639e-02 -6.75791726e-02  8.08556676e-02
 -5.13951890e-02 -4.80788462e-02  2.59377658e-02  2.40210239e-02
  1.99668780e-02  2.63788234e-02  1.10270502e-02  5.38538545e-02
 -4.48973253e-02 -2.59900596e-02  1.11158267e-01 -2.96306890e-02
  7.76375458e-02 -9.12728012e-02 -3.35115381e-02  1.71490815e-02
 -1.37991756e-01  2.52523255e-02  1.27955461e-02 -2.46009044e-02
  7.39710256e-02  8.96309167e-02 -1.14579439e-01 -4.77737933e-02
 -2.13044528e-02 -2.96288226e-02 -8.22647959e-02  1.92403160e-02
  3.00883502e-02 -1.32637337e-01 -1.53649691e-03 -1.42283663e-01
 -4.76370938e-02  1.30808121e-02  4.27370854e-02  7.16282427e-02
 -8.74613971e-03 -1.55119449e-01  6.36424720e-02  1.10770680e-01
 -1.89229324e-01 -4.73349057e-02  1.60734877e-01  5.23207262e-02
  1.64093837e-01  4.10627946e-03 -9.56380367e-02 -7.01901838e-02
 -6.22731522e-02  4.57799844e-02 -1.83641449e-01 -9.61680040e-02
  2.01472044e-02  2.40295399e-02 -1.04001008e-01  3.22991535e-02
 -2.51875401e-01 -2.99668089e-02  6.17958158e-02  1.04593271e-02
 -6.82182238e-02 -2.28013530e-01  3.96066830e-02 -2.04491138e-01
  5.38037419e-02  1.95146934e-03  4.07972783e-02 -3.38297375e-02
 -1.96090937e-01 -1.62376575e-02 -4.35818434e-02 -1.50206730e-01
 -7.26782084e-02  5.22551425e-02  2.41547581e-02  3.62960175e-02
  1.30030170e-01  1.90335706e-01  1.93400756e-01 -2.75926962e-02
 -1.27678797e-01  3.09735630e-02 -6.26381412e-02  1.18554127e-03
 -6.17433973e-02 -1.63855210e-01 -4.33997996e-02 -1.15296923e-01
 -7.55919609e-03 -2.14456961e-01  1.60708964e-01  1.23500722e-02
  3.71616483e-02 -7.66805112e-02 -3.89149226e-02  1.45814624e-02
 -2.23544277e-02  8.02337900e-02  1.83529079e-01 -6.70617260e-03
  1.42017305e-01 -5.22362664e-02 -9.17750001e-02 -7.07897022e-02
  1.62413105e-01  8.25205818e-02 -2.71639135e-02 -1.22399062e-01
 -5.59545234e-02 -7.71521330e-02 -6.08205833e-02  6.55699596e-02
  1.16853770e-02 -2.01800749e-01 -3.01898587e-02 -1.48027256e-01
  4.87039350e-02 -6.28694668e-02  1.13537155e-01  6.15111850e-02
  4.61254790e-02  3.32892351e-02 -1.14380449e-01 -1.82329655e-01
 -2.12007597e-01  4.32319716e-02  3.31115611e-02  1.88526168e-01
 -9.27222613e-03 -2.17827521e-02  2.30795026e-01 -5.77351376e-02
 -1.21214524e-01 -1.94589403e-02  2.56615520e-01 -2.29613155e-01
 -5.90428486e-02  2.55486369e-02 -7.32545704e-02 -9.62643826e-04
 -2.07100157e-02  6.60076439e-02 -8.87095481e-02 -6.93624839e-02
  1.66660950e-01 -2.01597527e-01  5.79758026e-02  2.22202718e-01
 -3.97027321e-02  2.58179680e-02 -6.81512952e-02 -2.24732924e-02
  1.67302877e-01  1.57121234e-02 -1.19378697e-02  4.97555709e-04
  7.25001916e-02 -5.25682457e-02 -1.11933619e-01 -3.22126925e-01
  9.91931558e-02  1.64762974e-01  1.80144794e-02 -2.09199842e-02
 -1.96614582e-03  2.73241811e-02  1.40302613e-01 -4.85913176e-03
 -1.76214203e-01 -3.06278467e-02  3.27563286e-02  7.27778226e-02
 -3.19003537e-02 -5.30145504e-02  2.07594968e-02  1.23739116e-01
 -1.42738232e-02  1.47578761e-01 -2.25115985e-01  1.02726407e-01
  7.90300891e-02 -1.40541449e-01  1.54740632e-01 -4.42013405e-02
 -1.77092835e-01  1.51427269e-01  6.27586544e-02 -3.72686237e-02
 -1.03647765e-02  5.97234219e-02 -6.37630224e-02  5.53447455e-02
 -3.23194563e-02  6.30003288e-02  4.72760685e-02  6.47960044e-03
 -1.50202379e-01  2.72112601e-02  1.06313966e-01  2.84794476e-02
 -2.28036642e-02  2.97833905e-02 -8.03317428e-02 -9.59718525e-02
  6.74606711e-02  1.24136589e-01  8.55298564e-02  2.51336079e-02
  5.67460582e-02 -7.33055845e-02 -1.45833105e-01  2.45067969e-01
 -9.38106179e-02 -2.31080472e-01  1.05335623e-01  9.87739339e-02
  7.82511681e-02  1.98395461e-01  8.50291103e-02 -1.78770080e-01
  9.88464132e-02  1.87195577e-02  1.59040138e-01 -4.71663326e-02
 -6.57976419e-02 -1.89397007e-01  5.82642667e-02 -2.70526767e-01
 -1.82508409e-01  3.36776003e-02 -1.51259452e-01  2.41278321e-01
  8.52724463e-02  2.18399286e-01  6.83502620e-03 -1.13037504e-01
 -1.60634145e-01 -1.25056133e-01 -8.31119567e-02  1.34049624e-01
 -1.40487729e-02 -1.62064612e-01 -6.67353272e-02  1.38232812e-01
  5.93380481e-02  3.52085903e-02 -1.19058810e-01 -3.40800472e-02
  9.07681300e-04 -5.79240024e-02 -2.69397143e-02  7.87658468e-02
  5.32503650e-02 -1.08266436e-01 -4.79092170e-03  2.37204894e-01
 -5.61537631e-02 -7.78204203e-02  1.53999478e-01  3.37990671e-01
 -2.09046844e-02 -1.46279305e-01  2.02900376e-02  7.60854334e-02
  1.48366079e-01  1.00998268e-01 -2.04221442e-01  2.69138634e-01
 -3.17303598e-01 -1.81127831e-01 -2.60214567e-01 -8.27673972e-02
 -1.50441080e-01 -6.57261210e-03  1.63015082e-01  2.66040385e-01
  1.80559725e-01 -1.68269768e-01  1.85481071e-01  4.43279445e-02
  9.19211432e-02  5.24518415e-02  1.26433611e-01 -8.00147131e-02
  2.74598807e-01  1.33343667e-01  1.94274545e-01 -1.56616151e-01
  5.10810837e-02  5.59190996e-02  5.22177890e-02 -1.97704732e-01
 -1.72714531e-01 -6.54152036e-02  1.09802350e-01  5.08722328e-02
  1.74145132e-01  1.79175794e-01  1.08424991e-01 -1.74705908e-01
  2.51294643e-01 -8.43181238e-02  7.57825188e-03  2.18320698e-01
 -5.39456420e-02 -8.90287980e-02 -8.37379321e-02  2.30045825e-01
 -3.11982129e-02 -1.40768483e-01 -1.80998317e-03  8.84221774e-03
  5.63431904e-02  2.20185034e-02  2.36761686e-03  2.48959176e-02
  3.83986607e-02  1.07746765e-01  7.19443411e-02  9.68227908e-02
 -5.92533387e-02 -3.43439728e-02  3.96490432e-02  9.80627164e-03]