http://erau.edu/ontology/meme.owl#LearnTheDifferenceItCouldSaveYourLifeMeme
[-0.00883273 -0.21063271  0.04738563 -0.00525551  0.20103438 -0.01492713
  0.24679397 -0.09076548  0.05922946 -0.06910422  0.11273648 -0.14422508
 -0.08873094  0.07049172 -0.05520735 -0.05436307 -0.11038996  0.20597355
  0.04450021  0.1508928  -0.26588285  0.25108764  0.3143354  -0.2963332
  0.03743405  0.11739052  0.11620421 -0.07794996  0.38020805 -0.02759819
 -0.03126465  0.12676391  0.0708575  -0.15021633 -0.18128327  0.30645022
  0.05853442  0.1107555  -0.06753421 -0.1622184  -0.05702818  0.11213782
 -0.31751865 -0.20319742 -0.12838562  0.11468636 -0.00521457 -0.04132036
  0.19087443  0.02094284  0.14167269 -0.22198449 -0.12835479 -0.19396167
 -0.08237363 -0.08052355  0.09665848  0.03198465  0.09251312  0.02636939
 -0.11302993 -0.23751216  0.17031184  0.17060632 -0.24207266  0.07995023
 -0.21740972 -0.1024016  -0.1774279  -0.14269927 -0.19580512  0.18915859
  0.16752625  0.05272309 -0.07800654  0.10043263 -0.18374437  0.05474494
  0.16535975  0.06061805 -0.0518325  -0.07026906 -0.13939412 -0.36689606
 -0.11431025 -0.10672869 -0.21111545 -0.05371181  0.14142682 -0.0190006
 -0.00104838 -0.3692008   0.24139225  0.0312275  -0.08455414 -0.08696994
 -0.03317958 -0.07402223 -0.01979449  0.02060479  0.00339181 -0.05666827
  0.21686523 -0.08584286 -0.05846448  0.00815767  0.2632108   0.07901596
  0.1716626  -0.13777642  0.00216155 -0.00581488  0.01312429 -0.19288424
  0.3673173   0.04342184 -0.30374464 -0.1665142   0.21683353  0.264539
  0.12696649 -0.055474   -0.16337857 -0.09191369  0.0144975   0.01212476
  0.08672189  0.14583404  0.11749737 -0.06816507 -0.16769344 -0.0501035
  0.10100242 -0.15707748 -0.05098711  0.39646533 -0.12360571 -0.09302449
 -0.13836987  0.18011864 -0.2680249  -0.07502242  0.06872442  0.06345292
  0.12366929 -0.15229617  0.1122223  -0.14011645  0.19361801  0.29694942
 -0.02666854 -0.08284004  0.11832707 -0.03998748 -0.27723652  0.00811028
 -0.13840008  0.24696414 -0.04802212 -0.259007   -0.03306853 -0.21612643
 -0.12842259  0.05535081 -0.34318784 -0.19557317  0.00063671  0.19151181
 -0.28665882  0.05099805  0.06326521  0.12436506  0.27721924  0.2349123
 -0.11694384 -0.15243629  0.07098669 -0.09047081  0.15870772 -0.04082818
 -0.10178119  0.04533156  0.06730181 -0.04505126 -0.02999533 -0.06039382
  0.00245693  0.12734334  0.3273151  -0.05794492 -0.0719182  -0.05301064
 -0.30638742 -0.10402852 -0.13186412  0.1670565   0.13845694  0.18227921
  0.04238037  0.10034172  0.14836127 -0.02952968  0.050856   -0.03977237
 -0.11779495 -0.22132736 -0.11786573  0.1557713   0.26440203  0.30559275
  0.2185862   0.02228707  0.06555813 -0.15638034  0.15802038 -0.07537233
 -0.2643225   0.09888986  0.20788676  0.16098595  0.34599417  0.20897584
 -0.08136228  0.11122869  0.05940488 -0.02036497 -0.0649977  -0.02912208
 -0.04277974 -0.04079362  0.04948996  0.10945405 -0.06410439  0.07584185
  0.0326195   0.13491665  0.00350592 -0.2033978   0.20245719  0.0504937
 -0.08555998 -0.03469554 -0.08401434  0.00543163 -0.09839027 -0.02745361
 -0.30527446  0.04535141 -0.16344143 -0.24166504 -0.05593984 -0.0517416
  0.21712883 -0.0880772   0.11781327 -0.04183565  0.02964237  0.05857122
  0.00537169 -0.0601147  -0.22020389 -0.23162755 -0.02548644  0.05620876
  0.03399618 -0.15625663  0.01361545 -0.08171309  0.20228775  0.05071377
  0.07039743  0.00570217  0.12034098  0.25328383  0.30894727 -0.0829693
  0.14026813  0.09112429 -0.14835061 -0.19055611  0.01884052  0.20568472
 -0.0071586  -0.00604676 -0.11387119  0.16490936 -0.15150553 -0.00987789
 -0.14527474 -0.11744288  0.02680078  0.0690209   0.03822486 -0.01797084
  0.05903985 -0.00798126  0.19244595  0.08001768  0.03153433 -0.34855765
 -0.12537898 -0.07124452  0.06535748  0.09714188  0.04347827  0.01456641
  0.24993803  0.05078702  0.2534685  -0.14269032 -0.00500232 -0.24826095
 -0.04178369  0.06986623 -0.05973502  0.09437993 -0.02732066  0.06813473
 -0.01128054 -0.19029415  0.0323562  -0.16950323  0.11962672  0.29875475
  0.16415153 -0.08128303 -0.20885137 -0.16905329  0.09232862  0.05552186
 -0.13457952 -0.1553695   0.15332593 -0.0626005   0.17849122 -0.15981431
  0.16083883  0.03599156 -0.01336677  0.06545311 -0.15289955  0.11381965
 -0.01080337 -0.05123976 -0.11150607  0.10583928 -0.1501062  -0.1553673
 -0.0507961  -0.11605242 -0.14802985  0.02262233 -0.30239746  0.1814779
 -0.22490957  0.08195151 -0.04543199 -0.12570812  0.20950684  0.08021324
  0.00743153  0.07512936 -0.0929473  -0.03125573  0.11152039 -0.10802507
 -0.03366092  0.13490708 -0.0044218  -0.08237841 -0.01902464 -0.03670287
 -0.10631522 -0.02718336  0.03869021  0.01559169 -0.09909033 -0.09988239
 -0.05234167 -0.12635654 -0.00971784  0.12501043 -0.1714031  -0.09411064
  0.15320228 -0.10488549  0.00451293  0.14371407 -0.1829526  -0.14516468
 -0.07194905  0.06288346 -0.16351914  0.33609757  0.03812761 -0.00159256
  0.13051666  0.06713789  0.07336876 -0.21073751 -0.06853031 -0.31357914
  0.07001229 -0.14943035  0.00313268  0.00470481 -0.0179495   0.2827498
  0.01654869  0.00636115  0.21653518 -0.08533002 -0.1102561  -0.04046701
 -0.0041345  -0.01149176  0.09313977 -0.04680391  0.1694904  -0.06633641
  0.1937578  -0.05403756  0.07998855  0.11052682 -0.11726445 -0.23839393
 -0.15249397 -0.05366839  0.0806608  -0.14952098  0.11903898  0.19471075
  0.09501051  0.00852983  0.0615388   0.23331071  0.07855841 -0.13398714
  0.1160692   0.09957338 -0.03485844  0.10481779 -0.17177626  0.1680465
 -0.17741805 -0.21275549 -0.09593437 -0.10623939 -0.0802699   0.07523537
  0.02219152 -0.10768923  0.19791916 -0.12037069 -0.05843769  0.04726293
  0.10150439  0.02187058 -0.03718152 -0.1363809   0.02923162  0.06766208
  0.07228535 -0.09314213  0.08250096  0.29819405 -0.00128182 -0.16424227
  0.01804289 -0.01895493  0.11317723 -0.02801685  0.25439617  0.25471795
 -0.04669905 -0.10079203  0.11541444 -0.19978309  0.05257121  0.01585621
  0.03889557  0.12987314 -0.05499825 -0.10194757 -0.17392133  0.01160062
 -0.08789324  0.04678193  0.05119585  0.13140842 -0.01671713 -0.01321714
  0.04880202  0.00740588  0.21170984 -0.03720925 -0.08647516 -0.133832
 -0.1635988  -0.01284509]