http://erau.edu/ontology/meme.owl#RumblrMeme
[-5.44499420e-02 -1.16986774e-01  4.57029529e-02 -1.44604046e-03
 -1.00492015e-01 -2.39959508e-02  8.61293823e-02  6.75970986e-02
  8.49155802e-03 -9.92587507e-02  1.63708106e-01 -1.02983922e-01
  9.84626338e-02 -6.40374050e-02 -5.62661737e-02 -9.53507796e-02
  9.00240429e-03  5.62377758e-02  6.81449473e-02 -4.39514825e-03
 -1.54534444e-01  1.25485346e-01  7.87025690e-02 -1.42289281e-01
  9.70643833e-02  1.10585559e-02  1.10554077e-01 -1.48712054e-01
  2.65758276e-01  1.83755785e-01  6.32493645e-02  5.83070070e-02
 -4.25188057e-02 -6.17254451e-02 -6.44713221e-03  2.13379607e-01
 -5.72461002e-02  7.80751482e-02 -2.38685752e-03 -1.52260676e-01
 -1.54131036e-02  1.29721314e-01 -2.02109545e-01 -7.43096834e-03
  1.90695792e-01 -2.60609575e-02  3.48244198e-02 -3.00116707e-02
 -9.13358107e-03  3.67452092e-02  1.10448122e-01 -3.98485400e-02
 -8.04114416e-02 -1.71279460e-01 -8.36267993e-02 -9.82983932e-02
  6.61225319e-02 -5.31616583e-02  8.99780989e-02  1.07698150e-01
 -1.27603769e-01 -5.45835570e-02  1.53178275e-01  3.81446108e-02
 -1.11549191e-01 -8.35075974e-02  1.91745833e-02  4.20609191e-02
 -1.73590243e-01 -1.80923253e-01 -1.39670819e-01  9.82114375e-02
  1.34582698e-01 -6.33611307e-02  4.50067036e-02  5.99629767e-02
 -1.28369987e-01  8.47633332e-02  1.93186283e-01  1.62768010e-02
 -2.23247595e-02 -2.30795816e-02 -2.90587321e-02 -1.64027765e-01
  1.43163815e-01 -1.54807912e-02 -7.63164163e-02  4.26950641e-02
  7.77350739e-02  4.47597876e-02 -7.68739134e-02 -1.64273515e-01
  1.92138240e-01 -1.52636603e-01 -1.77107140e-01  2.23704912e-02
  8.35623890e-02  1.04366301e-03  6.21283948e-02 -2.35410724e-02
  2.33446151e-01 -4.25750166e-02  2.92459011e-01  4.39654849e-03
 -1.01174787e-01 -4.77461964e-02 -1.26387617e-02 -2.10605431e-02
 -1.17960021e-01 -1.60410240e-01  1.81191303e-02 -7.22173154e-02
 -8.79555717e-02 -2.45432332e-01  4.42978330e-02  3.58003899e-02
 -2.40591705e-01 -3.32406871e-02  3.81300747e-02  4.65747416e-02
 -4.06468427e-03 -2.18522251e-01 -7.82770813e-02  1.20073780e-01
 -3.52555909e-03 -9.91206244e-02 -1.15049623e-01 -3.05437762e-02
  2.51799691e-02  4.40352410e-02 -2.48209178e-01 -7.77361775e-03
  3.99756208e-02 -1.47334754e-01 -1.22883826e-01  3.63074546e-03
 -8.17172900e-02 -6.83904141e-02 -9.40118060e-02  1.33259088e-01
 -2.24606752e-01 -7.18161911e-02  3.27626802e-02 -1.99090932e-02
  1.31305039e-01 -3.20432395e-01  1.14774004e-01 -6.25937060e-02
  3.69097292e-02  1.62656918e-01  6.95478469e-02 -6.67852536e-02
  6.13010526e-02  1.41103297e-01 -7.57364333e-02  7.80024901e-02
 -1.33510619e-01  2.62638241e-01  1.31450687e-02  2.90776808e-02
  3.60221341e-02 -4.53018257e-03  9.50138271e-02 -1.56220766e-02
 -2.19498709e-01 -2.01395914e-01 -5.30019440e-02  1.24815382e-01
 -3.14602524e-01  1.25858888e-01  4.48368639e-02  1.20470852e-01
  2.41735250e-01  1.64799720e-01 -8.75321031e-02  8.71761586e-04
 -9.83093083e-02 -4.95478660e-02  1.13066867e-01 -7.55265504e-02
 -1.38891833e-02  5.59427030e-02  1.77244898e-02  5.54549918e-02
  4.71378975e-02 -5.04641570e-02  1.17905498e-01 -6.51115775e-02
  2.44320750e-01 -7.64976814e-02  3.34306732e-02 -2.23279335e-02
 -1.79038256e-01  1.82045083e-02  7.61129893e-04 -5.53835593e-02
 -6.34919899e-03  1.19197756e-01 -2.27464573e-03  1.10127707e-03
 -8.03823918e-02 -1.03875153e-01 -7.09271058e-02 -1.17425367e-01
 -1.09411599e-02 -1.35029763e-01 -3.04210316e-02 -6.79315105e-02
  7.34794363e-02  5.51890284e-02  1.52050629e-01  1.03712663e-01
 -4.28538322e-02 -6.20972924e-02  6.47527501e-02  6.99059963e-02
 -6.66245595e-02 -4.79958169e-02  5.11019826e-02  9.52866971e-02
  1.05916999e-01  3.25463936e-02 -1.80267796e-01  1.26439109e-02
 -3.40486802e-02  2.62535028e-02 -2.05565870e-01  4.57082726e-02
 -1.09458320e-01  5.25940321e-02  3.24902087e-02 -1.74427703e-02
 -2.14311108e-01 -4.55776043e-02 -1.11354366e-01 -1.31665608e-02
 -4.35354561e-03 -1.71304643e-01  2.32938696e-02 -1.87060788e-01
 -5.25042862e-02 -3.42158694e-03  6.51713759e-02 -8.04782659e-03
 -2.72145122e-01 -2.75364202e-02 -5.87827004e-02 -1.68135278e-02
 -1.13644116e-01  6.64152503e-02  6.11634813e-02 -3.50578278e-02
  1.19308986e-01  1.63371617e-03  2.36955389e-01 -2.16904245e-05
 -1.59066170e-01  6.53331503e-02 -9.21451226e-02  1.06760450e-01
 -1.50936559e-01 -1.04229994e-01 -6.28542006e-02 -1.22503944e-01
 -3.08757331e-02 -2.38062888e-01  4.85332645e-02 -5.85569143e-02
  6.16535284e-02 -7.56932348e-02 -6.98501393e-02 -1.21786892e-01
 -9.66383070e-02  9.89503860e-02  1.46584183e-01 -1.12329148e-01
  1.21193498e-01  5.82263321e-02  2.06018370e-02  4.53537656e-03
  9.88904834e-02  1.13259211e-01  1.62723120e-02 -4.51839305e-02
 -1.68113247e-01  5.51129468e-02 -4.88920659e-02  1.23638824e-01
 -1.28922403e-01 -1.86435252e-01  1.73820466e-01 -7.54367113e-02
  5.63075878e-02 -8.40905234e-02  7.66478628e-02  2.45935638e-02
  1.07267983e-01 -4.45209560e-04 -1.83136880e-01 -5.45766540e-02
 -2.30032593e-01 -3.43528017e-02 -4.66602333e-02  2.21604615e-01
 -2.72543151e-02 -6.92390725e-02  2.62990087e-01 -2.77686212e-02
 -1.44134369e-02  4.53122295e-02  3.35417688e-01 -7.60376602e-02
 -1.80706605e-02  4.54577878e-02  3.07408422e-02  1.87712256e-02
  2.28506234e-02  4.49390039e-02 -3.89213227e-02 -7.63440579e-02
  2.14406192e-01 -7.65351653e-02  1.67820260e-01  1.23020701e-01
 -1.05741648e-02 -5.64363599e-02 -3.74205001e-02 -3.69182564e-02
  1.66221693e-01 -2.73004104e-03 -2.77424045e-02 -3.86372842e-02
  3.15395594e-02 -1.35134950e-01 -6.38845935e-02 -2.80496091e-01
  1.43985331e-01  1.19602509e-01 -9.56679732e-02  5.40514290e-02
 -2.15631928e-02  8.93630832e-02 -7.46949762e-02 -1.92863811e-02
 -1.69091985e-01  5.55008799e-02 -2.24483348e-02  1.19506977e-01
 -3.25775221e-02 -1.33479625e-01 -3.73439901e-02  8.11770558e-02
 -7.68170431e-02  2.24586174e-01 -1.23750426e-01  9.78018641e-02
 -1.60449948e-02 -3.48866396e-02  1.97197184e-01 -4.37429771e-02
 -1.74060792e-01  1.23708189e-01  5.29613532e-02 -9.45714265e-02
 -7.56121725e-02  4.40169498e-02  1.09532047e-02  4.88462374e-02
 -5.10421842e-02  6.21437095e-02  5.14607206e-02  3.55870873e-02
 -2.43140697e-01  5.80746634e-03  1.20791361e-01 -2.54665148e-02
 -9.85748693e-02  3.68863977e-02 -2.90457644e-02 -6.04689494e-02
  5.42279817e-02  8.99740234e-02  2.03538481e-02 -1.35514438e-01
  1.37022913e-01 -1.43612415e-01  1.51599972e-02  1.38482854e-01
  1.99239552e-02 -1.27246097e-01 -1.00341953e-01  5.56619726e-02
  9.74896699e-02  2.57114828e-01  1.66037306e-02 -2.75263667e-01
  1.11648187e-01  1.34726375e-01  1.31399497e-01 -4.71500196e-02
 -7.09869042e-02 -9.42770913e-02  6.95498511e-02 -2.39898592e-01
 -1.12170458e-01 -1.11537622e-02  1.13369953e-02  2.11259499e-01
  8.42755735e-02  1.25424087e-01  1.13219358e-01 -2.08431944e-01
 -1.42860264e-01 -6.22410737e-02 -1.14686318e-01  3.87257151e-02
 -1.66970015e-01 -1.83074206e-01 -2.82697212e-02  1.39427394e-01
  2.12063715e-01 -2.68977731e-02 -1.21574573e-01  7.38757849e-02
  2.00029719e-03 -5.46910986e-02 -2.24320590e-02  5.34713157e-02
  1.31561980e-01 -1.02190331e-01 -2.66800746e-02  1.91629544e-01
  2.98877731e-02 -1.22891866e-01  1.93999425e-01  2.63274997e-01
  1.16796099e-01 -1.02159372e-02  9.87673253e-02  1.88309371e-01
  1.07940383e-01  3.24115716e-02 -1.60881713e-01  3.86706501e-01
 -3.07656050e-01 -1.02451123e-01 -2.41324931e-01 -1.53903142e-01
 -1.85680285e-01  1.06858633e-01  9.94614586e-02  1.18042767e-01
  9.42855775e-02 -5.28810099e-02  2.04755127e-01  1.27881289e-01
  1.86475143e-02  1.47660747e-02  1.28415748e-01 -3.16907652e-02
  1.80425242e-01  8.79771635e-02  1.54622570e-01 -9.44685563e-02
 -2.95883287e-02  1.02589458e-01 -3.26422155e-02 -1.31207883e-01
 -3.10115907e-02 -4.08039652e-02  1.88077778e-01 -9.18868110e-02
  1.74604058e-01  1.98672280e-01  1.36644006e-01 -2.15253487e-01
  1.33865982e-01 -2.13314235e-01 -3.61300930e-02  1.99781477e-01
 -2.10091304e-02  1.45437019e-02 -1.91028386e-01  3.06251466e-01
 -7.55259767e-02 -2.84470230e-01  5.01865223e-02  2.70071980e-02
  1.25097319e-01  1.00854695e-01 -4.06872034e-02  8.19931850e-02
  1.20634183e-01  1.36618569e-01  6.86374009e-02  6.99629337e-02
 -3.17516085e-03  2.58095767e-02 -1.27242683e-02  7.58832246e-02]