http://erau.edu/ontology/meme.owl#Shoenice22ChristopherScheweMeme
[-8.40295777e-02 -4.83503267e-02  4.04090546e-02  9.74040665e-03
 -2.70922091e-02  1.32402241e-01  1.09883942e-01 -1.11155204e-01
  2.54735555e-02 -5.41106574e-02  7.74232745e-02 -7.92640150e-02
  4.76191528e-02 -6.73530102e-02 -4.90504354e-02  7.00826943e-02
  1.08187847e-01  6.96693063e-02 -3.77656855e-02  5.87088093e-02
 -2.92866286e-02  7.26320371e-02  1.06189758e-01 -1.06435686e-01
  6.49441108e-02 -9.08060297e-02 -8.63494053e-02 -1.06102027e-01
  1.32699043e-01  7.26165473e-02  4.35004197e-02  1.63052946e-01
 -5.22564240e-02 -3.89367342e-02 -6.48023337e-02  2.53016829e-01
 -8.01212490e-02 -3.52275372e-02 -3.96676548e-02 -9.21909064e-02
 -4.47963923e-03  1.37240142e-01 -1.81126282e-01 -5.22931479e-03
  9.32378769e-02 -6.78983554e-02  1.27649531e-01  2.67045740e-02
 -1.68558080e-02  6.89050555e-02  1.62996992e-04  2.19623633e-02
 -1.43832847e-01 -5.43060042e-02 -5.31403981e-02  3.78713459e-02
  1.73215970e-01 -1.57465801e-01  1.32547766e-01  4.78057005e-02
 -3.40573154e-02  4.96705845e-02  1.40805975e-01  9.03058052e-02
 -1.30658820e-01 -1.31078929e-01  4.69390638e-02 -8.82879496e-02
 -1.60668101e-02 -1.45713147e-02 -1.69630453e-01  1.10286534e-01
  4.04383317e-02  1.38931990e-01 -2.39584502e-02  1.01543777e-01
  4.43296470e-02  6.09624498e-02  1.07720770e-01  1.60805598e-01
 -6.70761615e-02 -7.70128742e-02 -7.21663842e-03 -1.02483429e-01
  6.69238418e-02 -3.26749310e-03 -2.80844849e-02  6.91081956e-02
  6.31320402e-02 -5.22714332e-02 -7.23502040e-02 -1.54734775e-01
  7.97929987e-02 -7.20321536e-02 -1.12945549e-02  1.87285811e-01
 -2.86262464e-02 -7.60171264e-02 -4.50515039e-02 -1.14111099e-02
  7.31019229e-02  3.53394225e-02  2.38900796e-01 -9.27151293e-02
 -9.25303539e-05  6.19276464e-02  1.24884255e-01  4.03138064e-02
  1.69757549e-02 -3.54559347e-02 -6.90898523e-02  6.08398728e-02
 -1.37531474e-01 -4.76620859e-03  1.55790851e-01  1.02178887e-01
 -1.58964604e-01 -1.41623557e-01  5.96756935e-02  5.83763346e-02
 -2.08571251e-03 -1.13824584e-01 -1.26054496e-01  4.81862947e-02
  1.68985166e-02  3.51905171e-03  1.91651266e-02  1.54799651e-02
  3.23527120e-02  8.49296618e-03 -1.28113210e-01 -8.97242352e-02
 -1.07208930e-01 -2.71197855e-02 -5.68249971e-02  8.91256854e-02
 -7.22104833e-02  1.73828043e-02 -1.01032734e-01  6.89094514e-02
 -2.22170070e-01  3.94445285e-02  1.10833764e-01  1.00364618e-01
  9.79025364e-02 -1.11793995e-01  7.71360397e-02 -1.52328148e-01
 -8.23175386e-02  1.03980668e-01 -4.19044271e-02 -1.64289802e-01
 -1.99306309e-02 -7.94138685e-02 -8.02207272e-03  4.96106297e-02
 -1.69628695e-01  1.29575580e-01  4.49001528e-02 -6.85443953e-02
  6.16280623e-02 -1.01902023e-01 -1.24244140e-02  2.02698587e-03
 -2.00706556e-01 -4.70580198e-02  4.78788279e-03  2.19428390e-01
 -2.27118194e-01  7.42190555e-02 -3.24325748e-02  6.51366338e-02
  1.58967525e-01  1.10178385e-02 -8.22085291e-02 -4.00976092e-02
 -9.63203833e-02 -3.88290621e-02  5.98671213e-02 -7.87875615e-05
 -9.66782570e-02  8.46542865e-02  8.07486624e-02  4.67010736e-02
 -1.33871108e-01 -3.88861038e-02  2.19114460e-02  5.83865903e-02
  7.90551156e-02 -3.12716626e-02  3.74869555e-02 -4.50922176e-02
 -1.75714120e-01 -4.98133898e-02  4.68394794e-02  2.36438084e-02
  1.10168522e-02  1.82483301e-01 -1.42689139e-01 -1.12085588e-01
  7.26158693e-02  4.37807292e-02  1.10452875e-01  1.91990342e-02
 -9.97713879e-02 -2.34823585e-01 -6.68507721e-03 -1.12583920e-01
  8.74784682e-03  6.71116412e-02  1.78652719e-01  8.33950713e-02
  1.23289544e-02  4.64726463e-02 -5.49713299e-02  2.69869287e-02
 -8.51712152e-02 -1.18721023e-01  1.87415425e-02  4.28398177e-02
  5.51997777e-03  6.85057491e-02  1.98455844e-02  4.45075296e-02
 -5.40291332e-02  2.44496483e-02 -1.19168743e-01 -4.88971882e-02
 -1.09669931e-01 -3.54766776e-03 -3.37772816e-02  3.05354111e-02
 -5.05156741e-02 -9.18034539e-02  2.08646879e-02  1.31196693e-01
 -1.40791580e-01 -4.52556200e-02  3.95769179e-02  5.10805473e-02
 -2.40018666e-02 -6.69149309e-03  8.55973661e-02 -4.16976167e-03
 -2.70186633e-01 -3.44019081e-03 -2.20331535e-01  3.53309661e-02
 -1.52353495e-01  6.67215437e-02  5.47490865e-02 -1.30372485e-02
  1.10394813e-01  8.47886205e-02  1.48702919e-01 -1.73399635e-02
 -8.77908021e-02  1.85707875e-03  2.34040972e-02  4.13221829e-02
 -7.70040369e-03 -1.12434551e-01 -2.15667915e-02 -9.13747624e-02
 -7.11110085e-02 -1.90459073e-01  1.01857185e-01  7.61421248e-02
  1.36428803e-01 -1.68583810e-01 -4.80064638e-02 -1.01024419e-01
 -6.98046833e-02 -2.93026976e-02  6.63901493e-02 -5.53910919e-02
  1.12740397e-01 -1.54832629e-02 -7.21892565e-02  1.04589626e-01
  1.37022942e-01  2.76697371e-02 -1.36879414e-01 -1.55916795e-01
 -1.74982205e-01 -3.62568861e-03 -1.28143787e-01  3.51881087e-02
 -6.06859475e-03 -1.62560344e-01  5.91380075e-02 -1.44273475e-01
 -6.13649143e-03 -1.59377567e-02 -3.02389506e-02  3.57231349e-02
  1.55250460e-01 -6.09950535e-02 -5.86332642e-02 -1.16378695e-01
 -1.48181736e-01  7.11447150e-02  8.68244842e-02 -5.18657826e-02
 -4.69591171e-02  1.02364514e-02  1.07455097e-01 -1.13797158e-01
 -1.80238858e-01  4.34865132e-02  1.90380260e-01 -1.88822180e-01
 -8.10131356e-02 -1.19259790e-01 -1.06420942e-01 -3.29527557e-02
 -2.38783769e-02 -5.46996854e-02  7.74452910e-02 -1.74672976e-02
  3.05964947e-02 -1.47051185e-01  9.83010530e-02  1.25262946e-01
 -1.30332923e-02  1.46841845e-02 -1.42109305e-01  9.95788071e-03
  8.95626172e-02  5.10740392e-02  1.46855703e-02  3.31795998e-02
  4.03041132e-02 -1.27058253e-01  2.71211118e-02 -8.26108307e-02
  7.56436065e-02  4.35813181e-02  9.62031409e-02  2.64792982e-02
  5.45559973e-02 -2.14182809e-02 -2.83671040e-02 -7.03970790e-02
 -5.45380898e-02 -1.60293020e-02 -7.87316561e-02  3.98763716e-02
  7.56335035e-02 -1.06145568e-01 -1.23614063e-02  3.30005810e-02
 -8.98683518e-02  5.79474941e-02 -8.90512466e-02  1.00759350e-01
  8.75081122e-02  7.19783455e-03  7.98976198e-02 -3.10163908e-02
 -3.37197930e-02  1.14870928e-01 -2.72525307e-02 -1.91296544e-02
  1.18451275e-01 -2.08630040e-02 -2.70832120e-03  3.51728871e-02
  3.74048576e-02  7.87019581e-02  3.31609808e-02 -4.92900573e-02
 -2.49384627e-01  7.68949911e-02 -4.06538276e-03  2.60771345e-02
 -7.84888491e-02 -2.88437605e-02 -1.36060104e-01 -7.11896420e-02
  6.90139756e-02  2.31828451e-01 -8.26239139e-02 -6.20078146e-02
  1.68026894e-01 -7.32426420e-02 -9.77230892e-02  5.43990955e-02
 -1.14466742e-01 -5.16268983e-02  2.88649984e-02  9.16046128e-02
 -5.72902970e-02  1.10979289e-01 -4.11084220e-02 -9.63410959e-02
  1.98918227e-02 -3.98614630e-03  2.57304311e-01 -9.53903571e-02
 -3.82363759e-02 -9.30918381e-02  5.02868369e-02 -1.26435503e-01
 -9.29905251e-02  2.25416180e-02 -4.29684669e-03  1.61066532e-01
  9.79597494e-02  1.01778783e-01  1.42399088e-01 -1.24157883e-01
 -1.17181197e-01 -8.53673592e-02 -1.67016871e-02  7.13965148e-02
 -1.36674196e-01 -5.72883151e-02 -8.36985931e-02  8.98694247e-03
 -2.34249467e-03 -3.05734202e-02 -1.64000213e-01 -7.48472661e-02
  8.71165395e-02 -8.47709402e-02 -3.97858806e-02  1.07316658e-01
  1.18291765e-01  2.07367260e-02  1.08527221e-01  1.87105089e-01
  1.23387827e-02 -1.12555981e-01  1.45831004e-01  1.77297905e-01
  6.88067675e-02 -1.76790580e-01 -5.41736372e-02  1.27207160e-01
 -3.60271567e-03 -2.51016486e-03 -1.38088837e-01  1.74951315e-01
 -2.73928195e-01 -3.45506929e-02 -1.35919243e-01 -9.43924636e-02
 -6.91725761e-02  3.51853482e-02  1.09631106e-01  1.54419035e-01
  1.46038234e-01  2.56300382e-02  2.06885874e-01 -4.28972580e-02
  1.12785414e-01  4.08807285e-02 -4.64646928e-02 -6.42744228e-02
  1.53062612e-01  9.07221660e-02  6.14638552e-02 -2.72383261e-02
  6.83615953e-02  7.31076440e-03  3.84283029e-02 -1.16795219e-01
 -1.11638673e-01  1.52533753e-02  1.07557580e-01  6.91027120e-02
  1.57136515e-01  2.88422853e-02  3.92990112e-02 -1.21792100e-01
  1.69190347e-01 -7.41825402e-02 -2.18286943e-02  9.27047953e-02
 -3.77306193e-02 -4.87233773e-02 -2.67271809e-02  1.69706509e-01
 -1.77801788e-01 -7.78962001e-02 -2.85417540e-03 -3.91987674e-02
  1.48564177e-02 -8.40948056e-03 -1.03708491e-01 -5.20616360e-02
 -9.66160670e-02  3.08295004e-02  2.86585521e-02  3.21224611e-03
  3.40974592e-02 -1.32342234e-01  8.95669162e-02  4.62076217e-02]