http://erau.edu/ontology/meme.owl#AyBbyWantSumFukMeme
[-1.27868026e-01 -1.42985061e-01 -3.77414841e-03 -6.25604317e-02
 -3.25989835e-02  1.67618655e-02  1.45678297e-01 -1.23042710e-01
 -3.44533958e-02 -1.25954211e-01  9.25774574e-02 -6.13826476e-02
  1.04285613e-01 -8.43923390e-02  3.08794826e-02 -3.18831727e-02
  1.63429826e-01  1.78320661e-01  1.49806095e-02 -4.88794222e-02
 -1.82360873e-01  3.28577124e-02  3.11359130e-02 -3.06857210e-02
  1.86027750e-01 -4.22255658e-02 -6.81947023e-02 -5.03449664e-02
  2.41792798e-01  2.09068730e-02  1.16332702e-01  2.23427713e-02
 -1.34518221e-01 -1.86681107e-01 -2.94787232e-02  1.65316969e-01
  6.01896718e-02  4.17068601e-02 -4.83464152e-02 -3.58322859e-02
 -2.19753552e-02  2.02859566e-01 -1.23105176e-01 -6.65769354e-02
  1.58564284e-01 -1.05592189e-02 -9.51781347e-02 -1.24889843e-01
 -8.92050862e-02  1.17733806e-01  1.24515228e-01  1.13963969e-01
 -5.94537295e-02 -1.87592864e-01 -1.49961695e-01  5.96490689e-02
  2.00668290e-01 -2.74609417e-01  8.84243175e-02  2.00844318e-01
  5.59649579e-02  1.48898801e-02  8.93085226e-02  5.74524254e-02
 -1.71009973e-01 -1.44114897e-01  1.60432458e-01 -7.15947449e-02
 -1.83093160e-01  9.54193100e-02 -7.23477900e-02  1.94104686e-01
  1.57556668e-01  1.61605515e-02  8.63573141e-03  1.57102108e-01
 -3.79757360e-02  5.06539270e-02  2.04760402e-01  1.87730521e-01
 -4.80949096e-02 -2.12216638e-02 -8.32310468e-02 -2.19109371e-01
  1.46475568e-01 -1.21625781e-01 -1.03185631e-01  1.38182163e-01
  1.31742150e-01 -1.47088792e-03 -1.30263232e-02 -1.39717564e-01
  1.35802001e-01 -7.75149241e-02 -1.00326836e-01  1.04989246e-01
  1.98475309e-02 -9.23312008e-02 -5.20335510e-02 -1.38581544e-01
  1.83722109e-01  1.11411333e-01  2.15239033e-01 -3.47071439e-02
  2.57954188e-02  7.30142817e-02  1.50394678e-01  7.15568736e-02
  9.75097157e-03  6.72461987e-02  1.05015934e-01 -8.27562660e-02
 -2.50244588e-01 -8.67252648e-02  1.17064714e-02  3.75302546e-02
 -1.39429271e-01 -1.17263138e-01 -6.42088577e-02 -4.51842286e-02
  8.12167078e-02 -1.00679873e-02  2.24934630e-02  1.78852513e-01
  1.69572249e-01 -1.06531069e-01  3.52441855e-02  1.18306261e-02
 -5.15173860e-02  2.10840359e-01 -2.10859001e-01 -1.11730518e-02
 -4.96056192e-02 -1.74456090e-01 -6.51321113e-02  6.04430810e-02
 -1.09216487e-02 -1.03139177e-01 -1.95931703e-01  6.61468506e-02
 -3.38214755e-01 -1.20263193e-02  3.99647467e-02  3.85258310e-02
  2.55540103e-01 -2.07294375e-01  1.19916342e-01 -1.43716455e-01
 -1.23584613e-01  1.20562606e-01 -7.09925964e-02 -1.17966622e-01
 -1.08693533e-01  1.62109315e-01 -1.03616096e-01  1.81637138e-01
 -1.50901392e-01  1.37493655e-01  2.76584234e-02  9.05189663e-02
  1.19138628e-01  4.17533033e-02  1.79875381e-02 -5.28997295e-02
 -1.66317374e-01 -2.35804155e-01  6.18144199e-02 -1.63624045e-02
 -1.48274839e-01  5.83022721e-02 -1.38726383e-01  1.40619680e-01
  2.39924282e-01  7.13533834e-02  3.52156647e-02  2.60370038e-02
 -4.16955128e-02 -5.90056330e-02  2.13810176e-01 -5.22239553e-03
 -1.06832059e-02  4.56494391e-02  8.42117444e-02  4.27503698e-02
 -1.04747742e-01 -3.83184776e-02  1.73485115e-01  6.96860179e-02
  2.15751708e-01 -1.31568566e-01  9.27781034e-03  5.57806669e-03
 -1.70500264e-01 -1.45338416e-01  4.72183637e-02 -4.65516895e-02
  5.41514903e-03  1.87025890e-01 -1.63941428e-01 -1.47754237e-01
 -2.26749629e-02  2.02106927e-02  5.72540201e-02  5.41608743e-02
  4.05979436e-03 -2.43279114e-01  2.35514883e-02 -1.16984658e-01
  1.39467761e-01  1.29623353e-01  2.96080381e-01 -4.29628342e-02
 -1.03462048e-01 -6.48062304e-03  5.05091324e-02  5.31028807e-02
 -1.33660495e-01 -9.83034298e-02 -3.38679887e-02  1.71559930e-01
 -3.52999456e-02  1.98158234e-01 -1.39309615e-01  1.35320798e-01
  4.57502604e-02  1.93688422e-01 -1.51494578e-01  4.95870560e-02
  3.90351415e-02 -1.81704089e-01  6.62697405e-02 -3.01016197e-02
 -1.33117303e-01 -9.16815177e-02  1.12355314e-01  1.30452111e-01
 -1.41142294e-01 -1.40762687e-01  6.26907498e-02 -1.53054461e-01
 -8.52522498e-05 -3.23809534e-02  9.81275272e-03 -1.19880043e-01
 -1.49636343e-01 -4.97949831e-02 -7.44295940e-02 -1.29202187e-01
  4.42533046e-02  3.32880914e-02  6.31303713e-02 -8.10125023e-02
  2.52723098e-01  2.52088346e-02  1.94574833e-01 -3.48544493e-02
 -1.73592195e-01  4.94041592e-02  1.92789733e-02  6.16136529e-02
 -6.48193806e-02 -4.25935313e-02  4.83569503e-02 -1.54810891e-01
 -1.15676492e-01 -2.39677176e-01  1.25116959e-01  7.96488449e-02
  4.36102636e-02 -1.73549950e-01 -1.30160347e-01 -4.02332209e-02
 -3.93354595e-02 -3.53264958e-02 -2.15129741e-02 -2.51444038e-02
  6.74647316e-02  2.02940814e-02  1.19641721e-02 -2.58584674e-02
  1.40425667e-01  7.73590729e-02  5.60584031e-02 -2.11235493e-01
 -1.72637373e-01 -3.93737182e-02 -4.31655487e-03  3.74140255e-02
 -1.27753252e-02 -4.45658937e-02  3.89260612e-02 -1.33124128e-01
  2.53652665e-03 -6.50767833e-02 -1.84654780e-02  1.32909819e-01
  1.31437674e-01  6.07073195e-02 -1.80788219e-01 -1.29229546e-01
 -2.28813991e-01  3.05424016e-02  2.71097403e-02  2.10813209e-01
 -3.97732481e-02  4.57654111e-02  1.84792131e-01 -6.97089871e-03
 -7.59244636e-02 -1.24610271e-02  2.75575757e-01 -2.05671936e-01
 -5.59642985e-02  6.62739873e-02 -7.15528205e-02  9.12368819e-02
 -9.67538431e-02 -8.85871574e-02  6.11301064e-02 -1.25559255e-01
  1.06832676e-01 -1.25961214e-01  8.10868666e-02  1.35406911e-01
 -1.23491250e-01  4.57927436e-02 -7.15316162e-02  3.46785896e-02
  1.30667686e-01  7.45308411e-04 -2.57595684e-02  1.02240108e-01
 -4.95248437e-02 -6.59458488e-02 -1.00466825e-01 -2.07765847e-01
  1.79840848e-01  1.85856372e-01  7.08215963e-03  1.66531354e-01
  3.25670913e-02  1.42326698e-01 -1.05103552e-02 -4.65716422e-02
  1.80554409e-02 -9.34236869e-02 -4.07497734e-02  1.66667178e-01
 -4.73428853e-02 -1.41854778e-01 -5.81352338e-02  9.02792811e-02
 -7.02136457e-02  1.25952154e-01 -1.91148713e-01  1.34865254e-01
  1.46167710e-01 -5.50526232e-02  1.80365264e-01 -9.93359610e-02
 -1.50374278e-01  4.03457396e-02 -5.92234870e-03 -1.21108644e-01
  1.23414025e-02  2.32335273e-02 -8.81569013e-02 -1.35192955e-02
  1.89382129e-03  4.92707565e-02  8.58703926e-02  1.49381338e-02
 -1.60675257e-01  4.57475819e-02 -8.62743647e-04 -1.02688462e-01
 -3.95358987e-02  1.36359975e-01 -6.57316968e-02 -1.20938732e-03
  3.09037268e-02  8.70547295e-02  3.38260867e-02 -4.54621715e-03
 -5.43574132e-02 -2.39250734e-01 -6.63661137e-02  3.78563881e-01
 -4.47388068e-02 -1.70757473e-01  1.23818956e-01 -1.68253796e-03
  1.09799400e-01  2.18540415e-01  1.36021187e-03 -2.99408078e-01
  9.29554999e-02  9.82267261e-02  3.04782599e-01 -4.47565392e-02
  2.17200182e-02 -8.29849765e-02  9.51498598e-02 -3.39944422e-01
 -1.89777151e-01 -1.39978509e-02 -1.82879150e-01  2.45371789e-01
  9.01826844e-02  1.38938010e-01 -7.03536570e-02 -1.23828463e-01
 -1.29997149e-01 -4.09784541e-02 -8.42406824e-02  5.09360395e-02
  6.31591231e-02 -1.00403227e-01 -1.59088328e-01  6.15241639e-02
  9.12554115e-02 -5.98595361e-04 -2.46442184e-02 -1.93742253e-02
 -1.18804701e-01 -6.17654584e-02  5.54300845e-03  9.02406499e-02
 -4.09005024e-02 -6.21352866e-02  3.05432323e-02  2.26429567e-01
  5.74186519e-02 -2.20889270e-01  1.31770670e-01  8.50912854e-02
  1.57871261e-01  2.49585696e-02  5.67298234e-02  3.05727236e-02
  1.75362006e-01  5.15731573e-02 -4.38482091e-02  2.60256529e-01
 -1.53342202e-01  7.61149302e-02 -2.62063712e-01 -2.65597478e-02
 -1.01366773e-01 -4.94443662e-02  4.13673446e-02  1.00409999e-01
 -9.68882069e-03  2.17588786e-02  1.15815021e-01  1.68237418e-01
  9.57112536e-02  6.29404839e-03  1.21867500e-01  3.41271833e-02
  1.74564391e-01  1.54574692e-01  1.81738600e-01 -1.15878567e-01
  3.99726741e-02  2.48153582e-02  7.18470290e-02 -1.70937970e-01
 -8.72324109e-02  1.03124447e-01  8.97368789e-02  4.58693504e-03
  2.09201977e-01  1.83586515e-02  6.06666133e-02 -3.11871260e-01
  5.73596843e-02 -1.02491587e-01  4.17097518e-03  4.75660786e-02
 -1.08912878e-01 -1.49457440e-01 -1.39959380e-01  3.02615374e-01
 -1.00386135e-01 -2.30950415e-01  4.94700186e-02  3.12732570e-02
 -1.09632704e-02  5.68179786e-02  6.32432178e-02  2.80061625e-02
  2.05180235e-02  1.49533600e-01  5.05561270e-02  1.94034606e-01
  1.97023392e-01 -4.51093987e-02  7.99370855e-02  6.17267117e-02]