http://erau.edu/ontology/meme.owl#DonaldTrumpsBingBongSpeechMeme
[-0.05049329 -0.06362302  0.06154555  0.00538062 -0.05571832 -0.01577475
  0.02584876  0.03015874 -0.03210171 -0.10938817  0.11438971 -0.08951409
  0.04352119 -0.08700649 -0.05762194 -0.08516802  0.04765749  0.00048451
  0.02600957 -0.05072781 -0.06430679  0.16560669  0.06448478 -0.09546532
  0.11142118  0.05051743  0.09364392 -0.09499861  0.20445445  0.10498425
  0.09757049  0.11673357 -0.0669921  -0.04395451 -0.01673486  0.18393987
 -0.10061187  0.08474711 -0.00906722 -0.10006639 -0.07175077  0.08173312
 -0.23688053  0.05538091  0.17997618 -0.06070111  0.05964407 -0.01470279
 -0.05626592  0.04762375  0.11441594  0.00066457 -0.13187115 -0.1196406
 -0.06844566 -0.0328402   0.07356726 -0.05969087  0.033866    0.07651953
 -0.08657856 -0.02434027  0.11017292  0.07687655 -0.08577003 -0.03914787
  0.01344826  0.03416398 -0.1783866  -0.10319334 -0.16110368  0.1315019
  0.06124689 -0.03990835  0.02226193  0.03856232 -0.1175053   0.09364092
  0.13929842 -0.01677126 -0.01464028 -0.04579778 -0.0424449  -0.09914056
  0.16182394  0.0129673  -0.08093306  0.00394571  0.12710531  0.03068393
 -0.0720284  -0.14296032  0.11022247 -0.12760943 -0.09652644  0.0110479
  0.08947457  0.01022804  0.01515071 -0.03701214  0.1729163   0.00613777
  0.2865004   0.02107825 -0.08280187 -0.05987124  0.01746974 -0.00177728
 -0.10270038 -0.20208389 -0.01444463 -0.05618601 -0.07800458 -0.20445639
 -0.05230104  0.01450383 -0.19131921  0.06397902 -0.02928776 -0.00152108
 -0.00491148 -0.26028845 -0.100588    0.11203151  0.04137296 -0.03523458
 -0.05872228  0.05288988  0.10098312  0.02131413 -0.14781478  0.04590672
 -0.00386104 -0.13664018 -0.09492945  0.06295674 -0.00826742 -0.03110736
 -0.11726528  0.08680844 -0.11359751  0.01572927  0.0509819  -0.05524877
  0.12438463 -0.3051234   0.10093823 -0.03789847  0.10174988  0.18926235
  0.03519206 -0.08951559  0.05414089  0.18993542 -0.07959683  0.04987867
 -0.07721926  0.26665422 -0.0005584   0.03821084  0.03087145 -0.00549517
  0.05841181 -0.0063428  -0.16440317 -0.13652048 -0.02249434  0.08574781
 -0.2620947   0.08510585  0.01993234  0.068886    0.16951247  0.19545524
 -0.13992941  0.00776281 -0.05696247 -0.112557    0.09187416 -0.10226581
  0.00553185 -0.00736878  0.0513545   0.10946843  0.04453558 -0.09893296
  0.04553528 -0.03422248  0.20794792 -0.07557235  0.00518517 -0.07243994
 -0.16624483  0.06088338 -0.00502437 -0.0857138   0.0318558   0.06667963
 -0.03080429 -0.04810139 -0.02902444 -0.10946542 -0.05361376 -0.10176899
 -0.05131176 -0.2008983  -0.01736513 -0.01650496  0.11894952  0.0574908
  0.20800292  0.12192302  0.02032388 -0.07585952  0.00339356  0.05764379
 -0.05591865 -0.00865327  0.09735921  0.12234527 -0.00798951 -0.01848111
 -0.17792247  0.03990598 -0.02065988  0.03925023 -0.09160592  0.0204952
 -0.1834875   0.04013008  0.06665836 -0.05340077 -0.25915834 -0.04176341
 -0.06291613  0.01552194  0.01108462 -0.17054552  0.01246051 -0.13150385
 -0.07551248 -0.01545764  0.08545016 -0.03736562 -0.30838782  0.00879485
 -0.1071177   0.06774735 -0.10716424 -0.00369324  0.06559265 -0.03996009
  0.10933407  0.03540844  0.2613945  -0.01493821 -0.15721631  0.04388134
 -0.06493563  0.11400513 -0.15092753 -0.06808357 -0.05343025 -0.08586694
 -0.08748391 -0.18588795  0.04277137 -0.00184695  0.05640774 -0.04464878
 -0.10019518 -0.1549852  -0.1400668   0.10981278  0.09479494 -0.05324849
  0.17505975  0.1015215   0.0383423  -0.00991322  0.03999392  0.11357086
  0.00116682 -0.07577772 -0.14621542  0.03908101 -0.04813696  0.1198722
 -0.14684981 -0.264337    0.11240762 -0.0697838   0.02474884 -0.01880987
  0.05174741  0.09111199  0.13605107 -0.06186878 -0.19142126  0.0101983
 -0.17063332 -0.02134925  0.03600498  0.22937424 -0.04285054 -0.1366658
  0.21206374 -0.06334684 -0.06101228  0.0263795   0.37130028 -0.0903602
  0.03929961  0.03556256  0.00141058 -0.00240644 -0.0224643   0.0648701
 -0.00422206 -0.04248164  0.26584014 -0.11026545  0.15860265  0.13498057
  0.05476905 -0.10708543 -0.09682464 -0.0163953   0.17218079  0.06409413
  0.00964791 -0.05640761  0.02709462 -0.05617486 -0.0155533  -0.22926798
  0.10987619  0.10462879 -0.03334098  0.10813279 -0.01164131  0.0521143
 -0.07459774 -0.07897745 -0.19842246  0.02561003 -0.07105104  0.07423519
 -0.01320495 -0.16602522 -0.04082581  0.03277747 -0.08001775  0.21498184
 -0.11944401  0.09726141  0.01977031 -0.02217391  0.1619205  -0.03563285
 -0.12185366  0.14142539  0.01078273 -0.14341305 -0.04363791  0.05867757
 -0.01186601 -0.00111334 -0.03460785  0.02078861  0.11463931 -0.041017
 -0.21623561  0.02438121  0.13378213  0.01240839 -0.11440401  0.08359761
 -0.02549368 -0.01342982 -0.00488436  0.14624302  0.00768623 -0.1390861
  0.11651462 -0.18386701  0.01970607  0.1012961   0.05727733 -0.08955833
 -0.10080253 -0.02720561  0.08073454  0.27901295 -0.00612666 -0.18853013
  0.12550831  0.10171251  0.23007584 -0.0273032  -0.02879276 -0.03706143
  0.1149814  -0.26019883 -0.13066934 -0.01945068  0.06841698  0.20922408
  0.12241219  0.09288476  0.08980831 -0.22702093 -0.08486786 -0.09592089
 -0.10021032  0.05424723 -0.2015169  -0.21996135 -0.00677132  0.09193886
  0.19650237 -0.07711117 -0.1446528   0.05861164  0.01359999 -0.10437462
 -0.05699719  0.06006229  0.16133238 -0.07296211 -0.01293305  0.17503059
  0.01124045 -0.08168355  0.14161742  0.24395697  0.17037971  0.02337574
  0.13210136  0.16971473  0.13237302 -0.01458751 -0.18094361  0.36855412
 -0.36183763 -0.10224431 -0.2340023  -0.13338947 -0.17573246  0.0443005
  0.12088704  0.10034013  0.09793313 -0.00735711  0.1317783   0.04722967
  0.04439897  0.02657663  0.07552311 -0.08484259  0.05719326  0.04490327
  0.15214731 -0.04782108 -0.02470435  0.02120013  0.00516347 -0.11786352
 -0.02768186 -0.02616507  0.13059807 -0.11604951  0.05405322  0.1671717
  0.10715328 -0.2365458   0.08666206 -0.17164722 -0.05101092  0.15871105
 -0.00131029 -0.08934073 -0.15717262  0.2503331  -0.184249   -0.2442099
 -0.03223205  0.04108137  0.14491941  0.10159466 -0.04184426  0.06517421
  0.02752224  0.05456223  0.08203147  0.0678493   0.00435475 -0.08084145
 -0.03761742  0.05715436]