http://erau.edu/ontology/meme.owl#CoolGirlCallieMeme
[-1.03057481e-01 -1.11467682e-01  1.30318493e-01  6.23645447e-03
 -6.27097785e-02 -5.77330729e-03  1.10035419e-01  1.04825966e-01
 -7.79135944e-03 -1.01407617e-01  1.03683658e-01 -1.93246063e-02
 -1.67260423e-01 -1.31974086e-01 -6.96112737e-02  1.01726927e-01
  2.57194042e-01  5.57023436e-02  9.94404405e-02 -1.06436517e-02
 -2.56883025e-01  6.16475604e-02  1.48026079e-01 -8.81877318e-02
  2.28821918e-01 -1.69198096e-01  2.19141897e-02 -2.50045717e-01
  3.45155776e-01  2.87330985e-01 -6.99287653e-02 -2.33575478e-02
  1.27512202e-01 -1.01842880e-01 -1.86217576e-01  2.12981820e-01
 -2.12267533e-01  1.43156633e-01 -7.75576159e-02 -2.99054563e-01
  1.27236292e-01  3.22485059e-01 -2.93692231e-01  4.07667607e-02
 -3.15928683e-02  1.55936226e-01 -5.24979532e-02 -3.87800112e-02
  1.70470729e-01  8.17179829e-02 -3.78706194e-02 -1.04486821e-02
 -6.19507991e-02 -8.92261043e-02 -1.42929509e-01 -1.17699966e-01
  1.44164592e-01 -1.36833951e-01  1.03739813e-01  1.93335861e-01
  8.20874050e-02 -5.26666269e-02  2.81960189e-01  1.32184207e-01
 -6.32701889e-02  7.95858875e-02 -1.39520243e-01  2.99283024e-02
  6.81403652e-02 -1.94593817e-01 -1.77312315e-01  5.31367101e-02
 -1.42290816e-02  9.58977044e-02  9.09683630e-02  1.23415597e-01
 -7.69837201e-02  2.30153188e-01  8.31660032e-02  4.35972735e-02
 -1.62980810e-01 -7.36701339e-02  2.34765485e-01  3.85006256e-02
 -6.62554651e-02 -1.03735276e-01  1.09605208e-01 -3.39048430e-02
  2.06170082e-01  1.38021886e-01 -1.20250545e-01 -1.62177712e-01
 -2.95306798e-02 -1.54794320e-01 -1.18688032e-01  1.21777818e-01
  4.49235477e-02 -4.76245284e-02  5.57369888e-02 -1.32348001e-01
  1.17240168e-01 -7.09720328e-02  1.82706967e-01 -1.73926242e-02
  1.19532226e-02 -6.29566312e-02  9.01602805e-02 -8.82569253e-02
  2.71744002e-02 -2.02580735e-01 -3.70216779e-02  5.32511026e-02
 -6.59737065e-02 -9.86333489e-02  4.57914732e-02  2.67054830e-02
 -1.98685527e-01 -2.77959317e-01 -6.93115732e-03 -1.44928977e-01
 -1.70975477e-01 -8.39781165e-02 -1.57868803e-01  2.18711257e-01
  5.89627177e-02 -2.18095094e-01 -2.38786340e-01  1.21201903e-01
  9.78462249e-02 -3.99608538e-02 -1.39401570e-01  9.94232669e-03
 -1.69793561e-01 -8.50893334e-02 -9.12145749e-02  2.32472777e-01
  7.75926113e-02  2.85062790e-02 -2.82875687e-01 -1.98394522e-01
 -2.26135939e-01  1.41641706e-01  4.70849779e-03  9.18783247e-02
  2.47147709e-01 -2.14337006e-01  4.35544215e-02  3.65453996e-02
  7.66704828e-02  3.14836055e-01 -1.25786528e-01 -2.37499952e-01
 -1.13033593e-01 -7.61328964e-04  3.06714699e-03  6.10897504e-02
 -1.71944752e-01  1.37526408e-01  3.45720500e-02 -2.15518326e-01
 -2.18185619e-01 -2.39706457e-01  3.95804383e-02  2.59711239e-02
 -8.74667689e-02 -1.62235543e-01 -2.15708405e-01  1.45993218e-01
 -2.17198446e-01  4.50542010e-03 -2.82102767e-02  6.94313347e-02
  7.84816593e-02  7.30686560e-02  1.41987264e-01  7.40521476e-02
 -1.03930868e-01  3.13347988e-02  7.40541592e-02 -1.97114348e-01
 -1.73277617e-01  1.20175615e-01  8.76124948e-02  2.35304132e-01
 -1.90224320e-01 -1.22448713e-01  1.10211827e-01  1.71037689e-01
  3.01455408e-01 -3.99562120e-02  9.66547802e-02 -1.53771937e-01
 -1.14303976e-01  5.96745238e-02 -7.15069622e-02 -3.22117843e-02
  1.30376607e-01 -1.56848878e-01 -2.27104977e-01 -6.30291030e-02
 -1.98977794e-02  1.83865298e-02 -7.60342032e-02 -8.23135898e-02
 -1.67330712e-01 -2.84760833e-01  9.08700600e-02 -7.93425217e-02
  5.02646230e-02  2.00300172e-01  6.67047873e-02  1.92627624e-01
 -4.97865193e-02 -7.61207491e-02  3.04381419e-02 -6.30624145e-02
 -1.31503670e-02 -2.25043356e-01  3.67123961e-01  1.23485193e-01
  1.76861897e-01  4.56692614e-02 -2.22136945e-01  5.34135476e-02
 -1.46651655e-01 -8.40894654e-02 -1.37330592e-01  4.05951180e-02
 -1.88035592e-01 -2.11303215e-02  5.16575985e-02 -2.74337865e-02
 -4.70449179e-02 -1.97089642e-01 -8.67623985e-02 -7.16660579e-04
 -1.40261397e-01 -7.16851354e-02 -8.73184875e-02 -1.49514303e-01
  1.69830576e-01 -1.76053852e-01  3.01589202e-02  1.63674466e-02
 -4.14416730e-01 -5.40418029e-02 -3.06366831e-01  8.41632187e-02
 -2.83305079e-01  7.58823529e-02  3.76650468e-02 -1.33414537e-01
  7.22007081e-02  2.75191694e-01  2.86138803e-01 -8.03708211e-02
 -1.82818770e-01 -6.78094402e-02  6.44056872e-02 -4.18086238e-02
 -1.58037081e-01 -2.47429591e-03 -5.52420318e-02  6.40017213e-03
 -9.28394496e-02  3.89898382e-02 -3.03315550e-01  5.20118326e-03
  1.18063949e-02 -1.92994371e-01 -1.80209279e-01 -4.85301018e-02
 -6.39796779e-02  1.04623169e-01  9.81492326e-02 -1.13659091e-01
  6.37058392e-02 -7.50428215e-02  3.62696201e-02  1.01697624e-01
  2.41898939e-01  5.02936393e-02 -9.71673280e-02 -1.54005617e-01
 -1.98391154e-01  1.45840496e-02 -1.97811574e-01 -3.87727357e-02
 -1.44813329e-01 -1.04743540e-01 -4.84199375e-02 -4.48530093e-02
  1.34132057e-01 -1.40229926e-01  1.08760826e-01  6.85148761e-02
 -2.40014680e-02 -2.10313708e-01 -1.79875284e-01 -1.35255039e-01
 -1.43323720e-01  1.68232068e-01 -5.42746205e-03  1.67601526e-01
 -1.34800047e-01 -1.29947841e-01  6.61580339e-02 -9.16048884e-02
 -9.24977139e-02  2.03234538e-01  2.43648753e-01 -3.21524620e-01
  2.19577879e-01  2.96991430e-02  3.12108397e-02 -2.33282093e-02
 -1.24979101e-01  2.46934801e-01  2.66873948e-02 -4.94933873e-02
 -1.68924872e-02 -1.68056175e-01  2.11054742e-01  1.25112265e-01
 -1.21255614e-01  1.93923041e-01 -4.80822660e-02 -4.35779467e-02
  1.88555971e-01 -1.09232422e-02  1.87443137e-01  1.48872942e-01
 -5.65949408e-03 -4.43455614e-02 -5.18880673e-02 -9.67184827e-02
 -6.69378415e-03  1.45376891e-01 -4.14072983e-02  2.20085323e-01
  1.00500338e-01 -1.68542229e-02 -3.17998901e-02 -2.32463833e-02
 -2.43069693e-01 -2.02425029e-02 -2.98357338e-01  1.57134563e-01
  1.64143562e-01 -2.05118611e-01  4.98079583e-02 -1.64401844e-01
 -1.53643861e-01  2.18442589e-01 -1.90952972e-01  4.21344973e-02
  1.72722027e-01 -4.49958593e-02  1.36271641e-01 -1.12208247e-01
  4.74325120e-02  2.11446345e-01  6.66976869e-02  4.58939327e-03
 -7.81456307e-02 -3.63901220e-02 -1.30309209e-01 -1.00200772e-02
 -1.87764063e-01 -1.31457783e-02  9.15649086e-02 -5.30745089e-02
 -2.90093154e-01 -2.10940968e-02 -2.05350167e-04  8.99338105e-04
 -3.64515513e-01  1.04136840e-01  3.89706492e-02 -7.27203041e-02
 -4.34867246e-03  1.59602404e-01 -1.34369567e-01 -1.22946166e-01
  1.55796140e-01 -1.86660334e-01 -2.99034536e-01  8.75640735e-02
  3.97499055e-02 -1.83363110e-01 -1.62631705e-01  1.00772657e-01
 -2.07941812e-02  1.92288339e-01 -1.95846379e-01 -2.84267902e-01
  1.40749410e-01  1.61912441e-02  4.10553277e-01 -1.89673882e-02
  1.35295197e-01  4.42048013e-02  4.93460894e-02 -3.13260555e-01
 -2.32992455e-01  1.16860978e-01  1.41610160e-01  8.64582956e-02
  3.12360913e-01  3.01392023e-02  9.39139649e-02 -2.22235173e-01
 -1.89980552e-01 -2.54630119e-01  6.79521933e-02  1.80751830e-01
 -1.70608774e-01 -7.28791803e-02  3.87807302e-02  7.20556527e-02
  5.53263649e-02 -5.42962551e-02 -3.03740203e-02 -1.02400938e-02
 -3.37980352e-02 -2.46243209e-01 -7.56416842e-02 -5.95164001e-02
  1.91917107e-01  6.90646544e-02  1.88630506e-01  3.92557591e-01
  2.46313196e-02 -4.85784449e-02  2.32097492e-01  1.80676475e-01
  4.04699817e-02  1.00752622e-01  1.95999622e-01  1.06297843e-01
  4.85265674e-03  1.20739825e-01 -1.23578429e-01  3.62306714e-01
 -4.37224805e-01 -2.58333664e-02 -1.13571510e-01 -1.85371399e-01
  1.75730232e-02  1.26914874e-01 -4.24254015e-02  2.44090945e-01
  1.88025877e-01 -1.63885146e-01  3.48419249e-01  6.51333109e-02
  6.97607771e-02  1.46918714e-01  4.85592447e-02 -1.45395041e-01
  2.93005496e-01  1.90609396e-02  7.52924681e-02 -7.54611045e-02
 -2.84673333e-01  8.87823179e-02  6.67436197e-02 -2.05080479e-01
 -2.64618732e-03  9.86236185e-02  3.39120673e-03  6.33346960e-02
  1.71983659e-01  7.87322894e-02  5.36960214e-02 -1.08173646e-01
  1.51808903e-01  1.77331138e-02  9.17191878e-02  2.05628708e-01
 -3.49448659e-02 -1.01917624e-01 -9.22546238e-02  2.34638557e-01
 -1.25477329e-01 -1.11856304e-01  5.40953726e-02 -6.40518293e-02
  3.74324098e-02 -4.71977517e-02 -1.87585548e-01  7.86107108e-02
  8.75178911e-03 -1.32021606e-01 -8.32864782e-04  1.28943771e-01
 -6.73060417e-02 -4.91598547e-02  1.34743303e-01  2.33458474e-01]