http://erau.edu/ontology/meme.owl#GamingGopherMeme
[-3.88430394e-02 -1.85566053e-01  1.48430071e-03  2.35132826e-03
 -4.92188260e-02  8.69227946e-02  1.47304639e-01  2.46403483e-03
  7.48019069e-02  9.03650001e-03  1.64207816e-01 -5.77969179e-02
  1.09464517e-02  1.19372271e-01 -1.35469055e-02 -1.13888949e-01
  4.18132767e-02  1.73884735e-01 -4.02628444e-02  5.02382480e-02
 -2.32607976e-01  8.44967961e-02  1.02396049e-01 -1.10493481e-01
  5.86141795e-02  1.61401238e-02 -6.43084422e-02  1.27387485e-02
  2.69743532e-01  1.14701495e-01  5.59821315e-02  1.80941716e-01
  5.00635952e-02 -8.75053108e-02  2.40697470e-02  2.31214553e-01
  8.13905746e-02  2.68262830e-02 -6.83721248e-03 -5.99358641e-02
 -9.86384135e-03  2.12757841e-01 -1.85817316e-01 -3.43194678e-02
  6.28365576e-02  3.72048840e-02  7.01289549e-02 -1.11360319e-01
 -5.82078397e-02  2.15817597e-02  2.54510995e-03  1.90982886e-03
 -8.86403695e-02 -1.88612610e-01 -2.23271787e-01 -1.65643170e-02
  8.68199244e-02 -8.96063596e-02  2.33368963e-01  4.95613627e-02
 -7.61765912e-02 -3.24383341e-02  5.94504513e-02  8.13108906e-02
 -8.97588730e-02 -6.49882257e-02 -4.58822809e-02 -2.30925251e-02
 -9.04679596e-02 -8.90932679e-02 -2.00446188e-01  6.06740043e-02
  1.02530651e-01  1.69331908e-01  1.06607033e-02  1.03947692e-01
 -4.09098379e-02 -5.03456928e-02  1.50419548e-01  5.12136258e-02
 -1.30319640e-01 -9.11116153e-02 -1.55602723e-01 -2.02345654e-01
 -6.34296145e-03 -7.42314383e-02 -1.34299204e-01 -1.05915125e-02
  1.89547427e-02 -3.27231400e-02  3.73418517e-02 -2.51726359e-01
  2.90914234e-02  7.14506023e-03 -6.20981231e-02  9.61193293e-02
 -3.89689486e-03 -7.97896832e-02 -1.35590523e-01 -3.48618366e-02
  4.50057946e-02  6.73731193e-02  2.70726085e-01 -1.69927552e-01
  9.23052337e-03  7.37880990e-02  1.07454121e-01  1.81935206e-02
  8.06450248e-02 -1.11483365e-01  7.41743222e-02  5.07971160e-02
 -6.97220266e-02 -9.88243446e-02  8.69757906e-02  5.69389872e-02
 -1.79979399e-01 -1.86850622e-01  1.44860104e-01  1.41239479e-01
 -1.04852736e-01  2.69419141e-02 -3.42740417e-02  7.93502778e-02
  1.60501614e-01 -4.66071488e-03  7.75285587e-02  4.79284819e-04
  9.26787779e-02  5.80552667e-02 -2.57882297e-01 -1.22333884e-01
  4.81764339e-02 -4.57442850e-02 -3.92390415e-02  2.24796548e-01
  2.52703368e-03 -7.06719533e-02 -1.66620567e-01  1.19948909e-01
 -3.50559652e-01  7.57755414e-02  1.46404043e-01  1.45968303e-01
  1.84866324e-01 -1.96308106e-01 -4.45079617e-02 -1.91876337e-01
 -1.64619550e-01  1.06890723e-01  2.39397455e-02 -3.65276970e-02
 -7.85861015e-02  8.14795047e-02  3.47895585e-02  1.44993126e-01
 -1.75096348e-01  2.55311549e-01  2.35698409e-02 -1.52997449e-01
  1.09985761e-01 -2.17794701e-02 -3.82020250e-02 -6.90181628e-02
 -2.30457708e-01 -1.29313648e-01  1.15656175e-01  1.34556726e-01
 -3.64530385e-01  1.08981967e-01  1.31940898e-02  1.86026134e-02
  1.38369799e-01  2.23714396e-01 -4.20794860e-02  3.68892960e-02
 -3.00358124e-02  5.40943770e-03  1.36126861e-01  3.53888199e-02
 -1.27407923e-01  8.58948752e-02  1.36656882e-02 -3.64768729e-02
 -8.48406851e-02 -1.56089151e-02 -3.07798646e-02  1.06369384e-01
  2.17426881e-01  4.73960955e-03  7.57492110e-02 -4.54153791e-02
 -2.38400161e-01 -1.51801348e-01 -3.88302356e-02  2.45450716e-02
 -5.28660528e-02  1.89510524e-01 -1.27921984e-01 -7.22725242e-02
  2.60097161e-02  4.75885384e-02  2.91442350e-02 -2.67550126e-02
 -5.86861335e-02 -2.58966714e-01 -4.69729826e-02 -2.06560735e-02
  1.67644158e-01  1.50283709e-01  3.27223450e-01  1.47980213e-01
 -2.61723921e-02  1.65402759e-02 -7.03964834e-05 -4.69896980e-02
 -1.11606158e-01 -7.15488493e-02  7.14369267e-02  1.64166629e-01
  1.32782310e-01  1.96661413e-01 -4.38476168e-02  1.23151653e-01
  6.27660155e-02  1.63634587e-02 -3.51451822e-02 -4.84369732e-02
 -4.33244482e-02 -1.94352269e-02  1.74277127e-01  1.09191291e-01
  2.36901771e-02 -6.73534274e-02 -4.04439196e-02  7.00983331e-02
 -6.98884577e-02 -2.02277321e-02  9.55052897e-02  3.94984894e-02
 -4.96487133e-02 -6.66734874e-02 -2.16038674e-02 -9.84113142e-02
 -1.98369831e-01 -1.00818805e-01 -1.67474687e-01 -4.65940572e-02
  5.14096357e-02  5.84037974e-02  4.97012511e-02  1.31312376e-02
  1.00231908e-01  1.44941965e-02  1.58130437e-01 -4.89325076e-02
 -1.60334885e-01 -6.50812760e-02  5.48894256e-02 -2.43669059e-02
 -1.13618478e-01 -3.69011126e-02 -5.71510941e-02 -1.59811363e-01
 -9.49913040e-02 -2.01554969e-01 -6.38364404e-02  7.76453167e-02
  1.77659154e-01 -1.76265925e-01 -2.90129762e-02 -5.36622070e-02
 -6.20067865e-03  4.31663776e-03  1.00264505e-01 -7.41068125e-02
  2.55619492e-02  3.40503417e-02 -8.63984674e-02 -4.12418880e-02
  8.42680782e-02  1.20282717e-01 -3.21248360e-02 -5.83184138e-02
 -1.55695915e-01  1.63690466e-02 -1.38069704e-01  2.47403830e-02
  3.51728983e-02 -9.76472124e-02  5.00083044e-02 -1.75868943e-01
 -4.11086790e-02 -6.18143938e-02  1.21321296e-02 -2.05729827e-02
  1.17469311e-01  3.17910649e-02 -9.31880623e-02 -1.69600487e-01
 -2.02052310e-01  9.16605890e-02  4.51374799e-02 -3.84763516e-02
 -2.38163006e-02  2.23443434e-02  3.59855369e-02  8.32310989e-02
  8.03616177e-03 -2.97337770e-02  1.92182183e-01 -2.09173650e-01
 -9.56907868e-02  9.87757072e-02 -7.09761232e-02  9.32157710e-02
 -1.24657810e-01 -1.91139225e-02  6.05328828e-02 -1.37974396e-01
  1.50777223e-02 -1.33127347e-01  1.32135436e-01  1.52547643e-01
  4.05104533e-02  4.37174141e-02 -1.76844895e-01 -2.33334359e-02
  6.16689771e-02  3.52762043e-02  4.76263650e-02 -2.78090853e-02
 -3.36463414e-02 -1.60651848e-01  5.40633202e-02 -1.73367321e-01
  1.57023519e-01  7.54287019e-02  6.58367500e-02  4.62493896e-02
  3.05320835e-03  1.07268758e-01 -1.42792061e-01 -1.46836519e-01
  2.58578584e-02 -7.34513626e-02 -5.54917827e-02  4.31418270e-02
  4.17396761e-02 -2.14429334e-01 -8.73314589e-02  4.38513905e-02
 -9.68716219e-02  1.54914066e-01 -9.94652361e-02  6.77983388e-02
  8.18617940e-02 -5.87314740e-02  2.25700185e-01 -9.29989219e-02
 -4.32999618e-02  9.10286009e-02 -1.14841342e-01  4.13868912e-02
  8.83827657e-02 -9.18435231e-02 -1.20920919e-01  1.86340474e-02
  3.94234285e-02 -9.68090165e-03  1.32825971e-02 -1.48905352e-01
 -2.26619557e-01  1.59030527e-01 -1.26230009e-02 -5.28958552e-02
 -3.37417237e-02  1.96437500e-02 -1.79333687e-01  1.69769246e-02
  1.09218247e-01  2.65702248e-01 -1.82492495e-01 -1.08967207e-01
  7.27970824e-02 -1.46996900e-01 -5.63306250e-02  1.51402816e-01
 -1.24471344e-01 -1.17549315e-01  2.50023548e-02  9.01173130e-02
 -1.13575518e-01  2.51546174e-01 -5.10843806e-02 -1.48295030e-01
 -1.67763811e-02  1.15498520e-01  3.53179455e-01 -1.46426514e-01
 -6.46921992e-02 -2.27609977e-01 -2.69397926e-02 -2.57990897e-01
 -6.31376207e-02  4.35227714e-02  2.31094901e-02  3.68906885e-01
  8.13736096e-02  7.06151500e-02  1.72724023e-01 -8.77529532e-02
 -1.10023081e-01  1.41679100e-03 -1.32641166e-01  9.62292254e-02
 -5.67367151e-02 -1.31441131e-01 -5.42611368e-02  1.88840497e-02
  3.78453359e-02 -1.33573567e-03 -1.57106772e-01 -3.46934572e-02
 -1.17595783e-02 -2.37176284e-01 -7.70223001e-03  1.85550615e-01
  6.19068684e-04 -3.05685457e-02  1.18890032e-01  1.93633497e-01
  3.68073806e-02 -1.76394776e-01  1.20552421e-01  1.72244117e-01
  2.04485897e-02 -5.78825809e-02  2.68730652e-02  1.78989798e-01
  8.12265649e-02 -1.65400058e-02 -5.22991307e-02  2.26978257e-01
 -1.10043883e-01 -3.14658806e-02 -2.04709351e-01 -1.22251913e-01
 -9.46647301e-02 -1.29101519e-02  9.43612307e-02  6.91822618e-02
  5.18563725e-02  5.30976579e-02  1.84222504e-01 -4.48265970e-02
  1.14715479e-01  5.39135449e-02  4.03442867e-02 -1.09732822e-01
  7.78289884e-02  5.15508763e-02  1.17568523e-01 -1.94997460e-01
  2.47817542e-02  1.07346714e-01 -1.26265828e-02 -1.61988616e-01
  1.56042362e-02  1.08781114e-01  2.10554898e-01  2.88903899e-02
  2.22851545e-01  8.35996345e-02  9.76585876e-03 -1.40304044e-01
  1.21392742e-01 -7.91849643e-02 -6.71998486e-02  9.35477316e-02
  1.91853754e-02  2.54107174e-02 -1.05086163e-01  2.03969702e-01
 -1.58264294e-01 -1.93705469e-01 -1.23712346e-02 -9.17872116e-02
  1.10698573e-01  1.14367623e-02 -1.67085007e-01 -7.57200718e-02
  2.06220839e-02 -7.01420158e-02  1.11704297e-01 -3.08165536e-03
 -4.28754985e-02 -1.08365655e-01  5.86689413e-02 -2.60828119e-02]