http://erau.edu/ontology/meme.owl#AreYouSexuallyActiveMeme
[-2.21443102e-01 -1.43398836e-01  5.31871803e-02  2.53510028e-02
  1.40971811e-02 -5.41762933e-02  8.87807310e-02  6.86761215e-02
 -4.12079431e-02 -1.44696146e-01  1.42456889e-01 -1.06232531e-01
  8.79840255e-02 -8.80950391e-02 -8.27456117e-02 -2.36252695e-03
  1.08506046e-01  6.24519214e-02  6.31364956e-02  4.22994457e-02
 -2.16880754e-01  1.13945790e-01  7.65519142e-02 -1.41028240e-01
  2.01273173e-01 -3.90921608e-02  8.14274326e-02 -1.95016459e-01
  3.37730020e-01  2.09209234e-01  1.33153141e-01  8.40522423e-02
 -5.00354283e-02 -1.13964088e-01 -7.29677966e-03  2.33768016e-01
 -6.48207888e-02  9.03941244e-02  2.86050774e-02 -1.66854143e-01
 -5.35704009e-02  1.90669417e-01 -2.03127980e-01  1.39508843e-02
  1.71965718e-01  6.29017279e-02 -5.63448248e-03 -8.28661174e-02
  6.13955110e-02  1.14199361e-02  1.21103466e-01  4.22729366e-02
 -1.24556094e-01 -1.56222403e-01 -9.26266685e-02  8.46605655e-03
  1.09594539e-01 -8.51054639e-02  8.85625631e-02  1.14764147e-01
 -1.53300660e-02 -1.11381397e-01  1.77610919e-01 -9.33464896e-03
 -2.15312093e-02 -7.37897828e-02  3.54698151e-02 -1.36274602e-02
 -1.25000179e-01 -1.83078215e-01 -1.55758947e-01  6.58606663e-02
  1.31658033e-01 -4.23674993e-02  2.81515084e-02  3.59718613e-02
 -5.19185178e-02  1.24504179e-01  1.01078443e-01 -1.48822460e-02
 -2.47760173e-02 -5.81891276e-02 -8.27357173e-03 -1.07197940e-01
  1.11823872e-01 -5.68302767e-03 -7.57215172e-02  4.64794077e-02
  1.27893597e-01  2.52984441e-03 -1.10206358e-01 -7.90731162e-02
  1.26979694e-01 -1.13375843e-01 -1.09790124e-01  2.57184226e-02
  7.52862543e-02 -4.03757989e-02 -8.73313919e-02 -8.76016989e-02
  1.51333362e-01  1.00392848e-02  2.80930907e-01 -2.40366645e-02
 -1.18035693e-02 -1.49632245e-02  1.07507825e-01 -3.21239047e-03
 -8.60866606e-02 -1.09611057e-01  3.91866527e-02 -7.75941983e-02
 -1.36647403e-01 -1.81478947e-01  8.01921859e-02  1.17465062e-02
 -2.66056925e-01 -7.48040751e-02 -4.27100509e-02  5.87076396e-02
 -2.91657709e-02 -1.99477285e-01 -2.75842529e-02  1.51935250e-01
  1.10092729e-01 -1.59460887e-01  2.88480595e-02 -2.69948188e-02
  8.29743445e-02  5.27085476e-02 -1.77093431e-01  2.64630169e-02
 -6.58692122e-02 -1.18902743e-01 -1.02464028e-01  7.77989775e-02
 -3.33011523e-02 -4.72653173e-02 -1.35037035e-01  1.76010691e-02
 -2.15040758e-01  2.88659818e-02  1.40487924e-01  1.23559090e-04
  1.83241293e-01 -2.12564796e-01  4.53963839e-02 -6.63531572e-02
 -1.19566016e-01  2.10686550e-01  1.69408228e-02 -1.36206120e-01
 -3.78653128e-03  1.68562159e-01 -7.44420290e-02  1.11100078e-01
 -1.53461471e-01  2.30275571e-01  6.64665774e-02  2.61980705e-02
 -3.53149138e-02 -6.82973415e-02  3.44785452e-02 -3.50639187e-02
 -1.69856891e-01 -2.03071356e-01 -7.07510188e-02  1.19712941e-01
 -2.91772544e-01  8.85044038e-02  3.39944847e-02  1.92914695e-01
  1.95857659e-01  1.47783652e-01 -6.15995601e-02  3.41769941e-02
 -1.21209167e-01 -1.32436752e-01  9.39423069e-02 -9.94413644e-02
 -1.18471943e-02  9.40150991e-02  1.43971713e-03  2.99945530e-02
  3.82760912e-02 -6.54118434e-02  1.35244027e-01  3.99876535e-02
  1.46067977e-01 -8.77204612e-02  7.97009617e-02 -9.88539159e-02
 -1.41804352e-01 -4.23631333e-02  7.43978918e-02 -1.01581603e-01
 -2.57392917e-02  1.12789825e-01 -1.06942154e-01 -3.89886722e-02
  6.34696218e-04 -8.80500004e-02 -1.58516187e-02 -7.25450739e-02
 -6.78416118e-02 -2.67182946e-01  1.93662457e-02 -9.10110474e-02
  1.12311527e-01  1.15748800e-01  2.25230202e-01  9.89295170e-02
 -8.23201798e-03 -6.32467568e-02  6.67780340e-02 -3.50070521e-02
 -2.72767991e-02 -5.50306030e-02  9.89834741e-02  9.64139625e-02
  7.82274008e-02 -1.67301856e-03 -1.87466294e-01 -4.64167148e-02
 -1.67917870e-02  5.31530567e-02 -1.20994091e-01  1.02200471e-02
 -9.37194154e-02  1.08506959e-02  3.77711318e-02 -6.53184205e-02
 -2.32417479e-01 -1.31093681e-01 -1.94639452e-02 -1.56601854e-02
 -2.66191363e-02 -1.22128122e-01 -5.96234426e-02 -1.88948363e-01
 -5.39792096e-03 -4.86705042e-02  4.06692252e-02 -7.89915025e-02
 -2.28979453e-01  7.46359080e-02 -5.98253943e-02 -5.68866916e-03
 -1.81247983e-02  6.68342710e-02  3.25500444e-02  4.56557289e-04
  1.32189244e-01  3.73879634e-02  2.03043997e-01 -4.76690046e-02
 -9.79062617e-02  8.25411454e-02 -3.88329402e-02  1.91485181e-01
 -1.16167329e-01 -8.28312561e-02  3.80640617e-03 -5.88442497e-02
 -4.16467600e-02 -1.17321037e-01  6.81741014e-02  2.24318504e-02
 -1.45723601e-03 -1.00700140e-01 -1.03628926e-01 -5.99342361e-02
 -1.08246341e-01  2.17914060e-02  9.13322642e-02 -5.11231497e-02
  1.26827821e-01  2.99740229e-02  3.10891047e-02  2.82091908e-02
  1.37025312e-01  6.50010630e-02  2.66150832e-02 -1.11985460e-01
 -1.12576224e-01 -3.07088476e-02 -1.64012741e-02  7.22134262e-02
 -3.26948725e-02 -1.46964416e-01 -2.26238500e-02 -1.26424685e-01
  9.21049640e-02 -7.95684829e-02  7.04247132e-02  6.85559586e-02
  1.14841713e-02 -1.58299059e-02 -1.42879844e-01 -2.06037927e-02
 -1.22109532e-01 -2.73036994e-02  2.50073441e-04  2.20658898e-01
 -7.50848502e-02 -6.21788204e-02  1.81498259e-01 -8.33235607e-02
 -7.93716908e-02  1.82540119e-02  1.81675717e-01 -1.23342194e-01
  5.21960210e-05  1.37851229e-02 -2.83584613e-02 -1.92558430e-02
 -2.16061268e-02  9.60954502e-02 -4.49749865e-02 -8.13153535e-02
  2.14704052e-01 -8.01766589e-02  1.80965871e-01  1.13585114e-01
 -1.49732009e-02 -4.12771218e-02 -1.16080068e-01  1.94705799e-02
  1.57505170e-01 -2.97671910e-02  2.73040570e-02 -3.67375053e-02
  4.33648974e-02 -6.53336048e-02 -1.49230704e-01 -1.93550020e-01
  8.22105110e-02  6.26897812e-02 -1.94506638e-03  1.29277319e-01
 -5.39637692e-02  5.20015731e-02 -5.52904494e-02 -7.86718205e-02
 -1.76394731e-01 -1.12513397e-02 -8.58848169e-02  1.72061175e-01
 -9.40822344e-03 -1.25660300e-01  1.82887446e-02  8.14541504e-02
 -1.38205111e-01  1.76907271e-01 -1.52169183e-01  6.31289557e-02
  3.25257406e-02  8.99367779e-03  1.07661642e-01 -4.42862399e-02
 -1.41366735e-01  9.38113034e-02  3.18773687e-02 -4.26874422e-02
 -2.55197976e-02  1.28123183e-02 -5.12097888e-02  1.24076353e-02
  2.63852570e-02  6.73124790e-02  4.29259315e-02 -1.19640469e-03
 -1.57368258e-01  5.06633632e-02  1.97066236e-02 -5.54846488e-02
 -2.48419251e-02  9.70833302e-02  1.04570150e-01  1.28280222e-02
 -1.40285334e-02  1.17756650e-01  1.00027956e-01 -7.13166595e-02
  1.02529079e-01 -1.66869432e-01 -1.37646228e-01  2.30759308e-01
  6.42105006e-03 -1.75288633e-01 -7.70501373e-03  6.79606050e-02
  1.00422055e-02  2.90711880e-01  2.87683364e-02 -2.95628279e-01
  5.98673709e-02  9.72208381e-02  3.74149889e-01 -8.64573717e-02
 -9.01679024e-02 -3.93676125e-02  1.07541353e-01 -2.95131356e-01
 -2.19840199e-01  5.77816814e-02 -1.10560970e-03  3.45951378e-01
  1.46092117e-01  6.50440678e-02  1.64997242e-02 -1.85131148e-01
 -1.06618702e-01 -3.98935750e-02 -1.71428397e-02  9.45617557e-02
 -1.03938080e-01 -1.31623983e-01 -5.27397096e-02  1.78455055e-01
  1.41405821e-01 -1.01911306e-01 -7.85611644e-02 -3.59379424e-04
 -3.84435616e-02 -6.19279146e-02 -1.99076929e-03  9.62876156e-02
  1.07346825e-01 -1.44591331e-01  4.24481072e-02  1.70194075e-01
  3.16870958e-02 -1.52644023e-01  1.14079252e-01  1.66349396e-01
  1.24691375e-01  5.21649718e-02  8.66782814e-02  9.09800008e-02
  1.01118818e-01  9.07850638e-02 -1.21487379e-01  2.40453362e-01
 -2.70251662e-01 -4.11372557e-02 -1.42423764e-01 -1.10942125e-01
 -1.56359434e-01  2.87134908e-02  1.01676725e-01  9.46057364e-02
  8.12513009e-02 -6.37739599e-02  1.46600053e-01  6.18230291e-02
  4.68374304e-02  7.58918226e-02  1.43246323e-01 -3.57848778e-02
  1.60552517e-01  6.81605339e-02  1.69043407e-01 -1.26648501e-01
  4.15276131e-03  9.04533360e-03  6.91036209e-02 -1.33501545e-01
 -2.10185517e-02 -3.66271883e-02  1.31448001e-01 -6.11042455e-02
  1.14755914e-01  1.25387266e-01  7.49175176e-02 -2.11798757e-01
  7.61125013e-02 -1.72276601e-01 -7.56977648e-02  1.66959047e-01
 -1.95094422e-02 -9.01381969e-02 -1.19502738e-01  3.34175467e-01
 -1.69501886e-01 -2.12727070e-01 -2.96050273e-02 -2.40722001e-02
  1.13145575e-01 -6.39060093e-03 -5.02367765e-02  3.43230814e-02
  2.30558775e-02  8.84865746e-02  9.54792798e-02  1.23718724e-01
 -4.76549491e-02  4.86026146e-03  5.32248691e-02  1.25111118e-01]