http://erau.edu/ontology/meme.owl#MatthewMcConaugheyMeme
[ 1.43548861e-01 -8.72283280e-02 -2.67014448e-02  9.15135294e-02
 -4.10494991e-02  1.00946561e-01  7.54759123e-04 -4.50893193e-02
  5.10034971e-02 -1.73850432e-02  7.70429596e-02  6.29972667e-03
 -1.05044790e-01  4.61914316e-02 -5.48155122e-02 -1.50190905e-01
  6.21243604e-02  1.08607017e-01 -8.95024166e-02  5.47670573e-02
 -1.16470791e-01  1.69981971e-01 -1.10030398e-02 -6.66422769e-02
  1.48818702e-01 -2.21046768e-02 -1.47627285e-02 -4.44617569e-02
  2.42943540e-01  1.22775234e-01  1.30228817e-01  1.55637860e-01
  8.60627294e-02  1.90733280e-02 -5.63914850e-02  2.79001325e-01
  5.45174032e-02  6.98358491e-02 -7.03395605e-02 -4.42907177e-02
 -2.77604293e-02  1.09223768e-01 -1.88536674e-01  5.09089930e-03
  3.09700556e-02  2.93059461e-02  8.66565555e-02 -2.09557712e-01
 -5.01539409e-02 -1.94413424e-03 -1.01801138e-02  4.86768112e-02
 -1.21077679e-01 -1.56637073e-01 -1.94438428e-01  5.58625301e-03
  5.01866899e-02 -1.83650598e-01  2.14656338e-01 -5.80029599e-02
  9.01929885e-02  3.26751098e-02  7.84807578e-02  1.83047671e-02
 -6.48344234e-02 -1.21509254e-01 -1.01470640e-02 -3.30889015e-03
 -2.55495515e-02  3.58027928e-02 -1.15371294e-01  5.05567975e-02
  6.29815608e-02  5.39712347e-02  3.75288501e-02  7.68783242e-02
 -2.73597073e-02 -4.75500114e-02  1.05951808e-01 -7.18489885e-02
 -1.47237387e-02 -1.55316308e-01 -7.70488158e-02 -1.50669917e-01
  5.72290234e-02 -8.15068954e-04 -6.53105155e-02 -1.38578545e-02
  2.51340996e-02 -9.09939781e-02  7.02214167e-02 -2.07154542e-01
 -2.24737916e-02 -5.86673170e-02 -3.33212912e-02  4.03228514e-02
  4.70074341e-02 -5.13429120e-02 -3.43796564e-03  5.36301024e-02
  1.46097496e-01  7.63956457e-02  2.80466944e-01 -6.55983537e-02
  5.37705980e-03  1.39539167e-01 -3.57313850e-03 -1.41994460e-02
 -2.37079952e-02 -9.21563730e-02 -4.32785191e-02  5.65145165e-02
  5.23111634e-02 -9.81654301e-02  9.80751291e-02 -2.82396283e-02
 -1.53429791e-01 -5.55633083e-02  2.25939900e-02  8.65391120e-02
 -1.44209996e-01  4.16755192e-02 -1.20400585e-01  3.64569090e-02
  6.85122758e-02  1.13591440e-02  4.33845893e-02  1.94600485e-02
  1.02062039e-01  4.46375012e-02 -2.62507379e-01 -6.53625652e-02
 -8.05184990e-02 -4.82466966e-02 -3.60449180e-02  1.45720154e-01
  2.39278544e-02 -4.63509597e-02 -6.10214397e-02  9.78867263e-02
 -1.59103245e-01  1.21653929e-01  1.73756525e-01  2.90166177e-02
  1.86200425e-01 -2.46547431e-01 -2.52071563e-02 -4.71326262e-02
 -1.20156452e-01  2.39988659e-02  2.44676992e-02 -3.24599259e-02
 -7.81661421e-02 -2.60439180e-02  6.98727667e-02  1.23947993e-01
 -1.47699341e-01  1.56111360e-01  1.01356478e-02 -9.25074518e-02
  5.01998514e-03  2.80212071e-02  1.68493185e-02 -4.72347736e-02
 -2.59649158e-01 -1.21920723e-02  1.12944581e-01  2.20022142e-01
 -2.62604445e-01  1.44692317e-01 -5.88510558e-03  3.37328874e-02
  1.55074239e-01  1.76821426e-01 -1.75059941e-02 -1.24029946e-02
  7.33316913e-02 -4.24469933e-02  1.29018307e-01 -8.93443376e-02
 -1.62995294e-01 -3.16812359e-02  4.39422466e-02 -4.30444293e-02
 -2.32494180e-03 -5.89490542e-03  9.11939815e-02  8.54208320e-02
  7.07800984e-02 -1.23754991e-02  5.07673807e-02 -4.80704494e-02
 -5.81328496e-02 -1.07752189e-01  1.00268768e-02 -9.74381417e-02
  7.94541761e-02  7.46541023e-02  7.38001382e-03 -9.48231295e-02
  5.00053093e-02  2.90122721e-02  7.75441974e-02  7.36709982e-02
 -5.11959307e-02 -3.11219156e-01  6.64433558e-03 -1.65313911e-02
  1.44282922e-01  1.36498287e-01  2.61972249e-01  9.79453046e-03
  2.30531823e-02  1.00987786e-02 -1.63550992e-02 -3.26291546e-02
  4.26125480e-03  2.59783957e-02  1.79160833e-01  1.12669691e-01
 -6.16314448e-02  1.58861056e-01 -4.61651646e-02  1.21388197e-01
  8.44583362e-02  1.47363506e-02 -9.99077340e-04 -2.45068725e-02
 -5.58785759e-02  8.23088456e-03  6.57525510e-02  1.65103562e-02
 -1.93533357e-02 -1.67089075e-01 -1.29440382e-01  9.73441347e-04
 -3.29886959e-03 -1.44671112e-01  3.63944331e-03 -1.03584640e-02
 -6.46164641e-02 -1.06355198e-01  6.08142912e-02  1.37496088e-02
 -1.39894843e-01 -6.86022341e-02 -7.49118626e-02  4.71944660e-02
  6.28056973e-02  6.01982139e-02  9.41439644e-02  6.96095601e-02
 -6.16782019e-03 -7.62064010e-02  1.65651351e-01  6.56512231e-02
 -1.57055557e-01  1.33828521e-01  6.56900629e-02  3.08406260e-02
 -8.70642737e-02 -5.89857064e-02 -9.51551795e-02 -2.27877975e-01
 -7.84842595e-02 -1.65239990e-01  3.45647074e-02  1.21137470e-01
  6.34200871e-02 -1.87177986e-01 -9.22163352e-02 -1.46627173e-01
  3.98365520e-02 -8.44566151e-02  4.15370390e-02  3.79930511e-02
  6.05762899e-02  4.00939696e-02 -3.10648629e-03 -7.15266913e-02
  1.32216766e-01  3.28518562e-02 -9.45586991e-03 -4.78973240e-02
 -1.15133569e-01  2.39146780e-02 -1.45431042e-01  4.87687858e-03
 -6.69909194e-02 -1.15574924e-02  1.06332794e-01 -1.85928538e-01
  1.91749949e-02 -3.50952819e-02 -2.68548913e-02 -6.26955554e-03
  1.85367540e-01 -7.07507553e-03 -1.06798843e-01 -1.04799666e-01
 -1.52300730e-01  8.99552107e-02 -2.84516104e-02  1.63899399e-02
 -3.34609188e-02 -2.34570354e-02 -6.83161318e-02 -3.03363539e-02
 -4.81809899e-02  6.01591356e-02  2.63790697e-01 -1.27297804e-01
 -1.16434522e-01 -3.80818360e-02 -1.48683026e-01  2.05540024e-02
 -5.46751656e-02  6.51317313e-02 -2.64749024e-02 -6.23882823e-02
  1.85111910e-02 -8.22151825e-02  6.92838728e-02  1.95589945e-01
  3.25448290e-02  1.25673801e-01 -2.75019091e-02  2.71051116e-02
  1.16650291e-01  5.38019873e-02  4.38475162e-02 -5.90069778e-02
 -3.21884491e-02 -2.32366234e-01  1.00928359e-01 -1.22022741e-01
  2.47892603e-01  3.17058489e-02  7.49140978e-02  1.00690916e-01
 -2.39476678e-03  2.78943460e-02 -5.94216697e-02 -1.18484966e-01
  8.16351548e-02 -1.76578701e-01 -1.68821663e-02  4.20056330e-03
 -1.48089612e-02 -8.60644951e-02 -1.54428268e-02 -4.98123728e-02
 -6.26231804e-02  1.06117211e-01 -1.46936581e-01  6.24031276e-02
  7.27372989e-02  1.29590079e-01  2.05056608e-01 -1.24838799e-01
 -2.24577207e-02  3.50075327e-02 -3.05832606e-02 -6.75630644e-02
  1.56498309e-02 -2.94219758e-02 -5.99764921e-02  1.58278048e-02
  1.05406463e-01  4.01992202e-02 -1.24543654e-02 -2.13252231e-01
 -2.05623358e-01  9.47452113e-02  1.98693713e-03 -5.44792786e-02
 -1.78661551e-02  8.89130682e-02 -1.12405628e-01 -3.45121920e-02
  9.36676115e-02  1.61480412e-01 -1.64382771e-01 -1.07204221e-01
 -1.95093919e-03 -1.07280314e-01 -7.18868673e-02  1.63384020e-01
 -2.72088870e-02 -4.55985703e-02  2.35783542e-03 -2.68411357e-02
 -7.31046721e-02  1.65954486e-01  7.14090141e-03 -1.09558553e-01
  6.12007454e-02  5.69305643e-02  3.34581405e-01 -1.06547229e-01
 -5.54391518e-02 -2.36719906e-01  6.07421063e-02 -1.64482221e-01
 -1.02365375e-01  4.37305868e-02 -4.29946706e-02  3.51077378e-01
  1.28899574e-01  1.95007436e-02  8.65186453e-02 -4.85598631e-02
 -2.96476930e-02 -3.89754809e-02 -9.55632403e-02  5.02604321e-02
 -1.00589208e-01 -1.42926261e-01 -7.54262730e-02 -1.05969864e-03
  1.41620934e-01 -6.25500828e-02 -1.91563651e-01  2.22787336e-02
  4.60558906e-02 -1.68221444e-01 -1.01285197e-01  1.44138351e-01
  1.55955076e-01  3.32037099e-02  1.18418947e-01  1.56017900e-01
  1.11363945e-03 -1.93825021e-01  2.15448052e-01  1.81742057e-01
  9.86678973e-02 -1.45906210e-01  1.20983720e-02  1.55745283e-01
  5.53836413e-02  4.82512638e-03 -7.22165257e-02  2.25723207e-01
 -1.71049297e-01  1.60116851e-02 -1.55235320e-01 -2.97492333e-02
 -1.13260470e-01  2.70251129e-02  5.79580367e-02  7.08407462e-02
  2.17836961e-01  1.55884940e-02  1.86389938e-01 -1.76034253e-02
  1.80741102e-01  7.14777187e-02  1.74954254e-02 -2.71154015e-04
  5.58021031e-02  1.34520009e-01  1.72687277e-01 -8.68560746e-02
  1.23718403e-01  1.09062985e-01  3.72919999e-02 -1.41872779e-01
 -2.59439535e-02  8.34866315e-02  1.91815734e-01  8.56056511e-02
  1.17533736e-01  5.82244731e-02  3.45470607e-02 -1.49223253e-01
  1.07914321e-01 -5.71644902e-02 -9.08285156e-02  6.43961728e-02
  2.51126215e-02 -6.36499673e-02 -6.19135574e-02  5.61127625e-02
 -7.46830702e-02 -1.34290949e-01 -1.33469418e-01 -2.31417827e-02
  8.88335630e-02 -7.20887706e-02 -1.70469970e-01 -7.81049281e-02
 -4.26925644e-02 -6.22888766e-02  1.99764326e-01  1.91836618e-02
  1.85519699e-02  1.75984539e-02  2.96580549e-02 -3.33163748e-03]