http://erau.edu/ontology/meme.owl#CircleJerkMeme
[-1.96766332e-01 -8.65984261e-02  1.31451875e-01 -1.55392066e-02
  7.33804777e-02  6.71788901e-02  2.23461956e-01  1.06075212e-01
 -6.72339872e-02 -1.27555847e-01  3.91663834e-02 -6.59866408e-02
  5.87865338e-03 -1.06068052e-01 -1.20894410e-01  1.36650532e-01
  1.19971059e-01  4.72714975e-02 -6.12655468e-02  2.20478438e-02
 -1.67222932e-01  8.58335719e-02  9.37451869e-02 -1.46542013e-01
  1.39851496e-01 -2.49757133e-02  4.84283194e-02 -1.78827673e-01
  2.08593071e-01 -4.26900061e-03  1.21090584e-01  4.93374206e-02
  8.26993957e-02 -1.27292797e-01 -4.64820787e-02  1.86833680e-01
 -9.57008675e-02  9.31447446e-02 -5.46399085e-03 -1.35549307e-01
  2.14473419e-02  2.22807541e-01 -1.91418707e-01 -4.53517959e-02
  2.89913150e-03  1.15596028e-02 -1.53302504e-02  3.58809903e-02
  2.26888061e-03  8.28231312e-03  1.22598790e-01  3.68829444e-02
 -1.46123320e-01 -9.40552428e-02 -1.38206244e-01 -7.30355680e-02
  8.03989843e-02 -1.48095950e-01  1.27524406e-01  1.33710817e-01
  3.02721988e-02 -8.14606920e-02  2.06886515e-01  1.33821713e-02
 -9.17832851e-02 -5.85671440e-02  7.01323599e-02 -1.35630980e-01
 -6.10939115e-02 -1.24158598e-01 -3.02698575e-02  1.31660625e-01
  1.34291902e-01  3.73293199e-02 -3.52815841e-03  1.14144385e-01
 -1.26094282e-01  6.22920729e-02  7.74046555e-02  6.36641756e-02
  2.87543749e-03 -1.24170750e-01 -7.05560595e-02 -1.69546679e-01
  1.00396536e-01 -6.21117540e-02 -7.45448619e-02  1.23897493e-02
  1.05910100e-01 -4.79473099e-02 -2.09555626e-02 -1.96651652e-01
  9.96719524e-02 -2.45005712e-02 -4.08762172e-02 -1.66443514e-03
  1.22134164e-02  4.29061651e-02 -5.34280986e-02 -1.39608398e-01
  2.93246824e-02  1.73114873e-02  3.08222324e-01 -1.06886044e-01
 -2.30348960e-04  4.33922596e-02  2.00785682e-01 -1.78041551e-02
  1.51170455e-02  1.79944783e-02 -4.94021662e-02  8.18647537e-03
 -1.88981190e-01 -3.25844772e-02 -8.30219164e-02  5.15150838e-02
 -2.82284677e-01 -1.37068599e-01 -3.07420976e-02  9.08490270e-02
 -8.22448265e-03 -8.65698010e-02 -8.60277563e-02  1.97562516e-01
  2.60126647e-02 -8.32739323e-02  2.51444448e-02  3.51241627e-03
  9.89718214e-02 -1.97099335e-03 -1.22189127e-01 -2.10326258e-02
 -2.48658936e-02 -1.99398007e-02 -2.44034715e-02  1.21335395e-01
  1.04873881e-01  1.10606870e-05 -1.74678162e-01  3.78094912e-02
 -1.89342588e-01  1.29695728e-01  8.63374174e-02  9.31164026e-02
  2.33264819e-01 -1.46033198e-01  2.74143070e-02 -4.04292382e-02
 -5.93161285e-02  1.23387791e-01 -1.50969550e-02 -8.89896080e-02
 -1.13106653e-01 -7.72877038e-02 -4.01005521e-02  6.93643019e-02
 -1.69695631e-01  1.35287195e-01  1.11866973e-01 -9.97919291e-02
 -7.02756876e-03 -1.17384404e-01  1.15957772e-02 -1.10701188e-01
 -1.64003387e-01 -2.01523229e-01 -1.12264767e-01  1.11202605e-01
 -2.02142179e-01  1.11074425e-01  4.61421609e-02  2.03152359e-01
  1.34394988e-01  1.37797654e-01 -1.11309867e-02 -9.78189111e-02
 -4.79729101e-02 -1.18519114e-02  1.19117215e-01 -1.56820808e-02
 -1.00016721e-01  1.42027587e-01  9.12178829e-02 -4.64718789e-02
 -9.35214311e-02  4.62343963e-03  1.01459883e-01  6.12960681e-02
  1.36486217e-01  1.62420049e-02 -5.77160046e-02  4.99158585e-03
 -2.75804311e-01 -7.12926537e-02 -2.36122999e-02 -4.46942411e-02
  8.57372116e-03  8.37680921e-02 -1.49812266e-01 -9.66917425e-02
 -5.80544658e-02 -2.41907928e-02  1.46279410e-01 -4.75034863e-02
 -1.14975117e-01 -3.43746781e-01  8.29506516e-02 -1.18146501e-01
  1.64950103e-01  1.43029079e-01  2.77562976e-01  1.16209283e-01
 -4.01584208e-02 -1.28604606e-01  1.37062520e-01 -4.07002158e-02
 -7.62479678e-02 -8.23155195e-02  1.91983193e-01  1.23103216e-01
  1.67909548e-01  1.83994383e-01 -1.15589112e-01  1.11515599e-03
 -5.53274853e-03  5.63259907e-02 -1.68461159e-01 -1.20992236e-01
  5.49453162e-02 -2.57257186e-02  1.17986083e-01 -1.04861453e-01
 -1.11704275e-01 -1.38231561e-01  1.21534079e-01  1.61068767e-01
 -1.27387211e-01 -1.85284950e-02 -5.59382187e-03 -1.82154533e-02
  2.87935492e-02 -7.06814677e-02  5.90139106e-02 -5.93402386e-02
 -2.11581022e-01  2.16141157e-02 -2.49261513e-01 -9.31983441e-02
 -1.07302837e-01  1.12124592e-01  1.42369002e-01  9.46622062e-03
  1.40188411e-01  1.03403166e-01  9.74012017e-02 -9.43994671e-02
 -7.71418810e-02 -7.09527433e-02  7.42074028e-02  5.40301912e-02
 -1.29159883e-01 -2.28100762e-01 -1.63728781e-02 -9.31817591e-02
 -1.01811945e-01 -1.19593412e-01  3.39831822e-02  9.74650159e-02
  9.55073014e-02 -1.08480126e-01  3.80764790e-02 -1.62294269e-01
 -2.56802272e-02  6.02117041e-03  1.67445391e-01  4.15200330e-02
  1.00910045e-01 -1.52308375e-01  9.53688379e-03  8.39142799e-02
  1.46025449e-01  1.10939875e-01 -3.49084809e-02 -1.84985355e-01
 -1.23861089e-01  2.55786721e-03  2.85215992e-02 -9.37125385e-02
 -3.10502928e-02 -1.54675007e-01  5.56022823e-02 -1.58044264e-01
  3.65210548e-02 -1.45617396e-01 -6.63359314e-02  7.82593712e-02
  5.60996942e-02 -8.43139365e-02 -4.09357771e-02 -1.28511220e-01
 -1.57168806e-01  1.54283028e-02 -3.81820239e-02  6.61132112e-02
  1.79084260e-02 -6.11192845e-02  1.63059264e-01 -7.31494576e-02
 -8.58451724e-02  1.61921978e-01  2.25097775e-01 -1.61322579e-01
  7.41021335e-02  7.88061842e-02 -3.45737599e-02 -8.79819691e-03
 -9.25931782e-02  2.92043248e-03  1.20308116e-01 -7.23735243e-02
  8.58342424e-02 -2.09485322e-01  1.33443028e-01  1.41608641e-01
 -4.19579521e-02  3.64230685e-02 -1.40410155e-01  5.55596873e-02
  1.21668316e-01 -1.66037474e-02  7.15138018e-02  3.11684795e-02
  8.30558478e-04 -1.58033129e-02 -1.04961962e-01 -9.64506418e-02
  1.54812243e-02  1.19059965e-01 -3.22733261e-02  6.76571950e-02
  7.51937255e-02  1.20412126e-01  4.10033204e-02 -2.82151606e-02
  7.87008647e-03 -6.59234747e-02 -1.60590157e-01  7.95098245e-02
 -8.86020288e-02 -1.57535166e-01  1.46999781e-03 -2.57658996e-02
 -1.21098354e-01  3.31522594e-03 -2.61682540e-01 -6.91074599e-03
 -5.32974489e-03  9.86009091e-03  1.63911045e-01  5.36792539e-02
 -7.37732947e-02 -3.67988981e-02 -3.99308987e-02 -4.13978584e-02
 -1.59357151e-03 -7.19174594e-02 -9.99091417e-02  7.57552087e-02
 -3.56309228e-02  3.76230292e-02 -1.25787342e-02  2.06503440e-02
 -1.25883713e-01 -3.19885537e-02 -3.79133457e-03 -9.35471058e-02
 -1.70806944e-01  1.31011764e-02 -4.02967222e-02  7.36898482e-02
 -7.65364096e-02  1.99668095e-01 -1.81569569e-02 -2.44111381e-02
  2.79868748e-02 -8.93114954e-02 -1.67270854e-01  1.59869969e-01
  2.60967277e-02  1.85555890e-02  7.54119549e-03  1.26939148e-01
  1.51270535e-02  2.20052287e-01 -1.19542107e-01 -2.33552292e-01
 -3.57324295e-02  1.24156989e-01  3.11870635e-01  1.20559875e-02
  1.14239670e-01 -9.18446928e-02  3.72194089e-02 -1.46269068e-01
 -1.70284599e-01  1.20244250e-02 -3.89478728e-02  1.64115161e-01
  1.46452919e-01  2.03154787e-01  2.65001785e-03 -2.53235221e-01
 -1.43820941e-01 -1.11074954e-01  1.25917122e-01  3.90987843e-03
 -3.19279991e-02 -1.10979781e-01  2.37002224e-02  9.12735313e-02
  3.77241783e-02 -2.10957341e-02 -5.28589897e-02  3.68382819e-02
 -4.81925942e-02 -1.06228657e-01 -4.28734049e-02  1.02227949e-01
  1.69391274e-01 -4.99846563e-02 -2.22626235e-02  2.29999125e-01
  8.83717611e-02 -9.95448008e-02  2.46452332e-01  5.55203073e-02
  1.71580046e-01 -6.69068545e-02  1.96854416e-02  1.28161162e-02
  1.55226991e-01  1.82390347e-01 -1.63211107e-01  2.48402506e-01
 -2.97502518e-01  1.63103119e-02 -2.11953804e-01 -1.36947408e-01
  3.99572141e-02  2.21808460e-02  8.94818902e-02  7.17198551e-02
  9.15421993e-02 -2.84485077e-03  1.68591544e-01  3.38861421e-02
  1.35674983e-01 -1.44394999e-02  3.34608182e-02  4.56932262e-02
  6.73613921e-02  1.72595859e-01  5.79689704e-02 -4.97908220e-02
 -2.15954371e-02  9.66733694e-02  4.53641266e-02 -9.55793634e-02
 -1.47278607e-02  2.11123303e-02  1.73013449e-01 -3.62259187e-02
  1.42681211e-01  8.23630169e-02 -3.03646903e-02 -1.20102301e-01
 -6.22408427e-02 -2.10676700e-01 -7.53340423e-02  5.22103496e-02
  2.45426185e-02 -1.66211575e-02 -1.20831572e-01  3.88778031e-01
 -2.09649831e-01 -1.51331961e-01 -1.40605858e-02 -4.73448671e-02
  1.04981452e-01  7.75656030e-02 -6.99913278e-02  2.51764338e-02
  2.85320282e-02  1.38731614e-01  1.85837805e-01 -1.52909907e-03
  4.25305404e-02  2.44309008e-02  6.46712333e-02  2.09239483e-01]