http://erau.edu/ontology/meme.owl#SnapeKillsDumbledoreMeme
[-0.10536705 -0.17287174  0.03517211  0.00584074  0.00043959  0.06964318
  0.1995644   0.13830885  0.05404801 -0.009489    0.05143476 -0.06563679
 -0.10035406 -0.04697929 -0.11342354 -0.00208391  0.09473155  0.10977661
  0.09509686  0.15221238 -0.27219075  0.0677771   0.14677614 -0.1503033
  0.1904718  -0.00963477 -0.00208761 -0.11829117  0.32254043  0.16249537
  0.0414971   0.14786604  0.12044912 -0.17004696 -0.03472028  0.16944908
  0.028001    0.11410152 -0.0809145  -0.18139014  0.04350299  0.19143155
 -0.16912831 -0.00795053  0.02606672  0.00476866  0.023885   -0.012311
  0.05206931  0.13920377  0.08974949 -0.08893802 -0.11229088 -0.08334418
 -0.09135977 -0.07212577  0.08877381 -0.01720552  0.17102478  0.05157181
 -0.04124974 -0.13435431  0.06664499  0.1183561  -0.1843926  -0.0258578
 -0.07731324 -0.0771702  -0.11598338 -0.12175786 -0.17489743  0.10485455
  0.16935207  0.05625351 -0.06920125  0.1424732  -0.13676508  0.07487301
  0.0981983   0.05533836 -0.10056169 -0.17563097 -0.08030652 -0.16419475
  0.02936804 -0.1865754  -0.18436858 -0.03673602  0.12191043 -0.05546689
  0.00361958 -0.31290936  0.08967149 -0.01763533  0.00767761  0.09727842
 -0.08517802 -0.02861696 -0.00209842 -0.10127197  0.02754194  0.01543739
  0.25773212 -0.1419403  -0.04410994  0.01554187  0.17609721 -0.11237387
  0.04409698 -0.08903668  0.05650308  0.06135036 -0.10419402 -0.14652322
  0.06511661  0.14088666 -0.32333925 -0.23575327  0.08762127  0.08656133
 -0.00375012 -0.05415357 -0.10547204  0.00252689  0.04800359 -0.13278784
  0.06984887  0.01428166  0.02359371 -0.04914298 -0.15845837 -0.03173963
  0.04808396 -0.10749349 -0.02594074  0.19806467  0.00401077 -0.12198265
 -0.21856287  0.09290759 -0.27986354 -0.03406628  0.00086065  0.0499978
  0.18305913 -0.19811511  0.05521259 -0.14694035 -0.00539722  0.17719539
  0.0113613  -0.10260589 -0.03274166 -0.02738868 -0.05847651  0.06761649
 -0.17423311  0.21829781  0.05422087 -0.18158408  0.12335229 -0.19799328
  0.03199659 -0.05870554 -0.17250799 -0.09719083 -0.05039732  0.06390697
 -0.20465682  0.17193277  0.0066163   0.18237552  0.2407885   0.19458076
 -0.04670486 -0.12975276 -0.10122409 -0.07429182  0.06362663 -0.0307563
 -0.09850758  0.12531541  0.05136283  0.0194899  -0.15613456 -0.07717429
 -0.01514163  0.04086062  0.2408785  -0.05368568  0.02140523  0.08421396
 -0.22283909 -0.07703498 -0.05444698  0.04309465  0.05637507  0.07171567
 -0.01470053  0.01471114  0.01756944  0.03943189  0.04540843 -0.02211313
 -0.13167982 -0.2075435   0.00519099  0.00236414  0.09524556  0.14186448
  0.23756543  0.12385673  0.01853384 -0.14508091  0.15704095 -0.05879311
 -0.10396245 -0.11567847  0.09749722  0.10986462  0.2344424   0.07184278
 -0.07544363  0.05223235  0.1004477  -0.09406285 -0.07945628 -0.01988928
 -0.06147401 -0.04558603  0.13827436  0.00113806 -0.01159507 -0.11616267
  0.0518588   0.12392185 -0.04978463  0.01279473  0.15075253  0.05807327
  0.01352522  0.09684584  0.03573056 -0.01574661 -0.2006077   0.01156546
 -0.19182149  0.07338509 -0.09242085 -0.02200001  0.09136736  0.00996304
  0.08127289  0.01476104  0.10598329  0.0093192  -0.06149208 -0.05747306
 -0.01106425 -0.01604614 -0.06525575 -0.12006521  0.08283491 -0.00963769
 -0.10022213 -0.06433244 -0.09186266  0.03655629  0.11597198 -0.03173478
  0.01151795 -0.05297215 -0.00400074  0.13586406  0.14547919 -0.03540267
  0.07920405 -0.0060457  -0.07272013  0.04767717  0.08119249  0.14042671
 -0.03764236 -0.06101913 -0.09887942  0.02869998 -0.05413167  0.00858675
 -0.02192762 -0.09234922  0.09802785 -0.02101884 -0.01428301 -0.07641517
 -0.00352692  0.01543351  0.17387688  0.01068276 -0.00340468 -0.1053526
 -0.2179192   0.01689953  0.03457306 -0.00809741  0.04590679  0.039062
  0.11979971 -0.05145618  0.03943742  0.04194608  0.13046774 -0.14896655
  0.02301784  0.07896478  0.04866119  0.05330626 -0.04179113  0.01783289
  0.13330881 -0.10135543  0.02750885 -0.11387108  0.09420272  0.15698843
  0.00514175  0.02978615 -0.15265158  0.02897905 -0.02388007  0.034748
 -0.03264101 -0.04764045  0.07356938 -0.03203766  0.00319279 -0.10025479
 -0.03471928  0.12578641 -0.09890327  0.05305987  0.00344276  0.12592115
 -0.1754612  -0.03235739 -0.06813329  0.13917094 -0.09743306  0.00579236
 -0.0550117  -0.15328774 -0.10814617  0.00554845 -0.10683015  0.1088831
 -0.14080024  0.01667598 -0.03821972 -0.15012671  0.18507412  0.03041194
 -0.05138823  0.04462007 -0.09841365 -0.03176351  0.02620447 -0.06641398
 -0.08825342  0.01325694 -0.07640319 -0.01243038 -0.05237431 -0.02146571
 -0.19438466  0.06717152  0.01821509 -0.06086032 -0.1207293   0.0143497
 -0.02382625  0.00368128  0.03861445  0.21755517 -0.16157003 -0.09387864
  0.15116104 -0.09960237 -0.10924943  0.15842746 -0.08730718 -0.08246562
 -0.10433071  0.08787104 -0.11355454  0.31464127 -0.11000893 -0.21673249
  0.06057167  0.07102887  0.36384416 -0.12348615 -0.02787532 -0.2023054
 -0.02767129 -0.22101721 -0.13991432 -0.00741483 -0.02129747  0.32620972
  0.13385473 -0.02296341  0.11096478 -0.14950371 -0.10795479 -0.05140725
  0.01363796 -0.03703194 -0.03884443 -0.02699278  0.04769522 -0.0227817
  0.11477895 -0.01214972 -0.14597048  0.01667764  0.00287739 -0.16976279
 -0.02263446  0.15020604  0.11776019 -0.10524147  0.04811917  0.18512283
  0.08647386  0.02073962  0.10425141  0.1614491   0.0889926  -0.06865957
  0.01116384  0.08995745  0.05874928 -0.01519473 -0.08056113  0.25856647
 -0.18515398 -0.02075475 -0.14500748 -0.11262482  0.0067851   0.07533153
  0.04419747 -0.03836306  0.08741413 -0.04342702  0.12649627 -0.0545449
  0.10778546 -0.03511965  0.05196887 -0.03801001  0.06026409  0.12601857
  0.10577407  0.02058937  0.00059314  0.0925519  -0.05372482 -0.03723006
  0.00133448  0.09234092  0.1512228  -0.04399818  0.1763037   0.14782728
 -0.0232211  -0.08989097  0.01617043 -0.20683794 -0.05478308  0.03835554
  0.00638575  0.01300908  0.03545605  0.16822982 -0.16130581 -0.13656598
 -0.02907799 -0.05932743  0.16086015  0.08452938 -0.05849864 -0.03167365
  0.07450841 -0.00877581  0.14701521 -0.02195138  0.0054709  -0.13136193
 -0.0183807   0.05823566]