http://erau.edu/ontology/meme.owl#SlaneGirlMeme
[-0.01036696 -0.18179981 -0.04720388 -0.02664048 -0.0077595   0.25952536
  0.1250017   0.14512563 -0.14160974 -0.05573764  0.0150991  -0.10199028
 -0.11325841 -0.20632093 -0.0319261   0.06480321  0.03873649  0.04818635
  0.06742734  0.12370525 -0.26860654  0.00536968  0.05761714 -0.02653128
  0.15958664 -0.0031825  -0.00329946 -0.14008988  0.32986206  0.19839141
  0.05294064  0.1701018  -0.02719125 -0.06772785 -0.09902889  0.17253448
  0.06656217  0.05989584 -0.19927308 -0.20848471  0.19666989  0.08284105
 -0.02056912  0.07199068  0.09470892 -0.07204152  0.11345129 -0.05038698
  0.03716372  0.11697061  0.02047051  0.00363879  0.01005686 -0.1206058
 -0.13836001 -0.03962601  0.11703371  0.0272864   0.12623008  0.03201098
  0.01271395  0.04935807  0.04396608 -0.01662123 -0.10882137 -0.01608665
  0.04185448  0.00125941 -0.00301222 -0.08700854 -0.08010983  0.10567562
  0.03135296 -0.0436303   0.02272837  0.08639934  0.02464681  0.02391789
  0.09820274  0.01862936 -0.10487952 -0.18700567  0.01618216 -0.12694648
  0.08805653 -0.1618439  -0.1532779   0.07261245  0.17720445 -0.06528474
  0.02647599 -0.19399294 -0.03925155 -0.07442228 -0.04150606  0.00911113
 -0.08172931  0.0562377   0.11185581 -0.10334609  0.19428268  0.01752749
  0.3659848   0.00131503  0.08240103  0.0984591  -0.00123891 -0.03745151
  0.092555   -0.05269571 -0.07092672  0.06656233 -0.02916699 -0.08518441
  0.16453572  0.08702555 -0.20983936 -0.2404965  -0.01189087  0.02868096
  0.03794417 -0.00081928 -0.21866935  0.02880673 -0.09968925 -0.12904008
  0.04915366  0.06546234 -0.01639087  0.0393411  -0.22262056 -0.09429252
 -0.08502279 -0.05528582 -0.15026592  0.10230183 -0.00805372 -0.093909
 -0.11849716  0.09402351 -0.24376142  0.03539377 -0.04838184 -0.1262984
  0.22854431 -0.18277602  0.09624361 -0.05178209 -0.01935106  0.10627542
 -0.0843519  -0.16593176 -0.05284689 -0.02327272  0.09371218  0.1709518
 -0.17560583  0.17853415  0.00471476 -0.20378208  0.18620919 -0.14361341
  0.07259864 -0.0756302  -0.21044844 -0.08533354 -0.13636689  0.23070641
 -0.2546518   0.2631473  -0.09453047  0.10554927  0.21287107  0.12511751
 -0.01885271 -0.02592439 -0.01740373 -0.05326324  0.02168947 -0.06371488
 -0.10698177 -0.04864078  0.07176073  0.12346495 -0.14033069 -0.01141581
 -0.02670404  0.07113761  0.2162722   0.0035298   0.01042228  0.11830886
 -0.15423012 -0.00469738 -0.09748815  0.02661972  0.12186957 -0.00295807
  0.00346921 -0.14301477 -0.05431703  0.03200132  0.03264469  0.03337416
 -0.08685764 -0.2524504   0.13480997 -0.02201422 -0.05753333  0.04220626
  0.22456929  0.14521426  0.0609238  -0.10500187  0.11783562  0.13068019
 -0.11038148 -0.0670535   0.18319729  0.08577127  0.20093063 -0.00287922
 -0.09118393  0.03345408  0.16440131  0.01022184 -0.10608678 -0.07066577
 -0.03386885  0.0633698   0.06838603 -0.00172327 -0.09060639 -0.07718457
  0.09771952  0.06074668 -0.00153257 -0.08453504  0.26409334 -0.13705997
  0.04170112 -0.03142066  0.07253078  0.05332625 -0.21390188 -0.0225376
 -0.20559838  0.1217078  -0.04607043 -0.09749208  0.12381438  0.08638369
  0.0580427   0.13623528  0.16109669  0.03012086 -0.22391628 -0.06421442
  0.07531425 -0.02944353  0.00587987 -0.22806619  0.00504213 -0.27056202
  0.00627612 -0.2795551  -0.11552694  0.04785926  0.01065226 -0.13453309
 -0.07778706 -0.07421373  0.04096087  0.11625567  0.16389394  0.02599562
  0.21693435 -0.06378128 -0.11371729 -0.08261343  0.25943407  0.0397679
  0.01721147 -0.04075551 -0.21739587  0.01266186 -0.07410947  0.06681768
 -0.04007602 -0.13944368  0.08844921 -0.0259133   0.01108822 -0.03071662
  0.05051287  0.04693955  0.1225607   0.04901415 -0.13720214 -0.09364884
 -0.3611394   0.10609085 -0.01127533  0.1381253   0.05594259  0.02414229
  0.1624701  -0.09659472 -0.03368122  0.14979939  0.26169857 -0.18985397
  0.047796   -0.00850687 -0.05732149 -0.06746753 -0.02989091  0.03161366
 -0.03568752 -0.019425    0.06429251 -0.19074863  0.02392347  0.15786904
 -0.02040183  0.21107541 -0.05283134  0.01507408  0.13741285  0.04497377
 -0.00804984 -0.06370464  0.12658991 -0.10502125 -0.05419862 -0.20492578
  0.09070632  0.10860667 -0.07521383  0.00793591  0.08995415  0.08691582
 -0.03895919 -0.03655875 -0.02561226 -0.03685576 -0.01432553 -0.01575676
 -0.02829066 -0.08341014 -0.08701618 -0.06418204 -0.02520376  0.20112018
 -0.21950597  0.16757518  0.05254184 -0.1745769   0.22810721 -0.06952027
 -0.10029149  0.04987165  0.08778898 -0.09194302  0.04663288 -0.00710032
 -0.0707204   0.05989724 -0.04115437  0.01635095 -0.06873971 -0.12948418
 -0.23580377  0.04870233  0.09491647  0.01261942 -0.0780702  -0.00954726
 -0.11963716 -0.16464923  0.15021323  0.23855038 -0.08413091 -0.13559298
  0.12934205 -0.00590293 -0.1728536   0.15274708  0.0345477  -0.1778289
 -0.04851444  0.02898304 -0.0190799   0.2561596  -0.04555864 -0.21927486
  0.06879038  0.04972665  0.33609846 -0.02406336 -0.03252565 -0.2719661
 -0.01270457 -0.22943924 -0.17642722  0.00174934  0.01852807  0.3822822
  0.15689445  0.08088879  0.10131998 -0.21889175 -0.07497717 -0.05105839
 -0.12284679  0.07277375 -0.07642861 -0.05455991  0.0043483   0.09306567
  0.07816619  0.06377956 -0.38948858  0.04820629  0.06865592 -0.10133807
 -0.022128    0.16517812  0.13373679 -0.08020295 -0.01099837  0.19537066
 -0.02405208 -0.03197146  0.11617313  0.25498068 -0.11577726 -0.15314734
 -0.10443281  0.14011335  0.16910537 -0.08784418 -0.08413786  0.30055404
 -0.19135793 -0.10949289 -0.2469191  -0.1046131   0.02766494  0.0251085
  0.07260925  0.21048197  0.13960987 -0.0644926   0.1725542  -0.02312581
  0.12688544  0.0453784   0.09994735 -0.06752213  0.10404146  0.08581338
  0.03037974  0.04399875  0.04424623  0.03905144 -0.12859137 -0.07769116
 -0.14063485  0.04295427  0.07843682  0.04161584  0.07542785  0.10679296
  0.03836541 -0.04597976 -0.0175162  -0.1392779  -0.01028974  0.01823726
 -0.10906108 -0.04146701  0.01135485  0.12276311  0.05814239 -0.07310902
 -0.04658852  0.01242194  0.08070733  0.02279809 -0.05952547  0.02225257
  0.00062183 -0.1382657   0.20601422  0.01416091  0.00755918  0.0283195
  0.06235784  0.011047  ]