http://erau.edu/ontology/meme.owl#BigRedMeme
[-4.85452265e-02 -1.61513314e-01 -7.74589553e-02  1.19781308e-01
 -5.70839308e-02  1.62303954e-01  1.11513510e-02 -1.02970116e-01
 -3.48355547e-02 -6.67094439e-02  1.23435996e-01 -8.14447105e-02
  1.63914841e-02  2.26536635e-02 -1.81942061e-02 -1.76550075e-01
  3.10607050e-02  1.63015783e-01  4.98145213e-03 -6.90577179e-02
 -3.26018244e-01  1.11912847e-01  3.45749035e-02  6.00959931e-04
  9.73048583e-02 -1.98399015e-02 -1.02082670e-01  4.84408205e-03
  3.17845672e-01  2.39833474e-01  2.74092197e-01  1.45157650e-01
 -5.88274486e-02 -6.27123518e-03 -4.88654748e-02  1.35636687e-01
  1.82560667e-01  5.91367595e-02 -1.71607718e-01  2.28783470e-02
 -1.08015975e-02  7.72243366e-02 -2.43529782e-01  5.88862114e-02
  1.84841901e-01 -1.29362136e-01  6.94579780e-02 -2.52233267e-01
 -7.73975477e-02  1.10415947e-02  1.98119003e-02  8.12680274e-02
 -3.49198133e-02 -3.14588875e-01 -1.96411103e-01  1.03879906e-01
  1.24633007e-01 -6.23170249e-02  2.42832974e-01  9.15970579e-02
 -2.03653593e-02  1.15742914e-01  3.47170755e-02 -2.94185290e-03
  2.48708259e-02  3.55559364e-02 -1.06427365e-03  8.74391720e-02
 -1.36972144e-01  7.16699138e-02 -1.71570510e-01  1.01017281e-01
  8.36414844e-02 -5.22125028e-02  1.22873850e-01 -5.82150882e-03
  7.66043141e-02 -1.66683480e-01  1.81595758e-01 -1.07523091e-01
 -1.28827140e-01 -1.46021158e-01 -1.00229673e-01 -2.13474855e-01
  7.26048127e-02 -7.15739354e-02 -3.06031287e-01  1.03240781e-01
 -2.41059288e-02 -2.46842876e-02  4.96666916e-02 -1.45859703e-01
 -8.82562771e-02 -6.25464916e-02 -1.66052967e-01 -3.23024666e-04
 -7.61683583e-02 -2.91226152e-03 -1.16526589e-01 -2.06859410e-02
  2.36495376e-01  9.63580161e-02  3.74816716e-01 -5.14469482e-02
  5.15297279e-02  1.57031879e-01 -9.21628401e-02  3.81034762e-02
 -3.40126492e-02 -1.35368884e-01  1.06090777e-01 -1.72021892e-02
  1.13343909e-01 -1.30446404e-01  1.86526462e-01 -7.16973245e-02
 -1.15744680e-01 -4.69632000e-02  3.16618830e-02  1.51749343e-01
  8.55105929e-03  5.00974208e-02 -2.93325800e-02  7.02214912e-02
  1.78027973e-01  1.89869870e-02  7.07961023e-02  1.20180421e-01
  1.53236300e-01  1.35002300e-01 -3.58212709e-01 -5.88301755e-02
 -8.27856213e-02 -1.00176990e-01 -1.01931773e-01  2.80847222e-01
 -1.43140377e-02 -1.92662701e-01 -4.73253578e-02  1.55772448e-01
 -2.58568257e-01 -1.53120551e-02  1.83191761e-01 -1.04251929e-01
  2.62907505e-01 -2.57147551e-01  1.14526063e-01 -1.14469640e-01
 -7.91768730e-02  8.73725582e-03 -4.43498045e-02 -4.27280739e-02
 -6.28802478e-02  2.70480305e-01  9.13986787e-02  2.80182451e-01
 -1.09969400e-01  3.24531436e-01 -3.58951539e-02 -6.93552122e-02
  2.08701298e-01  6.45240322e-02  8.07054043e-02  2.92897853e-03
 -3.87295127e-01 -1.39448270e-01  1.65123463e-01  3.40529680e-01
 -4.03646886e-01  2.17876017e-01 -9.18660387e-02  8.31374079e-02
  2.36617446e-01  1.92030191e-01 -9.90373492e-02  1.03647701e-01
 -4.70082723e-02 -7.13411048e-02  1.11387044e-01  6.45585591e-03
 -6.65964559e-02 -7.60245323e-02 -1.14997290e-01  4.35874276e-02
  1.37691246e-02 -5.08627808e-03  6.18681014e-02  1.06388427e-01
  2.55629063e-01 -1.33325621e-01  5.59958145e-02 -2.48997286e-02
 -3.45594957e-02 -1.51305079e-01  5.77983893e-02 -4.26817946e-02
  2.54226141e-02  1.91615045e-01  7.44256824e-02 -2.05463275e-01
 -3.49181667e-02 -3.44368443e-02  4.77874391e-02  5.33839613e-02
  2.98423320e-02 -3.94812167e-01  7.46928528e-02 -3.91497537e-02
  1.07728854e-01  1.51979402e-01  3.65828842e-01  1.39204875e-01
 -4.65153949e-03  7.86225498e-02 -3.23911682e-02  5.30365743e-02
 -1.07465826e-01  1.22931004e-01  6.57024086e-02  1.51072264e-01
 -2.45888215e-02  5.92013225e-02 -5.69157749e-02  8.89852270e-02
  2.56342560e-01  1.72289088e-01  9.94072333e-02  3.66254859e-02
 -1.45316839e-01  3.20719182e-02 -1.28194271e-02  9.06492397e-02
 -9.37459916e-02 -6.13248087e-02 -8.63802657e-02  1.46921081e-02
  7.32952356e-02 -2.42727980e-01  1.49615198e-01 -1.94493696e-01
 -1.19667910e-01 -7.62427077e-02 -4.82778549e-02 -5.76658957e-02
 -2.53936559e-01 -8.04398581e-02  4.04263940e-03  3.55615206e-02
  1.33130059e-01 -1.41304076e-01  6.73168823e-02  4.34943102e-02
  1.94968522e-01 -7.12574199e-02  2.25400075e-01  6.06292672e-02
 -2.50150353e-01  1.02606051e-01 -1.80530304e-03  7.50877634e-02
 -1.04491040e-01 -7.22367167e-02 -6.02173731e-02 -3.18262011e-01
 -3.20617855e-03 -3.41061205e-01 -4.03914787e-02  4.00763415e-02
 -3.99575606e-02 -1.28911033e-01 -2.15816617e-01 -3.39782201e-02
  6.68826997e-02 -5.15253022e-02  1.37612280e-02  5.67858256e-02
  1.22720227e-01  1.44383997e-01 -7.85831288e-02 -1.75771043e-01
  2.42086112e-01  6.71306774e-02  8.93371403e-02  2.34784279e-02
 -2.76200563e-01  3.53416838e-02 -2.98289172e-02  1.01736732e-01
 -4.79074344e-02 -6.20157607e-02  6.79774284e-02 -1.88749596e-01
 -5.56921512e-02  6.30169213e-02  7.05369785e-02 -8.50571543e-02
  1.09580629e-01  8.43222365e-02 -2.67646134e-01 -4.74660192e-03
 -2.54116893e-01  1.45549923e-01  2.54376009e-02  1.87237412e-01
  4.89410199e-02  5.49148619e-02  5.85799590e-02 -1.89736970e-02
 -3.28662954e-02 -1.31463453e-01  3.36264312e-01 -6.21390566e-02
 -1.28796041e-01 -4.90965582e-02 -1.76662058e-01 -3.92811596e-02
 -6.72120750e-02  2.21571028e-02 -1.58821598e-01  2.30492111e-02
  1.13529630e-01  1.36763724e-02  4.36612070e-02  1.45580769e-01
  5.32474592e-02  3.61085124e-02  1.18097760e-01 -8.22941735e-02
  1.86227769e-01  2.55351420e-02  3.59542929e-02 -1.90456882e-01
  3.98042277e-02 -2.61182338e-01  9.04451218e-03 -3.25274438e-01
  2.60171831e-01  5.77160269e-02  3.88842933e-02  7.66352564e-02
 -7.79743940e-02  9.49766189e-02 -1.80441648e-01 -2.42237851e-01
 -5.51193394e-02 -2.53469627e-02  3.38336118e-02  1.70498446e-01
 -3.71533824e-04 -1.92017585e-01 -2.04866856e-01  7.72215379e-03
 -6.26424551e-02  3.35033953e-01 -4.01978940e-02  2.32746407e-01
  6.32710010e-02  4.01812010e-02  3.16798896e-01 -1.20562680e-01
 -1.06794052e-01  1.36810958e-01  3.23100723e-02 -1.45449996e-01
  7.63934329e-02  2.01790500e-02 -1.38579175e-01  3.97916324e-02
  6.38965070e-02  4.43321653e-02  5.10011613e-02 -1.77580178e-01
 -2.35220313e-01  1.96087331e-01  1.53274849e-01 -2.48440821e-02
  1.14356868e-01  1.50129080e-01 -5.87066263e-02 -1.27534762e-01
  2.54918218e-01  2.04363093e-01 -1.11915208e-01 -1.53545111e-01
  5.32170720e-02 -2.09842876e-01 -5.22664115e-02  2.74193585e-01
 -2.26951186e-02 -2.36002728e-01  1.31359294e-01 -5.39625213e-02
 -4.95680720e-02  4.04980987e-01  1.13528296e-01 -2.38715529e-01
  1.72865272e-01  1.82848498e-01  4.23744410e-01 -1.55457109e-01
 -2.26380885e-01 -3.63568246e-01  6.77691624e-02 -4.97200817e-01
 -1.76169708e-01  1.32515107e-03 -2.78335460e-03  6.93121791e-01
  7.98011422e-02 -4.85670678e-02  1.49877161e-01 -2.18489572e-01
 -4.07194123e-02  4.25567068e-02 -2.90302128e-01  1.84244558e-01
 -1.40040517e-01 -1.10735469e-01 -1.65239453e-01  1.17583945e-01
  2.38376766e-01  3.37115547e-04 -4.05207187e-01 -9.88584980e-02
  9.59128216e-02 -2.64649987e-01 -5.37843816e-02  2.14757532e-01
  6.26615658e-02 -1.35904951e-02  1.27894044e-01  1.91911280e-01
  3.83280776e-02 -3.13106328e-01  1.57752335e-01  2.91456044e-01
  1.72372139e-03 -1.14828639e-01 -7.77269527e-02  2.37552017e-01
  1.18570656e-01 -1.01844355e-01  1.78416949e-02  2.77078778e-01
 -1.26053065e-01 -7.77141452e-02 -2.62638122e-01 -1.11829229e-01
 -1.08380616e-01 -3.66140157e-02  1.08060464e-01  1.23900123e-01
  1.98024791e-02  6.53475970e-02  1.51492104e-01  9.95038748e-02
  1.55610532e-01  1.39994860e-01  1.49722427e-01 -1.21950135e-01
  1.12509713e-01  6.98025078e-02  2.46506676e-01 -4.02419046e-02
  4.01051342e-02  8.45649317e-02 -1.03417020e-02 -2.34238639e-01
 -1.50031716e-01  3.26866657e-02  1.59371436e-01  1.08415775e-01
  1.20324135e-01  1.10193193e-01  1.31294653e-01 -2.27707073e-01
  1.08547501e-01 -1.95823371e-01 -8.39530453e-02  1.54515296e-01
 -8.93134698e-02 -1.19658113e-01  1.34746674e-02  1.71961620e-01
 -7.93221034e-03 -1.32222459e-01 -1.38663396e-01  5.47462292e-02
  2.13145092e-01 -2.57783551e-02 -1.79973885e-01 -4.49818745e-02
  7.04097524e-02 -1.36593103e-01  1.79965094e-01  7.93980435e-02
  1.09601552e-02 -8.69724676e-02  9.52090546e-02 -6.86299726e-02]