http://erau.edu/ontology/meme.owl#ModsAreAsleepMeme
[-0.11810662 -0.2164882   0.08449643  0.04243393 -0.0099982   0.01255994
  0.2497885   0.00323691  0.09887785 -0.11341978  0.13479957 -0.11249109
  0.00238131  0.00205073  0.0042018  -0.04490443  0.00326982  0.12365051
  0.13206667  0.14123353 -0.25507715  0.08324962  0.18483034 -0.19387968
  0.04964947 -0.01009014  0.01060581 -0.05925094  0.32242888  0.07397685
  0.01863444  0.09097708  0.03457177 -0.16832674 -0.09647822  0.26777503
  0.02380316  0.12817165  0.00371295 -0.14661272 -0.05647035  0.18990694
 -0.207012   -0.10635827  0.04726994  0.01433306 -0.05358534  0.02291757
  0.01397488  0.11907215  0.03844509 -0.11685101 -0.12288997 -0.15442851
 -0.01402588 -0.05283004  0.11984593  0.00646755  0.19278069  0.05559564
 -0.1261506  -0.13652237  0.09015385  0.12259977 -0.27198127 -0.03189194
 -0.07686116 -0.07603326 -0.1929698  -0.16336401 -0.18778837  0.09693004
  0.11858834  0.04071587  0.02201333  0.11798804 -0.20895253  0.0233028
  0.22755313  0.06553148 -0.1069039   0.0082621  -0.02969147 -0.33564106
 -0.03096793 -0.13767672 -0.2294431   0.07272682  0.10745118  0.00451277
 -0.05944731 -0.35937598  0.17848264 -0.12724979 -0.08284725  0.04223311
 -0.04184566 -0.0563449  -0.01687    -0.03943749  0.11120813 -0.03464572
  0.3262148  -0.11364005 -0.07152413 -0.03557857  0.12950827 -0.01447986
  0.02572312 -0.12423927  0.05976958 -0.00526233 -0.16924843 -0.18390904
  0.20707002  0.17205778 -0.35573608 -0.15389594  0.1461571   0.18022308
  0.02993968 -0.07287946 -0.06000775  0.04419827 -0.00190733 -0.03358493
  0.03011014  0.01532887 -0.02322705  0.04136955 -0.24891528 -0.01503325
  0.10630369 -0.07971826 -0.04174758  0.20866391 -0.16285914 -0.05730838
 -0.13017747  0.17678823 -0.29683682 -0.09779958  0.02546546  0.0632571
  0.10563386 -0.2520523   0.11322625 -0.17614044  0.09068637  0.22087438
 -0.00374588 -0.14329763  0.065744    0.09436432 -0.08375572  0.07834055
 -0.11589462  0.24012049  0.06427971 -0.1166716   0.10665212 -0.21911481
 -0.00398342  0.05612466 -0.23653583 -0.22004494 -0.01774905  0.09415051
 -0.3429146   0.1236081   0.01848935  0.15159585  0.25028533  0.1612965
 -0.07989853 -0.03095923 -0.08419931 -0.09903174  0.18325531  0.02447663
 -0.03781357  0.1507204   0.0288229   0.05232107 -0.09837458 -0.00546491
  0.04235542  0.06899545  0.34964636 -0.08277973 -0.07306649 -0.00569066
 -0.34280142 -0.03750942 -0.04708734  0.0691703   0.07304981  0.17496477
 -0.03806471 -0.00117809  0.01368227 -0.05728067  0.05535566 -0.02507066
 -0.06106522 -0.20319536 -0.0670669   0.02633506  0.1248922   0.18059823
  0.3167745   0.10093364 -0.02370807 -0.0681956   0.1753469   0.05874405
 -0.14605346 -0.02092224  0.0983023   0.16768745  0.28448606  0.15000573
 -0.11232536  0.1244893  -0.02244689  0.00105235 -0.17311646 -0.03773041
 -0.09441176 -0.06300209  0.01509307  0.0226383  -0.05358868  0.02276475
  0.03214831  0.04362417 -0.1018401  -0.08075865  0.15407476  0.00557166
 -0.08506066  0.04617713  0.01084241  0.00167081 -0.19471513 -0.04247747
 -0.17184475  0.02281778 -0.16101246 -0.11703395  0.0125694  -0.09100221
  0.20391074 -0.00890333  0.14154433 -0.03267321 -0.08477579 -0.00819667
  0.04060699 -0.06232802 -0.13708547 -0.13701832 -0.06784375 -0.04992732
  0.03738045 -0.2126607  -0.02625014 -0.04202557  0.06292154 -0.00108022
  0.02285811 -0.04621671 -0.11921567  0.1050476   0.15621431 -0.07318114
  0.02778682 -0.008432   -0.09303787 -0.0496871  -0.0026274   0.17140459
 -0.03587337  0.01719277 -0.16054228  0.07254116 -0.05581025  0.05384823
 -0.08729055 -0.07159314  0.1317661   0.01921677 -0.07866961 -0.02174573
 -0.00537757 -0.04663041  0.13811189  0.05671973 -0.06451754 -0.13812363
 -0.15105814 -0.00604756  0.08105355  0.03799267  0.00651284 -0.02728335
  0.2554367   0.03223353  0.0489096  -0.0368593   0.1283187  -0.13750999
 -0.00492513  0.03484296 -0.00858601  0.05803306  0.01987982 -0.03235219
  0.05203201 -0.06932767  0.03152556 -0.08697931  0.10719893  0.14081943
  0.06302468 -0.10430754 -0.05797644 -0.05426161  0.06493338  0.03368982
 -0.14679614 -0.05594891  0.03735603 -0.06912068  0.0634783  -0.12621482
  0.06360561  0.0967354  -0.0563028   0.0481363  -0.02876295  0.16612974
 -0.10703445  0.02098485 -0.04284643  0.14489396 -0.10447474  0.01243481
 -0.02659376 -0.10891363 -0.04069241  0.00131518 -0.13255392  0.1463949
 -0.09200108  0.07281088  0.01951635 -0.08853552  0.14579402  0.00832895
 -0.08700778  0.02502736 -0.01930367 -0.0235694   0.07105526 -0.04073403
 -0.00708518  0.01003634 -0.05143508  0.01411261 -0.05672571  0.0033468
 -0.15877488 -0.00151087  0.11272877 -0.00324698 -0.07588416 -0.09974004
 -0.04948542 -0.11857611  0.0057086   0.07321928 -0.11054199 -0.1318594
  0.14034215 -0.12472806  0.0120816   0.09523244 -0.08004548 -0.0122649
 -0.0497629   0.05054588 -0.03553932  0.17213076 -0.03974701 -0.13967232
  0.10005614  0.13174637  0.04423805 -0.14067087 -0.05952983 -0.11278984
  0.05899708 -0.13806264 -0.03804006 -0.06263232 -0.00462634  0.14190295
  0.03717826 -0.00261326  0.16761853 -0.09284984 -0.18961938 -0.00597216
 -0.07856845 -0.02614473 -0.09370063  0.05371495  0.03747788 -0.02098037
  0.14514996  0.0109246  -0.05570282  0.06581713  0.00209642 -0.09322974
 -0.00496292 -0.0265214   0.01454626 -0.08795761  0.05666545  0.14547685
  0.08838791 -0.00872375  0.0798844   0.13206154  0.08816022 -0.06265035
 -0.03753601  0.13879173  0.05699517  0.06901021 -0.10457866  0.24164397
 -0.10460959 -0.13166398 -0.19326138 -0.11384752 -0.0745245   0.08508708
  0.03321544  0.03105749  0.04222971  0.00230481  0.0849512   0.08142146
  0.05494369 -0.05153138  0.05251084 -0.01251699  0.0602704   0.02043129
  0.02567003 -0.03965087 -0.08043697  0.15059201 -0.03981614 -0.07339671
  0.02594515  0.0793087   0.13969047 -0.01928752  0.15482165  0.17253792
 -0.04241082 -0.04897582  0.09936698 -0.23336163 -0.00037337  0.07745078
 -0.05102535  0.11960053 -0.08671791  0.09660019 -0.0981667  -0.19111906
  0.0747569   0.02916791  0.07575902  0.18458499  0.05390033 -0.01439529
  0.14022386  0.0891204   0.07340854  0.03988193  0.03839498 -0.07267342
  0.01162848  0.05554309]