http://erau.edu/ontology/meme.owl#EraserChallengeMeme
[-5.57798781e-02 -6.45932928e-02 -3.81968799e-03  2.82031260e-02
 -2.63095070e-02  5.27496338e-02  1.87950030e-01  7.13332444e-02
 -9.65100452e-02 -1.96810998e-02  7.54813626e-02 -8.31453353e-02
 -1.61209211e-01 -6.51193336e-02 -1.25114605e-01 -1.94758717e-02
  1.41465813e-01  8.78155306e-02  8.06341022e-02  6.44704886e-03
 -3.47189128e-01  4.77367826e-02  1.48413584e-01 -1.63691089e-01
  2.82348711e-02 -1.68699361e-02 -8.30676034e-03 -1.15065925e-01
  2.59113222e-01  1.47705197e-01  3.73110659e-02  6.89410642e-02
  4.17599231e-02 -7.77500197e-02 -9.17375088e-02  3.18469815e-02
  8.75556469e-02  1.27729371e-01 -8.55161324e-02 -1.11225463e-01
  3.37294750e-02  2.52579510e-01 -9.73233059e-02 -3.51187661e-02
  1.17463663e-01 -4.09748554e-02 -6.76462194e-03  2.47657411e-02
 -2.96509229e-02  1.54350638e-01  4.40720022e-02 -4.38196119e-03
  3.20651904e-02 -7.87705258e-02 -1.17524285e-02 -9.33995619e-02
  9.17578414e-02 -2.38425564e-02  1.58795938e-01  1.66705281e-01
 -1.02899060e-01 -7.26495013e-02  5.24863712e-02  3.14984545e-02
 -2.07453281e-01 -1.80657264e-02 -2.95467824e-02 -4.35362011e-02
 -1.06711820e-01 -9.05899331e-02 -6.44983202e-02  4.32622880e-02
  1.94811791e-01  2.75560841e-02  1.03509977e-01  1.51344523e-01
 -9.71753746e-02  1.23068141e-02  1.96510613e-01  5.86025529e-02
 -3.77121493e-02 -1.13004610e-01 -4.64638434e-02 -2.02483669e-01
  1.20023951e-01 -2.28836909e-01 -1.26445562e-01  2.64429580e-02
  8.10612738e-02  5.21302037e-02  3.62435095e-02 -2.44696096e-01
  1.68294892e-01 -1.24062583e-01 -1.23823658e-01  8.74625668e-02
 -1.26468346e-01  3.62011082e-02  5.44900447e-03 -1.90568402e-01
  1.19290046e-01 -2.96399277e-02  1.65325642e-01 -1.30014449e-01
  8.03087801e-02 -6.35949487e-04  5.64062186e-02 -8.19358081e-02
 -5.19063994e-02 -8.90238956e-03  1.08680509e-01  3.38801630e-02
 -1.26033545e-01 -1.30042568e-01  1.38586551e-01  2.44089812e-02
 -3.38457316e-01 -1.92884341e-01  1.34995446e-01  6.27133399e-02
  4.34006006e-02  6.23431951e-02 -9.85881090e-02 -7.25447461e-02
  8.60204250e-02 -1.26124114e-01  3.35414261e-02 -4.10392648e-03
 -4.43744101e-02 -4.95824963e-03 -1.63494840e-01 -5.50145917e-02
 -4.25578393e-02 -5.86124435e-02 -1.07305177e-01  8.90550762e-02
 -2.54588816e-02 -1.07324012e-01 -2.36601502e-01 -2.32491468e-04
 -2.73569554e-01 -4.04411480e-02  5.93164191e-03 -5.22787625e-04
  9.44681764e-02 -2.16819629e-01  9.08391401e-02 -1.06306985e-01
 -2.06312202e-02  1.29630566e-01 -4.22300631e-03 -1.21309631e-01
 -9.46582481e-03  4.92380485e-02  1.08284369e-01  8.06080773e-02
 -1.52914539e-01  1.61744162e-01  1.66410021e-02 -1.49329051e-01
  1.20874181e-01 -1.25754669e-01  9.48471352e-02 -2.80165207e-02
 -1.77085698e-01 -5.53639308e-02 -1.57828722e-02  1.70352742e-01
 -2.55531460e-01  1.57895640e-01  9.60134119e-02  2.29033828e-01
  1.86847493e-01  1.46505311e-01  5.65836988e-02 -7.75671303e-02
 -1.56792358e-01 -3.27311382e-02  8.00658539e-02  7.49104843e-02
  1.82820484e-02  1.46994159e-01 -9.25100148e-02  2.06675138e-02
 -1.17237695e-01 -4.24450673e-02  2.95772944e-02  4.40571737e-03
  2.48290360e-01 -1.01044402e-01  5.71616068e-02  3.24168019e-02
 -3.01630288e-01 -1.46429062e-01 -5.10468334e-02  1.15047591e-02
  4.74774130e-02  6.66594878e-02  9.93453339e-03 -3.73720005e-03
 -1.33963153e-01 -2.19122283e-02  1.73590958e-01 -1.03494175e-01
 -9.41732079e-02 -2.12936699e-01  1.65513661e-02 -7.41799697e-02
  2.16135103e-02  7.43589848e-02  1.87138766e-01  1.67609289e-01
  9.07510798e-03 -8.73704702e-02  1.27996713e-01  7.19398111e-02
 -9.95143652e-02 -1.19414195e-01  1.02930933e-01  9.53665376e-02
  2.63298333e-01  5.03919050e-02 -1.68273151e-01  4.31723520e-02
  6.56536147e-02 -3.87556776e-02 -1.65327787e-01  8.59427974e-02
 -7.24837109e-02  3.15676443e-03  1.54570729e-01  9.14520994e-02
 -1.14307962e-01 -7.06309378e-02  3.89349938e-04  1.00167215e-01
 -4.03515361e-02  4.05269349e-03  1.43969849e-01  6.11616522e-02
  3.78297046e-02 -1.38612892e-02  1.12650767e-02 -4.06837985e-02
 -2.15689987e-01 -2.67039910e-02 -1.88045099e-01 -1.67972241e-02
  3.06556430e-02 -1.06705017e-01  7.41604641e-02  1.00062024e-02
  2.17967659e-01  9.30997133e-02  1.37385041e-01  2.52676457e-02
 -1.03532299e-01 -7.56452009e-02  3.67603712e-02 -5.88775203e-02
 -4.01289724e-02 -1.60730574e-02  6.83753192e-02 -1.10389404e-01
 -5.91797335e-03 -1.69052079e-01 -1.58416733e-01 -2.24206429e-02
  3.36590111e-02 -4.03283797e-02 -6.50914013e-02 -2.57593766e-02
 -7.54797608e-02  2.05212265e-01  1.20205000e-01 -1.32296145e-01
  7.59122372e-02 -4.84553128e-02 -4.62386422e-02  1.35098118e-02
  9.04418305e-02  6.34453148e-02  2.43379436e-02 -2.92619839e-02
 -2.37988234e-01  1.30181788e-02 -1.53822713e-02  5.03475815e-02
 -2.81636547e-02 -2.78852060e-02  2.16570720e-01 -4.42910902e-02
 -8.50717574e-02  2.06117798e-02  2.19641440e-02 -6.27347678e-02
  3.35699283e-02 -2.44370401e-02 -1.23579800e-01 -9.64791626e-02
 -2.29363143e-01 -4.07423712e-02 -3.09032816e-02  1.56050846e-01
 -2.81250086e-02 -3.66403302e-03  1.71944380e-01  5.93665056e-02
 -1.33365588e-02  5.40598929e-02  2.19011635e-01 -1.20655537e-01
  6.01958893e-02  1.08142659e-01  9.33368132e-02  4.24928367e-02
  4.38856892e-02 -5.02511896e-02  1.46670371e-01 -3.61037231e-03
  6.67376742e-02 -6.45463094e-02  1.35756388e-01  2.28525139e-02
 -9.23608989e-03  2.73312833e-02 -8.55451375e-02  6.92648720e-03
  3.56900916e-02 -3.45203318e-02  1.00455182e-02  1.11199440e-02
 -3.12434603e-03 -2.77596656e-02 -7.10530132e-02 -2.61993319e-01
  1.01695657e-02  1.16110384e-01 -2.38083661e-01 -5.41363023e-02
  3.26813012e-02  1.70283437e-01 -1.29644588e-01  4.58524711e-02
 -9.29257870e-02  7.27002472e-02  3.81251052e-02  1.22600645e-01
 -7.15133995e-02 -1.52288005e-01 -1.03286035e-01  7.08964840e-02
 -4.24464652e-03  2.30367661e-01 -9.85065252e-02  9.84763652e-02
 -8.89907032e-02 -1.02892354e-01  1.77641034e-01  2.93524619e-02
 -1.74839497e-01  1.25076696e-01  5.22610955e-02 -7.45640472e-02
 -1.64132044e-02 -2.21649706e-02 -8.75973627e-02  8.78587831e-03
 -1.74528688e-01 -9.04611945e-02  2.19284110e-02  8.76574889e-02
 -2.65926272e-01  5.39484620e-03  6.09640591e-02 -1.18759364e-01
 -2.02200398e-01  8.77054483e-02 -7.61105567e-02  1.31439529e-02
  1.27170727e-01  1.69310287e-01 -1.13417856e-01 -1.15900069e-01
  1.41697958e-01 -2.16588914e-01 -7.45871440e-02  1.41855225e-01
 -2.03675292e-02 -1.50767460e-01 -8.73176455e-02  1.45203322e-01
  3.48557308e-02  3.36699992e-01 -1.49177030e-01 -3.53392988e-01
  8.05547908e-02  6.07971549e-02  2.76700735e-01 -2.10529715e-02
  4.40958771e-04 -1.53052509e-01  3.16494354e-03 -3.59718531e-01
 -1.40275553e-01 -2.38760039e-02 -2.64967605e-02  3.67356777e-01
  2.25468889e-01  5.42514734e-02  1.13117822e-01 -2.31664881e-01
 -1.49380982e-01 -5.30969016e-02 -8.13456103e-02  1.07670762e-01
 -3.69907357e-02  1.89722260e-03  3.06341075e-03  6.31782934e-02
  1.32796690e-01  1.71978861e-01 -1.41806111e-01  6.09425753e-02
  2.16922723e-03 -1.02001071e-01  2.61183679e-02  2.18407154e-01
  5.90959899e-02 -1.29577860e-01 -3.13017853e-02  2.66245067e-01
  9.30914730e-02 -1.55102611e-01  1.83678821e-01  1.40095100e-01
 -2.31918972e-02 -8.92823264e-02  2.06470564e-02  1.29091412e-01
  1.65254340e-01  7.85574596e-03  3.72983739e-02  2.47208849e-01
 -1.26241207e-01 -5.57162911e-02 -2.06072971e-01 -1.30250484e-01
 -2.11586226e-02  6.29165173e-02  9.69197303e-02 -3.27429362e-02
  7.27488324e-02  5.25914915e-02  1.64473131e-01  1.32450074e-01
 -2.68627182e-02 -5.97248524e-02  5.08377068e-02 -2.54263598e-02
  1.28035069e-01  6.82516992e-02  4.84851599e-02  2.39125155e-02
 -1.42062619e-01  1.54126331e-01 -1.03589058e-01 -5.63577563e-02
 -6.58903643e-02  8.17898661e-02  1.45182043e-01 -2.82596350e-02
  2.08018452e-01  1.22365102e-01  1.29988533e-03 -1.58506200e-01
 -2.50006318e-02 -2.50841826e-01 -9.29031447e-02 -5.71792014e-02
 -1.39471725e-01  1.10098861e-01 -6.21151505e-03  1.83199659e-01
  5.03514037e-02 -7.90876523e-02  7.13911355e-02  3.99704819e-04
  1.65426433e-01  2.23990515e-01 -3.97892594e-02  4.63962704e-02
  1.31004483e-01 -7.98016880e-03 -6.56787818e-03 -4.03415412e-02
  2.44918764e-02 -8.19445401e-02  1.17171213e-01  1.33359373e-01]