http://erau.edu/ontology/meme.owl#DenisDeathMeme
[ 0.00563682 -0.03028941  0.10037316 -0.02342471 -0.0535343   0.06394189
  0.1507831   0.10514457 -0.06059531 -0.06243135  0.03137645 -0.01947235
 -0.02056087 -0.00808463 -0.13672432  0.02421673  0.06857835  0.09514643
  0.05614803  0.10871495 -0.21487558  0.00807656  0.03619349 -0.13148107
  0.13108818 -0.06599595 -0.0356358  -0.14344795  0.25876778  0.09918431
  0.05387355  0.19995016  0.0881092  -0.13268736 -0.0805842   0.23029874
 -0.01405686  0.11776625 -0.02148933 -0.10182747  0.02898611  0.29976657
 -0.17431006 -0.01063124  0.13842295 -0.02460485  0.12934339  0.06589147
 -0.00870011  0.11956979  0.04973338  0.06035713 -0.11548167 -0.02742997
 -0.09761807 -0.10706171  0.11330946 -0.10398544  0.15487029  0.04141129
 -0.07772304 -0.06257176  0.07775188  0.00415462 -0.14261416 -0.16023192
 -0.01191038 -0.13510777 -0.12722678 -0.06944257 -0.1533071   0.09802822
  0.2188471   0.10965449 -0.0279219   0.27135447 -0.05012545  0.08437817
  0.1358774   0.06132673 -0.02781281 -0.23329934 -0.0741035  -0.21226722
  0.09968272 -0.18923366 -0.07897566  0.02236838  0.15953097 -0.12182398
  0.0071525  -0.34883717  0.11880045 -0.1129386  -0.04705256  0.1347996
 -0.11873849  0.02910585  0.00343709 -0.15357248  0.0851655  -0.02119295
  0.31031612 -0.15522245 -0.02598095  0.05835957  0.08597375 -0.1603873
 -0.01464381 -0.06377467  0.01212414  0.10270642 -0.19655673 -0.15135618
  0.07997048  0.19515646 -0.33256674 -0.23197627  0.13589709  0.1436133
 -0.03675267 -0.01436776 -0.11715935 -0.02162528 -0.01476807 -0.15644461
  0.14326    -0.04740437  0.02586517 -0.00561224 -0.16875271 -0.06973459
 -0.00515536 -0.02407037 -0.04766264 -0.01177086  0.03710027  0.01753822
 -0.13924918  0.1538222  -0.25289735 -0.03921933  0.01212924  0.15362208
  0.07613872 -0.1567567   0.08552457 -0.15626158 -0.0170633   0.16303094
  0.01276473 -0.09871415 -0.06790359 -0.16136344  0.02642527  0.01575319
 -0.22423045  0.0999396   0.12174135 -0.07110631  0.08401316 -0.10699934
  0.00886994 -0.18320268 -0.15241599 -0.08833738  0.00721892  0.09384122
 -0.28714252  0.21102518  0.00760816  0.12963086  0.17999308  0.14274816
  0.00634414 -0.15051086 -0.16833858 -0.09181499  0.08057154 -0.0709368
 -0.10220586  0.21129084  0.02706889  0.0072248  -0.13669457  0.01325598
 -0.01233202 -0.06913674  0.34105504  0.08742111  0.02726451 -0.01465217
 -0.27253172 -0.00410686 -0.06213655  0.02338581  0.05121312  0.02289554
 -0.13160849 -0.05841976 -0.02784454  0.05188218  0.1363931  -0.0044547
 -0.06516267 -0.28106973  0.07849395 -0.05340498  0.05688246  0.01884628
  0.24230318  0.0929588  -0.02031834 -0.08007881  0.12803084  0.00646348
 -0.02852283 -0.16441144  0.06636239  0.12741625  0.18848205  0.13107769
 -0.07343785  0.04595188  0.05026425 -0.0338457  -0.1815103  -0.03587475
  0.09622201  0.02874828  0.20431942  0.00652137 -0.01424906 -0.12614432
  0.0636621   0.1262968  -0.0877522   0.09835239  0.05732783  0.15914358
 -0.02740963  0.01679498  0.13599479  0.05918309 -0.14099981  0.06840088
 -0.16594276  0.03736652 -0.03774217  0.09284351  0.11012808 -0.01423709
  0.01952577  0.05330011  0.06157286  0.006707   -0.07710697 -0.06561783
  0.10476919 -0.07394036  0.00848206 -0.12650149  0.05588897 -0.07538082
 -0.05988305 -0.17203864 -0.08089936  0.07648126  0.1043173  -0.11189668
  0.02664431 -0.12136744 -0.00459493  0.09605866  0.19495521 -0.04827489
  0.06976376 -0.10505562 -0.06301276  0.12162964  0.12888157  0.11834306
 -0.07834426 -0.1598323  -0.14692691  0.03654375 -0.02584494  0.04417579
  0.05051544 -0.04968252  0.1676011  -0.12323453 -0.07210128 -0.10813295
 -0.04504664  0.06046141  0.06405152 -0.07164955  0.03330636 -0.10917757
 -0.2253867   0.0318702   0.00574796 -0.06839716 -0.08201813 -0.01452759
  0.18032223  0.00178412 -0.06965143  0.15200527  0.20253183 -0.15083255
  0.03119127  0.12441369  0.04724043  0.04996826  0.00357544 -0.13173458
  0.17888594 -0.04160579  0.01870406 -0.18093896  0.09356837  0.10686633
 -0.09602456  0.10666151 -0.22994664  0.18942282  0.03158763 -0.03146383
 -0.02264676  0.01025537  0.08206087 -0.05711486 -0.02412349 -0.09769288
  0.00489889  0.0537947  -0.08107739  0.0161045   0.10071681  0.09119733
 -0.05786038  0.03558041 -0.03477964  0.02195689 -0.07216463 -0.09795059
  0.04659928 -0.07325618 -0.04108496  0.00179908 -0.11849196  0.11051328
 -0.2025529  -0.00567196 -0.02319082 -0.08711181  0.082384    0.0004745
 -0.15287413 -0.02265926 -0.02665383 -0.00769124  0.00794798 -0.0424733
 -0.04032415  0.01128558 -0.06250686  0.01894774  0.04284592  0.00240908
 -0.19748272  0.00435589 -0.03193118 -0.11528177 -0.19711292 -0.04187377
 -0.06311607  0.06141524  0.00363488  0.20345841 -0.09452361 -0.06628569
  0.11010346 -0.12159009 -0.10828149  0.09921325 -0.05018249 -0.01604384
 -0.06686451  0.13010135  0.02240904  0.27807277 -0.16561632 -0.26642326
 -0.06373721  0.07108196  0.30497494  0.00215431  0.01166394 -0.11675656
  0.00921364 -0.1736446  -0.20919512  0.03275172 -0.01881716  0.25017822
  0.14477883  0.17395903  0.06091842 -0.11502875 -0.10571579 -0.03210905
  0.04138159 -0.03154314 -0.02315671 -0.00122526 -0.00592447  0.02706813
  0.10595863  0.05921721 -0.15273689  0.03693463  0.0552051  -0.06420983
  0.02102632  0.24300934  0.10687719 -0.13956387  0.03359741  0.150158
  0.0278653  -0.078596    0.24026906  0.11340833  0.0833603  -0.16208594
 -0.05212566  0.1320796   0.13973548  0.07590403 -0.07246431  0.28819838
 -0.15548366  0.00814317 -0.16845708 -0.141706   -0.09569105  0.08389222
  0.05808903  0.00688777  0.13296877  0.04549444  0.14174311 -0.00247846
  0.02057328 -0.06747089 -0.08461265  0.0266268   0.04419182  0.16601771
  0.03927346  0.0225468  -0.03613292  0.0454317   0.011671   -0.04915432
 -0.03786615  0.07802026  0.15702564  0.03394224  0.23718864  0.09563874
  0.02304415 -0.07330407  0.03636368 -0.17460166 -0.10345835 -0.02527598
 -0.01683974  0.11288554 -0.02819515  0.3001143  -0.07451777 -0.18641943
  0.03010972 -0.05033252  0.15179065  0.11916216 -0.07879297 -0.03123401
  0.07471432  0.00533779  0.09280659 -0.00087771  0.05239015 -0.01588955
  0.06632582  0.13905802]