http://erau.edu/ontology/meme.owl#ItsSimpleWeKillTheBatmanMeme
[-1.35064319e-01 -1.44192204e-01 -2.46161427e-02 -1.05236590e-01
  1.12668596e-01 -6.09665290e-02  1.19383194e-01 -1.23421233e-02
  1.23190977e-01 -3.65337636e-03  4.19051275e-02 -1.83446035e-02
 -1.13693878e-01 -3.79950218e-02 -9.52806994e-02  3.37448046e-02
  1.26957282e-01  3.82321700e-02  7.87614728e-04  1.04623295e-01
 -2.97938466e-01  8.67393911e-02  1.44926324e-01 -1.71063080e-01
  2.43819490e-01 -1.23190776e-01  7.02742860e-02 -2.11783007e-01
  1.75336793e-01  1.32968292e-01 -3.76655795e-02 -1.05807781e-01
  5.54557256e-02 -4.62050736e-02 -9.81958658e-02  2.31603652e-01
 -4.03913185e-02  4.35863622e-02  2.37380434e-02 -1.20888099e-01
 -6.06357455e-02  1.96780100e-01 -2.26167873e-01 -5.46951890e-02
  5.78714162e-02  1.06893137e-01 -1.06538288e-01 -5.19860350e-02
  1.33770779e-01  5.76627553e-02  3.69141623e-02  5.07129580e-02
 -2.93302126e-02  2.12746300e-02 -2.59424560e-02 -8.88282210e-02
  2.71775424e-02  4.38823812e-02  9.48470682e-02  1.37841836e-01
 -1.47480527e-02 -9.79403481e-02  9.40316916e-02  1.29221693e-01
 -1.16003051e-01 -1.43565252e-01 -6.26239777e-02 -3.25280614e-02
 -7.96435475e-02 -2.48053018e-02 -4.67570908e-02  1.00814030e-01
  2.26379260e-01  2.02542141e-01 -3.41116078e-02  2.55183250e-01
 -2.13483721e-01  5.65407462e-02  6.25581369e-02  1.17976509e-01
  1.06041171e-02 -9.22492296e-02 -4.18718345e-02 -1.20573252e-01
  3.90949398e-02 -1.92604184e-01  9.39576924e-02 -3.73857915e-02
  1.32398039e-01  2.09865477e-02 -1.16327191e-02 -3.02895993e-01
  3.05960894e-01 -3.81826386e-02 -5.55523597e-02  1.23246528e-01
  2.04598177e-02 -7.11468756e-02  4.66805734e-02 -2.25505441e-01
  4.19016257e-02 -1.05773017e-01  1.12585366e-01 -9.28571597e-02
 -3.18064839e-02  4.64849398e-02  1.48183003e-01 -7.07238466e-02
  4.03097607e-02  3.48386616e-02  5.30858003e-02  3.38194035e-02
 -1.26789227e-01 -1.10942580e-01  2.75040325e-02  1.16750181e-01
 -2.21857190e-01 -2.01159254e-01 -4.21956256e-02 -5.26800230e-02
 -6.77639693e-02 -2.10265294e-02 -6.13111742e-02  1.05581842e-01
  8.26145858e-02 -1.96853340e-01 -3.08944695e-02  7.09005725e-03
 -8.15781057e-02  3.44049186e-03 -9.36464220e-03 -1.80210173e-02
  6.13279222e-03 -8.01196545e-02  3.39413881e-02 -3.68268825e-02
 -5.83473556e-02  3.71251553e-02 -2.98685282e-01 -9.90269035e-02
 -2.45191634e-01  3.98262814e-02 -2.93435846e-02  2.01047465e-01
  8.97211581e-02 -9.90423337e-02  1.26663610e-01 -1.21031083e-01
 -2.30289921e-02  1.88046083e-01 -1.01757489e-01 -1.04386784e-01
 -9.95769575e-02 -1.38014555e-01 -1.31171839e-02 -4.93017845e-02
 -2.00717613e-01  8.94117281e-02  6.42236173e-02 -2.59570032e-01
  5.40592894e-02 -2.27092147e-01 -7.62738585e-02 -1.52491495e-01
  6.85537457e-02 -1.22554034e-01 -5.62678985e-02  1.90784456e-03
 -1.02797516e-01 -2.01337691e-02  3.74766439e-02  1.88174173e-01
  1.54208720e-01  9.06976834e-02 -6.82813174e-04 -1.15159944e-01
 -3.74870151e-02 -4.37054820e-02  1.41581878e-01 -2.09211688e-02
 -1.51796833e-01  2.75726616e-01  3.18678096e-02 -6.30303798e-03
 -9.46181566e-02 -6.01188168e-02  1.58420250e-01  3.34742367e-02
  1.96692511e-01  7.77186379e-02  6.57985732e-02  4.48575094e-02
 -2.32223406e-01 -1.39521793e-01 -3.45258079e-02  3.83963883e-02
  4.25673202e-02 -2.48427540e-02 -9.54713523e-02  4.57755588e-02
 -8.82996246e-02  6.96172565e-02  4.35099937e-02 -1.53475657e-01
 -1.02206007e-01 -1.31338790e-01 -4.01347168e-02 -6.30009174e-02
  7.06388503e-02 -3.21947555e-05  1.74137369e-01  4.02382910e-02
 -5.14747724e-02 -1.15990743e-01  8.09465349e-02 -5.91431558e-02
 -4.53744568e-02 -2.02084929e-01  1.77288428e-01  7.61601031e-02
  2.54178971e-01  1.54156983e-01 -1.28463164e-01  7.45927691e-02
 -1.33062601e-01 -1.21946990e-01 -2.22771063e-01  5.04693128e-02
  3.46054472e-02 -3.20430733e-02  2.32251689e-01  1.64323058e-02
  6.38594292e-03 -1.82842299e-01  6.33397549e-02  7.16490895e-02
 -2.27179885e-01  2.94514894e-02  5.04005253e-02  1.03399664e-01
  9.38705802e-02 -7.61482641e-02  2.10334715e-02  3.13729346e-02
 -2.48021990e-01 -3.36638317e-02 -3.57476264e-01 -8.15364048e-02
 -2.27700517e-01  9.66826379e-02  2.88912952e-02 -3.48650478e-02
  1.29273653e-01  1.26678482e-01  2.57303089e-01 -2.25379430e-02
 -3.85269225e-02 -5.50201610e-02  1.23128342e-02 -1.64625682e-02
 -2.13753860e-02 -9.32788253e-02  3.89175897e-04  1.24745909e-02
 -1.72326341e-01 -1.05748840e-01 -4.45194915e-02  4.21584919e-02
  8.92893523e-02 -7.72316381e-03 -1.17694596e-02  8.49587098e-02
 -5.43028116e-02  1.35131672e-01  8.23240504e-02 -1.21823102e-01
  3.20572332e-02 -1.44930631e-01  6.10414185e-02  1.21030770e-01
  9.93652269e-02  1.56415209e-01 -9.89249572e-02 -2.75077075e-01
 -8.49696249e-02  2.19822619e-02 -6.22107424e-02  2.20740940e-02
  9.11835432e-02  5.62732480e-02  5.48368953e-02 -5.76366372e-02
  1.42518803e-01 -1.76327884e-01 -8.46196059e-03  1.11238010e-01
  5.60958162e-02 -1.18697569e-01 -5.38270026e-02 -2.52456576e-01
 -1.40211791e-01 -6.97691040e-03 -7.28476644e-02  3.98606481e-03
 -3.65785733e-02 -5.96485175e-02  1.01780616e-01 -1.23006059e-02
 -2.92878859e-02  4.91237342e-02  4.42787893e-02 -2.00607240e-01
 -1.26558449e-02  1.86794758e-01  1.16226576e-01  1.96445495e-01
 -4.16901372e-02 -6.29220158e-02  1.59328356e-01 -1.08435251e-01
 -3.92821953e-02 -1.83269665e-01  2.05903634e-01  5.30430414e-02
 -1.46365076e-01  1.17366619e-01 -1.37053147e-01  3.72453220e-02
  1.30791947e-01  2.89027188e-02  1.46758288e-01  1.69511423e-01
  1.26695149e-02  3.99850272e-02 -1.62877277e-01 -1.07845336e-01
  1.25874095e-02  3.65032665e-02 -1.34095266e-01  5.24649210e-02
 -1.16808750e-02 -1.36962105e-02 -3.39928567e-02  9.83757898e-02
 -7.31749311e-02 -5.50111681e-02  2.16074064e-02  4.78381142e-02
  4.74903136e-02 -1.89053833e-01 -7.82580152e-02  5.45779467e-02
 -1.27005085e-01  1.01973116e-01 -2.08426550e-01 -4.53332551e-02
  3.18722576e-02 -1.33786544e-01  8.04993585e-02 -4.86454666e-02
 -8.34046975e-02  5.15818484e-02 -3.91538292e-02  3.91771458e-02
 -7.70435631e-02 -1.19837202e-01 -9.96364504e-02  1.56770144e-02
 -1.19275764e-01 -3.04488069e-03  1.05062604e-01  3.49606760e-02
 -3.20326298e-01  5.09446561e-02 -8.93827677e-02 -1.64158031e-01
 -3.24277550e-01  5.29394224e-02 -7.71353617e-02  7.68449754e-02
  4.82491180e-02  2.16118544e-01 -1.09029077e-01 -4.89402339e-02
  8.28115642e-02 -1.18430898e-01 -1.51142925e-01  1.85868606e-01
 -1.28678441e-01 -1.73532829e-01  6.03889441e-03  1.05480440e-01
  6.79276735e-02  3.82741243e-02 -1.28413737e-01 -2.45965302e-01
  5.41472659e-02  2.33605653e-02  2.05141842e-01  3.47160995e-02
  1.47659391e-01  9.16532129e-02  3.72862928e-02 -1.67573005e-01
 -7.29798898e-02  1.44484565e-01 -1.23703107e-01 -2.64094248e-02
  1.34749189e-01  2.07172528e-01  1.08558476e-01 -6.08447418e-02
 -1.50074899e-01 -1.19625077e-01  1.03611171e-01 -1.50556564e-01
  3.07012182e-02 -6.03474826e-02  6.34211227e-02  5.21738268e-02
 -7.02129770e-03  1.31230410e-02  2.88942959e-02  4.23500016e-02
 -2.20689893e-01 -1.51421309e-01  7.28300586e-02  1.43514916e-01
 -2.27242615e-03 -1.71053618e-01  1.87699109e-01  3.16701680e-01
  7.64148077e-03 -1.41998306e-01  1.32274583e-01  1.01825692e-01
  1.37044527e-02 -3.79124284e-02  1.89748600e-01  6.02915250e-02
  2.97271460e-02  2.73514241e-01 -5.49064055e-02  3.62056583e-01
 -2.09516928e-01 -5.79081662e-02 -2.01908514e-01 -1.60351291e-01
 -1.13797627e-01  7.85430223e-02 -5.38767204e-02 -3.59441042e-02
  1.51786208e-01 -3.33729312e-02  1.50516018e-01 -6.68583997e-03
 -4.69888374e-02  3.75807658e-02  9.52494293e-02 -3.83597873e-02
  2.06524178e-01  1.23827681e-01  1.82029620e-01 -4.79803756e-02
 -1.02582365e-01  1.30821809e-01  4.65099607e-03 -2.22898610e-02
 -3.29434238e-02  2.01127693e-01  1.60293609e-01  2.24845167e-02
  3.21621597e-01  1.15782879e-01 -1.21331057e-02 -1.71527028e-01
  1.26782507e-01 -2.25814968e-01 -6.03632256e-02 -6.71714395e-02
  9.76362601e-02 -5.93823865e-02 -8.19553211e-02  2.11104006e-01
 -1.89636022e-01 -1.97414249e-01  9.56349075e-02 -1.54867649e-01
  5.06343208e-02  8.66136923e-02 -4.73591089e-02 -3.43709588e-02
  6.16656654e-02 -7.57560134e-02  3.40054445e-02  3.71260457e-02
 -1.81326102e-02 -2.35408377e-02  1.44418366e-02  2.94937998e-01]