http://erau.edu/ontology/meme.owl#OneLetterOffMoviePostersMeme
[-0.00073222 -0.13757533  0.06990235  0.0369223  -0.06472124  0.03338736
  0.07926476 -0.01338158  0.01168348  0.08312096  0.26130748 -0.023361
  0.00495625  0.0237966  -0.10751788 -0.06417847  0.05443719  0.14010727
  0.02216788 -0.00255723 -0.13828199  0.13130414  0.25818434 -0.08178023
  0.03730355  0.0166072   0.00861278 -0.0977052   0.13351564  0.06302909
 -0.0310778   0.07928905  0.1452322  -0.06581562 -0.08576348  0.17073798
 -0.07302509  0.12253329 -0.09122107 -0.20901158  0.07776546  0.20883484
 -0.24002178 -0.0922167   0.01508618  0.05996643  0.068407    0.03674195
 -0.01282616  0.01564237 -0.02420722 -0.11928238 -0.07595684 -0.04791309
 -0.06519461 -0.07859188  0.0043981  -0.1248923   0.17799623  0.12088616
  0.00524472 -0.1399201   0.23915687  0.14435005 -0.12207125 -0.03617046
 -0.06204139 -0.00239058  0.02765789 -0.12679201 -0.05031027  0.0932335
 -0.00439735  0.07060434  0.07962681  0.02940778 -0.1123904  -0.00428471
  0.16603807 -0.11252593 -0.13753489 -0.1274189  -0.04424248 -0.17566085
 -0.05121568 -0.06609393  0.04908649 -0.09307494  0.05760249  0.05697726
 -0.05047848 -0.24542087  0.02659492 -0.01988404 -0.1791474   0.06767119
 -0.02129799  0.02442088  0.00974383  0.05327521  0.08562577  0.05993107
  0.25370803 -0.09680099  0.00052227 -0.02230238  0.20164207 -0.07290036
 -0.01101337 -0.20379579 -0.1560595   0.08064102  0.05031876 -0.01118605
  0.06412306 -0.00341745 -0.20376734 -0.28076223  0.13525221  0.03996284
 -0.07403212 -0.0233659  -0.07969432  0.06205054 -0.07259812 -0.00383663
 -0.16564274  0.05528459  0.06911371 -0.11888383 -0.15921961 -0.03273677
 -0.08778673  0.05794848 -0.04057999  0.22550648  0.06477387 -0.07631439
 -0.06324225  0.00324805 -0.03336516  0.0338835   0.02065452  0.09567732
  0.16123852 -0.25045982  0.00725198 -0.06498062  0.1196434   0.02791074
  0.08356034 -0.11115383  0.01094996 -0.10085495 -0.06753208  0.04147206
 -0.13155076  0.16771545  0.00663854 -0.13148162 -0.00139895 -0.10363416
 -0.06563365  0.08202182 -0.282995   -0.17540447 -0.11193171  0.14741996
 -0.18223217  0.09520066  0.05166295  0.04013883  0.20238413  0.1766786
 -0.01340946 -0.02027585  0.04645173 -0.0214116   0.0636976  -0.08588023
 -0.20886055 -0.02067115  0.06717836 -0.06050155 -0.10503723 -0.00292811
 -0.0114164   0.07637037  0.12051061 -0.12623495  0.04282795 -0.0823205
 -0.12873986 -0.03492921 -0.0540461  -0.04750476  0.05145635  0.09814214
 -0.05225788 -0.00329257 -0.03390743 -0.01379828  0.05951161 -0.09637249
 -0.03418505 -0.27082878  0.05998822  0.01148933  0.21146633  0.21693277
  0.19315189  0.14381845 -0.06922324 -0.10406574  0.06702218 -0.05536849
 -0.09257782 -0.06485195  0.14377932  0.13554369  0.11060678  0.23589115
 -0.1768635   0.01355907 -0.04882486 -0.04537599 -0.12603872 -0.01145778
 -0.11009416 -0.0798501  -0.03701362 -0.02750474 -0.06257384 -0.09382281
 -0.1724942  -0.03205217 -0.05246279 -0.08286494  0.07547979 -0.07664549
 -0.04740733 -0.08290179 -0.01639573  0.05384424 -0.35561937 -0.10674205
 -0.15781209  0.05027521 -0.24207865  0.05403033  0.07200856  0.04568931
  0.09276054  0.0244469   0.1439392  -0.06630915 -0.11457694 -0.00615393
  0.0212422   0.02776057 -0.2332899  -0.05155423 -0.07870219 -0.07025599
 -0.02725655 -0.10238661 -0.05231647 -0.01464522  0.10232237 -0.10587962
 -0.03176404 -0.16484787 -0.0131123   0.06327615  0.19333427 -0.06391304
  0.12741914 -0.02424513 -0.04620459  0.06719327  0.10496652 -0.07934035
 -0.10610054 -0.08000813 -0.21709622  0.13530284 -0.21309021 -0.13030542
 -0.11280459 -0.12199524  0.08171532 -0.04541774  0.05281138 -0.20524833
  0.02617843 -0.05444123  0.27416155 -0.05256882 -0.22894004 -0.23703717
 -0.11234317  0.04996252  0.00695018  0.00325782  0.01715293 -0.12943138
  0.15365723 -0.12234146  0.02596395  0.12441999  0.19161591 -0.30779734
  0.01693554  0.00136328 -0.0771576  -0.02417104 -0.04775191  0.18180732
  0.03097002  0.02615543 -0.01536344 -0.0980625   0.18313016  0.1393057
  0.10204469  0.0393996  -0.112611   -0.12413677  0.1666776  -0.00837953
  0.06905717  0.01645065  0.05184915 -0.11077084  0.03524922 -0.13928357
  0.12814383  0.11647152 -0.07168183  0.18103278  0.10383555  0.03038236
 -0.08714675 -0.02932288 -0.08389841  0.0760074  -0.1627589   0.08205729
  0.050708   -0.13532925 -0.02569325 -0.0727054  -0.08820577  0.16306087
 -0.14521     0.04460911  0.03610059 -0.01990052  0.28362533  0.01398332
  0.01082559  0.07804211  0.02873018 -0.11949605  0.06501371 -0.11737259
 -0.08546714 -0.00752908 -0.09840725  0.00505719 -0.01724361  0.0267294
 -0.25451672  0.02541965  0.09288727 -0.03679684 -0.26323023  0.08848166
  0.00561221 -0.09250956  0.11882298  0.14993815 -0.1577808  -0.05412912
  0.18726732 -0.12853017 -0.09009504  0.10169216 -0.03246383 -0.05510683
 -0.1813212   0.05674067 -0.08518635  0.263099   -0.15669128 -0.18933555
  0.13833651  0.07652619  0.19398752 -0.06627088  0.01586536 -0.1954128
  0.02675835 -0.1295269  -0.04585437 -0.05785     0.07517591  0.23419864
  0.22519909 -0.06079246  0.23762318 -0.17027181 -0.12955622 -0.16329162
 -0.020451    0.01966627 -0.13529758 -0.1040589   0.0932171   0.06263037
  0.13622734 -0.07417642 -0.06661276  0.02873457  0.04464816 -0.19625463
 -0.1665904  -0.11484571  0.17975833  0.01626226  0.08860271  0.19470973
  0.1054882   0.01605058  0.18827385  0.16383936  0.02516585 -0.06119785
  0.04956191  0.13367705 -0.01592428  0.06514958 -0.09565773  0.23729159
 -0.2709419  -0.05084704 -0.11258813 -0.25475112  0.02764247  0.12443816
  0.04529556  0.13585067  0.20334722 -0.07093737  0.3757291   0.1705594
  0.13583969  0.01852215  0.01108247  0.0088647   0.16552891  0.10985126
  0.13095246 -0.02302687 -0.11862704  0.25605646 -0.08950644 -0.16005819
  0.06742347  0.01124913  0.20349264 -0.05128461  0.13313451  0.13959636
  0.01150605 -0.11963341  0.10232022 -0.03299078  0.06246492  0.15943378
  0.12202833 -0.00750576 -0.10785791  0.17234057 -0.12261771 -0.09916242
 -0.06972586 -0.02502467  0.00751224  0.05153377 -0.1269641   0.00349466
  0.05486422  0.02454425  0.00896288  0.02413437  0.07563353 -0.02263353
  0.06751624  0.08204545]