http://erau.edu/ontology/meme.owl#RightInFrontOfMySaladMeme
[-1.94370762e-01 -1.69428706e-01  9.76854861e-02 -1.63458064e-02
 -5.93247302e-02  3.47875282e-02  4.57063876e-02  9.83985290e-02
  7.60634914e-02 -9.09608454e-02  8.69198591e-02  2.46062055e-02
  3.20609622e-02 -7.70977437e-02  5.74812712e-03  6.77008778e-02
  2.75139630e-01  2.18725111e-02  1.26489162e-01  1.43486902e-01
 -1.14159785e-01  5.44116981e-02  1.07024960e-01 -5.36089167e-02
  3.79925519e-01 -4.61508967e-02  3.68712051e-03 -1.08127527e-01
  2.95936823e-01  2.44255379e-01  1.23501383e-01  2.05390137e-02
 -4.66406979e-02 -1.27538383e-01 -2.09972393e-02  9.60191339e-02
 -9.73237604e-02  2.19380949e-02 -1.27590552e-01 -1.84557974e-01
  6.40832335e-02  1.97459012e-01 -7.31220096e-02  7.23431632e-02
  8.23243633e-02  5.81594557e-02 -7.48914853e-02 -1.08722001e-01
  5.65438857e-03  9.99659952e-03  6.41368926e-02  7.84668922e-02
 -1.15611263e-01 -8.02660659e-02 -3.60195786e-02  8.51398334e-02
  9.07769427e-02 -5.46265468e-02  1.06751941e-01  1.49332181e-01
  1.23463750e-01 -2.37249006e-02  1.46578819e-01  9.62992460e-02
 -8.20962265e-02 -5.06401155e-03  1.30152076e-01  2.71228570e-02
 -7.45391771e-02 -1.03476360e-01 -1.62355006e-01  8.11235160e-02
  7.87853897e-02 -5.68990363e-04  1.11684743e-02  1.06422327e-01
 -2.38938574e-02  1.55501381e-01  1.79521702e-02  6.02855682e-02
 -7.30253682e-02 -6.74578100e-02 -3.47688459e-02 -7.67172873e-02
  8.06956440e-02 -9.77466702e-02 -4.14616279e-02  1.44731969e-01
  2.26412296e-01 -4.70453277e-02  4.26273979e-02 -9.76563618e-02
  9.32440460e-02 -8.42231512e-02 -8.52428973e-02  1.47135064e-01
 -3.61927487e-02  3.62374820e-02 -1.12479717e-01 -6.22016899e-02
  1.53030589e-01  6.35735989e-02  3.13822925e-01 -2.51054913e-02
 -3.16733159e-02  4.31020334e-02  5.86283021e-02 -4.06688545e-03
 -7.00575039e-02 -7.71860257e-02  2.40217671e-02 -3.32777388e-02
 -9.75296199e-02 -7.53623545e-02 -4.01889719e-03  7.07074925e-02
 -2.47661531e-01 -1.02824748e-01 -7.96504095e-02 -8.72482955e-02
  4.13003378e-03 -8.80468264e-02 -3.02332453e-02  1.68190792e-01
  1.55442879e-01 -1.95002750e-01 -4.08593826e-02  1.51841203e-02
 -4.64948304e-02  1.00878086e-02 -1.54568136e-01 -1.90584380e-02
 -9.46790576e-02 -9.04235095e-02 -1.23687059e-01  3.68775837e-02
  8.11167338e-05 -8.31701234e-02 -1.80876300e-01 -2.75370684e-02
 -2.51393437e-01 -2.94270497e-02  6.32542446e-02 -1.54845938e-02
  1.88230664e-01 -2.16311872e-01  6.58632442e-02 -1.29214242e-01
 -1.21664450e-01  7.49756694e-02 -9.31970403e-02 -1.54124066e-01
 -1.18828438e-01  8.24879706e-02 -4.54032309e-02  1.00693651e-01
 -8.33918676e-02  1.54739782e-01  3.61608416e-02 -7.13257343e-02
  6.43077195e-02 -1.39613852e-01  5.44878207e-02 -4.97115357e-03
 -1.20081343e-01 -2.01940462e-01 -5.54505438e-02  5.99646345e-02
 -1.30154356e-01  9.40845534e-02 -3.49217504e-02  2.68796504e-01
  1.24764606e-01  4.88568209e-02 -7.85000101e-02  4.72316705e-02
 -4.21972498e-02 -8.03312287e-02  9.54168215e-02 -6.83374032e-02
 -5.39711602e-02  9.97223333e-02  2.32036412e-02  1.22477189e-01
 -7.16827363e-02 -1.01759993e-01  1.02321580e-01  7.91126043e-02
  1.26428768e-01 -1.02731004e-01  5.92654943e-02 -5.49096279e-02
 -1.21745378e-01 -7.43639991e-02  5.64768761e-02 -9.01702568e-02
  1.44899655e-02  1.48274511e-01 -5.50156794e-02 -5.09731174e-02
 -1.60555448e-02 -4.18226570e-02  4.08211276e-02 -2.91679371e-02
 -7.23905936e-02 -2.95055956e-01  6.33101314e-02 -1.13496169e-01
  1.42435357e-01  8.88483748e-02  2.57400423e-01  5.20476140e-02
 -3.61081250e-02 -1.37685448e-01  1.16589047e-01  8.25310405e-03
 -1.36898220e-01 -2.19025299e-01  2.01234341e-01  8.17645937e-02
  2.37006359e-02  1.10923037e-01 -2.05181509e-01 -1.27180219e-02
 -1.74649414e-02  3.03223394e-02 -1.98483333e-01  2.47183014e-02
 -5.95516898e-02  1.18039455e-02  7.05606714e-02 -1.73965115e-02
 -1.01704471e-01 -2.22859591e-01  5.07339984e-02 -1.65622123e-02
 -9.06553864e-02 -1.40226811e-01  6.52741417e-02 -1.18918419e-01
  7.64982775e-02 -5.12265526e-02  1.10591292e-01  1.25763621e-02
 -2.33666509e-01 -4.11813930e-02 -1.35556355e-01 -9.08619240e-02
 -4.93637100e-02  6.02315180e-02  1.03699982e-01 -5.63980192e-02
  1.49199128e-01  1.00628674e-01  2.09566236e-01 -1.22027971e-01
 -1.65924013e-01 -3.97487655e-02 -3.79314199e-02  1.73302442e-01
 -1.90018356e-01 -1.41857900e-02  4.78186756e-02 -1.46427140e-01
 -7.14268759e-02 -8.93045738e-02  3.87728512e-02  3.70308049e-02
  5.07095233e-02 -9.25712660e-02 -4.00175937e-02 -1.50703720e-03
 -7.59153068e-02 -8.47970229e-03 -2.84785461e-02 -9.95257962e-03
  7.10934252e-02 -4.93293479e-02  7.67699862e-03  6.67069703e-02
  1.16587356e-01  5.12805879e-02  4.77288989e-03 -1.94789365e-01
 -8.60456824e-02 -8.93595889e-02 -6.72276989e-02 -4.71950062e-02
  8.28873441e-02 -3.03635444e-03 -4.09710370e-02 -9.70852748e-02
  9.58077386e-02 -3.93770523e-02  5.28784245e-02  5.77741042e-02
  6.81425929e-02 -3.37725654e-02 -1.45601153e-01 -5.23915105e-02
 -1.05438732e-01  5.33312559e-02  3.90774161e-02  1.59320459e-01
  4.63294573e-02 -6.59536421e-02  1.64397568e-01 -5.84050566e-02
 -4.92094345e-02  3.85387205e-02  1.31729990e-01 -2.98377872e-01
 -3.01035289e-02  8.09935331e-02 -2.24157367e-02  3.05441562e-02
 -7.33559132e-02  1.06826164e-01 -2.33959407e-02 -7.59921893e-02
  1.22488163e-01 -1.07544869e-01  1.94801331e-01  1.04306385e-01
 -9.38786715e-02  2.45340150e-02 -1.34385511e-01  1.23548356e-03
  1.04556285e-01 -1.89453438e-02  1.07988507e-01  2.65250858e-02
  1.40514448e-02 -8.62353146e-02 -1.10944867e-01 -2.05129698e-01
  6.08120486e-02  1.63691580e-01 -1.34095564e-01  1.55887619e-01
  3.55912633e-02  1.21454500e-01 -1.68649852e-02  3.80333066e-02
 -2.54243314e-01 -4.09680344e-02 -1.30059764e-01  1.66967660e-01
 -1.01220906e-01 -1.18931569e-01 -2.46363208e-02  7.64193833e-02
 -7.55213872e-02  1.55577302e-01 -2.40745559e-01  1.01776540e-01
  9.82417539e-02 -9.11136493e-02  1.65998280e-01 -1.77551404e-01
 -1.29062489e-01  1.70793816e-01  4.52065095e-02 -1.23457406e-02
 -5.23978770e-02  2.07441635e-02 -1.30804971e-01  7.76348040e-02
 -4.24645692e-02  3.81555483e-02 -2.34132018e-02  5.39206527e-02
 -3.20304453e-01  7.02247918e-02  3.23469006e-02 -1.01346701e-01
 -9.55499187e-02  1.21277645e-01  3.48457247e-02 -2.58082282e-02
  4.81061675e-02  1.48598343e-01  3.45379636e-02 -3.67357433e-02
  3.24468827e-03 -1.93461567e-01 -2.05505610e-01  2.44384557e-01
 -1.23626702e-01 -1.63257375e-01 -2.94820294e-02  7.67536238e-02
 -7.43722357e-03  2.30955839e-01 -4.64417115e-02 -2.09436610e-01
  8.56280252e-02  5.80546744e-02  3.30030918e-01 -4.86082584e-02
 -7.64407665e-02 -7.23466044e-03  7.17845336e-02 -2.09881589e-01
 -2.01650858e-01  9.95261148e-02 -1.28541455e-01  2.41373554e-01
  2.42604509e-01  4.15487960e-02  3.83425206e-02 -1.48627594e-01
 -1.73980787e-01 -7.35039487e-02 -8.22595954e-02  7.26630762e-02
 -1.32256180e-01 -6.90294802e-02 -4.40762304e-02  1.39053673e-01
  1.83425754e-01 -4.23698761e-02 -5.23421504e-02  2.65410580e-02
 -7.54795223e-02 -1.30002812e-01  1.66478548e-02  7.89445415e-02
  8.45694467e-02 -3.41518223e-02  7.69704729e-02  2.65072942e-01
  7.06549957e-02 -1.32913575e-01  1.19701996e-01  1.89116344e-01
  1.11713268e-01  6.90866914e-03  7.73322433e-02 -2.19265348e-03
  1.39385685e-01  8.62783939e-02 -6.73067048e-02  2.69722313e-01
 -2.80348569e-01 -2.74121147e-02 -1.95049405e-01 -1.00853197e-01
 -7.70552382e-02  4.44636866e-02  9.11020115e-02  1.39274701e-01
  1.47277355e-01 -7.66516775e-02  1.69355810e-01  4.93474081e-02
  6.19163066e-02  5.51598147e-02  2.46766265e-02  5.25258668e-02
  2.13509932e-01  7.29955286e-02  1.49425834e-01 -8.57944041e-02
 -6.40762299e-02  1.10593745e-02  4.37862016e-02 -1.01058282e-01
 -1.36746056e-02  1.17233604e-01  1.01787508e-01 -1.68108270e-02
  4.95673418e-02  7.78287351e-02  5.24047483e-03 -1.91205338e-01
  6.30760863e-02 -1.32380769e-01 -9.13001522e-02  1.47832289e-01
 -6.09337203e-02 -1.78436697e-01 -4.15217392e-02  3.32470030e-01
 -2.27529049e-01 -1.77992612e-01 -6.73409477e-02 -5.24094701e-03
  2.10301522e-02 -7.21629662e-03 -1.53374793e-02 -3.09552792e-02
  8.79229861e-04  5.27038574e-02  4.78768833e-02  1.47099346e-01
 -3.94224282e-03 -1.20434351e-01  1.37198478e-01  1.33834556e-01]