http://erau.edu/ontology/meme.owl#DatBoiMeme
[-5.90986423e-02 -1.26880407e-01 -4.11747806e-02  3.30120511e-02
  3.18592507e-03  1.10240132e-01  6.54668882e-02  6.63266471e-03
 -2.83134319e-02  6.51735812e-02  5.44002019e-02 -1.47932813e-01
 -1.00800104e-01 -1.12340219e-01 -7.79875964e-02  6.53570443e-02
  1.31394332e-02 -5.48638664e-02 -5.41553311e-02  2.07689516e-02
 -1.42979234e-01 -3.78797576e-02  1.19187340e-01 -1.15777425e-01
  9.26352963e-02 -7.65945241e-02  3.32256444e-02 -6.03137054e-02
  1.21949188e-01  1.50554851e-01 -2.64111497e-02  4.35900129e-02
  1.02390423e-01 -4.08482663e-02 -7.28082135e-02  3.54300365e-02
  5.45156235e-03  6.32204115e-02 -5.52769937e-02 -8.34452435e-02
  1.13427520e-01  1.41351908e-01 -6.19027764e-03 -4.22457457e-02
  7.89066255e-02  1.25042379e-01 -5.08268960e-02 -8.65023658e-02
  4.41355370e-02  1.40764834e-02 -2.92001665e-02  5.96715324e-02
  1.27994299e-01 -4.11394925e-04 -1.84577629e-01 -5.96396811e-02
 -2.47066910e-03 -9.87107977e-02  1.45039693e-01  3.78656797e-02
  8.99397656e-02 -9.69317183e-02  1.24042742e-01  9.74988639e-02
 -9.51164067e-02 -5.18453792e-02  2.15737130e-02 -3.83916609e-02
 -3.69165912e-02 -1.62085608e-01 -4.00987417e-02  1.05574001e-02
  1.15580775e-01  4.31301445e-02  3.40633206e-02  8.36645737e-02
 -6.85263276e-02  7.70266056e-02  5.75328246e-02 -5.29785815e-04
 -3.01652774e-02 -1.02842644e-01  1.29060377e-03 -9.27030593e-02
  5.06467447e-02 -1.95074067e-01  1.17963878e-02 -3.42916138e-02
  1.96612198e-02  7.57703334e-02 -3.62764820e-02 -8.04656744e-02
  1.25947490e-01 -1.16198733e-01 -6.88142329e-02  6.21680580e-02
 -2.29886342e-02 -3.82725447e-02  1.43165020e-02 -1.19246073e-01
  2.91526355e-02 -2.32907366e-02  2.09308222e-01 -7.13510141e-02
  2.63623204e-02  5.14645278e-02  5.97948655e-02 -5.44117950e-02
 -3.22659090e-02 -3.14286500e-02 -7.13849440e-02  9.01578516e-02
 -5.01629314e-04 -7.28770420e-02  2.66674645e-02  2.17394228e-03
 -1.71031758e-01 -1.31986558e-01  4.44388995e-03 -3.85661386e-02
 -9.56327766e-02  3.95573154e-02 -8.18927288e-02  6.12336099e-02
  2.70099957e-02 -1.00192726e-01  4.11046669e-03 -3.49920355e-02
 -1.33778825e-01 -2.34220680e-02 -1.06310003e-01 -5.54449763e-03
 -4.16832045e-02 -3.29313986e-02 -1.30430207e-01 -2.65318230e-02
 -2.33294070e-02  1.00878909e-01 -1.96921527e-01 -4.14181091e-02
 -1.19111538e-01  7.19593912e-02 -6.89393207e-02  3.77682998e-04
  7.03920797e-02 -1.93905696e-01 -3.49582359e-02  7.31122345e-02
  1.36772478e-02  7.52789248e-03  2.01956206e-03 -8.83867294e-02
  1.19213853e-02 -3.91458608e-02  6.12445101e-02  2.96768807e-02
 -1.40413687e-01  1.02583680e-03  5.66368364e-02 -1.75968155e-01
  3.02335490e-02 -1.56050861e-01  7.56108761e-02 -2.32698340e-02
 -8.39370340e-02  5.37106469e-02 -6.39199689e-02  1.47319838e-01
 -1.70584172e-01  7.32462108e-02  1.00884534e-01  1.53205529e-01
  1.28197357e-01  9.68309715e-02  6.95069134e-02 -3.47391260e-03
 -2.79182643e-02 -2.54841745e-02  8.55075009e-03 -5.15538789e-02
 -3.64986956e-02  1.21892668e-01 -3.82439084e-02  3.28133479e-02
 -1.22290783e-01  1.72214154e-02  1.10922672e-01 -2.81719230e-02
  2.09674686e-02 -9.61720794e-02  1.69260725e-01  1.42143548e-01
 -2.64650017e-01 -2.57685538e-02 -1.16631411e-01 -5.80587797e-02
  5.12763821e-02  2.43058819e-02 -7.28378212e-03 -2.95416936e-02
 -6.11209720e-02  5.13624633e-03  5.25830314e-02 -1.15704134e-01
 -9.44425687e-02 -1.86073869e-01  2.77667399e-02 -1.32907033e-01
  4.29318845e-02  6.06346503e-02  4.24986221e-02  1.39152363e-01
 -4.96730395e-02 -1.33617908e-01  1.10306874e-01  1.01185001e-01
 -8.55306014e-02 -8.90101567e-02  2.43387014e-01  1.69406570e-02
  1.92758396e-01  9.84474495e-02 -1.64157227e-01 -6.33596303e-03
  3.54879582e-03 -8.92435387e-02 -2.42164433e-01 -1.29263606e-02
 -8.14473554e-02 -1.84471551e-02  3.56784426e-02  8.19336176e-02
 -1.70283437e-01 -2.21514657e-01 -1.13342337e-01 -6.28238320e-02
 -1.07603632e-01 -8.99822339e-02  4.77483980e-02 -8.65133032e-02
  8.37624744e-02 -7.09759891e-02 -3.94689701e-02 -3.03595886e-03
 -3.07827771e-01 -1.35825306e-01 -2.01936156e-01  1.39530338e-02
 -9.11423936e-02  4.92987558e-02  1.02358423e-01  1.09488800e-01
  6.74218982e-02  2.73297459e-01  2.38310978e-01 -2.62227003e-02
 -1.80457696e-01 -1.12903506e-01  1.01987042e-01 -7.69221708e-02
 -5.19239455e-02 -1.03021622e-01 -4.19549756e-02 -1.57956064e-01
 -4.14375067e-02 -2.59277135e-01 -1.54524863e-01  8.99111181e-02
  9.20773745e-02 -9.76174101e-02 -8.10976475e-02 -9.61796790e-02
 -7.95446709e-02  2.18823299e-01  9.46537703e-02 -2.59704590e-02
  9.51010212e-02 -1.95377529e-01 -5.81715181e-02  4.36171181e-02
  1.56043813e-01 -5.78082353e-02 -1.00748576e-01 -1.10715911e-01
 -1.90635979e-01  4.73794565e-02 -1.42756432e-01  2.02494557e-03
 -6.15612511e-03 -1.23313643e-01  7.53617361e-02 -7.55884647e-02
  6.04274124e-02 -2.54827868e-02  1.69929862e-02 -8.52184445e-02
  2.75431536e-02 -1.64043717e-02 -2.03535199e-01 -1.59482345e-01
 -3.26994777e-01  3.67274918e-02 -6.61658347e-02  7.96263143e-02
  9.94067406e-04 -8.29498097e-02  8.80492628e-02 -8.67223646e-03
 -1.01775527e-01  1.54324397e-01  2.13131160e-01 -1.90643981e-01
  3.02715786e-02  8.82176980e-02  1.74570680e-02  5.38079478e-02
 -1.00947795e-02  7.36483261e-02  5.90836592e-02  1.31189432e-02
  7.27621242e-02 -6.31145835e-02  2.25670055e-01  1.62528120e-02
 -2.86618434e-03  1.03529006e-01 -6.03912286e-02  2.56508049e-02
  3.04550733e-02 -1.55803550e-03  9.84818116e-02  1.18540786e-01
 -5.60361147e-02 -6.56121373e-02 -9.34965685e-02 -2.89707899e-01
  7.53544495e-02  1.25334784e-01 -1.38625443e-01 -3.74259613e-02
  6.29611760e-02  4.18777131e-02  4.85218465e-02  5.42799197e-02
 -7.64909685e-02 -2.88713668e-02  5.30527793e-02  8.88885334e-02
  4.90080491e-02 -1.38659030e-01  7.22027430e-03  1.29209235e-02
  1.70629006e-02  1.64194360e-01 -1.50388122e-01  9.39098224e-02
  9.12659839e-02 -3.57186310e-02  2.22517177e-01 -6.59333915e-02
 -6.32940903e-02  4.93670404e-02  8.62574130e-02 -1.58040196e-01
 -4.41793166e-02  3.05636274e-03 -1.31775811e-01  3.07562165e-02
 -1.47080168e-01 -4.72395867e-02  4.48694862e-02 -2.46638479e-03
 -2.98482627e-01  8.42165127e-02  1.49189860e-01 -1.55383470e-02
 -2.49548316e-01  8.23078752e-02 -1.72095090e-01 -4.75880280e-02
  7.99868479e-02  1.46115929e-01 -8.80161151e-02 -1.37706637e-01
  9.26988944e-02  2.07752325e-02 -7.16283023e-02  7.22745731e-02
  4.80506681e-02 -1.99871093e-01 -5.64991720e-02  4.89864871e-02
  5.67697622e-02  1.83025748e-01 -2.42302969e-01 -2.11060807e-01
  2.20441390e-02 -5.19381789e-03  9.95237604e-02  2.50422694e-02
  6.74276352e-02 -8.99085179e-02 -1.54590402e-02 -2.63951808e-01
 -1.09984964e-01  5.54397143e-02 -1.97735596e-02  2.24753216e-01
  2.36246511e-01  2.34179571e-02  4.62572947e-02 -2.38134861e-01
 -1.12384804e-01 -6.21261895e-02 -5.99862151e-02  8.63433853e-02
 -8.81681517e-02 -9.39780995e-02 -1.75860226e-02  1.80327967e-01
 -3.82968597e-02  7.21899047e-02 -1.88925043e-01  3.63503061e-02
 -5.97545924e-03 -9.63528529e-02 -5.13139889e-02  1.59698039e-01
  1.17527373e-01 -6.18399382e-02 -3.46708074e-02  2.48914510e-01
  1.59100313e-02 -1.00303896e-01  3.17513674e-01  2.26662740e-01
 -2.23745083e-04 -9.56999362e-02  1.24678425e-01  6.85523003e-02
  1.84946999e-01  9.90361068e-03 -4.49103713e-02  2.69826800e-01
 -1.73416689e-01 -1.19423278e-01 -2.64071941e-01 -1.68981716e-01
 -3.48544531e-02  1.46962896e-01  1.93459094e-02  2.53832340e-01
  2.18177676e-01 -1.04316242e-01  3.58235031e-01  2.66677514e-02
  1.37789756e-01  2.60514789e-05  1.96163114e-02 -2.38561165e-02
  1.95756346e-01  1.00679696e-01  7.33289793e-02 -2.25897692e-02
 -1.88604385e-01  8.64265710e-02 -1.56149238e-01 -4.68721837e-02
 -7.66332597e-02  1.30064249e-01  2.10443109e-01  9.32116061e-02
  2.41163209e-01  2.08908796e-01  1.16042033e-01 -7.36412108e-02
  8.33063647e-02 -1.56012792e-02 -7.79715274e-03  7.80637413e-02
 -4.30294685e-02  3.62879224e-02 -9.09762681e-02  2.17592850e-01
  4.84091155e-02 -1.68425590e-01  1.71598420e-02 -4.62688655e-02
  3.58018801e-02  5.47962114e-02 -2.16301933e-01 -2.19566133e-02
  6.32636175e-02 -2.00597029e-02 -7.14164823e-02  8.32477305e-03
 -7.12032095e-02  1.98503044e-02  1.47307247e-01  1.33841299e-02]