http://erau.edu/ontology/meme.owl#TheDuckSongMeme
[-1.30051956e-01 -1.60560727e-01  6.70666620e-02 -5.67671424e-03
 -1.38866073e-02  1.09061934e-01  2.43572518e-01  1.24095775e-01
 -7.76007585e-03 -1.04554281e-01  1.34224489e-01 -1.18674494e-01
 -6.43290505e-02 -6.29943386e-02 -1.03873357e-01  1.21594563e-01
  1.03341430e-01  1.65692657e-01  8.01127031e-02  1.02050371e-01
 -3.26929241e-01  3.72661762e-02  1.51966542e-01 -1.65114209e-01
  1.17302649e-01 -5.39271571e-02 -6.89152302e-03 -2.21616358e-01
  2.88691491e-01  8.62776265e-02  8.35533962e-02  8.45950320e-02
  8.29684064e-02 -1.60036430e-01 -5.03045246e-02  1.90818354e-01
 -2.21717730e-02  1.23549901e-01 -1.00028217e-02 -1.81171134e-01
  3.07390261e-02  2.74666935e-01 -1.98841125e-01 -9.84709337e-02
  7.51513243e-02  3.85921262e-02  1.76739469e-02  3.61724608e-02
  3.42832915e-02  6.39218017e-02  6.99099153e-02  3.06410678e-02
 -1.23386800e-01 -1.00847147e-01 -4.30347137e-02 -5.90833910e-02
  7.59400055e-02 -3.32578234e-02  9.37989801e-02  1.61406234e-01
 -6.54186979e-02 -1.19733587e-01  1.31947324e-01  1.06973164e-02
 -1.58290416e-01 -7.30608776e-02 -3.56972143e-02 -5.02174608e-02
 -5.82638830e-02 -1.26897097e-01 -1.34854004e-01  1.13054357e-01
  1.36959657e-01  5.70736788e-02  1.08230850e-02  1.62484676e-01
 -5.58465496e-02  7.65921101e-02  1.38826638e-01  2.81468797e-02
 -5.94951771e-02 -1.16368823e-01 -1.39801223e-02 -1.26548856e-01
 -1.77258514e-02 -1.42580897e-01 -1.24490008e-01  2.94137690e-02
  1.03306256e-01 -3.91998552e-02 -1.04694013e-02 -2.67090410e-01
  1.21458374e-01 -2.86484100e-02 -6.17839135e-02  3.69019881e-02
 -5.89709468e-02  1.10261410e-01  4.10403349e-02 -1.31592229e-01
  1.00812189e-01  3.25511843e-02  2.69837826e-01 -7.41011053e-02
  1.16793066e-01  2.53877435e-02  1.65187925e-01 -5.90825230e-02
  6.41824752e-02  1.09542133e-02  1.04680331e-02  1.23464214e-02
 -1.76897526e-01 -8.37714672e-02  2.85610538e-02  1.10491917e-01
 -2.93939114e-01 -2.43324801e-01  8.89176279e-02  9.73893851e-02
 -2.04414558e-02  3.57711944e-03 -6.16142377e-02  1.42825812e-01
  5.75769842e-02 -1.81807622e-01  2.43486967e-02 -7.52589386e-03
  9.89966467e-03  1.69746503e-02 -1.74498767e-01 -2.05242783e-02
 -2.04650573e-02 -3.12702581e-02 -9.28975418e-02  1.07339263e-01
  8.79760534e-02 -1.03976391e-01 -1.43435180e-01  4.66123298e-02
 -2.70621628e-01 -3.95994037e-02 -2.45163739e-02  1.13858096e-01
  1.81059331e-01 -1.76941514e-01  1.03531174e-01 -1.30527303e-01
  1.93471983e-02  1.75984755e-01 -4.16369885e-02 -1.01667322e-01
 -6.87911585e-02 -1.03081192e-03 -1.61243305e-02  8.97094086e-02
 -1.92840636e-01  1.72276005e-01  4.36834209e-02 -8.49919990e-02
  3.94222029e-02 -1.95748538e-01 -3.31204310e-02 -7.88648054e-02
 -1.44481614e-01 -2.15546161e-01 -1.19703978e-01  8.62261057e-02
 -2.64335930e-01  1.16761528e-01  1.36074889e-02  2.07963049e-01
  1.35129049e-01  1.11311510e-01  4.34104800e-02 -1.19485624e-01
 -1.15746155e-01 -3.57771069e-02  1.16252996e-01 -2.29623504e-02
 -1.00338668e-01  1.28514335e-01  7.86355734e-02  1.46695962e-02
 -6.52643070e-02 -1.25024170e-02  9.71668065e-02  4.98720556e-02
  2.82512009e-01 -3.23827527e-02  1.35711972e-02 -1.57402605e-02
 -2.74901360e-01 -5.14271744e-02 -3.20700221e-02  2.01505516e-02
  7.73925409e-02  1.02801278e-01 -1.44769982e-01 -9.08457711e-02
  1.34648355e-02  3.87398601e-02  1.71894208e-01 -1.10582560e-01
 -5.76502122e-02 -2.97443449e-01  8.33934471e-02 -2.96343993e-02
  8.90419707e-02  1.52647391e-01  3.18004817e-01  1.08994715e-01
 -7.54756406e-02 -8.68366659e-02  1.83937550e-01 -3.89998592e-02
 -1.51888713e-01 -4.92875949e-02  1.00776322e-01  1.39582798e-01
  2.41138354e-01  1.40581965e-01 -1.35932043e-01  2.97771823e-02
 -2.22109240e-02  2.55886372e-02 -1.68888539e-01 -7.21793398e-02
  4.74791452e-02 -1.66988838e-02  1.44725263e-01 -1.91456936e-02
 -7.75095448e-02 -1.06474720e-02  8.05543810e-02  5.97236194e-02
 -9.61949378e-02  3.64381000e-02  8.88988748e-02 -3.43624875e-02
 -2.16962807e-02 -4.32093181e-02  6.75475076e-02  2.54337881e-02
 -1.63676232e-01 -3.04395426e-02 -1.91385239e-01 -6.73378035e-02
 -8.51863474e-02  3.34521830e-02  6.52073175e-02 -1.92124266e-02
  1.28850743e-01  8.30536261e-02  9.99969095e-02 -1.04871884e-01
 -7.70963281e-02 -1.01843171e-01  4.01428565e-02  2.44174968e-03
 -1.41724702e-02 -1.12270579e-01 -2.04716995e-02 -2.26585101e-02
 -3.88136543e-02 -1.48640886e-01 -9.86198485e-02 -2.89359633e-02
  6.16818145e-02 -5.60107455e-02 -1.22921920e-04 -4.39690165e-02
 -2.31607119e-03  9.47939828e-02  2.00729951e-01 -1.24130985e-02
  1.10545643e-01 -9.57389101e-02 -5.97981624e-02  9.04049277e-02
  1.29136190e-01  3.39234695e-02 -1.82058197e-02 -1.21691361e-01
 -1.85937867e-01 -2.31974438e-04  2.85043567e-02 -8.83218795e-02
 -1.82049703e-02 -8.01450536e-02  5.96366674e-02 -2.57036369e-02
 -2.91584712e-02 -1.30174845e-01  3.83066759e-02  5.07935286e-02
  9.03128833e-02 -1.90647636e-02 -2.21795496e-03 -1.88374653e-01
 -1.49684802e-01  6.96100742e-02  1.81915108e-02  5.36039285e-02
 -1.37288962e-02 -2.60107499e-02  1.69876650e-01 -7.14337155e-02
 -4.20963615e-02  8.92582089e-02  1.65691942e-01 -1.94981515e-01
  5.64313345e-02  9.24316719e-02 -4.24979925e-02  4.35486212e-02
 -4.48010489e-02 -1.34706786e-02  8.95234868e-02 -4.70334813e-02
  2.07476318e-02 -1.90771952e-01  5.06049581e-02  8.91432688e-02
 -6.29532412e-02  9.37412679e-02 -1.24733746e-01  7.21665332e-03
  9.24477428e-02 -7.66497776e-02  9.85998381e-03  6.77663907e-02
  6.79785982e-02 -6.64858073e-02 -1.04813822e-01 -9.89366099e-02
  4.26000021e-02  1.25059098e-01 -1.17362626e-01  4.68846038e-02
  6.36036322e-02  1.04058944e-01 -3.14425454e-02  7.39189936e-03
 -4.42405837e-03  7.73887010e-03 -1.54837102e-01  4.95896712e-02
  5.71973156e-03 -1.31417334e-01 -6.24121390e-02  1.39727313e-02
 -1.12898089e-01  1.60481915e-01 -1.86629623e-01  4.37269919e-02
 -7.49933869e-02 -1.20194972e-01  1.64203525e-01  2.62598637e-02
 -1.16376609e-01 -4.56982404e-02  1.75968576e-02 -2.42832042e-02
  3.39112058e-02 -7.05733001e-02 -9.07507390e-02  5.16722612e-02
 -4.40076627e-02  6.02183565e-02  1.74301118e-02  7.65834823e-02
 -1.46614105e-01 -7.29918666e-03  1.99725311e-02 -7.29333088e-02
 -1.70802981e-01  2.21039169e-02  9.30438656e-03 -3.80928814e-02
 -1.56365652e-02  1.32388592e-01 -6.29103333e-02 -3.94171253e-02
  1.25884622e-01 -1.24609500e-01 -1.98143274e-01  1.74026102e-01
 -8.74656364e-02 -1.22063927e-01 -6.76072985e-02  1.56433269e-01
 -2.98497193e-02  3.19160640e-01 -7.27887303e-02 -2.80618519e-01
 -3.97749878e-02  1.38925806e-01  2.62870193e-01 -3.03234551e-02
  1.56510714e-02 -1.63194254e-01  9.00281593e-02 -2.33571649e-01
 -1.43614680e-01  3.68201286e-02 -3.01979799e-02  2.53166080e-01
  1.16350882e-01  9.99771059e-02  4.30123843e-02 -1.67428404e-01
 -1.65414333e-01 -2.26634070e-02  2.92986166e-02 -1.06253617e-01
 -4.96590696e-02 -1.14415005e-01 -3.14630289e-03  8.51077437e-02
  6.05585016e-02 -5.65564167e-03 -5.77384643e-02  8.21094364e-02
 -4.06025685e-02 -1.35535151e-01  4.15359298e-03  8.08493569e-02
  3.99025418e-02 -1.03386961e-01  3.92124429e-02  2.28075594e-01
  4.00899984e-02 -1.57815263e-01  1.37153685e-01  8.22035819e-02
  3.77742052e-02 -5.03136180e-02  2.23742630e-02  1.26288891e-01
  5.03848381e-02  9.24289897e-02 -1.43325135e-01  2.65741676e-01
 -2.06833765e-01  5.76918526e-03 -1.65993690e-01 -1.29769325e-01
 -2.22281064e-03  6.64840192e-02  9.64040756e-02  5.34309149e-02
  7.19862357e-02 -1.61966626e-02  2.04409495e-01  7.71741048e-02
  8.42676312e-02  3.84446979e-02  6.56519383e-02  2.78924704e-02
  9.84622762e-02  1.36475965e-01  1.27943382e-01 -1.05899021e-01
 -5.14950044e-02  1.51282221e-01 -2.34108120e-02 -9.78558585e-02
 -4.54976112e-02  3.61455455e-02  2.62681425e-01 -3.53732295e-02
  2.62877822e-01  1.63790479e-01 -1.49402777e-02 -8.05806965e-02
  7.38442391e-02 -2.03067526e-01 -5.92074133e-02  9.62224081e-02
  3.82521190e-02 -8.39799177e-03 -1.28162414e-01  3.22956622e-01
 -9.69606340e-02 -2.16074064e-01  3.47328931e-02 -8.67603347e-02
  1.39699146e-01  1.40789509e-01 -7.30546191e-02 -8.86384957e-03
  8.06809813e-02  2.56938692e-02  1.73885807e-01 -4.42230236e-03
  3.65100913e-02 -6.21045986e-03  5.34795560e-02  1.46108225e-01]