http://erau.edu/ontology/meme.owl#GreatestInternationalScavengerHuntTheWorldHasEverSeenGISHWHESMeme
[ 0.11982669 -0.04770859 -0.08923616  0.12981217  0.02541798  0.101458
  0.07163182  0.00863293  0.0020335   0.02540867  0.1773068  -0.12461807
 -0.22638254 -0.03408967 -0.06545062 -0.10146901 -0.01448217  0.08555017
 -0.23609474  0.04140328 -0.17237337  0.14802323  0.12574773 -0.21819812
 -0.00576669 -0.02584734  0.02041702 -0.07490031  0.12049414 -0.02435179
  0.0980838   0.20229262  0.02658686 -0.02708992 -0.15128182  0.25382733
  0.00065127  0.18477958  0.00539567 -0.1579759  -0.0462698   0.163036
 -0.35791087 -0.16068424 -0.0132739   0.17835438  0.04071087 -0.07136003
 -0.02900331  0.11775088  0.06682155 -0.1084159  -0.15162027 -0.14551455
 -0.1728313  -0.00056958  0.09607057 -0.19260554  0.11917314 -0.05580241
 -0.01326809 -0.0644432   0.07136919  0.03500686 -0.13697416 -0.22896646
 -0.13241157 -0.03670176 -0.03236507 -0.11143979 -0.13289511  0.2026818
  0.18736823  0.20237568  0.00832709  0.20702289 -0.05730878  0.08541826
  0.20485055  0.02512874 -0.03406622 -0.1600987  -0.05037387 -0.23852168
 -0.02622209 -0.03753094 -0.13418056 -0.06728136 -0.00255007 -0.06531037
 -0.04888447 -0.3366838   0.12708706 -0.09113178  0.01133537  0.01754606
  0.02750635  0.03098701 -0.00069731 -0.04385652  0.11458351 -0.00931835
  0.33565515 -0.12266843  0.06387557 -0.01427271  0.15521401  0.07268595
  0.1009713  -0.07260315 -0.00780651  0.19057979 -0.11992636 -0.2029116
  0.1136976   0.01854602 -0.3005107  -0.08636659  0.09555908  0.16638803
 -0.1998222  -0.00800839 -0.16090207 -0.02395394  0.08134368 -0.06092273
  0.07318093  0.08877021  0.09881329  0.05954792 -0.19113518 -0.08891836
  0.01262767  0.01745565  0.02579173  0.2667917  -0.02319898 -0.10272767
 -0.16219129  0.03711612 -0.19972585  0.15311876  0.15571709  0.15194748
  0.21992208 -0.29264352  0.03936547 -0.20550248 -0.00434075  0.2101349
  0.11649932 -0.00096566  0.02562294  0.0035543  -0.05871621  0.05749856
 -0.23850103  0.21128711 -0.04117277 -0.16592307  0.01207462 -0.15901688
 -0.09541298  0.00713297 -0.30093592 -0.07695469  0.01762349  0.1742413
 -0.41533104  0.18852846  0.03027747  0.10924293  0.24063404  0.3262812
  0.0355559  -0.11332155 -0.00890267 -0.08318751  0.14001752 -0.0886423
 -0.17110103  0.05455003  0.11125004 -0.06476909 -0.04298392 -0.03386673
  0.11620869  0.12359892  0.11952044 -0.10383952  0.12236861 -0.05758439
 -0.11972406 -0.03509322 -0.08467002  0.05724977  0.12995218  0.0544177
 -0.11496409 -0.10625885  0.10188092  0.13493529  0.09856161 -0.07018012
 -0.04532819 -0.254979   -0.11007535  0.15518303  0.08953832  0.27464512
  0.22342418  0.03818142  0.09417315  0.03491146 -0.09957746 -0.01222682
 -0.16763036  0.08872607  0.14508016  0.06151905  0.0478261   0.05548182
 -0.00741797  0.03390304 -0.06808354 -0.05481869  0.0515292  -0.05064723
 -0.02273003 -0.05266219  0.1096117   0.10107668 -0.10303003 -0.00812703
 -0.11307041  0.12113581 -0.01939069 -0.0565164   0.04990544  0.05250536
 -0.09064301 -0.10174909 -0.03532699 -0.03757058 -0.21466446 -0.12167604
 -0.22054367  0.07278679 -0.07309195 -0.06045964 -0.06547049  0.08296527
  0.08235902  0.01301984  0.12354631  0.0552869   0.01881778  0.10069088
  0.12471523 -0.09562397  0.05357574 -0.08242513 -0.10501424 -0.03425944
 -0.08415888 -0.29733926 -0.04185382  0.10675113  0.17462403 -0.05677255
 -0.07791196 -0.06767285 -0.02766965  0.12351074  0.24003021 -0.06543364
  0.29797223  0.03052389 -0.11460541 -0.00946644  0.1085565   0.00540607
 -0.08767776 -0.07204436 -0.20567645  0.00960201 -0.10336585 -0.0554162
 -0.23552704 -0.17424643  0.07775754 -0.118563   -0.09919507 -0.00502097
  0.01774436  0.05804389  0.25387126  0.01421854 -0.03944771 -0.16125497
 -0.16445385  0.05210615  0.01015147  0.05514164 -0.10583675 -0.14667317
 -0.05141624 -0.14089356 -0.08512304  0.09053019  0.20481592 -0.09616377
 -0.04790268 -0.09904613 -0.1546201   0.09356342 -0.0214356  -0.0342935
  0.08657953 -0.05702043 -0.05358692 -0.18390034  0.11654458  0.17851835
  0.17701475  0.02979485 -0.07423992 -0.08236744  0.06249578 -0.01384209
 -0.0600568   0.05922882 -0.05741039 -0.12501357 -0.0116382  -0.17901996
  0.23267731  0.03432549  0.09475691  0.06739965 -0.03287424 -0.02625779
 -0.08689241 -0.09779775  0.10840882 -0.07923146 -0.00577875 -0.00914794
  0.03670778 -0.1512922  -0.06962223 -0.05167879 -0.13402455  0.17426156
 -0.12817276  0.08121219 -0.07130609  0.02549169  0.16647394  0.00055489
 -0.0100689  -0.00894594 -0.05210821 -0.03969819  0.03758379 -0.01216731
 -0.00771279  0.04381334  0.02427597  0.01272986  0.14496769 -0.13732341
 -0.07118404  0.10061724 -0.02874884 -0.0130689  -0.1411779   0.06587086
 -0.10283155 -0.00240352  0.00928865  0.11056065 -0.19950089 -0.07721561
  0.1493642  -0.02860485 -0.04515293  0.06337322 -0.08349133 -0.08211706
 -0.07555892 -0.05660054 -0.12139042  0.13698043 -0.08176347 -0.0178055
  0.00804257 -0.12108886  0.18542656 -0.03028658  0.00220958 -0.2939007
  0.13707852 -0.14288019 -0.05230105 -0.0557941  -0.01813276  0.38082975
  0.11618433  0.08350685  0.02499918 -0.05696888 -0.05204584 -0.05545612
 -0.08494536 -0.09151258  0.00727006 -0.20637016  0.00684721  0.00252444
  0.09497862 -0.05508183 -0.15874685  0.07304195  0.01073839 -0.12590446
 -0.08785974  0.13544068  0.1129305   0.00979296  0.01999333  0.11373721
 -0.05604867 -0.17005776  0.10285679  0.03886477  0.10874958 -0.1640885
  0.12368596  0.20744121 -0.09974016 -0.00424312 -0.16770606  0.16586994
 -0.22158332 -0.00311063 -0.02069195  0.05568923  0.00988732  0.0223616
  0.04161427  0.01891818  0.1554925  -0.01771887  0.21276273 -0.06072301
  0.17102484  0.11113472  0.02269901 -0.07241926  0.09325542  0.07924667
  0.19905955 -0.19184856  0.07815933  0.22327419 -0.05704436 -0.12375754
 -0.09956267 -0.00288103  0.33855027 -0.01625191  0.3312321   0.14670615
  0.01479261 -0.14860103  0.23759803 -0.10199495  0.0306552   0.06613001
  0.14240366 -0.0154746  -0.15417922  0.14256981 -0.13188139 -0.11480851
 -0.08037332 -0.03332173  0.03238438  0.02357995 -0.21464387 -0.03060585
 -0.11550795 -0.07732901  0.17076159 -0.13249141 -0.02113739 -0.04478106
 -0.1518851   0.01946423]