http://erau.edu/ontology/meme.owl#YourRewardWillBeGreatMeme
[-0.11873878 -0.19233476  0.13834748  0.0080597  -0.00483941  0.08426347
  0.22130908  0.10790205 -0.02389457 -0.09928425  0.08682858 -0.00634618
 -0.06874076  0.03122064 -0.12974408  0.08373295  0.06945341  0.1892396
  0.2028917   0.16717845 -0.29216546  0.01195772  0.1946993  -0.05309555
  0.24788566 -0.00751521 -0.01969492 -0.17486301  0.38997018  0.2319862
  0.00743975  0.13500322  0.17835018 -0.18970188  0.0050987   0.18383372
 -0.03934067  0.11006982  0.02196406 -0.19133879  0.00719783  0.27931055
 -0.08079657 -0.0275449   0.09016449 -0.01299108  0.0097841  -0.01066978
  0.14684692  0.0257467   0.04585117  0.03645317 -0.03480915 -0.00106885
 -0.07240808 -0.05101566  0.02338776  0.02152494  0.15590377  0.13673434
 -0.031091   -0.17148414  0.17220068  0.00322547 -0.27168727 -0.08904295
 -0.02664878 -0.06201405 -0.04501973 -0.15879184 -0.03579294  0.0034115
  0.1733544   0.05230748  0.05977052  0.02973242 -0.14315654 -0.02260725
  0.1790753   0.03966719 -0.13940878 -0.15371057 -0.00210618 -0.11301171
  0.05458364 -0.16194479 -0.08874307  0.10548862  0.13946326  0.03889947
  0.00325499 -0.32413462  0.13248289 -0.0691542  -0.15485957  0.08795638
 -0.09977019  0.04382381  0.05500128 -0.22753829  0.05206331  0.05897938
  0.23668903 -0.11781672  0.05684387  0.06880035  0.1794615  -0.17158608
 -0.04075792 -0.03933341  0.00168328 -0.03613411 -0.22186519 -0.04286147
  0.06963667  0.16006242 -0.22335461 -0.25730398  0.13391823  0.02847134
  0.06699268  0.02786493  0.02415924  0.06567519  0.09308525 -0.19501963
 -0.01924381 -0.02132983 -0.01553955  0.00234609 -0.23691891 -0.00739237
 -0.10702843 -0.06172404 -0.09508409  0.03319828  0.04870078 -0.12240785
 -0.11765093  0.03762432 -0.2728249  -0.11924481 -0.01806435  0.07218626
  0.15915574 -0.1535887   0.03000724 -0.06448906  0.00091657  0.16420323
  0.00191657 -0.18502426 -0.13836144 -0.02577883 -0.0143445   0.02446345
 -0.15620674  0.1493898   0.20278881 -0.05465132  0.00630156 -0.19951859
  0.00064334 -0.0346036  -0.09806215 -0.12347966 -0.11545355  0.0294657
 -0.27116454  0.1507112   0.03975646  0.22653368  0.15717554  0.0866757
  0.05250881 -0.07240617 -0.08809792 -0.05757146  0.13906097 -0.0357614
 -0.09704012  0.11275221  0.06916841 -0.03746665 -0.10042276  0.03650102
  0.10174114  0.01662097  0.24469332 -0.02321677  0.0083062   0.06160095
 -0.27344638 -0.09130632 -0.03244226 -0.05807739  0.05925274  0.16371085
 -0.08657964  0.02294882  0.033906    0.00374224  0.2150336  -0.08368541
 -0.06907979 -0.3231152   0.12080327 -0.13402435  0.24083966  0.14178662
  0.36890426  0.16799493 -0.13796756 -0.14388956  0.2402532  -0.13753466
 -0.08928216 -0.11128344  0.06015538  0.21781677  0.3456403   0.17682797
 -0.16639054  0.02670318  0.02809344 -0.06840371 -0.17852588 -0.06702109
 -0.02282227 -0.0873907   0.07014306  0.01304308 -0.00409312 -0.13860737
  0.00982623  0.04604722 -0.15196514  0.11114217  0.05573558 -0.02001427
  0.0456998  -0.00191444  0.08795388  0.02482643 -0.23705803  0.03149787
 -0.1293995  -0.0254241  -0.06648338  0.12580682  0.1203243   0.0125239
  0.10755832 -0.04393347  0.05713172 -0.10921193 -0.04233483 -0.071302
 -0.03233094  0.16444023 -0.10517361 -0.0207294   0.03424846 -0.01469828
 -0.05476462  0.00653415 -0.04078406 -0.02519546  0.06262494 -0.04673889
  0.01719837 -0.04214364 -0.00806995  0.05039233  0.14665683  0.01886978
  0.00118978  0.00338965  0.04267259  0.07992674  0.07878646  0.08872949
 -0.0340688  -0.11934532 -0.13949707  0.00464977 -0.10918026 -0.0705827
  0.07687064  0.09444864  0.05767687  0.01970716 -0.03249026 -0.18837494
  0.00094392 -0.02922837  0.13364205 -0.00687537 -0.1282697  -0.18925877
 -0.07404529  0.04033444  0.01603281 -0.00952748 -0.03251731  0.05217432
  0.21899538 -0.1005068   0.05524005  0.06492478  0.07273152 -0.11010133
  0.09542438  0.18739162 -0.01089168  0.04971384  0.01540356  0.04598574
  0.12620646 -0.09486686  0.02632285 -0.09213439  0.08238041  0.03764449
 -0.0793381   0.04392799 -0.18306288  0.0947244   0.10625366 -0.07653501
  0.05789557  0.01104665  0.13228013 -0.1050284  -0.02506147 -0.11317202
 -0.03843101  0.07139365 -0.16910572  0.0526569  -0.01968339  0.20368955
 -0.03849349  0.08016101 -0.09416012  0.04499648 -0.21948427  0.0738721
 -0.04070605 -0.07641149 -0.03048204  0.06978481 -0.10481185  0.1953926
 -0.16798373  0.06292608 -0.01148639 -0.09546632  0.22311072 -0.0298218
 -0.16243704  0.02817119  0.05416393 -0.02520728  0.04027257 -0.14370666
 -0.18453667  0.01763922 -0.09519658  0.06245963 -0.10295025  0.14132214
 -0.23400918  0.07687607  0.0414848  -0.10035598 -0.09686002 -0.01808986
  0.02428388 -0.09382984  0.13408063  0.17396004 -0.07641428 -0.14558434
  0.12339689 -0.10818648 -0.24920665  0.13866498 -0.05527796 -0.18932208
 -0.09411157  0.19456246 -0.04746173  0.28856614 -0.11904767 -0.36682677
 -0.02928817  0.10185906  0.30087098 -0.10584458 -0.05456982 -0.04598701
  0.03151677 -0.18399689 -0.1400852   0.00989148 -0.04006737  0.20941402
  0.12479284  0.01261279  0.08477467 -0.08812072 -0.27842024 -0.04862178
  0.07372165 -0.06525826 -0.07699596 -0.02751532  0.03154919  0.12830053
  0.06189741 -0.00210849 -0.0932126  -0.01702124  0.00665737 -0.16962312
  0.024156    0.13331228  0.10241594 -0.13989042  0.11637302  0.28075275
  0.05541724 -0.08480144  0.1831106   0.17287323  0.033537   -0.02567285
 -0.0440428   0.07256608  0.12812191  0.18620726 -0.07334398  0.34428284
 -0.20014581 -0.05340162 -0.26056525 -0.22949648 -0.07404928  0.14763722
  0.1124962   0.04758776  0.17850573  0.03386103  0.23360541  0.00919138
  0.09437273  0.01476606  0.13948528  0.01342185  0.15598339  0.19616023
  0.1509051  -0.02455509 -0.05094952  0.14095482 -0.05086381 -0.08858059
  0.0085195   0.11994263  0.12281515 -0.0851493   0.20794863  0.14389482
 -0.05279212 -0.1089678   0.08204075 -0.26272678 -0.16304275  0.13970195
 -0.07351364 -0.00365613 -0.08757658  0.37471345 -0.13255319 -0.30945826
  0.03625911 -0.13797924  0.21208446  0.12796587 -0.11378033 -0.02481798
  0.07677078  0.05185243  0.11717258  0.10780024 -0.00119567 -0.06724814
  0.16315429  0.26958027]