http://erau.edu/ontology/meme.owl#BalseMeme
[-1.33505329e-01 -1.68949842e-01  1.17491432e-01  7.12739863e-03
  7.48413149e-03  9.13136813e-04  2.01712042e-01 -5.98026067e-02
  1.17353443e-02 -7.77333230e-02  1.32989869e-01 -7.97766522e-02
  6.85022995e-02 -7.22250994e-03  7.06747960e-05 -9.21077058e-02
  5.25735579e-02  1.76723480e-01 -2.38989498e-02  8.61267745e-02
 -1.82645977e-01  5.54340370e-02  1.25023738e-01 -1.22406296e-01
  2.25588605e-02  3.58504020e-02 -4.22435664e-02 -1.17034018e-01
  2.54156351e-01  6.81487396e-02  4.24965955e-02  1.13548391e-01
 -2.84043886e-02 -1.29546389e-01 -3.49846110e-02  2.48923615e-01
 -5.12128025e-02  1.01738334e-01  3.43734212e-02 -1.70596525e-01
 -9.10943821e-02  1.85454682e-01 -1.96626797e-01 -1.13446623e-01
  4.03465442e-02  1.23975538e-01  3.77653725e-02  1.47997879e-03
 -3.42789255e-02  7.16204047e-02  2.97001433e-02 -3.53384316e-02
 -1.21185884e-01 -1.78708002e-01 -1.32624209e-01 -1.31137781e-02
  1.35103881e-01 -1.08463734e-01  2.28812635e-01  1.19951017e-01
 -1.55174300e-01 -4.35177311e-02  1.52246892e-01  1.01344518e-01
 -1.90197229e-01 -9.02200118e-02 -5.78816496e-02 -4.10445109e-02
 -1.00120105e-01 -1.45266667e-01 -9.47542265e-02  1.86244160e-01
  1.66393727e-01  8.36361721e-02  5.26711345e-02  6.55046701e-02
 -5.53469136e-02  4.40481193e-02  2.49397159e-01  1.58165410e-01
 -1.18970722e-01 -6.58855513e-02 -1.39028415e-01 -2.77137816e-01
  4.06459495e-02 -2.53823735e-02 -1.07742824e-01  1.75984919e-01
  9.28836912e-02 -1.63653567e-02 -1.26233220e-01 -2.67417759e-01
  1.34238139e-01 -8.24821368e-02 -1.42620862e-01  1.10972807e-01
 -5.43374494e-02 -3.57220881e-02 -1.08328976e-01 -2.87113711e-02
  7.02895895e-02  2.63823234e-02  2.93455571e-01 -1.83835819e-01
 -5.13835019e-03  2.53188256e-02  1.45022914e-01  1.36148602e-01
  1.63293853e-02 -6.94473609e-02 -1.39712472e-03  5.17035201e-02
 -2.44026378e-01 -1.06533632e-01  1.15207113e-01  9.67553407e-02
 -3.10143352e-01 -8.55998397e-02  6.56092763e-02  1.37362123e-01
 -4.43411572e-03 -1.01767972e-01 -1.12596629e-02  6.33689284e-04
  9.00598168e-02 -3.73088121e-02  1.23646706e-02  3.72172962e-03
  2.71145944e-02  2.29138490e-02 -1.17510363e-01 -1.28330097e-01
  3.28920819e-02 -1.50154503e-02  1.10918311e-02  1.67502314e-01
 -9.13067088e-02 -6.03280216e-02 -3.01051568e-02 -1.90951154e-02
 -3.08584273e-01  3.23808081e-02  1.60545900e-01  1.41944468e-01
  1.04175590e-01 -1.36364996e-01  5.06816544e-02 -1.86750844e-01
 -8.40078667e-02  1.11772001e-01  7.95511305e-02 -1.43645883e-01
  4.27671522e-02  3.49214301e-02 -7.34126195e-02 -1.81689449e-02
 -1.80070043e-01  2.01782405e-01  1.16138898e-01 -1.48314387e-01
  7.62288719e-02 -1.04525961e-01  4.28557908e-03  1.11792892e-01
 -2.74884611e-01 -2.44811267e-01  2.76380312e-02  2.05550149e-01
 -3.03559482e-01  1.16262935e-01  2.24827025e-02  1.91099271e-01
  2.31434524e-01  1.81550264e-01 -6.67371377e-02 -2.78854687e-02
 -4.33780327e-02 -4.43762839e-02  1.77335933e-01  9.39224064e-02
 -7.92653784e-02 -6.05577277e-03  1.01706117e-01 -6.96917698e-02
 -6.90558329e-02  2.45037023e-02  2.37399875e-03  1.11464716e-01
  1.57135084e-01 -1.19526125e-01 -9.69359092e-03 -1.43145978e-01
 -1.91382602e-01 -6.66614771e-02 -7.68391415e-02  1.16869239e-02
  9.73780602e-02  2.40411773e-01 -1.16410047e-01 -1.23803513e-02
  1.15759522e-01  4.59267851e-03  1.00246906e-01 -3.25572453e-02
 -1.04858261e-02 -2.01797083e-01 -6.24224804e-02 -9.37381387e-02
  1.45896718e-01  1.01041891e-01  2.07582861e-01  1.05531588e-01
  3.10499612e-02 -1.47102331e-03 -1.71462744e-02  2.04558726e-02
 -1.50499567e-01 -5.31701483e-02  1.04234338e-01  1.42598853e-01
  1.71056762e-01  1.50184274e-01 -3.17285359e-02  2.44975947e-02
 -5.31896390e-02  5.89734875e-02 -1.06746957e-01 -9.27607864e-02
 -3.34736221e-02 -5.56633659e-02 -3.84456851e-02  1.59404743e-02
 -1.27465889e-01  7.14640180e-03 -2.13353671e-02  5.14066555e-02
 -2.46040747e-02 -3.85507941e-02  1.02135040e-01  5.62188355e-03
  8.11902341e-03  1.29436636e-02 -8.87714326e-03 -5.44688180e-02
 -1.79121971e-01 -5.50652370e-02 -1.10749029e-01 -9.47983339e-02
 -7.43819252e-02  4.15630713e-02  1.59289166e-02 -3.40995900e-02
  1.65590197e-01  4.35142554e-02  1.41220659e-01 -6.48780018e-02
 -1.11618806e-02 -6.96988916e-03 -3.15553136e-02 -4.10862081e-02
 -1.35376558e-01 -8.89236182e-02 -5.80614507e-02 -5.15470281e-02
 -6.33231476e-02 -2.04212263e-01  1.26613736e-01  3.86026427e-02
  1.60891756e-01 -3.20880935e-02  1.38924988e-02 -8.28963816e-02
 -9.43819880e-02  2.02796794e-02  1.19254552e-01 -7.44875595e-02
  5.94153777e-02  1.03330659e-03 -6.83330745e-02 -3.71960327e-02
  2.25396082e-02  6.14279993e-02 -1.21144131e-01 -6.87664375e-02
 -9.53424573e-02 -1.06638912e-02 -7.84782693e-02  1.12020448e-02
 -5.41490652e-02 -1.38356090e-01  1.02784067e-01 -1.58130586e-01
 -7.16855600e-02 -9.12276283e-02  3.61913405e-02 -3.71518359e-03
  1.75610200e-01  2.77870577e-02 -1.07530504e-01 -1.59506485e-01
 -1.46066964e-01  1.54643995e-03  1.86320171e-02 -1.42348213e-02
 -5.47105335e-02 -9.24406275e-02  1.86847210e-01 -5.89768365e-02
 -3.98534909e-03 -7.16495961e-02  1.52951524e-01 -1.87709406e-01
 -2.99185067e-02 -7.13752806e-02 -5.34027405e-02  6.20567147e-03
  6.54702038e-02 -6.18186872e-03  9.34165716e-02 -6.28320873e-02
 -4.35454063e-02 -1.73762605e-01  1.08524188e-01  1.79648459e-01
  6.03653491e-02 -1.49982050e-02 -1.38646126e-01 -5.12803681e-02
  1.24686956e-01 -6.13317154e-02  1.03507284e-02  2.00218912e-02
 -5.29786088e-02  2.47044489e-02  6.57206848e-02 -1.86518326e-01
  6.14183806e-02  1.67725801e-01  7.69388154e-02 -3.00105177e-02
 -1.19898189e-02  2.74119060e-02 -6.98136464e-02  2.59409053e-03
  9.89491120e-03  2.34749839e-02  6.72505656e-03  1.38617367e-01
 -1.24818347e-02 -1.50237367e-01 -1.07663535e-02  5.19199111e-02
 -5.42313792e-02  5.61100356e-02 -1.00667812e-01  5.37931658e-02
  7.10757375e-02 -7.42847696e-02  1.44821346e-01  7.33066946e-02
 -5.38349152e-02  1.59109071e-01 -8.09710324e-02  1.66829694e-02
  7.53886253e-02 -1.17163919e-01 -5.21728322e-02  5.22618107e-02
 -2.69249398e-02  1.70039628e-02 -3.92304324e-02 -4.05294262e-02
 -1.76152289e-01  1.19545246e-02  3.12567614e-02  2.57904418e-02
 -2.62369197e-02  5.53723872e-02 -1.06216960e-01 -2.63392683e-02
 -1.34482095e-02  2.27387950e-01 -9.37961787e-02 -2.10036114e-02
  7.84462094e-02 -6.57497719e-02 -9.42755677e-03  1.76675096e-02
 -9.68615487e-02  6.75669983e-02  2.91893557e-02  5.62276542e-02
 -6.07940853e-02  4.54621390e-03 -1.27782933e-02 -5.15525863e-02
  2.08663400e-02 -1.47946654e-02 -9.02882125e-03 -7.22138882e-02
 -1.33726289e-02 -8.39592740e-02  2.20483448e-02  1.12583656e-02
  9.58610848e-02 -7.74290040e-02 -3.93431038e-02  9.45906788e-02
  8.54135081e-02  3.66831943e-02  1.57171354e-01 -7.64628574e-02
 -1.56884372e-01 -1.08771376e-01 -3.26712504e-02  1.13636799e-01
 -8.47366173e-04 -3.16674411e-02  9.77930240e-03 -3.35808583e-02
  4.42363247e-02 -3.82785797e-02 -6.17062636e-02 -4.26298231e-02
  9.57531929e-02 -1.40211463e-01 -7.18162730e-02  2.94248573e-02
 -6.41695559e-02 -4.34465706e-02  8.24690238e-02  9.04847383e-02
  3.72836813e-02 -1.97897013e-02  8.36925507e-02  1.46727502e-01
  7.76584148e-02 -7.93642104e-02 -1.26050310e-02  9.96639654e-02
  4.23345855e-03  1.13768928e-01 -1.27477616e-01  1.76511705e-01
 -1.75883606e-01 -6.60660490e-02 -9.69623774e-02 -8.75222534e-02
 -2.75996681e-02  4.48647030e-02  2.51345690e-02  5.93761764e-02
  1.07815854e-01  1.34080313e-02  1.47939786e-01  3.17276572e-03
  5.47743738e-02 -5.74898198e-02  6.45592734e-02 -9.12282541e-02
  1.83942482e-01  3.32602113e-02  9.90121290e-02 -1.37885153e-01
  4.63895760e-02  1.36037588e-01 -6.31132349e-02 -1.20499328e-01
 -4.20003645e-02 -7.97396991e-03  1.47741199e-01 -4.73379306e-02
  1.27833650e-01  4.06054221e-02 -2.40419842e-02 -1.92359373e-01
  1.16566859e-01 -1.92190915e-01 -8.74688923e-02  8.57671425e-02
  2.27989312e-02  2.09272169e-02 -4.75487970e-02  2.34163940e-01
 -2.01997772e-01 -9.36050043e-02  2.62387544e-02  3.50400582e-02
  9.11935642e-02  5.19793592e-02  5.93723776e-03  1.67944655e-02
  5.74352145e-02  1.25985965e-01  6.96319342e-02  1.35668665e-02
  2.75476016e-02 -1.81911945e-01  5.34217618e-02  9.10518691e-02]