http://erau.edu/ontology/meme.owl#JustAddZebrasMeme
[-0.16472946 -0.16758996  0.02585617  0.126591   -0.02338361  0.12702648
  0.16516817 -0.03051227  0.0381849  -0.21524881  0.06216854 -0.05568577
  0.0048043  -0.08508475  0.03814647  0.14865564  0.17534102  0.11597479
  0.09990468  0.13715094  0.00615607  0.05955832  0.06140006 -0.06232025
  0.21785003 -0.13703012 -0.05966572 -0.20824052  0.24003246  0.21376885
  0.07610744  0.15441324 -0.07672671 -0.02245123 -0.08430484  0.29465842
 -0.15528819 -0.01011679 -0.0139098  -0.20229228 -0.07152235  0.14833024
 -0.07131423  0.08075217  0.13717869  0.00128061 -0.0101776  -0.06186999
 -0.02386364  0.04548208 -0.01172071  0.1779864  -0.19703485 -0.15311815
 -0.00960711  0.14530112  0.1066292  -0.0789912  -0.0266683   0.12628676
 -0.06076816  0.09965759  0.07817413 -0.04315736 -0.13774095 -0.08678534
 -0.01012821  0.00400151 -0.00889645 -0.08470294 -0.18568656  0.05490775
 -0.03314519  0.03943863  0.06979044  0.05307063  0.00758542  0.05522395
  0.13645574  0.06153003 -0.05188064  0.00194848  0.11065376 -0.034642
  0.08962658 -0.08104375 -0.13570079  0.32830262  0.14386466 -0.00664434
 -0.05309484 -0.17047074  0.05822718 -0.19048561 -0.08925054  0.15383576
 -0.03407314  0.03746439 -0.0899147  -0.04405699  0.1252054   0.04654222
  0.44674954 -0.03669941  0.1708794   0.03084166  0.00194484  0.04484757
 -0.06830499 -0.13098288  0.15054151  0.00858922 -0.1984707  -0.03397038
  0.15369092  0.2000508  -0.18817018  0.04609084  0.00163643 -0.11699185
 -0.10698034 -0.10520269  0.05982966  0.20759074  0.1845499  -0.0345519
  0.00934811 -0.00599358 -0.08967301  0.10353639 -0.30390683 -0.04184584
 -0.18222071 -0.07905255 -0.08725078  0.03106008 -0.08075308 -0.08045181
 -0.05539764  0.01136852 -0.35458976 -0.02574007  0.22456709 -0.01330469
  0.09077322 -0.13406491  0.03417165 -0.13857858 -0.06349767  0.19561967
 -0.14259216 -0.293473   -0.01803356  0.25752988  0.08322313  0.13705505
 -0.1444053   0.23388463  0.17817478  0.00814125 -0.05227128 -0.2766487
  0.0080807  -0.02379433 -0.09217983 -0.14681968 -0.04982759  0.18861282
 -0.395807    0.04920942 -0.05354278  0.25108302  0.10749549  0.01269273
 -0.05783218  0.0559558  -0.06304195 -0.21730936  0.18064523 -0.06745847
 -0.00889008  0.09717206  0.01916759  0.18501844 -0.01843934 -0.02074807
  0.19206198  0.1585266   0.28078777 -0.1480583   0.08246597 -0.13003726
 -0.11929759  0.01820825  0.02524766 -0.11601233  0.04055059  0.1765755
 -0.12152453 -0.15388227  0.14529133  0.03219089  0.1423014   0.00100001
 -0.09239066 -0.29705238  0.030303   -0.13888608 -0.05216897  0.05789703
  0.27849224  0.17367542  0.02279821  0.13490331  0.02476404  0.11951464
 -0.03322211 -0.11407248  0.0955037   0.03493206  0.03941936  0.06049667
 -0.09633515  0.03318933 -0.08995929  0.1526164  -0.12138883 -0.0661559
 -0.18894915  0.07764128 -0.08426391 -0.00752247 -0.09410501 -0.11205235
  0.11057455  0.03090061 -0.16786648 -0.06973007  0.08351846 -0.11880378
  0.02427035 -0.13659786  0.05061516 -0.00655368 -0.3118074  -0.02350233
 -0.25095335  0.05737208 -0.109329   -0.012504    0.02177111 -0.12807207
  0.23958215  0.15447402  0.2844526  -0.10579192 -0.20414282 -0.00506428
  0.04802493  0.15847099 -0.01800008 -0.07804799 -0.07412464 -0.19435324
  0.06744627 -0.29808348 -0.01292251  0.02883438 -0.02053973 -0.11896743
 -0.11920846 -0.00707808 -0.23484349 -0.12508616  0.00531969 -0.04967092
  0.06250512 -0.01709557  0.06238862  0.02159416  0.14960323 -0.01648925
 -0.0875211  -0.16167735 -0.19878964 -0.13507232 -0.10090426  0.00247472
 -0.09084766 -0.16673206  0.01889693 -0.04325796  0.00654662  0.04418125
  0.06759717 -0.00351954  0.002007   -0.01571218 -0.16656955 -0.01861064
 -0.14762454  0.1465491   0.04072408  0.14175561 -0.08937088 -0.09146261
  0.19073758 -0.07446175 -0.14159814  0.0452183   0.1700852  -0.09674837
  0.02547617 -0.03905692 -0.12127353  0.01173936  0.03837201 -0.06032737
 -0.13737603 -0.01691973  0.0795637  -0.13908514  0.09477352  0.05657204
 -0.13561589 -0.00912678 -0.05559967 -0.02893494  0.18643981 -0.02102362
  0.01305549  0.09952983  0.02206987 -0.17453022 -0.02427109 -0.15083022
  0.12041902  0.08927084  0.00202693  0.04020749  0.04653956  0.06027279
 -0.03817775 -0.04307204 -0.13563183 -0.11573508 -0.15710095  0.29883343
  0.05749882 -0.21209437  0.02399197  0.07215366 -0.06240391  0.19074582
 -0.07213651  0.24731131  0.17355664  0.06295718  0.05669054 -0.11646211
 -0.1274741   0.19438964  0.1301059   0.03640724  0.16523473 -0.0844833
 -0.03112399  0.10677215  0.05815794  0.13950893  0.01067991 -0.0471111
 -0.200314   -0.05447662  0.12511912  0.06651694 -0.02430251  0.0343558
  0.06879523 -0.17183957  0.09120846  0.17890537  0.022411   -0.1405511
  0.07840138 -0.09003748 -0.22559805  0.0457106  -0.05812417 -0.09922209
  0.02114164  0.05430951  0.08088727  0.03951664  0.00187793 -0.2120175
  0.00561076  0.08028128  0.23978452  0.02691404 -0.04163883  0.1238632
  0.16214007 -0.25595376 -0.17381224  0.10223892 -0.00077317  0.16764387
  0.12106331  0.13106386  0.13666278 -0.18655741 -0.20233466 -0.04475321
 -0.03605864  0.02163856 -0.17765641 -0.01924778 -0.13934675  0.15533288
  0.01271139 -0.05283448 -0.09840558 -0.07086629 -0.01811478 -0.1441157
  0.05520502  0.1307292   0.11211345 -0.00482288  0.12063651  0.36066693
 -0.0036355  -0.24547055  0.12040039  0.21969545  0.06313215 -0.09054989
  0.0345187   0.21469839  0.1504841   0.11250393 -0.1370334   0.3277463
 -0.33844012 -0.17991638 -0.28555268 -0.02927411 -0.15503749  0.01367321
  0.07801998  0.19518135  0.08071549 -0.00933545  0.19134212 -0.04093988
  0.11329923  0.22156332  0.02203065 -0.08686514  0.2439316   0.01803925
  0.1148482  -0.06831713 -0.03723914 -0.03226968  0.04390675 -0.1613122
 -0.11253691  0.13699809  0.15912081  0.04834636  0.05381373  0.13718693
  0.10569387 -0.19285008  0.07631991 -0.21601567 -0.06916981  0.1660844
 -0.17800681 -0.1592205  -0.06950361  0.35816282 -0.10968006 -0.1988132
  0.16119088 -0.06010399  0.11344144  0.09916057 -0.07440568  0.01745082
 -0.04223695  0.025381    0.18530034  0.11684526 -0.01946338 -0.13055737
  0.2555196   0.24347287]