http://erau.edu/ontology/meme.owl#AnimeProfilePicturesMeme
[-0.09762769 -0.13159077  0.00350617  0.08322561  0.10801604  0.08162651
  0.08197226  0.01283795 -0.07449705 -0.0353328   0.12575941 -0.09636919
  0.05789975  0.04252158 -0.0584891  -0.07669974  0.00763295  0.21870044
 -0.01672184  0.07847169 -0.28390074  0.14711301  0.06379924 -0.06981591
  0.18707162 -0.00457668 -0.04097825 -0.06489015  0.23113021  0.08255423
  0.09858378  0.15696822  0.08408627 -0.13686055  0.00859839  0.20245287
  0.09806678  0.04677718 -0.05887146 -0.19930156 -0.06058161  0.05284536
 -0.04159432 -0.14395224  0.03786655  0.13496721 -0.00335227 -0.12959938
 -0.02180759 -0.00220854 -0.00264615  0.05485211 -0.11941867 -0.05635555
 -0.11040728  0.07589556  0.0836904  -0.14825162  0.1850954   0.07036121
 -0.00438041 -0.0385823   0.05242219  0.00773722 -0.16190954 -0.1461694
  0.02884125 -0.05181193 -0.05183849  0.00376467  0.00295829  0.12220164
  0.10136941  0.08334083  0.07067091  0.12573381 -0.07904468 -0.01966821
  0.09374359  0.03081613 -0.01672846 -0.14293014 -0.10540001 -0.1711534
  0.13399377 -0.1225993  -0.05315078  0.12981316  0.0599906  -0.03362413
  0.08449725 -0.2554913   0.02928807 -0.06781172 -0.09940213 -0.03606583
 -0.03189113 -0.08006309 -0.01354412 -0.01017033  0.13922116  0.16056801
  0.26379302 -0.11170344 -0.01499936  0.10008356  0.18656972  0.06673072
  0.07226117 -0.04459257  0.02747215 -0.00648131 -0.03562624 -0.02176278
  0.11235106  0.05181614 -0.18980505 -0.08150177  0.01282517  0.03519741
  0.03059012 -0.0172206   0.08699539 -0.00070181  0.11066953 -0.07792241
  0.09584467  0.00683011  0.11116173  0.01522232 -0.14721571 -0.04496224
 -0.01892504 -0.13180573  0.07253911  0.08831022 -0.10464917 -0.14814481
 -0.0199494  -0.03128556 -0.20952061 -0.02517369  0.16462389  0.0468655
  0.18619215 -0.20797387 -0.02030478 -0.09795432 -0.12313967  0.07473565
 -0.03576187 -0.073191   -0.0616041   0.04064681 -0.09538279 -0.01091183
 -0.09236228  0.12201311  0.0524179  -0.02238798  0.06773891 -0.11957835
 -0.02155453 -0.02782216 -0.18346532 -0.11120347  0.07744294  0.06812459
 -0.24979086  0.11258194  0.00602272  0.2029332   0.3734802   0.20891792
 -0.05703856 -0.08919381  0.07211237 -0.08498716  0.22556205 -0.02909758
 -0.09133353  0.0611957   0.16023463 -0.05305741 -0.08530184 -0.05532826
 -0.03763389  0.12899424  0.17323269 -0.13056873  0.07128448  0.04100757
 -0.04348915 -0.14496247  0.00095955  0.00165481  0.08821021  0.12780876
 -0.06556395  0.06240798  0.12468938  0.07869709  0.0742018   0.04226701
 -0.05458717 -0.21364048 -0.08894634 -0.01102512  0.2890022   0.09003025
  0.24435869  0.04441453  0.01003402 -0.09054519  0.07764888 -0.03024649
 -0.06058972 -0.05723877  0.10510007  0.15061875  0.01452294  0.18564446
 -0.08801391  0.01368562  0.11452519  0.06812834  0.01008969 -0.05516512
  0.00325235 -0.1305594   0.05647578 -0.02357869 -0.1085887  -0.18371683
  0.05186877 -0.03591503  0.04189474 -0.0498254   0.14921783 -0.07189482
  0.02874828 -0.06139575 -0.01435457 -0.10156347 -0.1556754  -0.02800838
 -0.0497734  -0.09927888 -0.01035789  0.03433045  0.07135506  0.08711872
  0.14247768 -0.03694886  0.18106908  0.0409101  -0.03588455  0.08251768
 -0.00893746  0.14529116 -0.0502026  -0.04168906  0.08294295 -0.06475923
 -0.06818809 -0.18102492  0.09564137  0.06493559  0.05141317 -0.03208792
 -0.04048928 -0.03012046 -0.00176843 -0.01921171  0.14103258 -0.03111865
  0.11537765  0.01508887  0.00749428 -0.11244897  0.05149432  0.04551354
 -0.01561449 -0.05475201 -0.01064614 -0.0151263  -0.09322331 -0.00249219
  0.08404821  0.01623676 -0.05566178 -0.16188613 -0.04741821  0.00387312
  0.08912134  0.03565166  0.13394307  0.08440802 -0.05256044 -0.06685936
 -0.18343224 -0.07253519 -0.04217017  0.0802619   0.01469079  0.03031159
  0.06171646 -0.04732757 -0.03197734 -0.00794563  0.05472352 -0.2545675
 -0.07542521  0.04956237 -0.11231066  0.06131252 -0.04589931  0.05145016
  0.02243807 -0.10927428  0.0558425  -0.05804725  0.1144771   0.19304596
  0.04891662  0.10656691 -0.2139749   0.02087822  0.14999557 -0.04919714
  0.06964012 -0.07771172  0.1571227  -0.00829077 -0.09938891 -0.3238865
  0.23094413  0.06264959 -0.01499016  0.11572827 -0.03731769  0.07195628
 -0.06022914  0.01407268 -0.06005543 -0.03819934 -0.00178643  0.09408259
 -0.06863595 -0.15295604 -0.02295948  0.11101396 -0.17180787  0.18425557
 -0.21765433  0.06628904  0.08003338 -0.17727341  0.22004677 -0.13812922
 -0.08572598  0.16422758 -0.09622034 -0.08010662  0.05933156 -0.16696474
 -0.08009312  0.03973398  0.07069582 -0.05941905 -0.04091083 -0.07985752
 -0.1845337   0.04280927 -0.00118549 -0.01286058  0.02609781  0.08185989
  0.0412949  -0.05350985  0.12617688  0.23310931 -0.144822   -0.11294159
  0.03855671 -0.03098842 -0.11844431  0.29696226 -0.13969733 -0.11468372
 -0.01476298  0.10050785 -0.11286403  0.13470912  0.07342941 -0.17341748
  0.02810989 -0.0195924   0.3619381  -0.0481209  -0.07270686 -0.1937226
  0.08306966 -0.15395994 -0.1709236   0.03525175 -0.08573851  0.32662928
  0.10078231 -0.07174028  0.15793973 -0.1381681  -0.19994874 -0.0939362
 -0.01632189  0.08716878  0.10706358 -0.11174233  0.01881775  0.05409415
  0.13583548 -0.05289972 -0.06114307 -0.04708288 -0.03880208 -0.17516617
 -0.06225032  0.17865713  0.08222236 -0.10692562  0.1191235   0.18294677
  0.03305853 -0.14896852  0.12235013  0.13881673  0.02962426 -0.17467104
  0.03062495  0.16438314  0.13492261  0.12764288 -0.0584917   0.2761601
 -0.21384162 -0.02092565 -0.20433202 -0.03526962 -0.10787416  0.02882248
 -0.0086071  -0.02253137  0.22326642 -0.00791222  0.12997472 -0.05335124
  0.11539616  0.05716902  0.08921791 -0.05558197  0.08492424  0.1282138
  0.21519288 -0.08531163  0.11374829  0.07058543 -0.07403578 -0.15930314
 -0.04905778  0.10449167  0.16800311 -0.04373455  0.16240034  0.14498572
 -0.03868669 -0.33039895  0.08363665 -0.21086246 -0.09108185  0.05370057
  0.02675344 -0.06782587 -0.04815374  0.16338259 -0.19439554 -0.22075462
  0.00119287 -0.11143306  0.09889506 -0.00556625 -0.11696565  0.01989445
 -0.02125494 -0.0127488   0.19856517  0.1214947   0.02452656 -0.11253224
  0.03434773  0.13189608]