http://erau.edu/ontology/meme.owl#TheSignsAsMeme
[-1.23309813e-01 -1.67121604e-01  7.92015460e-04 -1.98171288e-02
 -3.91171835e-02  2.95068230e-02  8.32366869e-02  4.44108658e-02
  6.51185140e-02 -3.53830354e-03  1.39287665e-01 -5.27564622e-02
  5.08711487e-02 -1.01426229e-01 -3.78842615e-02 -4.00530137e-02
  4.16341722e-02  8.52707215e-03  2.88032461e-02 -1.92925916e-04
 -2.09148332e-01  9.46690738e-02  1.10213712e-01 -2.25738123e-01
  1.47333607e-01 -6.95136189e-02  2.60916036e-02 -5.16248718e-02
  2.09952757e-01  1.35757446e-01  1.13470539e-01 -2.80520655e-02
 -4.75427456e-04 -6.43517971e-02 -4.31503579e-02  9.62759554e-02
  7.81609640e-02  9.24844071e-02 -1.15614213e-01 -9.18390602e-02
  3.21218632e-02  1.79254621e-01 -1.78097308e-01 -3.99875231e-02
  1.72008500e-01 -1.56230321e-02 -2.89486367e-02 -3.17819081e-02
 -1.05061978e-02  4.80322391e-02  3.79707776e-02  6.05479022e-03
 -3.72437909e-02 -1.56170055e-01 -7.36257732e-02 -5.78947663e-02
  3.36537100e-02 -5.38277104e-02  2.33514249e-01  1.06638037e-01
 -8.26121029e-03 -5.69861569e-02  7.00166151e-02  1.03662804e-01
 -8.20817128e-02 -3.95063199e-02  1.53410628e-01  4.94758002e-02
 -8.06763470e-02 -2.32963730e-02 -8.63444209e-02  8.85536522e-02
  1.24480359e-01 -7.12006399e-03  2.12941412e-02  1.48670822e-01
 -1.22023195e-01  4.28311005e-02  3.94580327e-02  1.92553401e-02
 -6.44382089e-02 -8.38066936e-02 -4.53172810e-02 -1.67956173e-01
  4.17953208e-02 -8.47220123e-02 -1.06025077e-01  3.28054987e-02
 -6.29234910e-02 -2.46790126e-02  4.30335328e-02 -1.00994326e-01
  1.10821120e-01 -4.28678580e-02 -1.34940907e-01  8.99089128e-02
  4.36719805e-02  3.97983287e-03 -4.99008372e-02 -2.44630501e-02
  1.02573283e-01 -5.53983543e-03  2.57382452e-01 -3.53945568e-02
 -1.36495503e-02  3.46369818e-02  4.47817594e-02  2.75423601e-02
 -9.18183625e-02  9.62281134e-03 -6.59476146e-02  4.02609669e-02
 -8.52862373e-03 -1.36196330e-01  1.63487718e-02  3.18413526e-02
 -2.49694541e-01 -1.65103123e-01 -1.69518515e-02  1.06736138e-01
  2.01995615e-02 -6.33491874e-02 -1.46470636e-01  1.63810879e-01
  8.82869512e-02 -1.25610694e-01 -6.98259752e-03 -9.53009876e-04
  2.24465467e-02  6.51267394e-02 -1.08291201e-01  9.09220427e-03
  5.29914685e-02 -5.23756631e-02 -1.55863047e-01  6.73710480e-02
 -3.82376052e-02  4.93622012e-03 -1.74229369e-01  7.21080303e-02
 -2.39275083e-01  2.53547765e-02  1.84024666e-02  2.83578169e-02
  1.41105652e-01 -2.90516704e-01  1.21292412e-01 -1.27519965e-01
 -3.04082483e-02  8.06965977e-02 -6.79211468e-02 -3.97383906e-02
 -1.75759830e-02  7.30362907e-02  3.54167190e-04  1.26985893e-01
 -9.36072320e-02  1.81873843e-01  3.52703501e-03 -1.00629725e-01
  9.09921750e-02 -7.62999803e-03  6.65970817e-02 -7.89290387e-03
 -2.08296791e-01 -1.26014993e-01  1.30274072e-02  1.41612038e-01
 -1.79702073e-01  1.65494189e-01  2.86980011e-02  1.96922377e-01
  1.60191998e-01  5.73604107e-02 -2.99881622e-02  2.83602271e-02
 -6.55751452e-02  3.91211687e-03  3.47567461e-02  2.37179007e-02
 -6.93302304e-02  1.47205502e-01 -3.04940380e-02 -1.98395387e-03
 -4.32492010e-02  2.38313861e-02  6.52154610e-02 -2.36359965e-02
  1.02357954e-01 -7.20532760e-02  4.74062562e-02  3.29262614e-02
 -1.24198377e-01 -8.95732939e-02  7.13778064e-02  2.64969040e-02
 -1.34813068e-02  8.31352100e-02  8.75599682e-02 -9.97948945e-02
 -1.53402582e-01 -3.27732153e-02  1.77036747e-02 -9.04843956e-02
 -4.15836312e-02 -1.49394065e-01  1.46740694e-02 -4.93162572e-02
 -3.52403037e-02  3.89743820e-02  1.07427046e-01  4.60058078e-02
 -1.40985446e-02 -7.77683929e-02  6.94739167e-04  7.56385028e-02
 -1.70003355e-01 -1.17691262e-02  1.39336839e-01  3.85160409e-02
  1.00202590e-01  3.09056100e-02 -1.70927942e-01 -4.37742192e-03
 -3.37777287e-02  6.26509488e-02 -1.91953868e-01  7.55425990e-02
 -4.82807308e-02  5.82716241e-02  5.36332577e-02  1.38825849e-02
 -1.27527714e-01 -1.33376211e-01 -2.69538630e-02 -2.98577957e-02
 -9.89359245e-02 -2.05487996e-01  3.50786969e-02 -1.26106218e-01
 -5.66534810e-02 -8.16218406e-02 -2.52132700e-03 -2.94806119e-02
 -2.47637212e-01 -8.48620459e-02 -1.42575517e-01 -1.21521711e-01
 -2.86268760e-02 -3.87288742e-02  9.47745070e-02 -2.26884964e-03
  1.33865461e-01  1.23746336e-01  1.31173670e-01  2.86747571e-02
 -1.52524516e-01 -2.80022640e-02  6.05494455e-02  3.31350748e-04
 -2.94731036e-02 -1.06934652e-01 -7.90287852e-02 -1.98521063e-01
 -6.80766404e-02 -2.62944698e-01 -1.09390683e-01 -4.81813811e-02
  2.27779932e-02 -6.52717128e-02 -7.89793581e-02 -9.39248037e-03
 -4.31238711e-02  1.13581568e-01  5.91069236e-02  1.89058259e-02
  1.81320161e-02 -1.55249283e-01 -6.66206703e-02  3.74310799e-02
  1.92349672e-01  4.41179313e-02  1.64364446e-02 -1.28701299e-01
 -2.35441506e-01  5.33768572e-02  1.44765840e-03 -5.23858853e-02
  2.00823881e-02 -1.28805324e-01  7.88138136e-02 -2.12776825e-01
  6.72730207e-02  2.25941898e-04  2.88317427e-02 -6.64769039e-02
  3.26187089e-02 -6.97478503e-02 -1.83597773e-01 -1.73041791e-01
 -2.73440391e-01  1.10035343e-02 -5.77363856e-02  1.69454262e-01
  7.89000839e-02 -6.47001946e-03  1.27353042e-01 -4.90711965e-02
 -1.27057657e-01  6.55451417e-02  2.92024732e-01 -2.27873594e-01
 -1.08358443e-01  4.94850315e-02  2.64132489e-03  6.45800531e-02
 -5.80705889e-02  4.56298068e-02  3.80673073e-03  1.34749906e-02
  1.02090962e-01 -1.83411017e-01  1.86261550e-01  1.20407626e-01
 -4.55857068e-02 -3.39071266e-02  2.15468649e-03 -5.19554466e-02
  5.16958982e-02 -3.44620049e-02  4.25534733e-02  2.75622495e-02
 -4.14351225e-02 -1.53410152e-01 -1.67616606e-01 -2.86319703e-01
  1.61616266e-01  1.17034338e-01 -5.17839082e-02  3.18570808e-02
  1.79938134e-02  2.62993015e-02 -3.46587896e-02  1.48184225e-02
 -1.03809506e-01 -4.62449342e-03  2.20585708e-02  1.80632338e-01
 -6.05778135e-02 -1.04185656e-01 -7.28104413e-02 -4.64603603e-02
 -8.22177678e-02  2.01204941e-01 -1.46389171e-01  1.20418496e-01
  4.29477654e-02 -4.85122874e-02  2.31055245e-01 -1.14711955e-01
 -8.43434185e-02  5.54677919e-02  4.61203009e-02 -9.53540653e-02
 -5.27644828e-02  1.22039571e-01 -1.24088839e-01  5.87351881e-02
 -5.96636459e-02 -4.69363928e-02  2.31484734e-02 -4.82454970e-02
 -3.20151627e-01  1.22405708e-01  9.01186988e-02 -8.63983929e-02
 -1.40423700e-01  6.14709146e-02 -1.13266841e-01 -1.84045881e-02
  6.13107607e-02  7.83017129e-02 -6.45907000e-02 -5.85919693e-02
  1.12402737e-01 -1.76214114e-01 -6.81496412e-02  2.13631973e-01
 -8.14465284e-02 -2.48241395e-01  2.88764667e-02  6.00922406e-02
  2.06525140e-02  3.04190487e-01 -1.12948574e-01 -2.54495949e-01
  1.49202198e-01  1.09428942e-01  2.32248455e-01 -9.11509097e-02
 -6.45054653e-02 -2.02131286e-01  9.49686859e-03 -3.55711848e-01
 -1.45142496e-01  3.09588350e-02 -2.54302379e-02  4.07639921e-01
  8.59471038e-02  7.01245517e-02  7.74270669e-02 -1.36173397e-01
 -1.35020718e-01 -8.72379076e-03 -1.33463755e-01  6.73857704e-02
 -1.15444891e-01 -1.32695526e-01 -1.35693466e-02  1.01612404e-01
  1.53061792e-01  1.14905454e-01 -2.15246931e-01  7.92584643e-02
 -4.58659381e-02 -1.16196573e-01 -7.07550943e-02  1.04184434e-01
  4.58894894e-02 -1.16652781e-02 -7.81558529e-02  2.52374589e-01
  6.04743287e-02 -1.69878915e-01  1.62217841e-01  1.63401976e-01
  4.17667665e-02 -4.49743215e-03  6.37497827e-02  8.35143402e-02
  7.98057839e-02  3.16256993e-02 -9.11259875e-02  2.60501862e-01
 -7.95255378e-02  3.13507691e-02 -1.84139952e-01 -1.36064619e-01
  1.53043251e-02  6.96885139e-02  9.91235450e-02  1.77358791e-01
  9.98058077e-03 -7.50548542e-02  2.29719058e-01  1.04464315e-01
  3.78470831e-02 -2.03367416e-02  1.36288539e-01 -8.42343830e-03
  2.46307135e-01  6.99124634e-02  1.04955673e-01 -4.13008332e-02
 -7.59516880e-02  1.69245988e-01 -7.86155984e-02 -1.78902030e-01
 -1.12716876e-01  2.14375220e-02  2.00260103e-01  4.74167690e-02
  2.06098661e-01  2.04303622e-01  9.97093096e-02 -1.90363333e-01
  1.17946647e-01 -7.86969885e-02 -3.67710250e-03  6.83108643e-02
 -3.41125093e-02 -2.65979674e-03 -1.49890184e-01  2.46160835e-01
 -9.19664800e-02 -1.39204934e-01 -1.27805114e-01  7.11287260e-02
 -2.40530283e-03  5.59425727e-02 -1.04192808e-01 -1.48630468e-02
  7.50982761e-02  5.14077991e-02  4.41665575e-02  3.97356004e-02
 -3.84808076e-03  1.27130644e-02  3.25355567e-02  5.30252559e-03]