http://erau.edu/ontology/meme.owl#FatherICraveCheddarMeme
[-1.25496686e-01 -1.25820056e-01  1.89001709e-02  3.71224508e-02
  7.76165351e-02  6.59216195e-02  6.26869127e-02  5.94707578e-02
  3.11786942e-02 -6.84578121e-02  8.73389691e-02 -6.25554770e-02
 -3.94238234e-02 -3.71057503e-02 -1.08736277e-01  1.71008967e-02
  1.65768042e-01 -1.35419541e-03  1.29581586e-01  1.30644336e-01
 -2.39994481e-01  3.12526114e-02  1.02450617e-01 -1.54748857e-01
  2.88948059e-01 -1.58295169e-01 -5.64262569e-02 -5.97715266e-02
  2.86012471e-01  2.00469807e-01  1.58793107e-01  4.76402007e-02
  5.59088252e-02 -1.00150250e-01 -1.02093769e-03  1.10282682e-01
  2.12594606e-02  5.08176722e-02 -3.26060280e-02 -1.21873155e-01
 -5.47075942e-02  1.34373158e-01 -1.68711752e-01  1.85778942e-02
  1.51365221e-01  9.71074868e-03 -4.77999151e-02 -6.80952892e-02
  1.74192153e-02  3.00600622e-02  3.17660198e-02  9.46235657e-02
 -1.24102592e-01 -8.07103217e-02  1.65308174e-02  1.16999000e-02
  7.19242170e-02  1.98958442e-02  8.05780366e-02  1.20560221e-01
  5.90966605e-02 -7.70612806e-02  8.72857273e-02  5.48009761e-02
 -8.11652318e-02 -7.27261677e-02  5.42088263e-02 -5.47835324e-03
 -1.18592352e-01  3.45517648e-03 -6.06722310e-02 -2.49926727e-02
  7.43999407e-02 -4.44415770e-02  2.03299727e-02  9.54999998e-02
 -1.01446725e-01  2.12081522e-02  7.55982706e-03  2.43607182e-02
 -5.19826524e-02 -9.16329846e-02  3.93549651e-02 -5.26496656e-02
  9.05334726e-02 -1.07185856e-01 -1.45515010e-01  2.62745619e-02
  6.17430061e-02 -5.89360744e-02  3.51437181e-02 -1.48828417e-01
  1.05586663e-01 -7.08483905e-02 -7.51976892e-02  9.50122997e-02
 -1.81738790e-02 -4.04140726e-02 -2.97179054e-02 -1.55482993e-01
  1.04688406e-01  5.59202023e-03  1.34041384e-01 -3.25924419e-02
 -4.66699749e-02  7.88729042e-02  3.09669152e-02 -9.13304240e-02
 -4.23004739e-02  1.93398166e-02  2.79220436e-02 -3.34693901e-02
 -1.03535309e-01 -6.97767809e-02  4.95829992e-02  8.08752477e-02
 -2.05296218e-01 -5.91534562e-02 -1.04767345e-02 -1.40429735e-02
 -1.84644107e-02 -4.08744812e-02 -5.78621849e-02  1.24995358e-01
  1.02566198e-01 -1.92598000e-01  4.41892892e-02  1.56382117e-02
 -1.42213963e-02  6.04084395e-02 -1.77231595e-01 -1.80670079e-02
 -7.00106025e-02 -1.02260359e-01 -6.16018809e-02  9.13454369e-02
 -3.18886712e-02 -6.69200867e-02 -2.18204424e-01  3.83269601e-02
 -2.05340758e-01 -2.96435226e-02  7.92272836e-02  3.81325446e-02
  1.34685934e-01 -2.03488886e-01  1.13897189e-01 -7.77769089e-02
 -2.07129996e-02  8.47423598e-02 -7.02959672e-02 -1.01990864e-01
 -7.86826089e-02  1.27443075e-01  3.78410295e-02  1.39393121e-01
 -7.12160841e-02  1.28308773e-01  1.12993956e-01 -3.26495357e-02
  6.35599270e-02 -1.13921225e-01  6.45353571e-02 -2.16219872e-02
 -1.36700511e-01 -5.18975928e-02  2.35793684e-02  8.83745700e-02
 -2.61208206e-01  1.43247753e-01  7.79542513e-03  2.38703460e-01
  1.43148705e-01  2.68113241e-02 -3.10696401e-02 -6.16566017e-02
 -8.40061754e-02 -8.18495899e-02  6.33593276e-02 -9.26582702e-03
 -9.89423394e-02  1.53877363e-01 -2.07429664e-04  3.54481414e-02
 -3.56138460e-02 -4.63048369e-02  1.52035087e-01  3.95633876e-02
  1.45338416e-01 -8.64733607e-02  5.59894070e-02  2.46734694e-02
 -8.48484784e-02 -9.45163518e-02  9.15741771e-02 -1.34226471e-01
  1.81047134e-02  2.49200650e-02 -1.48323784e-02 -7.42196366e-02
 -8.94127041e-02  1.15510104e-02  9.36349630e-02  4.24043695e-03
 -6.99485838e-02 -3.12863320e-01 -8.14496167e-03 -1.14732444e-01
  1.05793200e-01  1.33697897e-01  3.08230668e-01  7.41952881e-02
 -1.98376831e-02 -7.57493749e-02  6.64751455e-02  5.21104336e-02
 -7.03849643e-02 -8.77688304e-02  1.35058969e-01  1.06277555e-01
  1.17477782e-01  8.18878040e-02 -1.29410669e-01  1.79205984e-02
  6.26983121e-03 -2.25959835e-03 -1.26506090e-01  5.86948320e-02
 -1.02923125e-01  5.19037209e-02  9.97313485e-02 -9.07454919e-03
 -1.09266035e-01 -2.12587014e-01  3.45764565e-03 -3.22001353e-02
 -1.73814833e-01 -9.58505422e-02  4.12488878e-02 -5.50866611e-02
 -8.77255499e-02 -4.96666580e-02  2.93120351e-02 -5.20300567e-02
 -2.98824787e-01 -2.30111927e-02 -1.73545718e-01  7.79759604e-03
 -4.73340005e-02 -3.96749424e-03  7.42270425e-02  2.18229257e-02
  1.01095200e-01  4.78823222e-02  1.29411742e-01 -2.77791335e-03
 -1.86599046e-01  3.14782299e-02  3.73750962e-02  5.10183983e-02
 -1.16440570e-02 -3.57131176e-02  2.83156317e-02 -1.44909754e-01
 -7.49335364e-02 -1.26392856e-01 -7.39728138e-02  4.77676988e-02
 -1.75200477e-02 -4.64462824e-02 -9.04162675e-02  2.09971499e-02
 -7.08389953e-02  1.13104852e-02 -8.17074999e-03  3.71990725e-02
  9.31259152e-03 -5.13034388e-02  5.43674603e-02  4.11329754e-02
  1.38710260e-01  1.45037934e-01 -9.53283533e-03 -9.86102670e-02
 -1.31571740e-01 -6.47026971e-02  7.36345351e-03 -1.49536598e-03
  2.98082307e-02  4.30145487e-03  3.45792510e-02 -1.24121182e-01
  2.94810683e-02  1.69539433e-02 -9.36518610e-03  1.15883946e-02
  8.11587870e-02 -4.30193618e-02 -6.82253912e-02 -7.29618520e-02
 -1.51968658e-01  6.67377487e-02 -2.60301586e-02  1.01320080e-01
  3.90082933e-02  3.20553146e-02  7.24061728e-02 -2.32360587e-02
 -1.64996356e-01  1.03777135e-02  1.74356952e-01 -8.67247805e-02
 -2.34571509e-02  2.28346847e-02 -5.30095659e-02  5.78813665e-02
 -1.17670000e-02  1.94150452e-02  1.41350273e-02 -1.02363969e-03
  5.61549962e-02 -6.84280172e-02  6.10471405e-02  5.65211028e-02
 -5.36690876e-02  7.33160181e-03  2.38330457e-02  9.19252634e-02
  4.02567163e-02  2.83448845e-02  3.81495878e-02  5.47040254e-03
  1.35801481e-02 -1.11121543e-01 -1.13763221e-01 -1.24194428e-01
  2.37905607e-02  5.01216799e-02 -7.75327533e-02  3.64214331e-02
 -1.84262395e-02  1.15648434e-01 -8.19243416e-02 -8.48853868e-03
 -1.30677983e-01  3.93828303e-02 -8.13862160e-02  1.02928743e-01
 -3.63217108e-02 -7.39438534e-02 -4.79535423e-02  2.00192556e-02
 -2.22023055e-02  1.59993634e-01 -1.07751578e-01  3.30328941e-02
  2.78165061e-02 -1.88617669e-02  1.10681824e-01 -1.42289549e-01
 -1.00393102e-01  4.92923707e-02  5.44114113e-02  6.55909721e-03
 -7.58091062e-02  5.70534468e-02 -1.48813218e-01 -5.34508331e-03
 -2.24950947e-02 -1.91273261e-02  2.83629876e-02 -4.23421152e-02
 -2.47727945e-01  1.69358268e-01  2.18017474e-02 -6.23148791e-02
 -1.30390376e-01  3.43849510e-02  2.44156625e-02 -1.39422831e-03
  6.12384304e-02  1.27700746e-01 -2.23933198e-02 -1.29459321e-01
  7.00568110e-02 -2.35454679e-01 -1.66700661e-01  2.36917540e-01
 -7.62392208e-02 -3.05055082e-01  9.83921215e-02  2.59709712e-02
  3.59829627e-02  3.37216496e-01 -8.41994137e-02 -2.72432029e-01
  8.73605236e-02  1.61881715e-01  4.65125918e-01 -1.59119278e-01
 -8.09424967e-02 -1.29987016e-01  9.19561014e-02 -3.61508727e-01
 -2.31977820e-01  4.50019278e-02 -6.97784498e-02  4.52587545e-01
  1.00996912e-01  2.77607571e-02  2.08448935e-02 -9.45046619e-02
 -1.61305681e-01  1.55824693e-02 -4.55649430e-03 -1.00218970e-02
 -1.35336503e-01 -7.16385245e-02 -5.83471693e-02  1.35693550e-01
  1.38913646e-01  1.38209108e-02 -1.77750185e-01 -4.65741940e-02
 -4.74033691e-02 -1.45494074e-01  3.80195342e-02  1.95494875e-01
  1.10956676e-01 -1.01932548e-01  4.53570560e-02  2.85869330e-01
  8.40922818e-02 -1.84625909e-01  1.62023902e-01  1.63221449e-01
  1.18245244e-01 -2.30114404e-02  8.62697139e-02  8.48550722e-02
  8.90366063e-02  6.75660893e-02 -1.10706046e-01  2.88137704e-01
 -1.64089173e-01 -5.31600229e-02 -2.36769795e-01 -1.35837406e-01
 -7.74895847e-02  7.42894113e-02  5.35601676e-02  1.38648570e-01
  6.54910505e-02 -4.37555648e-03  1.59593582e-01  4.98749269e-03
  1.28581181e-01  2.56826002e-02  1.24601379e-01 -5.26416861e-02
  1.42600089e-01  1.00340523e-01  1.83840886e-01  5.60072698e-02
 -2.48054862e-02  3.44081074e-02  3.44823971e-02 -5.80961443e-02
 -5.83900586e-02  1.12626828e-01  1.52980626e-01  1.76253580e-02
  1.38819084e-01  1.74337074e-01  5.01018167e-02 -1.19175144e-01
  1.06246971e-01 -1.66472837e-01 -1.86627269e-01  1.22221857e-01
 -1.16630822e-01 -1.33851320e-01 -4.23659571e-02  1.85386509e-01
 -1.23943761e-01 -1.77804127e-01 -9.92505532e-03 -9.06755999e-02
  1.10156864e-01  4.80691530e-02 -1.43322825e-01 -4.26937044e-02
 -2.31732987e-02 -1.06411455e-02  6.37437627e-02  8.54300410e-02
  2.22048815e-02 -7.09462017e-02  1.28213227e-01  7.95550495e-02]