http://erau.edu/ontology/meme.owl#ItsPartyTimeMeme
[-1.06235594e-01 -1.19775251e-01  1.76588953e-01  5.64471148e-02
 -2.82993019e-02  1.46603525e-01  3.16871494e-01  1.66388988e-01
 -1.61084443e-01 -9.56623927e-02  5.77711724e-02 -9.47704131e-04
 -1.03353776e-01  2.13902188e-03 -8.05242658e-02  1.69148996e-01
  1.45256311e-01  1.82957873e-01  5.06236479e-02  1.23566322e-01
 -2.55317658e-01 -4.02009897e-02  1.71111390e-01 -5.25954999e-02
  1.98953062e-01 -1.39400735e-01 -6.88967556e-02 -5.22135161e-02
  3.36834967e-01  6.13670498e-02  1.04297914e-01  1.84209242e-01
  2.15523511e-01 -2.45474473e-01 -4.09728847e-02  1.64358988e-01
 -1.30539924e-01  1.10562064e-01 -3.35316472e-02 -1.28123462e-01
 -3.43825370e-02  2.82522589e-01 -2.07707718e-01 -5.81878051e-02
 -1.47412587e-02  8.59600604e-02 -4.54975729e-04 -6.38476713e-03
  3.32941487e-02  1.01292944e-02  1.88741460e-01  5.66105209e-02
 -8.32596347e-02  2.38478859e-03 -1.69160292e-01  2.43684147e-02
  2.09790021e-01 -2.63199985e-01 -1.34405866e-02  1.88615665e-01
  5.94176911e-02 -1.73377767e-01  1.50619313e-01  2.24144254e-02
 -2.83189684e-01 -8.83614942e-02 -6.19241595e-03  3.15912627e-02
 -1.41387001e-01 -7.74114800e-04  7.97994900e-04  1.23244308e-01
  1.26876920e-01  1.02350868e-01  7.83592314e-02  7.66747370e-02
 -6.65994883e-02  7.56066591e-02  9.62170735e-02  1.32541195e-01
 -4.68632281e-02 -1.49332419e-01 -1.32036209e-02 -1.07471511e-01
  1.06047504e-01 -1.85815200e-01 -1.85618430e-01  2.96308026e-02
  1.67044893e-01 -4.56066877e-02  3.50871049e-02 -2.49824375e-01
  1.98426154e-02 -2.53093187e-02 -9.62778553e-02  3.89348567e-02
 -1.45383075e-01 -4.75179814e-02 -8.34683925e-02 -2.00842693e-01
 -2.43513845e-02 -7.04775825e-02  2.20102668e-01 -6.86457530e-02
  5.80069907e-02  5.07097915e-02  1.50992334e-01 -2.35960186e-02
  6.63717911e-02 -1.63075346e-02  5.16588427e-02 -9.36961558e-04
 -1.59849346e-01 -3.23885530e-02  4.56773341e-02  4.84434925e-02
 -1.46898255e-01 -1.08893938e-01  9.92479622e-02 -7.25551927e-03
 -4.84912563e-03  1.98058654e-02 -5.10118492e-02  9.83692184e-02
  1.50292248e-01 -1.80756599e-01  1.17657699e-01  8.03022683e-02
  2.17706248e-01  2.81375851e-02 -3.07848126e-01 -4.78939823e-04
 -1.43840104e-01 -9.73061100e-02 -6.67828089e-03  1.74916089e-01
  5.89725412e-02 -6.54092208e-02 -1.80498317e-01  1.53519139e-02
 -2.56968141e-01 -4.85963859e-02  1.52818978e-01  9.94775370e-02
  2.27198660e-01 -8.00493807e-02  3.01010869e-02 -1.19765103e-01
  7.62844458e-02  2.59253442e-01  1.78495720e-02 -8.20548907e-02
 -1.29774362e-01  2.38942802e-02 -7.55516142e-02  9.86271277e-02
 -1.52526990e-01  1.04289323e-01  8.66700634e-02 -4.79362085e-02
 -6.68918639e-02 -1.95785284e-01 -9.60169360e-02  6.30968437e-02
 -2.18457490e-01 -1.27214938e-01  2.55046282e-02  5.83121404e-02
 -2.66470641e-01  1.52792588e-01 -7.38601992e-03  1.42481953e-01
  1.58117160e-01  1.41627774e-01  5.98546825e-02 -1.90927789e-01
 -1.05001867e-01 -5.60747720e-02  1.15528360e-01  6.66681398e-03
 -9.27849188e-02  8.41623545e-02  1.69334784e-01  7.82201439e-02
 -1.34975776e-01 -5.52142151e-02  1.30792469e-01  1.42258063e-01
  2.22888947e-01 -5.64389415e-02  1.10463370e-02 -2.10737082e-04
 -1.41839981e-01 -1.01297861e-02 -5.68289049e-02 -1.14922211e-01
 -3.27315042e-03  9.46004912e-02 -1.45184025e-01 -7.76466429e-02
  2.03437302e-02  2.42008269e-02  1.60932437e-01  3.88331525e-02
 -6.75662234e-02 -3.47753435e-01  9.21950117e-02 -5.51240481e-02
  2.71048993e-01  1.70823663e-01  3.09836954e-01  4.24129926e-02
 -3.14695649e-02 -9.87924933e-02  1.79492861e-01 -7.86783546e-02
 -2.35468578e-02 -1.36425108e-01  1.39320925e-01  2.13271782e-01
  1.57021061e-01  2.63665497e-01 -9.46525708e-02  9.90846157e-02
  1.12912478e-02 -3.39690298e-02 -9.61087272e-02 -4.43818644e-02
 -6.49736375e-02 -7.26413205e-02  1.28209978e-01  5.15336450e-03
 -1.04688011e-01 -1.81215256e-01  1.23758160e-01  8.74783620e-02
 -2.10074365e-01  9.78504196e-02  3.17371003e-02 -4.54746373e-02
 -2.53794268e-02  2.87123714e-02  3.70371528e-02 -5.54794492e-03
 -1.96778223e-01  3.31221595e-02 -2.15865403e-01  4.54427786e-02
 -8.56528506e-02  1.28429160e-01  3.24873179e-02 -5.04221581e-03
  1.31764531e-01 -2.25202981e-02  1.31548673e-01 -8.41155499e-02
 -1.09934330e-01 -7.86215514e-02  4.25590500e-02 -5.25659434e-02
 -1.23067468e-01 -2.22590249e-02  1.12631440e-01 -2.94475742e-02
 -9.33420584e-02 -1.01210594e-01 -7.04677179e-02  5.13581559e-02
  2.63169277e-02 -3.30049507e-02 -8.02439228e-02 -3.98883224e-02
  3.03532016e-02 -9.11171734e-03  1.27535760e-01  2.55683791e-02
  6.62469864e-02 -1.91791113e-02  6.21242151e-02 -6.01973431e-03
  9.35928598e-02  2.56205827e-01 -5.71830720e-02 -1.99739695e-01
 -1.72034070e-01 -6.61614537e-02 -4.52626729e-03 -1.50413603e-01
  1.02046644e-02 -3.38037573e-02  3.08522955e-02 -1.86583344e-02
 -1.13036722e-01 -1.06621400e-01 -3.12281190e-03  3.51462550e-02
  1.10902198e-01  3.44634568e-03 -7.43365064e-02 -4.27118279e-02
 -8.59821811e-02  6.56968877e-02  5.59314303e-02  9.04318839e-02
 -9.04057249e-02 -2.64346674e-02  1.74791783e-01 -7.34021515e-02
 -8.60071257e-02  1.51946275e-02  1.10047467e-01 -1.75915375e-01
  2.02154100e-01  4.32960689e-02 -1.78996503e-01  1.76186897e-02
 -1.54925324e-02  6.82984944e-03  1.08527787e-01 -9.82765928e-02
  5.89678735e-02 -9.25757661e-02  1.03348531e-01  1.79470986e-01
 -5.97532429e-02  2.74355081e-03 -1.23972930e-01  1.52681455e-01
  1.88579097e-01  5.02262600e-02 -2.13020481e-02  3.45383510e-02
  3.10606454e-02  2.65579838e-02 -9.70112905e-03 -1.77816600e-01
 -4.12636213e-02  1.36460632e-01 -2.74285022e-02  6.64267838e-02
  7.88075179e-02  1.65788785e-01 -4.82439063e-02 -3.73404697e-02
 -1.31714001e-01  4.62894365e-02 -3.00408453e-01  1.23954877e-01
  7.20059350e-02 -1.36574551e-01 -2.53644604e-02  9.01812389e-02
 -1.30592212e-01  1.04560427e-01 -2.17339531e-01  6.89940825e-02
  2.93303523e-02  1.49494112e-02  1.88625574e-01 -2.52888817e-02
 -9.44123417e-02  1.14682578e-01  4.48278300e-02 -3.02006826e-02
  1.89543497e-02 -6.84706122e-02 -1.87786490e-01  1.39479890e-01
  1.10650137e-02 -1.39158934e-01 -7.63472868e-04 -5.45029193e-02
 -7.26919174e-02  7.70777240e-02  2.81013008e-02 -6.60223588e-02
 -1.52508691e-01  6.75338209e-02  1.26200095e-01  7.68403485e-02
 -1.31073922e-01  2.19795778e-01 -3.20990309e-02 -1.65493548e-01
 -4.95095588e-02 -2.59206779e-02 -2.74887860e-01  1.34995714e-01
 -3.34368907e-02 -6.31588623e-02  7.07281455e-02  8.32586810e-02
 -7.24091902e-02  3.18013340e-01 -9.49680656e-02 -3.23203474e-01
 -8.70339572e-02 -1.16944942e-03  3.67869973e-01  7.65858069e-02
  4.07866463e-02 -5.79632595e-02  9.93944257e-02 -1.36996403e-01
 -1.63907707e-01  8.27543624e-03 -5.10590617e-03  1.91934511e-01
  1.23143695e-01  5.10782842e-03  3.65335983e-03 -2.10521042e-01
 -1.75553367e-01 -1.02415062e-04  8.54805112e-02  3.12310290e-02
 -7.45886266e-02  3.36384438e-02 -1.86952613e-02  1.01344548e-01
  1.19538680e-01 -5.24783544e-02 -8.24002847e-02 -8.74392465e-02
 -2.48502311e-03 -1.71768680e-01  4.43467824e-03  1.35666542e-02
  1.55195743e-01 -6.65907934e-02  1.40398487e-01  1.72953591e-01
  1.63675964e-01 -1.05577596e-01  2.87314087e-01  9.84783024e-02
  1.81818590e-01 -6.82807937e-02  5.96413910e-02  5.28025962e-02
  1.02619596e-01  1.86335757e-01 -1.15223236e-01  2.82587171e-01
 -3.05804342e-01  1.24382814e-02 -1.81486875e-01 -2.96136551e-02
  6.55101463e-02  7.22760195e-03 -7.60240331e-02  1.12681873e-01
  1.71713933e-01 -4.61588390e-02  1.69181749e-01  1.47127844e-02
  1.95569456e-01  2.29093283e-02  4.91438899e-04  5.08525036e-02
  6.21246435e-02  1.67928204e-01  1.20476007e-01  2.59394161e-02
 -4.73416261e-02  6.08136095e-02  1.33813515e-01 -8.69664773e-02
 -3.77827771e-02  1.41124114e-01  1.52208239e-01 -3.38481646e-03
  1.75608173e-01  1.38870493e-01 -2.86374651e-02 -5.47326542e-02
 -2.92714406e-02 -2.71988392e-01 -1.10657960e-02  1.51185766e-01
  3.64712738e-02 -4.26213704e-02  1.55077176e-02  2.93172389e-01
 -1.84855014e-01 -2.49995619e-01  5.31277992e-02 -1.78566784e-01
  2.10758090e-01  1.07887998e-01 -9.82812271e-02  2.17121672e-02
 -8.00927356e-02  1.14676595e-01  1.17890157e-01  5.98921105e-02
  7.88054839e-02 -1.33792460e-01  1.22092336e-01  1.08853124e-01]