http://erau.edu/ontology/meme.owl#BearsharktopusMeme
[-1.35636181e-01 -2.07773179e-01 -7.02741593e-02  5.45386598e-02
 -3.07954419e-02 -7.19470147e-04  8.15427080e-02 -2.76651029e-02
  6.32400215e-02 -2.88231373e-02  6.79328367e-02 -1.62184983e-01
 -2.52518952e-02 -1.02496676e-01 -6.00169413e-02  5.95516711e-02
  1.01229124e-01  1.10612080e-01  7.36688152e-02  2.28726640e-02
 -1.60184368e-01 -2.07617693e-03  7.68573806e-02 -1.09968722e-01
  1.77347269e-02  1.95980426e-02  6.50194436e-02 -1.15745164e-01
  1.56631425e-01  5.31950071e-02 -9.71390009e-02 -7.04939440e-02
 -3.05886636e-03 -6.07067160e-02 -2.98885573e-02  9.44579691e-02
 -1.86289921e-02  8.83429050e-02 -8.84889215e-02 -1.21991627e-01
  9.35807824e-02  2.04706684e-01 -1.15023904e-01 -3.77818458e-02
 -3.36702392e-02  6.31075576e-02  2.88459542e-03 -9.09534842e-02
  1.62462685e-02  9.10591893e-03 -5.65038547e-02  4.76772990e-03
 -7.52451494e-02 -2.76861131e-01  2.07943060e-02 -9.13885385e-02
  1.82790190e-01 -1.21245056e-01  1.56080425e-01  1.99033409e-01
 -2.18295921e-02 -9.35477689e-02  7.70462975e-02  1.21261582e-01
 -2.03061178e-01 -1.08774751e-01  6.74798861e-02 -6.17097765e-02
 -4.69667353e-02 -2.34041378e-01 -1.51375979e-01 -7.88406655e-02
  6.48109168e-02  1.41824231e-01  6.73198476e-02  1.41003832e-01
 -2.19799832e-01 -4.88235056e-02  1.60646304e-01  7.00002238e-02
 -9.12691355e-02 -1.69829115e-01 -3.25349532e-02 -9.28315073e-02
 -8.51983018e-03 -1.99646130e-01 -1.07628815e-02  1.62305627e-02
  1.13780024e-02  9.56277177e-02 -3.85793895e-02 -2.42459536e-01
  1.07083932e-01 -3.89248170e-02 -9.15072411e-02  1.15218505e-01
  1.02245711e-01  4.44826297e-02  3.58088277e-02 -1.10047758e-01
  1.08046561e-01  8.77189189e-02  1.30173638e-01 -9.59583819e-02
  1.57592520e-01 -2.31069475e-02  2.49332428e-01 -9.25359651e-02
 -3.86100411e-02  1.72540639e-02  3.32697630e-02  1.07475899e-01
 -1.90739527e-01 -1.02731399e-01  1.45212606e-01 -5.34949265e-02
 -3.36478651e-01 -3.46792668e-01  3.66627588e-03  2.21419632e-02
 -8.13090950e-02  1.06788864e-02  3.71167213e-02  1.05258733e-01
  6.03783578e-02 -1.37148306e-01  3.66620608e-02 -7.66904876e-02
 -1.16281081e-02  1.15236700e-01 -2.30731651e-01 -2.53505129e-02
  4.49165739e-02 -4.04889621e-02 -9.29414630e-02  1.56348705e-01
  2.57520308e-03 -9.71650183e-02 -2.73213834e-01 -5.58004379e-02
 -3.68883252e-01  4.68044318e-02 -1.53169632e-02  5.17330654e-02
  2.65600860e-01 -1.41571924e-01  7.50229880e-03 -1.43765494e-01
 -1.26690462e-01  1.59096539e-01  7.32204571e-05 -1.78073421e-01
 -2.59267893e-02 -2.26257816e-02  2.11889669e-02  1.93244472e-01
 -1.99440867e-01  8.89098346e-02  2.45957784e-02 -1.46938935e-01
  1.65785253e-01 -1.41474545e-01 -1.12660108e-02 -3.90695594e-02
 -1.33197457e-01 -1.57738492e-01 -1.54946625e-01  1.52313396e-01
 -2.79527515e-01  7.71072581e-02  5.61312698e-02  2.11674869e-01
  2.02978149e-01  1.26706034e-01  1.30096674e-01 -4.29470241e-02
 -1.73400491e-01  2.90895998e-02  2.07153872e-01 -8.96373019e-02
 -1.35323852e-01  2.41048545e-01  6.21648040e-03  5.43680228e-02
 -1.55575216e-01  9.70018506e-02  5.99096715e-03  1.56659901e-01
  2.49662906e-01 -3.00763100e-02  1.45090818e-01 -2.10771449e-02
 -2.80564457e-01 -1.21720016e-01 -3.58494855e-02  1.25035107e-01
 -7.26987347e-02  2.30258092e-01 -1.92151725e-01  1.93070387e-03
  5.09882998e-03 -1.01856336e-01  1.94107696e-01 -1.15403377e-01
 -2.01295853e-01 -9.04583484e-02  7.15549290e-02 -7.04390630e-02
 -5.96662164e-02  1.81587338e-01  2.27743909e-01  1.51017010e-01
 -9.49955061e-02 -7.06798583e-02  1.35473952e-01 -8.88795219e-03
 -1.59514979e-01 -1.24562070e-01  5.60036898e-02  6.53070807e-02
  3.24479520e-01  1.29905134e-01 -2.16068462e-01  2.07839422e-02
  6.53701499e-02 -5.35201877e-02 -3.10472250e-01  8.19127858e-02
 -3.97755876e-02 -7.77270272e-02  9.04354155e-02  1.71828959e-02
 -1.58641100e-01 -2.10596904e-01  4.41473909e-02 -4.03337926e-02
 -1.35397375e-01 -5.53907789e-02  8.71808976e-02 -1.42097443e-01
 -3.78610566e-02 -4.35206480e-02 -7.78251910e-04 -6.00852780e-02
 -3.75744522e-01 -1.02362409e-01 -1.91868722e-01  5.77907870e-03
 -1.70030728e-01  1.29448008e-02  8.85414407e-02 -1.89214721e-02
  3.24193001e-01  1.09083414e-01  3.04492533e-01 -1.12965837e-01
 -1.59177706e-01 -9.91876982e-03  5.39286248e-02  1.38079807e-01
 -1.08748144e-02 -2.02616319e-01  2.85496712e-02 -1.41970992e-01
 -5.45802303e-02 -2.58942902e-01 -1.43627986e-01 -2.23263018e-02
  1.40575543e-01 -2.41547197e-01 -1.15457363e-01 -1.61570236e-01
 -1.07210308e-01  1.27022728e-01  1.15783758e-01 -1.17764145e-01
  9.35494155e-02 -3.01522743e-02 -1.33834600e-01  9.21797156e-02
  2.13432550e-01 -5.27061038e-02 -4.21418659e-02 -8.32404345e-02
 -1.88890129e-01  6.40219450e-02 -1.02627330e-01 -5.54870404e-02
 -3.96235548e-02 -1.42933028e-02  8.25163051e-02 -1.11732110e-01
  6.40118197e-02 -1.36751562e-01  8.31807703e-02  1.93866715e-02
  1.60846099e-01 -5.56795523e-02 -2.28574812e-01 -1.91096067e-01
 -3.45020711e-01  5.85266538e-02 -6.14191964e-02  1.34917274e-01
 -5.68053983e-02 -5.52442186e-02  2.01196462e-01 -1.13896988e-01
 -6.79693604e-03  1.97225332e-01  1.51130676e-01 -3.39906156e-01
 -2.23476812e-02  5.67495152e-02  4.69738804e-02  1.35477588e-01
 -1.09425597e-01 -1.07272770e-02  6.39730617e-02 -1.49993271e-01
  1.14878528e-01 -1.32911295e-01  2.80671895e-01  1.37382776e-01
 -1.29733205e-01  3.11986543e-02 -1.50053009e-01 -2.30396111e-02
  1.32064357e-01 -2.90351436e-02  7.41819739e-02  1.39291778e-01
  3.05639324e-03 -8.18380713e-02 -1.27512038e-01 -2.51315475e-01
  1.55905962e-01  1.43570781e-01 -9.84106138e-02  2.03563660e-01
  1.35779276e-01  4.48005600e-03 -1.65420976e-02  9.18410439e-03
 -7.45070949e-02 -9.20941308e-02 -1.39788568e-01  3.06098461e-01
 -7.54929855e-02 -2.29528531e-01 -7.75341094e-02 -2.26803645e-02
 -1.70824662e-01  2.76832372e-01 -1.67366177e-01  1.99681982e-01
 -5.92472451e-03 -1.85731307e-01  3.18098933e-01 -1.59203783e-02
 -1.12911649e-01  1.70905814e-01 -1.09310932e-01 -2.38438994e-02
 -6.70493841e-02 -5.21901473e-02 -1.19161181e-01 -2.88107749e-02
 -6.50862679e-02  7.77048543e-02 -1.20673133e-02  6.06217720e-02
 -1.93652138e-01  1.19128279e-01 -2.52285115e-02 -1.15705796e-01
 -1.03824683e-01  2.99818683e-02  1.11290487e-02 -1.43239230e-01
  1.25935018e-01  1.64644629e-01 -1.96517259e-01 -1.32136628e-01
  1.65075064e-01 -4.68143858e-02 -1.24465056e-01  2.61336803e-01
 -1.10291407e-01 -9.61796865e-02 -1.62278920e-01  1.60171255e-01
 -3.14467177e-02  1.15157485e-01 -2.11924404e-01 -2.42982954e-01
  7.51537085e-02  1.48585826e-01  1.79565579e-01 -1.18289113e-01
  2.20948830e-02  5.74754411e-03 -2.71815974e-02 -2.39466414e-01
 -5.48423547e-03 -3.45569924e-02  7.01992139e-02  1.90903306e-01
  1.39038250e-01  7.76521116e-02  2.62932390e-01 -2.98936605e-01
 -2.39154994e-01 -9.42821875e-02  1.07804511e-03  1.50580332e-01
 -2.61268262e-02 -6.94614777e-04 -5.68163209e-02  7.73504237e-03
 -1.98761877e-02  5.16115613e-02 -2.02323779e-01  6.43462092e-02
 -1.53679594e-01 -1.86098605e-01 -1.08184731e-02  7.48145133e-02
  6.12033419e-02 -1.13900237e-01  7.12326169e-02  2.48079583e-01
  1.23367123e-01 -1.74900860e-01  1.08415931e-01  3.89466956e-02
 -2.07168937e-01  5.82159199e-02 -7.16770953e-03  1.01827577e-01
  8.11413005e-02  9.51043516e-02  4.03136536e-02  2.62436181e-01
 -1.31471872e-01  8.64557102e-02 -1.35168299e-01 -1.39323875e-01
  6.47714585e-02  8.38082433e-02  1.35452792e-01  6.21578656e-02
 -1.27797276e-01 -1.11591570e-01  2.54683256e-01  1.86380818e-02
 -1.53230019e-02  8.52241740e-03  2.41159484e-01 -3.70531715e-02
  2.40845889e-01  1.08110949e-01  6.07603304e-02 -1.71309844e-01
 -1.96107268e-01  8.86233449e-02 -2.45201290e-02 -9.54478309e-02
  2.32487451e-02  1.35667443e-01  5.50559871e-02 -1.34349661e-02
  2.78609186e-01  5.58719747e-02 -1.74962413e-02 -1.04139008e-01
  1.87396687e-02 -8.04656222e-02  1.46282747e-01 -3.43297608e-02
 -4.20724191e-02  7.07655624e-02 -1.88442260e-01  2.27746323e-01
 -7.87873790e-02 -2.64272869e-01  1.36661902e-01 -1.08466953e-01
 -6.38526976e-02  6.57390654e-02 -7.65741169e-02 -5.29394001e-02
  1.13125362e-01  3.18397693e-02 -4.47850395e-03 -5.58075458e-02
  4.37352434e-02 -4.18812148e-02  1.69094309e-01  1.56413481e-01]