http://erau.edu/ontology/meme.owl#NeedsMoreJPEGMeme
[-1.02104321e-01 -2.10444599e-01  9.69479531e-02  1.07110292e-02
 -7.84935337e-03  4.11738232e-02  2.14247435e-01  9.62547772e-03
  8.81554410e-02 -2.30284147e-02  1.82721749e-01 -1.35423273e-01
  1.23062283e-02 -1.11836754e-03 -9.57135260e-02  6.26407489e-02
  1.72528736e-02  1.44219398e-01  1.63820103e-01  9.49547365e-02
 -1.80168808e-01  7.11743683e-02  1.64610684e-01 -1.75924152e-01
  7.12959394e-02  2.51428541e-02  4.34279889e-02 -1.63174883e-01
  2.46997461e-01  1.77665442e-01 -6.97066858e-02  8.36962685e-02
  2.31704395e-02 -1.57973334e-01 -1.33972973e-01  2.43020192e-01
 -4.98882160e-02  9.41662192e-02 -7.62304515e-02 -2.06578374e-01
  7.86545426e-02  2.02993914e-01 -1.98003069e-01 -8.84321332e-02
  8.12858939e-02  1.58672601e-01 -3.25180329e-02 -5.69887720e-02
  9.21611488e-02  7.08954409e-02  8.47477764e-02 -9.61254612e-02
 -9.41100195e-02 -2.01045126e-01 -1.09124973e-01 -9.16096270e-02
  1.17456667e-01 -3.82744595e-02  1.98411927e-01  1.08347379e-01
 -3.97537500e-02 -1.64437801e-01  2.30557337e-01  1.20495066e-01
 -2.03581601e-01 -2.37596072e-02 -1.36676177e-01 -5.26007712e-02
 -1.23885535e-01 -3.11454713e-01 -2.08189517e-01  7.05346763e-02
  1.02955528e-01  2.01764591e-02  9.09905415e-03  1.44715682e-01
 -1.49752378e-01  7.85028785e-02  2.58183002e-01  1.39770731e-01
 -6.39705956e-02 -2.29080934e-02 -4.40485179e-02 -2.50330836e-01
 -1.95469521e-02 -1.21221907e-01 -1.02394067e-01  7.75069371e-03
  1.41702309e-01  8.60553533e-02 -5.66963591e-02 -3.08275074e-01
  2.38108635e-01 -9.68959257e-02 -1.45300895e-01  6.85435757e-02
  5.74281104e-02 -2.46189386e-02 -9.77673829e-02 -6.17994070e-02
  7.64167905e-02 -2.23366730e-02  3.10199946e-01 -1.25739440e-01
 -2.86667943e-02 -1.99618600e-02  1.32199183e-01 -3.18468846e-02
 -1.09096915e-02 -1.59652680e-01  4.75635529e-02 -3.88498418e-02
 -9.82492715e-02 -1.25873998e-01  2.63854355e-01  1.26644790e-01
 -2.95856029e-01 -2.47384816e-01  1.71388835e-01  6.98988065e-02
 -2.62408089e-02 -2.82935537e-02 -6.80974312e-03  5.48587479e-02
 -1.76431350e-02 -4.63809296e-02 -8.36345181e-02  1.92955621e-02
 -8.69036019e-02 -1.31743729e-01 -2.75769621e-01 -3.41485552e-02
  8.69087800e-02 -1.12763308e-01 -1.05033197e-01  1.95900053e-01
 -1.48498103e-01 -7.21686408e-02 -1.35957479e-01  1.10873498e-01
 -3.47164869e-01 -8.87794569e-02  1.49065508e-02  2.11989693e-02
  1.59316972e-01 -2.11512864e-01  5.03428001e-03 -1.35339737e-01
  7.87825510e-02  2.19338760e-01  2.82397866e-02 -1.64839178e-01
  8.51709917e-02  1.93447005e-02 -1.69194385e-01  4.21499237e-02
 -1.96884155e-01  1.80220291e-01  5.24078123e-02 -1.23230934e-01
  9.93304979e-03 -2.28191152e-01 -7.83695281e-03  3.85149270e-02
 -2.07824856e-01 -2.17041463e-01 -1.27387568e-01  1.06027022e-01
 -2.67048985e-01  4.70312349e-02  2.36145277e-02  1.57828361e-01
  2.47594550e-01  1.26552671e-01 -4.93780896e-02 -1.93737205e-02
 -2.43542586e-02 -4.73810062e-02  9.47029963e-02 -4.26268056e-02
 -7.08439797e-02  1.49747148e-01  5.78926131e-02  4.06060889e-02
 -6.62869737e-02 -3.84415537e-02  8.95899348e-03  3.98567170e-02
  3.05518329e-01 -1.21562026e-01  3.29857804e-02 -1.79012306e-02
 -3.22080553e-01 -7.41856033e-03 -7.54945204e-02  2.90502459e-02
  3.71821709e-02  1.78646073e-01 -6.75691739e-02  9.31511298e-02
  3.62796485e-02 -6.30220920e-02  5.14516141e-03 -1.15236320e-01
 -1.00780435e-01 -1.48813248e-01 -5.69335036e-02 -8.51157960e-03
  2.03329936e-01  1.62569165e-01  1.49320960e-01  1.28653675e-01
 -1.16776206e-01 -1.07149795e-01  1.91266671e-01 -1.39368167e-02
 -1.56606853e-01 -1.37509406e-01  1.75309986e-01  1.34522006e-01
  2.58815080e-01  1.65701509e-01 -1.57265142e-01  2.90606264e-02
 -5.55798113e-02 -1.20404996e-01 -2.12466538e-01  2.88561005e-02
 -1.59493461e-02 -5.40426932e-02  9.32270288e-03  1.78257562e-02
 -5.63804060e-02 -2.36571897e-02 -4.34136502e-02  1.03797074e-02
 -1.26282007e-01 -1.63148046e-01  1.04233027e-01 -6.83087334e-02
  2.73866430e-02  1.36973173e-03 -4.14104089e-02 -8.05232488e-03
 -1.65147349e-01 -3.33945192e-02 -1.40606120e-01  1.39394598e-02
 -1.84202105e-01 -2.54496783e-02  8.56981203e-02 -6.10273108e-02
  1.78010345e-01  7.11611062e-02  1.23085052e-01 -8.82254168e-02
 -7.76898190e-02  3.57764587e-02 -2.57624015e-02  3.53745334e-02
 -1.58508271e-01 -9.18718949e-02 -7.84156844e-03 -3.64388004e-02
 -6.46229880e-03 -1.62529558e-01 -3.97592224e-02 -5.19623756e-02
  1.68570071e-01 -9.28939730e-02  6.65287375e-02 -8.50780383e-02
 -8.87247846e-02  1.42415643e-01  1.81571007e-01 -8.60247314e-02
  8.67738351e-02 -1.79220733e-04 -2.50378698e-02  1.54481027e-02
  7.63281286e-02  1.04003333e-01 -4.67933305e-02 -2.58534346e-02
 -1.26180217e-01  4.05001566e-02 -1.19260453e-01 -1.06157251e-02
 -1.06208384e-01 -9.20325071e-02  1.26237229e-01 -3.86331417e-03
  4.32006977e-02 -1.36649668e-01  1.01708993e-01  1.74170348e-03
  9.91671830e-02  4.08618301e-02 -8.89215246e-02 -2.03167737e-01
 -1.74171582e-01  4.59746122e-02  7.40518037e-04  6.25448823e-02
  5.91606572e-02 -3.97934020e-02  2.35353872e-01 -1.42631086e-03
  1.44750625e-01  3.59846912e-02  4.79925983e-02 -2.24042058e-01
  1.79711301e-02  1.47243336e-01  4.99010039e-03  3.91943380e-02
 -3.66378576e-02  6.87022284e-02 -3.44744883e-02 -6.71327263e-02
  9.01450887e-02 -6.16071634e-02  1.64956376e-01  1.76555336e-01
  4.28166837e-02 -7.63393790e-02 -1.06478550e-01 -8.88716504e-02
  9.01271254e-02 -1.37161780e-02 -6.32706285e-02  6.08973838e-02
  8.96303877e-02 -1.90293621e-02 -9.25160665e-03 -8.90148431e-02
  6.03559315e-02  1.31343856e-01 -1.66446000e-01  2.96871774e-02
 -8.33257586e-02  1.55928820e-01 -1.64304413e-02  3.73780876e-02
 -1.29916370e-01  7.39055946e-02 -7.10131079e-02  1.26965702e-01
 -5.89015000e-02 -1.51766747e-01 -5.50282225e-02  9.93537679e-02
 -6.11646213e-02  8.77401605e-02 -1.13166630e-01  6.35874718e-02
  4.26094420e-03 -8.03417712e-02  1.94772184e-01  6.50683120e-02
 -9.85173583e-02  7.53798634e-02  4.45019105e-04  1.07874693e-02
  3.33752707e-02 -9.81325656e-02 -1.31246820e-02  6.37359470e-02
 -5.98327890e-02  4.35441993e-02 -4.92828041e-02  1.29077733e-01
 -1.73533231e-01 -8.37740898e-02  1.02028042e-01 -4.42159437e-02
 -6.32066056e-02 -8.05456266e-02  3.55000161e-02 -9.72846150e-02
  8.00693855e-02  1.27862692e-01 -7.09958225e-02 -4.50217463e-02
  1.44206330e-01 -5.23746051e-02  1.74298026e-02  1.45908669e-01
 -6.30749017e-02 -1.05578406e-02 -1.50673524e-01  9.50117037e-02
 -2.01119762e-02  1.03314146e-01 -3.74123640e-02 -1.57352030e-01
  8.01929981e-02  1.11928165e-01 -3.07406820e-02 -5.01848049e-02
 -2.35018898e-02 -1.01814777e-01 -2.91362740e-02 -1.50071844e-01
  3.37756984e-02 -2.68823933e-02  1.76298134e-02  4.21765707e-02
  8.36497471e-02  8.13132524e-02  1.44520059e-01 -1.40346348e-01
 -2.23059162e-01 -9.75861326e-02  3.05123162e-02  5.17933294e-02
  9.19415336e-03  3.17778327e-02  6.01006746e-02  2.51260307e-02
  3.44725288e-02 -3.72779220e-02  1.03772096e-01  3.91692407e-02
 -9.81085226e-02 -1.20529853e-01 -1.13001801e-02 -3.50622162e-02
  7.28878751e-02 -6.36332929e-02  5.55895567e-02  1.66196898e-01
  8.87935758e-02 -2.14591995e-02  1.00060828e-01  1.04149468e-01
  3.67296748e-02 -2.80105975e-02  6.13945723e-02  9.03991088e-02
  7.87041485e-02  4.14057076e-02 -6.86654076e-02  1.97253317e-01
 -1.93495333e-01 -1.36062071e-01 -1.12070240e-01 -1.21692233e-01
 -8.92334282e-02  1.12680696e-01  4.71689180e-02  3.63069624e-02
  1.03495404e-01 -6.87437728e-02  1.43422395e-01  6.26109838e-02
  6.76733851e-02  9.33885109e-03  2.43922621e-02 -1.29877925e-02
  1.51961029e-01  7.91636705e-02  4.02489118e-02 -1.42558411e-01
 -1.49838760e-01  7.19177723e-02 -2.16705501e-02 -8.33909586e-02
  2.04393570e-03  8.57646316e-02  7.28942454e-02 -4.45011668e-02
  1.77293316e-01  1.08320251e-01 -1.10491430e-02 -2.86288802e-02
  1.55363753e-02 -4.25797366e-02  9.57027003e-02  1.24232598e-01
 -7.32221529e-02  7.11264238e-02 -9.13287848e-02  9.59372148e-02
 -6.46200404e-02 -1.47638455e-01  1.48554444e-01 -2.12767888e-02
  5.61332190e-03  1.38397589e-01  4.34785970e-02  4.11162488e-02
  1.60031244e-01  1.42842859e-01 -2.92660892e-02  6.86029717e-02
  6.08942378e-03  1.86108388e-02  3.38507518e-02  5.85575961e-02]