http://erau.edu/ontology/meme.owl#25ThingsAboutMeMeme
[-3.23052078e-01 -3.81039411e-01 -3.98077862e-03 -7.43464455e-02
  2.85042394e-02  2.41057917e-01  1.87286362e-01 -5.40347956e-02
 -2.69497652e-02 -4.62546915e-01  8.65694880e-02 -5.32130539e-01
 -1.76782787e-01 -3.48529845e-01 -3.31134498e-02  1.44006282e-01
  1.26609892e-01  1.44784719e-01 -1.10629372e-01  1.23562403e-01
 -4.55090314e-01  1.50907546e-01  9.53685492e-02 -2.00988233e-01
  8.61960426e-02 -2.94159502e-01  3.34869891e-01 -2.54545450e-01
  6.74660087e-01  7.47209713e-02  1.30741699e-02 -2.71149039e-01
 -3.67400385e-02 -3.76694560e-01 -2.64729023e-01  7.14911878e-01
  1.29458278e-01  2.77235717e-01 -1.45983584e-02 -3.56532991e-01
  2.11878377e-03  5.33086956e-01 -6.10191166e-01  1.64446667e-01
  2.64160335e-01  2.19192877e-01  1.46890447e-01 -3.68412703e-01
  5.37054837e-02  3.52402449e-01  9.04696882e-02 -5.38627654e-02
  1.29579723e-01 -3.81392390e-01 -5.94357252e-01 -3.91598821e-01
  4.52074468e-01 -4.04901326e-01  2.86400616e-01  1.97486788e-01
 -9.14859697e-02 -4.04768318e-01  3.22302401e-01  2.22128198e-01
  8.40800703e-02 -9.65102166e-02  3.27924825e-02 -3.82241346e-02
 -3.37504804e-01 -3.03318501e-01 -2.17078298e-01  3.10764890e-02
  3.28143179e-01  2.91638449e-02  1.34481490e-01  2.09151283e-01
 -1.42796144e-01 -5.88626526e-02  1.85456395e-01  9.56135467e-02
 -1.61939353e-01 -3.57954264e-01  4.12486792e-02 -3.81548107e-01
  2.31684953e-01 -4.14815634e-01 -2.91049480e-02  8.16599641e-04
  3.14539969e-01 -2.58591801e-01 -3.34785849e-01 -3.23554784e-01
  2.80073345e-01 -4.82756943e-01 -3.00119847e-01  8.94612819e-02
  1.34369045e-01 -1.60344198e-01 -1.74090803e-01 -2.80187815e-01
  2.18382791e-01 -2.73402095e-01  3.14160496e-01 -3.29802595e-02
  9.30199325e-02 -1.92616463e-01 -2.08314687e-01 -2.34730337e-02
 -2.10302584e-02  1.83852330e-01 -1.12860985e-01  4.35855836e-02
 -3.91455919e-01 -4.10956085e-01  3.44654590e-01 -1.35241926e-01
 -6.24787807e-01 -1.05695717e-01 -1.02155849e-01  3.79574031e-01
 -8.10876414e-02 -2.30731480e-02 -1.33321524e-01 -1.40727192e-01
  9.43091139e-02 -4.39844012e-01  2.79730260e-01 -1.21528529e-01
 -8.21291655e-02  2.39450663e-01 -5.20217299e-01 -3.64254834e-03
 -9.32305306e-02 -5.08158281e-02 -3.28973562e-01  1.94484949e-01
 -3.84155959e-01  1.06936723e-01 -2.94286400e-01  1.92777351e-01
 -5.20699620e-01 -4.07288931e-02  1.04620084e-01 -2.04571471e-01
  2.86070049e-01 -3.72127712e-01  2.12573886e-01  1.49402604e-01
 -3.02145332e-01  1.70690238e-01  7.61995465e-02 -3.63007039e-02
 -3.87771316e-02 -4.29365376e-04  1.32069051e-01  3.47797275e-01
 -2.41135374e-01  9.02459025e-02  8.46966431e-02 -2.46121451e-01
  2.13348672e-01  2.75613200e-02  2.17265889e-01  1.16060495e-01
 -2.70005912e-01 -1.25333264e-01  1.49321891e-02  5.54894984e-01
 -5.33715427e-01  1.90446809e-01  4.82479893e-02  3.11513990e-01
  2.48907536e-01  3.82207274e-01  3.28364700e-01 -6.98715374e-02
 -6.17767036e-01 -6.48005009e-02  9.43534076e-02 -6.84774015e-03
 -1.83082893e-01  3.57450873e-01 -3.92840169e-02  3.63761485e-01
 -3.62223476e-01  5.41497245e-02  2.04607651e-01 -8.42475519e-02
  1.95473701e-01 -8.68827254e-02  1.62569806e-01 -5.47401644e-02
 -5.83850324e-01 -5.21046184e-02 -2.56987903e-02  7.13174939e-02
 -1.62201360e-01  1.28092140e-01 -3.35342824e-01 -2.14386448e-01
 -1.35441601e-01 -3.00051272e-01  1.59719005e-01  7.31129870e-02
 -3.06012064e-01 -3.58973056e-01  2.59338878e-03 -2.43852675e-01
 -1.80325046e-01  6.49328530e-02  1.20560996e-01  1.85818791e-01
  8.79269093e-02 -1.30955786e-01  9.54579189e-02  1.43951297e-01
  4.36255261e-02  2.05350757e-01  4.66060013e-01  2.53439993e-01
  4.67224360e-01 -6.27344102e-02  5.33522181e-02  2.26142451e-01
  4.01059054e-02 -2.61751493e-03 -2.08992749e-01  7.80006871e-03
 -4.02906127e-02  1.53489262e-01 -7.59972958e-03  3.06839701e-02
 -4.54236418e-01 -2.55764991e-01 -3.26222507e-03 -2.99547706e-02
  3.90786631e-03 -2.25562543e-01 -9.31655169e-02 -3.32994282e-01
 -2.23660037e-01  5.93431666e-02  1.57407731e-01 -1.36508733e-01
 -2.47200280e-01 -3.23992409e-02 -1.09903188e-02  3.10733676e-01
  8.93530697e-02  1.31951600e-01  8.83569103e-03  8.40798020e-02
  1.39199764e-01  2.93462634e-01  4.65032995e-01  1.27062932e-01
 -3.59248251e-01 -1.19291618e-01 -8.23348667e-03 -1.12117631e-02
 -3.24927568e-01 -1.80088893e-01  2.04108432e-01 -2.76286870e-01
  1.27762109e-01 -5.87111175e-01  3.26799066e-03  2.80739397e-01
  2.80244708e-01 -1.79526031e-01 -3.46201926e-01 -2.39020303e-01
 -1.96716189e-01  9.22359701e-04  4.39847866e-03 -1.22252405e-02
  1.59690470e-01 -8.67561251e-02 -3.93372059e-01 -3.85947176e-03
  8.88342708e-02  3.20031852e-01 -3.58838364e-02 -1.15647711e-01
 -1.86694741e-01 -1.72736406e-01  1.60789475e-01  1.57404423e-01
 -9.30138603e-02 -1.58598542e-01  1.09439254e-01 -2.28106931e-01
 -2.12717857e-02 -9.47049037e-02  1.39234707e-01 -2.91813053e-02
 -1.39345691e-01  1.38955200e-02  8.27492774e-03  1.49617955e-01
 -3.88765782e-01  2.10148785e-02 -1.28439441e-01  2.15874970e-01
 -4.19530869e-01 -2.15654001e-01  2.51216501e-01 -5.32062203e-02
 -3.34206730e-01  8.46983716e-02  2.23126546e-01  1.28439173e-01
  6.91370070e-02 -1.57258943e-01 -1.62568122e-01 -2.91669723e-02
 -3.64499092e-02 -1.29487529e-01  4.43152860e-02  9.55355167e-02
  3.08458596e-01 -2.22016610e-02  1.27052873e-01 -5.27748242e-02
 -1.58391401e-01  8.60597659e-03  1.00104585e-01 -4.19701785e-02
  2.16918588e-01  1.52529791e-01  2.06309482e-02  9.93028283e-02
 -2.49097213e-01 -2.32006744e-01 -8.74224771e-03 -2.70717978e-01
  1.30607998e-02  8.49250704e-02 -8.98460895e-02 -1.78716436e-01
  9.64984521e-02 -6.34709671e-02  2.35068068e-01  5.31875864e-02
  2.42764473e-01  1.58116996e-01 -1.82688311e-02  1.96966365e-01
  7.54339769e-02 -5.90111576e-02  3.55413044e-03  1.72434878e-02
  3.09754573e-02  2.46804252e-01 -4.30820078e-01  2.23772258e-01
 -2.59474903e-01  6.05588593e-02  7.09965006e-02 -2.03932419e-01
 -2.25985065e-01  1.55525506e-01  1.34916440e-01  1.80763584e-02
 -3.57931256e-01  4.15150374e-01 -3.37336689e-01 -2.00700182e-02
 -2.44550593e-02  5.16332760e-02  8.60036239e-02 -1.34682879e-01
  1.20217048e-01  4.09882009e-01 -3.63738313e-02 -1.50060803e-01
 -8.25224593e-02  1.06807249e-02 -2.51408964e-01 -7.35412166e-02
 -8.22761878e-02  2.39945892e-02  1.56071112e-01 -6.55588880e-02
 -1.08434364e-01  4.46220785e-01  2.71530271e-01 -1.00415640e-01
  2.27754340e-01  3.10710520e-01  1.74269363e-01 -7.85099715e-02
  2.54379898e-01 -3.94103914e-01 -1.05273500e-01  1.17541209e-01
 -3.07610184e-01  4.37386632e-02 -4.72120941e-01  1.26765341e-01
  6.20273165e-02  2.37479568e-01 -4.79443148e-02  5.99730462e-02
  2.05926761e-01 -2.04359248e-01 -1.08607978e-01 -8.62968206e-01
  2.03524560e-01  1.03721574e-01 -1.46850333e-01 -2.79741496e-01
 -6.62509874e-02  2.22121719e-02 -1.53055741e-02  3.20100218e-01
 -2.48284101e-01  2.69576818e-01 -2.53273547e-01  9.25366357e-02
  1.06032059e-01  9.16626900e-02 -3.35241109e-01  9.10681412e-02
  3.07243168e-01  9.98800173e-02 -2.68889457e-01  1.48715109e-01
  8.37192684e-02 -2.79276013e-01 -4.35809009e-02 -2.73391873e-01
  7.26782158e-02 -1.42354012e-01  5.95846355e-01  4.37847972e-01
 -6.79150000e-02 -1.33056894e-01  1.91704202e-02 -4.09641580e-05
 -2.32684072e-02  1.60092190e-02  1.31899297e-01  2.97581572e-02
 -8.39342028e-02  3.97527553e-02  4.88049500e-02 -3.79324816e-02
  1.36372060e-01  2.81315967e-02  3.44878323e-02  4.84066427e-01
  9.38341394e-02 -1.72889829e-01  2.53814399e-01 -7.80423582e-02
 -2.39428192e-01  3.32578830e-02 -1.07713267e-02 -1.70281842e-01
  9.33005735e-02 -2.23956499e-02  2.30653673e-01 -2.47495115e-01
 -1.52939543e-01 -6.54571280e-02  2.37213895e-01  1.26693517e-01
  6.53220639e-02  1.09163141e-02 -1.48634672e-01  1.37870550e-01
  4.63000178e-01  2.67054826e-01 -5.33271907e-03  1.14376195e-01
  3.09080750e-01 -3.69969964e-01 -1.58700794e-01  2.60339767e-01
 -2.52348244e-01  3.29341650e-01 -2.65371576e-02  1.68739602e-01
  1.76629961e-01 -2.28700012e-01  1.60233170e-01 -8.70172679e-02
  6.63285628e-02 -1.26145795e-01 -3.11223775e-01 -1.38484448e-01
  4.41158414e-02  5.00893258e-02 -2.02046260e-01 -4.80030812e-02
 -3.55786353e-01 -2.01549735e-02  2.57125646e-01  2.97230273e-01]