http://erau.edu/ontology/meme.owl#LeelahAlcornsDeathMeme
[ 6.28121570e-02 -3.93099859e-02 -2.49355827e-02 -5.98961301e-02
 -5.45977522e-03  1.19338110e-01  5.09161539e-02  1.13023981e-01
 -6.70757666e-02  2.49698833e-02  8.37763548e-02  4.57827523e-02
 -8.03060308e-02 -1.09200657e-03 -1.15809523e-01  1.10476697e-02
  4.12143096e-02  1.08013172e-02  5.84489889e-02 -2.01104139e-03
 -3.46657410e-02 -1.34789879e-02  6.04797937e-02 -2.33016443e-02
  2.95311715e-02  1.20691217e-01  1.66356713e-02 -7.34995380e-02
 -1.25906151e-02  6.36425242e-02 -2.63534747e-02  1.58225089e-01
  3.04576308e-02  4.25559655e-02  2.16060393e-02  1.41802460e-01
  3.08738817e-02  1.24429382e-01 -8.49310607e-02 -5.44128381e-02
  1.02068454e-01  1.27579555e-01 -4.80688885e-02 -7.31455069e-03
  1.16824033e-02  2.46681310e-02  1.19950891e-01  6.99883029e-02
 -1.00820826e-03 -1.02750128e-02  1.93856973e-02  2.65709069e-02
 -5.34092374e-02 -1.61202103e-01 -1.06408872e-01  1.07002370e-02
  4.00571479e-03 -2.58843582e-02  1.11870773e-01  5.37263677e-02
  1.68407168e-02  9.97613650e-03  6.85958862e-02  2.55210735e-02
 -9.84943807e-02  3.47557031e-02  6.82159290e-02  6.71542957e-02
  4.16180901e-02 -2.18074188e-01 -5.82900047e-02  7.92388245e-02
  2.72575654e-02  2.56406013e-02 -1.73626821e-02  1.06772371e-01
 -5.34844026e-02  3.86690646e-02  5.49557991e-02 -1.20472712e-02
 -6.56487942e-02 -2.34947041e-01 -1.36431023e-01 -1.16419181e-01
 -2.22534183e-02 -8.16950500e-02 -1.52207231e-02  3.20368707e-02
  6.10010996e-02  3.59322801e-02  8.59376937e-02 -1.22296102e-01
 -5.12794591e-03  2.14544423e-02 -6.53546304e-02  1.04997739e-01
  1.73927397e-02  6.38151541e-02  2.79208999e-02  4.56100851e-02
  7.16820061e-02  7.65592903e-02  2.33649239e-01 -1.76979005e-01
  1.26628727e-01  5.49138039e-02  7.68992752e-02 -4.86690216e-02
  6.98393956e-02 -1.45075500e-01 -6.02072775e-02  4.55723889e-02
 -3.06327324e-02 -8.30800459e-02  3.39459367e-02  7.39459619e-02
 -1.42506599e-01 -2.11531028e-01  4.29721288e-02  1.36633098e-01
 -9.62541327e-02  5.34974709e-02 -1.02181673e-01  8.91543552e-02
 -3.54881287e-02 -3.44171040e-02  2.20036767e-02  4.81056310e-02
  7.33152404e-02  2.84000766e-02 -1.76508293e-01 -1.02129109e-01
  3.68342511e-02  5.20356111e-02 -1.28032759e-01  1.61178276e-01
  1.23337932e-01 -1.13885991e-01 -9.36302096e-02  9.86120254e-02
 -1.54859453e-01  7.77957812e-02  3.98003001e-04 -7.06114173e-02
  2.93918252e-01 -1.62697107e-01 -1.89255942e-02 -6.13250695e-02
  3.07066273e-02  6.00200593e-02  7.47260377e-02 -6.72357231e-02
 -6.98497985e-03 -1.92412846e-02  7.67650977e-02  8.12327862e-02
 -1.76035672e-01  1.17983475e-01  2.56385952e-02 -1.29909962e-01
  7.07357302e-02 -6.66175708e-02 -1.18866414e-02 -4.28703800e-02
 -1.68884143e-01 -7.45460391e-02 -6.38039634e-02  2.20895529e-01
 -2.47525841e-01  1.26029208e-01  1.21192699e-02  3.55715752e-02
  4.92596179e-02  2.07390979e-01  1.11623118e-02  3.19912285e-02
  4.20269892e-02 -6.42979816e-02  4.06940728e-02 -4.86656502e-02
 -6.75057396e-02 -6.48393407e-02  1.04439184e-01 -7.55729750e-02
  4.43345420e-02  3.56283821e-02 -1.68506429e-01  7.44028762e-02
  1.46433204e-01 -3.17279883e-02  4.68777530e-02 -4.80554178e-02
 -7.49569386e-02 -4.03744280e-02 -1.54930679e-02  1.68628413e-02
  1.12050779e-01  1.20803721e-01 -3.71591188e-02 -4.00416218e-02
  5.87666221e-02  6.60515204e-02  1.06007233e-01 -2.44389828e-02
 -7.02032596e-02 -2.08839417e-01  8.23876336e-02  3.23354267e-02
  6.43388182e-02  1.08679950e-01  1.87684253e-01  1.52090311e-01
 -3.00761443e-02 -6.11051917e-02  5.83117083e-02 -2.06078365e-02
 -1.74943045e-01  1.76299140e-02  1.26330405e-01  1.30231395e-01
  4.96869460e-02  5.76127656e-02 -1.56517282e-01  1.76655897e-03
 -3.14938556e-03  2.26999447e-02 -4.34178039e-02 -7.78795108e-02
 -3.16020921e-02  1.40023073e-02  3.01779807e-02  2.10003499e-02
 -6.66045696e-02  4.04410921e-02 -2.54845270e-03  3.89865711e-02
  1.07894680e-02  3.36226542e-03  1.36234045e-01 -4.97863479e-02
 -5.00877835e-02 -4.06771041e-02 -1.63146183e-02  1.89839303e-02
 -2.08800793e-01 -9.38890502e-02 -1.22201703e-01  7.15766698e-02
 -8.08346123e-02  1.21895764e-02  1.13839442e-02  4.33497764e-02
  1.05164222e-01 -5.32269431e-03  1.04470849e-01 -7.47329667e-02
 -1.64941251e-01 -3.54785807e-02  1.48144603e-01 -1.21778334e-02
 -3.97802405e-02 -1.29241586e-01 -8.45453516e-02 -1.65519029e-01
 -6.81637647e-03 -2.59603083e-01 -1.25970557e-01  3.71055827e-02
  1.73415601e-01 -1.73728839e-01 -7.50828385e-02 -1.72238186e-01
 -2.34902371e-02  1.36371881e-01  1.78052306e-01  3.53416486e-04
  2.04696476e-01  3.49617526e-02 -1.12525597e-01  4.07146774e-02
  1.43855810e-01 -1.78179573e-02 -2.64261123e-02 -1.78877935e-02
 -1.97374880e-01  5.12119420e-02 -1.74083591e-01 -1.81422047e-02
 -1.22085743e-01 -1.55509174e-01  1.22272491e-01 -1.96855620e-01
 -5.76707488e-03 -1.03945196e-01  4.93342504e-02  6.41032755e-02
  2.26949275e-01 -4.72864769e-02 -1.74262881e-01 -1.80844232e-01
 -2.91116416e-01  1.00207590e-01  1.26539292e-02  8.04368034e-02
 -1.36442399e-02 -1.47547722e-01  1.82869047e-01 -1.49898902e-01
  1.30895479e-02  1.66029349e-01  2.84590006e-01 -2.81624496e-01
 -3.95963788e-02  1.08911999e-01 -7.53973499e-02  5.55054285e-02
 -6.84956983e-02  3.07749882e-02  3.85933742e-02 -6.34286702e-02
  4.90041077e-02 -1.72800615e-01  1.33988231e-01  1.91404179e-01
  1.14828251e-01 -1.39578097e-02 -2.02117607e-01 -5.72978966e-02
  5.85473180e-02 -2.60056388e-02  2.93076616e-02 -4.88642938e-02
  2.50409152e-02 -1.12666972e-01  1.31127555e-02 -2.11935043e-01
  1.84294432e-01  1.09341770e-01 -3.09226811e-02  1.83411434e-01
  1.10728756e-01  4.21379134e-02 -6.38275072e-02 -1.62399098e-01
 -8.88879895e-02 -1.24694541e-01 -1.96356758e-01  2.00479925e-02
 -5.74214160e-02 -1.57210350e-01 -9.31129456e-02 -1.71960108e-02
 -7.66697749e-02  2.20162496e-01 -1.69205070e-01  1.38633147e-01
  1.62508693e-02 -1.34542421e-01  3.22937906e-01 -5.17373271e-02
 -1.42859682e-01  6.56943396e-02 -4.00501639e-02 -1.61195453e-02
  6.67025372e-02 -5.85287735e-02 -5.27014770e-02  6.87751547e-02
  4.39664768e-03  2.79175527e-02  9.68876705e-02 -4.95057181e-02
 -1.51358366e-01  1.23482563e-01  8.43060389e-02 -5.98170087e-02
 -1.07843831e-01 -1.58894574e-03 -8.81892294e-02 -7.57687986e-02
  1.02008782e-01  2.13966385e-01 -2.04275712e-01 -9.88589451e-02
  1.33342087e-01 -4.66636755e-02 -1.35956660e-01  1.09980993e-01
 -4.24527787e-02 -2.38398220e-02 -1.22244656e-01  2.52037290e-02
 -8.27417448e-02  1.96445182e-01 -8.68493170e-02 -2.51091663e-02
  6.00171946e-02  9.48698595e-02  1.38465181e-01 -1.29341641e-02
  1.53462915e-02 -2.18210250e-01  1.21936447e-03 -1.17851146e-01
 -4.37318496e-02 -3.29137817e-02  4.38910760e-02  2.72424817e-01
  1.44908473e-01  6.88578859e-02  1.90228716e-01 -1.27728671e-01
 -7.56185055e-02 -1.01911813e-01 -1.45297468e-01  7.00603127e-02
 -3.44478376e-02 -1.72972918e-01  3.23209800e-02 -3.12612130e-04
  1.07222989e-01 -3.59951146e-02 -2.35283583e-01  2.15487760e-02
  2.93545611e-02 -1.84219897e-01 -1.15722030e-01  1.05950840e-01
  3.39337140e-02 -3.55742089e-02  1.28073208e-02  1.33925006e-01
 -1.52379274e-02 -4.45663482e-02  1.27733514e-01  2.28940725e-01
 -1.80368014e-02 -9.21244472e-02  6.32359684e-02  1.74807996e-01
  1.07613124e-01  3.23983957e-04 -1.16110481e-01  2.63673931e-01
 -2.01246381e-01 -6.28665164e-02 -1.08799845e-01 -8.21945965e-02
  4.51200046e-02  5.83422929e-02  1.45517707e-01  8.66877884e-02
  1.29188433e-01 -5.67763038e-02  3.20405990e-01 -6.85592070e-02
  1.16330743e-01  5.43199033e-02  3.60787474e-02 -4.46627997e-02
  1.36056036e-01  7.77141750e-02  1.29934251e-01 -1.11805096e-01
 -7.39057688e-03  1.59899592e-01 -6.96043819e-02 -1.39742523e-01
 -6.30243719e-02 -1.27044627e-02  2.16219172e-01 -1.31211013e-01
  1.09945670e-01  1.75377876e-01  1.32459868e-02 -1.31144583e-01
  8.34166110e-02 -4.05157097e-02  7.57263005e-02  7.66982585e-02
  1.59455203e-02 -2.28222720e-02 -1.42614573e-01  1.96558490e-01
 -1.25416055e-01 -8.61313343e-02 -5.89174628e-02 -9.80866104e-02
  9.76201966e-02  1.52863581e-02 -5.03649786e-02 -6.17433293e-03
 -4.85820584e-02 -7.94187337e-02  1.52292222e-01 -5.98400719e-02
  1.41809573e-02 -6.05161451e-02 -1.07661006e-03 -4.54000942e-02]