http://erau.edu/ontology/meme.owl#StonerSlothMeme
[-0.09880704 -0.1072617  -0.06067419 -0.06841028  0.03184783  0.06644153
 -0.00591     0.07754219  0.09613749 -0.08859552  0.01649372 -0.13058725
 -0.04003764 -0.21695596 -0.09575614  0.06413139  0.09677175 -0.05676997
 -0.0122212   0.07693208 -0.11897947  0.10567106  0.08457074 -0.09334596
  0.11496467 -0.03069214  0.08409305 -0.10067134  0.06757585 -0.03475672
  0.09843526 -0.00266884 -0.03872994 -0.08158926 -0.05740466  0.10617269
 -0.00849484  0.15534784 -0.06309186 -0.13053045 -0.00080863  0.18156129
 -0.18895668 -0.06439135  0.12001784  0.02464104  0.03469017 -0.02099339
  0.00276418  0.09459101  0.0773407  -0.04105436 -0.16900182 -0.00707274
 -0.051004   -0.16800672  0.05381541 -0.02194532  0.01966758 -0.01878236
  0.0828418  -0.13290714  0.08502817  0.09491277  0.08825077 -0.07623351
  0.09259214 -0.11211256 -0.08037183 -0.09495156 -0.03300044  0.09404056
  0.11246866  0.06360016 -0.11796533  0.21007405 -0.09584273  0.16004875
 -0.00446933 -0.0203879  -0.00334707 -0.16657387  0.03015857  0.02563288
  0.07201515 -0.16933914  0.00935337 -0.10478993 -0.01080517 -0.09033138
 -0.03851158 -0.14127322  0.11866057 -0.12454685  0.03303848  0.10323691
  0.06655714 -0.0228868   0.05191208 -0.02730003  0.14137545  0.037853
  0.13855982  0.01417272 -0.01662719 -0.10108298  0.10322748 -0.0767996
  0.00418039  0.05970296 -0.10597384  0.09319475 -0.10653455 -0.12466531
 -0.07392049  0.06962658 -0.22092336 -0.22969142 -0.09569314  0.06586692
  0.00250978 -0.13072151 -0.1861474   0.14038584 -0.02421766 -0.23371737
  0.03224838  0.01477996 -0.07904774 -0.01504205 -0.07373612  0.03550526
  0.00975067 -0.00938301 -0.05463754  0.03416055 -0.0557231   0.03899615
 -0.20381159  0.05691209 -0.12835497  0.01085389 -0.04731159  0.01912647
  0.16008984 -0.2691307   0.11053187 -0.04353442 -0.04442752  0.11184637
 -0.04026553 -0.05168536 -0.09938282 -0.05957406 -0.06995915  0.03596482
 -0.06502642  0.14556062  0.00347896 -0.09469014  0.10267399 -0.11328623
  0.01459902 -0.21060187 -0.06774598 -0.08221777 -0.08376846  0.05896313
 -0.0938931   0.08986151 -0.05934198  0.1534137   0.15388504  0.10568977
  0.0683796  -0.03436984 -0.11717058 -0.0367721  -0.03119796 -0.0777158
 -0.09479353  0.13254973  0.00817732  0.08836724 -0.15665549 -0.06096049
  0.05835301 -0.05054251  0.07081012 -0.06930102  0.02992975  0.06157913
 -0.12341801 -0.01553557  0.07111406  0.06466184  0.00185479  0.02927652
 -0.10956743 -0.0962835  -0.07894627  0.01766172 -0.00177135  0.00521094
 -0.17398533 -0.25125906 -0.00455165  0.05401354  0.01673031  0.15245837
  0.2428825   0.08204764  0.04077268 -0.14100246  0.01336411  0.0519434
 -0.01984894 -0.018495    0.14653067  0.03951716  0.2113926   0.00438092
 -0.14580628  0.05434729 -0.06410899 -0.09292641 -0.07680155 -0.00471969
 -0.02191587  0.02883374  0.06708081 -0.10133424 -0.16408885 -0.15372324
  0.04740378  0.09667523 -0.12871616 -0.03800073  0.00674787 -0.04542815
 -0.06039675 -0.04092875  0.08363646 -0.04163133 -0.31367788 -0.03055461
 -0.18363005  0.09467656 -0.18460695  0.03406209  0.05883693  0.05444867
  0.02888083  0.13265026  0.24033096  0.10846862 -0.15918233  0.01349743
  0.03599872  0.03275839  0.02493853 -0.23371519 -0.02749831 -0.08172281
 -0.16093966 -0.25923392 -0.04027411  0.13224773  0.1535629  -0.07476585
 -0.10416289 -0.10576738 -0.0322345   0.13945723  0.13776049 -0.04994731
  0.20767806 -0.06281585 -0.13032565  0.12739971  0.12505576  0.02056889
 -0.00350991 -0.1781975  -0.13420466 -0.07699858 -0.01556268 -0.01494497
 -0.08434233 -0.26268178  0.01247314 -0.11614402  0.11842348 -0.0879983
  0.02991664  0.10742339  0.06846076 -0.07161219  0.05789991 -0.09114857
 -0.28586352  0.04190307 -0.05867804  0.10094591  0.00492687 -0.0574476
  0.10078607 -0.11175025 -0.15328974  0.18203521  0.20901732 -0.13176888
 -0.05792294  0.01117096 -0.04831173  0.0706876  -0.10318629 -0.0452623
  0.11029378 -0.05735995  0.0994706  -0.10590232  0.1491127   0.06333283
 -0.0115124   0.08347574 -0.00600122  0.02386713 -0.01221091 -0.01679268
  0.04107746  0.07290298 -0.02204378 -0.11358289 -0.13393089 -0.13982813
  0.09975544 -0.03058822  0.00055184  0.13930449  0.10222007 -0.07833721
 -0.02667485 -0.04067017  0.01086556  0.05156032 -0.06290028  0.02797666
  0.02209488 -0.06943206 -0.06253093 -0.11791041 -0.15013044  0.08922599
 -0.16002974 -0.02594576 -0.0710889  -0.08667544  0.04182018 -0.07804577
 -0.09091049 -0.03992921 -0.0207095  -0.04980045 -0.05162021  0.04937831
 -0.04553832  0.06646858 -0.00317349  0.09850233  0.11383857 -0.02573662
 -0.13751668  0.16724993  0.04308177 -0.07176376 -0.18685174  0.04336046
  0.00856973 -0.0233021  -0.05907868  0.09582669 -0.03001174 -0.11057242
  0.12972441 -0.01199133 -0.09507497  0.13718988 -0.01979294 -0.07847326
 -0.01149196 -0.00957885  0.0523813   0.1829702  -0.11152953 -0.05840316
  0.01999854  0.00309366  0.2124081   0.00446273 -0.04692553 -0.07132429
  0.1227693  -0.14005248 -0.19254257  0.0281561  -0.04681033  0.08650465
  0.13255177  0.12587261  0.02470319 -0.0965919  -0.0437925  -0.06435456
 -0.02551655 -0.13276166 -0.11428544 -0.10338904 -0.03022736  0.02594909
  0.11746567 -0.00781531 -0.16081971  0.09603222 -0.03532115 -0.03742999
 -0.03817841  0.15919048  0.15418161 -0.11746874 -0.00334573  0.20664331
 -0.01897192 -0.11315204  0.16796288  0.18348458  0.07474532 -0.10250983
  0.1021578   0.1443617   0.04410572  0.00224181 -0.14935014  0.23264277
 -0.2480752   0.04393897 -0.12572378 -0.08275089 -0.01360094  0.00413616
  0.09230627  0.14200826  0.04464951 -0.17645386  0.26398703  0.00840564
  0.07633065 -0.0404225   0.04007655  0.00831312  0.13753429  0.11538003
  0.14751142 -0.08730101 -0.03974732  0.06576864  0.00495434 -0.0396618
 -0.04085561  0.00401306  0.24306056  0.02228455  0.24908704  0.2755284
  0.1404511  -0.10967243  0.14525653 -0.07446741 -0.02639939  0.0954551
  0.03506467 -0.0655421  -0.11907989  0.27374288 -0.12096332 -0.12606812
 -0.02622903 -0.00649407  0.04405024  0.0106301  -0.1186388   0.00595944
 -0.06858037 -0.00559046  0.0828689  -0.02260701  0.02177151  0.06078132
 -0.02769272 -0.01351141]