http://erau.edu/ontology/meme.owl#BrandSpiritMeme
[-0.13988002 -0.15271047 -0.0240473   0.06934988 -0.00853548 -0.02949867
  0.09487234 -0.06745087 -0.02891488  0.01130763  0.17082281 -0.13134427
  0.06707395 -0.15207921 -0.04585571 -0.07843944  0.01936573  0.08825953
 -0.02449493 -0.07287349 -0.18697031  0.1033269   0.07704226 -0.19001329
 -0.01734194  0.088108    0.04238475 -0.13707314  0.24674363  0.13042296
 -0.02964449 -0.06034566 -0.01798662 -0.06617337 -0.11309153  0.12613882
  0.02568509  0.07733335 -0.07650451 -0.10416289  0.10779552  0.23905548
 -0.15591586  0.00910492  0.09760155  0.07493354 -0.05793552 -0.08565074
 -0.02768904  0.08620817  0.02214091 -0.01973846 -0.04025536 -0.20592918
 -0.0633008  -0.1266507   0.12043926 -0.21138644  0.25525495  0.1592014
 -0.02864078 -0.11187868  0.17072093  0.09941048 -0.1228302  -0.1260097
 -0.03615106 -0.07702248 -0.11532471 -0.20981626 -0.09625158  0.01997683
  0.07401086 -0.02729367  0.14107402  0.00638013 -0.14541142 -0.04044314
  0.23083608  0.03448038 -0.05163951 -0.02765231 -0.04950976 -0.24211174
  0.13499576 -0.05623719 -0.04628756  0.00199752  0.07500548  0.12266832
 -0.15023221 -0.15395334  0.08095488 -0.1450986  -0.09788167  0.0622172
  0.04906378 -0.02451345 -0.03561709 -0.10001703  0.0825836   0.08704699
  0.19971581 -0.14085159  0.02591742 -0.07665187  0.22608513 -0.0532279
 -0.15541896 -0.08283261 -0.00310158  0.01108579 -0.10218637 -0.09695599
  0.1134883  -0.02304844 -0.36827818 -0.23649605  0.03363929  0.05690337
 -0.04568854 -0.09615204  0.00663111  0.06638484  0.01272715 -0.01088798
 -0.05729511 -0.11172925 -0.01313691  0.02337184 -0.14769956 -0.05727274
  0.00961763 -0.09475574 -0.12442173  0.15799302 -0.02359064 -0.00056881
 -0.20304073 -0.00598138 -0.24770798  0.10399769  0.04513938 -0.03409839
  0.18021865 -0.2011318  -0.02572435  0.0020513  -0.11911823  0.04134091
  0.09967866 -0.13142985  0.11375482  0.05220407  0.04471348  0.11300746
 -0.1864931   0.1614834   0.04735434 -0.08451023  0.04932863 -0.07524158
  0.10340571  0.03105531 -0.28907266 -0.05812024 -0.09063241  0.17983878
 -0.21270853  0.05964563  0.08990582  0.12786622  0.23309629  0.18574937
  0.01247964  0.03540006 -0.07429022 -0.00181346  0.1269247  -0.07047038
 -0.08343948  0.10284551 -0.02777578 -0.00478933 -0.11300276  0.03183221
  0.07717927  0.06706957  0.11351086 -0.09481332  0.08734088 -0.02569532
 -0.2627128  -0.08706552 -0.0057395  -0.04184155  0.0195201   0.12376738
 -0.01296268  0.02875746 -0.02460392 -0.14296702  0.04824037 -0.1633606
 -0.13706966 -0.15028773  0.0007228  -0.14527526  0.04471975  0.11712393
  0.07843214  0.10585159 -0.05410794 -0.07164076  0.12270961  0.01357812
 -0.14238757 -0.11452487  0.12578008  0.04422348  0.13731174  0.13354982
 -0.17340924 -0.01687643  0.05223073  0.05487967 -0.18813792  0.10735316
 -0.0901295  -0.03719557 -0.00893987  0.01823129 -0.22461951 -0.12580647
 -0.13900189 -0.03196885 -0.03851346 -0.09691249  0.04555967 -0.12108476
  0.01552179 -0.08749757 -0.04608423 -0.1121672  -0.27176327 -0.04339053
 -0.13082425  0.04112964  0.00053232 -0.01471022  0.09544761  0.00144885
  0.19226107  0.12832026  0.19478896 -0.01021375 -0.04775571  0.05069931
  0.05779719  0.12198085 -0.10560945 -0.10386343 -0.01456976 -0.07102086
 -0.04393259 -0.18376197 -0.05385483 -0.00901456  0.03946446 -0.1874581
 -0.07464796 -0.24829075 -0.15063472  0.15446678  0.10864738 -0.08434936
  0.09914751 -0.08165272 -0.01133295  0.04268445  0.13801269 -0.05827074
 -0.04069879 -0.00058766 -0.1615843   0.11874843 -0.12070677  0.01725311
 -0.06150647 -0.13208982  0.08222014 -0.11715259  0.07198933 -0.05738726
  0.03240812 -0.03042333  0.04867918 -0.02439466 -0.33783248 -0.11753435
 -0.28599417 -0.07503472 -0.04927835  0.19942665 -0.05742644  0.00516455
  0.21341915 -0.05303684  0.04451313  0.14033748  0.25134945 -0.2242956
  0.01429833  0.01977871  0.05148789  0.03517377  0.01393613  0.16183834
  0.0136644  -0.06387331  0.17037505 -0.10469057  0.27737728  0.12157466
 -0.02968694  0.01163606 -0.11178984 -0.07316694  0.10999274 -0.0240159
  0.02869386  0.05065172  0.03760677 -0.05706791 -0.03342482 -0.20386195
  0.12368431  0.10794976 -0.12909356  0.08825099 -0.00478028  0.04283386
 -0.06531904 -0.05594922 -0.10719764 -0.01110927  0.01528278  0.21008137
 -0.09836657 -0.1433817  -0.02695385  0.0245341  -0.09550184  0.15235232
 -0.09387798  0.12069442  0.08754706 -0.00054329  0.24571887  0.0831119
 -0.10885191  0.11388437  0.01115844 -0.13530473 -0.0196644  -0.04186681
 -0.02184343 -0.10143362 -0.08128087 -0.00421663 -0.00590622  0.02310506
 -0.2674987   0.02089248  0.08429246 -0.08567463 -0.15815093  0.0690998
 -0.02939405 -0.05790185  0.09452216  0.16127765 -0.07547204 -0.08279489
  0.12813812 -0.1448117   0.01324105  0.11504071  0.04333492 -0.11526427
 -0.1468799   0.0498976   0.04911775  0.11699537 -0.20730868 -0.23963377
  0.10530749  0.14057466  0.19649425 -0.07591736  0.06085074 -0.00886416
 -0.06453619 -0.27102464 -0.12706397 -0.11138581  0.03638238  0.27766383
  0.19753364  0.06603123  0.13158517 -0.3210211  -0.13716714 -0.07217662
 -0.00462354  0.19769084 -0.02551665 -0.0777264  -0.0486078   0.07946249
  0.0116365   0.01560796 -0.08364023  0.02552096 -0.0242828  -0.05358306
 -0.13253015  0.08000668  0.15932491 -0.07825151 -0.08387393  0.226689
  0.09350591 -0.0749106   0.2245611   0.13251753  0.01576049  0.06713432
  0.03087139  0.05145774  0.19466597  0.02696873 -0.02175853  0.22889857
 -0.18745752 -0.00189848 -0.17569038 -0.20864363 -0.0306091   0.18646558
  0.10544559  0.10668894  0.04135227 -0.02191977  0.24186867  0.1381276
 -0.00069435 -0.00658811  0.14858547  0.00965199  0.22642869  0.07112783
  0.05242562 -0.06810603 -0.14659572  0.10195636 -0.08495018 -0.10607653
  0.00906144  0.01176998  0.04610983 -0.00599177  0.12398852  0.08640224
  0.05346568 -0.15837921 -0.07813717 -0.03481634  0.01538682 -0.06131116
 -0.0777484   0.05671415 -0.15553774  0.2499875   0.00634058 -0.11657158
  0.05732371  0.0402512  -0.0449646   0.00956898 -0.05530765  0.0113751
  0.11855517  0.10558441 -0.0439676  -0.00639356 -0.000629    0.01766639
  0.10885069  0.15151209]