http://erau.edu/ontology/meme.owl#AlternativeResponsestoILoveYouMeme
[-1.64544627e-01 -1.56323940e-01  2.37218589e-02  5.03990911e-02
 -2.15150453e-02  7.40497187e-02  1.33893728e-01  2.55143992e-03
  8.24835058e-03 -7.61252865e-02  3.27165313e-02  5.47469547e-03
  4.83837835e-02 -1.17179684e-01 -3.27076204e-02 -4.19192016e-02
  1.42631859e-01  8.69018957e-03  6.44759685e-02  4.77356762e-02
 -2.06984341e-01  1.12153683e-02  1.17773321e-02 -1.67714044e-01
  2.43281960e-01 -8.11112821e-02 -8.45354348e-02 -1.58897519e-01
  2.91120142e-01  2.18187228e-01  9.04601514e-02  7.17441738e-02
  4.46061343e-02 -7.82169625e-02 -4.62138392e-02  1.31494761e-01
  2.85750739e-02  4.92475405e-02 -9.77079570e-02 -9.26592797e-02
  4.94439192e-02  1.83872655e-01 -9.83903855e-02 -2.91061848e-02
  6.37662411e-02  8.92161578e-03 -5.03300987e-02 -7.92882070e-02
  8.90757143e-03 -1.55162662e-02 -2.55084923e-03  1.19805962e-01
 -4.16594446e-02 -2.00098678e-01 -1.68376550e-01 -6.93097413e-02
  8.37169588e-02 -1.38252974e-01  2.89556831e-01  1.06267475e-01
  6.98860660e-02  3.33357864e-04  1.14011832e-01  7.94892237e-02
 -9.83442292e-02 -7.43602887e-02  7.73723945e-02 -8.22529197e-03
 -7.84191638e-02 -7.26414770e-02 -3.44462544e-02 -5.87098347e-03
  1.27418727e-01 -1.34459306e-02  1.05031312e-01  4.48270999e-02
 -1.01577468e-01 -4.44433698e-03  9.85986069e-02  7.77900741e-02
 -2.28266586e-02 -1.48639485e-01  2.81557124e-02 -8.88374001e-02
  8.63596275e-02 -4.81351353e-02 -6.41696900e-02  1.13728695e-01
  1.82471587e-03 -1.22570992e-02 -4.44880221e-03 -1.28484890e-01
  5.16101196e-02 -1.12395324e-01 -8.59669223e-02  1.38158739e-01
 -8.04371852e-03 -4.21083067e-03 -3.54607366e-02 -1.22359350e-01
  9.10416618e-02  6.47834837e-02  2.22520426e-01 -9.36193392e-02
 -1.10597685e-02  1.45512938e-01  5.56607656e-02 -4.63898107e-02
 -1.02940507e-01  1.21338153e-02 -2.17068344e-02  4.21806239e-02
 -8.91438127e-02 -4.64605503e-02  8.78061503e-02  7.29186237e-02
 -3.01029176e-01 -1.95217773e-01 -7.86310900e-03  1.17407115e-02
 -5.68356887e-02 -7.87037984e-03 -8.14510807e-02  2.09362194e-01
  1.00177839e-01 -1.04517765e-01 -8.59702937e-03 -1.17042780e-01
 -7.19473734e-02  9.77508798e-02 -2.25224257e-01 -7.40480274e-02
 -5.08805662e-02 -6.77204952e-02 -1.00343868e-01  7.69225135e-02
  5.19443490e-03 -8.21562280e-05 -1.92153886e-01  2.76745260e-02
 -2.67623693e-01  2.86501199e-02  1.13077946e-01  2.76366025e-02
  2.12148622e-01 -2.07965359e-01  5.28031439e-02 -4.44020778e-02
 -8.37845430e-02  2.16077231e-02  1.17176268e-02 -1.66401416e-01
 -7.85790458e-02  4.76481877e-02  8.56937394e-02  1.36181027e-01
 -1.46864012e-01  1.20907925e-01  1.43140242e-01 -9.98011306e-02
  1.26152858e-01 -6.72468841e-02  1.01805165e-01  2.67463420e-02
 -2.26080447e-01 -1.17405273e-01 -6.03567902e-03  2.05873132e-01
 -2.01961353e-01  7.99121708e-02  1.80099960e-02  1.76767707e-01
  2.09576249e-01  5.15177809e-02  6.75235912e-02  4.65239473e-02
 -1.01463072e-01 -2.89845113e-02  1.59823075e-01 -1.74887311e-02
 -1.46632195e-01  7.85783827e-02 -1.90726146e-02 -2.64293291e-02
 -9.30248946e-02  1.08693846e-01  1.36992663e-01  8.12497213e-02
  1.76638484e-01 -8.50482583e-02  7.15013370e-02  2.88693234e-02
 -1.87433362e-01 -9.83795151e-02 -1.98463500e-02 -8.03586692e-02
  4.45619971e-02  1.55579194e-01 -1.93359088e-02 -7.55013376e-02
 -1.39738284e-02 -1.83477718e-02  6.49742335e-02 -2.71665026e-03
 -8.56293291e-02 -2.66078979e-01  7.07831532e-02 -1.75571144e-01
  9.38663334e-02  7.50068054e-02  1.96517661e-01  1.08732194e-01
 -7.13025406e-02  3.97399031e-02  9.15294960e-02  1.80871766e-02
 -8.68221521e-02 -8.11198056e-02  1.52058929e-01  6.22320138e-02
  1.91544920e-01  1.65164396e-01 -1.54796913e-01  6.04303107e-02
  8.17891583e-03  3.18934545e-02 -2.65615910e-01  6.60424680e-02
 -4.65955995e-02 -1.93778356e-03  4.53305431e-02 -3.53167243e-02
 -1.39534652e-01 -2.41509199e-01 -9.50013921e-02 -2.90423296e-02
 -1.68461263e-01 -1.42801270e-01  1.51543226e-02 -1.36631548e-01
 -5.93564985e-03 -1.06062919e-01  1.12044914e-02 -6.68750927e-02
 -2.81427324e-01 -4.98472564e-02 -1.25348598e-01 -1.26324117e-01
 -2.21324638e-02  1.08227134e-01  1.43507853e-01 -3.96005586e-02
  1.43312290e-01  6.41392693e-02  2.30599672e-01  5.83763123e-02
 -1.45669699e-01 -3.18622589e-03  4.79017235e-02  7.97874108e-02
 -8.43317211e-02 -1.29304603e-01  3.18332063e-03 -1.73685476e-01
 -6.78841919e-02 -1.94795623e-01  1.53708160e-02  1.67599004e-02
  3.40077989e-02 -1.91008404e-01 -8.07048157e-02 -1.33024424e-01
 -7.84390792e-02 -3.68260629e-02  8.61079097e-02  5.36467806e-02
 -2.76788119e-02 -6.41035512e-02  1.04962019e-02 -1.09653845e-02
  2.25516260e-01  7.86347762e-02 -4.48979065e-02 -1.35888681e-01
 -1.20152526e-01 -1.99596304e-02 -1.15327157e-01 -6.64103124e-03
  1.35701746e-02 -2.67113112e-02  1.12840526e-01 -2.65505672e-01
  7.75103942e-02 -1.11271702e-01 -1.19056283e-02 -3.62784937e-02
  7.63475224e-02 -6.97491765e-02 -2.35548377e-01 -1.03808858e-01
 -2.77672261e-01  5.14525697e-02 -5.12071289e-02  6.04846627e-02
  2.29449756e-02  4.21016626e-02  8.01450908e-02 -7.99870938e-02
 -4.98222858e-02  7.22866282e-02  2.51836836e-01 -1.76785290e-01
  7.93148670e-03 -3.19883935e-02  2.26700399e-02  7.41843060e-02
 -3.33513245e-02  9.34454799e-02  3.46826948e-02 -1.07926629e-01
 -1.58212669e-02 -1.73102885e-01  1.92913339e-01  1.35253698e-01
 -1.34350553e-01  5.77646084e-02  2.28965487e-02  3.83836776e-02
  7.39003643e-02 -1.00634471e-01  1.06644385e-01  4.72631492e-02
 -5.44787981e-02 -1.09137915e-01 -4.82337959e-02 -1.41467601e-01
  4.34375182e-02  1.69453517e-01  1.77749228e-02  4.81916890e-02
 -6.62644440e-03  7.40584433e-02 -4.30777855e-02 -8.19302816e-03
 -8.90094489e-02 -9.09623653e-02  7.33884575e-04  1.73990920e-01
 -9.27222371e-02 -1.24962017e-01  1.00522451e-02 -3.80841196e-02
 -2.79482640e-03  9.03112292e-02 -9.12169963e-02  1.10688627e-01
  9.95317549e-02  1.86747499e-02  1.95472494e-01 -8.30368921e-02
 -9.14100111e-02  1.30540952e-01 -4.83596325e-03 -3.77589986e-02
 -1.29494131e-01 -4.06322181e-02 -1.31968126e-01  3.03839762e-02
 -5.20118214e-02  1.39117418e-02 -1.04283236e-01 -5.61618619e-02
 -2.77478278e-01  7.44230673e-02  4.54189330e-02 -7.26552159e-02
 -3.86545993e-02  3.55538204e-02 -8.45881626e-02 -6.12289384e-02
  4.16007824e-02  1.40730426e-01 -5.10464497e-02 -1.13932766e-01
  3.36276367e-02 -1.24922395e-01 -1.03305876e-01  1.86280534e-01
 -8.84922221e-03 -1.26473591e-01  2.01264936e-02  8.91821384e-02
  6.24724254e-02  1.04052566e-01 -1.46685451e-01 -2.66367584e-01
  6.56076968e-02  1.43313035e-01  2.99869388e-01 -1.47235647e-01
 -4.84377593e-02 -1.39447868e-01  7.03117670e-03 -2.30314627e-01
 -1.61252677e-01 -1.94454435e-02 -9.05491635e-02  3.36012393e-01
  1.72237188e-01  3.96657959e-02  7.14504495e-02 -1.84688807e-01
 -9.66461971e-02 -1.00118712e-01 -4.51946519e-02  1.42999604e-01
 -9.47694555e-02 -2.23146118e-02 -7.72601515e-02  4.25316542e-02
  3.28559126e-03  1.33600375e-02 -1.61562592e-01 -4.56650369e-02
  1.48904873e-02 -4.06480320e-02 -1.27147436e-02  8.58919695e-02
  1.71112772e-02  2.15791129e-02  3.72105488e-03  1.67863697e-01
  1.55295590e-02 -7.21148625e-02  2.53279090e-01  1.45068705e-01
  7.50672072e-02 -2.38406844e-02  2.52864957e-02  4.52697910e-02
  1.49558902e-01  7.93721378e-02 -7.68345818e-02  2.38447830e-01
 -6.18421994e-02  6.25469983e-02 -1.94132820e-01 -1.32660061e-01
 -2.22500879e-02  6.72991350e-02  4.05431278e-02  1.21545084e-01
  4.19534594e-02 -7.55463019e-02  1.82991266e-01  1.89909209e-02
  1.04577966e-01 -9.91264880e-02  2.01523229e-01 -1.23693282e-02
  2.27085382e-01  6.00878112e-02  1.72149427e-02 -4.28569363e-03
 -1.20143080e-02  9.25863683e-02 -1.43450758e-04 -7.86179751e-02
 -6.31965324e-02  1.06020726e-01  7.79594332e-02  9.93471667e-02
  6.62126914e-02  8.13192427e-02  1.48788830e-02 -1.18752070e-01
  8.85678176e-03 -1.08965777e-01 -4.82548401e-02  6.75368169e-03
 -6.74475655e-02 -4.45831493e-02 -2.02274062e-02  1.66533902e-01
 -7.67923295e-02 -1.42120630e-01 -8.10246821e-03 -1.09539703e-02
  2.91752685e-02  3.02913543e-02 -1.58031080e-02  5.66375814e-03
  1.41757298e-02  1.07434705e-01  8.86337757e-02  1.51949614e-01
  1.21409699e-01  8.28998312e-02  1.12363495e-01  2.58601252e-02]