http://erau.edu/ontology/meme.owl#FruitFingeringMeme
[-1.22935720e-01 -1.44205913e-01 -8.51811096e-03  4.83767763e-02
  2.82021146e-02  1.21245474e-01  1.23362660e-01 -5.69115095e-02
 -1.68778822e-01 -3.42326276e-02  6.82519749e-02 -1.23875111e-01
 -5.29132634e-02 -5.96627146e-02 -9.30911750e-02  3.82657833e-02
  5.59574366e-02  1.40789673e-01  8.53774846e-02  2.80280784e-03
 -2.64063716e-01  2.60771643e-02  9.66019630e-02 -1.27289042e-01
  9.24604982e-02  1.57040544e-04 -2.10953187e-02 -1.69956014e-01
  1.85553223e-01  4.28132080e-02  3.77119333e-02  7.91583061e-02
  2.08098162e-02 -1.19935885e-01 -1.29843339e-01  1.78564891e-01
  1.66043881e-02  9.16977301e-02 -1.08544096e-01 -5.75548001e-02
  6.31158650e-02  1.45588979e-01 -1.44951895e-01 -3.09519246e-02
  1.04362130e-01  6.34918883e-02  4.00298871e-02 -6.83452860e-02
  7.52938315e-02  1.70339234e-02  3.16122212e-02  1.35118082e-01
 -4.15424369e-02 -1.11928567e-01 -2.14675553e-02  4.04489860e-02
  1.14569925e-01 -1.07804909e-01  2.85556838e-02  1.20074287e-01
  2.60809958e-02 -1.24106891e-01  1.18226640e-01 -4.27973829e-02
 -1.53282747e-01 -7.64439553e-02 -3.08398474e-02 -7.67963231e-02
 -4.87579964e-02 -6.93214387e-02 -5.45418188e-02  5.27667394e-03
  1.07572578e-01  5.43549545e-02  4.01753038e-02  9.10171121e-02
 -3.34109142e-02 -4.06216308e-02  1.25142649e-01 -7.48844072e-03
 -3.70804779e-02 -1.76005498e-01 -1.33320894e-02 -1.20886900e-01
  4.88098338e-02 -1.69035062e-01 -1.55114815e-01 -2.83156126e-03
  9.29178745e-02 -1.65358223e-02  4.16465178e-02 -1.85185656e-01
  6.97169229e-02  1.32460790e-02 -7.33344033e-02  5.08887880e-02
 -5.03950119e-02  3.18548344e-02 -4.04244959e-02 -1.07931919e-01
  5.93379885e-02  9.37459096e-02  1.99051827e-01 -1.46237826e-02
  1.82288498e-01  8.12947452e-02  1.11064635e-01 -8.03056881e-02
 -4.79162158e-03  1.24021368e-02  4.65624174e-03  2.54827086e-02
 -7.70486295e-02 -5.75283878e-02  1.24614693e-01 -1.05736339e-02
 -2.30225176e-01 -1.65126011e-01  2.91825347e-02  5.85611872e-02
 -3.24086137e-02  3.46169993e-02  3.27121802e-02  5.39073646e-02
  7.61480629e-02 -1.07677408e-01  1.49981916e-01  3.72944959e-02
  8.95009115e-02  1.88181270e-02 -1.44767299e-01  2.58996841e-02
 -4.48544770e-02 -1.06817141e-01 -3.33298184e-02  9.18965787e-02
  6.59560040e-02 -7.40015507e-02 -1.00202188e-01  4.40565683e-03
 -1.67062461e-01 -1.99255422e-02  3.11167184e-02  2.66247913e-02
  1.69841647e-01 -8.96360204e-02 -1.43306879e-02 -6.90673217e-02
  4.95440625e-02  1.82814166e-01 -8.94924402e-02 -1.77156135e-01
 -6.79010339e-03  8.62913951e-02 -2.78954785e-02  1.23667613e-01
 -1.65290788e-01  1.09361015e-01  1.01823717e-01  5.02186418e-02
  6.27454296e-02 -1.58127785e-01 -5.04023470e-02 -1.00213627e-03
 -1.77913457e-01 -2.36062817e-02 -6.05516583e-02  1.42401040e-01
 -1.91206634e-01  1.04388282e-01  2.75670122e-02  1.52394474e-01
  1.39750004e-01  1.31864518e-01  4.01529670e-02 -8.35241079e-02
 -5.52439243e-02 -8.48823041e-02  1.27130687e-01 -5.87598309e-02
 -7.73066655e-02  8.61748531e-02  4.19059582e-02 -2.92462166e-02
 -3.08120959e-02  4.24972996e-02  7.31948763e-03  9.35002565e-02
  2.13105306e-01 -1.01133384e-01  1.13023646e-01 -1.05540315e-03
 -1.78997964e-01 -2.91925166e-02  9.11018439e-03 -2.03322824e-02
  1.12202398e-01  1.42207846e-01 -7.38501176e-02 -6.74168617e-02
  2.26450134e-02 -2.18983386e-02  2.23856047e-01 -6.11212924e-02
 -1.49539441e-01 -2.78577715e-01  1.07250743e-01 -5.29679134e-02
  1.03793755e-01  1.46242589e-01  2.32232258e-01  1.36948526e-01
 -7.20782727e-02 -6.64816573e-02  1.47307575e-01 -4.43962850e-02
 -6.39315471e-02 -2.06267592e-02  1.05299897e-01  1.04644991e-01
  1.19356468e-01  1.04517639e-01 -1.41481966e-01 -1.57906711e-02
  8.30131248e-02  1.53578995e-02 -1.07268989e-01  6.86413236e-03
 -3.64290290e-02 -8.19964558e-02  4.26291749e-02 -1.88651588e-02
 -1.46067977e-01 -1.22014455e-01  1.11934461e-01 -9.11798212e-04
 -6.99177384e-02 -3.55927274e-02  8.33132043e-02 -1.26424804e-01
 -8.29105452e-02 -6.19578212e-02  2.68160067e-02 -1.29394727e-02
 -2.21926451e-01  2.31157765e-02 -1.14054255e-01  2.39687935e-02
  2.04789080e-02 -4.47164439e-02  3.71040218e-02  3.61267850e-02
  1.49146870e-01  3.99513356e-03  1.47186145e-01 -1.02647722e-01
 -7.32624233e-02  4.65151854e-02  8.66952091e-02  1.15597159e-01
  2.17133276e-02 -7.02123716e-02  7.39330649e-02 -5.66652417e-02
 -3.38672660e-02 -2.37717763e-01 -1.39935568e-01 -4.99036469e-06
  3.23351622e-02 -1.00873716e-01 -1.20617971e-01 -6.89354390e-02
 -1.52976131e-02  3.93950008e-02  1.35819048e-01  3.97024006e-02
  1.59078538e-01  3.78820747e-02 -2.63632070e-02 -1.85639337e-02
  1.54582784e-01 -1.95705406e-02 -1.18936328e-02 -1.47809088e-01
 -1.69695288e-01  1.48989586e-02  1.50091276e-02 -8.31301063e-02
  8.25664401e-03 -4.09657583e-02  3.67913325e-03 -6.67765439e-02
 -3.00640892e-02 -1.02560483e-01  4.39947881e-02 -9.64667555e-03
  8.97058249e-02 -7.27586523e-02 -1.56423971e-01 -1.33743867e-01
 -2.07422853e-01  2.44232025e-02  7.20230211e-03  1.75164014e-01
 -7.57456347e-02 -5.91126680e-02  1.27915695e-01 -1.27856091e-01
 -6.13017641e-02  6.91455156e-02  1.15353167e-01 -1.62514359e-01
  2.06929371e-02  1.08870909e-01 -8.69945288e-02  5.80695160e-02
 -3.93675715e-02  7.59860408e-03  2.88121426e-03 -2.38343924e-02
  1.11285977e-01 -9.02768448e-02  1.26508638e-01  1.30291626e-01
 -7.15915486e-02  3.23264189e-02 -1.51468322e-01  6.73235580e-02
  1.22561954e-01 -5.32558039e-02  2.70365551e-02  5.52548692e-02
  9.45819467e-02 -2.39057913e-02 -1.03337795e-01 -1.78474665e-01
  1.01669565e-01  3.06296572e-02 -6.41476735e-02  1.04868621e-01
  3.02533135e-02  2.29361933e-02  3.07057286e-03 -6.06460236e-02
 -5.89993708e-02 -5.90959527e-02 -1.56880096e-01  1.38561606e-01
  2.48608533e-02 -1.57489941e-01 -7.70949721e-02  2.16161013e-02
 -1.36538818e-01  2.23770291e-01 -1.53538823e-01  1.29864484e-01
  1.49857467e-02 -7.11375251e-02  2.69473553e-01 -2.78968383e-02
 -1.06861062e-01  6.49266690e-02  1.56369917e-02 -1.20386265e-01
  2.13017799e-02 -1.09601006e-01 -9.67542082e-02  2.46849051e-03
 -1.44564342e-02 -1.83645673e-02  9.23413411e-02  4.17042784e-02
 -7.10646883e-02  4.13858332e-02  6.27027452e-02 -3.60231027e-02
 -5.11532016e-02  8.49203020e-02  8.53138417e-02 -4.46286611e-02
  2.54814513e-02  1.63755178e-01 -5.79839684e-02 -8.94370899e-02
  6.07614405e-02 -4.98043336e-02 -1.56121865e-01  2.28960544e-01
 -1.99089907e-02 -1.98383793e-01 -4.80583422e-02  5.80425523e-02
 -2.45907959e-02  3.00264657e-01 -7.10200816e-02 -2.16408551e-01
 -6.75922586e-03  9.76421237e-02  3.17493320e-01  4.30247281e-03
  3.69115453e-03 -7.55520910e-02  1.04539692e-01 -2.82221794e-01
 -1.60685793e-01  4.10085991e-02  2.90364884e-02  3.57019871e-01
  1.19628429e-01  2.56009251e-02  7.71734491e-02 -2.26462871e-01
 -1.28324285e-01 -2.88338400e-02 -1.29720159e-02  5.72117828e-02
  1.11016212e-02 -4.48588356e-02 -4.62016314e-02  7.97985196e-02
  4.21445668e-02 -1.75459497e-02 -1.40592620e-01 -3.33316959e-02
 -9.18236449e-02 -1.52295217e-01 -2.91932952e-02  1.48879096e-01
  1.10116281e-01 -1.20449252e-01  6.76834658e-02  2.36331373e-01
  1.74528211e-02 -1.60691112e-01  1.29560888e-01  1.12890318e-01
  2.81361826e-02 -6.01991005e-02  5.35960263e-03  8.19398165e-02
  1.92072585e-01  9.63128060e-02 -3.46003138e-02  2.10282370e-01
 -1.65199444e-01 -7.87562598e-03 -1.95120230e-01 -5.37479967e-02
 -3.42238694e-02  2.80177407e-02  1.14035122e-01  5.81724048e-02
  5.66611104e-02 -4.91065532e-02  1.46301121e-01  8.50142092e-02
  4.70496416e-02  9.95124057e-02  1.03602678e-01 -1.71878953e-02
  7.85879269e-02  1.04833201e-01  1.46050036e-01 -2.09082570e-02
 -5.40631711e-02  1.41943535e-02 -1.21745542e-02 -1.28600389e-01
 -9.85554382e-02  8.53392258e-02  1.29791051e-01  1.48502057e-02
  1.49870440e-01  1.55472174e-01  7.66274333e-02 -1.62661850e-01
  1.53994327e-02 -1.15683310e-01 -1.99678876e-02  5.35742529e-02
 -4.10236642e-02 -8.89708698e-02 -8.67275223e-02  2.28545427e-01
 -5.75946197e-02 -2.04506218e-01  1.09312246e-02 -7.38744810e-02
  1.51298508e-01  7.54095912e-02 -1.31149545e-01 -1.44019816e-02
 -3.81045826e-02 -1.95324179e-02  9.85226780e-02  3.91329974e-02
  5.30262366e-02 -4.85077016e-02  1.37472451e-01  1.36214331e-01]