http://erau.edu/ontology/meme.owl#FaceofthepeoplewhosankalltheirmoneyintotheFXMeme
[-1.57504842e-01 -1.38391316e-01 -4.64007119e-03  2.03437358e-02
  8.01539496e-02  9.58062410e-02  1.05755314e-01 -7.03172535e-02
 -4.22957353e-02 -7.21819624e-02  3.72309200e-02 -1.00356780e-01
  9.44855213e-02  1.17773088e-02 -1.72827784e-02  3.14191058e-02
 -1.14053832e-02  1.28724247e-01  4.13218066e-02  1.50833219e-01
 -1.30149350e-01  6.09396249e-02  6.82067275e-02 -3.86338644e-02
  9.85494629e-02  8.33030615e-04 -2.62055416e-02 -8.56055394e-02
  2.01433122e-01  7.18919411e-02  1.06759910e-02  1.18217610e-01
  3.12148761e-02 -1.16603151e-01 -1.02459630e-02  2.01935589e-01
  2.68248306e-03  2.86084004e-02 -4.30892296e-02 -1.24623910e-01
 -2.00504921e-02  9.78557542e-02  6.00101193e-03 -8.89720991e-02
  4.59982641e-02  5.40600754e-02  1.48311667e-02 -4.28717285e-02
  2.40562055e-02  1.59106776e-02 -2.03327872e-02  7.91491643e-02
 -8.00518021e-02 -5.20305224e-02 -6.71340600e-02  1.05996616e-02
  7.49058872e-02 -8.85779709e-02  9.37362015e-02  4.99927253e-02
  1.88768171e-02 -5.03958426e-02  8.72642845e-02  3.05725820e-02
 -1.67543277e-01 -2.14027092e-02 -6.79097278e-03 -7.87227750e-02
 -5.24857938e-02 -9.26447511e-02 -4.37787585e-02  1.05954312e-01
  7.28512779e-02  7.38900080e-02  3.51090878e-02  8.65695849e-02
 -6.13811240e-02  4.05491814e-02  9.68795791e-02  6.78937808e-02
 -4.89886440e-02 -7.50368685e-02 -9.48672816e-02 -1.69570878e-01
  6.10197894e-02 -1.42206147e-01 -3.48696336e-02  1.45938769e-01
  8.11590701e-02 -1.24538001e-02  1.79092363e-02 -2.02577680e-01
  6.37881085e-02 -7.52924308e-02 -6.58313036e-02  4.59043607e-02
 -6.89345375e-02 -1.03428267e-01 -6.00469895e-02  1.49292620e-02
  2.48494372e-02  1.01245157e-01  2.59718835e-01 -1.28442302e-01
  2.91557480e-02  4.49145585e-02  1.64202511e-01  3.27576362e-02
  5.08353822e-02 -5.68111204e-02  2.65351627e-02  7.90628884e-03
 -5.35359718e-02 -2.16331445e-02  1.26715362e-01  1.52809858e-01
 -1.75893754e-01 -1.16796471e-01  3.39277498e-02  2.34152302e-02
  2.02398170e-02 -1.19460169e-02  7.14162439e-02  2.39284243e-02
  7.37372562e-02 -8.17941595e-03  8.56778547e-02 -2.43608188e-02
 -1.08339535e-02 -2.73144785e-02 -1.12310193e-01 -4.01428938e-02
  3.38244624e-02 -1.32344648e-01 -4.40466264e-03  9.83739365e-03
 -1.17756471e-01 -3.11273858e-02  9.06341895e-03 -1.30020606e-03
 -1.96830973e-01 -4.16018441e-02  8.92531276e-02  1.51973013e-02
  4.37823273e-02 -1.11408539e-01 -1.82629116e-02 -3.61548290e-02
 -2.48405561e-02  8.38720128e-02 -8.92155394e-02 -1.62634909e-01
  4.48802821e-02  3.78534049e-02 -8.30498487e-02 -2.17232462e-02
 -9.15503502e-02  1.09446034e-01  1.02449246e-01 -2.81516090e-02
  3.13915052e-02 -1.75475851e-01  6.05317159e-03 -2.43050847e-02
 -1.00661404e-01 -8.31626654e-02  1.10484213e-02  9.55250338e-02
 -1.85422793e-01 -5.18896442e-04  2.49485970e-02  1.54470682e-01
  2.14674458e-01  1.08311467e-01 -6.93299249e-02 -1.46641163e-02
  3.81835103e-02 -1.05974428e-01  1.48228332e-01 -3.03435232e-02
 -2.46863086e-02  6.84469119e-02  9.48550627e-02 -4.23609139e-03
 -8.40627626e-02  2.42654979e-02 -5.31288497e-02  8.30342323e-02
  1.78054959e-01 -1.40639067e-01  2.56865248e-02  1.96924545e-02
 -1.42058030e-01 -7.56917223e-02 -3.61793302e-02  7.14940391e-03
  1.22044787e-01  1.68426022e-01 -6.26928061e-02  5.97594790e-02
  1.26419976e-01  1.97238047e-02  6.86145127e-02  4.90338169e-02
 -6.97998777e-02 -1.61877528e-01 -4.91299331e-02 -5.11107109e-02
  1.78119674e-01  4.67930064e-02  1.89017385e-01  1.48536965e-01
  1.38861267e-02 -9.97013301e-02  1.19358465e-01  5.28001040e-02
 -7.24903122e-02 -6.11446388e-02  1.26280367e-01  9.45883468e-02
  1.42402738e-01  1.65098354e-01 -1.08209155e-01  2.26870757e-02
  3.26709971e-02  5.20780534e-02 -8.42244700e-02 -1.06219143e-01
 -3.69119719e-02 -7.48257264e-02 -5.09902313e-02 -5.35863335e-04
 -9.61935148e-02 -1.11328922e-01  1.02998249e-01 -1.62132829e-02
 -4.88982610e-02 -1.67228617e-02  1.34148568e-01 -5.35579436e-02
  4.10312377e-02 -3.12695540e-02  7.42325606e-03 -4.33352776e-02
 -1.72863826e-01 -2.47082990e-02 -7.97887817e-02 -6.17940538e-02
 -7.03554899e-02  1.92731507e-02  3.49842571e-02  1.71363540e-02
  1.74442664e-01  5.60544357e-02  2.32715324e-01 -5.71790896e-02
 -6.95120618e-02 -2.12342553e-02 -1.29966727e-02  9.54496786e-02
 -7.85062835e-02 -9.71743017e-02  6.33918419e-02 -5.13612777e-02
  1.43742084e-03 -1.67435870e-01  9.16761234e-02  4.27546389e-02
  6.99268281e-02 -2.63861641e-02 -9.86290537e-03 -2.64397468e-02
 -7.38634765e-02 -8.25409498e-03  1.59457728e-01 -1.89085715e-02
  2.61769108e-02 -3.90272820e-03 -2.87034120e-02 -8.55778679e-02
 -1.70859862e-02  3.84464450e-02 -5.87519556e-02 -9.92126986e-02
 -4.35005911e-02 -1.95878744e-02 -1.14432462e-01  9.56166629e-03
  7.94699788e-02 -6.25120550e-02 -4.24708650e-02 -1.16238415e-01
 -1.56294331e-02 -4.36540768e-02  5.96240088e-02  5.57348551e-03
  8.58445019e-02  3.39703187e-02 -7.94287398e-02 -8.64780396e-02
 -1.54888988e-01 -4.27988730e-02  3.80574726e-02  1.21766189e-02
  5.83251892e-03 -2.87216529e-02  1.91970289e-01  1.37757626e-03
 -1.73326526e-02 -2.56781764e-02  4.63864394e-02 -2.65474290e-01
 -3.83397564e-02  8.27834681e-02 -3.19821388e-02  8.00930634e-02
  1.33368960e-02  1.11278044e-02  2.25716401e-04 -6.71602190e-02
  8.39593932e-02 -8.99700820e-02  1.26597956e-01  1.78385362e-01
 -2.07090843e-03 -4.81492840e-03 -2.06300378e-01  1.97285060e-02
  1.32077858e-01 -3.15081924e-02  4.44838032e-02 -4.03884202e-02
  1.26576543e-01  1.85905844e-02  2.88769249e-02 -2.84582138e-01
  1.27913892e-01  5.98769486e-02 -2.08539516e-02  4.58335131e-02
  1.72524173e-02  8.04283544e-02  1.17555289e-02  7.19953934e-03
 -1.20143823e-01 -1.97044052e-02 -4.44458909e-02  1.02379091e-01
 -4.61867973e-02 -1.63315937e-01  2.84950975e-02  1.21782109e-01
 -1.09908201e-01  1.22689694e-01 -1.79169074e-01  7.30044693e-02
  1.27040982e-01 -1.58712581e-01  1.70474544e-01 -7.52438009e-02
 -1.01546593e-01  2.33520135e-01 -6.59854710e-02 -8.35037678e-02
  9.75667015e-02 -1.77091539e-01 -5.01722544e-02  4.16743793e-02
  2.68379953e-02 -2.30064243e-02 -3.56306508e-02 -4.32695309e-03
 -1.60165578e-01 -2.57106088e-02  1.16879478e-01  1.81436036e-02
  3.49153578e-02  1.66187864e-02  2.84452960e-02 -7.83763155e-02
  9.13249105e-02  2.20949546e-01 -1.08140446e-01 -5.26292697e-02
  4.15217355e-02  2.87677674e-03 -1.16431504e-01  1.63955927e-01
 -1.11846104e-01 -4.71392162e-02 -2.11132150e-02  1.34943128e-01
 -4.31542099e-02  3.05249244e-02  1.78923290e-02 -5.64694218e-02
 -1.33903455e-02  3.98996659e-02  1.18450075e-01  2.60990066e-03
 -5.64002991e-02 -5.53917699e-02  4.10806723e-02 -9.77196395e-02
 -1.01258613e-01  2.91378498e-02 -6.80236518e-02  1.39642760e-01
  9.13695991e-02 -5.08916099e-04  1.91477597e-01 -1.36274114e-01
 -1.83941782e-01 -7.83257261e-02 -2.25474071e-02  9.61747617e-02
  4.39821035e-02 -2.53636595e-02 -2.16175895e-02  2.18122527e-02
  5.38023934e-02 -2.19473075e-02 -3.44337784e-02 -7.05716908e-02
 -2.30581015e-02 -1.68701455e-01 -6.97991848e-02  9.05705020e-02
  6.55819997e-02 -9.63248983e-02  1.01337947e-01  2.05705151e-01
  4.75436449e-02 -3.07828542e-02  1.28236488e-01  2.06152409e-01
  1.98775902e-03 -1.62733436e-01 -1.41943316e-03  1.28517911e-01
  2.01166779e-01  1.46263763e-01 -6.34573922e-02  2.75962949e-01
 -2.24476546e-01 -1.26432464e-01 -2.49371678e-01 -7.63534009e-02
 -1.41673788e-01  1.88650452e-02  5.37698641e-02  7.23562241e-02
  1.75927907e-01 -5.81367351e-02  1.99259728e-01 -4.63838428e-02
  7.88913518e-02  3.82841527e-02  3.01172845e-02 -7.04341456e-02
  1.20928943e-01  8.21235254e-02  1.19179815e-01 -8.07696655e-02
  3.35072540e-02  7.02495873e-02 -2.47009173e-02 -1.51687756e-01
 -4.56307456e-02  8.89997929e-02  1.26513913e-01 -2.20257081e-02
  1.18943177e-01  2.12076351e-01  3.15372348e-02 -2.32239053e-01
  5.75318933e-02 -1.78816468e-01 -4.35438938e-02  8.19770247e-02
 -1.69992633e-02 -3.53903212e-02 -4.47045900e-02  2.14204922e-01
 -1.32751688e-01 -1.89270735e-01  7.08347335e-02 -3.94090861e-02
  1.21775553e-01  4.16941196e-02 -6.38257265e-02  1.21351890e-02
  2.11134274e-02  5.60624078e-02  1.44069448e-01  9.20984894e-02
  8.19398556e-03 -1.86244458e-01  1.17820859e-01  1.28808677e-01]