http://erau.edu/ontology/meme.owl#NYPDCopBuysHomelessManBootsMeme
[-3.35642584e-02 -2.05062151e-01 -1.34169206e-01  6.32720301e-03
 -1.07027618e-02  1.29819945e-01  5.30017018e-02 -5.50587066e-02
  1.42686918e-01  6.87758997e-02  1.92601427e-01 -2.56930262e-01
 -4.66735438e-02 -6.41159341e-02 -5.20733781e-02 -5.58164269e-02
 -8.05891380e-02 -1.83382034e-02 -1.89889804e-01  1.22714244e-01
 -4.53870557e-03  1.29111737e-01  1.53854623e-01 -1.58174127e-01
  9.96156111e-02 -3.58484015e-02  9.40204710e-02 -1.85550544e-02
  2.70012021e-01  1.40499234e-01 -2.84590870e-02  1.04500569e-01
  2.42931908e-03  3.60292103e-03 -5.88915423e-02  2.09624574e-01
  5.32908738e-02  1.00427598e-01 -9.45075005e-02 -6.26777187e-02
  1.33993691e-02  1.74412299e-02 -2.68958807e-01  6.57036901e-02
  1.08642496e-01  3.28602083e-02 -2.85715424e-02 -1.18043959e-01
 -6.06206581e-02  7.87926465e-03 -2.90631521e-02  2.44161370e-03
  8.94631371e-02 -1.60831019e-01 -2.12377161e-01 -3.44722718e-02
  9.92172025e-03 -1.05591677e-01  1.85750499e-01 -4.38946933e-02
  2.26078033e-02 -4.19444628e-02  6.00117557e-02  1.11716777e-01
 -2.45954785e-02 -1.21258534e-02 -3.33141871e-02  5.49129285e-02
 -1.53905496e-01 -1.83236510e-01 -2.10356265e-01 -2.65236236e-02
  1.28466696e-01  5.93331642e-02  2.66458895e-02 -1.06226541e-02
 -1.52420029e-01  1.15970513e-02  1.14340872e-01 -3.36684324e-02
 -9.34892222e-02 -5.22990897e-02 -1.43638745e-01 -2.45010927e-01
  2.14999229e-01 -7.05941394e-02 -2.12110783e-04 -1.51984826e-01
  1.75037384e-02 -6.22340105e-02 -5.06939404e-02 -5.22765750e-03
  8.42899904e-02 -2.76721437e-02  2.95986095e-03  8.04383084e-02
  9.71238762e-02 -1.75076574e-01 -9.79342461e-02 -4.33610640e-02
  1.05845686e-02 -2.71054618e-02  2.19097748e-01 -1.71250850e-01
  2.08431501e-02 -1.50047839e-02  1.07283808e-01 -5.77312857e-02
  2.46544182e-03 -1.05995007e-01 -1.03668422e-02  1.01394042e-01
  5.51886559e-02 -2.14732394e-01  1.04399562e-01 -4.61693108e-02
 -2.78719783e-01 -9.07420591e-02 -2.55554933e-02  6.96255490e-02
 -1.96844399e-01 -5.26983216e-02 -1.13616459e-01 -2.44624093e-02
  1.82001725e-01  7.56604075e-02  1.46144554e-02 -6.96329847e-02
 -2.40288116e-02 -3.45973819e-02 -1.33993953e-01 -1.54473424e-01
  1.16646610e-01 -4.25590463e-02 -1.72102004e-01  2.57700123e-02
 -8.87440667e-02  4.14090082e-02 -2.50724167e-01  1.30938306e-01
 -9.64232907e-02  2.41171911e-01  3.79984938e-02 -7.23854676e-02
 -1.18465731e-02 -2.45922461e-01 -4.50629555e-02  6.32292330e-02
  1.25698932e-02  1.11601464e-01  2.92111244e-02 -4.96818163e-02
  2.13599399e-01  8.31614882e-02  4.77472432e-02  7.28323385e-02
 -1.20251194e-01  1.51533663e-01 -1.92829892e-02 -2.39812657e-01
 -1.79288536e-02  2.83799227e-02  1.37985647e-01 -9.19170827e-02
 -1.39464483e-01 -5.99745475e-02 -8.13806616e-03  1.61646247e-01
 -3.50815356e-01 -3.66989383e-03  2.07239404e-01  7.73135945e-02
  3.99857052e-02  1.83683604e-01 -1.19698741e-01  5.88473529e-02
  6.53981119e-02 -5.99027164e-02 -3.63130458e-02 -3.73136960e-02
 -4.99019772e-02  1.02381490e-01 -8.34779888e-02 -8.27055424e-03
 -5.18461168e-02  3.62633839e-02  1.10704884e-01 -5.18838167e-02
  1.93961374e-02 -6.10880814e-02  1.57908037e-01  2.10461710e-02
 -2.95153171e-01 -1.33269310e-01 -1.29426733e-01  6.27143756e-02
 -3.28236558e-02  7.82469809e-02  5.79592027e-02 -7.02272058e-02
 -6.07916191e-02 -6.16236329e-02 -7.90073276e-02 -1.63465291e-01
 -8.23087096e-02 -1.03191294e-01 -1.40303731e-01 -1.64817050e-02
 -8.81637707e-02  9.14884433e-02  2.19030716e-02  1.28981665e-01
  8.58910382e-02 -1.04153216e-01 -1.49767017e-02  9.64064896e-02
 -2.02828333e-01  6.75633624e-02  2.94761628e-01 -5.85183576e-02
  9.83946957e-03  5.82425930e-02 -1.10135980e-01  1.00331672e-01
 -5.49708959e-03 -2.52298918e-02 -4.79003638e-02  6.47334605e-02
 -1.83795467e-01  1.39147699e-01  2.90744036e-04  1.42692730e-01
 -1.28309339e-01 -1.84183642e-01 -2.02413172e-01 -3.96330021e-02
 -3.84134613e-02 -2.63545185e-01  1.11787833e-01 -8.77286792e-02
 -1.60158202e-02 -3.40629220e-02 -6.44980446e-02 -1.34252489e-01
 -2.77789414e-01 -1.11313544e-01 -1.63493618e-01  1.50802627e-01
  5.85725680e-02 -1.19664846e-02  7.61333480e-02  6.78774863e-02
  8.10801908e-02  1.92394361e-01  2.99105167e-01  2.82481667e-02
 -1.76056221e-01 -4.74644788e-02 -6.26178384e-02  5.90639599e-02
 -1.46439418e-01 -9.21222791e-02 -1.49269551e-01 -1.63906470e-01
  1.00469440e-02 -1.98635876e-01 -1.87118053e-01  5.82207255e-02
  8.09090883e-02 -6.52117431e-02 -1.58622682e-01 -1.09673485e-01
 -1.12414293e-01  1.82409614e-01  6.86422139e-02 -4.66655903e-02
  1.61191635e-02 -6.27333224e-02 -1.19696461e-01 -4.49552899e-03
  8.74699056e-02  1.96087360e-02 -1.03578202e-01 -3.64675708e-02
 -2.06047878e-01  1.46255136e-01 -4.42033522e-02  5.64016476e-02
 -4.28721718e-02 -1.39674246e-01  1.18375085e-02 -1.72257319e-01
  4.70753685e-02  4.13589552e-02  4.63986620e-02 -4.94704321e-02
  6.84720427e-02  3.94144766e-02 -2.43734360e-01 -1.07769310e-01
 -3.24484706e-01  8.54533017e-02  1.68275256e-02  1.11464001e-01
 -4.70061190e-02 -1.00797012e-01  4.03683633e-02 -9.85771418e-02
 -2.81823333e-02  3.40737849e-02  3.09686363e-01 -1.13872208e-01
 -8.88020843e-02  1.10155858e-01  2.76088994e-02  1.01474859e-01
  2.47283038e-02  7.98770785e-02  2.61272211e-02 -5.03651612e-02
  2.16420963e-01 -1.53985977e-01  3.57515395e-01  1.15648091e-01
  4.63451445e-02  5.65287098e-02 -9.93880033e-02 -1.16615228e-01
  7.99657702e-02  2.15105668e-01  7.58183002e-02 -2.95986654e-03
 -3.98763865e-02 -1.21582359e-01  8.78056884e-02 -2.78424114e-01
  2.24966288e-01 -1.54272951e-02  1.10134948e-03 -1.45283088e-01
 -7.06101432e-02 -2.55610328e-03 -1.07973635e-01 -1.56553149e-01
 -1.61315113e-01 -5.35694882e-02  9.88895297e-02  1.19361259e-01
  5.38935773e-02 -1.29834667e-01 -3.05469930e-02  7.61847987e-05
 -6.29534125e-02  1.92093343e-01 -1.18049644e-01  1.80927724e-01
 -1.57538205e-02  5.84695376e-02  2.41725117e-01 -1.29097626e-01
 -4.34919037e-02  1.73499092e-01 -6.25323877e-02 -9.58054140e-02
 -4.15450744e-02  1.14834249e-01 -4.67865616e-02 -2.51642857e-02
 -5.22125475e-02  3.14770173e-03  1.15844920e-01 -1.52756840e-01
 -2.39378199e-01  1.88108012e-01  1.32935166e-01  1.39347492e-02
 -1.57025352e-01  9.78335068e-02 -1.85778454e-01 -1.07037127e-02
  1.00631766e-01  5.85961826e-02 -1.83275416e-01 -3.73312715e-03
  4.49179523e-02 -9.34681520e-02  8.28902144e-03  1.00959815e-01
 -9.54063386e-02 -2.48120219e-01 -8.07473883e-02 -6.91883266e-02
 -4.96642143e-02  2.52383471e-01 -2.72903264e-01 -1.03579506e-01
  1.64006352e-01  7.39066899e-02  3.01205754e-01 -8.53962600e-02
 -2.36850344e-02 -1.56570837e-01 -6.03099503e-02 -5.08018672e-01
 -5.82441427e-02  2.61430256e-02  7.46861771e-02  4.33421254e-01
  1.80456325e-01  1.68692376e-02  1.42658904e-01 -2.95062155e-01
 -1.20420963e-01 -7.91188143e-03 -1.18698671e-01  1.69757620e-01
 -1.43397123e-01 -1.59972355e-01 -5.93790151e-02  1.51039481e-01
  1.00393899e-01  5.80506325e-02 -2.29129910e-01 -1.52514223e-02
 -6.45449944e-03 -1.14591435e-01 -1.12727270e-01  2.71894425e-01
  1.80304751e-01 -2.70190649e-02 -7.02108741e-02  1.89634919e-01
 -1.73405465e-02 -1.58572361e-01  2.41305292e-01  2.76496828e-01
  1.59967523e-02 -9.49222222e-02  1.96108490e-01  2.50593070e-02
  1.97800532e-01 -6.86482936e-02 -9.41466466e-02  2.56323099e-01
 -1.93107009e-01 -1.37164548e-01 -1.70687988e-01 -2.02990010e-01
 -1.46457329e-01  3.97328660e-02  2.36231051e-02  2.01271787e-01
  7.74443075e-02 -4.49702926e-02  3.23987722e-01 -5.95768839e-02
  1.12305559e-01  2.25777119e-01  8.33541006e-02 -1.82629749e-01
  1.61930680e-01  7.80334324e-02  2.18805358e-01  8.18434916e-03
 -1.39687836e-01  1.95489209e-02 -2.49538328e-02 -2.97502857e-02
  1.35437381e-02  1.02395102e-01  1.98502794e-01  1.05916798e-01
  2.58328408e-01  1.71010494e-01  9.33066159e-02 -8.71116295e-02
  1.35683239e-01 -7.46308640e-02 -8.68415534e-02  1.41149476e-01
 -6.68300539e-02  8.75811502e-02 -8.25998262e-02  1.73993409e-01
  8.49495158e-02 -1.60192788e-01 -4.52594459e-02  1.20225279e-02
  1.07315309e-01  4.42133881e-02 -2.00493574e-01 -8.15841332e-02
  6.57706931e-02 -8.70951489e-02 -1.15334243e-01 -8.75603482e-02
 -1.29079431e-01 -1.09222569e-01 -3.81055325e-02  4.94716056e-02]