http://erau.edu/ontology/meme.owl#ItDoesntEffectMyBabyMeme
[-0.10116315 -0.10185027 -0.01164158  0.01173615  0.02835103  0.02373248
  0.096619   -0.00400896  0.05841148 -0.00609473  0.06303857 -0.07025383
  0.00765371 -0.06467538 -0.01452483  0.07731336  0.06257609  0.01684539
 -0.08806024  0.11051255 -0.05399448  0.0715474   0.1334722  -0.12131161
  0.03611107 -0.08024294  0.00741243  0.02048863  0.10161459 -0.03764196
  0.06151427  0.04570079 -0.02128707 -0.07324515 -0.10391364  0.09904081
 -0.04223528  0.09165596 -0.02806401 -0.01920604 -0.03729809  0.14926578
 -0.24417146 -0.09234102  0.03110317  0.05158491  0.00759397  0.00168046
  0.01643441  0.00457187  0.03595379  0.0009962  -0.11270682 -0.09728915
 -0.04961555  0.03174605  0.09882534 -0.10342911  0.06908793  0.03503712
  0.06811922 -0.07988195  0.08694904  0.08560545 -0.09537093 -0.08619975
  0.10155073 -0.03475043 -0.02314794 -0.09949647 -0.10893649  0.05399643
  0.1070325   0.15736541 -0.09058636  0.13915336 -0.03970958  0.09950425
  0.06795772  0.08555365 -0.0595012  -0.11765097 -0.03169706 -0.15744506
 -0.07360504 -0.1133773  -0.09844434  0.03529821 -0.00092288 -0.02871313
  0.02264289 -0.10784064  0.12635295  0.00717077 -0.00912199  0.06879963
  0.02837144 -0.04016946 -0.10304254 -0.05516427  0.02175218 -0.02720519
  0.19039297 -0.07776964  0.07759233 -0.00387809  0.15507406  0.0264471
  0.05771753  0.05919123 -0.04963352  0.0746699  -0.15027013 -0.07342968
  0.10680541  0.06110083 -0.16551207 -0.13532388  0.00372644  0.14002742
  0.0111816   0.0145739  -0.10582984  0.06718801  0.0533906  -0.12364794
  0.08814453  0.05218679  0.06428046  0.06929366 -0.15506722 -0.01322382
  0.03526264  0.0272582  -0.06913372  0.15620701 -0.04218965 -0.02520617
 -0.18341415  0.06128746 -0.20905283  0.06310949  0.08171508  0.13495436
  0.17194943 -0.11225896  0.09984765 -0.13923372 -0.02162388  0.11760551
 -0.00960613 -0.04426402 -0.01937285 -0.03940866 -0.05841555  0.07167938
 -0.15701944  0.06123552  0.00685707 -0.12334793  0.06201268 -0.09923872
 -0.09023117 -0.05737483 -0.14490326 -0.1547027  -0.02998809  0.10354186
 -0.21896085  0.14316905 -0.01082671  0.14463939  0.12232378  0.09125996
  0.0342107  -0.00826753 -0.08478727  0.00571898  0.07410472  0.03594592
 -0.07117163  0.16830672  0.01086603  0.02491527 -0.12350146  0.04878587
  0.09901644  0.06431493  0.08030756 -0.02050741 -0.01743324 -0.03942489
 -0.08848767 -0.06365288  0.01363291  0.07595406 -0.00395316  0.1744957
 -0.14045121 -0.10224078 -0.02582031  0.00333205  0.12643957 -0.01860558
 -0.0704992  -0.16676117 -0.03913015  0.08137084 -0.00420832  0.1892973
  0.18990123  0.02236935 -0.00810435 -0.05063777 -0.03412888  0.04412274
 -0.16341944  0.03513351  0.09523138  0.06567256  0.19798347  0.07379802
 -0.05735665  0.00071861 -0.07719771 -0.03041451 -0.1163823  -0.05669075
  0.02008756 -0.00830443  0.05031498  0.04741223 -0.07495286 -0.06007863
  0.06481311  0.08795816 -0.17201327 -0.07891183  0.03035954 -0.03124457
 -0.07523006 -0.04443134 -0.03424029 -0.05085744 -0.22770776 -0.06526928
 -0.19742654 -0.06875411 -0.11608788 -0.02197511 -0.04396491  0.03931193
  0.18142816  0.04476706  0.11173408 -0.04704335 -0.06008998  0.02042214
  0.1011207  -0.0660181   0.02483794 -0.17766058 -0.05980721 -0.14349683
 -0.02823137 -0.26367158 -0.03123395  0.08053212  0.15725896 -0.06306827
 -0.0549422   0.0012652  -0.0138199   0.03881     0.09248322 -0.02031334
  0.16457342 -0.06540125 -0.1716179   0.02274154  0.15848757  0.02784656
 -0.01413264 -0.17412275 -0.17006026 -0.06732029 -0.02988314 -0.07135016
 -0.06489516 -0.08702119 -0.03117757 -0.10209092 -0.01828376 -0.01002748
 -0.00147042 -0.00120869  0.10741408 -0.00614384 -0.03101355 -0.18262483
 -0.15632573  0.05661293  0.0283545   0.04304746 -0.04803487 -0.0455724
  0.09907711 -0.04877243 -0.09166662  0.06713775  0.11567025 -0.18267906
 -0.06689339 -0.04142484 -0.1312516   0.06744616 -0.07934231 -0.07054372
  0.05502939 -0.04491792  0.04602164 -0.15220316  0.12663752  0.11985214
  0.03919445 -0.03650715 -0.04051557 -0.02937348  0.06140094  0.00292082
 -0.00483819  0.10543193 -0.04507401 -0.13712119 -0.12488235 -0.18913908
  0.14225784  0.02313603  0.04397131  0.11095951  0.09400991 -0.00109604
  0.03945274 -0.02282917 -0.01047837 -0.01651275 -0.11999916  0.09605761
  0.02746128 -0.09491023 -0.07041162 -0.05474586 -0.1584438   0.12820268
 -0.15900429  0.08851092  0.0378138  -0.01813831  0.14809987 -0.0377248
 -0.04373416  0.03320077 -0.02146745 -0.00477102  0.04939262  0.03979939
 -0.05853346  0.11518518 -0.00167859  0.02919417  0.03053764  0.00036567
 -0.09144281  0.17780727 -0.01605223 -0.08871953 -0.08736856 -0.03419817
 -0.05525542 -0.04312818 -0.0037931   0.07287016 -0.08722096 -0.03870163
  0.08473381 -0.08296233 -0.17642477  0.14785728 -0.20027867 -0.1405501
  0.07584266  0.03954078 -0.03149463  0.19037467 -0.12519108 -0.10896598
  0.02920571 -0.00514425  0.180184   -0.06703157 -0.03264111 -0.13231555
  0.06318702 -0.18652123 -0.05667493 -0.02952392 -0.05472928  0.2802129
  0.062742    0.11431355  0.07073984 -0.0627941  -0.1437785   0.02753338
 -0.07086953 -0.06139287 -0.05316156 -0.04005969 -0.05141718  0.07245055
  0.06195159  0.03113692 -0.18919237  0.05690087 -0.08477653 -0.11795232
 -0.06511618  0.05474502  0.11384717 -0.07078353  0.04217607  0.24202855
  0.04162306 -0.16002281  0.16576727  0.09529852  0.08808034 -0.11073499
  0.03885408  0.03744714  0.00301699  0.1223797  -0.12806651  0.1824616
 -0.2079432   0.00726862 -0.06328193 -0.02559386  0.01175666  0.01369898
  0.08186112  0.18111186  0.035735   -0.0856792   0.2111593   0.03767929
  0.11065803  0.02728854  0.06328391  0.00131913  0.17548178  0.13761525
  0.12476484 -0.18119887 -0.05846893  0.1610053   0.02587093 -0.14035578
 -0.06039659  0.03743723  0.2126377   0.01624304  0.31593782  0.16503891
  0.02383003 -0.05556245  0.20812558 -0.0843409   0.06469465  0.10738349
  0.04929445  0.00817632 -0.17574091  0.2547503  -0.18054682 -0.1474275
  0.0021506  -0.02788608 -0.00748938  0.06479953 -0.08635223 -0.0592319
 -0.05029848  0.07270937  0.04166104 -0.03583696 -0.04485972 -0.04069714
  0.0463335   0.07682414]