http://erau.edu/ontology/meme.owl#PinkShirtGuyMeme
[-0.15622297 -0.2235552   0.18308227 -0.05753218  0.06979147 -0.09331889
  0.19222872 -0.0090416   0.07276572 -0.15582222  0.11074042 -0.11998934
 -0.10338617 -0.14307806 -0.07381524  0.05084695  0.13311364  0.12016924
  0.0729684   0.17460342 -0.17234185  0.12553546  0.28943366 -0.180242
  0.11738306 -0.08290868  0.02552125 -0.06406888  0.43029988  0.06357542
  0.05001931  0.00243626  0.07493388 -0.17179108 -0.1540104   0.20233479
 -0.08785163  0.12838419  0.06334653 -0.18000978 -0.08334129  0.19951698
 -0.25963888 -0.07065001  0.03604497  0.03224528  0.04519143  0.09542801
  0.07127425  0.12370604 -0.04355591 -0.11121821 -0.20936613 -0.0627973
  0.02025035 -0.07912338  0.13574955 -0.03446877  0.15041293  0.0983146
 -0.03772723 -0.17210399  0.15429145  0.25997525 -0.14796284 -0.0940348
 -0.00122556 -0.05955079 -0.07350723 -0.04526412 -0.11863115  0.06329165
 -0.01626676 -0.00063351 -0.05578336  0.0722767  -0.1065616   0.193066
  0.0396302   0.06545992 -0.10280294 -0.01181286  0.03520108 -0.09896397
  0.03016881 -0.09288953  0.03895365  0.01071454  0.12149191  0.07050718
 -0.14843294 -0.21617119  0.00302429 -0.08903657 -0.03828835  0.02447751
  0.0656427  -0.05368254  0.06906648 -0.07122755  0.03472961 -0.05940129
  0.10923265 -0.02707328 -0.00442242 -0.07416718  0.17862627 -0.06740249
  0.14600803  0.0108512  -0.16667812  0.07533741 -0.219109   -0.01952505
  0.02715225  0.02884904 -0.25226054 -0.1918159  -0.06295481  0.04414029
 -0.04574005 -0.18831697 -0.194469    0.08979595 -0.05270024 -0.1662749
 -0.07347318  0.11307923  0.11496327  0.02413701 -0.03619271  0.09663264
 -0.09003707 -0.00982033 -0.06883063  0.2131078  -0.08279816  0.01540599
 -0.2030534  -0.09734289 -0.17723697  0.09037355  0.00259622  0.08821233
  0.09476046 -0.19442134  0.16986303 -0.04349418  0.09362521  0.25866124
 -0.04270681 -0.20428461 -0.09955733 -0.05561895  0.03968551 -0.01181413
 -0.14159743  0.09288505 -0.00449688 -0.13167912  0.01383579 -0.16953816
 -0.04554137  0.05487773 -0.10578069 -0.17213792 -0.13795248  0.11238325
 -0.14398545  0.07406548 -0.04811137  0.1462758   0.11037286  0.09114181
  0.0545846  -0.01195467 -0.10983776  0.01872974  0.04308017 -0.07541397
 -0.07380493  0.06210655  0.15726483  0.10622172 -0.23439509 -0.06926525
  0.06921466  0.0490022   0.15737788 -0.04877488 -0.13405645 -0.1293787
 -0.17908879  0.0264694  -0.05196105 -0.03860073  0.14245665 -0.00444713
 -0.16403426 -0.04498189  0.0343762  -0.11728302  0.07234001  0.00686807
 -0.11349921 -0.27253082  0.036538    0.0502128   0.14734276  0.24725047
  0.245322    0.04771116  0.07556516 -0.10281354  0.02521446  0.07917247
 -0.01976015 -0.01401503  0.26022995  0.23369506  0.28732252  0.1155934
 -0.09937987  0.09428234 -0.19719014 -0.1184423  -0.07876544 -0.05547348
 -0.15402383 -0.01444357  0.04235369 -0.07652767 -0.12735242 -0.08811595
  0.02820771 -0.0380412  -0.20350859 -0.09383966 -0.04499563 -0.00716897
 -0.01833588  0.00223599  0.09062946 -0.05205938 -0.32786423  0.01545248
 -0.22228003  0.07970262 -0.23053089 -0.01649581 -0.02224152 -0.04726917
  0.0449143   0.1066647   0.24204452  0.03145607 -0.16271673 -0.03083509
  0.03825395 -0.12851146 -0.03815939 -0.10947964 -0.14183462 -0.01139431
 -0.17767303 -0.01641423 -0.02772782  0.08687482  0.030556   -0.1092157
 -0.0558678  -0.08435085 -0.19367422  0.09406357  0.07036325 -0.10971864
  0.14231172 -0.04563556 -0.16096471  0.01982071  0.04472955  0.10661933
 -0.07819926 -0.15015103 -0.12154584  0.01270863 -0.15022564  0.02188267
 -0.15300524 -0.19513623 -0.01390223 -0.07679246  0.06239127 -0.07512841
  0.02590853  0.06583327  0.06772669 -0.04337664 -0.08869904 -0.17504986
 -0.07658814  0.0612897   0.04505165  0.04022336 -0.04931219 -0.12900984
  0.15173748 -0.05020256 -0.1471853   0.02481727  0.24213693 -0.2844175
  0.00448271 -0.08366336 -0.10001898 -0.03345458 -0.03759911  0.09090623
  0.15467136 -0.04509977  0.07189039 -0.25479493  0.11044683  0.17578705
  0.06154105  0.02458545 -0.10790752 -0.0331195   0.15395768  0.06256666
  0.1028538   0.05617743 -0.01459128 -0.01142488  0.05145681 -0.091864
 -0.02723144  0.07584193  0.16488191  0.17421012  0.08299833 -0.02172256
 -0.04697955  0.05723558 -0.04781623  0.15870169 -0.19729443  0.06145209
  0.13014258 -0.10824296  0.05899382 -0.19425313 -0.14619695  0.14321361
 -0.11039761 -0.05033217  0.03870476 -0.04433737  0.08398625  0.02366965
  0.09105326  0.02978265 -0.05592928 -0.04162883  0.01767375  0.07800653
 -0.03776589 -0.11700845 -0.03284098  0.0300994  -0.04293759 -0.12399293
 -0.13588943  0.07731478 -0.03994513  0.04294453 -0.1254581  -0.04688504
 -0.10940745 -0.00462451 -0.00998615  0.18606569 -0.08131569 -0.10695192
  0.13604628 -0.2768023  -0.20321822  0.11526521 -0.07703041 -0.04764269
 -0.00584664  0.05898906 -0.07576928  0.29548836 -0.14072013 -0.21262825
  0.14430588  0.02570263  0.24695235 -0.16363952  0.04622708  0.01230536
  0.09011415 -0.16804889 -0.05581586 -0.07506385  0.10419914  0.06452619
  0.14672878 -0.06487428  0.16540717  0.02912171 -0.13282469 -0.08074936
 -0.05739298  0.13554522 -0.19280174 -0.00996187 -0.00527585 -0.09914719
  0.18014728 -0.03057244 -0.19918837  0.0461743   0.10824981 -0.13797113
 -0.18747075 -0.12317663  0.08184625 -0.1143169   0.14489698  0.24162343
  0.03410886 -0.00773166  0.1254587   0.26450476  0.11341306 -0.00747217
  0.06209319  0.05846446 -0.10375146  0.10804735 -0.16936928  0.33298373
 -0.44170064 -0.07261309 -0.09967919 -0.20444092  0.00948862  0.06660698
 -0.02729112  0.22388633  0.22777054 -0.12486468  0.30376533  0.0508593
  0.07241768 -0.05725818  0.11978959 -0.1337247   0.12046117  0.05266737
  0.12990159 -0.127924   -0.11227834  0.17187446  0.02192622 -0.11189464
 -0.01012452  0.04680027  0.09165068 -0.06556194  0.16533974  0.2029297
 -0.06558472 -0.02334727  0.28649145 -0.10147125 -0.05902589  0.17310904
  0.08271416  0.00528892 -0.15086849  0.16772474 -0.23483835 -0.15135315
 -0.04356126 -0.00307665  0.08021754  0.08736958 -0.04285698 -0.05760863
  0.04848735 -0.0319383   0.04606707  0.06852449 -0.0677435  -0.09174008
  0.12012886  0.18626791]