http://erau.edu/ontology/meme.owl#StPaulRaccoonMeme
[-0.21736233 -0.13190462  0.09927714  0.07472026 -0.01847631  0.03173832
  0.08617591  0.03761258  0.15875274 -0.1271244   0.07799459  0.0500341
  0.08213569  0.01761642 -0.01625851 -0.04968022  0.14013426  0.03488033
  0.08831123  0.16730213 -0.06265663  0.11493908  0.13453843 -0.12199092
  0.23445344 -0.06891694  0.03785329 -0.06950868  0.33519468  0.2540525
  0.05924712  0.12500226  0.04101702 -0.08221086 -0.03652029  0.21605267
 -0.14070317  0.07168117 -0.01960411 -0.15411212 -0.03441285  0.20542203
 -0.11007182  0.0658969   0.13672191  0.05003739 -0.01702411 -0.04764022
 -0.01845678  0.03768759 -0.00285111 -0.03599261 -0.16995272 -0.07672115
 -0.03823205  0.00469566  0.10396283 -0.06190263  0.18950813  0.03235016
  0.00958365 -0.00996528  0.14989576  0.14898635 -0.08586832 -0.0124611
  0.0878858  -0.0152651  -0.08479447 -0.10019405 -0.17874566  0.08819808
  0.04133527 -0.00903903  0.0080573   0.05098384 -0.0423885   0.16649403
  0.07586478  0.05398726 -0.08534025  0.0009574  -0.04337343 -0.20298815
  0.05614031 -0.02492232 -0.0568106   0.18361978  0.13196295 -0.01652092
 -0.04120354 -0.20402682  0.0840468  -0.18875703 -0.06545085  0.13267301
 -0.03315143 -0.11596359 -0.12597379  0.00328979  0.05093773  0.01007623
  0.3709369  -0.17216717 -0.10524676 -0.03455255  0.16235866  0.02423002
 -0.01037393 -0.19728516  0.04647202 -0.01285548 -0.11772538 -0.12587123
  0.04690878  0.20073152 -0.27416867 -0.08037863  0.0183593   0.01673091
 -0.03317756 -0.13008952 -0.03816415  0.1025167   0.14552596 -0.04350228
 -0.01913961 -0.00674852  0.01381676  0.04462873 -0.16719967 -0.02022035
 -0.06969637 -0.09496749 -0.10631232  0.11762465 -0.09547222 -0.02596141
 -0.1109608   0.07196845 -0.23481308  0.06917934  0.18021442  0.01326102
  0.0876898  -0.26189587  0.01755923 -0.07221981 -0.07273307  0.10886463
 -0.05641205 -0.1676634   0.04225394  0.12569076 -0.00534387  0.03194096
 -0.0750333   0.19775206  0.12011972 -0.06371581 -0.03146343 -0.1234773
  0.08027714  0.0219366  -0.19229122 -0.1718674   0.00297822  0.06113422
 -0.29206425  0.09525919  0.03401118  0.18166612  0.15059362  0.06383137
 -0.11388072  0.07960942 -0.0184752  -0.11395919  0.02403262 -0.09374606
 -0.02739948  0.08689306 -0.01554642  0.06286042 -0.06736124 -0.0704773
  0.10370152  0.06947952  0.16358232 -0.11443085  0.02506108 -0.13221698
 -0.1169052  -0.0499313   0.04283581 -0.11497313 -0.00806853  0.08798409
  0.00548968  0.01133376  0.03304024 -0.02135206 -0.05720842  0.04670921
  0.02023671 -0.24370764 -0.02862901 -0.05168803  0.0980052   0.12827821
  0.18444881  0.063021    0.10528372 -0.04898619  0.05335771  0.07181398
 -0.08965272 -0.10284791  0.11385259  0.10681098  0.04455398  0.12661055
 -0.11903978 -0.01754283 -0.06428242  0.06966272 -0.10068621 -0.03721983
 -0.14961225 -0.06002089 -0.03661073  0.05453496 -0.0540145  -0.19122261
 -0.03723536 -0.07459272 -0.09523185 -0.05564164 -0.01081001 -0.02069542
  0.03027174 -0.01537947  0.04931276 -0.0296722  -0.19331297 -0.00541366
 -0.0567862   0.00278843 -0.08630467 -0.03034547  0.06609386 -0.10106396
  0.1352869   0.05445977  0.14301832 -0.0593348  -0.16033114 -0.03947243
  0.05735791  0.02480815 -0.14509134 -0.01792696 -0.06246719 -0.13921995
 -0.00541008 -0.09055437  0.01265996  0.03234009  0.02783686 -0.07334654
  0.02562493 -0.03067399 -0.18829669 -0.00946554  0.02388949 -0.0592619
 -0.06463652 -0.01951233 -0.01189497  0.02433458  0.00793818  0.08972921
 -0.08471226 -0.05239826 -0.11073761 -0.06139395 -0.14875305  0.02758984
  0.04535279 -0.11727002  0.01231039 -0.11133474 -0.02414385  0.05384766
  0.02515353 -0.06395514  0.04338792  0.01075213 -0.13400736 -0.00211751
 -0.03857717  0.07507446  0.04347029  0.04026999  0.0278353  -0.06936593
  0.1744832   0.02054712 -0.07838827 -0.00176334  0.16354354 -0.24681468
 -0.0412217   0.04718304 -0.03387479 -0.0070827   0.0128796   0.1444931
 -0.06385137 -0.01167849  0.08870599 -0.13223335  0.19535197  0.18452205
  0.02872812 -0.07714611 -0.15015702  0.0280684   0.07814176 -0.05160186
 -0.03144074 -0.10962036  0.03730008 -0.06686404  0.01419261 -0.20482436
  0.09897374  0.07715245  0.01233295  0.11153357  0.02330049  0.18811898
 -0.10964163 -0.03588134 -0.27002415  0.05713841 -0.08580158  0.15715174
 -0.07340236 -0.08335239  0.02378106  0.08003617 -0.09026428  0.16125658
 -0.13321865  0.11686586  0.13496135  0.03633076  0.13117559 -0.11565381
 -0.06151609  0.20750079  0.02060774  0.01113907  0.09727241  0.03124781
 -0.05227152 -0.00132012  0.00893884  0.00598867 -0.05102499 -0.08485081
 -0.26918358  0.05617039  0.11554977 -0.02194977 -0.06112138  0.05610389
 -0.00724909  0.01806181  0.13605733  0.14087768 -0.0297885  -0.05301573
  0.0988665  -0.24508363 -0.15235092  0.18956736 -0.05676191 -0.15283865
  0.00342463  0.07929709 -0.07629404  0.23217435 -0.06183339 -0.24947284
  0.09202843  0.03380281  0.39240298 -0.17831193 -0.1555444  -0.14935006
  0.04696147 -0.30986902 -0.26862344 -0.01541212 -0.01866584  0.5009786
  0.17619032 -0.00672131  0.13517106 -0.10339821 -0.20147443 -0.0245056
 -0.12479852  0.1742005  -0.19127272 -0.00135809 -0.02429099  0.08014075
  0.21541965 -0.02236929 -0.15606356 -0.02599443  0.10955097 -0.14335978
 -0.09345876  0.08073364  0.15607607 -0.00350962  0.0346926   0.23494469
  0.09192545 -0.07830358  0.17825215  0.24273561  0.10667181 -0.07879405
  0.01551891  0.12237441  0.11138958  0.09502009 -0.1758414   0.30115837
 -0.32478002 -0.16346522 -0.23812485 -0.14900443 -0.20148917  0.08165649
  0.11488696  0.18400714  0.17534901 -0.04365714  0.22692977 -0.02231912
  0.08691821  0.00833355 -0.00419428 -0.0641457   0.2798864  -0.0127515
  0.11085007 -0.07857177  0.01005112  0.10217208  0.02546732 -0.2153298
  0.00811062  0.04283715  0.18037355  0.0024989   0.08737943  0.17468435
  0.025497   -0.1726093   0.13837895 -0.15803973 -0.15191637  0.17414089
 -0.12323008 -0.03834702 -0.03894075  0.3419111  -0.20746587 -0.16208233
 -0.04569917  0.06110786  0.0600321  -0.01244029 -0.10486281 -0.07441878
  0.05395848  0.04671744  0.06705835  0.11039547 -0.03837081 -0.20295529
  0.11943868  0.06938531]