http://erau.edu/ontology/meme.owl#Katyt3hPeNgU1NoFd00mMeme
[-8.40341672e-02 -2.50761181e-01  2.81091444e-02  2.14257110e-02
 -1.45619854e-01  4.38526049e-02  1.94952309e-01  1.61506727e-01
  1.56451881e-01  1.07219657e-02  1.79166049e-01 -1.31084189e-01
 -4.13751379e-02 -1.68031175e-02  1.04497960e-02 -1.88160781e-02
  3.89989577e-02  1.29924342e-01  1.35917487e-02  5.06715663e-02
 -3.16923469e-01  7.21749142e-02  2.03953028e-01 -1.95615292e-01
  1.42499387e-01  4.36480856e-03  1.95418335e-02 -5.41346669e-02
  1.60205692e-01  1.29247621e-01  5.72711676e-02  8.29485580e-02
  3.75789739e-02 -1.90880775e-01 -2.54577752e-02  1.27652287e-01
  1.27835376e-02  1.51948899e-01 -2.46662386e-02 -1.35216981e-01
  6.47626519e-02  3.39266509e-01 -1.83837935e-01 -1.35697171e-01
  6.09601028e-02  1.32115051e-01 -1.22206613e-01 -7.17734694e-02
 -5.69135994e-02  1.08547583e-01  1.00810744e-01 -1.15765691e-01
 -8.55793133e-02 -1.71847090e-01 -1.60975724e-01 -9.97049436e-02
  5.01073487e-02 -1.27533823e-03  2.39840254e-01  1.23838350e-01
 -4.70055230e-02 -1.36443436e-01  5.88317327e-02  1.45679995e-01
 -1.75819710e-01 -5.49880862e-02 -8.83424431e-02 -3.05108670e-02
 -2.00378805e-01 -1.43539652e-01 -2.28259847e-01  1.07044503e-01
  2.12966859e-01  1.60287574e-01 -2.87983529e-02  2.62177318e-01
 -2.60705322e-01  6.61008805e-02  1.82735801e-01  6.94295466e-02
 -7.76666254e-02 -6.39565215e-02 -1.27896443e-01 -2.23636702e-01
 -5.94951250e-02 -2.10303888e-01 -1.93620071e-01 -9.42155719e-02
  3.73698361e-02  1.10106599e-02  4.84858416e-02 -3.40700328e-01
  2.26572722e-01 -4.61565331e-02 -7.74073228e-02  8.49317238e-02
 -3.25095318e-02  1.73596311e-02 -2.31320150e-02 -6.76903427e-02
  1.38913155e-01 -4.48404066e-03  3.21541965e-01 -1.48375094e-01
 -7.94718489e-02 -7.08660483e-02  9.82795209e-02 -1.69907100e-02
  1.38675878e-02 -1.41969725e-01  1.20760165e-01  3.84277254e-02
 -1.00208744e-01 -2.15197310e-01 -1.50494361e-02  9.93628651e-02
 -3.35589558e-01 -2.57980406e-01  7.08639696e-02  5.92050627e-02
 -1.15372740e-01  6.24183677e-02 -3.38263325e-02  1.34230927e-01
  1.01088278e-01 -1.57225206e-01 -3.22923474e-02 -9.28781519e-04
 -7.45643675e-02  6.19488209e-02 -2.32148767e-01  3.56440060e-02
  1.49360821e-01 -4.70580310e-02 -2.59295385e-02  1.57761067e-01
  9.32882633e-03 -1.65203571e-01 -2.41018444e-01  9.31229666e-02
 -3.35545242e-01 -9.93595719e-02 -5.28257601e-02  1.02251083e-01
  2.60770500e-01 -3.39639068e-01  1.05545623e-02 -2.83314824e-01
  2.92506125e-02  1.56738445e-01  5.21784015e-02 -4.19016704e-02
 -6.13072328e-03  1.11717671e-01 -1.23751432e-01  1.23657957e-01
 -1.84457690e-01  2.60586262e-01 -3.19135785e-02 -1.03680961e-01
  1.23025261e-01 -1.47934869e-01  3.49567011e-02 -3.05186082e-02
 -1.35909706e-01 -3.01103860e-01 -1.48839818e-03 -5.27280197e-02
 -2.97391653e-01  1.45776629e-01 -3.74461059e-03  1.24478154e-01
  2.63561726e-01  2.29809582e-01  7.94394594e-03 -7.05436915e-02
 -1.33111909e-01 -5.46220057e-02  1.40382379e-01 -2.85470728e-02
 -6.94633424e-02  2.04687744e-01  3.12313680e-02  2.11401619e-02
 -1.34196192e-01 -6.23258054e-02  1.14677340e-01  1.48944911e-02
  3.60216379e-01 -1.21260703e-01  4.48845029e-02  5.87351471e-02
 -3.13307941e-01 -3.31135727e-02 -6.79948851e-02  6.07587844e-02
 -1.64642558e-02  1.61000401e-01 -6.82037398e-02  5.42292073e-02
 -8.50871727e-02  1.76666959e-04 -3.79108228e-02 -9.04900134e-02
 -2.80818157e-02 -1.34081960e-01 -7.93165863e-02  3.70617993e-02
  1.28052875e-01  1.44495264e-01  3.03651720e-01  6.56745285e-02
 -2.05027640e-01 -1.34714216e-01  1.90263003e-01 -1.70596968e-02
 -1.53660059e-01 -6.96917325e-02  6.86497465e-02  1.95707113e-01
  1.88003749e-01  1.60560772e-01 -1.76264554e-01  1.07009619e-01
  5.65570686e-03 -2.31979229e-02 -2.09617242e-01  3.66502814e-02
 -2.13851151e-03 -1.89329311e-01  2.03565940e-01  4.76124603e-03
 -6.85952902e-02 -5.19840010e-02 -5.92738204e-02  1.05006527e-02
 -1.10015124e-01  2.07835902e-02  1.49151564e-01 -4.04064320e-02
 -5.05103692e-02  3.52660790e-02 -2.66614202e-02 -1.34245842e-03
 -2.03203067e-01 -1.09877639e-01 -1.54909700e-01 -2.58515514e-02
 -1.28204897e-01  6.18418073e-03  9.84600112e-02 -6.86200559e-02
  1.34033859e-01  6.92043677e-02  1.46009639e-01 -3.68488394e-02
 -1.58924982e-01 -2.03337800e-02  3.96496728e-02 -6.71010092e-02
 -1.40640259e-01 -3.48309986e-02  3.48839089e-02 -4.00491692e-02
 -1.18836209e-01 -2.35783711e-01 -9.34735015e-02  9.71165765e-03
  1.51514620e-01 -7.29320273e-02  5.42929098e-02 -8.22837874e-02
 -8.12124684e-02  1.69994086e-01  1.23696201e-01 -5.82391918e-02
  9.69775096e-02 -6.71466812e-02 -5.66739514e-02  1.00717843e-01
  3.03992741e-02  1.18477851e-01  2.72409823e-02 -4.87727821e-02
 -2.11800814e-01  7.98739195e-02 -3.09327431e-02 -1.88659094e-02
 -3.84167470e-02 -8.92980397e-02  1.90227479e-01 -2.79407185e-02
 -2.43372172e-02 -1.11564763e-01 -1.07961493e-02 -9.66991670e-03
  1.98435619e-01  1.28012225e-01 -8.42088759e-02 -1.30342469e-01
 -2.87965655e-01  3.21151018e-02  9.99936368e-03 -2.54187398e-02
  1.29554570e-01 -5.06115519e-02  1.70889825e-01  8.04045424e-02
  8.79481658e-02  2.98978388e-02  1.83149233e-01 -2.10360393e-01
  8.21829680e-03  1.21884421e-01  5.89497425e-02  1.35870859e-01
 -8.21262673e-02 -3.71827036e-02  1.27956465e-01 -1.39588505e-01
 -1.70931108e-02 -7.27716982e-02  1.77183360e-01  8.75391439e-02
  3.92752364e-02  4.40597115e-03 -3.15400623e-02 -4.25024852e-02
  5.84067851e-02 -1.89445168e-02 -8.02029446e-02  8.31008144e-03
 -7.54702836e-02 -4.82221097e-02 -1.04564667e-01 -2.09549874e-01
  9.13198814e-02  1.85648799e-01 -1.64746851e-01  5.59392534e-02
 -3.00804693e-02  2.47308388e-01 -1.62358627e-01  4.01287563e-02
 -6.98530069e-03  7.84100220e-02 -7.61698605e-03  7.17133805e-02
 -8.46410766e-02 -1.69368908e-01 -1.13570899e-01  1.32562509e-02
 -2.85656005e-02  1.49361938e-01 -9.27570909e-02  6.41834140e-02
 -6.01567328e-02 -2.19865933e-01  2.22269863e-01 -3.50198746e-02
 -1.07252747e-01 -7.40678087e-02 -2.14656387e-02 -4.29849029e-02
 -7.03886077e-02 -4.30508293e-02 -1.83827057e-01  4.94930185e-02
 -9.64931324e-02  2.68372968e-02 -5.55399945e-03  6.18609078e-02
 -2.50092268e-01  4.25523967e-02  1.33613855e-01 -1.60886765e-01
 -1.88131988e-01  4.17545810e-02 -4.63615991e-02 -2.25115027e-02
  9.32720024e-03  1.38112754e-01 -7.21829310e-02 -9.79410037e-02
  1.38392925e-01 -1.36822194e-01  2.30219290e-02  2.01131210e-01
 -8.86464715e-02 -4.51460630e-02 -1.31058663e-01  9.22617465e-02
 -5.18317446e-02  2.57371753e-01 -1.09840617e-01 -2.33034745e-01
  3.29236351e-02  9.63190123e-02  1.01616211e-01 -1.21661089e-01
 -5.52319959e-02 -2.69495100e-01  1.49334529e-02 -2.57359922e-01
 -6.49507493e-02 -3.29155065e-02 -9.73314196e-02  2.68512726e-01
  1.34953365e-01  1.64705627e-02  3.22858840e-02 -1.41423568e-01
 -1.53233081e-01  4.13773907e-03 -1.34911671e-01 -9.87844169e-02
 -3.95985804e-02 -8.42718259e-02  1.62925534e-02  2.47708615e-02
  1.05026826e-01 -5.20449830e-03 -4.15481068e-02  1.30472273e-01
 -7.42281526e-02 -1.06045000e-01  9.58923995e-02  3.36536393e-02
 -4.92957644e-02 -4.05750386e-02  2.78436858e-02  1.47057608e-01
  9.45481881e-02 -1.13765918e-01  1.24453217e-01  5.15260510e-02
  1.57098666e-01  5.20115234e-02  1.30574077e-01  1.90201387e-01
  6.86629340e-02 -1.86677498e-03 -9.22879949e-02  3.47237796e-01
 -1.71455026e-01 -3.08617596e-02 -2.25625843e-01 -1.38885498e-01
 -8.11779127e-02  3.40094902e-02  3.97810750e-02  5.07232957e-02
  2.61767339e-02 -5.92988310e-03  2.38032416e-01  8.40274394e-02
  1.70851797e-01 -7.06611648e-02  9.59942490e-02  6.73579797e-02
  9.21587050e-02  5.59274778e-02  1.67152166e-01 -1.73839808e-01
 -1.60406664e-01  1.74694106e-01 -1.32101461e-01 -8.10362473e-02
  3.08801364e-02  1.87263772e-01  3.70468289e-01 -6.61583617e-03
  3.65569741e-01  2.11288124e-01  5.34989499e-03 -1.08749397e-01
  1.06818266e-01 -2.11186334e-01 -2.04340070e-02  1.16263196e-01
 -2.18717032e-03  3.18955556e-02 -1.38500035e-01  2.13709041e-01
 -1.72443196e-01 -2.75116086e-01  6.80483505e-02 -1.41639942e-02
  1.19998977e-02  2.11904198e-01 -3.27134728e-02 -2.07794197e-02
  2.39462689e-01  6.94358870e-02  7.41957501e-02  5.05573824e-02
  2.04930659e-02  1.16836103e-02 -2.01737676e-02 -7.46429712e-02]