http://erau.edu/ontology/meme.owl#PicturesForSadChildrenMeme
[-8.88712555e-02 -8.64206254e-02  1.32171229e-01  6.45832345e-02
 -7.57095516e-02  1.30767718e-01  2.11083457e-01  6.20592795e-02
 -7.29234517e-02 -1.94342658e-02  1.55432060e-01  5.01200147e-02
 -9.44789052e-02  6.72264993e-02 -6.44971505e-02  1.39005501e-02
  9.00559723e-02  1.46477312e-01  1.43636793e-01  4.32329848e-02
 -1.57036722e-01 -1.42397478e-01  1.50637284e-01 -5.79039492e-02
  1.19813524e-01 -8.86756480e-02 -8.37943777e-02 -2.31420565e-02
  3.16523492e-01  2.69169688e-01  9.64574292e-02  1.72097310e-01
  1.48909375e-01 -5.85168861e-02  2.13888027e-02  1.53609380e-01
 -4.97718975e-02  7.50973299e-02 -1.23291835e-02 -8.16403255e-02
  5.99524118e-02  1.85668901e-01 -1.55459613e-01  5.67115620e-02
  5.07226847e-02 -2.38997098e-02 -7.59835690e-02 -2.43989844e-02
 -1.58843398e-02 -5.26366429e-03  6.18063193e-03 -5.01664868e-03
  5.55521622e-02 -1.86133534e-01 -2.27049947e-01  1.10783979e-01
  1.57029971e-01 -1.62702218e-01  1.42234549e-01  1.93462878e-01
 -2.14410131e-03 -5.60219586e-02  1.72996446e-01  1.80876199e-02
 -3.07035655e-01 -6.79906234e-02  3.62998620e-02  1.25057817e-01
 -1.35211736e-01 -1.33886456e-01 -1.30958244e-01  4.29606028e-02
  1.50271773e-01  4.00297567e-02  1.57322720e-01 -2.88551953e-02
 -1.20113738e-01  3.73200290e-02  2.04476550e-01  1.32203758e-01
 -1.05971716e-01 -3.93918976e-02 -4.74029174e-03 -2.20330939e-01
  1.74083054e-01 -8.21130127e-02 -1.44129768e-01  1.12099841e-01
  1.14424393e-01  9.22151804e-02 -6.62516281e-02 -1.97720662e-01
  1.65270977e-02 -1.12913422e-01 -1.76707551e-01  1.11810498e-01
 -2.45485380e-02 -2.28280928e-02 -1.11471325e-01 -9.13935825e-02
  8.13893899e-02  2.23158356e-02  4.16714638e-01 -1.92136750e-01
  3.66155282e-02  8.92700478e-02  9.29178745e-02 -2.93291956e-02
 -3.02171763e-02 -1.16680108e-01  3.77088226e-02  3.54055921e-03
 -9.48268995e-02 -1.48155510e-01  1.22607693e-01  7.22804293e-02
 -2.88347244e-01 -1.48061022e-01  1.14745729e-01  7.77131841e-02
 -1.29764125e-01 -4.54788394e-02 -4.83126678e-02  1.75673664e-01
  2.34787405e-01 -7.06082489e-03 -4.91268821e-02  1.38756540e-02
  7.15415999e-02  4.60481904e-02 -3.88989151e-01 -1.07894078e-01
 -6.56150952e-02 -1.26480851e-02 -1.60780773e-01  1.88266411e-01
 -3.43101472e-02 -9.15486887e-02 -1.68321043e-01  2.22076047e-02
 -3.07765514e-01  9.48325396e-02  1.53276101e-01 -2.78759338e-02
  2.93997109e-01 -1.99784011e-01  1.59243925e-03 -1.25257954e-01
  1.47287101e-02  2.26452753e-01  2.31874809e-02 -1.81402043e-01
 -3.76130193e-02  1.73353001e-01  6.68783933e-02  1.52471811e-01
 -2.02803239e-01  2.14785233e-01  1.14176214e-01 -9.26512480e-02
  3.52422916e-03 -1.17359065e-01  3.22000384e-02  1.45130813e-01
 -3.44254196e-01 -1.55821964e-01  1.38475066e-02  2.38357663e-01
 -5.13326287e-01  1.37282223e-01  1.17621243e-01  2.02917531e-01
  1.50168747e-01  1.67030498e-01 -4.95692678e-02  4.41580079e-02
 -4.11733650e-02 -3.54340933e-02  1.42658815e-01 -4.71948683e-02
 -7.29361027e-02  6.71547502e-02  1.42393142e-01  3.23445513e-03
 -5.31431250e-02 -1.62601972e-03  1.36784643e-01  1.24420591e-01
  1.96553841e-01 -1.35858878e-01  5.29042184e-02 -6.94039613e-02
 -2.06404954e-01 -9.44393128e-02 -9.99117829e-03 -1.36575431e-01
  7.87578151e-03  2.10270494e-01 -3.66465300e-02 -6.61716685e-02
  4.30052588e-03 -1.38726253e-02  7.82003403e-02 -1.35967182e-02
  1.12766055e-02 -2.84429014e-01  7.91554525e-02 -1.24110319e-01
  2.28527367e-01  1.79874137e-01  2.98865736e-01  1.72888771e-01
 -4.73841093e-02  1.00411754e-02  7.28508830e-02 -4.01494950e-02
 -1.50185689e-01 -2.56715734e-02  2.07096875e-01  1.58637822e-01
  3.02035995e-02  2.02165201e-01 -1.50475234e-01  7.00545087e-02
 -4.26324569e-02 -5.20962197e-03 -1.07000917e-01  3.13990526e-02
 -1.86897501e-01 -4.15349081e-02 -1.13332113e-02  1.13047846e-01
 -3.01846936e-02 -1.35423541e-01 -1.07367367e-01 -2.29313895e-02
 -1.54886752e-01 -9.94020477e-02  3.57258245e-02 -6.71327263e-02
 -6.52840585e-02 -4.55279183e-03  6.45954581e-03 -3.90852131e-02
 -2.58579522e-01 -8.32843557e-02 -8.09975341e-02  2.75048125e-03
 -6.70436174e-02  9.23721343e-02  5.53156435e-02 -5.78852296e-02
  1.88082680e-01  1.71843246e-02  1.95837051e-01 -1.34270519e-01
 -1.96759224e-01 -9.11567956e-02 -1.50161535e-02  2.44908258e-02
 -2.14621603e-01  1.10116191e-01 -9.00317132e-02 -1.66120708e-01
 -1.37432422e-02 -8.67991820e-02 -4.03534621e-02 -4.33280162e-04
  1.70050226e-02 -8.23807344e-02 -8.39264020e-02 -1.11707062e-01
 -1.12051196e-01  1.28066195e-02  7.07731396e-02  5.75728193e-02
 -1.26241669e-02  2.31360495e-02  1.08501166e-02 -4.35957313e-03
  8.65086988e-02  1.94539174e-01 -1.28819987e-01 -7.75309429e-02
 -2.19412044e-01  9.21072885e-02 -1.65118054e-01 -8.23139474e-02
 -6.52770773e-02  3.89282368e-02  1.40976921e-01 -1.77068710e-01
 -7.36157894e-02 -4.43526208e-02  2.50177234e-02 -9.03237686e-02
  8.11670423e-02  1.41197648e-02 -3.21709573e-01 -8.14892650e-02
 -1.10196345e-01  1.29406318e-01  1.24842115e-01  4.28917371e-02
 -3.09914630e-02 -1.01771601e-01  2.06292152e-01 -1.24206208e-01
 -7.15645775e-02 -9.98366810e-03  3.28885615e-01 -1.83284104e-01
  2.34532710e-02  5.50678782e-02 -1.06847577e-01 -2.75402777e-02
  2.20663175e-02  9.10911337e-02  2.69165412e-02 -2.11241990e-02
  6.39515519e-02 -5.31943925e-02  1.96683303e-01  9.71196890e-02
 -1.18403612e-02 -6.90957680e-02 -7.63708055e-02 -1.75527800e-02
  1.72348097e-01  7.22292364e-02  3.72047424e-02 -2.57321633e-02
 -1.07223308e-02 -6.00200854e-02  1.24149434e-01 -2.20923826e-01
  7.42882937e-02  1.68577135e-01 -6.13989076e-03  5.15117422e-02
 -5.42393215e-02  2.45905295e-01 -1.15270048e-01 -8.21750239e-02
 -2.02308223e-01 -3.99270505e-02 -2.21876994e-01  2.77644277e-01
 -7.01301266e-03 -1.19596444e-01 -1.28320819e-02  9.55365300e-02
 -2.54078656e-02  2.50087768e-01 -1.39593482e-01  1.89664572e-01
  3.83442547e-03  7.20326900e-02  3.42440546e-01 -1.30027249e-01
 -7.98670352e-02  1.87797174e-01  2.87241135e-02 -1.38055747e-02
 -4.17990871e-02  4.00031768e-02 -1.18960209e-01  8.31005722e-03
 -1.20224152e-02 -2.99738012e-02 -1.70035865e-02 -4.66058291e-02
 -2.03024924e-01  1.13754593e-01  9.59884450e-02 -4.23717648e-02
  6.99094497e-04  3.94517034e-02 -9.01937485e-02 -3.92376594e-02
  1.51076853e-01  9.03070644e-02 -1.46568835e-01 -9.58425403e-02
  7.20604649e-03 -1.27473786e-01 -1.28152072e-01  1.20193534e-01
  4.56845202e-02 -1.29695818e-01 -8.67214333e-03  3.31862643e-02
 -1.04096897e-01  2.02647686e-01 -6.70370013e-02 -2.39403710e-01
  9.92077887e-02  5.54842800e-02  1.93763971e-01 -6.71781898e-02
 -7.77180791e-02 -1.36824444e-01  9.89335030e-03 -2.44612545e-01
 -5.30516654e-02 -6.67824820e-02 -3.80581878e-02  2.16338888e-01
  1.29217729e-01 -1.02441259e-01  1.87789261e-01 -1.82471678e-01
 -2.15105638e-01 -1.40669402e-02 -1.55302301e-01  2.56668061e-01
 -2.02661365e-01 -6.44533522e-03 -5.80774583e-02  1.74037218e-02
  1.37102693e-01 -1.99406054e-02 -2.12864295e-01 -1.23932093e-01
  9.15233120e-02 -1.30260304e-01  5.36042601e-02 -2.08760854e-02
  9.89653822e-03  1.41371697e-01  6.04416057e-02  9.82075483e-02
  1.14686236e-01 -1.30851105e-01  1.28450632e-01  8.52411613e-02
  3.08771934e-02  8.61447770e-03 -3.57066728e-02  1.06252417e-01
  1.93590581e-01  7.36083984e-02 -9.97204240e-03  2.80895233e-01
 -1.08055927e-01  2.84471419e-02 -1.32304087e-01 -1.14259623e-01
  1.02962442e-02  6.64795786e-02  2.20278706e-02  1.47230104e-01
  1.42774433e-01  5.06882519e-02  2.83347309e-01  1.02194175e-02
  1.33192644e-01  4.55562584e-02  9.66206715e-02 -7.67413620e-03
  9.72228199e-02  5.23742028e-02  9.41677019e-02  8.58208537e-03
 -4.28693965e-02  1.26322851e-01  4.75078262e-02 -1.05910152e-01
 -4.72045876e-02  1.11880392e-01  5.48781492e-02 -4.67247590e-02
  6.21832758e-02  1.88163836e-02 -9.61139873e-02 -3.97478864e-02
  8.25492516e-02 -1.66450396e-01  1.21545820e-02  2.14977711e-01
 -1.11154579e-01  8.12775921e-03 -5.49045317e-02  2.66020983e-01
 -1.04658395e-01 -2.64910400e-01 -4.48449291e-02 -1.35370225e-01
  1.96967274e-01  4.65893783e-02 -1.14228934e-01 -2.25250237e-02
  1.22022931e-03  8.66569802e-02  6.49271242e-04  9.14941207e-02
  8.77537951e-02 -1.57376364e-01  1.36548534e-01  4.74508144e-02]