http://erau.edu/ontology/meme.owl#BrainwashInsaneEditionsMeme
[ 3.15562561e-02 -1.20855257e-01 -3.73081639e-02  5.85067384e-02
  3.22781429e-02  4.96312566e-02  1.73929796e-01  6.71699643e-02
  6.75996346e-03 -3.01723126e-02  2.05911815e-01 -1.62207857e-01
 -1.11149959e-01 -1.75271146e-02 -1.48404449e-01 -3.92929427e-02
  3.41797918e-02  1.79054245e-01 -5.08542545e-02  4.88403104e-02
 -3.33907872e-01  2.63280064e-01  1.17525406e-01 -2.08618417e-01
  9.47905779e-02  5.47340661e-02  5.18620349e-02 -1.97502658e-01
  2.75500506e-01  1.01340033e-01  1.13893278e-01  1.39430940e-01
  4.47553992e-02 -2.45344508e-02 -1.44123033e-01  2.98324406e-01
  2.82753967e-02  1.36094719e-01 -3.90391946e-02 -1.51369229e-01
 -1.37918806e-02  2.25730389e-01 -3.25483203e-01 -9.68223289e-02
  1.11424662e-01  8.19512457e-02  6.55119121e-02 -1.60457015e-01
  5.18306568e-02  4.03298065e-02  1.37454480e-01  2.08978177e-04
 -1.57738179e-01 -2.23694041e-01 -1.31780535e-01 -4.40724753e-02
  8.15980434e-02 -1.05975799e-01  1.75221115e-01  5.49803488e-02
 -3.62751968e-02 -8.75764191e-02  1.40664950e-01 -7.32048368e-03
 -7.12622851e-02 -1.51047334e-01 -7.87600502e-02 -3.60033177e-02
 -5.52900806e-02 -8.37491676e-02 -1.28486395e-01  1.30281523e-01
  1.61059558e-01  4.78012487e-02  4.05189358e-02  1.30168647e-01
 -6.68711588e-02 -4.06256355e-02  1.96293652e-01 -8.59087706e-02
  1.99922826e-02 -1.49743587e-01 -8.29587504e-02 -1.72651172e-01
  4.07086648e-02 -2.00767629e-02 -1.28893986e-01 -6.17720485e-02
  5.37511557e-02 -1.72702316e-02  3.28532793e-02 -2.77462274e-01
  1.61320999e-01  7.69308070e-03 -6.03971444e-02 -2.89311279e-02
  2.92936284e-02  3.47597711e-02  2.85875611e-02 -5.91150820e-02
  1.67195603e-01  2.42912062e-02  2.82297701e-01 -8.27701613e-02
  9.93030593e-02  7.64305368e-02  1.73913985e-01  3.92536782e-02
  1.76960807e-02 -5.14865145e-02 -3.41461971e-02 -2.45288685e-02
 -5.23207523e-02 -9.82630402e-02  1.52693331e-01 -6.05393387e-02
 -2.95893073e-01 -2.19898760e-01  1.09444626e-01  1.57573327e-01
 -3.49410996e-02  4.90252301e-02 -1.14550941e-01  3.43136117e-02
  8.18200409e-02 -8.69927779e-02  2.50074025e-02  4.21716236e-02
  1.37111276e-01 -1.81319062e-02 -2.28173345e-01 -4.49795052e-02
 -6.93676472e-02 -4.98358458e-02 -6.79163858e-02  2.00068057e-01
  7.39406198e-02 -1.06185362e-01 -1.43026203e-01  1.08469911e-01
 -2.46111169e-01  4.21868376e-02  1.25013679e-01  6.96638823e-02
  2.60190845e-01 -2.52844274e-01  6.67511672e-02 -1.33879229e-01
 -6.47480115e-02  1.83200881e-01  8.36750269e-02 -2.04537641e-02
  9.80978482e-04 -4.60840650e-02 -3.60125005e-02  9.53122377e-02
 -2.27577314e-01  2.77158767e-01  5.30729070e-03 -1.62393108e-01
  9.05222911e-03 -6.09793626e-02 -6.20061606e-02 -9.06646699e-02
 -2.67400056e-01 -1.66249663e-01 -4.47265841e-02  1.61545798e-01
 -3.29869837e-01  1.27240479e-01  6.09709658e-02  1.26298040e-01
  2.28837028e-01  1.77749783e-01 -2.42428612e-02 -1.40010953e-01
  1.23311020e-02 -2.35017687e-02  6.93179742e-02 -3.47049758e-02
 -1.77921787e-01  2.78404653e-02  1.80847365e-02 -1.06252298e-01
  5.83235994e-02 -2.74973977e-02  1.22991212e-01  5.08225411e-02
  1.71136647e-01 -1.27933100e-02  4.89218011e-02 -5.31316549e-02
 -1.90596431e-01 -1.40660852e-01  2.83465609e-02  1.51217896e-02
  6.26046956e-02  1.07285112e-01 -5.74338424e-04 -6.72046393e-02
 -1.56925507e-02  3.18190940e-02  1.28319234e-01 -1.64840683e-01
 -7.24019855e-02 -3.17203015e-01 -2.98530553e-02  3.23429145e-02
  1.25601768e-01  1.92527935e-01  2.69412041e-01  1.06307929e-02
 -4.55261208e-02 -6.70328662e-02  7.91540593e-02 -7.98309669e-02
 -1.18320368e-01 -3.27281305e-03  1.02108717e-01  1.14081055e-01
  5.67925610e-02  1.22821830e-01 -9.88804400e-02  4.65764962e-02
  3.67087685e-02 -1.11020152e-02 -7.54446238e-02 -7.22488994e-03
  2.65578348e-02  2.60294769e-02  1.74095869e-01  2.36152168e-02
 -1.27741069e-01 -1.10525340e-02 -1.02754846e-01  5.35975397e-02
  1.24490801e-02 -1.03415467e-01  7.62417689e-02 -4.29539680e-02
 -5.20358160e-02 -1.24583542e-01 -1.15208877e-02  1.32612400e-02
 -1.16977550e-01 -6.03245571e-03 -1.83527648e-01 -2.61185840e-02
 -3.28913927e-02 -4.21044193e-02  8.08477998e-02  5.58492504e-02
  8.61301720e-02 -5.26776090e-02  4.37327847e-02  1.88089740e-02
 -3.40703130e-02  1.49154022e-01  3.57113369e-02  6.52842671e-02
 -3.52363065e-02 -1.10412769e-01 -3.94494273e-02 -8.64332616e-02
 -1.11633442e-01 -1.95512936e-01  2.96208519e-03  5.96421491e-03
  9.12451148e-02 -1.06548540e-01 -3.44359465e-02 -9.93461385e-02
  1.13649972e-01  5.46241738e-02  2.02230245e-01 -1.97437629e-02
  1.71577767e-01 -1.68948760e-03  1.55236768e-02 -2.68311054e-03
  1.44590124e-01  5.27958432e-03  1.11582000e-02 -6.63254410e-02
 -1.79902345e-01  6.66840076e-02 -5.31525090e-02 -3.12290955e-02
 -6.97510913e-02 -4.92894910e-02  1.12858862e-01 -7.34368488e-02
  6.73835501e-02 -7.71531761e-02  1.01692984e-02  2.04853266e-02
  2.00585961e-01  2.08888035e-02 -5.15645444e-02 -1.82068720e-01
 -1.25513986e-01  6.36907574e-03 -9.75370482e-02  1.12220079e-01
  1.47634652e-02  4.40246746e-04  1.00040399e-02 -4.90265712e-02
  5.25969453e-02  3.48654315e-02  1.39391333e-01 -1.48919061e-01
 -2.22585406e-02  5.43715544e-02 -9.56033692e-02  2.77230386e-02
 -3.12784389e-02  8.54567066e-02  8.75794049e-03 -5.91812283e-02
  4.29415219e-02 -1.18701011e-01  9.91568789e-02  1.92096680e-01
  1.00778215e-01  1.19238116e-01 -1.06455512e-01 -5.93238622e-02
  1.18393265e-01 -2.55820993e-02  8.54309555e-03 -3.07878219e-02
  5.40827736e-02 -1.39665753e-01 -1.30469128e-01 -9.03006345e-02
  2.12071121e-01 -5.75117441e-03 -5.31006642e-02  6.83875009e-02
 -4.44981195e-02  3.45560908e-02 -5.90818897e-02 -7.45107234e-02
  5.82532212e-02 -1.49127632e-01 -5.06740762e-03  2.47697514e-02
 -6.14226013e-02 -1.04885787e-01 -1.30431995e-01  4.31814007e-02
 -9.92015973e-02  1.40845999e-01 -1.70553282e-01  5.10253347e-02
 -9.26838517e-02 -1.09200217e-02  2.42764831e-01  3.59570272e-02
 -7.71856084e-02 -5.32120168e-02 -1.12605337e-02 -1.94567014e-02
  1.35218259e-02 -5.68360351e-02 -5.93792833e-02  6.72885776e-02
  5.65403141e-02  5.04976474e-02  1.35502135e-02 -5.61256967e-02
 -1.76647738e-01  2.11450290e-02 -2.27287449e-02 -1.28471881e-01
 -1.06980197e-01  7.09554330e-02 -3.81213836e-02  1.56158600e-02
  1.02780707e-01  1.26328737e-01 -7.84573257e-02 -4.05830666e-02
  1.43133879e-01 -1.72049090e-01 -1.27450183e-01  2.45455831e-01
 -1.06180854e-01 -1.77970424e-01 -7.61419162e-02  6.29930496e-02
 -9.25376266e-02  3.85778159e-01  1.91349704e-02 -3.12361032e-01
  6.03086278e-02  5.03812544e-02  4.84832108e-01 -1.23106845e-01
 -5.43557703e-02 -3.71080279e-01  7.29532540e-02 -3.32619488e-01
 -1.67305216e-01  5.30256294e-02 -4.90967557e-02  5.51588476e-01
  1.42351598e-01  1.10265806e-01  7.48157427e-02 -1.50999144e-01
 -7.71971419e-02 -5.94873577e-02  5.87584302e-02 -6.25230223e-02
 -9.48757213e-03 -2.14951038e-01  3.54296342e-02  1.05193093e-01
  8.03697333e-02 -5.78630976e-02 -3.64001580e-02  1.08038060e-01
 -6.26052767e-02 -1.74225256e-01 -5.75234368e-02  1.48442015e-01
  1.19001612e-01 -6.21372871e-02  8.74829292e-02  2.02241287e-01
  3.38746570e-02 -2.82007635e-01  1.29470691e-01  6.65251538e-02
  7.99405575e-02 -8.63507092e-02  8.57501328e-02  1.48020893e-01
 -1.22568673e-02  3.86342853e-02 -1.05353355e-01  1.60002828e-01
 -2.16318548e-01  7.15041766e-03 -9.05271769e-02 -1.09480679e-01
 -1.01452231e-01  5.67726381e-02  1.02751091e-01 -6.65419549e-02
  1.69247165e-01  3.36149707e-02  1.38143361e-01  5.05568124e-02
  1.57803744e-01  7.44081065e-02  8.52349102e-02  4.01435532e-02
  7.53579959e-02  2.01446548e-01  1.84986323e-01 -1.32197946e-01
  5.24340868e-02  1.73951209e-01 -3.09117623e-02 -1.99383825e-01
 -6.49392307e-02 -1.41771333e-02  2.89344013e-01  2.99047623e-02
  2.57143289e-01  7.71036819e-02 -7.03369908e-04 -1.98884234e-01
  5.89965023e-02 -1.20838791e-01 -1.05997644e-01  4.29525450e-02
  8.32155198e-02 -5.29634804e-02 -8.93793032e-02  9.95014310e-02
 -1.08275644e-01 -6.76755607e-02 -7.49456063e-02 -4.16192748e-02
  8.33877921e-02  4.79969569e-02 -1.12698309e-01 -3.21538411e-02
  1.46683455e-02 -5.13244458e-02  1.99143991e-01 -5.52732348e-02
 -1.43212993e-02  8.55210498e-02 -7.03842118e-02  5.69676496e-02]