http://erau.edu/ontology/meme.owl#BroccoliMeme
[-1.23117343e-01 -9.61637124e-02  1.92436889e-01  1.14241108e-01
 -4.77119908e-02  5.37028909e-02  2.30899453e-01  4.26074229e-02
  5.04656211e-02 -1.55682728e-01  1.77000705e-02  7.34347850e-02
 -9.61331502e-02  1.17461964e-01  5.79020120e-02 -2.05607601e-02
  9.13981348e-02  1.80324703e-01 -1.12069882e-02  1.18186831e-01
 -2.05404893e-01  4.38769348e-02  1.27382949e-01 -4.35751379e-02
  1.75659105e-01 -1.01237066e-01 -1.51235163e-02 -3.55750285e-02
  3.86353165e-01  8.72883275e-02  6.67780265e-02  1.16641365e-01
  1.70813426e-01 -1.70204654e-01 -4.24785167e-02  2.18379736e-01
 -9.37051997e-02  6.39152247e-03 -2.53173932e-02 -3.86616923e-02
 -5.07522561e-02  2.11548030e-01 -2.13799447e-01  1.58402079e-03
 -5.41532524e-02  8.08721129e-03 -1.28008965e-02 -1.02438599e-01
  6.15208782e-02 -2.91416179e-02  1.06291123e-01  6.66572601e-02
 -4.94888835e-02 -5.97946905e-02 -1.58758163e-01 -6.41731592e-03
  1.20784521e-01 -1.40965983e-01  2.27574836e-02  1.12057492e-01
  1.63366478e-02 -6.28005713e-02  5.90735711e-02  6.04424328e-02
 -1.68496683e-01  2.03041192e-02 -4.38027456e-02  5.02910800e-02
 -8.74663517e-02  9.03753787e-02 -8.08051229e-02  1.02387711e-01
  1.09882988e-01  9.48889777e-02  8.87313634e-02  2.26395987e-02
 -1.07459888e-01  1.61409210e-02  7.78338090e-02  7.72865564e-02
 -5.22948503e-02 -4.14803661e-02 -5.11373542e-02 -1.34258658e-01
 -2.45705340e-02 -7.46776834e-02 -1.54595047e-01  1.42768517e-01
  1.30722597e-01 -1.73258614e-02  7.32757449e-02 -2.48876005e-01
 -1.63775422e-02 -2.05591843e-02 -1.02657005e-01  1.20787825e-02
 -1.66194484e-01 -2.75978241e-02 -6.40971735e-02 -7.22173229e-02
 -1.40627520e-03 -3.74547318e-02  2.46736526e-01 -7.94647262e-02
 -1.36121716e-02  7.68808872e-02 -1.00534526e-03  7.14748651e-02
  7.32321441e-02 -1.24880128e-01  1.13761663e-01  2.10946072e-02
 -1.77990366e-03 -7.00222328e-02  1.74764115e-02  8.65068138e-02
 -6.14743270e-02  1.77264400e-02  6.26637489e-02 -2.40407940e-02
 -3.62931490e-02 -1.81150120e-02 -5.20260306e-03  1.50991917e-01
  2.10954741e-01 -2.18700897e-02  2.69795563e-02  8.84156078e-02
  1.96989745e-01  1.13134660e-01 -2.06412256e-01 -3.17460150e-02
 -7.71045983e-02 -1.12313144e-01  1.38330618e-02  1.49369717e-01
  4.22005430e-02 -8.05230662e-02 -1.09564260e-01  1.56482570e-02
 -2.14585304e-01 -2.99044922e-02  1.45949677e-01  5.42427376e-02
  1.26773775e-01 -1.15762390e-01  1.15895001e-02 -7.01898411e-02
  4.36127335e-02  1.25534579e-01 -7.24199712e-02 -8.36849883e-02
 -9.77143869e-02  9.67389345e-02 -1.26621332e-02  1.06327720e-01
 -3.18943523e-02  1.85182676e-01  2.72637699e-02 -5.58694042e-02
 -1.93955712e-02 -1.62498161e-01 -7.30060637e-02  6.10609800e-02
 -1.66100621e-01 -1.26314864e-01  4.03043255e-02  9.34352651e-02
 -1.53166905e-01  6.44760206e-02 -2.30138097e-02  3.06045506e-02
  5.92293702e-02  9.48240235e-02  2.72370479e-03  2.86578164e-02
 -5.88661730e-02  1.90489423e-02  1.68016702e-01 -3.04697864e-02
 -8.58648960e-03  2.39050966e-02  6.19912446e-02  7.34239817e-02
 -5.80185764e-02 -4.41911034e-02  9.29035917e-02  1.44527495e-01
  2.51284093e-01 -3.47117074e-02 -3.18455398e-02 -2.97932029e-02
 -8.26961547e-02 -7.98090622e-02 -7.10134432e-02 -7.32559338e-02
  2.10269913e-02  8.11703876e-02 -4.48533259e-02 -8.02479759e-02
  5.92740104e-02 -7.04388171e-02  2.87229382e-02  7.07092136e-02
  1.00368923e-02 -2.76973039e-01  8.93463120e-02  5.16238809e-03
  1.40325204e-01  1.20481588e-01  2.61287659e-01  7.15395436e-02
 -1.53014148e-02 -2.64177900e-02  1.24374434e-01 -2.29187235e-02
 -2.99079288e-02 -4.99030687e-02  1.28965855e-01  1.81305408e-01
  1.34603560e-01  2.12580875e-01 -4.81084064e-02  1.14850767e-01
  1.59283504e-02 -1.18071418e-02 -6.64930642e-02 -3.91181521e-02
 -1.34871796e-01 -8.48882720e-02  6.36357665e-02  2.67179925e-02
 -3.09821591e-03 -1.59778208e-01  9.03312787e-02  2.98679862e-02
 -1.36999622e-01  3.70079055e-02  7.01933876e-02 -2.07596961e-02
  2.81856079e-02  1.44599527e-02  3.78396735e-02  1.30735459e-02
 -1.62386820e-01 -7.39651592e-03 -1.29313424e-01 -2.16269661e-02
 -3.68623361e-02  1.00239225e-01  2.88059306e-03 -1.19585350e-01
  1.48264587e-01 -1.38894115e-02  2.37772465e-01 -7.50311837e-02
 -1.67744681e-01 -7.30449632e-02  2.25156192e-02 -1.07653402e-02
 -1.92968220e-01  1.38780260e-02 -4.08338346e-02 -1.13079421e-01
 -7.25592580e-03 -6.86449185e-02 -2.24287229e-04  5.10868318e-02
 -3.07632983e-02 -1.57861784e-02 -2.65688878e-02  4.00045402e-02
 -1.20207118e-02 -9.86735448e-02  6.25596568e-02 -3.13106403e-02
 -4.23225686e-02  5.38370050e-02  1.97281986e-02 -6.67029247e-02
  2.46408824e-02  2.29879171e-01 -3.66805270e-02 -1.23227492e-01
 -8.72028470e-02 -5.48999235e-02 -5.30103333e-02 -4.65748645e-02
  2.63450090e-02 -1.66195855e-02 -6.40510116e-03 -3.66134681e-02
 -1.10187694e-01 -3.68614309e-02  3.39463633e-03  4.22490900e-03
  7.96537623e-02  3.34941000e-02 -1.10638663e-01 -5.61642312e-02
  1.38294389e-02  1.34490788e-01  6.69079870e-02  2.24674102e-02
 -3.98783647e-02 -1.16275018e-03  8.19757730e-02  2.60919575e-02
 -2.54720207e-02 -1.07767768e-01  1.04245871e-01 -1.79493338e-01
  7.94706047e-02  5.74308373e-02 -8.03848132e-02  6.49001077e-02
 -5.52739725e-02  2.60477271e-02 -1.00827701e-02 -1.28695950e-01
  3.41164880e-02 -1.29739925e-01  1.04861677e-01  1.89818934e-01
 -8.11197609e-02 -7.53625259e-02 -8.65214393e-02  5.79576641e-02
  2.31030762e-01  4.47455868e-02  1.23985186e-02 -4.35067192e-02
  1.60160568e-02 -7.42389821e-03  1.06622219e-01 -1.98787361e-01
 -4.85656969e-03  1.67288005e-01  4.14646119e-02  8.50228295e-02
  2.32688189e-02  1.63284659e-01 -8.15929770e-02 -4.13114466e-02
 -1.49358898e-01 -1.37384785e-02 -2.12656766e-01  1.40541807e-01
  7.97380656e-02 -2.38503754e-01 -3.14003490e-02  9.20337215e-02
 -9.06056836e-02  1.69634327e-01 -1.37586132e-01  1.27409056e-01
  1.66676387e-01  6.48970827e-02  1.39157295e-01 -1.49962485e-01
 -2.67138425e-02  1.87138036e-01 -1.44663667e-02  1.03844153e-02
  8.92745927e-02 -7.91693777e-02 -1.22742623e-01  9.23442170e-02
 -3.91986105e-05 -9.07705799e-02 -3.74981053e-02 -1.46405265e-01
 -1.35816455e-01  8.52220599e-03  4.15963270e-02 -1.41992709e-02
 -8.08836296e-02  6.79832622e-02  2.91560963e-02  7.73634538e-02
 -1.05154924e-02  2.30694711e-01 -7.86322132e-02 -1.45666942e-01
 -4.73779701e-02 -1.25444472e-01 -1.66560009e-01  1.12221375e-01
 -3.48292552e-02 -7.93773755e-02  5.64196967e-02  1.53768957e-01
 -2.33141221e-02  1.83076724e-01 -3.11487187e-02 -2.64023393e-01
 -2.75785159e-02  6.86481968e-02  2.73577034e-01 -1.50028076e-02
 -4.78330776e-02 -6.18238822e-02  5.31253479e-02 -1.79083779e-01
 -1.14069439e-01  3.72320339e-02  2.33253129e-02  2.74987102e-01
  8.74544382e-02 -3.23823616e-02  1.14775732e-01 -9.55908298e-02
 -1.54542103e-01  9.53222159e-03 -9.96095836e-02  5.95780313e-02
 -1.75731674e-01 -2.51008179e-02 -6.31951764e-02  1.92008819e-02
  1.64922819e-01  2.10068980e-03 -1.11920752e-01 -9.55836922e-02
  1.00050606e-02 -2.58472115e-01 -5.36745861e-02  1.49379484e-03
  9.27783698e-02  1.84009727e-02  1.60720035e-01  1.87188089e-01
  1.24301687e-01 -5.72709404e-02  2.11193338e-01  1.92914799e-01
  9.28986669e-02 -7.58302808e-02  6.12547137e-02  1.17126077e-01
  8.67706463e-02  1.99691445e-01 -1.39038906e-01  3.43733341e-01
 -2.77458102e-01 -7.99974054e-02 -2.72532701e-01 -1.40276970e-02
 -5.42705804e-02 -4.65815477e-02 -4.48549762e-02  8.17404315e-02
  1.05351359e-01 -4.36205193e-02  1.15227923e-01 -2.87993420e-02
  1.32379666e-01  7.25832283e-02 -2.56131217e-02 -6.38334826e-02
  1.28730372e-01  4.55167927e-02  1.52653649e-01 -7.35745281e-02
 -1.56645384e-02  1.66696712e-01  1.18062690e-01 -1.69954881e-01
 -2.17710342e-02  1.45384118e-01  1.82332188e-01  3.18423435e-02
  1.15298323e-01  1.72866866e-01  3.83604201e-04 -1.48242474e-01
  6.30268157e-02 -3.51724356e-01 -2.46555470e-02  1.62575245e-01
  4.88516688e-02 -1.85410473e-02 -7.91327446e-04  3.11625361e-01
 -2.52144426e-01 -2.46419147e-01  2.66776625e-02 -7.28678927e-02
  2.46871307e-01  5.67931980e-02 -1.29857421e-01 -5.41451536e-02
 -1.27468314e-02  2.05262601e-02  1.79307848e-01  5.63295186e-02
  1.31308036e-02 -2.08218530e-01  1.19288675e-01  1.05751939e-01]