http://erau.edu/ontology/meme.owl#NoAnimePenguinMeme
[-1.06393546e-01 -9.35765132e-02 -2.23897293e-01  4.01217155e-02
 -1.14999618e-02  2.59872437e-01  1.78150833e-01 -7.44012892e-02
 -1.05129048e-01  2.72760466e-02  1.25963956e-01 -2.00910807e-01
 -1.23769557e-02 -6.54078946e-02 -1.24295808e-01  6.79362752e-03
 -4.24854048e-02  1.71502873e-01 -1.13732301e-01 -4.54169884e-02
 -1.97617590e-01  9.53911692e-02  5.59055479e-03 -4.65306193e-02
  1.08403146e-01  7.42068980e-03 -2.16007493e-02 -1.74510017e-01
  3.58586721e-02  6.92735473e-03  5.59531637e-02  1.90247431e-01
  4.82275337e-02 -7.25469515e-02 -8.06772932e-02  3.19099903e-01
  1.26542330e-01  2.10292935e-01 -2.10842490e-01 -2.31865291e-02
  4.62125428e-02  1.46470770e-01 -3.10119569e-01 -7.45284632e-02
  8.81740749e-02  7.62786120e-02 -7.44391698e-03 -1.30385175e-01
  1.80756897e-02 -1.32737239e-03  7.29487538e-02  1.97347745e-01
 -4.31693941e-02 -2.75446594e-01 -3.57610643e-01  4.81543243e-02
  7.92602077e-02 -2.83039331e-01  6.26812354e-02  8.34223628e-02
  1.38124317e-01 -9.39940661e-02  1.10237122e-01 -1.74254198e-02
 -8.73698574e-03  7.16723735e-03 -1.14554897e-01  4.38536555e-02
 -8.59535187e-02 -1.35927469e-01 -9.24426168e-02  1.58667639e-01
  1.68938056e-01  1.44568905e-01  7.98721239e-02  4.66366857e-02
 -9.87026542e-02 -1.25771895e-01  1.31796971e-01 -7.39434883e-02
 -8.31911936e-02 -3.03263932e-01 -1.33875445e-01 -2.69684196e-01
  1.05681002e-01 -1.94609970e-01 -1.71962902e-01 -4.41003926e-02
  1.82407927e-02 -4.62339558e-02 -2.79870513e-03 -1.20953113e-01
 -6.25964776e-02 -6.41123764e-03 -7.20212832e-02 -1.81543995e-02
  2.79338565e-03 -1.36802763e-01 -7.23444596e-02  4.49430533e-02
  6.13906085e-02  9.27032679e-02  4.17596132e-01 -1.11554153e-01
  1.74239263e-01  6.22987337e-02  6.36888146e-02 -2.30882298e-02
  8.71975347e-02 -1.34288505e-01  5.37527315e-02  1.27928928e-02
  1.94487080e-01 -1.38716042e-01  2.12895706e-01 -4.28222492e-02
 -9.13398936e-02 -1.85571343e-01 -5.68318516e-02  1.31750762e-01
 -1.39122948e-01  9.67305675e-02  4.79504019e-02  2.25354582e-01
  1.63945735e-01  5.02063222e-02  1.37555152e-01  1.01984404e-01
  1.03996269e-01 -2.63107996e-02 -2.20014736e-01 -8.79451632e-02
  9.33215842e-02 -1.12498552e-01 -2.32115202e-02  1.54673174e-01
  2.47059073e-02  2.21471023e-02 -1.12660773e-01  1.51922420e-01
 -1.85136423e-01  7.63526335e-02  3.93327400e-02 -8.82137269e-02
  2.72696346e-01 -1.45562306e-01 -8.41119587e-02  1.63651388e-02
  1.29749477e-01  1.71638235e-01 -2.12669596e-02 -9.87959877e-02
  1.31461963e-01  1.09852910e-01 -3.21870334e-02  2.09127307e-01
 -2.49785632e-01  2.21287206e-01  3.47842164e-02 -4.69287820e-02
  1.17538562e-02 -1.69472381e-01  2.48113647e-03 -7.09416419e-02
 -1.81087226e-01 -1.17462523e-01 -8.50776210e-02  2.40597501e-01
 -2.49826699e-01 -1.17535830e-01 -5.85235562e-03 -3.92742530e-02
  1.34992033e-01  2.90851355e-01  1.66523200e-03  9.20133591e-02
  7.54266158e-02 -2.02256233e-01  1.27253771e-01 -1.21663906e-01
 -1.94886923e-01 -3.40582244e-02  6.06557317e-02  6.62679924e-03
  2.97648963e-02  7.57950395e-02 -6.52792901e-02  1.13924570e-01
  2.97904402e-01 -1.94718152e-01  1.93895862e-01  7.36501291e-02
 -9.95876640e-02 -1.26083083e-02 -8.90880916e-03  1.37868196e-01
  1.44811034e-01  7.01267496e-02  3.69780022e-03 -1.01266988e-01
  1.44493341e-01  8.47012326e-02 -3.97455022e-02  2.80063525e-02
 -9.84737724e-02 -6.72999471e-02  4.28528003e-02  9.54314992e-02
  2.02623755e-02  1.07588612e-01  2.07072366e-02  1.54047564e-01
 -1.74144432e-01  4.12216131e-03  1.39227763e-01 -8.41116756e-02
 -1.31891415e-01  1.89436778e-01  1.10395074e-01  5.68937957e-02
 -9.28661749e-02  1.91431325e-02 -1.68742776e-01  1.22139633e-01
  1.31834596e-01  7.86285847e-02  8.21537971e-02  5.84831834e-02
 -8.47097337e-02 -6.91146329e-02 -6.98485374e-02 -7.50784278e-02
 -2.10899010e-01 -7.01030046e-02  6.03768788e-02  8.39303359e-02
 -2.97844992e-04 -1.26200527e-01  2.32547656e-01 -2.50968635e-01
 -6.76655397e-02 -1.09593615e-01 -1.64363533e-01 -5.52943461e-02
 -2.82559931e-01 -8.63367692e-02 -1.26809776e-01  1.78670809e-01
 -2.20341552e-02  6.35331869e-02  4.00278196e-02  7.19725639e-02
  1.88598439e-01  1.02875300e-01  3.43344212e-01  4.75927442e-02
 -6.26514032e-02  1.16771720e-01  4.70815785e-02  1.69058412e-01
 -2.66912561e-02 -1.99116394e-01  7.12932879e-03 -8.07150751e-02
  1.28436722e-02 -3.36064339e-01 -8.85252506e-02 -2.06536539e-02
  2.70315856e-02 -2.10028961e-01 -2.82817096e-01 -1.14844903e-01
  7.76485354e-02 -3.23389284e-02  2.86420822e-01  8.35259780e-02
  1.84754282e-01  1.01710893e-01 -2.22681370e-02 -2.20455974e-02
  2.41378605e-01 -6.63015665e-03 -2.09007729e-02 -1.34905070e-01
 -2.47632787e-01  1.17797539e-01 -7.34864622e-02 -1.71387717e-02
 -8.46183077e-02 -1.47369847e-01 -3.90431620e-02 -2.65749067e-01
  4.55106385e-02 -1.93225086e-01  6.51828349e-02  4.01405469e-02
  1.21613190e-01 -3.20228748e-02 -3.06633145e-01 -8.66614282e-02
 -3.57205123e-01  1.24753594e-01  6.96881935e-02  1.76457554e-01
 -1.11689702e-01 -3.36338989e-02  8.28428417e-02 -2.10616499e-01
  1.38120633e-02  4.38647121e-02  1.85537457e-01 -1.30938336e-01
  2.02562176e-02  1.34065032e-01 -1.01655692e-01  1.40870258e-01
 -8.12842473e-02 -1.71563367e-03 -4.79690582e-02 -9.28555727e-02
  2.52869517e-01 -5.20652458e-02  2.57002532e-01  1.81834310e-01
  5.09424433e-02  6.02940656e-02 -5.57564050e-02 -1.42279267e-01
  1.80746451e-01  1.35013282e-01  1.99042130e-02  3.07388343e-02
  9.16708559e-02 -1.83180854e-01  9.13220551e-03 -2.35487521e-01
  3.15063596e-01 -2.80416738e-02  9.23482850e-02  1.41386867e-01
  1.57890026e-03 -9.31962430e-02 -4.09741811e-02 -3.89114082e-01
 -6.61033466e-02 -2.03655586e-01 -1.64996162e-01  1.93862468e-01
  1.22279495e-01 -3.18954051e-01 -1.32873952e-01 -2.92568430e-02
 -2.07687512e-01  1.89899787e-01 -1.62177682e-01  3.02288502e-01
  8.59088153e-02 -8.87231994e-03  3.63338023e-01 -1.02725402e-01
 -1.32801324e-01  9.51048434e-02 -1.53789863e-01 -1.49158448e-01
  9.24493745e-02 -1.16799004e-01  7.24937860e-03  2.99817529e-02
  9.02280509e-02  5.77266701e-02  2.59530127e-01 -1.03519984e-01
 -4.90867794e-02  9.48834941e-02  2.28076696e-01  4.19595242e-02
  4.22297977e-02  1.27623513e-01  6.14746436e-02 -1.58520088e-01
  9.84171927e-02  1.89653710e-01 -1.33790210e-01 -6.17376864e-02
  5.25693446e-02  3.62122618e-02 -1.65061340e-01  3.59679818e-01
 -2.13113753e-03 -1.44355297e-01 -7.78835416e-02 -1.12519495e-01
 -4.02890667e-02  1.70063838e-01 -7.97860995e-02 -1.56786010e-01
  1.01017348e-01  2.26745427e-01  4.02272105e-01  8.47709477e-02
 -6.26350269e-02 -1.99741721e-01  1.07774511e-01 -4.46721911e-01
 -2.10945800e-01  1.10192865e-01  1.44226691e-02  4.73292619e-01
  1.56712696e-01  7.51189291e-02  1.74959436e-01 -3.82273376e-01
 -4.79891039e-02 -6.39405400e-02 -1.77239832e-02  2.43017599e-02
  5.09348549e-02 -1.61874443e-01 -1.91862717e-01  4.82680164e-02
 -6.38883859e-02 -1.70594245e-01 -1.79157704e-01 -1.86447367e-01
 -7.80764446e-02 -2.79726118e-01 -1.15590334e-01  2.14973941e-01
  1.56010330e-01 -5.74027747e-02  1.88440531e-01  9.81686339e-02
 -1.23138495e-01 -1.73866183e-01  2.54889935e-01  2.79841006e-01
  1.32036641e-01 -1.33043796e-01  1.59993917e-01  1.26646683e-01
  2.42046103e-01 -2.70357472e-03 -7.50365406e-02  2.40646377e-01
 -1.74410701e-01  4.97768307e-03 -1.46894515e-01 -4.79582362e-02
 -8.10325518e-02 -9.23282877e-02  5.94910011e-02  8.84325579e-02
  3.22872102e-02 -1.72798142e-01  2.94873238e-01 -3.01340465e-02
  2.02422544e-01  2.19010010e-01  9.50215980e-02 -7.03725889e-02
  9.52393264e-02  1.69765413e-01  2.51275510e-01 -2.05499027e-02
 -1.12660788e-01 -4.29989584e-02  1.14921466e-01 -2.27704093e-01
 -1.85381860e-01  9.45856124e-02  2.17648804e-01  7.48215839e-02
  2.83803552e-01  2.95761555e-01  1.46126270e-01 -2.57036984e-01
 -6.38615787e-02 -7.86618441e-02  2.86085129e-01  1.48126811e-01
  1.52289301e-01 -1.74775004e-01 -1.33558765e-01  2.09215999e-01
  2.37121601e-02 -1.45327941e-01  7.91951455e-03 -1.26696333e-01
  2.05200717e-01  2.01722942e-02 -1.21851154e-01 -3.25458497e-02
 -4.04957831e-02 -1.35880291e-01  1.76261112e-01  1.19366288e-01
  5.23563363e-02  1.27576478e-02 -3.83182801e-02  8.98408741e-02]