http://erau.edu/ontology/meme.owl#ThanosCarMeme
[-1.16206735e-01 -6.72692582e-02  2.68399585e-02  9.72034335e-02
 -1.25928260e-02 -3.11241299e-02  4.85726856e-02 -1.17781170e-01
  5.68926334e-02 -4.58836220e-02  5.65580986e-02 -1.39408959e-02
 -2.46544071e-02 -7.05454592e-03 -6.18603416e-02 -1.00011388e-02
  1.79956034e-01  1.17954118e-02  3.12537886e-02  6.65974021e-02
 -8.97619501e-02  1.08203553e-01  5.82871251e-02 -1.63545787e-01
  1.93258479e-01 -8.62125605e-02 -6.60169646e-02 -5.91373965e-02
  3.45523596e-01  2.24723190e-01  1.07774310e-01  5.45518063e-02
  5.46891168e-02  1.02148682e-03 -2.85773613e-02  1.27101943e-01
 -2.83168219e-02  2.28144731e-02 -2.28767004e-02 -3.50425355e-02
 -4.85527962e-02  1.95040300e-01 -1.59436464e-01  8.51409510e-02
  7.58857727e-02 -5.95616549e-02  2.58094370e-02 -8.92080069e-02
  5.49832508e-02  1.56029621e-02 -5.50406566e-03  6.95809796e-02
 -1.50126189e-01 -1.49131581e-01 -5.40078469e-02  1.58807468e-02
  1.15558065e-01 -8.64950866e-02  2.56344646e-01  1.13351405e-01
  6.54568449e-02 -1.72617752e-02  1.29976153e-01  1.68591276e-01
 -1.03003487e-01 -5.43669015e-02  6.26517162e-02  2.93977149e-02
 -7.28508830e-02 -9.85877588e-03 -1.80880800e-01  3.11476830e-02
  1.02193445e-01 -2.91098207e-02  2.41477527e-02  1.39011806e-02
 -9.75290034e-03  6.99150339e-02  1.95288733e-02  5.70992120e-02
 -3.43723632e-02 -9.75580290e-02 -3.85380797e-02 -9.87977237e-02
  3.05316653e-02 -2.65822820e-02 -6.45362884e-02  6.96558803e-02
  5.93939349e-02  2.91574057e-02 -1.82014387e-02 -8.38556737e-02
  3.08638848e-02 -8.06680992e-02 -5.88573962e-02  1.22502297e-01
 -2.46994309e-02 -2.55810060e-02 -6.86373860e-02 -1.03565149e-01
  4.55895662e-02  6.72717020e-02  1.28058106e-01 -8.46305266e-02
  8.74153338e-03  9.51153338e-02  1.09834254e-01 -6.19319938e-02
 -9.60897505e-02  8.22640024e-03 -7.53520802e-03 -2.39796769e-02
 -7.31185526e-02 -5.65138832e-02  8.22618082e-02 -5.06464951e-03
 -1.66593000e-01 -1.13836870e-01 -2.23119725e-02  2.94933636e-02
  9.28731728e-03 -6.08536154e-02 -6.62212893e-02  7.64752701e-02
  1.22872621e-01 -9.57685858e-02 -3.81604279e-03  1.89493522e-02
  7.46011287e-02  5.54915816e-02 -1.35563120e-01  2.02968959e-02
 -6.15286455e-02 -1.16950907e-01 -1.01085931e-01  1.13628551e-01
  3.45096923e-02 -1.28823211e-02 -2.02801406e-01  5.87649038e-03
 -2.45562121e-01 -1.91323180e-02  1.65561646e-01  1.17358752e-02
  1.72538310e-01 -2.05391690e-01  7.75184408e-02 -5.13193011e-02
 -9.50734317e-02  7.04035759e-02  2.10133567e-02 -1.19552061e-01
 -6.86416849e-02  7.98022673e-02  3.51401754e-02  1.07106343e-01
 -1.55487522e-01  1.20637253e-01  2.69569457e-02 -5.12305684e-02
  1.70559697e-02 -1.66182052e-02  6.74680024e-02  2.42528878e-02
 -1.75135642e-01 -1.77570723e-03 -5.49439434e-03  1.93497300e-01
 -1.80814132e-01  1.13328017e-01 -3.57804168e-03  1.99147731e-01
  1.20842755e-01  6.25174269e-02 -4.14357446e-02  2.25659776e-02
 -5.76653592e-02 -3.20859253e-02  7.54379183e-02 -1.54795069e-02
 -6.42962605e-02  1.08777456e-01 -5.39268851e-02  4.14838530e-02
 -4.52680849e-02 -2.17968877e-02  9.53692496e-02  2.61522625e-02
  1.30035222e-01 -7.63981864e-02  1.30298603e-02 -6.00691810e-02
 -1.55368671e-01 -1.40951112e-01  1.36105150e-01 -1.01126745e-01
  1.01040825e-01  2.13247746e-01  1.28279887e-02 -1.46302273e-02
  6.57599643e-02 -7.35520497e-02  1.40641481e-01 -5.86210005e-03
 -1.23267755e-01 -2.96925217e-01  9.86217055e-03 -1.06131807e-01
  9.15721133e-02  1.64810717e-01  2.37644151e-01  7.26584494e-02
 -2.47061998e-02 -5.80539703e-02  1.28101641e-02  3.07469759e-02
 -1.36937261e-01 -1.62440598e-01  1.42897457e-01  1.09158710e-01
  7.00243115e-02  8.77396613e-02 -1.49402380e-01  6.35078698e-02
  1.83350015e-02  5.76209351e-02 -1.60423145e-01  6.56753033e-02
 -1.24174260e-01  1.53861381e-02  6.84510767e-02  4.50548790e-02
 -1.00519039e-01 -1.97938874e-01 -7.60373697e-02  1.57800037e-02
 -1.29932880e-01 -1.55266896e-01 -1.06318623e-01 -2.62421165e-02
  9.51765850e-03 -2.59704608e-02  8.90049189e-02 -1.98317487e-02
 -2.43081570e-01  2.96223164e-02 -1.36020839e-01 -7.76503161e-02
 -1.77723430e-02  3.44025961e-04  3.61817107e-02  1.44584682e-02
  1.55952886e-01  4.57639759e-03  1.82668909e-01 -6.89840540e-02
 -9.17063281e-02  3.96472290e-02  6.19579200e-03  8.83010328e-02
 -4.39590849e-02 -2.13376358e-02  6.80914707e-03 -1.05500199e-01
 -1.40258908e-01 -4.10490446e-02  5.35159297e-02  1.85920447e-02
  4.98339236e-02 -2.13430464e-01 -9.74712521e-02 -9.34666395e-02
 -3.05905920e-02 -3.76580581e-02 -6.07197732e-02  4.60162051e-02
  1.03399381e-02  4.18837778e-02  4.36577983e-02  4.72715348e-02
  1.53509349e-01  7.56962448e-02  3.93465944e-02 -1.01238169e-01
 -1.30689353e-01 -2.69996561e-02 -1.29888758e-01  5.44510596e-02
  3.77204604e-02 -2.84582675e-02  4.77423109e-02 -1.89725533e-01
  5.71275465e-02  4.44652420e-03 -1.08721934e-03 -6.44193217e-03
  1.03022896e-01 -1.01503462e-01 -1.93832695e-01 -8.07007924e-02
 -1.17313966e-01  5.78774251e-02  2.81877629e-02  3.43233459e-02
 -3.36050359e-03  5.16805574e-02 -2.68472196e-03 -1.77427679e-02
 -8.47795457e-02  9.43699013e-03  2.11147860e-01 -2.03971922e-01
 -7.04658553e-02  2.00995919e-03  1.51602663e-02  5.02285659e-02
 -6.77197874e-02  1.10750988e-01  3.89953181e-02 -7.31972605e-02
  1.38758257e-01 -9.99581143e-02  1.19546637e-01  1.85557246e-01
 -3.17387693e-02 -5.18419631e-02 -1.00360565e-01  3.83397192e-02
  2.53219455e-02  2.50384212e-02  8.14394429e-02 -7.66100213e-02
  7.58534623e-03 -1.59618646e-01 -1.05263200e-03 -1.28325507e-01
  5.39847091e-02  7.08979964e-02 -5.00540133e-04  1.20224185e-01
  2.34017130e-02  9.83945951e-02 -8.09346214e-02 -6.16612211e-02
 -1.71758503e-01 -5.41275479e-02 -9.23638716e-02  1.58075839e-01
 -9.60841998e-02 -1.07152686e-01 -5.52862771e-02 -8.27998575e-03
 -4.89590541e-02  1.57664716e-01 -9.86459479e-02  6.01066388e-02
  9.20462832e-02 -9.58651118e-03  1.61876991e-01 -7.13332891e-02
 -4.33874875e-03  1.82042167e-01 -6.83483630e-02 -4.64896262e-02
 -4.05581258e-02  1.09147355e-01 -8.06722939e-02 -5.82408458e-02
  7.78272701e-03  4.10129763e-02 -9.15646702e-02 -3.15143988e-02
 -3.17610323e-01  1.23441391e-01  5.11419121e-03 -1.24568768e-01
 -1.50506338e-02  4.23595756e-02 -4.99707945e-02 -2.61948090e-02
  1.32833570e-01  1.70442566e-01 -1.14633963e-01 -8.81417543e-02
  4.90893750e-03 -2.11098820e-01 -1.22164257e-01  1.68205231e-01
 -1.22898005e-01 -1.78252578e-01  3.45316082e-02  1.18732780e-01
 -8.34465176e-02  1.89678088e-01 -1.03121929e-01 -1.99415550e-01
  7.38058463e-02  1.05199955e-01  3.53828639e-01 -1.70304731e-01
 -6.09818250e-02 -6.11727908e-02 -2.96198912e-02 -2.21119761e-01
 -1.27384961e-01  4.70772721e-02 -3.06555927e-02  3.96614850e-01
  1.40744969e-01  3.26077007e-02  5.78062348e-02 -1.00145698e-01
 -1.26932308e-01  1.19993612e-02 -7.23633766e-02  1.65579036e-01
 -1.40318200e-01 -6.62778467e-02 -9.52484012e-02  3.02558281e-02
  1.22352675e-01 -3.55732255e-03 -1.62955076e-01 -3.18133570e-02
  1.43812213e-03 -1.71653286e-01 -5.59994243e-02  1.09803304e-01
  1.26307741e-01  1.12263914e-02  4.93272506e-02  2.13465944e-01
  7.03148916e-02 -1.65803835e-01  1.18862249e-01  1.89430118e-01
  9.07219499e-02  4.00076210e-02  5.80985025e-02  1.15876915e-02
  7.58742541e-02  3.22632305e-02 -4.72997949e-02  2.02324972e-01
 -1.87391266e-01  3.57081252e-03 -1.45767853e-01 -9.29846466e-02
 -1.12136923e-01  8.07788521e-02  1.76205352e-01  6.38207197e-02
  1.09609723e-01  8.19385797e-03  1.51244223e-01  5.68827335e-03
  3.93842235e-02 -2.24533351e-03  1.05563119e-01 -2.18781289e-02
  1.58058047e-01  9.14275125e-02  1.15840368e-01 -1.07780062e-01
 -6.77216146e-03  1.06502660e-01  6.14131354e-02 -1.48043379e-01
 -4.30986471e-02  5.06349504e-02  6.20351695e-02 -1.30350208e-02
  1.23199441e-01  8.38339478e-02  1.14260465e-02 -1.54400900e-01
  9.53319445e-02 -6.33084252e-02 -1.28857478e-01  4.90934774e-02
 -4.46575582e-02 -1.15411878e-01 -3.32391970e-02  1.71219498e-01
 -2.17343986e-01 -7.40197077e-02 -1.53466403e-01  7.66367605e-03
  4.52366918e-02 -3.62516232e-02 -9.98246968e-02 -1.10331543e-01
  4.28057350e-02  1.54034467e-02  2.70647183e-02  4.00466956e-02
 -8.00066590e-02 -1.34811923e-01  1.27887383e-01  8.13570023e-02]