http://erau.edu/ontology/meme.owl#YaintMeme
[-2.48189569e-02 -5.20646349e-02  4.60688919e-02 -2.78252438e-02
 -8.20898116e-02  1.25774369e-01  3.30481417e-02  4.25101370e-02
 -9.41900611e-02  1.12649925e-01  1.79200664e-01  1.49968900e-02
  1.35102673e-02  2.95539591e-02 -1.62392870e-01 -2.56810077e-02
  6.16623610e-02  6.95881620e-02  5.15278131e-02 -1.95088923e-01
 -9.67733711e-02 -6.55425712e-03  4.31744456e-02 -7.01868162e-02
  5.44694960e-02  1.86221804e-02 -3.90182175e-02 -9.19449031e-02
 -2.52433717e-02  1.73293009e-01 -2.88800150e-02  4.45199907e-02
  1.03626490e-01 -4.59048785e-02 -2.57109106e-02  1.45166621e-01
  1.34810722e-02  5.51520437e-02 -1.05656445e-01 -3.52177881e-02
  1.80706277e-01  2.65560985e-01 -1.41979262e-01  6.62764683e-02
  1.02903694e-01  1.41784742e-01 -1.76871233e-02 -9.35127661e-02
  4.63532619e-02 -6.17013983e-02 -1.51141444e-02  5.53484485e-02
  3.63266096e-02 -1.76929176e-01 -2.09673494e-01  5.11118546e-02
  6.22416548e-02 -2.13956729e-01  1.91363052e-01  2.04755187e-01
  1.88346300e-02 -7.44963959e-02  2.17170686e-01  4.60131839e-02
 -1.19869888e-01 -3.95940021e-02 -1.96756050e-02  1.20187541e-02
 -3.00219692e-02 -2.24894151e-01 -5.51661365e-02  3.56963021e-03
  5.44193350e-02  5.29199503e-02  8.67542922e-02  6.06411733e-02
 -1.54230207e-01 -7.19128251e-02  9.00142789e-02 -7.35858642e-03
 -9.45973843e-02 -1.27058581e-01 -7.12291226e-02 -1.92027092e-01
  1.16159245e-01 -5.05863875e-02 -1.65468436e-02 -9.87383276e-02
  3.24747302e-02  4.14509885e-02 -1.00939274e-02 -1.19222440e-01
  8.42523128e-02  3.26141156e-02 -1.71311721e-01  1.06835634e-01
 -4.11894266e-03 -2.10330486e-02 -1.05916969e-01  5.55889588e-03
  6.91767037e-02  1.24840744e-01  2.70258188e-01 -8.83218944e-02
  5.04553877e-03  9.64417681e-02  2.01120406e-01 -1.50048181e-01
 -9.09866691e-02 -1.31100968e-01 -2.88514681e-02 -9.46355425e-03
  7.33327270e-02 -5.55223711e-02  5.52558079e-02 -5.69605418e-02
 -2.47209206e-01 -2.41273150e-01  3.69091373e-04  3.14187184e-02
 -1.61467791e-01  4.52234820e-02  3.15013975e-02  1.73100471e-01
  1.34065241e-01 -3.34962970e-03 -4.03038785e-02 -4.16759364e-02
  1.58186838e-01 -1.10709950e-01 -1.98959336e-01 -4.01598513e-02
  2.55817883e-02 -6.28173128e-02 -1.43312097e-01  1.76008031e-01
  8.02668482e-02  3.50801200e-02 -2.29782552e-01  2.08276324e-02
 -2.18938410e-01  9.76596549e-02  7.18017071e-02 -1.73944216e-02
  3.38874400e-01 -1.32716447e-01 -1.38965473e-01 -2.10546013e-02
 -6.00734428e-02  7.84670264e-02  2.14855876e-02 -9.26327035e-02
 -1.42068537e-02  6.35597706e-02  1.06850388e-02  1.57544687e-01
 -2.75626361e-01  7.98649341e-02  6.51207939e-02 -8.01243447e-03
  4.19739448e-03 -2.90048718e-02  1.78937633e-02  4.62436825e-02
 -2.70464420e-01 -5.82819209e-02 -2.54080240e-02  2.28839561e-01
 -2.57315964e-01  9.41073224e-02  1.03991844e-01  6.61542267e-02
  8.42679515e-02  2.25076735e-01 -8.28591734e-03 -4.90811206e-02
  4.53256257e-02  2.26945966e-03  9.98826846e-02 -4.50854935e-02
 -1.37278959e-01  1.21147774e-01  1.14333965e-01 -5.81709445e-02
 -1.35393441e-02  2.57806592e-02 -1.02244653e-02  1.10318363e-01
  1.49693117e-01 -1.05856452e-02  2.10216552e-01 -3.11754439e-02
 -1.56175315e-01 -3.30476426e-02  6.60964251e-02 -8.14070180e-02
 -9.23607592e-03  1.01415776e-01  4.04335968e-02  3.43852937e-02
 -5.94858490e-02  1.11560887e-02  2.49742623e-02 -9.96500403e-02
 -9.08087865e-02 -1.98488325e-01  3.51265669e-02 -1.46284938e-01
  2.02762336e-01  1.39038548e-01  1.16014302e-01  1.32372692e-01
 -1.61783636e-01 -3.30071561e-02  8.37790892e-02 -1.23532325e-01
 -1.09086469e-01 -8.49511847e-02  2.06229970e-01  1.00733466e-01
 -5.79363294e-02  1.66414514e-01 -2.51744956e-01 -1.43428054e-02
  9.32345539e-02  6.12174273e-02 -1.56619698e-01  1.13240741e-01
 -5.06676435e-02 -6.10338859e-02  6.94574341e-02  3.38718556e-02
 -7.00494274e-02 -2.23872155e-01 -9.45822075e-02 -5.75443208e-02
 -4.15391438e-02 -7.22067058e-02 -6.25780551e-03 -1.54627860e-01
  5.62891597e-04 -1.56410098e-01 -4.19388115e-02 -9.85827719e-05
 -2.94668883e-01 -1.25720635e-01 -1.35297120e-01 -2.84226090e-02
 -1.37525378e-02  1.13117486e-01  6.58052415e-02  1.86625421e-02
  9.36805010e-02  4.26221713e-02  1.45503223e-01 -1.82779342e-01
 -1.19586296e-01 -1.92513075e-02  3.33729088e-02  1.51701793e-01
 -2.45595530e-01 -2.91976891e-02  4.86482866e-02 -1.57223120e-01
 -8.73534679e-02 -1.69179648e-01 -1.93326741e-01 -1.84534804e-03
  1.08604997e-01 -1.87616512e-01 -1.19189262e-01 -1.88380629e-01
 -5.10700494e-02  8.69605169e-02  1.05815016e-01 -5.84818702e-03
  1.10978305e-01 -3.34223956e-02  1.04446650e-01  9.76484865e-02
  1.69508815e-01  3.16185504e-02 -5.64377159e-02 -9.52288136e-02
 -2.19134614e-01  1.78428069e-01 -6.50930032e-02 -1.32613793e-01
 -2.31757630e-02  4.51051071e-03  7.39785805e-02 -2.09110558e-01
  3.10153086e-02 -1.83465496e-01  9.64218471e-03 -2.04856806e-02
  2.92307884e-02 -6.39300793e-02 -3.06107581e-01 -1.16135061e-01
 -2.53316402e-01  5.00047728e-02 -7.33144134e-02  1.62743226e-01
 -5.51683549e-03 -9.04640406e-02  1.46134540e-01 -3.86333466e-02
  9.79896262e-03  1.96446568e-01  2.54055709e-01 -2.05155745e-01
 -2.33463664e-02  1.78125665e-01 -5.92888147e-03  8.06830749e-02
 -1.02841042e-01  1.16427802e-01 -4.12474088e-02 -6.40412346e-02
  8.32281336e-02 -8.37407447e-03  3.42308104e-01  6.52341098e-02
 -5.16496189e-02  1.12087242e-02 -1.35411233e-01 -1.92804206e-02
  9.60630402e-02 -2.24958006e-02  1.19443215e-01  5.25473431e-02
  3.18963490e-02 -8.68403092e-02 -9.06755552e-02 -2.42325976e-01
  1.68082848e-01  9.58344191e-02 -1.31748751e-01  1.27850339e-01
 -7.53967848e-04  1.11217320e-01 -1.96760427e-02 -1.50306940e-01
 -2.00616971e-01 -1.22639850e-01 -1.03948951e-01  1.79668605e-01
 -3.34482417e-02 -1.87719017e-01 -5.61970323e-02  5.66185601e-02
 -1.32160425e-01  1.99110344e-01 -1.56673074e-01  1.52555734e-01
  6.85083866e-02 -2.01471727e-02  4.07316059e-01 -1.24867365e-01
 -1.13250069e-01  1.16335161e-01 -1.52384732e-02 -3.13271768e-02
 -6.35111555e-02 -7.23377690e-02 -1.23383634e-01  7.20475614e-02
 -5.16802818e-02 -5.84864579e-02  1.41245350e-01  6.41278625e-02
 -2.62257993e-01  9.70993266e-02  3.35801691e-02 -1.08557589e-01
 -1.18886068e-01  1.04422614e-01  1.11908168e-02 -5.65128066e-02
  1.08464524e-01  2.31464177e-01 -1.48035929e-01 -6.59561530e-02
  2.83044204e-02 -1.49663007e-02 -3.97971012e-02  1.46123797e-01
  1.14142388e-01 -1.57436207e-01 -1.42700657e-01  2.10710205e-02
  4.78997733e-03  1.31817445e-01 -1.31842047e-01 -1.45846531e-01
  4.60040336e-03  1.03527918e-01  1.04172051e-01  1.04116239e-01
  9.44473594e-02  1.35922106e-02 -1.19192071e-01 -1.89081252e-01
 -9.80014950e-02  1.04299456e-01  9.81458649e-02  8.16804841e-02
  1.68811575e-01  2.96353307e-02  1.47169992e-01 -3.79961371e-01
 -1.72934726e-01 -9.83991325e-02 -1.88194159e-02  1.86219677e-01
 -2.06387043e-03 -1.69897601e-01  1.28997350e-03  1.20176382e-01
  4.02564965e-02 -7.61006922e-02 -8.55345726e-02 -6.45959973e-02
 -1.36385009e-01 -2.14447737e-01 -1.40857305e-02  1.41837016e-01
  1.24884017e-01 -3.47736233e-04  1.03217430e-01  2.00014025e-01
  6.61865473e-02 -1.68930367e-01  2.16569990e-01  1.01679996e-01
  3.83307338e-02  3.08849029e-02  9.45387557e-02  1.14427380e-01
  2.66038209e-01  7.56610418e-03  2.85449103e-02  3.49963605e-01
 -1.66288406e-01  3.84736294e-03 -1.64145350e-01 -1.87646851e-01
  1.76967506e-03  1.28985658e-01  4.43391018e-02  1.07186429e-01
  6.62780106e-02 -1.55543415e-02  3.31720799e-01  6.85276315e-02
  4.03637178e-02  5.50453514e-02  4.53779250e-02  5.44091919e-04
  1.57826364e-01  1.75452143e-01  8.08548108e-02 -6.90626679e-03
 -1.82297140e-01  4.87762392e-02 -8.85526463e-02 -8.46284777e-02
 -1.92349721e-02  5.65334074e-02  9.50908437e-02 -5.46071865e-02
  1.84346318e-01  4.56213243e-02  6.37899786e-02 -1.66641176e-01
 -5.96674532e-02  4.88151312e-02  4.33483832e-02  6.40919730e-02
 -5.85353747e-02 -2.11741421e-02 -1.27862647e-01  3.25561613e-01
 -7.45911151e-02 -1.55713961e-01 -4.44609076e-02 -1.15223773e-01
  3.71373370e-02  5.09242639e-02 -1.92914948e-01 -3.14685516e-02
  6.35542795e-02 -3.76853049e-02 -4.98615168e-02  8.03398788e-02
  3.89677882e-02 -7.33307982e-03  1.26164377e-01  9.91153717e-02]