http://erau.edu/ontology/meme.owl#GoldMembershipTrollingMeme
[-9.23913792e-02 -1.81325793e-01  6.10923469e-02 -1.71097778e-02
 -4.65212874e-02  6.57842904e-02  7.53512457e-02  1.46973550e-01
  1.00631274e-01 -1.16139702e-01  1.27856985e-01 -9.53859016e-02
 -1.23977542e-01 -8.92586187e-02 -5.33769242e-02  1.22367218e-01
  1.04675151e-01 -1.61643699e-02 -7.21978247e-02  7.88683966e-02
 -1.23357974e-01  6.08797930e-02  1.59247205e-01 -1.22677229e-01
  1.45196810e-01 -7.93675110e-02  7.88974538e-02  6.40835389e-02
  1.40666515e-01  1.11495797e-02  1.57736734e-01  4.98139393e-03
  2.40159743e-02 -9.49544907e-02  1.66759752e-02  6.84977472e-02
 -4.39207926e-02  6.92587718e-02  2.36130729e-02 -1.14405185e-01
  1.65211465e-02  2.34453380e-01 -1.38232931e-01 -1.71665624e-02
  7.37112612e-02  7.45922551e-02  1.73039865e-02 -3.75680625e-02
 -1.10871270e-01  3.11342832e-02  2.61122845e-02 -5.16510606e-02
 -1.18096069e-01 -3.57400216e-02 -2.29982175e-02 -4.06923406e-02
  2.27120947e-02  6.90420121e-02  9.44167227e-02  8.22232217e-02
  2.86908764e-02 -1.04808681e-01  2.78132074e-02  1.33960158e-01
 -7.70542473e-02 -7.81959519e-02  1.29780337e-01 -2.29895562e-02
 -8.09152126e-02 -2.65168622e-02 -1.13434449e-01  3.58555326e-03
  6.81698024e-02  4.03627232e-02 -8.78316164e-02  2.25183874e-01
 -1.75421432e-01  9.10543725e-02  6.92820782e-03 -2.98784059e-02
  2.85280496e-03 -8.05219412e-02 -4.54791076e-02 -4.28188667e-02
  3.39734964e-02 -1.64365828e-01 -7.50385672e-02 -6.09394908e-02
  1.72217248e-03 -6.87633455e-02  4.78716604e-02 -2.12964535e-01
  8.04616958e-02 -7.67535493e-02 -3.14666480e-02  1.88552216e-02
  8.98301415e-03  6.99830800e-02 -1.58330649e-02 -7.06145540e-02
  1.22056007e-01 -6.87546236e-03  1.81937307e-01 -5.34561239e-02
 -3.22674140e-02 -1.67969149e-02  8.13917518e-02 -3.26049402e-02
  4.07202840e-02  1.53138796e-02 -3.68640050e-02  7.66857937e-02
 -8.49434361e-02 -1.06995776e-01 -1.46582127e-01 -2.30984180e-04
 -2.31631696e-01 -1.26656517e-01 -7.23176375e-02 -6.05013862e-04
 -7.21726567e-02  1.83206908e-02 -1.12340756e-01  1.04138806e-01
  3.32958251e-02 -1.57002687e-01  1.15973912e-02  3.73953045e-03
  8.05847533e-03  5.38106710e-02 -1.36638358e-01  6.88417256e-02
 -6.97822124e-03  2.93950625e-02 -6.06068559e-02  7.10649788e-02
  3.11850607e-02 -9.97736305e-02 -1.88773930e-01  7.14642629e-02
 -1.85702458e-01 -7.89419841e-03  1.49065489e-02  5.61759360e-02
  1.89439714e-01 -2.37350717e-01  6.82366639e-02 -1.19430877e-01
 -1.96435060e-02  7.15118349e-02 -3.83985825e-02 -4.23804857e-03
 -1.04202390e-01  6.45755306e-02  1.82750274e-03  1.01085886e-01
 -5.00066467e-02  9.83286500e-02 -2.70883571e-02 -1.11831225e-01
  1.50581092e-01 -1.15028538e-01  2.33408101e-02 -1.12697691e-01
 -6.45065308e-02 -1.71997130e-01 -5.69668561e-02 -1.47164729e-03
 -2.24923059e-01  1.70200005e-01 -1.28459353e-02  2.19218165e-01
  1.20759875e-01  1.56656787e-01  1.13527291e-02 -5.64529859e-02
 -1.60514474e-01 -1.12872729e-02 -1.32495044e-02 -1.79207586e-02
 -3.25007513e-02  1.51124969e-01  1.99337900e-02  9.29467008e-02
 -1.26350865e-01 -7.00337812e-02  1.30658522e-01 -8.10295343e-03
  1.43628359e-01 -3.07922028e-02 -5.55403754e-02  3.47409546e-02
 -2.64683485e-01 -7.58831054e-02 -2.33794637e-02 -4.51708306e-03
 -2.88525429e-02  1.09446093e-01 -1.05039962e-01 -8.26731324e-02
 -1.53300643e-01 -6.85577914e-02  1.41588137e-01 -3.37566957e-02
 -3.75244170e-02 -3.70072484e-01 -1.32819423e-02  2.02978905e-02
  9.63148698e-02  2.07183555e-01  4.37470585e-01  1.19053878e-01
 -3.59532349e-02 -2.01663449e-01  1.01640359e-01  8.94845277e-02
 -1.39825046e-01 -4.49686907e-02  2.53910154e-01  2.25893006e-01
  2.55084902e-01  1.84530944e-01 -1.60914034e-01  9.58273858e-02
 -4.99215461e-02 -8.61268416e-02 -1.17266998e-01 -4.22196314e-02
 -3.45326727e-03 -3.60829420e-02  1.73603326e-01 -3.77128795e-02
 -1.29630148e-01 -1.25735149e-01  3.00780721e-02 -2.81310417e-02
 -1.53554738e-01  1.35090305e-02  1.66692864e-02 -2.60600634e-02
 -1.07963070e-01  3.53528373e-02  4.69828583e-02  4.08558967e-03
 -2.75824279e-01 -1.02159128e-01 -2.04193592e-01  1.62404682e-02
 -1.10952541e-01 -1.04845678e-02  1.10278547e-01  5.19135371e-02
  8.89030397e-02  1.42982841e-01  1.51332110e-01 -3.14857215e-02
 -2.32037336e-01 -1.10105336e-01  5.74298911e-02 -7.55179822e-02
 -8.50428715e-02 -6.59199134e-02 -6.52519539e-02 -1.59018427e-01
 -1.27219930e-01 -2.37143859e-01 -1.00407436e-01  1.49074301e-01
  1.33469447e-01 -4.57476489e-02  1.08608240e-02 -7.24993646e-02
 -1.20691538e-01  1.07062094e-01  4.07012412e-03  4.98638256e-03
  1.77675679e-01 -1.15844786e-01 -1.15570493e-01  1.31212711e-01
  3.28324288e-02  8.69219750e-02  8.45306669e-04 -1.04259685e-01
 -1.33346826e-01 -3.77902798e-02  1.88334901e-02 -7.71523491e-02
 -3.55008617e-03 -1.37182742e-01  8.72137100e-02 -5.55330515e-02
 -1.69678591e-02 -7.81235890e-03 -6.52782470e-02 -2.15705764e-03
  1.18635669e-01  6.02812208e-02  8.06493964e-03 -6.19602501e-02
 -2.32975230e-01  7.74141774e-02 -3.11724525e-02  1.34191848e-02
  5.91057725e-02 -1.04971103e-01  1.12814896e-01  2.68725045e-02
 -1.47926971e-01  7.38951638e-02  2.34424978e-01 -1.73131660e-01
 -3.51635069e-02  4.19571623e-02 -6.27088174e-02  5.98820262e-02
 -1.06314152e-01 -3.96584049e-02  1.20425239e-01 -6.84190542e-04
  2.91596036e-02 -1.07557021e-01  1.06714673e-01  4.65246402e-02
  5.66840321e-02  5.52239530e-02 -5.37257642e-03  5.11342213e-02
  5.88146895e-02  2.70121135e-02  1.46960532e-02  3.81931663e-02
 -9.80047435e-02 -1.12477764e-01 -1.65727407e-01 -1.78975061e-01
  9.46204811e-02  9.61687863e-02 -8.83199871e-02  6.67975396e-02
  5.55233955e-02  1.47885427e-01 -2.51267441e-02  6.25209659e-02
  3.69890295e-02  2.17207503e-02 -4.43352237e-02  5.50734438e-02
 -2.99724340e-02 -6.64729923e-02 -7.00777099e-02 -6.80890530e-02
 -4.91054319e-02  1.37557834e-01 -1.43319696e-01  2.97058132e-02
 -1.17371522e-01 -9.86771435e-02  1.21346287e-01 -1.00891054e-01
 -4.72988896e-02 -1.26962721e-01  4.34387773e-02  2.90514552e-03
 -1.13547772e-01  1.50315449e-01 -1.84638202e-01  7.72527531e-02
 -8.66282657e-02  1.28456494e-02  1.39251538e-03 -2.78540030e-02
 -1.63957968e-01  1.43828839e-01  4.87850830e-02 -1.10760532e-01
 -1.85020939e-01  9.81605146e-03 -5.74860349e-02  1.40773514e-02
 -3.60480733e-02  1.21216692e-01 -2.69309524e-02 -7.94849768e-02
  1.45090856e-02 -5.94891869e-02  1.36277247e-02  7.62590915e-02
 -4.19648457e-03  3.11463755e-02  2.82897558e-02  1.64264832e-02
  3.01249661e-02  1.22629978e-01 -1.08060084e-01 -7.37718642e-02
 -3.06777973e-02  1.42413229e-02  1.06052440e-02 -1.62628796e-02
 -4.19583498e-03 -9.70983654e-02  8.33805837e-03 -1.09608226e-01
 -4.76652794e-02 -5.36102094e-02 -2.56510079e-02  6.12771213e-02
  1.06920078e-01  3.65461595e-02  1.96637101e-02 -1.18408427e-01
 -1.23963043e-01  3.95901725e-02 -1.19826727e-01 -6.01163507e-02
 -1.29500791e-01 -1.19717129e-01 -1.90265346e-02  6.82716966e-02
  1.43020585e-01  3.37932073e-02 -2.37521723e-01  1.36337429e-01
 -4.00669873e-02 -8.92849639e-02  3.19676772e-02  9.55890194e-02
  9.75798815e-02 -1.02944486e-01 -2.81496029e-02  2.29004189e-01
  8.75600725e-02 -1.70470640e-01  1.85117170e-01  1.03555486e-01
  9.74574387e-02 -3.15800905e-02  7.86998346e-02  1.34443790e-01
  1.09648004e-01  2.05154456e-02 -1.52676255e-01  2.95812428e-01
 -2.78489828e-01 -5.49492352e-02 -2.56032467e-01 -1.40785590e-01
 -3.97251248e-02 -1.75373990e-03  8.99446532e-02  2.26264656e-01
  8.50037038e-02  2.75681471e-03  2.43417427e-01 -7.21670408e-03
  1.39448851e-01 -5.70003018e-02  7.50900283e-02  2.79191583e-02
  6.36692941e-02  2.23957039e-02  1.98979467e-01 -1.46717802e-01
 -1.71270370e-01  1.18228413e-01 -5.28278202e-02 -4.80040088e-02
 -2.02643201e-02  1.41470239e-01  3.29250097e-01 -3.91858630e-03
  3.42931390e-01  2.16166392e-01  1.39934905e-02 -9.95014142e-03
  1.56360716e-01 -1.85206547e-01 -1.41579956e-01  1.41627833e-01
 -1.15448376e-02 -9.68008209e-03 -1.57198951e-01  2.52050936e-01
 -1.98130608e-01 -2.29067877e-01  3.97304510e-04 -5.09102121e-02
  1.50281833e-02  1.68495640e-01 -1.76985845e-01 -1.03484392e-01
  1.24872312e-01 -2.87131611e-02  6.64072484e-02  7.80309923e-03
 -7.94311836e-02  2.25468688e-02  7.64418915e-02  1.21370610e-02]