http://erau.edu/ontology/meme.owl#WakaLakaMeme
[-5.30417673e-02 -1.00761443e-01  2.29291874e-03 -1.26872301e-01
 -1.28901273e-01  3.95128801e-02 -2.90312879e-02 -3.69000025e-02
  2.42153648e-02 -3.09836026e-02  1.75738350e-01 -1.45836100e-01
  1.78419575e-01 -6.15701936e-02  5.65310428e-03 -6.55785725e-02
  4.19887826e-02 -7.64360428e-02 -2.09199805e-02 -7.73013383e-02
 -4.86980751e-02  1.62325248e-01  1.76359028e-01 -1.46633625e-01
 -2.52355170e-02  6.25929656e-03  7.11635174e-03 -1.64432209e-02
  1.52562574e-01  6.64798319e-02  1.07834060e-02  5.91895580e-02
 -1.43437177e-01 -1.22972615e-01 -6.90731034e-02  1.94606185e-01
 -7.49289058e-03  1.07456446e-01 -1.14124123e-04 -1.14058822e-01
  4.56487238e-02  1.75905913e-01 -1.99455142e-01 -2.80095115e-02
  2.01995656e-01 -2.13481467e-02  7.77818561e-02  8.24966356e-02
 -6.28105402e-02  1.23733751e-01  3.65606323e-02 -7.01891705e-02
 -1.65407974e-02 -1.33766428e-01 -6.94145411e-02 -3.98193970e-02
  1.55074403e-01 -7.57147148e-02  2.32385129e-01  5.50695509e-02
 -9.61990952e-02 -3.83329652e-02  1.12229340e-01  1.28720671e-01
  1.74499452e-02 -4.58479337e-02  1.79772630e-01 -5.89431040e-02
 -9.19433311e-02 -1.77300811e-01 -2.01575115e-01  7.48577490e-02
  1.18272891e-02  1.34359514e-02  4.81375493e-02  3.47980782e-02
 -9.53320134e-03  1.04893535e-01  1.07127324e-01  2.97556835e-04
 -1.37316510e-01 -1.46571696e-02  8.29520694e-04 -2.11362481e-01
  7.00463578e-02  3.56570035e-02  5.05960435e-02 -4.96548824e-02
  2.86654364e-02 -7.27962479e-02 -8.76204371e-02 -1.83951191e-03
  1.56552225e-01 -8.38203058e-02 -6.70924336e-02  1.45728081e-01
  6.84808642e-02 -8.13049003e-02 -7.84431584e-03  9.75726824e-03
  1.64182395e-01  3.44515741e-02  1.72018409e-01 -2.61555575e-02
 -1.41248241e-01 -9.72226933e-02  1.54104695e-01  1.22555709e-02
 -4.44944352e-02 -7.86936283e-02 -1.45332158e-01 -3.19742262e-02
 -1.73737779e-01 -8.87083039e-02  3.62200774e-02  2.13368498e-02
 -2.30185941e-01 -2.07917497e-01  7.52841979e-02  1.67484611e-01
  5.88155277e-02 -1.97675839e-01 -2.23622084e-01  5.88236116e-02
 -2.59293225e-02 -1.19588293e-01 -5.49351126e-02 -1.74292494e-02
  2.82821283e-02  6.30158409e-02 -1.36556655e-01 -8.68215114e-02
 -7.79525656e-03 -9.14506521e-03 -2.00787008e-01  1.24518380e-01
 -7.71148577e-02 -2.96602189e-03 -1.50619105e-01  2.19276756e-01
 -1.28532559e-01  1.02667836e-02  2.54949536e-02  3.31059098e-02
  9.14839581e-02 -3.23237091e-01  1.23054706e-01 -1.03801660e-01
 -1.61228582e-01  4.70169112e-02  5.00171296e-02 -4.14171629e-02
 -8.11168179e-03  4.33180034e-02 -7.49192461e-02  1.52429506e-01
 -1.18919007e-01  2.19175860e-01 -2.19714846e-02 -5.23635633e-02
  3.63071710e-02  1.54726923e-01  8.93546045e-02 -3.73440757e-02
 -2.81005412e-01 -1.88517854e-01  7.04872906e-02  1.11264728e-01
 -3.17341387e-01  1.01687983e-01  1.45492498e-02  2.68595330e-02
  1.51889995e-01  9.38916206e-02 -7.11869001e-02  4.85544242e-02
 -7.52657950e-02 -1.44368298e-02 -6.12232052e-02 -1.40737812e-03
 -7.87004456e-02  2.05645021e-02  8.35814630e-04  9.28743556e-03
 -1.03489250e-01 -1.94976255e-02 -1.30963381e-02 -1.01083390e-01
  1.14346832e-01 -2.61715502e-02  6.39331639e-02 -1.23003848e-01
 -2.53251731e-01 -5.42316660e-02  6.83717504e-02  5.62720038e-02
 -5.14394045e-02  1.96515962e-01 -1.55575916e-01 -1.00591063e-01
 -8.20855349e-02 -3.56655940e-02  2.73814090e-02 -5.72049953e-02
 -6.64039776e-02 -1.55255854e-01 -3.30694206e-02 -1.23209588e-01
  4.06774543e-02  1.19696200e-01  1.56149745e-01  3.37973945e-02
  2.55006272e-02 -4.10850383e-02 -6.95737526e-02  6.68347627e-02
 -1.16210036e-01 -2.04310901e-02  3.09345368e-02  1.34805337e-01
 -3.25092003e-02  7.43342414e-02 -9.30202454e-02  2.75648050e-02
 -1.06355831e-01  1.57507956e-01 -2.06567407e-01  3.06489761e-03
 -3.02056372e-02  7.54514709e-02  5.98830357e-02  9.76728424e-02
 -1.91299975e-01 -4.09066590e-04 -1.29537627e-01  6.66181967e-02
 -3.20537686e-02 -1.68346405e-01  2.71120165e-02 -8.94699916e-02
 -1.40452534e-01 -7.36190677e-02  4.09441032e-02 -7.10195601e-02
 -2.71378905e-01 -2.10653581e-02 -8.05500820e-02 -4.45446298e-02
 -3.98791535e-03 -6.65111542e-02  3.26710530e-02 -4.14482467e-02
  3.33121307e-02  3.48707512e-02  2.34477371e-02 -4.49615344e-02
 -1.97449222e-01 -5.87309152e-03  6.46784157e-02  3.72770689e-02
 -1.23746291e-01 -1.46090388e-01 -8.04177597e-02 -1.16711691e-01
 -2.01538280e-02 -2.94889897e-01  4.01644073e-02  1.92080941e-02
  2.15417594e-01 -2.40608290e-01 -7.98867494e-02 -1.48198664e-01
 -7.34588727e-02  8.23814049e-02  4.63534817e-02 -8.35302547e-02
  1.19954295e-01 -2.34338641e-03 -1.52189478e-01  4.04526442e-02
  1.25101551e-01  4.43370752e-02  3.50643545e-02 -9.13866758e-02
 -2.29066461e-01  3.59499715e-02 -1.24639928e-01  7.29463473e-02
 -3.06282640e-02 -2.55903989e-01  3.72218266e-02 -2.22836837e-01
  7.83283710e-02 -5.08862212e-02  1.59759133e-03 -2.46582665e-02
  7.32268095e-02 -5.91468289e-02 -1.34704486e-01 -1.07648626e-01
 -2.13166878e-01  3.52833569e-02  4.87011373e-02  1.82246163e-01
 -1.69547778e-02 -1.07429780e-01  2.26914972e-01 -1.59224309e-02
 -8.30001459e-02  1.09028064e-01  3.33063960e-01 -2.22341105e-01
 -1.35233268e-01  5.30937016e-02 -4.94824685e-02  3.09296064e-02
 -1.31149694e-01  5.46738245e-02  9.97717828e-02 -5.83622865e-02
  1.49526834e-01 -1.07842788e-01  1.98458642e-01  1.44872233e-01
  1.27191946e-01 -1.49600822e-02 -1.66715533e-01 -8.68240185e-03
 -2.65174154e-02 -4.50887010e-02  2.88783237e-02 -4.22567204e-02
 -4.12499681e-02 -2.37515852e-01 -7.36179724e-02 -1.98460698e-01
  1.66574657e-01  2.91253608e-02  5.26396595e-02  1.39108106e-01
  6.53177351e-02  7.20389537e-04 -5.86414570e-03 -1.13143831e-01
 -8.05654675e-02  1.35043301e-02 -9.08788815e-02 -1.13634609e-01
 -5.26169650e-02  1.95631720e-02 -1.63484667e-03 -9.43095796e-03
 -7.48721361e-02  1.88581035e-01 -1.31509930e-01  7.47528970e-02
 -1.73354391e-02 -8.76052752e-02  1.41655475e-01 -4.77206036e-02
 -1.16950788e-01  4.28923145e-02  6.74375594e-02 -6.66564554e-02
 -2.61921585e-02  1.11144654e-01 -7.89739937e-02 -4.74041216e-02
 -1.51310442e-02  7.85569102e-02  2.08084956e-02  3.62405507e-03
 -2.62827814e-01  1.83595359e-01 -1.11786164e-02 -2.71383729e-02
 -1.26183659e-01  3.91871855e-02 -1.87292367e-01 -3.80361453e-02
  3.86155881e-02  7.87161663e-03  7.01823644e-03 -4.33694571e-02
  6.44072741e-02 -1.55333981e-01  6.49282113e-02  1.16181105e-01
 -9.72479805e-02 -6.27613217e-02 -5.20279892e-02  7.53026381e-02
 -2.57951170e-02  3.49539936e-01 -7.16663897e-02 -7.09068030e-02
  1.12690143e-02  2.80336440e-02  2.93882370e-01 -1.69755295e-01
 -2.75095776e-02 -1.06437780e-01  5.82416430e-02 -1.84277579e-01
 -4.53199595e-02  1.50674758e-02  5.60315736e-02  1.64153546e-01
  9.28353444e-02  1.39956608e-01  1.04709886e-01 -9.27610546e-02
 -4.25827503e-02 -9.67654660e-02 -1.14515252e-01  1.30604774e-01
 -1.64971948e-01 -1.34139389e-01 -7.53746033e-02  9.25263390e-02
  1.73119321e-01  3.25333066e-02 -8.23654309e-02  9.09583643e-02
  7.00342134e-02 -2.47925334e-02 -7.94341043e-02  7.70406723e-02
  4.08892855e-02 -6.27221772e-03 -8.39621499e-02  1.08752139e-01
 -1.66169051e-02 -8.82702619e-02  7.33855814e-02  1.96747378e-01
  8.87348652e-02  2.63208300e-02  1.41409757e-02  5.18582948e-02
  5.48021309e-03 -1.11314774e-01 -1.57288894e-01  4.17059660e-02
 -1.57811224e-01 -1.24529544e-02 -1.21102132e-01 -1.71549529e-01
 -9.81982872e-02  9.60976109e-02  2.08629236e-01  2.07979679e-01
  4.22869287e-02 -5.23310378e-02  2.31072739e-01  1.20242715e-01
 -2.39484999e-02 -2.57295761e-02 -2.17705080e-03  1.11986301e-03
  1.83333203e-01  5.59644438e-02  2.76735798e-02 -1.06363885e-01
 -5.80023043e-03  4.62690704e-02 -6.57051280e-02 -1.87977374e-01
  3.16257142e-02 -1.16293244e-01  1.14991151e-01 -4.70075831e-02
  1.35629684e-01  8.84515569e-02  6.63524866e-02 -1.37358069e-01
  2.39609852e-01  4.37291339e-02 -9.91447568e-02  1.11132808e-01
 -1.17712915e-01  2.31012926e-02 -1.98072463e-01  1.95995644e-01
 -2.97763199e-02 -4.75508831e-02 -1.88301027e-01  1.25123367e-01
 -1.41661778e-01  1.39884586e-02 -3.48276086e-02 -5.09872613e-03
  6.89822212e-02  1.44916307e-02 -1.39540166e-01  2.42843549e-03
 -9.22966748e-03  4.69066389e-02 -1.01224659e-02 -8.79683495e-02]