http://erau.edu/ontology/meme.owl#2017QuebecMosqueShootingMeme
[ 7.83741400e-02 -1.74002916e-01 -1.63883403e-01  6.92598447e-02
 -3.78301702e-02  1.52503669e-01  4.21471894e-02  1.79678768e-01
  1.52189642e-01 -1.20645706e-02  1.48940817e-01 -4.68532555e-02
 -8.09495226e-02 -5.17118871e-02 -6.76089823e-02 -4.95207869e-02
  1.47005031e-02 -3.27371131e-03 -1.09771669e-01  9.28371921e-02
 -1.20544650e-01  2.25683600e-01 -2.46192776e-02 -8.80694836e-02
  1.55408010e-01  2.98419362e-03  6.65115342e-02 -3.15443911e-02
  1.78790614e-01  2.12864503e-01  1.52655780e-01  2.72030622e-01
  1.17576132e-02  1.51414990e-01 -2.96426266e-02  1.59589633e-01
  9.70599987e-03  9.14298296e-02 -6.77424297e-02 -1.07984811e-01
  3.56926164e-03  6.09265864e-02 -2.26846248e-01  1.20970927e-01
  1.46695182e-01 -4.45450619e-02 -2.24666148e-02 -2.04544723e-01
 -9.04548094e-02  2.53921095e-02  3.44970636e-02  1.04122097e-02
 -8.17822441e-02 -2.81833738e-01 -2.37226799e-01 -6.95451573e-02
  1.09602571e-01 -8.10227618e-02  1.93401203e-01 -1.40056551e-01
 -3.62440497e-02  1.20981596e-01 -7.56182000e-02 -7.69560784e-03
  7.43479580e-02 -7.86029175e-02 -3.24375997e-03  8.00036490e-02
 -6.08737096e-02 -1.21817641e-01 -1.47041574e-01  3.98652591e-02
  7.19618127e-02  8.76434520e-02 -1.64972190e-02  5.14716618e-02
 -5.25044613e-02  1.38509041e-02  1.26044184e-01 -4.78811823e-02
 -1.87161826e-02 -5.78317530e-02 -8.82860124e-02 -9.72103402e-02
  1.22949362e-01  3.32694538e-02 -1.17148280e-01  5.38747385e-03
 -4.08046022e-02 -9.99969095e-02  8.41380879e-02 -1.25152305e-01
  1.03459805e-02 -4.96804342e-02  1.16611861e-01  4.75406460e-02
  1.18992619e-01 -6.34428784e-02 -6.73392564e-02 -4.16549593e-02
  1.51933908e-01  1.05236106e-01  3.11696291e-01 -1.02907315e-01
  4.37552929e-02  2.89544854e-02  4.92663570e-02  4.07307483e-02
  1.85159910e-02 -1.21382639e-01  1.43286094e-01  6.76168278e-02
  1.55404480e-02 -9.13658589e-02  7.25207999e-02  3.25855054e-02
 -1.63261682e-01 -6.63888156e-02  3.82169164e-05  3.38200033e-02
 -1.84455872e-01  2.28320882e-02 -1.86531559e-01  3.32004502e-02
  3.13274592e-01  2.47974414e-03 -1.61190741e-02 -3.13285254e-02
  1.02003314e-01 -6.65011406e-02 -3.24547142e-01 -1.34140000e-01
  3.59775014e-02 -7.23805353e-02 -9.58339348e-02  1.68063551e-01
 -8.35474506e-02 -5.93749173e-02 -1.52768463e-01  1.45524591e-01
 -2.49407083e-01  1.37607411e-01  2.33694866e-01 -2.78474875e-02
  1.71384409e-01 -3.00898850e-01 -6.82474929e-04 -7.96731710e-02
 -1.03333540e-01  1.70698658e-01  1.10915294e-02  2.92910635e-02
  1.90119892e-02  1.08625263e-01 -4.79322305e-04  8.63424763e-02
 -1.19303130e-01  3.41271162e-01 -1.44309335e-04 -2.16597438e-01
 -2.43305061e-02  1.13113234e-02  8.27651322e-02 -1.50001064e-01
 -1.38001725e-01 -6.55332208e-02  4.46757451e-02  1.56697139e-01
 -4.21259224e-01  8.35716575e-02  7.06021441e-03  9.52541009e-02
  1.02224290e-01  2.13590354e-01 -9.35790911e-02  1.05840135e-02
  5.53204678e-02 -4.07757312e-02  5.89327216e-02 -3.61953080e-02
 -1.56024083e-01  2.78006941e-02 -8.48336741e-02  9.36742648e-02
 -2.73123123e-02 -3.65739726e-02  1.50312647e-01  3.74187678e-02
  1.28003046e-01  2.98428982e-02  1.22096181e-01 -5.72623946e-02
 -1.58632264e-01 -1.03868544e-01 -2.93587074e-02  8.35195035e-02
 -7.11737424e-02  9.08704698e-02  3.88676114e-02 -5.33769801e-02
  2.12127808e-02  1.16567679e-01 -1.94944777e-02 -1.11357704e-01
 -1.08756043e-01 -1.65535673e-01 -1.00681566e-01  4.29564789e-02
 -1.48956459e-02  4.81250733e-02  2.19263911e-01  5.75656965e-02
  8.20811316e-02  1.14850417e-01 -7.32519627e-02  1.80933084e-02
 -1.12095006e-01  4.22079377e-02  1.43934995e-01  1.33732194e-02
  3.77634726e-02  5.25992103e-02  2.59156153e-02  1.13360375e-01
  3.81153896e-02 -3.80999316e-03  1.14696480e-01  5.60154356e-02
 -1.68548390e-01  1.86327249e-01  1.61013618e-01  1.55522823e-01
 -1.44628696e-02 -1.01824969e-01 -1.94100827e-01  9.08230171e-02
  4.38582636e-02 -1.51567787e-01  9.36874300e-02 -5.57352528e-02
 -4.63224500e-02 -1.04851574e-01 -4.32687961e-02 -1.03676826e-01
 -2.10369691e-01 -1.07913055e-01 -2.25515664e-01  8.65532011e-02
  1.33037239e-01 -5.83690442e-02  5.27434535e-02  4.28113109e-03
 -1.12358024e-02  2.98109557e-02  1.46961182e-01  1.16108239e-01
 -1.36240840e-01  6.76762685e-02 -3.72342169e-02  7.37521499e-02
 -8.96235462e-03 -1.11247391e-01 -1.49789259e-01 -1.89046770e-01
 -1.28946513e-01 -2.13588431e-01 -1.01175383e-01  5.89127690e-02
  1.15493350e-01 -9.03214961e-02 -1.22760065e-01 -5.47646023e-02
 -2.11930815e-02  5.89095652e-02  5.81255965e-02 -8.46380815e-02
  4.58774343e-02  3.51151451e-02  4.26650420e-02 -3.41750309e-02
  1.23514839e-01  1.17489003e-01 -1.43910712e-02  6.80721402e-02
 -1.52904510e-01 -6.45016581e-02 -1.45567074e-01 -6.39309874e-03
 -4.40445207e-02 -1.90910935e-01  9.14743766e-02 -1.56270117e-01
  2.59551648e-02  9.41638574e-02  1.22835241e-01 -5.24410307e-02
  5.05502187e-02 -1.03948014e-02 -5.70012257e-02  4.76792045e-02
 -2.60549992e-01  1.40038043e-01 -5.98175116e-02  1.61507517e-01
 -2.81312633e-02 -6.10056780e-02 -3.65185216e-02 -1.51607413e-02
  3.34132351e-02 -2.46484131e-02  2.51531929e-01 -1.03811081e-02
 -8.11662227e-02  5.08883931e-02 -1.10471040e-01  8.00457299e-02
 -5.92798926e-02  8.69904831e-02 -2.91939322e-02 -1.41053036e-01
  1.09137654e-01 -1.32522553e-01  2.35386506e-01  2.01107189e-01
  9.07674879e-02  6.15833662e-02 -6.18021525e-02 -9.16649550e-02
  2.88552027e-02  3.31109054e-02  3.07011232e-02 -1.15435392e-01
 -2.05474701e-02 -2.74676800e-01  1.51427137e-02 -2.10167080e-01
  3.26560974e-01 -4.96668601e-03  5.64443469e-02 -8.92646089e-02
 -1.26695141e-01  6.23195805e-02 -2.27752939e-01 -1.99028939e-01
 -1.09915681e-01 -1.71885893e-01  1.50053248e-01  3.13133746e-02
 -4.17430811e-02 -1.12769835e-01 -1.42589629e-01  6.78254012e-03
 -7.98987374e-02  2.25608811e-01 -7.53593743e-02  1.35975555e-01
 -5.33123547e-03  8.13699141e-02  2.04268470e-01 -1.94657788e-01
 -4.83443402e-02  1.57499298e-01 -5.27852252e-02  6.43591136e-02
 -1.24545665e-02  7.30928481e-02 -7.92756304e-02  1.03801675e-01
  1.28489837e-01  6.97237104e-02 -2.71804966e-02 -2.61252612e-01
 -3.17494273e-01  2.24915937e-01  3.79491299e-02 -2.46550981e-02
 -6.10178635e-02  2.63790917e-02 -1.22221977e-01 -1.27273247e-01
  1.49394885e-01  1.15963124e-01 -2.16520086e-01 -1.52311519e-01
  8.38988423e-02 -8.57915357e-02 -1.12831913e-01  6.69646114e-02
 -8.65390077e-02 -1.50705546e-01 -3.11742108e-02 -7.49085024e-02
 -1.07779957e-01  2.47233480e-01 -3.29030156e-02 -1.33581519e-01
  1.31276548e-01  1.04989083e-02  6.09495521e-01 -1.11534700e-01
 -1.44247741e-01 -3.20063084e-01 -4.24279096e-05 -4.08499479e-01
 -1.63696840e-01  8.02495331e-02 -4.16234555e-03  5.07982492e-01
  1.55159310e-01  8.83724988e-02  1.88450441e-01 -2.67397314e-01
 -1.02082796e-01 -5.18777780e-02 -1.17591314e-01  1.52855694e-01
 -2.30824262e-01 -2.27034613e-01 -3.83992940e-02  1.43199310e-01
  1.82804167e-01  7.12366821e-03 -2.91131824e-01  2.61399485e-02
  4.05389182e-02 -2.07586497e-01 -1.15275262e-02  3.85554314e-01
  1.82587072e-01  1.04734920e-01  7.08500370e-02  3.23532254e-01
  3.18427570e-02 -2.87451476e-01  2.40705922e-01  3.13922703e-01
  1.03457019e-01 -1.39952689e-01  1.37418896e-01  2.17807949e-01
  3.85054909e-02 -9.81390104e-02 -1.60403341e-01  2.93848842e-01
 -2.92929709e-01 -1.11140445e-01 -2.27224335e-01 -1.06837720e-01
 -1.72185630e-01  3.22531201e-02  9.62292179e-02  5.89099713e-02
  1.35497585e-01 -1.49945011e-02  2.14352906e-01 -1.75254241e-01
  2.04542950e-01  2.35130087e-01  9.64934826e-02 -1.63445607e-01
  1.98826090e-01  6.05526865e-02  1.60552517e-01 -1.27837792e-01
  1.75944194e-02  7.07587004e-02  8.27491656e-03 -2.00137496e-01
  4.50067781e-02  1.22959383e-01  2.35212967e-01  1.06832184e-01
  2.16884211e-01  1.93621024e-01  6.65025711e-02 -1.11926273e-01
  1.42504245e-01 -1.66509867e-01 -1.67145059e-01  1.37016237e-01
 -1.10938527e-01  2.48729775e-04 -1.39452834e-02  1.26387611e-01
 -6.53223926e-03 -1.39079720e-01 -1.55856729e-01 -8.92317016e-03
  1.31869033e-01  1.24370176e-02 -1.53640464e-01  1.79997217e-02
 -7.84946904e-02 -2.47192487e-01  1.99039310e-01 -1.01712286e-01
 -1.96953282e-01 -9.38887596e-02 -1.04634479e-01 -1.96730420e-02]