http://erau.edu/ontology/meme.owl#2017AprilFoolsDayMeme
[ 7.19030499e-02 -5.85154556e-02 -1.87742915e-02  7.99074471e-02
  2.59672366e-02  8.93056616e-02  5.20264842e-02  3.90845165e-02
  5.39188050e-02 -4.76662144e-02  1.14278711e-01 -4.25801203e-02
 -4.85937446e-02  7.58098289e-02 -5.59732318e-02 -5.46006747e-02
  2.05512568e-02  2.25595161e-02 -5.38299941e-02  8.19696784e-02
 -1.36498585e-01  1.66369647e-01  5.07240817e-02 -1.02128066e-01
  1.04411893e-01 -8.02770332e-02 -4.43872958e-02 -6.07340503e-03
  1.68348968e-01  8.84087309e-02  1.75890401e-01  2.10738465e-01
  3.34012955e-02  3.09995213e-03 -1.85302980e-02  1.16651483e-01
  7.01434165e-03  6.18668050e-02 -2.79494021e-02 -5.65892681e-02
 -9.02009159e-02  1.03352554e-01 -2.37129137e-01  2.03893147e-03
  7.71381930e-02  2.65307967e-02  2.80645788e-02 -1.40718073e-01
 -3.05062365e-02 -2.37116385e-02  8.91224891e-02 -1.09456992e-02
 -1.00163303e-01 -1.52905554e-01 -1.23636119e-01  3.41128334e-02
  7.85609633e-02 -1.08387388e-01  8.02500248e-02 -4.01641689e-02
  4.28961217e-02 -2.07666904e-04  5.16857058e-02 -1.44568039e-03
  2.63462076e-04 -4.86802980e-02 -1.99867468e-02  1.35065634e-02
 -7.39705935e-02 -2.76077837e-02 -1.36954993e-01  5.88939637e-02
  8.08027312e-02  4.83263843e-02 -1.13517605e-03  7.41754472e-02
 -3.67178321e-02  3.75159457e-02  8.17174762e-02 -5.64337783e-02
 -4.17094585e-03 -8.42165798e-02 -4.68600653e-02 -1.02226563e-01
  2.43676174e-02 -5.12426300e-03 -1.29690573e-01 -1.60572715e-02
  1.75929368e-02 -1.23536207e-01  5.91133647e-02 -1.23761609e-01
  3.17834131e-02 -5.62122045e-03 -5.83378272e-03  2.48492341e-02
 -2.79347170e-02 -5.45557328e-02 -1.26180470e-01  5.33225015e-03
  1.04733676e-01  4.57948297e-02  2.37378106e-01 -4.79744077e-02
 -1.52513627e-02  6.53959289e-02  6.20952174e-02  6.77204728e-02
  2.52151373e-03 -9.44012627e-02  1.40378217e-03  4.09908481e-02
  2.05381531e-02 -7.44319782e-02  1.40176713e-01  3.27400379e-02
 -1.61785930e-01 -4.38842364e-02  5.07072546e-02  8.81401598e-02
 -3.72271016e-02 -1.40527375e-02 -1.53811321e-01  6.02660552e-02
  1.80867478e-01 -2.83246096e-02  4.20491286e-02  4.88283038e-02
  1.10227749e-01 -4.70244922e-02 -2.38424346e-01 -6.03591800e-02
 -6.23558946e-02 -3.10353357e-02 -4.18873839e-02  1.72668099e-01
 -1.11864489e-02 -4.14884090e-02 -1.25924125e-01  1.41544789e-01
 -1.37729630e-01  2.48803236e-02  2.25717053e-01  4.21679467e-02
  1.61684409e-01 -2.04464778e-01  4.09921668e-02 -1.01964451e-01
 -6.28479570e-02  1.10445552e-01 -6.93734922e-03 -1.05261048e-02
 -5.30564338e-02  6.15754463e-02 -8.44293758e-02  7.48000145e-02
 -6.69151470e-02  2.59810001e-01  1.68533754e-02 -1.21331148e-01
 -2.60338187e-02 -1.84977520e-02 -4.96150628e-02 -3.81830260e-02
 -2.29426533e-01 -9.57608223e-02  9.11936909e-02  2.04099059e-01
 -3.50749910e-01  1.49238154e-01  4.62591685e-02  1.16576180e-01
  1.64784878e-01  1.50862724e-01 -1.00721113e-01 -4.48160321e-02
  4.39162813e-02 -5.93783483e-02  3.72774638e-02  3.02153383e-03
 -1.13397948e-01  2.85853930e-02 -3.94344330e-02  1.06342416e-02
  6.06449842e-02 -7.89872110e-02  1.30083740e-01  5.82322516e-02
  7.05746487e-02 -1.30846240e-02  3.20858397e-02 -8.47057253e-02
 -8.33760127e-02 -1.12008445e-01  6.76730722e-02 -1.33191301e-02
  1.50706712e-03  1.56928867e-01 -5.84621495e-03 -8.89076293e-02
  4.00431119e-02  4.28083353e-02  4.00792137e-02  1.90214310e-02
 -5.42382523e-02 -3.20455194e-01 -6.93101510e-02  4.90559973e-02
  1.52526081e-01  1.75501183e-01  3.04729432e-01  2.28493307e-02
  6.79489151e-02  3.37485485e-02 -4.91816923e-02 -9.81053337e-04
 -8.26980919e-02  5.88971339e-02  1.26175463e-01  6.50265068e-02
  2.38742009e-02  9.52665582e-02 -2.40380410e-02  6.54900074e-02
  3.24643925e-02  2.03636903e-02  4.31253128e-02  1.03726918e-02
 -7.28046000e-02  7.46658742e-02  5.42375892e-02  4.92815375e-02
 -3.66715826e-02 -7.63355717e-02 -9.47250798e-02  7.85962567e-02
 -5.16661480e-02 -1.24855869e-01  4.59849238e-02  1.36844497e-02
 -9.77898315e-02 -9.57271531e-02  8.85100011e-03 -4.09212634e-02
 -1.61351666e-01 -6.23411126e-02 -1.81604236e-01 -1.77009441e-02
  2.03533415e-02 -4.18596677e-02 -1.30769685e-02  5.21096289e-02
  7.61369988e-02 -3.77595983e-02  1.36667937e-01 -8.07904638e-03
 -1.33469477e-01  8.85592476e-02 -5.87734394e-03  5.06216325e-02
 -1.28129706e-01 -8.23706165e-02 -9.39056501e-02 -1.64367273e-01
 -5.60612008e-02 -1.86520845e-01  3.32711339e-02  6.51920959e-02
  7.50629306e-02 -3.88169736e-02 -9.39290076e-02 -5.35923727e-02
  5.95204681e-02  4.15915847e-02  1.02276586e-01 -9.84381139e-03
  9.64719653e-02  9.85868182e-03 -1.18084690e-02 -3.15842815e-02
  1.21715114e-01  8.64908621e-02  7.73110474e-03 -5.83723150e-02
 -1.62013054e-01 -2.02987567e-02 -6.48148358e-02 -5.35511039e-02
 -3.50140221e-02 -1.07045323e-01  2.57978700e-02 -1.28667697e-01
  1.81935411e-02  8.61052051e-02  2.32259054e-02 -1.62183344e-02
  9.78724882e-02  3.08318418e-02  4.32690047e-03 -1.00046188e-01
 -1.29204974e-01  1.00276373e-01  1.26422364e-02  5.87456077e-02
 -9.73156933e-03 -2.77076866e-02 -4.30360343e-03  2.54483800e-03
 -4.95512635e-02 -3.93257774e-02  1.71123460e-01 -7.14735612e-02
 -9.36764032e-02 -3.45782079e-02 -1.74202636e-01  5.02437353e-02
 -3.56618538e-02  1.37847532e-02 -4.88505587e-02 -7.23527223e-02
  5.64433746e-02 -7.45003745e-02  1.11682989e-01  1.64866060e-01
  7.66464546e-02  2.18431316e-02 -3.99552211e-02 -2.75034457e-02
  7.46686459e-02  4.08118889e-02 -1.18464686e-03 -1.19099066e-01
  4.31064144e-02 -1.78970471e-01  3.90374959e-02 -1.38730898e-01
  1.82713300e-01 -2.63028238e-02  5.05654253e-02 -2.39172336e-02
 -8.05044472e-02  8.66700038e-02 -9.30890068e-02 -1.43692255e-01
 -5.50900064e-02 -1.03763476e-01 -1.25488658e-02 -1.03327762e-02
  2.21882127e-02 -5.57667278e-02 -8.48023444e-02  5.69124967e-02
 -1.53521255e-01  1.30619586e-01 -1.26820326e-01  6.82865605e-02
  2.56159063e-02  1.09261610e-01  7.86224380e-02 -1.27676040e-01
 -6.85485452e-02  7.16982409e-02 -2.20696889e-02  2.55541187e-02
  5.72190508e-02  1.83096621e-03 -6.60196096e-02  1.52059779e-01
  1.31662637e-01  1.15427440e-02  3.45323421e-03 -1.35155007e-01
 -2.43928045e-01  1.39443353e-01  1.82514787e-02 -4.12518159e-02
 -5.33187985e-02  5.29899448e-02 -2.27776319e-02 -5.23055866e-02
  2.61943638e-02  1.39460310e-01 -9.21597630e-02 -1.20806843e-01
  4.37309369e-02 -1.04560912e-01 -1.04171589e-01  1.07821338e-01
 -9.60999727e-02 -1.42203644e-01  9.17913765e-02  3.58485238e-04
 -9.64293182e-02  2.56627560e-01  7.09681585e-02 -8.04771706e-02
  3.59190367e-02  9.63346846e-03  3.26185793e-01 -1.05153166e-01
 -1.52703851e-01 -2.39113599e-01  1.25132963e-01 -1.89207599e-01
 -9.16793421e-02  9.53911319e-02 -7.32550547e-02  3.74082983e-01
  6.97244108e-02  1.09416731e-02  7.82306418e-02 -1.14428237e-01
 -9.60363075e-02  3.01091596e-02 -9.49913412e-02 -1.33225676e-02
 -1.28033251e-01 -1.44246280e-01 -1.90743096e-02  9.25951749e-02
  1.79527730e-01 -8.16887915e-02 -1.17358938e-01  5.11175720e-03
 -1.75770894e-02 -1.69512853e-01 -1.68568306e-02  1.60096869e-01
  1.28026381e-01  6.82450482e-05  1.08219564e-01  1.77333906e-01
  5.58203198e-02 -2.22080693e-01  1.54885024e-01  1.41154110e-01
  1.17633633e-01 -1.54091448e-01  9.02570486e-02  1.72676966e-01
  3.56282294e-02 -8.57629161e-03 -1.24457814e-01  2.00115412e-01
 -1.59321353e-01 -6.15286455e-02 -1.23297185e-01 -1.49868410e-02
 -1.17879055e-01 -3.36921141e-02  4.74034846e-02  5.60987778e-02
  1.31632447e-01  1.18898684e-02  9.54008400e-02 -2.43428312e-02
  1.90492362e-01  9.77904648e-02 -1.75974090e-02 -2.72533372e-02
  4.85150591e-02  1.03167884e-01  1.16911486e-01 -8.62092599e-02
  1.15790389e-01  1.04734629e-01  5.77528290e-02 -1.10126726e-01
  2.67893113e-02  1.79508552e-02  2.37304151e-01  6.78330734e-02
  1.55289531e-01  1.16611280e-01  4.04520445e-02 -9.66416523e-02
  1.04066208e-01 -1.35965005e-01 -1.43398449e-01  1.23794653e-01
 -9.12638288e-03 -6.24711998e-02  1.69134943e-03  6.31066188e-02
 -1.56000629e-01 -5.89951575e-02 -1.41273916e-01 -3.82008143e-02
  1.19708762e-01  1.23020839e-02 -1.48286909e-01 -2.37644352e-02
 -9.69205201e-02 -5.36333099e-02  1.32524863e-01 -2.06706077e-02
 -4.84723188e-02 -5.37500270e-02 -2.22660787e-02 -1.06062613e-01]