http://erau.edu/ontology/meme.owl#GigaChadMeme
[-1.51937425e-01 -1.59490049e-01 -2.60295961e-02  6.78426623e-02
 -2.00020010e-03  7.86277428e-02  1.39588058e-01  1.00252204e-01
  1.86964422e-02  2.93997154e-02  1.27348065e-01 -3.08290701e-02
 -2.10837685e-02  7.96226040e-02 -9.24310163e-02 -3.18778753e-02
  8.15812424e-02  7.46136531e-02  4.72755246e-02  1.26064211e-01
 -2.11257696e-01  9.25721019e-04  1.29272372e-01 -1.42203972e-01
  2.01439604e-01 -3.43754925e-02 -8.08952153e-02  4.27305028e-02
  2.22899169e-01  1.38699040e-01  1.05195031e-01  1.24543466e-01
  1.17657296e-01 -1.06503151e-01  7.36690015e-02  9.70499888e-02
  1.84973199e-02  9.31640193e-02 -1.94981489e-02 -4.93357666e-02
 -3.09563298e-02  2.02371538e-01 -1.49721965e-01  7.92463031e-03
  5.54603860e-02  6.18412755e-02 -8.17863718e-02 -9.52533484e-02
 -8.64315499e-03 -4.96494910e-03  2.18907837e-02  3.78323831e-02
 -7.73176551e-02 -1.21541359e-01 -5.60312346e-02  5.89751191e-02
  6.76907226e-02 -6.27030730e-02  1.30917475e-01  6.83142170e-02
  4.35362794e-02 -9.50662941e-02  5.63558005e-02  5.24188951e-02
 -1.59129992e-01 -6.89310580e-02 -5.58987306e-03  3.74765345e-03
 -1.18450224e-01 -3.97070535e-02 -1.07827909e-01  2.85670683e-02
  1.04293592e-01  1.14935361e-01  4.31019291e-02  1.12626262e-01
 -1.44696668e-01 -5.15058590e-03  5.22386916e-02  1.99524015e-02
 -1.14687823e-01 -1.09834492e-01 -1.05481066e-01 -2.00299934e-01
 -2.61956211e-02 -1.58845618e-01 -2.20126987e-01  2.00137291e-02
  7.54747447e-03 -3.32332775e-02  9.77059379e-02 -2.64314115e-01
  4.21869382e-02  4.96530347e-02 -3.62617821e-02  5.19262590e-02
 -5.94683476e-02 -6.99472502e-02 -1.48165107e-01 -1.30938917e-01
 -5.01154736e-02  1.23717207e-02  2.58681506e-01 -1.64811671e-01
 -3.65788263e-04  6.95250332e-02  1.66840717e-01 -7.28504062e-02
  2.32899375e-02 -8.83477628e-02  1.16566218e-01  6.45865798e-02
 -6.59480989e-02 -1.11216508e-01  2.87058838e-02  6.68516010e-02
 -1.76459581e-01 -1.07663013e-01  6.13386519e-02  2.53377818e-02
 -1.15662292e-01  2.33483464e-02  2.45297030e-02  1.43751323e-01
  2.03716472e-01 -8.18982795e-02  1.36864215e-01  2.51522865e-02
  1.18345074e-01  9.97262225e-02 -1.85874477e-01 -2.95524765e-02
  5.55996783e-02 -8.06465894e-02 -1.69261564e-02  1.80700004e-01
  8.11766833e-02 -8.18783864e-02 -2.48686835e-01  4.57722321e-02
 -2.35529065e-01  4.20942567e-02  1.32270977e-01  1.14260115e-01
  1.56651914e-01 -1.69107378e-01 -3.43891373e-03 -1.81551114e-01
 -1.26333339e-02  1.23070575e-01  8.23919661e-03 -6.92384765e-02
 -1.62414629e-02  1.68304399e-01  1.03614060e-02  1.45312771e-01
 -9.99967977e-02  1.86493695e-01  9.76726860e-02 -2.78362017e-02
  4.52731736e-02 -1.11297846e-01 -3.08676213e-02 -3.61151434e-02
 -1.39947593e-01 -8.63409340e-02  5.25245778e-02  1.01482701e-02
 -3.01507562e-01  1.81616008e-01  6.18328787e-02  1.25979096e-01
  1.02495864e-01  1.88238800e-01 -3.70933898e-02 -4.47313078e-02
 -3.76219442e-03 -9.02537033e-02  1.28600955e-01  3.82015319e-03
 -9.73976403e-02  1.26957700e-01  2.95351550e-04 -4.36293855e-02
 -1.96016952e-02 -5.88393584e-03  3.91934589e-02  1.10567153e-01
  1.79015175e-01 -6.32223934e-02  1.06728487e-01  7.54483650e-03
 -2.03180730e-01 -1.58536568e-01  2.17108931e-02 -3.67819183e-02
 -4.35309997e-03  1.72585890e-01 -4.87550683e-02 -4.03255261e-02
 -1.49269719e-02  2.42231488e-02  1.06519610e-01 -3.50895785e-02
 -9.37936530e-02 -3.68078083e-01 -1.06094591e-03 -2.76260786e-02
  2.11944208e-01  2.49332711e-01  4.28035319e-01  1.55639574e-01
 -6.00365885e-02 -1.00676619e-01  9.57569778e-02 -5.71745783e-02
 -1.69165194e-01 -1.16932474e-01  1.46889344e-01  1.86824247e-01
  1.76004350e-01  1.76181599e-01 -1.78278059e-01  3.47617716e-02
  6.26981407e-02 -2.84951385e-02 -3.57481539e-02  1.05767418e-02
 -3.50271203e-02 -7.15229660e-02  1.59259275e-01  8.02949667e-02
  8.96500424e-03 -1.69747964e-01  1.29983900e-02 -1.51529880e-02
 -1.56733960e-01  3.59100103e-02  7.39958733e-02 -2.37863697e-02
 -5.51477596e-02 -4.62611839e-02 -6.36544228e-02 -1.25594601e-01
 -2.38742754e-01 -8.47746506e-02 -1.61618084e-01 -3.62309776e-02
  2.52671801e-02  1.87680982e-02  4.14931700e-02  5.57718724e-02
  1.46371707e-01 -9.37888026e-03  1.02015041e-01 -1.03098348e-01
 -1.11794710e-01 -8.05905554e-03  1.12895697e-01  1.63688883e-02
 -4.11902741e-02  5.21497754e-03  4.22829017e-02 -1.31210819e-01
 -9.47577283e-02 -1.19338773e-01 -1.73347145e-01  4.08135578e-02
  2.69684400e-02 -7.67031536e-02 -4.24919426e-02  2.33070478e-02
 -1.84025578e-02  2.92303301e-02  8.60880092e-02  3.98137011e-02
 -2.39932332e-02  8.34138226e-03  1.73085146e-02  4.01264280e-02
  1.05561376e-01  1.23634741e-01 -3.82804424e-02 -6.13015033e-02
 -1.53380558e-01  3.99274426e-03 -9.26007237e-03 -6.57807887e-02
  1.02609217e-01  3.40762660e-02 -1.89849734e-02 -1.34550512e-01
 -5.69731072e-02 -7.98851438e-03 -1.08758444e-02 -2.45010369e-02
  1.27473310e-01  1.04663307e-02 -1.36594191e-01 -1.08998254e-01
 -1.29683360e-01  7.63224363e-02  6.55922294e-02  1.88174546e-02
 -1.08010054e-03 -1.60476603e-02  3.75433937e-02  6.09718310e-03
 -7.34457895e-02  4.11527790e-03  1.16446786e-01 -1.66916534e-01
 -1.26878195e-03  9.75557789e-02 -2.75505781e-02  1.41130686e-01
 -4.33047637e-02  2.42822152e-02  5.62881902e-02 -7.87505060e-02
  5.05628623e-02 -1.18128069e-01  1.43566564e-01  1.37011781e-01
  5.64295053e-03 -4.19301018e-02 -1.15216248e-01  7.28730857e-02
  5.97014986e-02  4.75884676e-02 -1.97826419e-02 -1.28451819e-02
  1.96487997e-02 -4.19557057e-02 -6.82189986e-02 -1.80862769e-01
  7.02137128e-02  5.95425665e-02 -1.22508463e-02  6.72697648e-02
 -3.03649530e-02  1.94212735e-01 -1.42296180e-01 -1.06815599e-01
 -1.07462987e-01 -3.51403281e-02 -1.13578856e-01  1.39993861e-01
 -5.66238444e-03 -1.71452433e-01 -6.12245351e-02  6.14549369e-02
 -1.46371827e-01  1.84344873e-01 -9.96749476e-02  8.84563252e-02
  8.43957067e-02 -4.30085659e-02  1.97164133e-01 -9.27859694e-02
 -6.86037391e-02  9.01499465e-02 -7.40187615e-02  1.06466999e-02
  6.29217103e-02 -3.78287062e-02 -1.91189289e-01 -3.52097745e-03
 -1.75031163e-02 -8.52377489e-02  2.90230438e-02 -1.04012758e-01
 -1.86366096e-01  1.81357190e-01  4.26331013e-02 -8.73165354e-02
 -1.20062195e-01  8.31600055e-02  3.29655893e-02  4.85907234e-02
  3.74645665e-02  1.98349744e-01 -1.43207073e-01 -1.31740049e-01
  6.14699125e-02 -2.07700327e-01 -1.81281880e-01  2.40993753e-01
 -1.12656251e-01 -2.75423259e-01  6.10074401e-02  5.93949556e-02
 -1.21424824e-01  3.34975928e-01 -1.65240735e-01 -2.73193777e-01
  2.76854467e-02  1.26098096e-01  4.72804308e-01 -1.46667123e-01
 -6.14581257e-02 -1.47347003e-01  5.65101998e-03 -4.33423311e-01
 -1.94395825e-01  3.17060985e-02  2.55189128e-02  6.56565905e-01
  8.84957165e-02  1.83320753e-02  6.52758628e-02 -1.18066557e-01
 -2.04490095e-01  7.17449188e-02 -7.75448158e-02  2.79934593e-02
 -3.71811092e-02 -8.52833986e-02 -3.10145263e-02  1.27989054e-01
  8.58456790e-02 -7.06620002e-03 -1.80327892e-01 -6.07223548e-02
 -4.83586043e-02 -2.63631999e-01  2.26645619e-02  1.97778568e-01
  6.76550195e-02 -9.04202461e-02  6.10613748e-02  2.43595824e-01
  1.58053681e-01 -1.53412461e-01  1.31145090e-01  6.88116923e-02
  8.89352188e-02  1.45656262e-02  8.44544098e-02  6.70912117e-02
  1.34918109e-01  6.33888990e-02 -8.10924023e-02  2.81866044e-01
 -8.70732591e-02 -1.93722323e-02 -2.40979597e-01 -9.33776870e-02
 -4.46540974e-02  8.18695407e-03  7.18515143e-02  9.57136676e-02
 -1.08822454e-02  3.89283933e-02  2.04371974e-01 -5.32832742e-02
  1.55532211e-01  6.55696169e-02  1.41162455e-01 -3.50939222e-02
  1.21021405e-01  7.96764046e-02  1.64331511e-01 -6.68007359e-02
 -7.92697817e-02  8.26146752e-02  2.83961762e-02 -1.34119660e-01
 -3.07422541e-02  1.60102025e-01  2.58045524e-01  4.89596417e-03
  2.05402508e-01  1.70763984e-01  4.09186482e-02 -1.29946515e-01
  6.92459643e-02 -1.56312272e-01 -1.07495315e-01  8.54916722e-02
  3.97482794e-03 -7.37036988e-02 -1.08447492e-01  3.04017901e-01
 -2.14654356e-01 -2.48257488e-01 -1.66249070e-02 -1.12736501e-01
  1.16447166e-01  5.42925671e-02 -1.76194370e-01 -5.69473393e-02
 -7.24785568e-05 -4.45349254e-02  1.02057464e-01  3.07579618e-02
 -3.19652595e-02 -1.87249467e-01  1.09047405e-01  7.73164779e-02]