http://erau.edu/ontology/meme.owl#BooksWithaLetterMissingMeme
[-6.70810863e-02 -1.17209427e-01 -8.35919902e-02  1.88107751e-02
 -2.58566663e-02  1.46193504e-01  6.81746602e-02  6.18975870e-02
  3.38497981e-02 -5.72431050e-02  6.38426170e-02 -1.06041305e-01
  5.27246706e-02 -5.44759370e-02  4.46927212e-02  8.86248574e-02
  2.82971803e-02  2.13202592e-02 -3.89765948e-02  9.40291882e-02
  4.74140085e-02  9.58237648e-02  4.80395593e-02 -6.03057556e-02
  5.28878868e-02  7.64944404e-02  4.56508994e-02 -3.34006436e-02
  7.58795291e-02  7.91276246e-02  4.68653888e-02  1.76082477e-01
 -1.49491861e-01 -1.32426340e-03 -3.47739570e-02  1.89676598e-01
 -1.06798053e-01  4.09283303e-02 -1.04842018e-02 -1.00615501e-01
  4.34477367e-02  1.31332189e-01 -1.01700097e-01  3.28580216e-02
  1.43462762e-01  2.56714579e-02  1.37884663e-02 -5.96939400e-02
 -3.63122746e-02  4.16943468e-02  5.22783920e-02  3.54384817e-02
 -1.24621660e-01 -1.69133559e-01 -2.47206390e-02  5.93093783e-02
  8.11090246e-02 -5.99891767e-02 -4.37653847e-02  1.34075582e-02
 -5.21407388e-02  1.94154568e-02  7.93752521e-02 -6.94259815e-03
 -1.00827679e-01 -7.31207058e-02 -5.96662425e-02 -5.18886335e-02
 -5.02537265e-02 -2.24632829e-01 -2.04368249e-01  9.60272849e-02
 -1.38572389e-02  1.03459105e-01  8.50563217e-03  1.14468202e-01
 -6.00631014e-02  4.23751362e-02  1.64204821e-01  5.45908324e-02
 -4.60606143e-02  4.35500257e-02 -3.38902213e-02 -1.42155424e-01
  5.30099459e-02 -2.37152241e-02 -1.69079959e-01  1.25440180e-01
  8.74797702e-02 -2.18505934e-02  1.62370764e-02 -1.77349538e-01
  1.58232316e-01 -7.58391991e-02 -1.70088951e-02  9.39734057e-02
  4.69204895e-02 -7.82452337e-03 -1.36052340e-01  1.44306254e-02
  1.31971478e-01  3.79914381e-02  4.25240546e-01 -1.05695352e-01
  8.49861130e-02 -5.61908036e-02  1.16893969e-01  7.12815747e-02
 -2.78880615e-02 -2.16655210e-01  6.05764426e-02  3.41149271e-02
 -1.41518503e-01 -8.77014995e-02  7.51516521e-02  1.61541730e-01
 -1.85449257e-01 -1.96907320e-03  6.59113154e-02  2.28978805e-02
 -7.85751343e-02 -6.66713417e-02 -1.01333978e-02  1.19464003e-01
  1.33756816e-01 -9.19087906e-04  7.47794984e-04 -1.15109207e-02
 -5.00818938e-02  2.58158986e-02 -2.58583128e-01 -7.43831843e-02
 -4.69411500e-02 -3.99985537e-02 -1.15055002e-01  1.07264392e-01
 -6.87357262e-02 -9.03061479e-02 -1.01445749e-01  8.39186013e-02
 -2.94232339e-01  4.31931056e-02  1.41105130e-01  3.30293067e-02
  1.23631634e-01 -1.62734360e-01 -1.91396438e-02 -1.79900706e-01
 -9.36211571e-02  1.61503524e-01 -2.05575004e-02 -7.45657384e-02
  7.40132928e-02  1.96626574e-01 -3.23270261e-02  8.97404626e-02
 -1.62664130e-01  2.59993941e-01  6.13221899e-02 -6.64345324e-02
 -8.22348334e-03 -1.64399534e-01 -1.44379865e-02 -8.15685093e-02
 -1.48778170e-01 -1.31146595e-01  2.76697781e-02  1.05717376e-01
 -4.05780077e-01  6.98481724e-02  2.11285707e-02  9.32523981e-02
  1.17450029e-01  1.28948241e-01 -1.14466943e-01  3.19985300e-02
 -2.91450210e-02 -1.37135953e-01  1.13087147e-01 -5.90118468e-02
 -5.15256189e-02  8.62395391e-02  3.51625122e-02  1.14353150e-01
 -5.85643016e-03 -7.53579894e-03  6.86695576e-02  1.26524657e-01
  1.83331668e-01 -7.59609714e-02  1.06623739e-01 -7.27454722e-02
 -1.78270489e-01  2.19766386e-02 -2.40111873e-02 -3.35110672e-04
 -1.31069357e-02  2.08556384e-01 -1.19087078e-01 -9.36810598e-02
  4.90377098e-02  4.10359949e-02  8.39198604e-02 -8.30217823e-02
 -8.91392305e-02 -1.56361192e-01 -7.23616332e-02 -2.38795411e-02
 -1.12116123e-02  5.15868515e-02  2.44270727e-01  1.02681339e-01
  1.69815626e-02  1.85310580e-02 -8.32418911e-03  8.11168775e-02
 -1.68273956e-01 -8.02940056e-02  6.73489049e-02  3.37261893e-02
  5.96329942e-02  7.51596242e-02 -4.28623147e-02  2.48699337e-02
 -5.83841205e-02  5.92969321e-02 -8.54526088e-02 -9.07343403e-02
 -8.45247507e-02  8.15262124e-02  5.98507375e-02  1.02881797e-01
 -9.03331116e-02  4.27351408e-02  6.29515499e-02  9.51829627e-02
 -3.69777866e-02 -2.50443686e-02  1.40324742e-01 -7.13471323e-02
 -2.94680562e-04 -1.32709399e-01 -7.09194224e-03 -6.60177469e-02
 -1.80479139e-01 -7.36491308e-02 -2.54584014e-01  9.45410971e-03
 -4.21100706e-02 -7.91172162e-02  2.51395982e-02 -2.63219178e-02
  1.63136065e-01  9.14241746e-02  1.58954546e-01 -1.36350453e-01
 -1.04483329e-01  7.34141050e-03  8.74722525e-02  1.05514206e-01
 -5.48431054e-02 -9.14514288e-02  2.32695229e-03 -1.82406947e-01
  1.00188470e-02 -3.00999612e-01  6.90370006e-03  6.32817000e-02
  1.45078525e-01 -9.47029591e-02 -5.17026633e-02 -6.85087442e-02
 -1.30382523e-01  7.61543214e-02  8.28861967e-02 -6.97880760e-02
  1.55598760e-01 -1.56684835e-02 -2.96571162e-02 -2.24280055e-03
  5.65855578e-02  2.08416744e-03 -1.09699843e-02 -5.65736182e-02
 -1.65986404e-01 -3.70852239e-02 -1.10941954e-01  1.28729399e-02
 -7.36747384e-02 -1.77874655e-01 -1.35787167e-02 -1.93295646e-02
  2.39468422e-02  6.65726513e-02  1.94090996e-02  1.26315206e-02
  1.11691408e-01  4.85535339e-02 -1.00348011e-01 -5.31048924e-02
 -1.53500140e-01  5.22281490e-02  4.67238873e-02  1.26589656e-01
 -1.17590688e-02 -7.34912455e-02  1.79515511e-01  3.55960131e-02
 -4.32172790e-03  4.36349139e-02  1.20274410e-01 -1.14934951e-01
 -1.83731802e-02  1.90578699e-02 -7.44721070e-02  4.68812063e-02
 -6.24487316e-03 -1.94465425e-02 -7.64936879e-02 -3.83701287e-02
  6.20731339e-02 -1.01869605e-01  1.77807063e-01  6.71095476e-02
  5.31358123e-02 -5.22327088e-02 -1.42011300e-01 -8.68485421e-02
  7.44927377e-02 -1.76592544e-02 -2.67409775e-02  6.47426024e-02
  2.46143155e-02 -1.34768158e-01 -3.51748317e-02 -2.08216891e-01
  1.77657962e-01  2.55979672e-02 -3.51020545e-02  2.92093772e-02
  2.25434359e-02  7.47036561e-02  1.76985487e-02 -8.31099302e-02
 -8.02332759e-02 -1.45192564e-01 -7.08680004e-02  7.43587241e-02
 -5.13781160e-02 -1.17717452e-01 -7.77113214e-02  1.16231024e-01
 -9.00134444e-02  1.51258543e-01 -1.24645121e-01  2.27076069e-01
  1.05293311e-01 -3.82956602e-02  1.22626580e-01 -5.97483031e-02
 -1.48797795e-01  1.37785017e-01  3.13412137e-02  3.84958982e-02
  1.56414375e-01 -9.17096958e-02 -4.90149446e-02  1.40845925e-01
  3.70178446e-02  1.09028749e-01  5.08743562e-02 -2.06133630e-02
 -1.72964141e-01  1.95076056e-02  1.15690485e-01  7.80994585e-03
 -3.09327897e-02  1.55052182e-03 -7.51444474e-02 -1.06488131e-01
  7.20429271e-02  1.74929202e-01 -3.60844731e-02 -1.18552700e-01
  1.59896031e-01 -8.54918882e-02 -1.09134927e-01  7.50010163e-02
 -1.04556158e-01 -8.41546208e-02 -7.20287487e-02  3.89761627e-02
  1.69265792e-02  1.42991409e-01  9.22609586e-03 -8.03793594e-02
  2.07848325e-02  6.18393235e-02  2.36021489e-01 -3.70040908e-02
 -7.66473040e-02 -6.51647970e-02  9.23123360e-02 -2.15200290e-01
 -9.19003189e-02  6.88384324e-02  6.95292663e-04  2.94755965e-01
  1.17185079e-01  2.07366198e-01  1.16910890e-01 -1.90271899e-01
 -1.27842456e-01 -3.05745695e-02 -1.25021189e-01 -1.26145110e-02
 -8.46559778e-02 -1.43982053e-01 -8.72268453e-02  1.56451851e-01
  1.02511607e-02 -4.05860059e-02 -1.12420715e-01  5.45294993e-02
 -5.97928874e-02 -1.90336868e-01  3.51624447e-03  1.59675971e-01
  1.40156493e-01 -1.75967235e-02  4.06910516e-02  3.40007365e-01
  2.17286758e-02 -1.80505946e-01  6.66845366e-02  2.08491936e-01
  8.32310840e-02 -9.02661160e-02  4.86456603e-02  1.96042567e-01
  1.41379222e-01  6.26631896e-04 -1.42541617e-01  2.58635700e-01
 -3.26480389e-01 -1.52035445e-01 -2.49903098e-01 -3.87815014e-02
 -1.59724414e-01  8.78552198e-02  1.46074891e-01  1.73477903e-01
  5.57978377e-02 -1.06351648e-03  1.64841965e-01 -8.61110911e-02
  1.43528327e-01  1.46636531e-01  2.92606838e-03 -5.50845414e-02
  1.41300589e-01  2.19542626e-02  1.26077697e-01 -1.71262816e-01
  1.29055232e-02  6.43803179e-02 -2.84274127e-02 -2.01513544e-01
 -9.52006131e-02  2.29364969e-02  1.97041065e-01 -6.53473288e-03
  1.43569171e-01  1.26056820e-01  1.21859156e-01 -1.95542082e-01
  1.16344079e-01 -1.17853895e-01 -5.59447985e-03  8.68158415e-02
 -1.37106180e-01 -1.13969311e-01 -1.75392926e-01  3.09059530e-01
 -1.73542455e-01 -1.32680118e-01  9.22295153e-02 -1.70806497e-02
  3.75266895e-02  1.11702092e-01 -1.12593234e-01  2.84267347e-02
 -6.26926795e-02  1.87816024e-02  1.83778495e-01 -3.51792201e-02
 -1.29161462e-01 -1.13116175e-01  4.91255857e-02  6.96500018e-02]