http://erau.edu/ontology/meme.owl#LetThereBeAntsMeme
[-7.92396963e-02 -4.78130206e-02  6.11765943e-02 -2.33686864e-02
 -1.08958714e-01  7.52129331e-02  5.90404347e-02  9.46670920e-02
  4.81587313e-02  2.95799095e-02  1.03903770e-01  5.78450151e-02
 -1.17360018e-02  2.63114274e-02 -1.20026946e-01 -8.65141861e-03
  1.50304705e-01  4.04375866e-02  3.57120633e-02  1.26070492e-02
 -2.90374234e-02  2.90191378e-02  1.80992335e-02 -5.52875251e-02
  2.20231041e-01 -4.98650447e-02  1.43029960e-02 -8.86293948e-02
  6.19233213e-02  1.84245646e-01  4.77503538e-02  6.27880841e-02
  6.55116662e-02 -2.70323325e-02  1.21048288e-02  1.95692435e-01
 -6.54573813e-02  5.31906001e-02 -6.13660701e-02 -7.71800727e-02
  5.84566034e-02  2.12438196e-01 -1.60362750e-01  5.57494946e-02
  7.03759789e-02  6.00343049e-02 -1.67616419e-02 -7.19591007e-02
  2.58135088e-02 -5.78098893e-02  5.71277700e-02  4.41445112e-02
 -4.04015221e-02 -1.36840135e-01 -1.49764091e-01  6.27284348e-02
  5.64350896e-02 -1.40109792e-01  1.22380070e-01  1.48899660e-01
  1.15882922e-02 -3.98022719e-02  1.52424514e-01  1.06220081e-01
 -1.37283802e-01 -6.08854666e-02  3.19276750e-02  6.74672350e-02
 -6.97549134e-02 -1.43995523e-01 -1.18809260e-01  4.74754274e-02
  1.12452284e-01  1.23458557e-01  2.81146951e-02  1.02841347e-01
 -1.90721750e-01  1.50074773e-02  2.55018901e-02  3.22772041e-02
 -4.92988788e-02 -9.76507664e-02 -9.59615782e-02 -1.39871985e-01
  1.15866356e-01 -4.60316464e-02 -2.95889862e-02  8.38739704e-03
  2.74565369e-02 -4.38485518e-02  4.45113517e-02 -1.45418420e-01
  1.37728617e-01  1.59645099e-02 -1.05237089e-01  1.23817980e-01
 -5.03988413e-04 -3.60529348e-02 -1.01974905e-01  8.27913545e-03
  1.22328587e-01  5.15322238e-02  2.94720471e-01 -5.67562543e-02
 -7.57359806e-03  7.87498876e-02  1.41026795e-01 -9.69149098e-02
 -7.03939423e-02 -8.47798437e-02  2.64060926e-02  2.37529706e-02
 -7.26342853e-03 -1.42691061e-01  3.88051793e-02  3.14855613e-02
 -2.41703212e-01 -1.20943442e-01 -6.78523928e-02  1.00916745e-02
 -1.52049184e-01  2.77438760e-02  6.85223471e-03  1.40245795e-01
  2.49927998e-01 -8.49739835e-02 -2.28203442e-02 -3.53766382e-02
  1.16193339e-01 -4.99712676e-02 -2.18963802e-01 -3.36725190e-02
  4.44826633e-02 -8.34167749e-02 -7.49786645e-02  8.36952776e-02
  7.49944337e-03  1.24038355e-02 -2.20800221e-01  1.42082069e-02
 -2.53968775e-01  4.34394814e-02  1.04960553e-01  3.97603512e-02
  2.41455719e-01 -1.60577416e-01 -2.71942951e-02 -1.25674993e-01
 -8.65368098e-02  1.39268562e-01  1.65371392e-02 -5.95860034e-02
 -5.39758280e-02  4.63898405e-02 -1.09693622e-02  8.68810639e-02
 -2.05425158e-01  1.19684599e-01  5.60054481e-02 -3.06083225e-02
  4.85610254e-02 -6.34050593e-02  4.15813271e-03  3.69997472e-02
 -1.31886110e-01 -1.13810092e-01  1.04957744e-02  1.54433846e-01
 -2.46584535e-01  8.92254934e-02  9.79861543e-02  1.52908951e-01
  8.97147804e-02  1.73081934e-01 -6.85075000e-02 -5.85248433e-02
 -2.64625978e-02 -4.37767357e-02  1.48368731e-01 -1.75466686e-02
 -1.08374335e-01  1.57643899e-01  7.22327679e-02  8.73250887e-03
  1.84128750e-02  2.50751339e-02  5.21926694e-02  1.01164229e-01
  1.32091895e-01  8.36145412e-03  1.45427510e-01 -4.06541936e-02
 -8.81726220e-02 -4.50157784e-02  7.52571374e-02 -3.57130654e-02
 -2.90009491e-02  1.55894905e-01  5.61418682e-02  1.07023977e-02
 -5.44256717e-02  7.95340724e-03  1.82204843e-02 -5.17171063e-02
 -4.80414331e-02 -1.01677939e-01 -2.61725187e-02 -6.30286112e-02
  9.94885489e-02  8.14376622e-02  1.56299546e-01  7.92512745e-02
 -8.82870853e-02 -3.59272920e-02  2.69771628e-02 -8.59347582e-02
 -1.41274825e-01 -8.25801715e-02  1.44684091e-01  7.13737383e-02
  2.40528118e-03  1.11891709e-01 -1.80525944e-01  5.93429580e-02
  9.96715607e-05  3.69465241e-04 -1.78408280e-01  7.99545720e-02
 -7.46688694e-02  2.63254698e-02  1.05893634e-01  1.42320134e-02
 -2.18879636e-02 -2.65165061e-01 -1.00173126e-03 -3.54213128e-03
 -6.68104813e-02 -4.78037521e-02 -2.28939056e-02 -9.00598243e-02
  1.71951801e-02 -6.20874539e-02  5.73916398e-02  2.71069426e-02
 -2.25053176e-01 -1.06945530e-01 -1.37521088e-01 -9.46184397e-02
 -7.42266998e-02  1.22360937e-01  3.97379175e-02  2.79806461e-03
  9.98548791e-02 -5.65573294e-03  2.24397644e-01 -1.36996791e-01
 -8.27719644e-02 -8.12505744e-03 -7.22896084e-02  1.51382551e-01
 -2.30887726e-01 -3.21190543e-02  7.17997327e-02 -1.44967020e-01
 -1.09375723e-01 -9.87012535e-02 -2.68221926e-02 -1.60753680e-03
  1.03098050e-01 -1.03920996e-01 -9.22503099e-02 -6.33658767e-02
 -6.67703971e-02 -1.75348539e-02  3.31331715e-02 -2.26229373e-02
  3.80697027e-02 -1.56536903e-02  8.50259438e-02  1.04230657e-01
  9.36127752e-02  1.48913398e-01 -5.44937737e-02 -1.54327139e-01
 -1.60598189e-01  7.70516768e-02 -1.33301429e-02 -8.23052675e-02
  1.56589374e-02  7.11665526e-02  9.10731032e-02 -1.83925584e-01
  1.19907092e-02 -1.59013689e-01 -2.09004376e-02  1.32371448e-02
  9.81294885e-02 -6.78806826e-02 -1.74196586e-01 -5.29445894e-02
 -1.43149182e-01  4.03045416e-02 -3.38872857e-02  7.17973858e-02
 -4.20645066e-03 -9.62681323e-02  9.14024338e-02 -2.87235323e-02
 -2.99346019e-02  9.52412337e-02  1.78908959e-01 -1.17743365e-01
 -7.87038356e-02  8.84633437e-02  2.45528053e-02  1.07781582e-01
 -5.03461435e-02  3.16095389e-02 -2.76216539e-03 -9.32744667e-02
  6.04473203e-02 -4.53675203e-02  3.16934019e-01  7.75730982e-02
 -5.65549396e-02 -6.63139522e-02 -9.49225798e-02 -4.85722013e-02
  8.74556229e-02  4.17919941e-02  1.02584399e-01  5.90906516e-02
 -4.00358513e-02 -1.20175809e-01 -7.44823143e-02 -2.30070382e-01
  1.15404055e-01  8.67582485e-02 -6.67040944e-02  5.98655604e-02
 -9.23123211e-03  1.03458270e-01 -4.67348285e-02 -7.52701163e-02
 -2.07857117e-01 -9.13788527e-02 -1.04333080e-01  1.90190002e-01
 -2.04868335e-02 -1.60953343e-01 -5.15217967e-02  8.62433463e-02
 -1.12260923e-01  1.23870276e-01 -1.53661340e-01  1.34955153e-01
  3.97358797e-02 -2.82221735e-02  2.81800866e-01 -1.78403735e-01
 -1.28639698e-01  1.91184402e-01 -7.75801763e-02  5.78274615e-02
 -9.26263109e-02 -1.47749251e-02 -8.06286111e-02  1.45592809e-01
 -2.30366569e-02 -8.72354954e-03  7.85983428e-02  2.24259961e-02
 -2.47064963e-01  1.11656025e-01  7.76272733e-03 -1.10382214e-01
 -2.63248179e-02  6.61142394e-02 -3.47872600e-02 -2.43342761e-02
  8.10884535e-02  2.06079260e-01 -1.03952415e-01 -7.25479573e-02
  1.14431260e-02 -6.05107844e-02 -1.25635073e-01  1.39665231e-01
 -5.43146431e-02 -8.98135304e-02 -8.25014487e-02  5.09294942e-02
 -3.36837061e-02  6.77595958e-02 -5.59557192e-02 -1.45209223e-01
  2.82881688e-02  5.92289679e-02  1.43041730e-01  5.00575714e-02
 -2.19926890e-02  9.61916335e-03 -5.68905137e-02 -1.24864459e-01
 -4.34814170e-02  1.13213658e-01 -1.04827620e-02  9.62454006e-02
  1.46462142e-01  5.01087531e-02  1.34396806e-01 -2.79627889e-01
 -1.66761622e-01 -5.33546582e-02 -5.93539327e-02  7.75053799e-02
 -1.06483251e-01 -9.84354168e-02 -4.85172309e-02  7.58473128e-02
  1.00212179e-01 -6.02777489e-02 -1.06369294e-01 -2.20860876e-02
 -1.20882943e-01 -2.09676832e-01  4.90782522e-02  1.22659065e-01
  7.85862207e-02 -1.55312521e-02  1.44102126e-01  1.57139167e-01
  6.12511411e-02 -1.62429512e-01  1.56822249e-01  1.30131960e-01
  8.58615562e-02 -7.57897273e-03  1.33121371e-01  9.04712975e-02
  1.20863661e-01  5.38474806e-02 -3.86878988e-03  3.82930219e-01
 -2.23035738e-01  1.05367126e-02 -1.51985615e-01 -1.04084238e-01
 -6.48623407e-02  8.10459405e-02 -7.80923478e-03  7.71536380e-02
  6.23555742e-02 -2.00283453e-02  2.58766562e-01 -3.20632644e-02
  4.68915179e-02  4.26370651e-02  6.69551939e-02 -1.05425632e-02
  1.32573932e-01  1.41444907e-01  1.47343040e-01 -2.94020660e-02
 -8.10012147e-02  9.28959846e-02  4.95305471e-03 -5.96171618e-02
 -2.63026617e-02  9.95568186e-02  1.48582727e-01 -7.41017014e-02
  2.06290305e-01  6.82316348e-02  1.18797170e-02 -1.71347007e-01
  5.03152162e-02 -1.61940366e-01 -1.96143035e-02  1.31319240e-01
  1.72454026e-03 -8.49817842e-02 -7.27945119e-02  3.13254952e-01
 -2.08779663e-01 -2.03742951e-01 -3.66484448e-02 -1.16061524e-01
  9.89491120e-02  6.89363480e-02 -1.23969644e-01 -7.06327483e-02
  3.84675227e-02  3.04526705e-02  2.56319121e-02  7.86203146e-02
 -3.13398382e-03 -9.99279022e-02  6.67139217e-02  1.19537465e-01]