http://erau.edu/ontology/meme.owl#MeAnIntellectualMeme
[-1.02486104e-01 -1.60334796e-01 -1.94695797e-02  5.60546573e-03
 -2.04511778e-03  9.04171243e-02  7.67223462e-02  6.46996871e-02
  5.25928661e-02  4.67392281e-02  8.20549577e-02 -1.07134543e-01
 -1.59253646e-02 -7.90818334e-02 -6.65635020e-02  5.90378977e-03
  9.03821662e-02 -4.53940555e-02 -1.12676360e-02  3.31016518e-02
 -1.91089630e-01  6.08912446e-02  1.22847572e-01 -1.70269683e-01
  1.55517995e-01 -3.34127210e-02  6.21503335e-04 -6.35696724e-02
  1.54133096e-01  1.62390903e-01  4.44700494e-02  4.78059836e-02
  1.61338542e-02 -7.46133327e-02 -3.29945162e-02  1.04793213e-01
  4.20916192e-02  9.18056965e-02 -1.04770742e-01 -4.37929556e-02
  1.01667210e-01  2.32093185e-01 -1.51615486e-01 -3.77607383e-02
  1.32538036e-01  7.87724853e-02  1.39220236e-02 -1.00844622e-01
  3.72406691e-02 -2.03178339e-02  2.90108733e-02  6.59288168e-02
 -1.99792832e-02 -1.30872115e-01 -1.38576716e-01 -5.57679050e-02
  1.83351412e-02 -2.37735640e-02  2.48953253e-01  6.93572685e-02
  6.26929179e-02 -6.26276806e-02  1.13304101e-01  9.33900625e-02
 -3.16420607e-02 -3.07446644e-02  8.33169296e-02 -2.95619760e-02
 -4.71246317e-02 -9.51302201e-02 -1.04174338e-01  2.50783488e-02
  1.48177743e-01  4.97221351e-02  9.94660426e-03  1.40145972e-01
 -8.32039788e-02 -1.62246842e-02  5.71251288e-02 -4.08639535e-02
 -5.58235683e-02 -1.56029955e-01 -7.90958256e-02 -1.21236362e-01
  2.62578279e-02 -1.40465349e-01 -8.62086564e-02 -5.09071313e-02
 -2.32873801e-02 -2.61603598e-03  5.63994385e-02 -1.32731482e-01
  1.42533273e-01 -2.12862412e-03 -8.40618685e-02  1.48435041e-01
 -1.09415315e-02 -1.13270683e-02 -7.23840222e-02 -8.03553835e-02
  6.92983717e-02 -1.59573834e-02  2.43611902e-01 -8.16323757e-02
  5.04671503e-03  8.61977488e-02  6.95246458e-02 -1.51179647e-02
 -5.24620786e-02 -1.47320013e-02 -5.95288649e-02  6.45659864e-02
  3.42341431e-04 -9.79115441e-02  2.76559647e-02  1.11907385e-02
 -2.82447696e-01 -2.12069944e-01  3.59904654e-02  1.07341357e-01
 -4.20920216e-02  6.20677024e-02 -9.78484526e-02  1.22392960e-01
  5.12580723e-02 -1.13775097e-01  6.76723081e-04 -2.94078346e-02
 -2.63021095e-04  4.60919775e-02 -1.44643128e-01 -1.59545522e-02
  1.94858164e-02 -2.27335119e-03 -1.26733601e-01  7.45075643e-02
  5.64072318e-02 -3.77846253e-03 -2.10074618e-01  5.26100695e-02
 -2.23346695e-01  5.61946034e-02  3.16999257e-02  4.92346287e-02
  1.67603299e-01 -2.36524060e-01  2.86346152e-02 -6.72822297e-02
 -7.63938129e-02  1.26970690e-02  5.21691807e-04 -7.82732293e-02
 -2.52630617e-02 -5.22791059e-04  4.66181748e-02  1.37647584e-01
 -1.45486951e-01  1.02949530e-01  6.75699338e-02 -1.74018443e-01
  1.09968111e-01 -7.58474916e-02  4.49102893e-02 -5.74431233e-02
 -1.83404222e-01 -8.21520388e-02 -9.41606238e-03  1.69854179e-01
 -2.29061916e-01  1.38292089e-01  6.89643025e-02  1.47657350e-01
  1.04094744e-01  7.02420846e-02  9.74993035e-03 -1.08149340e-02
 -8.59754309e-02 -1.96158215e-02  9.51576326e-03  2.07962096e-02
 -9.50988159e-02  1.44312084e-01 -8.28468204e-02 -3.68403569e-02
 -6.39009103e-02  5.27693368e-02  7.82717839e-02  1.13960085e-02
  1.04824223e-01 -3.90389301e-02  1.04002491e-01  5.71646392e-02
 -1.96590155e-01 -9.75606963e-02  9.16363264e-04 -1.84689425e-02
 -4.98167472e-03  9.84159186e-02  4.76114079e-02 -7.38300309e-02
 -1.47299647e-01 -2.67741252e-02  5.51068075e-02 -1.12443857e-01
 -6.49933890e-02 -2.72099257e-01  2.19397210e-02 -1.04895212e-01
  1.50432950e-03  8.09220821e-02  1.53805003e-01  8.20584968e-02
 -7.86744207e-02 -9.42351073e-02  8.91733244e-02  5.64260744e-02
 -1.34118438e-01 -8.66552070e-02  1.78994477e-01  5.34161255e-02
  1.39896140e-01  8.49871635e-02 -1.73728138e-01 -9.09153651e-03
  2.86348797e-02 -1.21234842e-02 -2.52276361e-01  7.56937964e-03
 -3.39053199e-02  1.10168587e-02  1.26753867e-01  5.45493290e-02
 -1.13567337e-01 -1.76881135e-01 -6.56165928e-02 -3.68045196e-02
 -1.18289173e-01 -8.61343518e-02  3.52954008e-02 -7.23179877e-02
  1.40417889e-02 -9.03040990e-02 -2.39517670e-02 -8.15606676e-03
 -2.70535976e-01 -8.47987533e-02 -1.78817704e-01 -6.98559657e-02
 -6.43660426e-02  3.49418931e-02  1.17456198e-01  4.84897643e-02
  1.14366405e-01  1.58881083e-01  9.45690945e-02 -3.33945230e-02
 -1.78373650e-01 -6.37768060e-02  1.08561024e-01  4.60235868e-03
 -7.93334320e-02 -1.57377943e-01 -2.50304006e-02 -2.30337307e-01
 -6.79468736e-02 -2.94109076e-01 -1.60433084e-01  6.68007806e-02
  9.60313901e-02 -1.27733320e-01 -4.49174307e-02 -8.76450092e-02
 -1.04234302e-02  9.26030204e-02  8.23937654e-02  3.10019758e-02
  2.81427465e-02 -1.62551403e-01 -5.39207980e-02  6.75415173e-02
  1.84732258e-01  7.17817806e-03 -1.69601999e-02 -1.33448467e-01
 -2.51176357e-01  4.76013869e-02 -2.65412852e-02 -1.75319836e-02
  3.97824906e-02 -5.29110916e-02  8.36415887e-02 -1.90728500e-01
  6.37794137e-02 -5.68281859e-02 -4.56855707e-02 -6.62418827e-02
  8.68481547e-02 -7.28435889e-02 -1.58238277e-01 -1.59396082e-01
 -2.85478920e-01  4.31122966e-02 -9.61070135e-02  6.79300502e-02
  9.28967968e-02 -3.27068157e-02  7.94284120e-02 -1.77778304e-02
 -7.39379674e-02  1.32647350e-01  2.52817571e-01 -2.14886308e-01
 -4.95718047e-02  1.05795518e-01  3.57172564e-02  7.29054883e-02
 -6.96197897e-02  6.26402348e-02  4.01305780e-02  1.78305898e-02
 -3.22304637e-04 -8.76486227e-02  2.13849843e-01  1.08789831e-01
 -9.28951986e-03  5.28388172e-02 -2.13547256e-02  2.32324339e-02
  1.58835556e-02 -5.06464317e-02  1.01726517e-01  6.16894402e-02
 -7.75135234e-02 -1.12564474e-01 -1.93797484e-01 -2.22275496e-01
  9.67643932e-02  7.20272213e-02 -1.04938097e-01  2.12793406e-02
  4.07901034e-02  5.08349352e-02 -3.09886839e-02  3.32183167e-02
 -5.30425794e-02 -5.20887412e-02  3.86651717e-02  1.29309520e-01
 -4.14111130e-02 -1.14049219e-01 -7.37946108e-02 -1.84351485e-02
 -1.73653327e-02  1.42780647e-01 -1.46985188e-01  9.84257907e-02
  5.02404012e-02 -7.90887997e-02  2.33968511e-01 -1.07575282e-01
 -9.14635509e-02  1.16821462e-02  2.98463535e-02 -5.00448681e-02
 -3.19238342e-02  2.54603419e-02 -1.84776574e-01  8.04681927e-02
 -1.21679172e-01 -3.40705141e-02  2.77671032e-02 -5.87674929e-03
 -3.10283720e-01  1.32841602e-01  7.27043748e-02 -1.30801961e-01
 -1.87747523e-01  7.13582933e-02 -1.28108144e-01  1.72988586e-02
  8.97557065e-02  1.30491734e-01 -6.32265881e-02 -7.70578533e-02
  8.40816870e-02 -1.12063654e-01 -7.76339993e-02  1.75005719e-01
 -3.67559269e-02 -2.22833470e-01  2.67414167e-03  6.50245994e-02
  2.58703660e-02  2.56835729e-01 -1.70681313e-01 -2.33734086e-01
  5.50830960e-02  9.97602269e-02  2.56714284e-01 -6.65226802e-02
 -3.37648988e-02 -2.18520746e-01 -3.55901457e-02 -3.24124515e-01
 -1.62842408e-01  6.02464750e-02 -1.29186157e-02  4.14421320e-01
  1.78539991e-01  7.16261938e-02  4.25688215e-02 -2.01770723e-01
 -1.02773845e-01 -6.70230314e-02 -6.51353300e-02  3.91950831e-02
 -6.32563606e-02 -1.26351416e-01  1.59280524e-02  1.43701389e-01
  5.45200296e-02  1.02128088e-01 -2.21029848e-01  3.12707536e-02
 -4.44605909e-02 -1.36447951e-01 -2.54746675e-02  2.04379410e-01
  7.11339042e-02 -2.99045835e-02  1.58343911e-02  2.83368558e-01
  5.80188334e-02 -1.80089071e-01  2.44221583e-01  1.55892655e-01
  2.49832608e-02 -3.28068063e-02  8.04381445e-02  5.99255599e-02
  1.48823172e-01  4.83202636e-02 -4.54080664e-02  2.39176080e-01
 -1.13079138e-01 -4.98597510e-02 -2.54916638e-01 -1.97258756e-01
 -3.48036848e-02  6.72505721e-02  1.19427025e-01  1.83145553e-01
  6.73840046e-02 -5.42911254e-02  2.90501893e-01  4.52644117e-02
  1.09726489e-01 -2.15637162e-02  8.13254714e-02  1.72529405e-03
  2.29695231e-01  1.13048315e-01  1.15754247e-01 -3.83414142e-02
 -1.44918278e-01  1.11991867e-01 -1.00289829e-01 -1.26466259e-01
 -5.06945215e-02  7.16676190e-02  2.79518276e-01  1.11583300e-01
  2.42108524e-01  1.42174333e-01  1.08615063e-01 -1.40321806e-01
  9.20835286e-02 -7.74413720e-02 -9.13830772e-02  4.08383645e-02
 -4.12125476e-02 -1.39468191e-02 -9.42501277e-02  2.60861933e-01
 -8.86155069e-02 -1.16234332e-01 -5.28104603e-02  2.57564820e-02
  8.55445862e-03  5.40927984e-02 -1.68660834e-01 -6.92257211e-02
  8.70552585e-02 -9.51385871e-03  5.12497574e-02  3.10884696e-02
 -2.02132147e-02  1.53174866e-02  9.42230374e-02  1.44511145e-02]