http://erau.edu/ontology/meme.owl#ZuckedMeme
[-1.70616105e-01 -9.30213630e-02  9.27638710e-02 -6.60322309e-02
  4.08528000e-02  2.34329631e-03  1.77934736e-01  1.45991743e-01
 -3.62848565e-02 -8.48503783e-02  5.13033569e-02 -5.42579368e-02
 -7.20045194e-02 -5.99081926e-02 -1.67240456e-01  8.83706063e-02
  1.14786789e-01  6.39425814e-02  1.00071497e-01  1.87575981e-01
 -2.33366132e-01  7.26552506e-04  8.84644166e-02 -9.00924802e-02
  1.85277849e-01  4.31793695e-03  1.27847657e-01 -1.38826728e-01
  3.26063603e-01  1.20759346e-01  9.36840028e-02  3.26830633e-02
  4.54950407e-02 -4.91323173e-02 -4.11284491e-02  1.06944859e-01
 -1.12047032e-01  1.02567144e-01 -4.22627330e-02 -6.55883029e-02
  9.76079106e-02  2.24400401e-01 -1.69145688e-01 -1.19416201e-02
  7.68268555e-02 -2.47238055e-02  3.30487974e-02 -7.04732612e-02
  6.85103387e-02 -3.49090770e-02  1.23433299e-01 -6.79856027e-03
 -3.79200988e-02 -1.27256036e-01 -3.59181762e-02 -9.11135301e-02
  1.20431885e-01 -4.02084291e-02  8.05511773e-02  8.70103538e-02
  6.34305254e-02 -7.98836946e-02  1.67202353e-01  8.09106678e-02
 -2.08934635e-01 -6.51867986e-02  8.00772235e-02 -1.45318098e-02
 -1.35065809e-01 -1.12761587e-01 -9.90725607e-02  1.16824977e-01
  2.00339258e-01 -3.62525247e-02 -2.22068112e-02  1.38985768e-01
 -9.08218771e-02  1.43589139e-01  1.29771337e-01  7.27466047e-02
  1.68479122e-02 -1.81115717e-01 -1.54718384e-01 -1.55699641e-01
  6.49779588e-02 -1.76928967e-01 -7.41364062e-02  9.20012519e-02
  1.38738826e-01  2.78313234e-02  2.63379049e-02 -2.65242010e-01
  1.27146676e-01  6.08151127e-03 -7.68928006e-02  3.14452611e-02
 -3.53298411e-02  2.93315314e-02 -6.31986856e-02 -9.59630385e-02
  1.14292987e-01 -7.17520416e-02  3.07713151e-01 -1.46193236e-01
  5.82225509e-02  6.81097731e-02  1.34788409e-01 -3.06095202e-02
  2.69386880e-02 -2.91047022e-02 -7.50140473e-02  4.13184911e-02
 -1.34531841e-01 -1.75316915e-01  6.12603314e-02  3.13759074e-02
 -3.30408394e-01 -1.98628753e-01 -4.15466577e-02  9.87065360e-02
 -1.96529906e-02 -1.69006810e-02 -9.03371796e-02  5.21247461e-02
 -3.32288956e-03 -1.83617860e-01  4.45803329e-02 -1.87523942e-02
  9.14483145e-02  2.40509249e-02 -1.87539414e-01 -7.09771924e-03
 -1.38689168e-02 -5.33075780e-02 -1.10896371e-01  4.29058447e-02
  1.69702396e-02 -1.03987269e-01 -1.59837335e-01  2.88623106e-02
 -2.52600998e-01  3.01553234e-02  4.18697260e-02  5.40683344e-02
  2.26493418e-01 -1.61011353e-01  1.55814052e-01 -4.88448329e-02
  8.43318179e-03  1.63325205e-01  4.25618775e-02 -9.75540206e-02
 -6.96029514e-03 -7.23248646e-02  2.59242132e-02  5.01672700e-02
 -1.87457427e-01  8.33013207e-02  4.52075824e-02 -1.17943078e-01
  1.40489683e-01 -1.43036887e-01 -2.16431785e-02 -6.26912937e-02
 -1.76681161e-01 -1.62447065e-01 -1.29586175e-01  1.40555516e-01
 -2.01484188e-01  1.77478969e-01  7.26057068e-02  2.28692293e-01
  1.81054324e-01  1.15855210e-01 -8.46240483e-03 -5.15402369e-02
 -1.31691292e-01  6.20732689e-03  2.79820245e-02 -7.64732063e-02
 -1.78196672e-02  8.44087377e-02  1.59367565e-02 -5.80417141e-02
 -1.56897176e-02  1.42953750e-02  6.51459992e-02  1.72188077e-02
  1.80388376e-01 -5.80630172e-03 -5.57599291e-02  1.23638590e-03
 -1.48175359e-01 -8.45489725e-02 -7.52502878e-04 -4.47430052e-02
  3.72466743e-02  1.32156208e-01 -1.10344198e-02  1.71570349e-02
 -9.96390060e-02 -1.17115982e-01  1.09704107e-01 -6.78860322e-02
  3.21476795e-02 -2.59211689e-01  8.74971896e-02  1.94314786e-03
  1.04844153e-01  1.05949119e-01  2.62779295e-01  6.65741116e-02
 -1.14789484e-02 -2.10178837e-01  1.68084845e-01  3.51979211e-02
 -1.56445801e-01 -9.55246463e-02  1.77299649e-01  1.07691638e-01
  2.69105941e-01  1.20165877e-01 -1.31133884e-01 -2.82001533e-02
 -3.36620472e-02 -1.53643936e-01 -2.45186329e-01 -5.45610823e-02
  3.61130871e-02  1.47526870e-02  1.23085000e-01  1.74894631e-02
 -9.28452983e-02 -8.04765299e-02  4.30685915e-02 -3.77654992e-02
 -9.52180400e-02 -5.26741073e-02  5.28263226e-02 -4.57800999e-02
 -1.22644817e-02  7.76971802e-02  7.02645406e-02 -4.98711225e-03
 -1.60245582e-01  1.94254995e-03 -6.04309328e-02 -8.08000118e-02
 -1.29103705e-01  4.41724099e-02  2.15629600e-02  5.58129326e-02
  1.79631367e-01  2.33144406e-02  1.59759849e-01 -4.47546244e-02
 -1.33353233e-01  1.30559532e-02 -1.47688179e-03 -5.57052232e-02
 -1.12315789e-01 -1.04443021e-01  3.77126113e-02 -1.67132616e-01
 -1.38734639e-01 -1.77790090e-01  6.96958899e-02  6.15654476e-02
  4.74024378e-02 -3.47371958e-02  5.19769005e-02 -9.22032744e-02
 -2.68144403e-02  5.77336848e-02  1.79603145e-01 -8.09362531e-03
  1.09639816e-01 -4.93724607e-02 -9.27362815e-02  3.44838463e-02
  1.06377982e-01  1.25605956e-01 -5.71107715e-02 -1.83717802e-01
 -1.13783680e-01  1.43170776e-02  6.99361844e-04 -1.69985127e-02
  1.47830201e-02  2.93328892e-02  1.12531357e-01 -9.59074795e-02
  2.37013530e-02 -1.11674540e-01 -1.76701806e-02 -8.60647939e-04
  1.68901861e-01  1.17954481e-02 -4.99041937e-02 -1.47269294e-01
 -6.98512271e-02  2.45198328e-03 -6.47322983e-02  6.53413385e-02
 -1.08230198e-02 -1.19917259e-01  2.01967210e-01 -5.11950329e-02
 -8.35798532e-02  1.03384946e-02  1.76009238e-01 -2.29280978e-01
 -1.31229144e-02  4.69006933e-02 -2.06868649e-02  4.59832400e-02
  2.85083503e-02  1.96717326e-02  7.31300712e-02 -4.92436113e-03
  7.86062405e-02 -6.94801658e-02  1.45292684e-01  1.83081880e-01
  5.53154908e-02  1.27415424e-02 -9.12067965e-02  4.56394069e-02
  1.84772015e-01  1.74039397e-02  2.30119061e-02  1.18100857e-02
 -3.03157663e-04  3.61963063e-02 -1.16944641e-01 -2.64699847e-01
  2.00144332e-02  1.33216083e-01 -6.10093102e-02  7.15764537e-02
  8.47222954e-02  1.47002921e-01  2.21521985e-02  7.49055073e-02
 -9.61302072e-02 -1.25112403e-02 -3.47984955e-02  1.78629920e-01
 -5.16369566e-02 -1.32882521e-01 -6.57217056e-02  1.17170475e-01
 -8.38915184e-02  1.44692674e-01 -2.31891662e-01  1.47470664e-02
 -3.83862555e-02 -8.68408009e-02  2.34848231e-01 -2.70715617e-02
 -1.44421846e-01  1.09244540e-01 -4.66978699e-02  8.23764224e-03
 -8.52838457e-02  5.37855141e-02 -6.38803244e-02  6.81942478e-02
 -7.13813230e-02  2.15243977e-02 -5.71229495e-03  1.42072244e-02
 -1.20719768e-01  7.08974823e-02  2.45090742e-02 -1.13085553e-01
 -7.53510669e-02 -3.55235487e-03 -3.57356556e-02  7.48927519e-02
  5.72975315e-02  1.45690516e-01 -2.59528961e-02 -1.63467936e-02
  9.87559035e-02 -1.30136043e-01 -1.78763017e-01  2.39538670e-01
 -3.83413248e-02 -8.47791433e-02  1.23702129e-02  1.12685606e-01
  5.53647522e-03  2.56414920e-01 -4.45239916e-02 -2.60850340e-01
  6.13962375e-02  6.06989861e-02  2.11594462e-01 -2.97814738e-02
 -9.50735211e-02 -1.99608535e-01 -2.55794432e-02 -2.09422678e-01
 -1.56741813e-01 -8.31430480e-02 -1.10478394e-01  3.84501785e-01
  1.58699557e-01  6.63491711e-02  1.17034465e-01 -1.27635017e-01
 -1.06248610e-01 -2.60673985e-02 -8.37848932e-02  6.10564351e-02
 -7.89942145e-02 -4.29850109e-02 -1.51594551e-02  5.30172773e-02
  2.08788395e-01  5.43767326e-02 -2.57017344e-01  5.68323769e-02
  2.67706532e-02 -1.19828828e-01 -2.89168023e-02  3.54817472e-02
  9.62864235e-02 -1.64549530e-01  2.86082234e-02  1.86575711e-01
  1.38146281e-01 -9.77870300e-02  2.31198400e-01  1.42418936e-01
  3.26297991e-02 -1.32211864e-01  2.22747251e-02  2.83612404e-02
  1.00406662e-01  1.49035886e-01 -9.99393016e-02  2.69705176e-01
 -2.73069561e-01 -3.00777126e-02 -1.47423089e-01 -1.39065221e-01
 -8.28145146e-02  8.02237540e-03  6.18250780e-02  9.23978835e-02
  1.56744912e-01 -7.86808133e-02  2.44226187e-01  3.18307728e-02
  7.92739764e-02 -3.66303176e-02  9.68325809e-02  6.81785718e-02
  1.38591990e-01  1.35087401e-01  2.10426211e-01 -1.06247373e-01
 -5.21253236e-02  1.73802391e-01  3.69986407e-02 -1.03336476e-01
 -7.55932331e-02  1.28588332e-02  2.46747196e-01  2.81026517e-03
  2.10045293e-01  1.48116201e-01  7.17189582e-03 -7.84441605e-02
  9.46263969e-02 -2.52094746e-01 -4.66972888e-02  1.44226730e-01
  5.47967628e-02  2.57570599e-03 -6.53383732e-02  3.19016784e-01
 -1.77624390e-01 -2.26946086e-01  3.70060466e-02 -3.81323025e-02
  1.79047331e-01  5.76327965e-02 -8.02572593e-02 -1.77765787e-02
  4.35290262e-02  9.89354104e-02  1.37775287e-01 -1.56726539e-02
 -3.57022695e-02 -8.46729279e-02  9.77509320e-02  1.34616286e-01]