http://erau.edu/ontology/meme.owl#2017SolarEclipseMeme
[ 4.89340909e-02 -1.66767389e-02  1.49816368e-02 -1.49725638e-02
 -7.85180330e-02  8.20884630e-02  2.14400753e-01  8.28178301e-02
 -1.32862464e-01 -5.69130592e-02 -2.20943745e-02  2.61477120e-02
 -3.96336727e-02 -1.46676183e-01 -3.33238542e-02 -7.21912235e-02
  8.44465792e-02  2.53073480e-02 -1.20897025e-01  1.72457006e-02
 -2.61811256e-01  1.89436898e-01  1.84305869e-02 -1.69905782e-01
  1.90338165e-01 -7.98106939e-02  1.64589025e-02 -1.01120695e-01
  3.61269504e-01  9.73861739e-02  1.67360082e-01  1.43089578e-01
  6.42717257e-02 -5.14177270e-02 -1.45470977e-01  1.95208073e-01
 -4.14790362e-02  1.93241552e-01 -1.24923222e-01 -1.20649979e-01
  8.20407085e-03  1.76834822e-01 -2.79179990e-01 -8.99514649e-03
  6.44714087e-02  1.42712034e-02 -7.01117516e-02 -1.16786279e-01
 -6.01370865e-03  1.05189234e-01  9.53848362e-02  2.06422806e-02
 -9.88847390e-03 -1.80819526e-01 -3.05680364e-01 -1.34309411e-01
  2.58512110e-01 -2.40853474e-01  1.27246216e-01  4.14548479e-02
  4.37395014e-02 -1.45454891e-02  1.23233669e-01  5.12998626e-02
 -1.23961559e-02 -7.70379528e-02  9.81128439e-02  1.11529278e-02
 -1.22095145e-01  1.77677535e-02  5.74851967e-02  1.81810305e-01
  1.00028999e-01  4.62754769e-03  2.86229327e-02  7.00872838e-02
 -6.33681566e-02  1.61433041e-01  1.23672731e-01  1.05041601e-01
  3.50099690e-02 -6.57701865e-02 -4.64036968e-03 -1.81837261e-01
  1.20855726e-01 -1.93554275e-02 -5.71464896e-02  7.66343856e-03
  2.34648231e-02 -2.48406902e-02  4.25234586e-02 -9.56493244e-02
  2.07196064e-02 -9.25813317e-02  7.57637918e-02 -2.62009520e-02
  4.46328148e-02 -1.02034673e-01  1.89457629e-02 -1.74931794e-01
  1.25734165e-01  3.61457318e-02  1.61754906e-01 -2.68464368e-02
 -7.46370032e-02  2.45542061e-02  4.21450213e-02 -2.98187621e-02
  4.11682241e-02  6.77908882e-02 -2.03092047e-03 -4.40046657e-03
 -7.66635984e-02 -1.09233737e-01 -1.17839547e-02 -3.15117724e-02
 -9.31109041e-02 -1.20235182e-01 -4.77294177e-02 -5.46990409e-02
 -6.33281618e-02  1.78552046e-02 -2.65809298e-01  1.41284212e-01
  1.45279646e-01 -1.29421949e-01 -1.26176383e-02  6.52706698e-02
  1.40799344e-01  1.77453142e-02 -2.20272273e-01 -1.13752112e-01
 -2.34635780e-03 -1.81914598e-01 -9.68309939e-02  1.28577173e-01
 -6.41193148e-03  7.26074874e-02 -1.86496675e-01  1.56003401e-01
 -1.62515342e-01  1.07615680e-01  9.33533311e-02  2.61312481e-02
  1.87142819e-01 -2.97998548e-01  1.11517362e-01  2.91501777e-03
  3.72448489e-02  1.63967982e-01 -1.27078928e-02 -1.95945166e-02
 -4.46054898e-02 -2.84268055e-02 -9.10556763e-02  2.55678035e-02
 -9.85740572e-02  1.02181800e-01 -8.51265155e-03 -1.07468382e-01
 -7.98940808e-02  1.15145184e-01  9.84686092e-02 -1.45827942e-02
 -2.28730515e-01 -6.02007620e-02 -7.34323217e-03  5.35317473e-02
 -1.18109494e-01  1.23866066e-01 -5.34929410e-02 -2.14389199e-03
  1.64407164e-01  1.72456205e-01  6.92737475e-02 -4.42213640e-02
  3.28591317e-02  6.38383105e-02  9.12445113e-02 -6.32919297e-02
 -1.31688669e-01 -5.30135706e-02  1.02939472e-01  1.01649180e-01
 -1.13710172e-01  1.17282448e-02  2.22817600e-01  3.30108218e-02
  1.66940182e-01 -3.78571940e-03 -6.15236349e-03  4.06918302e-02
 -1.27911970e-01 -1.65162496e-02 -7.92137608e-02  4.69486155e-02
  7.49521628e-02 -3.59243155e-02 -4.16657887e-02 -7.13975877e-02
 -5.02171367e-02  9.20173228e-02 -7.57664591e-02  9.15556550e-02
 -2.92799734e-02 -1.20596141e-01  1.42599223e-04  3.66444960e-02
  1.68371454e-01  1.36058480e-01  9.12045240e-02 -6.79346770e-02
  4.68888879e-03  8.09752010e-03 -3.03626817e-04  1.34027693e-02
 -1.14204705e-01 -4.65766974e-02  2.07237571e-01  1.49081767e-01
  7.46525079e-02  2.42725447e-01 -5.94755597e-02  1.69577792e-01
  2.81251781e-02  5.65514788e-02 -9.03604925e-02  3.75809669e-02
  1.99806970e-02 -7.74590624e-03  1.78738534e-01  3.93454880e-02
 -7.87807032e-02 -1.45299762e-01 -8.57940838e-02  1.49057418e-01
 -1.44306153e-01 -1.65349633e-01  5.36109246e-02 -1.07544623e-01
  4.07901481e-02 -1.11313306e-01  4.94780764e-02 -8.74229223e-02
 -1.27212852e-01 -5.31730726e-02 -1.48051232e-01 -8.29868615e-02
 -4.22989298e-03 -2.62981514e-03  8.44092369e-02 -2.72454340e-02
  1.21689504e-02 -2.23288080e-03  2.00820193e-01  1.04985930e-01
 -1.18572302e-01  8.93334821e-02  5.67486882e-02 -8.28024969e-02
 -3.83935422e-02 -9.22500417e-02 -3.22372727e-02 -1.18388437e-01
 -1.64904743e-01 -1.06515028e-01 -2.18849499e-02 -1.16062863e-02
  3.94496806e-02 -2.20783159e-01 -6.73467815e-02 -6.74611628e-02
  7.70585611e-02  4.58779223e-02  1.69776708e-01 -3.03276386e-02
  8.78595114e-02  2.53711976e-02  9.77099985e-02 -8.96567330e-02
  1.33921921e-01  2.56326824e-01  3.72995064e-02 -3.02701015e-02
 -1.23091713e-01 -2.35954374e-02 -8.92432705e-02 -7.96358287e-02
 -3.90555784e-02 -1.28571182e-01  1.02719560e-01 -2.08502471e-01
 -5.20971864e-02 -1.13649510e-01  6.14344738e-02  5.54887913e-02
  6.00627400e-02  3.35522904e-03 -1.51128680e-01 -6.77396357e-02
 -2.65759885e-01  1.01654708e-01 -5.74367531e-02  1.84226841e-01
 -4.33783829e-02  3.71196233e-02  3.20881940e-02 -2.00609639e-02
  1.60685182e-02  4.00388017e-02  2.87789345e-01 -1.19577773e-01
  2.44718678e-02  8.49497393e-02 -5.43918386e-02  4.18853350e-02
 -9.59168077e-02  1.06964231e-01  5.46833873e-02 -1.96545139e-01
  1.07731365e-01 -1.91766679e-01  1.87947884e-01  2.77944177e-01
 -7.93313328e-03  4.93890420e-02 -2.44876370e-02  4.35467213e-02
  1.50547549e-01  1.92880984e-02  5.55418879e-02 -7.61425868e-02
  1.65932195e-03 -7.13355690e-02  8.86181090e-03 -2.59754539e-01
  2.12872505e-01  9.46122333e-02  3.56282182e-02  6.24421276e-02
 -1.31592425e-02  1.33534759e-01 -4.78059202e-02 -7.10924268e-02
 -1.49078727e-01 -1.19804233e-01 -2.04717387e-02 -4.96666227e-03
 -6.28352910e-02 -8.39894265e-02 -2.08415166e-02 -1.11402966e-01
 -1.02826163e-01  9.05058384e-02 -1.36014119e-01  1.05857894e-01
  4.88435626e-02  5.25984354e-02  2.32512563e-01 -1.13429017e-01
 -7.69591108e-02  1.02330305e-01 -3.96366119e-02 -4.59530726e-02
 -1.29159391e-01  7.96490610e-02 -5.13004512e-02  4.34330218e-02
  5.58335222e-02 -7.83706754e-02 -2.16441732e-02 -1.53400317e-01
 -1.88970089e-01  5.88228479e-02  3.59711163e-02 -7.30410442e-02
 -4.71641868e-02  7.46887401e-02 -6.10256940e-02  7.39883408e-02
 -3.06166466e-02  1.38678461e-01 -1.34999812e-01 -6.64882809e-02
 -1.48203790e-01 -1.01304412e-01 -1.29546106e-01  1.82473332e-01
  3.65436450e-02 -5.14808260e-02  6.57550851e-03  2.97453608e-02
 -1.81175191e-02  1.89138472e-01 -5.72878793e-02 -2.92371035e-01
  6.29840195e-02 -2.41414886e-02  3.77956361e-01  2.88620815e-02
  8.94631594e-02 -2.46476054e-01 -7.22281775e-03 -1.85787648e-01
 -1.90006495e-01  3.07185240e-02 -1.20753460e-01  2.67495215e-01
  1.11270010e-01  1.27412364e-01  3.94431725e-02 -1.67906404e-01
 -1.56339347e-01 -1.07115760e-01 -7.39892945e-02  1.84460089e-01
 -5.59488200e-02 -5.81998155e-02 -1.01140261e-01 -1.89243201e-02
  1.61124036e-01  6.98418841e-02 -4.65647429e-02  1.56182284e-03
 -2.44412152e-03 -2.39391401e-02 -5.78445420e-02  1.16995417e-01
  1.38577387e-01  9.60880071e-02 -5.23784049e-02  1.15043908e-01
 -2.13300604e-02 -1.41787335e-01  3.07753325e-01  1.22197554e-01
  2.45797902e-01 -5.87194860e-02  1.17819346e-01  1.29403509e-02
  1.23907015e-01  6.59365579e-02 -1.51525453e-01  3.05021882e-01
 -2.21399665e-01  1.22473061e-01 -1.65560842e-01  5.48137650e-02
 -3.06660850e-02  1.38903141e-03  2.86185350e-02  1.14497788e-01
  1.66139677e-01 -8.78853425e-02  9.46082398e-02  4.51357998e-02
  1.43526882e-01 -1.03887618e-02  1.26426801e-01 -2.88965479e-02
  1.38653532e-01  1.56153172e-01  8.30195472e-02 -6.29863292e-02
  6.27957517e-03  1.55050442e-01  6.91218451e-02 -1.69565946e-01
 -6.70049861e-02  6.12420961e-02  2.25447714e-02  5.09817302e-02
  2.57498622e-01  1.75225466e-01 -1.08688790e-03 -1.57330468e-01
 -2.27693804e-02 -3.36257368e-02  3.47673595e-02  3.36741842e-02
  1.80764741e-03 -2.71161254e-02 -6.54677078e-02  8.42702612e-02
  2.92007048e-02 -8.23213682e-02 -8.93986523e-02  2.74603702e-02
  4.36947346e-02 -5.09366812e-03  1.58967860e-02  9.02220458e-02
 -2.79882662e-02 -3.79165150e-02  1.00095674e-01  5.77803738e-02
  1.58726826e-01  4.46338020e-02 -1.40331298e-01 -6.19021356e-02]