http://erau.edu/ontology/meme.owl#CreepyMarshtompMeme
[-1.87354326e-01 -2.84316152e-01  6.12120479e-02  6.16514608e-02
  3.33602028e-03  1.84520602e-01  4.35296893e-02  1.50506198e-01
  7.41188601e-02 -6.05544001e-02  1.05727268e-02  1.23212626e-02
  3.62204164e-02 -9.36332271e-02 -1.88965518e-02  1.65178794e-02
  1.04890548e-01  1.10755399e-01  5.81490286e-02  1.29907191e-01
 -2.61130840e-01  7.70329908e-02  9.48021486e-02 -4.48460020e-02
  2.39040345e-01  1.16148233e-01  7.77269378e-02 -1.46594852e-01
  1.70566157e-01  1.74818113e-01  5.56480028e-02 -1.04717035e-02
  4.69544940e-02 -1.60361513e-01 -1.01529635e-01  1.78587407e-01
  8.08646157e-02  4.90622111e-02 -2.05598652e-01 -2.90673226e-01
  2.27929294e-01  1.85414284e-01  6.16326965e-02 -3.55457217e-02
  3.75173837e-02  1.87366918e-01 -4.13480289e-02 -1.74202099e-01
 -6.09617168e-03  7.64267817e-02  5.25259972e-02 -1.94307715e-02
 -2.73354687e-02 -5.94038889e-02 -5.05226031e-02 -3.29344198e-02
  1.52581990e-01 -4.43389900e-02  1.59938127e-01  7.75971636e-02
  2.38116384e-02 -5.47509268e-02  9.55471173e-02  9.75977927e-02
 -7.40077272e-02 -6.22844584e-02  4.32095565e-02 -1.76317930e-01
 -8.78268406e-02 -2.04940930e-01  7.01429918e-02  5.82768582e-02
 -1.32756075e-02  5.36929350e-04  7.05631748e-02  3.77117097e-02
 -1.83922738e-01 -8.78235921e-02  6.22563176e-02  4.29079682e-02
 -1.26066148e-01 -5.73145859e-02 -5.91811612e-02 -3.18289489e-01
  5.55831529e-02 -1.53047651e-01 -1.21383391e-01  2.17717841e-01
  9.51967314e-02 -1.36926040e-01  4.32906598e-02 -3.26500326e-01
  1.30616605e-01 -8.82659033e-02 -1.17215417e-01  9.70510542e-02
 -1.56358272e-01 -5.03095612e-02 -9.47453529e-02 -1.40731107e-03
  1.24086820e-01  1.57978341e-01  3.24976921e-01 -8.24505836e-02
 -8.98912847e-02  2.50002462e-02  1.95878103e-01 -5.74931651e-02
 -1.60426255e-02 -9.82329994e-02  1.77929103e-02  6.41580224e-02
 -4.02795821e-02  1.61849651e-02  1.15848400e-01  4.92506586e-02
 -3.65837157e-01 -2.38606006e-01 -6.95362538e-02 -6.92879315e-03
  1.02517684e-03 -1.42450761e-02  6.38034865e-02  1.11781470e-01
  1.31269563e-02 -1.45639300e-01  1.07506044e-01 -9.96713713e-02
  1.64821893e-02  1.74542442e-02 -2.57504582e-01 -1.27342328e-01
 -1.23958364e-01 -3.00872549e-02 -4.72308211e-02  2.11962417e-01
 -2.10259587e-01 -1.16489954e-01 -1.10712327e-01  3.03118601e-02
 -3.22116703e-01 -1.12098726e-02  4.54665497e-02 -2.49617547e-02
  2.56354392e-01 -1.53946891e-01 -5.92344739e-02 -1.67650446e-01
 -3.13103467e-01 -1.26694962e-01 -1.12109473e-02 -1.09614484e-01
 -7.24423900e-02 -4.78980727e-02  9.07535851e-02  1.22908004e-01
 -8.09597671e-02  1.04101785e-01  1.55528128e-01 -1.52376562e-01
  2.33070537e-01 -2.40579963e-01  5.46919256e-02  3.85395624e-02
 -3.13147157e-01 -1.04930855e-01 -8.33760761e-03  1.84740648e-01
 -1.05361722e-01  1.98482975e-01 -4.95956726e-02  2.06021130e-01
  2.41245478e-01  1.40451714e-01  1.16416754e-03 -8.78052786e-02
  2.05822382e-02 -1.00062378e-01  1.61205783e-01 -5.25801480e-02
 -9.78561714e-02  5.72478808e-02  3.69326510e-02 -3.33375074e-02
 -1.98851436e-01  7.22376853e-02  5.82065113e-05  2.22595558e-01
  1.54970840e-01 -6.91443905e-02  1.43078685e-01  7.19426200e-02
 -1.34729549e-01 -7.67026246e-02  5.95882302e-03 -6.13291841e-03
 -5.35160489e-02  2.05946699e-01  9.90245417e-02  4.49259281e-02
  4.98473691e-03  1.50324928e-03  1.17272243e-01  4.91462760e-02
 -8.71959254e-02 -2.61440754e-01  5.51925749e-02 -1.47869438e-01
  1.75065756e-01  1.33729309e-01  2.56867170e-01  2.19644252e-02
  1.96803752e-02 -8.20505247e-02  2.19046250e-01 -6.77505434e-02
 -1.45005152e-01 -1.60777748e-01  1.42798156e-01  9.31301937e-02
  2.43665501e-01  3.20040345e-01 -3.99001874e-02 -2.33482774e-02
  1.11848198e-01  4.15235087e-02 -2.33465537e-01 -1.63315218e-02
 -3.54247801e-02 -4.65493500e-02 -8.39607604e-03  8.15079361e-02
 -5.37783615e-02 -3.14684391e-01  8.75406340e-02 -3.60034108e-02
  3.50812338e-02  7.72656947e-02  2.51635671e-01 -8.47826228e-02
  1.82231758e-02 -8.91254693e-02  5.07610291e-03 -3.20249721e-02
 -1.99594915e-01 -7.29234070e-02 -1.01370327e-01  3.49785388e-02
 -4.12855530e-03 -8.19718391e-02  1.61076300e-02  3.52955307e-03
  9.59275365e-02 -2.56926473e-02  1.28096610e-01  1.08833403e-04
 -2.34977505e-03  1.74796786e-02  1.42485365e-01  1.51304498e-01
 -1.62640214e-01 -1.92256585e-01  1.20518535e-01 -1.07707992e-01
  1.36329671e-02 -3.02171826e-01  5.20597026e-02  8.75655562e-02
  5.10283671e-02 -1.34101033e-01  9.55006573e-03 -8.11260045e-02
 -6.00005984e-02  2.83994409e-03  2.83477139e-02 -1.21122472e-01
  7.68771470e-02 -9.39028561e-02 -4.40668464e-02 -5.46557829e-03
  9.29449275e-02  1.28642973e-02 -5.62589653e-02 -4.03801128e-02
 -1.07104309e-01 -6.11546449e-02 -7.27500916e-02 -1.07413702e-01
  1.22375630e-01  5.94293550e-02 -3.50292050e-03 -5.89784272e-02
 -3.03608421e-02 -9.08628404e-02 -2.92280037e-02 -1.18547961e-01
  2.85692960e-02  9.54268575e-02 -1.29447728e-01 -5.68862073e-02
 -1.57083660e-01  2.31891628e-02 -9.84647423e-02  1.50479794e-01
  1.53626934e-01  3.97722274e-02  1.70199290e-01 -1.38895251e-02
  4.53454964e-02  1.17993817e-01 -6.18041381e-02 -1.35888845e-01
 -7.11078718e-02  4.43986282e-02 -1.28581852e-01  4.13593948e-02
 -1.33604668e-02  1.90796424e-02 -7.47938678e-02 -3.28913666e-02
 -5.46654128e-02 -3.22549604e-02  2.23171353e-01  7.99005181e-02
  2.57925335e-02  4.44821306e-02 -1.22258380e-01  5.02164923e-02
  4.03380357e-02 -2.01975375e-01  3.06663308e-02 -3.32950689e-02
  7.66011178e-02 -8.40034112e-02 -1.08037852e-01 -2.29336813e-01
  1.29156604e-01  5.64852171e-02 -8.45862404e-02  1.56808615e-01
  4.22665700e-02  8.68541971e-02 -9.89814475e-03 -2.53916085e-02
 -8.21796954e-02  8.10975954e-02 -3.82773913e-02  7.18756169e-02
 -1.72850251e-01 -1.61950991e-01  1.35121954e-05  4.07135673e-02
 -1.53772041e-01  9.11135525e-02 -1.20931156e-01  1.04509637e-01
  8.03136528e-02 -9.67077166e-02  3.06236058e-01 -7.08473846e-02
 -1.57893255e-01  8.43506604e-02 -1.69403162e-02  1.04409620e-01
  2.34187092e-03 -2.26315424e-01 -1.46536738e-01  5.66647425e-02
 -2.33635819e-03  3.63050960e-02 -1.35182574e-01 -5.19737117e-02
 -2.17227504e-01  1.84943542e-01  3.66894826e-02 -1.96661595e-02
 -6.64960518e-02  4.43162583e-02  2.84321327e-02 -6.69027194e-02
  1.16862170e-01  3.39986175e-01 -3.81881669e-02 -1.61743879e-01
  2.26834528e-02  8.03642720e-02 -9.57177505e-02  1.59763768e-01
 -5.91610149e-02  4.70697470e-02 -3.65399569e-02  4.56421226e-02
 -1.52114891e-02  3.96252200e-02 -6.48813695e-02 -9.55363885e-02
 -7.13568032e-02 -2.62775179e-02  1.64696217e-01 -6.51874393e-02
 -6.18142411e-02 -7.71337934e-03 -9.17976573e-02  5.72737642e-02
 -9.00647044e-02  1.72291184e-03 -3.00141610e-02  1.12635538e-01
  1.90128833e-01 -5.03079221e-03  1.84230819e-01 -1.39735326e-01
 -1.35428548e-01 -8.81312117e-02  1.83136743e-02  3.74940298e-02
 -5.97249754e-02  1.20248705e-01 -2.82043330e-02  8.65735188e-02
  1.31619886e-01 -2.40222905e-02 -1.87602118e-01  8.38677026e-03
  4.58451621e-02 -1.93081364e-01 -4.46499288e-02  2.18214989e-01
  1.31815746e-01 -8.18695650e-02  6.28058016e-02  1.72543108e-01
  1.20054238e-01 -1.05936974e-01  2.04554483e-01  2.53239274e-01
  2.89927032e-02 -1.72327921e-01 -1.48619354e-01  1.10717200e-01
  8.81430432e-02  3.16708162e-02 -1.91432722e-02  2.00851202e-01
 -1.71588287e-01 -4.21594717e-02 -2.31959328e-01 -1.48312092e-01
  5.60834333e-02  1.83771491e-01 -3.64362518e-03  1.10597439e-01
  1.45029873e-01 -7.56353438e-02  1.63862348e-01 -1.20036148e-01
  1.25545904e-01 -2.29992233e-02  7.73969851e-03  6.31165132e-02
  2.32776478e-01  7.77338073e-02  8.64876360e-02  3.86362150e-02
  3.67386378e-02  1.64324760e-01 -1.68924570e-01 -1.30895665e-02
  3.38110290e-02  7.35178813e-02  1.35853872e-01 -4.24028412e-02
  9.96397734e-02  8.83995444e-02 -8.68249163e-02 -1.57790288e-01
 -3.12500931e-02 -2.37610236e-01 -1.00998372e-01  4.37849027e-04
 -1.30692407e-01  1.23179285e-02  6.43127132e-03  3.78204316e-01
 -1.21055007e-01 -1.01459444e-01 -3.84447165e-02 -2.39334591e-02
  1.62864141e-02 -1.38160689e-02 -6.98863640e-02 -6.80063888e-02
 -2.94921510e-02 -7.61172771e-02  1.45405412e-01 -4.40657437e-02
  1.67966112e-02 -4.97929193e-02  1.28762946e-01  1.65599450e-01]