http://erau.edu/ontology/meme.owl#YouHave5toBuildthePerfectManParodiesMeme
[-2.06605002e-01 -1.14120126e-01  1.30663350e-01  2.75611179e-03
 -7.90067837e-02  7.33629540e-02  1.49827361e-01  2.63880491e-01
  6.21683523e-02 -1.03126645e-01  6.61300123e-02 -4.88371029e-03
  1.14561478e-02 -3.99389081e-02  3.81829403e-02  6.05919175e-02
  8.32760409e-02  1.67655351e-03  5.10962419e-02  1.87818080e-01
 -2.68541604e-01  4.95951809e-02  1.24591663e-01 -3.05511821e-02
  2.09067509e-01 -2.83974651e-02  1.17179364e-01 -4.07923386e-02
  3.14729989e-01  1.96673676e-01  9.65630710e-02  8.66490155e-02
 -2.89257005e-04 -8.17695707e-02 -1.57903992e-02  3.88435870e-02
 -1.71819746e-01 -1.67814009e-02 -2.18437873e-02 -9.11690816e-02
  4.98575382e-02  1.54324740e-01 -1.29581153e-01  6.18054010e-02
  8.05105194e-02 -2.48724613e-02 -6.98225051e-02 -9.63908583e-02
  6.41101971e-02  1.33353556e-02  1.28566727e-01 -5.67727573e-02
  4.89840098e-02  8.94429069e-03 -1.24305777e-01 -9.18950364e-02
  5.76567017e-02  7.84485191e-02 -1.03685958e-02 -4.85175736e-02
  3.05931177e-02 -3.64568047e-02  1.35679990e-01 -2.67139729e-02
 -8.21815804e-02 -5.63608715e-03  8.49662274e-02  2.85797697e-02
 -5.81577756e-02 -1.61241069e-01 -1.38268352e-01  1.29723400e-01
  1.44512296e-01  2.01737471e-02 -6.49651687e-04  3.29328254e-02
 -7.03214761e-03  2.07054362e-01  1.23805106e-01  1.12407431e-01
 -4.91011105e-02  1.58230979e-02 -1.39498366e-02 -9.10375491e-02
 -5.10017127e-02 -1.75222177e-02 -1.07183866e-01  1.33983508e-01
  1.00365065e-01 -7.94500262e-02 -1.38977086e-02 -1.68531448e-01
  9.41365808e-02 -6.77415878e-02 -1.68670490e-02  8.40617046e-02
 -3.55656147e-02 -7.45587870e-02 -1.24798357e-01 -1.61804304e-01
  5.71851805e-02 -1.26731783e-01  2.91445583e-01 -8.58150125e-02
 -4.46331874e-02 -2.19000652e-02  7.15896934e-02  4.63998169e-02
  2.17102151e-02 -1.13446310e-01  5.95843717e-02  3.09445001e-02
 -1.09860219e-01 -1.59445718e-01 -1.77297723e-02  1.42097697e-01
 -1.44105300e-01 -9.51766968e-02  4.09344770e-02 -1.64153073e-02
  1.89518593e-02 -1.37324885e-01 -1.69019297e-01  1.03915639e-01
  1.16314307e-01 -1.75453961e-01 -4.50486317e-02 -4.53868993e-02
  1.53732538e-01  2.77242381e-02 -1.57335892e-01 -4.26854789e-02
 -9.29850563e-02 -3.49820554e-02 -1.31329909e-01  9.74180326e-02
 -8.20274577e-02 -4.77599725e-02 -1.02877088e-01 -1.98805723e-02
 -1.91786796e-01  1.90129559e-02  1.18865773e-01  7.22928643e-02
  1.21219553e-01 -1.47565186e-01  1.25442371e-01 -1.02859989e-01
 -5.43720014e-02  1.37176931e-01 -6.99973106e-02 -5.23544177e-02
 -1.80347394e-02  7.63208047e-02 -1.08640626e-01  5.49218319e-02
 -4.55443300e-02  2.23046094e-01  3.49834897e-02 -1.37091354e-01
 -1.98086184e-02 -1.32561624e-01 -1.46117285e-02 -4.51659374e-02
 -1.01060428e-01 -2.30907068e-01 -3.68872769e-02  1.76803060e-02
 -2.14029044e-01  1.56984329e-01 -2.02703681e-02  8.75313357e-02
  5.20519502e-02  3.04651614e-02 -6.58535510e-02  5.25862984e-02
 -1.46713406e-01  1.97667591e-02  6.27387241e-02 -1.55225897e-03
  4.65020388e-02  7.34352618e-02 -3.95307094e-02  9.83935371e-02
 -7.75482208e-02 -1.07140213e-01  1.72526032e-01  1.75786745e-02
  1.16381623e-01 -3.41003365e-03 -5.04114013e-03 -3.72238010e-02
 -4.36303355e-02 -1.41424208e-03 -3.69982868e-02 -1.89067964e-02
 -9.64104384e-02  7.65175298e-02 -8.50657374e-02 -5.07815108e-02
 -1.17271118e-01 -2.25405786e-02 -1.02839142e-01 -7.33209327e-02
  5.10278903e-02 -2.37644315e-01  5.18268384e-02 -5.63767552e-02
 -2.20694370e-03  3.03116534e-02  2.34453738e-01  8.29063952e-02
  3.26565765e-02 -1.02918155e-01  2.70697512e-02 -6.13312609e-03
 -7.66292810e-02 -1.02784969e-01  1.44515201e-01  1.08596310e-01
  2.75497437e-01  1.41437789e-02 -2.97177844e-02 -7.05544800e-02
 -1.10071652e-01 -1.18038423e-01 -1.40814945e-01 -9.26338360e-02
 -8.78868774e-02  2.92079840e-02  7.86734670e-02  1.14218861e-01
 -2.86873002e-02 -3.34237106e-02  6.41031982e-03  1.67123284e-02
 -7.96156824e-02  1.80959534e-02  2.05946490e-02 -5.58210574e-02
  9.28578153e-02  4.68999334e-02  4.51579802e-02 -6.82657212e-02
 -1.64927065e-01  2.34106136e-03 -1.23293780e-01 -6.93261996e-02
 -5.05092926e-02  7.71373659e-02 -2.05537863e-02 -2.59071700e-02
  3.12548652e-02  7.09422231e-02  8.26691240e-02 -1.50830504e-02
 -1.09347448e-01 -8.47249031e-02 -3.71463820e-02 -5.91792837e-02
 -1.26870528e-01 -7.91990664e-03 -3.78835835e-02 -1.05039112e-01
 -6.31628335e-02 -5.94590306e-02  2.19149683e-02  7.87060261e-02
  7.09393770e-02  5.34466058e-02  6.67140409e-02  9.35235769e-02
 -3.98493372e-02  6.00061454e-02  7.50586390e-02 -4.84100021e-02
  3.27991992e-02 -3.58680934e-02 -5.07072248e-02 -1.99567676e-02
  7.05104470e-02  2.02395052e-01 -8.16185623e-02 -1.15888469e-01
 -8.81136805e-02 -9.71695930e-02 -4.65728454e-02  2.58475877e-02
  8.11740756e-02 -1.09419882e-01 -3.29933837e-02 -6.07279642e-03
  2.46465690e-02 -6.62602833e-04  4.78740223e-02 -5.19968979e-02
  5.79252979e-03  6.28323387e-03  5.00665754e-02 -5.37322611e-02
  1.21935522e-02  4.86951023e-02  2.72012465e-02  7.77168050e-02
 -4.66507263e-02 -4.62010652e-02  1.26235127e-01  3.01394202e-02
 -5.44279180e-02 -5.84969856e-02  1.45296782e-01 -1.45453721e-01
  7.59641826e-02  5.22113368e-02 -9.37935710e-02 -2.57309750e-02
 -1.70959588e-02  1.02126017e-01  4.65350877e-03 -8.96480232e-02
  3.05645391e-02 -1.76757559e-01  1.18468113e-01  7.56426156e-02
 -1.41142057e-02 -5.37835807e-03 -5.94905876e-02  5.82181104e-02
  1.26930058e-01 -6.92307251e-03  2.79776566e-02  1.82917044e-02
  3.06300614e-02 -3.60681489e-02 -9.37096328e-02 -2.08170936e-01
  3.43854651e-02  1.13731325e-01 -3.89545150e-02  3.93480994e-02
 -2.67477874e-02  1.52061537e-01 -4.18719165e-02  1.19244065e-02
 -2.23270267e-01  2.17820276e-02 -3.94883081e-02  6.40870184e-02
  6.30960912e-02 -6.05738088e-02  1.93664879e-02  1.32793516e-01
 -8.56267884e-02  1.61943063e-01 -1.74181297e-01 -1.54227868e-03
  7.79057145e-02 -3.93881574e-02  6.76565543e-02 -1.45168632e-01
 -1.14767209e-01  2.07788944e-01  7.88204744e-02  7.80985653e-02
 -1.12368334e-02  3.06120012e-02 -1.82036087e-01  7.90164769e-02
 -7.42741376e-02  1.11526018e-02 -3.64107639e-02 -8.16578716e-02
 -2.40905344e-01  1.56139463e-01  1.70785338e-02 -7.85351619e-02
 -1.82284772e-01  1.81426504e-03 -7.55124539e-02  3.38180475e-02
 -1.83493756e-02  1.60711125e-01 -8.33751447e-03 -7.43470713e-02
  8.81851837e-02 -1.25269219e-01 -2.18891799e-01  6.05285391e-02
 -1.00883938e-01 -1.62160113e-01  4.12823595e-02  1.22560665e-01
 -2.24166457e-02  2.23064154e-01 -3.67825180e-02 -1.69176623e-01
  1.81927178e-02 -6.08882420e-02  3.06723684e-01 -6.45344928e-02
 -1.79315835e-01 -1.39655352e-01 -1.44795394e-02 -2.13778585e-01
 -1.68982476e-01  1.28067192e-02 -4.57886942e-02  2.58123457e-01
  1.64576575e-01  1.06960982e-01  5.46566956e-02 -5.32032847e-02
 -1.30043149e-01 -9.66841541e-03 -8.03341791e-02  1.86457336e-02
 -2.76359499e-01 -8.21947604e-02 -1.02036987e-02  1.68657303e-01
  1.81370959e-01  3.73583063e-02 -2.08176389e-01  1.76917594e-02
  7.97386989e-02 -1.61306679e-01  2.08299700e-02  9.43879858e-02
  1.26253337e-01 -5.68019077e-02  5.88975959e-02  3.11518759e-01
  1.23295046e-01 -4.46600094e-02  2.29842737e-01  2.81663626e-01
  1.11581087e-01 -4.79693562e-02  4.23899554e-02  1.19481690e-01
  1.57309845e-02  1.05491169e-01 -2.14083865e-01  2.64900714e-01
 -3.81535321e-01 -1.03713803e-01 -2.06989169e-01 -1.75488114e-01
 -1.04714707e-01  1.60278771e-02  6.71433359e-02  2.25083441e-01
  1.83306456e-01 -8.66200849e-02  2.20459938e-01 -6.58722818e-02
  1.14705719e-01  6.64340630e-02  7.36298924e-03 -3.13170068e-02
  2.68511206e-01 -8.95859115e-03  1.63668603e-01 -1.66349754e-01
 -6.57504518e-03  1.72213048e-01  6.59578368e-02 -1.91299662e-01
  2.85562454e-03  4.91103828e-02  1.98529005e-01  5.50605543e-02
  2.06253022e-01  1.28833532e-01  2.32602074e-03 -5.13419434e-02
  2.97446400e-01 -2.58852482e-01 -1.32163718e-01  2.48457432e-01
 -5.98023869e-02 -2.85421181e-02 -4.31474037e-02  4.70275611e-01
 -1.73947051e-01 -2.31711000e-01 -1.84771959e-02  4.71181935e-03
  1.88159972e-01  3.61200725e-03 -1.36864483e-01 -9.32502677e-04
 -3.99768427e-02  1.64259225e-02  1.61592454e-01 -9.20108426e-03
 -1.58592254e-01 -1.82907596e-01  5.37087880e-02  9.56585258e-02]