http://erau.edu/ontology/meme.owl#PatrollingtheMojaveMeme
[-2.17128053e-01 -1.15517743e-01 -7.29725277e-03  6.98904023e-02
 -2.12523132e-03  7.48906210e-02  1.36596188e-01  9.09551792e-03
 -4.89651747e-02 -2.58175116e-02  9.15000141e-02 -8.54313374e-02
  3.00570782e-02 -6.09899238e-02 -1.18063927e-01  1.92724671e-02
  1.03717685e-01  9.66545492e-02  1.36825070e-01  6.24422394e-02
 -2.57496327e-01  3.99828218e-02  1.09118903e-02 -1.63917288e-01
  1.84601367e-01 -7.52367172e-03 -2.55648959e-02 -2.14483842e-01
  3.21386904e-01  2.81839639e-01  4.69504371e-02  8.36906657e-02
  3.62987407e-02 -9.01743546e-02 -1.42393410e-01  1.83050677e-01
 -4.84767891e-02  1.01693466e-01 -5.59722185e-02 -8.60859454e-02
  1.50095597e-01  2.80069590e-01 -1.21422924e-01  7.95225874e-02
  1.20575488e-01  4.35227416e-02 -6.60011247e-02 -1.61617413e-01
  1.38658658e-01  4.91991080e-02  3.49671096e-02  8.60881731e-02
 -8.92838910e-02 -1.94895014e-01 -9.57266018e-02  1.40162567e-02
  1.31101742e-01 -1.52317882e-01  2.20234096e-01  1.04283035e-01
  7.59940371e-02 -6.42514080e-02  2.27877438e-01  1.46327130e-02
 -1.77757323e-01 -8.43615010e-02 -3.59300040e-02 -6.79051653e-02
 -9.06848311e-02 -2.14286551e-01 -1.91743225e-01  7.59432167e-02
  1.35613739e-01 -3.43161598e-02  1.31061643e-01  6.75629452e-02
 -3.96634974e-02  8.96263793e-02  1.84675142e-01  5.81365377e-02
 -7.32533932e-02 -8.48440379e-02  2.91953348e-02 -2.29032740e-01
  3.64706330e-02 -8.59491304e-02 -1.10693522e-01  1.00732289e-01
  1.28912389e-01  8.64339992e-02 -1.06161488e-02 -1.89804316e-01
  1.49648279e-01 -1.09892093e-01 -7.66577125e-02  5.88999242e-02
 -2.60805972e-02 -2.27653608e-03 -9.68072489e-02 -1.18711263e-01
  9.35748741e-02  6.29501939e-02  3.87429506e-01 -1.75604537e-01
  2.86263358e-02  5.33398241e-02  1.82458252e-01 -1.14653796e-01
 -9.66118798e-02 -1.04685672e-01  4.14456055e-02 -4.82485965e-02
 -1.50948137e-01 -1.26781657e-01  1.85306266e-01  1.00159362e-01
 -3.38656604e-01 -2.77380675e-01 -1.30242697e-04  6.32734224e-02
 -7.25600496e-02 -5.06365858e-03  2.69544367e-02  1.05213180e-01
  8.67236108e-02 -1.17595628e-01  4.05177251e-02 -2.66274475e-02
  2.45041437e-02  3.53839472e-02 -1.86390638e-01  8.14463384e-03
 -2.49446500e-02 -1.45772606e-01 -1.27271801e-01  9.51505899e-02
  1.32351033e-02 -5.49725629e-02 -2.12679684e-01  3.29911150e-02
 -3.12576652e-01  1.69359446e-02  5.94195947e-02  5.12782903e-03
  2.68896341e-01 -2.19933361e-01 -2.18595974e-02 -5.80819994e-02
 -6.38692304e-02  1.64177537e-01 -8.22305586e-03 -1.83709785e-01
  7.09726736e-02  8.68116096e-02 -4.65236930e-03  1.50170445e-01
 -2.59173930e-01  1.57461166e-01  1.03396393e-01  1.89987160e-02
 -3.28031145e-02 -1.91888541e-01  7.36192167e-02 -3.66586335e-02
 -2.03536242e-01 -7.85911828e-02 -8.25032890e-02  1.23925976e-01
 -2.74230540e-01  1.59202918e-01  8.70062858e-02  1.38120800e-01
  2.11993828e-01  1.20943926e-01  5.07821701e-03  1.31049482e-02
 -5.61365895e-02 -8.48066136e-02  8.42602849e-02 -1.17616162e-01
 -9.42027271e-02  1.56560525e-01 -8.97254050e-03 -6.58354815e-03
 -5.38285226e-02  4.16452810e-02  1.02507979e-01  5.54107502e-02
  2.43780062e-01 -8.92370865e-02  1.20001473e-01 -4.05431865e-03
 -2.14456454e-01 -6.25384450e-02  8.02390501e-02 -8.19926187e-02
  1.39648452e-01  1.26274303e-01 -3.16751935e-03  2.06351932e-02
  4.89128828e-02 -3.57847586e-02  5.66595905e-02 -6.70429990e-02
 -1.18893161e-01 -2.86420077e-01  4.32562269e-02 -1.07566006e-01
  1.02733210e-01  1.53834805e-01  2.04951793e-01  1.26392335e-01
 -1.09274283e-01 -1.38015762e-01  1.70785278e-01 -1.88745011e-03
 -1.35113552e-01 -1.43318057e-01  1.25897139e-01  8.99218693e-02
  1.14816651e-01  4.94773872e-02 -2.15972841e-01 -9.27911103e-02
  6.47968724e-02 -1.49264401e-02 -2.00282395e-01  4.23340797e-02
 -9.39434674e-03 -7.21255392e-02  3.86413746e-02  7.58597925e-02
 -7.04592168e-02 -1.61435336e-01 -5.54987937e-02 -4.41999249e-02
 -8.72833058e-02 -9.38775092e-02 -9.31762066e-03 -1.23040192e-01
  8.23811218e-02 -6.91280812e-02  1.15926266e-02 -6.67613074e-02
 -1.88432097e-01  6.72823042e-02 -6.92523718e-02 -7.10494667e-02
  5.82526391e-03 -3.51622328e-02  1.04710147e-01 -1.32938912e-02
  1.94670349e-01  6.21731430e-02  1.19320363e-01 -3.83014455e-02
 -6.40957057e-02  1.35560840e-01  1.05249524e-01  9.42614526e-02
 -4.81707714e-02 -3.34450975e-02  1.32953927e-01 -1.02673747e-01
 -9.04499739e-02 -1.11457624e-01 -4.54466864e-02  2.71924548e-02
  1.54560702e-02 -1.92693919e-01 -2.79873181e-02 -9.72673669e-02
 -5.17755300e-02  3.96464393e-02  1.56622991e-01  4.23207730e-02
  6.64311647e-02 -6.78483620e-02  2.94857249e-02  6.07133210e-02
  1.86491624e-01  1.32169090e-02  2.76818348e-04 -8.84671807e-02
 -1.46154463e-01  5.37862480e-02 -5.65988645e-02  1.17763598e-02
  4.65656072e-02  3.56032513e-02  3.35914642e-03 -1.42181292e-01
  6.30571768e-02 -3.11154611e-02  5.53853661e-02 -4.49335342e-03
  3.82332504e-02  1.38661684e-02 -2.42001772e-01 -8.42977166e-02
 -1.23879880e-01  1.23083694e-02 -1.19665731e-02  9.19366181e-02
  1.19398609e-02  5.14788516e-02  1.37914553e-01  1.86725631e-02
  1.59426648e-02  1.19261108e-01  1.10873364e-01 -2.23979726e-01
  7.11992905e-02  9.93993953e-02  2.62300465e-02  5.56534827e-02
 -3.20787020e-02  1.41785502e-01 -3.82109806e-02 -5.27526587e-02
  1.54718190e-01 -5.41440845e-02  2.11536750e-01  1.63433313e-01
 -5.20070307e-02 -3.38798226e-03 -1.04684494e-01  4.12610024e-02
  1.20687656e-01 -5.32380901e-02 -1.03491638e-02 -4.09865053e-03
  1.36623368e-01 -4.98633608e-02 -1.00214258e-01 -2.15620235e-01
  4.16364595e-02  5.80995046e-02 -1.13467067e-01  1.25353783e-01
 -6.59370469e-03  1.45721450e-01  2.40380280e-02 -5.10999262e-02
 -2.03366309e-01 -1.09880470e-01 -3.10720168e-02  1.91842049e-01
 -1.42088473e-01 -1.39983475e-01 -6.38925061e-02  7.82069489e-02
 -1.01138815e-01  1.79888308e-01 -1.50834367e-01  9.25567150e-02
  1.08840644e-01 -4.12894115e-02  2.60955870e-01  6.31057005e-03
 -1.56951487e-01  1.19154409e-01  4.49596299e-03 -7.73426592e-02
  2.78322976e-02 -5.71913011e-02 -5.53355925e-02 -4.53920513e-02
  5.16821183e-02  8.14952403e-02  2.81121284e-02  6.34649023e-02
 -1.81316793e-01 -9.97888111e-03  9.02563184e-02 -1.29035488e-01
 -4.19924855e-02  5.42004183e-02  1.05460338e-01 -8.37646518e-03
  1.55767471e-01  1.70229763e-01 -2.41183396e-02 -6.78140372e-02
  1.42586932e-01 -1.49056435e-01 -1.62455514e-01  3.10848951e-01
  1.99096818e-02 -2.45585650e-01 -9.55750421e-02  1.77760616e-01
 -3.75302099e-02  2.16875866e-01 -9.54509601e-02 -3.27604115e-01
  4.64072563e-02  1.17113695e-01  3.20234597e-01 -7.48736709e-02
 -8.26929808e-02 -9.66678783e-02 -2.92338450e-02 -3.79330963e-01
 -2.85942852e-01  1.96904615e-02 -7.11601079e-02  5.51659226e-01
  1.89593196e-01  7.05615133e-02  1.77385602e-02 -2.18585327e-01
 -1.95850372e-01  1.93736479e-02 -1.61094889e-02  1.07140891e-01
 -6.30127979e-05 -3.66255157e-02 -9.11529362e-02  1.13819465e-01
  2.39095669e-02 -1.01714693e-02 -9.83321741e-02 -1.87029075e-02
 -5.09969145e-02 -1.24913521e-01 -3.62651907e-02  7.34055936e-02
  1.77895561e-01 -7.81135187e-02 -1.70517042e-02  2.21603945e-01
  7.25527182e-02 -1.58185348e-01  1.71543881e-01  6.83169737e-02
  8.47982690e-02 -1.16307894e-02 -8.93487502e-03  4.17996794e-02
  2.30263829e-01  7.74768591e-02 -3.00405752e-02  2.94642240e-01
 -2.33035296e-01 -4.24388982e-02 -1.22180991e-01 -9.66540948e-02
 -1.50711223e-01  1.05571739e-01  1.12441972e-01  1.03967145e-01
  6.51225373e-02 -4.40034643e-02  2.25687757e-01  5.54277487e-02
  7.91688040e-02  8.62580314e-02  9.22095925e-02  5.22906706e-02
  2.21918613e-01  1.82752088e-01  1.46874845e-01 -1.28353611e-01
 -8.08590204e-02  5.24316356e-02  3.63058737e-03 -2.22640276e-01
 -1.24565102e-01  2.14673411e-02  1.15516447e-01  2.30191704e-02
  1.96531460e-01  1.01827264e-01  8.51207376e-02 -2.05452889e-01
  1.99795258e-03 -5.64036891e-02 -3.49930674e-03  9.96654928e-02
 -1.13923386e-01 -9.23158973e-02 -1.06493086e-01  3.28385860e-01
 -7.38903806e-02 -2.00527146e-01  4.34667952e-02  5.91411861e-03
  6.57449439e-02  9.79224686e-03 -1.08164497e-01 -1.16974320e-02
  9.56928432e-02  6.50026202e-02  6.03549406e-02  7.53583238e-02
 -2.65830904e-02 -4.63162363e-02  1.32200062e-01  1.32211030e-01]