http://erau.edu/ontology/meme.owl#OutcomeTrainGoBoomMeme
[-1.52449489e-01 -1.48544118e-01  9.05334279e-02 -2.59960052e-02
 -1.08896252e-02 -5.18027395e-02  1.87232584e-01  1.10500783e-01
 -6.32134005e-02 -1.21324368e-01  1.05279930e-01 -1.02386095e-01
  1.68636106e-02 -8.64239037e-02 -1.14095956e-01 -2.52645817e-02
  1.33063391e-01  1.16434962e-01  1.07044451e-01  2.90742945e-02
 -2.23182753e-01  9.68569219e-02  8.53668451e-02 -2.01689973e-01
  2.18793154e-01  9.40176286e-03  8.59941021e-02 -2.19929203e-01
  2.83701718e-01  8.82693976e-02  6.24357946e-02  7.53139332e-02
  4.59297374e-03 -1.47375733e-01 -7.36522162e-03  2.05220416e-01
 -5.13570420e-02  8.41249153e-02 -1.42098265e-02 -1.85813919e-01
 -6.27148822e-02  1.98818266e-01 -2.06740722e-01 -5.30526266e-02
  1.35453999e-01  4.78734747e-02  3.98557596e-02  3.05149741e-02
 -7.35527603e-03  8.08103830e-02  1.33960038e-01  3.55372056e-02
 -1.43561035e-01 -1.69076353e-01 -1.70646012e-02 -7.09909871e-02
  6.61539510e-02 -5.49096689e-02  6.06990643e-02  1.53527021e-01
 -1.13237381e-01 -1.49412587e-01  9.75641906e-02  3.86655964e-02
 -1.47671416e-01 -9.10180658e-02  3.61347594e-03 -6.09602109e-02
 -1.82795212e-01 -1.36197165e-01 -1.39901116e-01  7.13354722e-02
  1.98836178e-01  6.60744170e-03 -3.34021705e-03  9.94723365e-02
 -1.19141817e-01  8.55781510e-02  1.33683577e-01  2.37895250e-02
 -4.85900491e-02 -1.92495435e-01 -7.46781677e-02 -6.25606105e-02
  1.19265884e-01 -1.37197107e-01 -1.22352056e-01 -1.02105420e-02
  1.55946583e-01 -4.15015258e-02 -2.07964089e-02 -2.18143523e-01
  1.66735753e-01 -2.41829585e-02 -1.21871650e-01  7.90459439e-02
  5.15468046e-02  4.48744223e-02  3.24785747e-02 -1.16693951e-01
  1.05982892e-01 -3.47286314e-02  2.06892058e-01 -3.30283977e-02
 -2.52640713e-03 -5.98819070e-02  4.12417389e-02 -8.42088610e-02
 -5.12598529e-02 -6.50568604e-02  4.25506011e-02 -2.60289269e-03
 -2.19214424e-01 -2.31525883e-01 -7.16181844e-02 -1.13264518e-03
 -2.94619650e-01 -5.76886460e-02 -1.57530457e-02  4.64429297e-02
 -3.48584428e-02 -1.58170685e-01 -1.32946866e-02  1.01484403e-01
  5.19067496e-02 -2.13582665e-01  6.22357316e-02 -3.18621285e-02
  1.09180190e-01  9.03756320e-02 -1.18142724e-01  2.59932410e-02
  1.41180512e-02 -1.17888555e-01 -2.22870689e-02  2.42426638e-02
  7.80872405e-02 -9.24763829e-02 -1.45028055e-01  6.75721467e-02
 -2.44656116e-01 -5.35499901e-02  1.56477112e-02  1.00175284e-01
  1.14188634e-01 -2.31918737e-01  1.00756310e-01 -1.16055414e-01
  3.55056883e-03  2.44547755e-01  3.24425511e-02 -1.02977477e-01
 -3.12406141e-02  1.13444582e-01 -4.15067263e-02  8.26506168e-02
 -1.51936218e-01  1.79433718e-01  8.07202011e-02  2.84375995e-02
  5.77407107e-02 -8.19905028e-02  4.03046571e-02 -6.69096336e-02
 -1.08652391e-01 -1.47059381e-01 -4.62573282e-02  3.17415968e-02
 -2.34122902e-01  1.24857679e-01  3.50231938e-02  1.89561725e-01
  1.66476905e-01  1.70316398e-01 -2.11800914e-02 -8.87989849e-02
 -1.69876084e-01 -1.29517674e-01  1.67169854e-01 -7.84117579e-02
 -4.44513336e-02  1.36448547e-01  5.06917424e-02  2.33533289e-02
 -7.66594848e-03 -4.74390425e-02  3.77422236e-02 -3.44498223e-03
  2.90892363e-01 -3.60523351e-02  1.16579525e-01 -5.32025248e-02
 -2.24642470e-01 -1.93563327e-02  1.08398227e-02 -4.86443117e-02
  3.96512970e-02  9.45196673e-02 -9.71405283e-02 -3.39356661e-02
 -2.27273791e-03 -4.43236493e-02  7.57904947e-02 -1.19814970e-01
 -9.38376412e-02 -2.34405428e-01  5.01053333e-02 -1.03190571e-01
  6.07055649e-02  9.11396816e-02  2.38186494e-01  1.29894510e-01
 -3.09836436e-02 -1.07139401e-01  1.42553747e-01 -3.20943329e-03
 -7.49967769e-02 -1.21746235e-01  5.65697290e-02  9.24540609e-02
  1.63571343e-01  2.03112718e-02 -1.75478786e-01  6.85829204e-03
  1.00567453e-02  7.36000687e-02 -2.16400772e-01  1.16535816e-02
 -4.82844152e-02  2.23184805e-02  1.69025853e-01 -1.11197367e-01
 -2.28192002e-01 -7.06518292e-02  7.14929327e-02  5.53347431e-02
  2.95496313e-04 -2.27611214e-02 -4.95174108e-03 -8.01669657e-02
 -6.12110421e-02  1.63299572e-02  1.03023052e-01 -3.18596698e-02
 -2.47678041e-01  7.41918683e-02 -1.27011329e-01 -1.63598880e-02
 -1.01115383e-01  6.77721724e-02  4.29373756e-02 -5.28134629e-02
  1.15183383e-01  2.89680492e-02  1.64373681e-01 -2.04233993e-02
 -7.66541511e-02  7.80913932e-03 -1.71921141e-02  1.13461755e-01
 -8.81645363e-03 -9.15322974e-02  4.35090140e-02 -7.12053291e-03
 -7.36458600e-02 -1.81291655e-01 -4.86243665e-02 -2.33156849e-02
  8.32798183e-02 -8.40904564e-02 -6.44368306e-02 -1.21535309e-01
 -9.54054222e-02  4.89323735e-02  1.32318035e-01 -9.13262293e-02
  6.77872002e-02  2.60697827e-02  2.82519087e-02  5.51725663e-02
  1.00054622e-01  8.69023278e-02  3.19725797e-02 -1.58488885e-01
 -1.40906900e-01 -7.03512970e-03  5.91787323e-02  3.18533145e-02
 -7.11427405e-02 -1.69539452e-01  8.11531097e-02 -1.03020720e-01
 -4.12317272e-03 -1.21988617e-01  3.28191258e-02  1.24765083e-01
  1.46550998e-01 -1.24366798e-01 -6.81924447e-02 -6.78050667e-02
 -2.31791183e-01 -3.81369218e-02 -6.01647906e-02  1.95261806e-01
 -8.99417996e-02 -9.30082053e-02  2.04640225e-01 -8.69190171e-02
 -4.56300974e-02  1.16490774e-01  2.16508895e-01 -9.57091525e-02
  4.71779108e-02  1.17812641e-01  7.70191178e-02  8.62113833e-02
  8.69047130e-04 -4.43388857e-02  1.18890367e-01 -1.30183995e-01
  1.42031550e-01 -1.56777352e-01  1.51274517e-01  1.00258671e-01
 -7.62366652e-02 -5.48811294e-02 -1.39397010e-01  6.89150766e-02
  5.98143749e-02 -2.56176516e-02  6.21795505e-02  6.31229654e-02
  1.07505219e-02 -2.80129723e-02 -1.43059269e-01 -1.84866905e-01
  5.54075725e-02  1.24686666e-01 -7.14558512e-02  1.09077029e-01
  5.47211729e-02  1.08173089e-02 -7.07069561e-02 -1.19672669e-02
 -8.90620798e-02  2.87610646e-02 -1.53236419e-01  9.87926275e-02
 -2.68254429e-02 -1.80135384e-01 -4.07632627e-02  2.41013765e-02
 -1.29241556e-01  1.87424928e-01 -1.63845092e-01  3.37402150e-02
 -6.19258098e-02 -1.45925760e-01  1.57804862e-01  3.14813405e-02
 -1.41643792e-01  6.43220693e-02 -6.91301599e-02 -6.07655756e-02
 -1.03390537e-01 -9.95016284e-03 -4.68915068e-02 -4.90300581e-02
 -9.18262303e-02  1.75035074e-02  9.75274816e-02  4.35104370e-02
 -1.36788368e-01 -9.16524511e-03 -4.37281374e-03 -6.67792335e-02
 -1.61472335e-01  8.43321905e-02  4.21759523e-02  6.79624975e-02
 -8.04447904e-02  1.11368746e-01 -8.16011522e-03 -8.54210630e-02
  1.01379462e-01 -1.37086153e-01 -4.52023707e-02  1.63338944e-01
 -1.82545297e-02 -6.86175600e-02 -7.87295848e-02  4.23110314e-02
  5.59761822e-02  2.64915526e-01 -8.07681680e-02 -2.40053490e-01
  3.58226784e-02  1.46146014e-01  2.22776309e-01 -3.50787379e-02
  1.43643934e-02  1.81080084e-02  7.71727487e-02 -1.72699168e-01
 -1.28749251e-01  5.02625220e-02  3.23832147e-02  1.65838197e-01
  1.08628541e-01  1.36051893e-01  1.34650460e-02 -1.69127554e-01
 -8.53266120e-02 -7.79951215e-02  5.64133823e-02 -4.46108989e-02
 -3.45793031e-02 -1.41525954e-01 -2.04301234e-02  4.46073860e-02
  1.74705535e-01 -3.62646729e-02 -4.82769497e-02  5.86932711e-02
 -7.07858577e-02 -1.00793071e-01 -4.12659235e-02  1.59261972e-01
  6.66498840e-02 -2.04591647e-01 -1.16390421e-03  1.98346198e-01
 -4.66834800e-03 -1.13552272e-01  1.30706519e-01  1.33377612e-01
  1.23063974e-01  8.87538120e-02  1.15106702e-01  7.12885037e-02
  4.40335311e-02  7.93322772e-02 -1.49973765e-01  2.80515045e-01
 -2.30429649e-01  3.24432850e-02 -1.30617023e-01 -1.20447420e-01
 -9.21277925e-02  4.22016084e-02  1.21380202e-01 -1.30956452e-02
 -8.27902462e-03 -4.90380004e-02  7.88978934e-02  7.09287673e-02
 -3.59634236e-02 -1.17983567e-02  1.34436876e-01 -5.54481708e-02
  6.84813485e-02  8.76978263e-02  2.09717974e-01 -4.28920053e-02
  5.80230402e-03  4.81245155e-03  2.64819711e-02 -5.72131835e-02
  5.53919189e-03 -1.52276903e-02  1.48300052e-01 -1.23506725e-01
  1.50497586e-01  1.41046450e-01  6.91259280e-02 -2.20120743e-01
  3.63049954e-02 -1.95464015e-01 -5.15169278e-02  6.63101226e-02
  7.42584690e-02 -7.15181604e-02 -1.64726302e-01  3.40528429e-01
 -1.80217922e-01 -2.35927060e-01  3.55846807e-02 -2.23312490e-02
  1.42354265e-01  1.05785213e-01 -7.86002129e-02  2.61365832e-03
  7.99918845e-02  7.85842463e-02  1.55445352e-01  3.03659067e-02
  4.09324653e-02 -5.46391830e-02  2.08026506e-02  1.76173225e-01]