http://erau.edu/ontology/meme.owl#CummiesMeme
[-1.24058291e-01 -1.34499431e-01  1.94513239e-02 -5.22404797e-02
 -7.73202628e-02  1.11167833e-01  2.11876437e-01  6.21139482e-02
 -9.39943045e-02 -5.10291830e-02  3.37530673e-02 -8.27603266e-02
  2.74850335e-02 -9.47831348e-02 -1.01426259e-01  4.37027216e-03
  9.75304246e-02  9.50668231e-02  1.34148791e-01  1.92131680e-02
 -2.45352075e-01  4.45597321e-02  1.15351126e-01 -9.62082893e-02
  1.33184135e-01 -4.77413535e-02 -1.34982884e-01 -1.81392863e-01
  2.10220158e-01  1.24172062e-01  7.34616369e-02  1.54457554e-01
  1.75742693e-02 -1.90448165e-01 -8.74361619e-02  1.63685352e-01
  8.42440054e-02  2.00477213e-01 -1.37891546e-01 -1.63692832e-01
  7.00459331e-02  2.09157079e-01 -1.64084300e-01 -6.29350767e-02
  1.29463017e-01 -6.09260127e-02  9.08736512e-02  5.26547544e-02
  1.75037719e-02  1.69854328e-01  5.00672199e-02  6.73955977e-02
 -5.38922548e-02 -1.44508272e-01 -1.35056600e-01 -2.19306815e-02
  1.07747942e-01 -5.76198436e-02  1.56826481e-01  1.06591903e-01
 -5.10317907e-02 -6.83439001e-02  1.10347159e-01  6.14995807e-02
 -9.95393395e-02 -2.54966151e-02  3.49115692e-02 -5.25154099e-02
 -7.62188062e-02 -8.04948285e-02 -9.20485556e-02  1.45263031e-01
  1.27449751e-01 -3.11122648e-02 -3.25977639e-03  1.03635073e-01
 -4.28436883e-02  4.64583002e-02  1.33668885e-01  2.07876191e-02
 -1.64383769e-01 -2.62182772e-01 -3.24236862e-02 -1.80771202e-01
  2.85393000e-02 -2.19936103e-01 -1.41667083e-01  1.07865907e-01
  1.29455417e-01 -3.88961062e-02 -1.57317030e-03 -2.29248852e-01
  7.05072507e-02 -4.81497385e-02 -1.12374045e-01  1.16539866e-01
 -1.35749251e-01  5.49945198e-02  3.40095982e-02 -1.17929272e-01
  7.06592649e-02  4.60346155e-02  2.64050514e-01 -6.51846081e-02
 -3.12203094e-02  9.13490262e-03 -1.02373073e-03 -7.76116475e-02
  3.57235260e-02 -2.35263668e-02 -3.62142920e-02  2.39080470e-02
 -1.46167964e-01 -9.13346037e-02  6.21155053e-02  8.28944892e-02
 -2.16274410e-01 -2.16409951e-01  4.44668680e-02  7.28133917e-02
  8.90918225e-02 -1.15123885e-02 -6.66297674e-02  6.69751465e-02
 -1.85753703e-02 -1.89966977e-01  7.09670633e-02  9.97908488e-02
  1.91159323e-02  4.14242186e-02 -1.37343764e-01  2.36541312e-02
  3.87937501e-02 -4.75680232e-02 -7.65640065e-02  7.40859658e-02
  5.07962368e-02 -1.10619247e-01 -9.54454541e-02  1.44075990e-01
 -2.16508657e-01 -1.26655772e-01 -3.85795906e-02  6.29131272e-02
  1.53944865e-01 -2.07502142e-01  1.52914897e-01 -1.00511484e-01
  6.56064898e-02  1.08635083e-01 -3.30043212e-02 -1.51677221e-01
 -5.07751405e-02  3.22428942e-02 -2.91261300e-02  9.29264873e-02
 -1.53216809e-01  1.71604067e-01  8.51112679e-02 -1.93062786e-03
  1.32396623e-01 -7.90161118e-02  7.14560896e-02 -2.79583260e-02
 -1.85890242e-01 -1.84403926e-01 -5.86830042e-02  1.23202294e-01
 -1.86129391e-01  1.66716531e-01 -9.59624797e-02  1.56878740e-01
  1.87065408e-01  1.39289036e-01  3.91435064e-02 -5.31028025e-02
 -1.23204447e-01 -1.37976378e-01  9.66646075e-02  1.02545246e-02
 -1.04261287e-01  1.98970921e-02  5.01266904e-02  2.43678186e-02
 -1.39477700e-01  4.09105159e-02 -4.72619273e-02 -5.57317548e-02
  3.10185730e-01 -1.21791810e-01  4.38368283e-02  3.57517339e-02
 -1.57117322e-01 -4.24172357e-02 -7.72539107e-03  5.63277751e-02
  1.90843523e-01  1.22806817e-01 -3.15283462e-02 -9.61749181e-02
  3.38686295e-02  5.52821346e-02  8.91290084e-02  4.93146777e-02
 -8.43825713e-02 -2.92767942e-01  8.21087286e-02 -5.93163706e-02
  4.75676470e-02  1.41215369e-01  2.00842604e-01  1.66974112e-01
 -9.07585174e-02 -9.81171429e-02  1.28929451e-01  6.03501964e-03
 -1.27965227e-01 -5.85810281e-02  4.09216247e-02  1.82508618e-01
  1.54396638e-01 -6.31517684e-03 -1.50251672e-01  1.97428614e-02
  9.94569659e-02  7.60256425e-02 -1.28139779e-01 -4.18771878e-02
  2.60900371e-02 -4.36698757e-02  2.52526328e-02 -2.98006963e-02
 -1.30359277e-01 -1.56119131e-02  3.71493101e-02  9.39722583e-02
 -2.54059192e-02 -5.73719479e-02  1.47959322e-01 -1.08127497e-01
 -2.08800361e-02  3.71761583e-02  2.29968689e-02  1.32385232e-02
 -2.68458337e-01  3.08117680e-02 -7.01939240e-02 -2.42762305e-02
 -4.01019752e-02  6.99325884e-03  3.44049037e-02 -2.00681612e-02
  7.55249634e-02  2.05264166e-02  6.11282699e-02  2.39592325e-02
 -6.71003535e-02  1.34989582e-02  7.14691207e-02  3.48583446e-03
 -9.01569729e-06 -1.68589830e-01  2.98552513e-02 -6.59382716e-02
 -3.79917771e-02 -2.17188343e-01 -7.26303011e-02 -8.89095478e-03
  7.06312656e-02 -1.29967883e-01 -9.14801881e-02 -6.12296909e-02
  4.16776575e-02  4.03787084e-02  1.70869425e-01  2.11681630e-02
  1.13851115e-01  5.80164976e-02 -5.38930334e-02  3.54775712e-02
  1.79273501e-01  3.51470225e-02  5.19554913e-02 -1.36654556e-01
 -1.95940614e-01 -3.20771523e-02  9.87488031e-03  1.68159436e-02
 -3.91044877e-02 -1.22351035e-01  3.08659375e-02 -1.50395170e-01
 -4.68211509e-02 -1.18301049e-01  2.81583741e-02  3.40277329e-02
  1.44734398e-01 -4.87971753e-02 -1.39064088e-01 -1.16956510e-01
 -3.01052302e-01  6.32393882e-02  4.85725328e-02  8.61726999e-02
  4.67776274e-03 -8.04488518e-05  1.96673453e-01 -1.14583910e-01
 -3.13593596e-02  8.60925317e-02  2.54312247e-01 -1.49588376e-01
  2.57591680e-02  6.96265623e-02 -1.57036576e-02  7.33105391e-02
 -4.94734719e-02 -5.89650311e-02  1.10530443e-01 -5.75214885e-02
  4.23021689e-02 -1.56164110e-01  3.31247374e-02  1.68341354e-01
 -4.46893983e-02  3.49480435e-02 -6.40200302e-02  5.91939092e-02
  4.95631695e-02 -5.65985553e-02 -7.84586009e-04 -2.27338541e-02
  7.11486787e-02 -9.65046212e-02 -7.85961449e-02 -1.70962274e-01
  1.94116328e-02  8.82870704e-02  4.56390990e-04  9.73213390e-02
  5.59877455e-02  4.88868020e-02 -7.46309087e-02 -4.82723042e-02
 -4.12482694e-02  5.98576181e-02 -1.32467762e-01  5.09016681e-03
  1.55595550e-02 -1.14165992e-01 -7.22405538e-02 -5.80643453e-02
 -1.09019965e-01  2.02382967e-01 -1.06867425e-01  9.88235027e-02
  3.86553220e-02 -1.66555792e-01  2.16505885e-01  2.50226948e-02
 -1.08079590e-01  3.33515219e-02 -2.27803923e-02 -1.45065635e-01
  1.57647226e-02 -3.25311869e-02 -1.27255887e-01 -4.18658406e-02
 -8.90089720e-02  5.75289130e-02  4.85762246e-02  5.59216812e-02
 -1.68824673e-01  6.37396574e-02  8.42178613e-02 -1.73979755e-02
 -1.06839851e-01  6.51648939e-02  7.28287827e-03 -8.25352892e-02
  5.35110720e-02  1.64215401e-01 -4.03343104e-02 -5.19877188e-02
  9.57975909e-02 -7.45682418e-02 -1.30165413e-01  1.91544488e-01
 -5.75898476e-02 -1.01838820e-01 -3.80905531e-02  1.53557463e-02
  1.88103132e-02  3.09434563e-01 -1.14519127e-01 -2.56687731e-01
  3.66557762e-02  7.22247809e-02  2.20081851e-01 -2.04065312e-02
 -2.19919905e-02 -1.45555228e-01  4.57759276e-02 -2.61025608e-01
 -2.08137855e-01  1.55810756e-03 -3.61597538e-02  3.05511206e-01
  1.14957809e-01  9.89748091e-02  9.76469368e-03 -1.02530837e-01
 -1.35813773e-01 -7.88747966e-02 -1.15633784e-02 -5.09489588e-02
 -6.18026126e-03 -5.01642153e-02 -4.58089225e-02 -6.22451073e-04
  1.35682106e-01  1.49797637e-03 -1.68031394e-01 -1.86244380e-02
  1.04741320e-01 -1.42405942e-01 -8.44212621e-02  1.61740527e-01
  4.87086885e-02 -9.35536847e-02  7.32916128e-03  1.64043397e-01
 -3.37833278e-02 -5.99018894e-02  1.47602379e-01  2.12157965e-01
  1.41619265e-01 -4.81046140e-02 -2.62171552e-02  5.44973947e-02
  7.64886439e-02 -3.23774293e-02 -1.11752056e-01  2.58319139e-01
 -1.34163633e-01 -7.38204084e-03 -1.64595649e-01 -1.10265680e-01
 -6.10052887e-03 -2.34362832e-03  1.37432843e-01  8.29210058e-02
  3.65407020e-02 -7.81356841e-02  1.73914298e-01  6.24248683e-02
  4.99925688e-02 -6.23860843e-02  1.10458367e-01 -2.08406411e-02
  1.31140769e-01  1.66039303e-01  1.08359165e-01 -1.88166816e-02
 -1.18609583e-02  8.54641348e-02 -5.71161248e-02 -1.05490983e-01
 -1.36498481e-01 -3.01440898e-02  1.40910521e-01 -4.54889610e-02
  1.36842132e-01  1.81768820e-01  7.03694150e-02 -1.83943123e-01
  1.31638944e-01 -1.33486986e-01 -4.55065295e-02  1.37562737e-01
  7.09885545e-03 -8.25164020e-02 -5.39468713e-02  3.07303637e-01
 -6.89366832e-02 -1.15409687e-01 -5.21585532e-02  2.76532304e-02
  1.27980098e-01  1.38331383e-01 -2.39434708e-02 -3.54484865e-03
  8.17475021e-02 -1.20981224e-02  1.35848567e-01  6.71789050e-02
  6.45967871e-02 -4.54733372e-02  2.48169750e-02  8.87221470e-02]