http://erau.edu/ontology/meme.owl#StraightOuttaSomewhereStraightOuttaMeme
[-9.08612907e-02 -3.14633176e-02 -6.23758808e-02 -3.98339257e-02
  4.07107286e-02  1.28756240e-01 -4.38987203e-02  9.57864523e-02
  2.69427914e-02 -1.47166222e-01  1.61352865e-02 -1.26385391e-01
  4.18387912e-02 -1.39897466e-01 -5.84935024e-02  1.64110154e-01
  1.83596220e-02 -1.29177421e-02  5.58883548e-02  8.31815228e-02
  4.94047329e-02  6.09823689e-02 -7.33196214e-02 -2.20056139e-02
  1.32357180e-01 -2.58557196e-03  1.72864497e-01 -1.67320132e-01
  1.22391261e-01  1.76324338e-01  6.16810517e-03  8.19631815e-02
 -1.89707696e-01 -5.03547043e-02 -5.38204610e-02  3.02207947e-01
 -8.94711763e-02 -2.08782852e-02  1.10312561e-02 -1.16013058e-01
  9.01611149e-02  4.94994931e-02 -8.75733420e-02  2.37828866e-02
  1.66737884e-01  4.05956991e-02 -2.45102774e-02 -8.48118067e-02
  6.28322661e-02  1.98859647e-02  1.20909907e-01  5.20784631e-02
 -9.11788046e-02 -1.42671958e-01 -8.06121975e-02 -4.16381843e-02
  7.96132758e-02 -9.89003479e-02 -4.18440253e-02 -1.47231091e-02
  4.84478287e-02  9.99420736e-05  1.56119168e-01 -3.65625620e-02
 -4.38346565e-02 -8.25602040e-02 -1.78779159e-02 -6.89157546e-02
 -1.21116214e-01 -3.57745737e-01 -2.01475590e-01  9.66237262e-02
  7.57790804e-02  1.52564617e-02  7.92476349e-03  1.89885020e-01
 -1.24127194e-01  1.03881292e-01  1.16276115e-01  7.93650448e-02
  2.93021146e-02  7.37708947e-03  7.69026726e-02 -7.91011453e-02
  2.22134799e-01 -2.62213554e-02 -2.67198738e-02  2.92279758e-02
  9.77949649e-02 -3.46207842e-02 -6.00308031e-02 -1.55404329e-01
  2.29672715e-01 -2.22838491e-01 -6.17199577e-02  5.87968305e-02
  1.63702562e-01 -1.61503240e-01 -1.14736222e-02 -4.64937761e-02
  2.61994034e-01 -5.21529987e-02  4.32142884e-01 -8.40034336e-02
 -4.15372252e-02 -2.17499211e-02  1.16592877e-01 -5.47777452e-02
 -9.60544050e-02 -2.38203064e-01  7.43734390e-02 -8.18893164e-02
 -9.29699466e-02 -2.25305095e-01  1.23114713e-01  1.52282953e-01
 -2.87014008e-01 -4.01080325e-02 -2.07346138e-02  3.47368345e-02
 -1.12103067e-01 -1.72600821e-01 -4.14873473e-02  2.09727958e-01
  3.34735960e-02 -1.13992631e-01  3.36127309e-03 -1.29095167e-01
 -6.43947646e-02  2.91094817e-02 -3.22261959e-01 -5.47304712e-02
 -5.89838512e-02 -1.68496996e-01 -2.12032318e-01  2.49816515e-02
 -1.97635248e-01 -1.03358515e-02 -1.67887285e-01  1.14088744e-01
 -3.83132488e-01  3.78458984e-02  9.12769213e-02 -9.58977565e-02
  2.27264836e-01 -2.25634903e-01 -3.51173361e-03 -1.69702619e-02
 -1.43307388e-01  2.63468355e-01 -6.96917251e-02 -8.75919014e-02
  1.20009994e-03  1.62699357e-01 -2.92330626e-02  8.33323225e-02
 -2.16954648e-01  1.83281556e-01  7.07402900e-02 -2.74569280e-02
 -5.50387874e-02 -1.46035284e-01  8.95674825e-02 -2.23347858e-01
 -1.26447618e-01 -7.35451356e-02 -3.68815511e-02  1.45757928e-01
 -4.31119293e-01 -6.64169118e-02  1.06291538e-02  1.35851726e-01
  1.89158037e-01  9.41989347e-02 -1.13971546e-01  4.42309454e-02
 -1.26703098e-01 -1.54315561e-01  1.15537740e-01 -1.67947426e-01
 -5.32679409e-02  2.23206773e-01  7.14544430e-02  1.85440242e-01
 -2.22791135e-02 -4.53358330e-02  1.13447562e-01  8.65978077e-02
  2.48001605e-01 -4.70607169e-02  1.96016341e-01  2.21842565e-02
 -1.93144411e-01 -4.43298277e-03  1.52723240e-02 -5.29276133e-02
 -4.74816300e-02  7.55111799e-02 -1.46371752e-01 -9.37441438e-02
 -1.79130118e-03  1.67729501e-02 -2.88352482e-02 -8.35133195e-02
 -1.28880337e-01 -1.71046257e-01 -9.87053886e-02 -1.24414675e-01
 -4.59044520e-03  4.27913124e-04  1.62478939e-01  1.09623939e-01
 -3.20148505e-02 -2.74907500e-02  5.51821589e-02  5.76969869e-02
 -6.69756830e-02 -1.12123288e-01  2.33052731e-01 -1.69102270e-02
  3.08653247e-02  2.22147815e-02 -1.03443772e-01  6.34468943e-02
 -5.91241382e-02  7.84058310e-03 -1.64546669e-01 -3.86919156e-02
 -7.75619745e-02  1.45872355e-01  6.24306202e-02  3.82067151e-02
 -1.61420509e-01 -1.15576558e-01  7.66231269e-02  6.10026456e-02
 -3.27819996e-02 -1.49513066e-01  8.25331022e-04 -1.83731318e-01
  6.88361898e-02 -1.89277604e-01  5.06938435e-02 -1.04765236e-01
 -1.90455213e-01 -1.34488149e-02 -2.20746636e-01  7.84443021e-02
 -6.69974387e-02  3.65796462e-02  8.81342590e-02 -3.46335359e-02
  8.41817930e-02  1.11863039e-01  2.97758728e-01 -2.09661629e-02
 -1.80907771e-01  2.33055316e-02  6.68322481e-03  2.06519276e-01
 -1.04937240e-01 -2.06054986e-01  8.17575008e-02 -1.26051202e-01
 -1.91100519e-02 -2.57125080e-01  2.08656676e-02  7.40500242e-02
  1.31439045e-01 -1.67975634e-01 -1.01060741e-01 -1.35829002e-01
 -1.54911667e-01  9.39654782e-02  1.57182127e-01 -1.24304183e-01
  8.56370553e-02 -4.44668755e-02  1.01471823e-02  2.21628649e-03
  1.07045636e-01  1.45454079e-01 -3.18978988e-02 -8.20968002e-02
 -1.08116962e-01  1.30541564e-03 -1.02607816e-01  1.65815577e-01
 -8.37534294e-02 -1.72494829e-01 -1.87290646e-02 -1.19732112e-01
  1.45543277e-01 -5.85312769e-02  6.41621426e-02  1.24062307e-01
 -8.34180489e-02  1.44881746e-02  2.18967767e-03  3.25508639e-02
 -2.12851688e-01 -3.10706533e-02 -3.00692804e-02  2.92251915e-01
 -1.51283843e-02 -5.23681492e-02  1.71610951e-01 -1.67279958e-03
 -5.97714409e-02  1.81866139e-01  1.94693923e-01 -3.49442624e-02
 -3.19277905e-02  1.12583019e-01 -3.43966335e-02  5.20216636e-02
 -6.32692967e-03  3.47001925e-02 -1.18439279e-01 -7.52930567e-02
  1.87392980e-01 -1.05781540e-01  2.35044420e-01  5.09521291e-02
 -1.09139226e-01  1.16930883e-02 -1.39711633e-01 -1.16112307e-02
  4.64267209e-02 -3.18270065e-02 -8.70635454e-03  1.30982086e-01
  9.21782553e-02 -1.19241521e-01 -1.13343030e-01 -1.74956128e-01
  1.67571679e-01 -1.82217173e-02 -6.83407709e-02  5.40986843e-02
 -4.71403785e-02  3.03194411e-02  7.77584091e-02 -1.35050550e-01
 -1.53419033e-01 -1.39755055e-01 -1.16493143e-01  2.77258754e-02
 -6.68249950e-02 -7.57282376e-02  2.56244000e-02  2.37006441e-01
 -1.01715289e-01  1.66189805e-01 -2.12154001e-01  9.54128802e-02
 -2.41219513e-02 -9.12200287e-02  1.07922986e-01 -1.53010815e-01
 -2.53153205e-01  1.62938282e-01  4.82672406e-03  5.39489090e-02
 -3.00160125e-02 -3.63438092e-02 -2.34182123e-02  8.76913220e-02
 -1.69494387e-03  1.40064076e-01  1.48592830e-01 -1.10383425e-03
 -1.43602371e-01  1.59274116e-02  5.33259623e-02 -1.73641145e-02
 -3.98610607e-02 -7.65201896e-02 -8.12922195e-02 -1.10635482e-01
  1.03858210e-01  1.16452619e-01  3.27918888e-03 -1.59334779e-01
  1.74622223e-01 -7.04926699e-02 -1.13651805e-01  2.13511854e-01
 -2.75612101e-02 -1.52064115e-01 -1.12644464e-01  1.70308203e-02
  1.54397249e-01  1.27215698e-01  5.31839617e-02 -1.22794099e-01
  3.74368094e-02  1.80434898e-01  3.39130670e-01  1.30145242e-02
 -7.53643140e-02 -4.37049493e-02  7.35443830e-02 -2.98207194e-01
 -2.34960780e-01  9.54777375e-02 -2.53553614e-02  6.12542145e-02
  1.31411523e-01  3.54240686e-01  7.96543732e-02 -2.90560186e-01
 -8.91906321e-02 -1.20337643e-01  4.33412157e-02  3.68340202e-02
 -4.64431457e-02 -1.27809405e-01 -1.14059143e-01  1.69102833e-01
  1.05870785e-02 -6.40807301e-02  1.04988203e-03  7.64156431e-02
 -1.17753036e-01 -1.45555675e-01  1.84404328e-02  2.53921837e-01
  1.62143722e-01 -1.31082103e-01  5.33394776e-02  2.66092628e-01
  1.56867696e-04 -1.76298901e-01  1.68677717e-01  2.46046156e-01
  3.69317234e-02 -1.24022350e-01  1.17008470e-01  2.04031423e-01
  1.60521358e-01  3.50827873e-02 -1.43467531e-01  3.33240777e-01
 -3.78920913e-01 -1.04304858e-01 -2.23152652e-01 -1.39958575e-01
 -2.62277961e-01  1.64980784e-01  5.00339754e-02  1.59152925e-01
  9.62214470e-02 -1.01017460e-01  2.26733953e-01 -1.36956915e-01
  9.58984643e-02  1.25429675e-01  1.93635616e-02 -6.08992651e-02
  2.12570757e-01  5.82801439e-02  1.21721223e-01 -8.92879516e-02
  4.73893508e-02 -8.00266489e-02  8.97996202e-02 -1.70100927e-01
 -8.88955370e-02  3.23687270e-02  3.97248827e-02  1.38073461e-03
  1.73133776e-01  1.36432737e-01  1.62142098e-01 -1.59082085e-01
  1.48383245e-01 -1.17328599e-01  3.82934287e-02  1.24190241e-01
 -2.06152618e-01 -1.27649084e-01 -1.77457199e-01  3.58113229e-01
 -1.61645319e-02 -1.97405860e-01  2.14739352e-01 -6.29397333e-02
  8.34384561e-02 -1.06236506e-02 -1.20843068e-01  3.83607820e-02
 -6.70949370e-02  4.37905788e-02  1.73355222e-01  6.99478686e-02
 -7.72493631e-02  9.58528072e-02  1.63388215e-02  1.34116873e-01]