http://erau.edu/ontology/meme.owl#CashCatsMeme
[-1.28960162e-01 -1.72429070e-01  6.94997162e-02 -7.46892020e-02
  6.86460081e-03  1.44228563e-01  1.50892317e-01  1.49013340e-01
  9.28481221e-02  6.39339313e-02  1.33385733e-01 -1.49527207e-01
 -1.25156537e-01 -9.36801806e-02 -6.92427903e-02  2.32845154e-02
 -1.03850849e-03  3.26243527e-02 -7.48116672e-02  3.41314264e-02
 -1.32484764e-01  1.22515429e-02  1.40025184e-01 -6.89762682e-02
  6.36672527e-02  1.20589197e-01  1.79481924e-01 -4.98446375e-02
  2.83071510e-02 -3.49355824e-02 -9.43052545e-02 -5.53120449e-02
  4.62225862e-02  4.85394299e-02 -7.85739273e-02  1.25264423e-02
 -1.48529187e-01 -7.70927407e-03 -1.69265300e-01 -5.54968715e-02
  1.84391946e-01  9.34577957e-02 -2.37593547e-01 -8.10489058e-04
 -1.12103768e-01  1.22447081e-01 -1.28676575e-02 -1.94392607e-01
  3.80908698e-02 -1.16646007e-01  4.55969479e-03 -1.24654688e-01
  3.50844786e-02 -9.45296288e-02 -8.97029266e-02 -1.83761284e-01
 -1.17961587e-02  6.15255907e-02  9.01219323e-02  4.87920903e-02
 -1.97482035e-02 -6.02865685e-03  1.83455512e-01  1.24867134e-01
 -1.53175563e-01 -1.40028507e-01  4.74852957e-02 -5.38361631e-02
  1.06758103e-02 -1.66869238e-01 -3.15659121e-02 -4.86216974e-03
  8.34850594e-02  1.72000706e-01  5.55529539e-03  1.16679035e-01
 -2.16454476e-01 -8.79962966e-02  1.13310255e-01  7.31870234e-02
 -6.83483556e-02 -1.86001971e-01 -2.45407209e-01 -1.96240798e-01
 -8.33369941e-02 -1.24131836e-01 -3.81808951e-02 -5.63019291e-02
 -9.16683003e-02 -5.29043861e-02 -7.00444281e-02 -3.86028260e-01
  1.53933600e-01  1.02615677e-01 -5.83240576e-02  1.00895755e-01
  2.16706730e-02  5.47239184e-02 -4.41521294e-02 -1.12350263e-01
  3.60189117e-02 -7.75977299e-02  3.41623366e-01 -1.28528625e-01
  1.28086194e-01  1.04698755e-01  1.78694934e-01 -3.29765752e-02
  1.04892328e-01  1.45610441e-02 -9.09741372e-02  2.84832180e-01
  5.42997494e-02 -1.44277424e-01  6.47461712e-02 -5.24346568e-02
 -3.11847836e-01 -2.89442807e-01  2.47703609e-03  8.74990597e-02
 -2.27929324e-01  2.93875635e-02 -8.66124928e-02  4.89550605e-02
 -3.23565267e-02  1.06120473e-02 -5.39157540e-02 -5.06818518e-02
  2.13267609e-01  2.13577528e-03 -1.63007975e-01 -1.40631825e-01
  2.60363892e-02  1.20777845e-01 -9.84129608e-02  2.13107616e-01
  5.45014627e-03 -1.62018780e-02 -2.45438635e-01 -8.86774287e-02
 -2.25805268e-01  2.18314812e-01  1.30258715e-02  1.31267712e-01
  2.62985259e-01 -1.01841241e-02 -3.22286505e-04 -1.60801187e-01
  1.61634833e-02  9.50752571e-02  3.39823705e-03 -1.07507236e-01
  6.27497286e-02 -1.67539597e-01 -7.46888574e-03  1.62937969e-01
 -2.22280413e-01  7.39073232e-02  1.28770266e-02 -3.40085745e-01
  2.12748975e-01 -2.30996668e-01 -2.22491860e-01  5.26193269e-02
 -2.18550652e-01 -1.80320203e-01 -1.52525812e-01  3.11340332e-01
 -2.10246697e-01  1.67776957e-01  7.30322450e-02  7.31825605e-02
  3.34806624e-03  1.40573487e-01 -2.65937448e-02 -1.40112787e-01
 -1.09230764e-01  1.46112293e-01  2.23530933e-01 -1.14702471e-02
 -1.02513999e-01  1.47137299e-01 -1.40326340e-02 -6.80674165e-02
 -9.74407196e-02  2.42203455e-02  3.27911275e-03  1.38379216e-01
  5.49117215e-02  7.76589215e-02  1.13927841e-01  4.39039730e-02
 -1.01965383e-01  1.60459038e-02 -1.39901444e-01  7.73884878e-02
 -1.86377198e-01  5.38220890e-02  4.95482609e-03 -1.57643184e-02
 -1.97494775e-01 -6.56502917e-02  6.07392117e-02 -1.71870947e-01
  1.07827468e-03 -1.05028309e-01  1.55486479e-01 -6.24988927e-04
 -1.32548362e-01  7.72815272e-02  1.18277557e-01  8.89298394e-02
 -2.11941078e-02 -5.19157052e-02  4.04868498e-02  1.27058951e-02
 -1.48694232e-01 -7.14726672e-02  2.25305408e-01  3.10034007e-02
  3.88582885e-01  9.75913107e-02 -8.38741586e-02 -8.11574981e-02
 -6.89037591e-02 -2.60495603e-01 -2.65112102e-01 -3.07961516e-02
 -4.73019183e-02 -6.17508963e-02  1.22675046e-01  9.68045145e-02
 -4.22748849e-02 -1.57778233e-01  2.95717139e-02 -4.73947488e-02
 -1.36840537e-01  1.73810422e-02  1.52219206e-01 -8.20121840e-02
 -2.24709865e-02 -2.52079684e-02 -3.76787931e-02 -1.34571726e-02
 -3.33653450e-01 -2.42852494e-01 -3.33311260e-01  2.60456540e-02
 -2.68078983e-01  1.67473421e-01 -1.27749583e-02  9.82105508e-02
  1.58079952e-01  1.41491771e-01  2.03958899e-01 -5.29886633e-02
 -1.47911265e-01 -9.94407535e-02  1.08719077e-02 -8.13878626e-02
 -1.86145782e-01 -2.08826408e-01 -7.54026324e-02 -2.52335668e-01
 -9.90469903e-02 -3.12225759e-01 -1.48221374e-01  7.80023187e-02
  1.69902697e-01 -6.28317446e-02  5.84543869e-02 -5.67274839e-02
 -7.61742666e-02  1.38021871e-01  2.05049455e-01 -1.18545033e-01
  1.70896575e-01 -1.12995811e-01 -1.89568564e-01  6.86323121e-02
  2.27303669e-01  9.46793258e-02 -2.97648638e-01 -1.43066034e-01
 -2.61112541e-01  1.82661891e-01 -4.06445377e-02 -1.03909470e-01
 -3.26735415e-02 -2.35981420e-02  8.63422304e-02 -7.21872598e-02
  7.77712613e-02 -1.59430996e-01 -3.78635828e-04 -3.94715145e-02
  2.42621928e-01 -8.43530744e-02 -1.46542311e-01 -2.78097957e-01
 -2.20821053e-01  8.10216367e-02 -1.23348378e-01  5.16614392e-02
 -1.41334962e-02 -2.09629893e-01  1.06263489e-01 -1.12930655e-01
 -4.67625745e-02  1.19597182e-01  1.85849085e-01 -2.10204884e-01
 -7.25585967e-03  1.57602616e-02 -3.43061388e-02  7.52984807e-02
 -7.89585561e-02 -4.18851245e-03  7.74869025e-02 -5.92199229e-02
 -1.19102471e-01 -2.81126082e-01  3.32949638e-01  9.72153917e-02
  1.52224610e-02  7.80538619e-02 -4.49583232e-02 -5.74513450e-02
  2.61004984e-01  7.28855133e-02  1.30995050e-01  1.51696324e-01
 -3.78648527e-02 -1.30983768e-02 -1.28845677e-01 -2.27795154e-01
  1.37151554e-01  1.30900294e-01 -2.68877726e-02  6.92906976e-02
  4.55418080e-02  4.17969823e-02 -1.52036091e-02  3.20298783e-02
 -7.23504275e-02 -5.12114391e-02  4.01389636e-02  1.90887764e-01
  1.50723845e-01 -2.39096552e-01 -5.82250282e-02  1.11669311e-02
 -1.44667745e-01  1.77091464e-01 -1.94405764e-01  1.43256903e-01
 -2.38532629e-02 -1.25239879e-01  3.82022768e-01 -1.19222887e-01
 -6.84584230e-02  1.80223972e-01 -1.09395131e-01  1.19192071e-01
 -3.68477479e-02 -8.10234062e-03 -1.97157368e-01  1.41367123e-01
 -2.09532261e-01 -1.09501546e-02  4.78103645e-02 -1.38377935e-01
 -2.01971918e-01  1.70706362e-01 -6.01786450e-02 -1.11866169e-01
 -2.96464235e-01  3.49192992e-02 -1.98625863e-01 -1.08606359e-02
  1.05793886e-01  3.02918255e-01 -2.13446990e-01 -1.31989690e-02
  1.68370724e-01  6.47191033e-02 -9.05347094e-02  8.36824998e-03
 -2.16449071e-02 -1.04042195e-01 -8.91838595e-02  7.87939131e-02
 -3.89928296e-02 -4.85307444e-03 -2.44911715e-01 -8.02123845e-02
  2.54108310e-02  7.28965458e-03 -1.36205098e-02  8.04474875e-02
  2.88078170e-02 -1.23493589e-01 -1.89717233e-01 -6.48076683e-02
  8.44698623e-02 -5.51848635e-02  7.99664333e-02  8.80925357e-02
  1.93215758e-01  4.80068997e-02  3.46577376e-01 -2.98057139e-01
 -1.24336377e-01 -1.52254805e-01 -5.38393892e-02  9.89569202e-02
 -1.78853810e-01 -1.09273463e-01  1.21023610e-01  5.65806441e-02
  8.91482271e-03  7.12056383e-02 -4.19584841e-01  8.03359039e-03
 -5.14629856e-03 -2.44617566e-01 -5.72424978e-02  3.42370123e-02
  7.46230781e-02 -6.10456243e-02  1.46445975e-01  2.66523272e-01
  2.16062561e-01 -1.04117997e-01  2.73825228e-01  1.55566201e-01
 -2.12854564e-01 -6.63181990e-02  5.20065688e-02  1.74673274e-01
 -1.49787217e-03  1.54829264e-01 -6.57648295e-02  3.25005233e-01
 -2.76456773e-01 -5.48904277e-02 -1.73069268e-01 -3.39428484e-01
  2.03945935e-01  3.03411987e-02  2.08520032e-02  1.45731971e-01
  5.87560572e-02 -8.90333131e-02  3.87601316e-01 -5.17792031e-02
  9.96149480e-02  3.91180627e-02  1.07918359e-01 -1.37590155e-01
  2.89939761e-01  5.97978644e-02  1.78083628e-01 -8.35534111e-02
 -2.37706468e-01  2.32866898e-01 -1.50792301e-01 -4.57757823e-02
 -8.38551112e-03  1.12819143e-01  2.78631359e-01  1.67765304e-01
  3.29068601e-01  6.42629489e-02 -5.28359078e-02  5.18818386e-02
  1.63315326e-01 -2.42925227e-01  6.31835461e-02  5.29541261e-02
  1.64224476e-01  1.12155035e-01 -1.11971281e-01  4.06652063e-01
 -1.38877153e-01 -1.96899474e-01  9.87591036e-03 -1.05997548e-01
  8.16983134e-02  1.00647904e-01 -2.75344968e-01 -9.06420052e-02
 -5.16314805e-02 -1.06768228e-01  1.36400923e-01 -1.25226080e-01
 -4.25865650e-02 -1.73966035e-01  1.37350708e-01  1.95408657e-01]