http://erau.edu/ontology/meme.owl#LaughsInSpanishMeme
[-1.93424806e-01 -1.03717066e-01  1.80210844e-02  1.06553309e-01
  6.28706068e-03  7.32140094e-02  1.13043755e-01 -1.07225999e-02
  3.32573205e-02 -5.12922779e-02  9.72546339e-02 -1.07411556e-01
  8.07442423e-03 -8.74343514e-02 -9.73016918e-02  8.70114416e-02
  7.54654557e-02  3.09326649e-02  4.09966744e-02  1.07029445e-01
 -1.34752810e-01  9.70689431e-02  8.16624537e-02 -1.62837103e-01
  1.66854426e-01 -1.42182305e-01 -3.54563035e-02 -1.03567034e-01
  2.79140413e-01  2.19123200e-01  1.30509585e-01  8.05005878e-02
  7.83867165e-02 -9.87687111e-02 -9.18984264e-02  1.18575342e-01
 -1.01207066e-02  8.45950544e-02 -6.24531247e-02 -7.91733712e-02
 -5.33669256e-03  2.26620153e-01 -1.74150214e-01 -9.19370167e-03
  1.55508786e-01  5.25793619e-02 -4.76570539e-02 -8.53717849e-02
  3.29892300e-02  3.23318876e-02  3.71336862e-02  7.82348961e-02
 -8.48056674e-02 -1.32150456e-01 -1.26975670e-01 -2.96476763e-02
  1.17011085e-01 -1.56159326e-01  1.70810193e-01  1.14869431e-01
  9.93384272e-02 -1.12700313e-01  1.98946655e-01  1.28627583e-01
 -5.87753393e-02 -1.16339520e-01 -2.11394783e-02 -3.85703966e-02
 -1.36332989e-01 -1.46093264e-01 -1.65046960e-01 -2.31475346e-02
  5.05019389e-02 -1.86269369e-03  5.86725324e-02  2.20426694e-02
 -1.00283764e-01  8.53830427e-02  1.07387982e-01  4.31562848e-02
  3.34650204e-02 -2.73176078e-02  3.77801470e-02 -1.02343939e-01
  1.15370840e-01 -5.20317294e-02 -8.09754506e-02  1.90216638e-02
  5.36974519e-02  5.02309203e-02 -5.83782941e-02 -1.26809150e-01
  5.25241010e-02 -1.46168709e-01 -8.17105696e-02  5.94055429e-02
  5.71789853e-02 -4.18896638e-02 -9.84832272e-02 -9.34245437e-02
  8.34614486e-02  4.01447862e-02  2.26127982e-01 -7.31590092e-02
 -9.39128082e-03 -2.19355095e-02  1.20919369e-01 -9.27519277e-02
 -1.28987134e-01 -5.87060750e-02  2.09401418e-02 -2.38162205e-02
 -3.73547524e-02 -4.03925106e-02  6.37615100e-02  6.22421578e-02
 -2.49167189e-01 -5.99479824e-02  4.19384204e-02 -4.87341918e-02
 -1.08709469e-01 -4.01993319e-02 -2.67613269e-02  2.10541353e-01
  1.99623629e-01 -6.05868511e-02 -1.06245242e-01 -6.21504430e-03
 -1.03186611e-02 -5.28607219e-02 -2.49050364e-01  2.66021360e-02
 -1.03344709e-01 -1.39275402e-01 -1.22924775e-01  1.12528168e-01
 -5.29688559e-02  3.36616561e-02 -2.14568347e-01  1.64655894e-02
 -2.38521695e-01  1.87004469e-02  1.47871852e-01 -9.96511616e-03
  1.28869459e-01 -2.54884779e-01  2.09487788e-02  1.78010687e-02
 -3.00030839e-02  7.14618787e-02  2.67510340e-02 -1.52562514e-01
 -1.06093446e-02  1.10707298e-01 -5.50158210e-02  6.16067648e-02
 -1.36232048e-01  1.47007868e-01  7.33062029e-02 -2.56846547e-02
 -3.18204686e-02 -1.43045738e-01  6.18255772e-02  4.78640348e-02
 -1.68058917e-01 -9.45223346e-02 -3.48644629e-02  1.32968456e-01
 -2.30162039e-01  1.57350712e-02  6.27220124e-02  1.66470662e-01
  1.59845844e-01  5.46652824e-02 -1.70945264e-02  1.96112879e-02
 -5.89029677e-02 -5.00312485e-02  1.10130973e-01 -9.55377892e-02
 -2.38867532e-02  1.36270911e-01 -2.70539057e-02  9.96212065e-02
 -7.31681138e-02 -4.92072739e-02  1.96665704e-01 -7.45006697e-03
  8.68858695e-02 -2.00898036e-01  5.69128282e-02 -1.76686253e-02
 -1.68183163e-01 -6.20629638e-02  3.56578454e-02 -1.34826988e-01
 -1.23415152e-02  1.25672430e-01 -4.40429747e-02 -1.02323424e-02
 -1.17532145e-02 -8.98166969e-02  2.07543448e-02 -3.31248678e-02
 -1.16009355e-01 -2.40271971e-01 -3.78562212e-02 -1.07301332e-01
  1.52310342e-01  1.41143531e-01  1.60177305e-01  1.11999862e-01
 -7.81351477e-02 -4.35441323e-02  1.15118012e-01  4.34780158e-02
 -8.24733675e-02 -7.63193890e-02  2.51790226e-01  1.30323455e-01
  1.11470468e-01  1.52223766e-01 -1.82442829e-01  3.40718329e-02
 -4.14076261e-02 -4.36555520e-02 -1.29095361e-01  7.61850700e-02
 -1.01265140e-01 -1.72925927e-02 -6.82733441e-03 -3.97066996e-02
 -1.92295671e-01 -2.31692493e-01 -1.00146525e-01 -1.12732910e-01
 -2.09063888e-01 -1.10219412e-01 -5.20836525e-02 -1.42752722e-01
  7.62936380e-03 -3.41828912e-02  1.30730234e-02 -8.85007009e-02
 -2.53419638e-01 -1.77977514e-02 -7.38410279e-02 -8.36526044e-03
 -6.85278624e-02  1.10705465e-01  1.28077447e-01  8.34714435e-03
  1.10575773e-01  1.03830270e-01  2.23819837e-01 -3.30970734e-02
 -1.38751864e-01  2.96447286e-03 -2.66989265e-02  1.28591850e-01
 -4.98489253e-02  8.41998868e-03 -3.36090550e-02 -1.38339579e-01
 -6.03758208e-02 -2.78464369e-02 -6.97184494e-03  2.90918406e-02
 -1.52117163e-02 -1.45818532e-01 -7.37898424e-02 -8.65051374e-02
 -1.69191211e-01  2.15332657e-02  1.25355646e-02  3.20189446e-02
  4.58602309e-02 -2.87077371e-02  7.02541322e-02  6.00110218e-02
  5.94828725e-02  8.14963505e-02 -3.48921097e-03 -4.37238328e-02
 -1.11752003e-01 -5.80457970e-02 -1.37407079e-01 -4.25141864e-02
 -2.09133588e-02 -8.91285390e-02  1.45599451e-02 -1.38648048e-01
  6.62438050e-02 -6.39109500e-03  5.87156862e-02  6.71590166e-03
  3.55359726e-02 -4.03710082e-03 -2.06853360e-01 -2.00916044e-02
 -1.49310544e-01  7.40494132e-02  1.46356551e-02  1.08204640e-01
  2.01093983e-02 -2.94915829e-02  6.72175288e-02 -4.09030914e-02
 -5.16818576e-02  6.24317378e-02  2.01168045e-01 -2.01655269e-01
 -5.54109737e-03  5.21935709e-02 -2.41454132e-02  2.06867978e-02
 -5.19697741e-02  1.57153681e-01 -3.12484521e-02 -4.63309698e-02
  1.53475508e-01 -4.99621183e-02  1.65327817e-01  8.78233686e-02
 -2.82761417e-02 -8.25668350e-02  7.50569088e-05  6.73635586e-05
  8.52562413e-02 -1.85132455e-02  1.18786879e-01  3.41798775e-02
  3.98917347e-02 -7.91310892e-02 -5.84198684e-02 -1.55397207e-01
  9.40650254e-02  9.39480588e-02 -7.05270916e-02  4.22035120e-02
 -6.56874254e-02  1.35199428e-01 -4.61987257e-02  5.46579110e-03
 -2.22675577e-01  1.29693616e-02 -5.82008362e-02  2.52230138e-01
 -5.11356927e-02 -1.08984701e-01  8.47626012e-03  3.82802188e-02
 -1.21118724e-02  1.43573731e-01 -4.82506752e-02  1.13204859e-01
  8.76890793e-02  8.30344781e-02  1.27221808e-01 -5.93211278e-02
 -6.68366775e-02  1.32785141e-01  4.06533442e-02 -7.78909847e-02
 -6.75406083e-02  2.78992392e-02 -9.24896970e-02 -3.45637053e-02
 -3.45961154e-02  1.74850617e-02 -6.53134212e-02 -6.41577924e-03
 -2.64909863e-01  2.52103247e-02  1.05395868e-01 -4.44024131e-02
 -4.05229144e-02  3.40259671e-02  2.89014820e-02 -3.11390981e-02
  1.07453912e-01  1.01632521e-01 -2.49293260e-02 -6.65218234e-02
  3.68429869e-02 -1.44065440e-01 -1.42024010e-01  1.82045341e-01
 -3.17911841e-02 -1.40084162e-01 -2.41896696e-03  6.36509135e-02
  4.78983261e-02  2.01153174e-01 -1.21246494e-01 -2.49996960e-01
  9.71160084e-02  1.13093294e-01  2.78539330e-01 -9.33837071e-02
 -3.10035143e-02 -4.04441766e-02  3.68024595e-02 -3.34541857e-01
 -1.80371001e-01  5.19560324e-03 -2.36333665e-02  2.55232602e-01
  1.71713948e-01 -3.59616727e-02  3.62742245e-02 -1.90230474e-01
 -1.61629096e-01 -4.79749404e-02 -5.47383241e-02  1.65106595e-01
 -1.76650465e-01 -9.40223336e-02 -1.05113298e-01  8.45106915e-02
  6.88565448e-02 -5.62670380e-02 -5.33786677e-02 -6.03596196e-02
  1.11291027e-02 -9.05684233e-02 -5.22048101e-02  5.04208654e-02
  1.59035236e-01 -2.08974630e-02  2.25762196e-04  2.37376273e-01
  8.26051682e-02 -1.40226677e-01  2.25183651e-01  1.93981513e-01
  1.13158345e-01  3.53030227e-02  1.06675975e-01  6.99653551e-02
  1.53686360e-01  4.52923998e-02 -4.35864329e-02  2.66841084e-01
 -2.48918250e-01 -4.49273661e-02 -1.86855257e-01 -1.22570507e-01
 -7.11740553e-02  1.02973565e-01  6.75460473e-02  2.04369172e-01
  1.26421973e-01 -8.66416842e-02  2.46197656e-01  2.51060743e-02
  1.33455306e-01  2.86416267e-03  1.51832804e-01  1.67189855e-02
  1.65581331e-01  1.06262937e-01  1.31279856e-01 -5.51487803e-02
 -1.35003030e-01  7.16087073e-02  4.40919474e-02 -9.40523371e-02
 -6.97602406e-02  1.01546548e-01  1.06618710e-01  9.29521397e-03
  1.19461879e-01  1.66717589e-01  3.68316658e-02 -7.73629099e-02
  5.32203130e-02 -5.00728339e-02 -3.06478553e-02  1.34219855e-01
 -9.64592621e-02 -5.32797389e-02 -6.97466731e-02  2.19666287e-01
 -8.94918814e-02 -1.79805502e-01  2.97135450e-02 -7.33045414e-02
  3.63225266e-02  8.55602920e-02 -1.09060310e-01 -1.79929584e-02
  9.74025428e-02  9.79563892e-02 -4.21514884e-02  1.36572793e-01
 -3.42376158e-02  6.19138312e-03  1.51151121e-01  4.81903404e-02]