http://erau.edu/ontology/meme.owl#ChristiantheLionMeme
[-8.77121314e-02 -8.06585997e-02  1.02627188e-01 -7.15976506e-02
 -4.67333049e-02  1.89953521e-02  1.13719895e-01 -2.81415656e-02
  3.29428003e-03 -5.82284369e-02  1.18713692e-01 -8.38212147e-02
  1.18162921e-02 -5.76811209e-02 -6.35968521e-02  4.04338501e-02
  1.16151154e-01  6.61412477e-02  4.72293124e-02  2.88145877e-02
 -1.55324057e-01  1.04755566e-01  1.96342200e-01 -1.35964975e-01
  1.25000939e-01 -3.20820138e-02 -2.48471871e-02 -1.32234737e-01
  3.00447077e-01  8.44097584e-02 -1.85663104e-02  1.04094528e-01
  4.83564921e-02 -1.15595646e-01 -1.03748702e-01  2.52389938e-01
 -6.18010648e-02  9.45812613e-02 -6.74286410e-02 -1.79774836e-01
 -1.64039396e-02  1.70569554e-01 -2.32306227e-01 -2.79653501e-02
  7.35677639e-03 -3.71095873e-02  1.06086142e-01  8.14397186e-02
  5.97686917e-02  8.77339244e-02 -5.00505883e-03  1.89732816e-02
 -1.51561439e-01 -8.60365257e-02 -6.56345263e-02 -5.17729260e-02
  1.38862416e-01 -1.28342390e-01  1.58762485e-01  1.65218949e-01
 -3.50366607e-02 -9.46509913e-02  1.95582196e-01  2.23243773e-01
 -1.12323426e-01 -8.09734222e-03 -9.94060747e-03 -3.85757163e-02
 -4.91593108e-02 -8.78447667e-02 -1.42602280e-01  9.20865089e-02
  4.60598320e-02  4.59654815e-02  8.95352568e-03  4.55313213e-02
 -1.02767296e-01  9.24552679e-02  7.84480274e-02  7.48935714e-02
 -1.05917551e-01 -1.56508252e-01 -1.34072080e-02 -1.21723637e-01
  3.85473855e-02 -4.82134223e-02  5.19946106e-02  7.38164363e-03
  1.31901920e-01  1.41783198e-02 -1.17617086e-01 -1.62483379e-01
  7.91872367e-02 -5.98921627e-02 -1.04033589e-01  1.10687606e-01
 -4.57266644e-02 -2.75252238e-02  6.33511841e-02 -5.47410175e-02
  5.91008849e-02  3.34443338e-02  9.80708599e-02 -1.18670098e-01
  1.33605581e-03  4.36469428e-02  1.62050173e-01 -8.77095908e-02
  9.77808889e-03 -4.01516519e-02 -1.27959490e-01  5.94675075e-03
 -1.73609555e-01 -4.38232124e-02  1.37842610e-01  7.77078327e-03
 -2.49810919e-01 -3.03612739e-01  9.98413190e-02  1.04169250e-01
  3.50542776e-02 -1.36293158e-01 -1.80630073e-01  3.24770622e-02
  5.83110005e-03 -1.28813922e-01 -3.61494832e-02  8.15719515e-02
  7.05393851e-02  2.42797080e-02 -1.34562343e-01 -7.03249127e-02
 -7.73394778e-02 -6.03420660e-02 -9.55030471e-02  1.91724822e-01
 -2.17333436e-03 -2.74902559e-03 -1.96414247e-01  7.20791668e-02
 -1.67480022e-01 -4.38090526e-02 -7.90483225e-03  8.65429714e-02
  1.57661512e-01 -1.95687860e-01  8.79954770e-02 -7.88072124e-02
  1.08999461e-01  1.56724855e-01  9.80040990e-03 -1.31486654e-01
 -1.97461830e-03 -6.29549697e-02 -5.03793322e-02  4.42502126e-02
 -1.79996431e-01  1.82173669e-01  5.29723912e-02 -1.15207896e-01
  4.65651751e-02 -1.86011400e-02  6.78918976e-03  1.20475620e-01
 -2.42292151e-01 -1.47155195e-01 -4.83757220e-02  2.03692377e-01
 -1.90690979e-01  3.27083245e-02  2.49636676e-02  8.98179784e-02
  1.61487281e-01  1.23710722e-01  4.85119130e-03 -4.38806117e-02
 -1.16680369e-01 -5.80309294e-02  9.34635103e-02 -3.34932357e-02
 -1.25911325e-01  4.15008701e-02  7.00886697e-02  1.37100797e-02
 -1.20607346e-01 -1.09091904e-02 -6.57897964e-02  1.86477564e-02
  2.14405134e-01 -9.02543068e-02  5.34520426e-04 -8.28350112e-02
 -2.54245609e-01 -2.01413147e-02 -2.38423925e-02  3.13882120e-02
  1.32037759e-01  1.29185632e-01 -1.29586831e-01 -5.39638288e-02
  2.23436151e-02 -5.42068668e-02  1.51279047e-01  1.11949060e-03
 -1.46075740e-01 -2.17070371e-01  3.67591679e-02 -4.23674583e-02
  1.28694907e-01  1.40588239e-01  1.51346847e-01  1.06286049e-01
 -3.82538652e-03 -8.77040103e-02  3.92770618e-02 -8.09639543e-02
 -1.32186845e-01 -7.02065304e-02  9.81697962e-02  1.98803440e-01
  9.14012492e-02  1.05122440e-01 -1.04165971e-01  7.61039108e-02
 -5.89879118e-02 -1.13323592e-02 -1.34047121e-01  9.38260648e-03
 -1.11589357e-01  9.78098018e-04 -5.09016041e-04 -3.85663036e-04
 -2.09664851e-01 -4.87228744e-02 -6.82275146e-02  1.23899154e-01
 -9.96568799e-02 -8.15223232e-02  8.58223885e-02 -4.04633768e-02
 -6.66997433e-02  9.29343980e-03  8.07478055e-02 -4.15564887e-02
 -3.29495609e-01  4.49458472e-02 -1.58991471e-01  1.34925134e-02
 -1.31675571e-01  3.93485837e-02  4.44353335e-02 -6.06943108e-02
  9.76655632e-02 -8.93734954e-03  1.86356604e-01 -4.27185483e-02
 -9.00017023e-02 -1.82283353e-02 -4.82748915e-03  6.92410441e-03
 -1.31503642e-01 -7.01880008e-02  3.11058629e-02  7.30357319e-02
 -7.32292384e-02 -8.96243602e-02  7.71963224e-02 -4.14730646e-02
  1.39199734e-01 -1.70602053e-01 -1.13571584e-01 -1.31620497e-01
 -2.64569316e-02  6.03713803e-02  1.26644000e-01 -8.01302269e-02
  1.12370454e-01  7.65586272e-02 -1.10250145e-01  5.80060445e-02
  1.28812939e-01  1.00674696e-01 -8.49134400e-02 -1.15505509e-01
 -1.37149021e-01  7.00679496e-02 -1.69527844e-01  4.27020155e-02
 -7.72101209e-02 -1.44795030e-01  4.00014259e-02 -1.56625912e-01
  5.74172810e-02 -1.51049763e-01 -3.76142119e-03  5.45134321e-02
  2.10964501e-01 -9.31969807e-02 -1.89663693e-01 -1.55784801e-01
 -1.50070757e-01  4.77967784e-02  1.04756966e-01  3.85404378e-02
 -3.92592028e-02 -3.02845594e-02  1.73353747e-01 -1.45409390e-01
 -5.79586439e-02 -9.98636149e-03  2.40746513e-01 -2.77852476e-01
  1.08482381e-02 -3.80415358e-02 -4.01225425e-02  2.01375559e-02
 -5.12232296e-02  7.49162510e-02  1.53110474e-01 -6.99874461e-02
  6.47009239e-02 -2.13954180e-01  1.15267292e-01  1.74747989e-01
  2.28852015e-02 -1.39104184e-02 -2.24104777e-01 -1.05293849e-02
  8.28082189e-02  2.79086381e-02  5.89225702e-02 -2.13636048e-02
  4.20564339e-02 -1.00316368e-01  1.22434549e-01 -8.66410360e-02
  1.68300476e-02  1.01412758e-01  7.52727091e-02  1.53273091e-01
  8.26304704e-02 -2.10217722e-02 -5.41367643e-02 -6.88550472e-02
 -1.49672598e-01  5.99159375e-02 -2.67714739e-01 -5.94325215e-02
  3.14001217e-02 -9.79138464e-02 -3.42971943e-02 -7.02789649e-02
 -1.07484229e-01  1.64820731e-01 -1.46800026e-01  9.26957205e-02
  1.54929319e-02 -9.67368260e-02  1.88005462e-01  4.40793764e-03
 -5.60844019e-02  1.59601420e-01 -7.73465559e-02 -4.81803119e-02
 -3.72395292e-02 -4.35207132e-03 -8.07404071e-02 -6.45403862e-02
 -6.14422634e-02  4.50007282e-02  1.92139077e-03 -1.88872628e-02
 -2.00724036e-01  1.25064850e-01  1.73570518e-03  9.95899085e-03
 -1.70135066e-01  4.28434536e-02 -1.11498393e-01 -5.69263101e-02
  4.18548547e-02  2.27221087e-01 -9.47962031e-02 -6.07472360e-02
  1.45083934e-01 -2.26733565e-01 -1.22648634e-01  1.24467239e-01
 -1.75402030e-01 -8.54272023e-02 -9.34277102e-02  1.31382048e-01
 -9.87667069e-02  3.93408060e-01 -1.65316358e-01 -2.06613213e-01
  9.57322270e-02  8.38659406e-02  3.86412472e-01 -2.24077016e-01
  1.09171811e-02 -1.61861077e-01  8.64287019e-02 -2.06579596e-01
 -8.25230330e-02 -1.73854996e-02 -9.83973593e-03  2.79290587e-01
  1.95345521e-01  1.20966639e-02  1.73913911e-01 -1.22424752e-01
 -1.19857453e-01 -1.77312091e-01  3.03084031e-02  1.48205504e-01
 -1.44304693e-01 -5.78516945e-02 -3.51591520e-02 -5.98911233e-02
  1.09409772e-01 -4.03764397e-02 -9.88776013e-02 -4.24399637e-02
  1.35254428e-01 -1.48017555e-01 -1.35206208e-01 -1.53669370e-02
  6.51040748e-02 -1.39986360e-02  8.90396982e-02  1.42512321e-01
 -1.22299492e-02  3.27226780e-02  1.26062110e-01  2.85436302e-01
  1.12719193e-01 -5.37299067e-02  4.02791239e-02  5.55077791e-02
 -5.50681986e-02  1.36143807e-03 -1.34691864e-01  2.17837974e-01
 -3.02392334e-01 -1.61909536e-02 -1.20946579e-01 -1.95548683e-01
 -2.69179828e-02  1.30633876e-01  9.03287306e-02  5.83268441e-02
  1.91705614e-01 -8.37936997e-02  2.19265670e-01  2.35746391e-02
  6.28493503e-02 -5.95128201e-02  6.62719086e-02 -8.56448188e-02
  1.02070525e-01  1.11648597e-01  1.08339213e-01 -5.33827348e-03
 -1.06393099e-02  1.63819462e-01  4.15446386e-02 -1.49264008e-01
 -5.69375269e-02 -3.07624377e-02  5.38230278e-02 -2.53451746e-02
  1.14579558e-01  1.56835541e-01 -3.98546979e-02 -1.70075133e-01
  1.69054478e-01 -1.44653514e-01 -3.47562283e-02  1.14866637e-01
  4.68153358e-02 -5.01939058e-02 -4.14716117e-02  1.09794356e-01
 -1.80688083e-01 -6.91735372e-02 -1.30504295e-01 -4.80223969e-02
  9.30397362e-02  9.30413604e-02 -8.38994607e-03 -4.31178473e-02
 -1.54058058e-02  1.88570675e-02  1.37841627e-02  3.24215926e-02
  5.07587828e-02 -1.07973211e-01  3.62809352e-03  6.09540977e-02]