http://erau.edu/ontology/meme.owl#ReysJediTrainingMeme
[-1.75643310e-01 -1.68392688e-01 -3.57034733e-03  4.41536680e-02
 -3.01383901e-02  5.97991571e-02  1.70620289e-02  9.55349803e-02
  6.68734834e-02 -5.85351363e-02  2.15693057e-01 -1.06628992e-01
  4.70108092e-02 -1.01870239e-01 -3.68832424e-02 -1.72801241e-02
  1.00048341e-01  7.91897774e-02  2.99105886e-02 -9.16970372e-02
 -2.39053294e-01  1.41524866e-01  1.52823359e-01 -1.31550968e-01
  1.82485834e-01  5.26841097e-02  1.69098079e-01 -1.87116936e-01
  1.21613123e-01  2.07469657e-01  9.08602104e-02  1.75928907e-03
 -6.38384223e-02 -8.36275965e-02 -6.38699383e-02  2.01328054e-01
 -1.57706346e-02  8.39143842e-02 -8.22030753e-02 -1.47168830e-01
  1.05012536e-01  2.59415895e-01 -2.05811754e-01 -6.14677705e-02
  1.79962665e-01  7.02508166e-02 -2.94879545e-02 -1.18241854e-01
  8.83287285e-03 -4.92828712e-02  6.87195882e-02 -3.01681757e-02
 -5.62726483e-02 -1.74269170e-01 -9.10326913e-02 -6.78339824e-02
 -1.98692083e-02  6.51372746e-02  2.13402286e-01  1.54579997e-01
 -4.59686704e-02 -6.64297193e-02  1.32729411e-01  1.69477407e-02
  2.36175582e-03 -3.53394933e-02  5.25797065e-03  2.92574111e-02
 -9.44661573e-02 -1.60577193e-01 -1.40338093e-01  1.17530905e-01
  1.80587068e-01 -6.18976355e-03  1.70610130e-01  6.47221431e-02
 -1.65894270e-01 -8.81154910e-02  1.55357242e-01 -1.29079059e-01
 -7.13875815e-02 -1.60297349e-01 -7.04919398e-02 -1.24570452e-01
  9.99336839e-02 -8.91330391e-02 -1.64400086e-01  1.20454626e-02
  1.72597039e-02 -2.53838375e-02 -2.88185347e-02 -2.18749806e-01
  1.33613989e-01 -4.53386754e-02 -2.03706190e-01  4.53102030e-02
  4.38487306e-02  1.02402449e-01 -3.90148424e-02  3.49115697e-04
  2.45449126e-01  3.69756557e-02  4.14755583e-01 -2.27051005e-02
  5.03620617e-02 -3.21570039e-02  6.50203601e-02  7.21104220e-02
 -1.26813471e-01 -1.60011366e-01 -4.52285595e-02 -8.46756808e-03
  7.87438750e-02 -1.65681735e-01  3.88214514e-02 -3.41235287e-02
 -3.51678997e-01 -1.33577108e-01 -5.39619513e-02  9.23519209e-02
 -7.61583596e-02 -6.65384009e-02  1.20561710e-02  2.04505801e-01
  1.10446326e-01 -1.31540343e-01 -4.84205522e-02 -4.61933687e-02
  1.94611344e-02  5.81866167e-02 -1.75916538e-01  3.28090675e-02
 -1.91946737e-02  4.54804264e-02 -9.00676399e-02  1.06089070e-01
  3.78148258e-02 -1.10141359e-01 -1.05302379e-01 -1.78902391e-02
 -1.95254430e-01  3.59940045e-02  1.05021514e-01 -4.81020175e-02
  2.64243722e-01 -2.80941069e-01  4.78684939e-02 -1.12740047e-01
 -1.25171319e-01  6.30868971e-02  1.67878736e-02 -6.56241328e-02
 -1.03212316e-02  2.10727096e-01  5.38166165e-02  1.94854662e-01
 -9.96172279e-02  2.27893114e-01  8.72675702e-03 -7.32128397e-02
  1.13926895e-01 -1.46293730e-01  4.11020741e-02 -4.28107083e-02
 -2.19118536e-01 -2.61170387e-01 -7.56311491e-02  1.82688862e-01
 -3.18130910e-01  1.08285710e-01  3.94178890e-02  1.47073239e-01
  2.29580596e-01  1.32283509e-01 -3.38663571e-02  7.43151605e-02
 -8.31993595e-02 -1.18173204e-01  8.65115225e-02 -6.34278953e-02
 -1.27345249e-01  9.52776894e-02 -3.48210931e-02 -2.56279781e-02
  3.68814729e-02 -2.42953934e-02  1.50551468e-01  6.07012063e-02
  1.90352991e-01 -7.59865791e-02  1.73621088e-01 -6.30023628e-02
 -1.02272235e-01 -6.61616623e-02  5.55050597e-02 -5.76439090e-02
 -7.36940950e-02  8.68497640e-02  6.92136437e-02 -4.61409576e-02
 -1.15651041e-01 -1.01055108e-01 -6.58710822e-02 -1.82004839e-01
  7.43682981e-02 -2.69703060e-01  7.04821199e-02 -9.68384445e-02
  7.10269250e-03  9.77169946e-02  2.64034450e-01  1.25155568e-01
 -1.10985644e-01 -4.71965037e-02  1.40157431e-01  2.47343853e-02
 -6.14524260e-02  2.42915601e-02  9.16285962e-02 -9.23736766e-03
  6.26976490e-02 -1.40428478e-02 -2.55609691e-01 -5.01928665e-02
  1.57206152e-02  1.40084967e-01 -2.25273386e-01  5.33889271e-02
 -3.75908576e-02  1.27135795e-02  5.73530905e-02 -3.66307534e-02
 -2.15424970e-01 -8.72287676e-02 -4.53961343e-02 -1.41062185e-01
  1.61877405e-02 -5.18006273e-02  9.33384076e-02 -2.19697654e-01
 -4.62074950e-02 -1.94870338e-01 -3.78137566e-02  7.26254731e-02
 -2.80856013e-01 -3.81106883e-02 -8.36385339e-02 -1.97278559e-02
 -1.41788110e-01 -3.83845181e-03  1.05616175e-01 -1.56010557e-02
  1.34695932e-01  1.58102095e-01  2.10350484e-01 -2.55750995e-02
 -1.81397244e-01  2.29785610e-02 -2.30967300e-03  2.76045799e-01
 -1.27961829e-01 -1.36691615e-01 -5.28324768e-02 -2.43280023e-01
  2.45805588e-02 -3.40698332e-01 -1.09897710e-01  2.27871467e-03
  2.52071838e-03 -5.83506599e-02 -1.06141567e-02 -7.29964226e-02
 -6.03358522e-02  2.94477195e-02  9.08970684e-02 -1.35364737e-02
  1.19181596e-01 -7.26790950e-02  5.78763671e-02  2.93738116e-02
  1.63834870e-01 -5.88541403e-02  4.08773795e-02 -7.80860111e-02
 -2.23114043e-01  4.66031879e-02  3.38384248e-02 -3.09845284e-02
 -2.87020262e-02 -1.52068064e-01  6.49345517e-02 -6.56282008e-02
  1.08962931e-01 -1.32570848e-01  1.59699004e-02 -3.50861438e-02
  8.17218870e-02 -2.08616927e-02 -1.71853617e-01 -5.91142848e-02
 -1.83306858e-01  8.79523158e-03 -1.50069475e-01  1.75518140e-01
  8.81173834e-02 -1.09136693e-01  1.59915596e-01 -9.16811079e-02
  1.14521086e-02  1.36004478e-01  1.51351973e-01 -1.36578560e-01
 -8.96389037e-02 -8.16702144e-04  4.27637696e-02  1.94806978e-02
 -4.19263542e-03  1.12889819e-01 -1.18392535e-01 -2.56707929e-02
  3.72180082e-02  3.07547972e-02  2.20844612e-01 -4.27249260e-03
  4.55116201e-03  3.25694606e-02  6.85836226e-02 -1.12464286e-01
  1.65996149e-01 -5.77325374e-02  9.78296772e-02 -1.94105431e-02
 -8.38461518e-03 -1.40717506e-01 -2.79511184e-01 -2.71046698e-01
  1.65924519e-01  2.74930112e-02 -9.94382128e-02  9.48331878e-02
 -1.11127282e-02  2.74751224e-02 -5.19817285e-02 -3.00010387e-02
 -6.14696331e-02 -7.10281953e-02  6.46444559e-02  2.34536603e-01
 -4.45769429e-02 -9.90390405e-02 -6.86074197e-02  4.27898206e-02
 -5.01396842e-02  2.14202464e-01 -8.31939578e-02  1.51689053e-01
 -2.51699071e-02 -5.00045754e-02  1.83459774e-01 -1.11279503e-01
 -1.33459374e-01 -2.74249800e-02  1.78751022e-01 -5.71935698e-02
 -2.38295533e-02 -1.91816799e-02 -1.21769592e-01  1.09694958e-01
 -6.91735744e-02  5.01838773e-02  2.82782502e-02  4.33371775e-02
 -2.60046095e-01 -1.15350820e-02  1.13961063e-01 -1.11876041e-01
 -1.29015043e-01  1.30915076e-01  4.59924079e-02 -1.09464273e-01
  1.07405916e-01 -2.03776844e-02  9.83856842e-02 -9.87705216e-02
  1.61918566e-01 -9.11077857e-02 -4.76171123e-03  1.74067244e-01
  1.24701940e-01 -2.24509522e-01 -1.12170257e-01 -8.00325652e-04
  1.30938008e-01  1.39756724e-01  2.22558267e-02 -2.28850439e-01
  4.40369621e-02  1.74326465e-01  1.89435929e-01 -9.78018995e-03
 -1.41625106e-01 -1.36222392e-01  4.22240086e-02 -2.77647078e-01
 -2.11446807e-01  8.82415920e-02  4.42448184e-02  3.61541867e-01
  1.32009432e-01  7.45396540e-02  4.40444089e-02 -2.77917683e-01
 -5.44924196e-03 -4.05574217e-02 -7.32440576e-02 -2.28275079e-02
 -9.84605402e-02 -1.23208575e-01  2.29284205e-02  2.14561149e-01
  1.18342914e-01 -4.36457284e-02 -9.18246582e-02  9.79187042e-02
 -1.06688313e-01 -1.23298533e-01  4.47432585e-02  1.23371549e-01
  2.49062870e-02 -6.96523860e-02  7.19608665e-02  1.76872566e-01
  3.47021744e-02 -1.82287201e-01  9.16881412e-02  7.52542913e-02
 -9.88906696e-02  1.06182344e-01  7.82762170e-02  1.42745808e-01
  8.41343924e-02  3.68896909e-02 -7.87997991e-02  1.78781524e-01
 -1.32223159e-01 -5.12280315e-02 -1.69394225e-01 -2.36982748e-01
 -1.19207077e-01  2.90493183e-02  1.21444210e-01  1.31255955e-01
 -5.29121421e-02 -8.05787444e-02  2.41078407e-01  1.07291162e-01
  2.84249503e-02  5.89093426e-03  1.32363617e-01  3.44703533e-02
  2.13304117e-01  2.89776386e-03  1.57417387e-01 -3.42499316e-02
 -1.05974950e-01  7.77614191e-02 -1.25757247e-01 -1.02534138e-01
 -2.12850869e-02 -1.76123157e-02  2.69577652e-01  5.14399037e-02
  1.24212340e-01  1.23026460e-01  1.36744082e-01 -1.13823988e-01
 -2.14055888e-02 -1.20798014e-01 -5.21746166e-02  6.68219328e-02
 -9.77674033e-03 -1.16565481e-01 -1.52260438e-01  3.56731564e-01
 -6.88350871e-02 -1.33435279e-01 -6.35797083e-02  8.00837874e-02
 -3.38131785e-02  5.08399308e-02 -1.49663016e-01  7.71984691e-03
  1.34313241e-01  4.78161790e-04  1.57400623e-01  1.27143398e-01
 -4.37708907e-02  1.51876003e-01  8.65921080e-02  7.68017918e-02]