http://erau.edu/ontology/meme.owl#GeraffesAreSoDumbMeme
[ 7.04090223e-02 -1.03540264e-01  4.69179675e-02 -6.68057576e-02
 -1.55703947e-02  7.66779557e-02  4.95412685e-02  4.66318242e-02
 -3.95319648e-02 -7.47777373e-02  1.08565830e-01 -6.88649341e-02
 -3.77081335e-02 -1.00727724e-02 -1.20895684e-01 -6.58245757e-02
 -4.05422710e-02  1.75094530e-01  9.44441184e-03  3.30568627e-02
 -1.76870361e-01  1.20074764e-01  3.38486815e-03  8.28663353e-04
  7.91130885e-02  8.44324678e-02  9.39020589e-02 -1.41099632e-01
  2.33672827e-01  8.19190294e-02 -4.54717614e-02  1.19630158e-01
  7.61184022e-02 -5.22706211e-02 -8.05797949e-02  2.40097180e-01
 -1.08552640e-02  6.39854670e-02  2.63274368e-02 -1.66252673e-01
  7.04948232e-02  1.78236872e-01 -3.32053378e-02 -3.18124667e-02
  1.21400878e-01  4.87773865e-03  1.50313854e-01 -6.47294819e-02
 -2.90372968e-02  7.04989806e-02  1.89306177e-02 -1.75519157e-02
 -7.28426501e-02  1.25708720e-02 -6.13205433e-02 -1.03789851e-01
  2.53074784e-02 -1.34653926e-01  1.15697250e-01 -9.96526331e-03
 -6.24281652e-02 -7.45494524e-03  1.18669838e-01  1.84232648e-02
 -2.30032325e-01 -2.02311680e-01 -9.38933492e-02 -7.21268654e-02
 -5.09205051e-02 -8.77326131e-02 -7.19502345e-02  1.27828836e-01
  8.12113211e-02  5.34194298e-02  6.37928396e-02  1.62438378e-01
 -8.57044980e-02  6.34382740e-02  2.39629909e-01  6.35589138e-02
 -1.58136617e-02 -6.51533157e-02 -7.83772171e-02 -1.76891983e-01
  1.48887098e-01 -2.70180833e-02  1.55811861e-01  8.57724436e-03
  1.30328670e-01 -1.12849416e-03 -7.61302561e-02 -3.10315937e-01
  1.17647372e-01 -1.51839033e-01 -8.88382643e-02  2.82391366e-02
  5.96467033e-02  4.30241227e-02  1.34843826e-01 -1.57583933e-02
  1.72080100e-01  7.69008920e-02  2.69747436e-01 -7.42841884e-02
  1.52970226e-02  3.45197544e-02  2.04831854e-01 -8.66373852e-02
  2.79399808e-02 -1.78124726e-01 -4.07058857e-02  2.89397445e-02
 -9.86777395e-02 -1.01343416e-01  2.67354883e-02  9.54330191e-02
 -1.93095505e-01 -2.31274232e-01  8.47859904e-02  3.15023847e-02
 -7.46543556e-02 -9.50261056e-02 -7.49297738e-02 -1.58229228e-02
 -4.05338146e-02 -6.99571297e-02 -4.10292111e-02 -2.07931735e-02
  9.08268467e-02 -3.17292474e-02 -1.30174398e-01 -3.92847396e-02
 -4.92710099e-02 -8.30424801e-02 -2.19095275e-02 -1.37340929e-02
 -3.98923978e-02 -2.30998900e-02 -2.00793520e-02 -1.51349613e-02
 -1.76993921e-01  4.88115661e-02 -7.74386572e-03  7.61168823e-02
  1.12527929e-01 -1.83616936e-01  2.13315729e-02 -2.20780298e-02
 -3.12588108e-03  1.47911608e-01  1.94970910e-02 -5.32220379e-02
 -3.41319330e-02 -1.41591847e-01 -6.79612765e-03 -4.81206961e-02
 -1.63854584e-01  1.33401439e-01  2.32953243e-02 -2.25037523e-02
 -2.69213459e-03 -1.08899385e-01 -2.46171504e-02 -1.19727716e-01
 -1.31346107e-01 -6.67423755e-02  3.02876648e-03  7.66835287e-02
 -2.60484308e-01  6.10439293e-02  1.33390690e-03  6.80042505e-02
  2.71715671e-01  2.11781144e-01 -1.53222624e-02 -6.03762046e-02
  2.14454774e-02  2.00836512e-04  1.61088258e-01 -1.69668213e-01
 -1.15140170e-01  2.15460062e-02  1.33934617e-01 -3.71754616e-02
 -1.06448248e-01 -1.02503389e-01 -1.48913460e-02  1.74937434e-02
  2.64817536e-01  3.34453583e-02  4.96439189e-02 -1.19279847e-02
 -1.95922658e-01  2.12117378e-02 -7.71147609e-02 -2.27433313e-02
  1.41788244e-01  4.04456221e-02 -9.62201878e-02  4.10544388e-02
  6.56961501e-02  2.75536813e-02  9.58740786e-02 -8.42570439e-02
 -7.27755353e-02 -1.93318054e-01  4.19185273e-02 -5.25885597e-02
  2.34745264e-01  3.69323455e-02  1.73899218e-01  2.67910343e-02
  4.08770097e-03 -1.14906549e-01  1.03301458e-01 -7.65104070e-02
  1.52597316e-02 -1.13963209e-01  1.14789188e-01  1.91832826e-01
  1.00156739e-01  1.97418019e-01 -1.41930655e-01  8.55701789e-02
 -7.48060122e-02 -1.15291104e-01 -5.52781112e-02 -2.27956083e-02
 -1.31230801e-02 -4.04473245e-02  1.13041438e-01  3.96673493e-02
 -6.71698898e-02 -6.73276931e-02 -6.31647706e-02  3.41086648e-02
  6.03623427e-02  1.63336564e-02  4.72447313e-02 -3.52995135e-02
  5.04160114e-02 -6.59200549e-02  9.64043289e-02  3.72797623e-02
 -1.56275794e-01 -4.45690984e-03 -1.20988324e-01  6.08525351e-02
 -1.33198337e-03  8.32206681e-02  7.39163980e-02  2.01565232e-02
 -1.07180905e-02 -3.83505598e-03  1.98187634e-01  7.33187199e-02
 -5.78380860e-02  3.33555713e-02 -1.97352991e-02  2.69724485e-02
 -8.15961435e-02 -4.28597108e-02 -5.30287027e-02  1.48992231e-02
 -1.57863766e-01 -1.15533963e-01  8.72360617e-02  5.55385761e-02
  9.76647735e-02 -1.01482302e-01 -4.57428321e-02 -1.27862096e-01
 -4.78537530e-02  1.34509772e-01  1.74236566e-01 -1.35203138e-01
  1.34614125e-01  4.38456573e-02 -3.09057832e-02  2.55666617e-02
  9.47704241e-02  1.00785559e-02 -6.72891214e-02 -9.40880328e-02
 -6.30029216e-02  1.40477926e-01 -1.86742529e-01  7.61227980e-02
 -1.70161221e-02 -3.59182954e-02  1.05860673e-01 -4.77032252e-02
  8.56395066e-02 -9.80158448e-02  5.05307540e-02  5.36142513e-02
  1.17082007e-01 -4.10439335e-02 -1.13578960e-01 -1.83928519e-01
 -1.31434992e-01 -4.53605391e-02 -8.26393720e-03  7.45496377e-02
 -9.10947174e-02 -5.55378012e-02  1.54171720e-01 -2.87680272e-02
  4.21846323e-02  8.29583555e-02  1.94540843e-01 -2.38575354e-01
  4.00202386e-02  8.20052475e-02 -6.94355741e-02  4.09579463e-02
 -4.60687131e-02  4.25691269e-02  1.38469100e-01 -7.83865303e-02
  7.91722238e-02 -1.46166489e-01  1.54108346e-01  1.41844913e-01
  9.88729019e-03  2.02516809e-01 -2.56311536e-01  5.04427142e-02
  1.82867527e-01 -3.28777619e-02  4.46636640e-02  1.89008215e-03
  1.45734280e-01 -7.77048767e-02  1.04807585e-01 -2.02775553e-01
  1.48270458e-01  4.78740260e-02  2.46339897e-03  1.48297697e-01
  2.08259244e-02  1.15520991e-02  7.50286691e-03  1.02636521e-03
 -3.84265259e-02 -6.82765171e-02  1.27141587e-02 -1.05266571e-01
  4.32803482e-02 -1.02697954e-01  3.83236352e-03  8.09158087e-02
 -1.89659625e-01  1.84752822e-01 -2.25054830e-01  1.79355163e-02
  4.66603898e-02 -8.11120644e-02  2.00098336e-01  1.66896936e-02
 -5.86896427e-02  7.54411593e-02 -1.21876765e-02 -1.37993544e-01
 -5.58019709e-03 -1.52857035e-01  6.56471681e-03 -4.66724709e-02
 -3.37175140e-03  6.50300682e-02  6.34408519e-02 -5.45187555e-02
 -2.39646792e-01 -3.33553962e-02  6.77901180e-03  1.13725904e-02
 -1.72566488e-01  2.60830298e-02 -1.06544778e-01 -1.77804623e-02
  4.39952798e-02  2.20433950e-01 -9.69838500e-02 -9.83601511e-02
  1.35174081e-01 -9.72127393e-02 -3.51524949e-02  1.03884995e-01
 -1.71494685e-04 -2.39972770e-02 -1.96915612e-01  1.23999566e-01
 -4.51198667e-02  1.56892866e-01 -4.13297936e-02 -1.84458435e-01
  1.27750067e-02 -6.78938329e-02  2.02178106e-01  4.34578396e-03
  1.51806269e-02 -6.09780289e-02  8.94155502e-02 -4.93197776e-02
 -9.88231301e-02  2.44231038e-02 -3.94779071e-03  3.59982327e-02
  1.60604283e-01  5.62898479e-02  1.51060358e-01 -1.02741569e-01
 -1.12752959e-01 -1.25713170e-01 -2.22638268e-02  2.65642684e-02
 -5.17975986e-02 -1.72390416e-01 -1.15389526e-02  3.20257246e-02
  1.32445559e-01 -8.98385495e-02 -1.24780983e-01  1.25904083e-01
  3.49347815e-02 -9.95601714e-02 -8.86724666e-02  5.75401150e-02
  1.67030364e-01 -1.05546296e-01  9.92720723e-02  2.27858931e-01
  2.32562367e-02 -7.17769042e-02  1.92686677e-01  2.63388723e-01
  4.85161766e-02 -1.20877624e-01  3.29891667e-02  1.44670263e-01
  6.43022060e-02  5.07961474e-02 -1.38754115e-01  3.57410252e-01
 -3.68906111e-01 -1.43971145e-02 -2.01913759e-01 -1.77458286e-01
 -1.34265319e-01  1.58832401e-01 -1.48078566e-02  2.44799517e-02
  2.97965378e-01 -5.31362668e-02  2.46455386e-01  5.19457944e-02
  1.87549256e-02  3.24939229e-02 -3.45419087e-02  1.89550326e-03
  1.01116702e-01  1.20176658e-01  1.31969795e-01 -1.15869120e-01
 -3.84353776e-03  1.40637875e-01 -1.12030849e-01 -1.53396010e-01
 -3.01714111e-02  1.43066235e-02  1.59451053e-01 -2.86735743e-02
  1.69635892e-01  1.02575094e-01  7.66631141e-02 -2.00254038e-01
  1.37651056e-01 -1.23222463e-01 -9.30043980e-02  9.97507721e-02
  6.30997568e-02  1.41809341e-02 -1.48528948e-01  2.30003312e-01
 -9.85893980e-02 -2.78745115e-01  2.86872336e-03 -4.37782221e-02
  9.04822275e-02  6.14252575e-02 -1.33735687e-01  3.23153995e-02
 -5.52985631e-03 -2.85496917e-02  1.35987133e-01  3.85051873e-03
 -6.70237914e-02 -2.20219120e-02 -1.30791841e-02  1.44542009e-01]