http://erau.edu/ontology/meme.owl#FunnyStoreSignsMeme
[-0.0730147  -0.17970304  0.02830559 -0.6885792   0.42541414 -0.17906074
  0.56362706  0.26207215 -0.08681157 -0.42900553 -0.00362495 -0.29744583
  0.09022111  0.14241707 -0.1670662  -0.24835318 -0.06746838  0.09000086
  0.61848557  0.09378305 -0.41831687  0.09613059 -0.10967828 -0.08805843
  0.15689617  0.24497066  0.0524311  -0.22832604  0.41460535 -0.08377058
 -0.31793612 -0.18676008  0.12059739 -0.3249829  -0.27551544  0.47415563
  0.2688885   0.33886647  0.0065118   0.06921332 -0.25467032  0.16745487
 -0.39810804 -0.16267739  0.34536192 -0.33900952 -0.18403174 -0.13594955
  0.51590073  0.30159402  0.50903904 -0.151463    0.04031926 -0.4163403
 -0.09406264 -0.43596628  0.06011643 -0.01680894  0.52889216 -0.39329314
 -0.32126105 -0.23272394  0.18152334  0.20744681 -0.38822272  0.09252764
 -0.16646838 -0.24305783 -0.31195143 -0.40376803 -0.0503922   0.4757688
  0.5160979  -0.50096494  0.02556675  0.29199773 -0.33159402  0.20645513
  0.32580146  0.02513093 -0.44822937 -0.19421437  0.032958   -0.3264407
 -0.18797863 -0.20466396 -0.43345112 -0.17872629  0.33610335  0.39942202
 -0.09164238 -0.44096223  0.40845713  0.1304887   0.0358619   0.4184448
 -0.04718599 -0.32538655  0.21065432 -0.71760386 -0.09955604 -0.03478025
  0.4908809  -0.2228505  -0.27324376  0.21360324  0.12038597 -0.24805641
  0.20618574  0.01111748 -0.17202443 -0.44231537 -0.50629216 -0.10240787
  0.2655635   0.45397428 -0.60521793 -0.6522318   0.2509201   0.8794842
  0.3307707   0.3943258  -0.09124909 -0.05316563 -0.01684565 -0.18462346
  0.31846577  0.09374502  0.17657626 -0.05380527 -0.32964864  0.22531183
  0.38451588 -0.01717407 -0.16637641  0.11224035  0.23810053  0.2367454
 -0.58630943  0.7478533  -0.23435186 -0.38119075 -0.3042896  -0.25370935
  0.4374608  -0.12712514  0.22051898  0.10969399  0.1763336   0.62241024
 -0.14654677 -0.1399961  -0.07196724 -0.19129694  0.06978489  0.1345759
 -0.19774967  0.42317367  0.5316111  -0.08337614 -0.18513437 -0.11644223
 -0.22834305 -0.52402407 -0.24310839 -0.13271362  0.19512224  0.29584375
 -0.5972837   0.0474771  -0.14730637  0.32126445  0.20273386  0.20913163
  0.00674346 -0.22141872 -0.21726912 -0.35149834  0.13017757  0.2687196
 -0.4191656   0.31832027 -0.11833879  0.03170239  0.02785386 -0.00505964
 -0.38571694 -0.2973362   0.5805611   0.39164048  0.00962829  0.1760842
 -0.51799166 -0.28385574  0.27038577  0.09993298  0.4561245   0.23792759
  0.04272743 -0.22867261  0.00322979 -0.12831135  0.27764714 -0.5235461
 -0.5819972  -0.7862172   0.14107527 -0.08895653  0.33561698  0.10531501
  0.64779377  0.29541484 -0.21158645 -0.20701367  0.4295392   0.02570119
  0.05009023 -0.21373446  0.40429777  0.4042258   0.45176667  0.03727549
 -0.2512507   0.3865948   0.13960232  0.01114438 -0.51560307 -0.1997019
 -0.01976321  0.22837515  0.35170692 -0.11336495 -0.2103865   0.59120774
 -0.11497616  0.52276427 -0.1633373  -0.3492414   0.33752704 -0.18659143
 -0.30080742  0.1587551  -0.12403476 -0.07467477  0.06053942  0.08006322
 -0.54238445  0.1802917   0.1222534  -0.3641215   0.06344988 -0.16187209
 -0.1070641  -0.49261427 -0.13943022  0.00792624 -0.2650538   0.26224497
  0.26117805 -0.14976446 -0.16246682 -0.74211127  0.00237296 -0.10870948
 -0.24243014 -0.29056302 -0.02697497  0.17328766  0.1754162  -0.0391728
 -0.07601747 -0.06833765  0.09283767  0.2912296   0.31922492 -0.34034088
  0.03721322  0.00157235  0.1569094  -0.15647002  0.3780375   0.3099668
  0.04474285 -0.20061447 -0.37693965 -0.01452482  0.24438263  0.17425829
  0.15931737  0.0162259  -0.09493825  0.072978    0.5295267  -0.10955331
  0.08905611  0.03307994  0.09786891 -0.0309661   0.12948808 -0.33093828
 -0.1702161  -0.12928757  0.02158901  0.3946534  -0.22573192  0.27019727
  0.61083615  0.15980297  0.026179   -0.03229387  0.10176972  0.10455905
  0.09019865  0.5475771  -0.28115875  0.37094256 -0.02814106 -0.06477625
  0.49105498 -0.14133263  0.22264133 -0.14865096  0.06922677  0.01979039
  0.17272505 -0.02405934 -0.13624664  0.25605667 -0.06888749  0.3093307
 -0.41964257 -0.19404504  0.39230114 -0.05675574  0.38771412  0.42435005
 -0.28027874 -0.11671219 -0.1270047  -0.29336998 -0.25100365  0.36328012
 -0.19412202 -0.15601663  0.25737947 -0.17446922 -0.20105632 -0.7570792
  0.07919274  0.19967753 -0.15475957  0.18186605 -0.08328014  0.19076017
 -0.4014926  -0.28175196  0.4436529  -0.03479505  0.03303292 -0.1600692
 -0.13834828 -0.05832592 -0.04494868 -0.26798877  0.26752415 -0.12976928
 -0.07643887 -0.07144435  0.10456632  0.1155443  -0.06414206  0.04933297
 -0.22671793  0.11840623  0.08252159 -0.19297405 -0.33248234 -0.4438304
 -0.05835532  0.00676806 -0.19950661 -0.08755574 -0.06691454 -0.2275909
  0.13061973  0.0407368   0.17189428 -0.25529253  0.3177134  -0.02218742
 -0.07764325 -0.4991145   0.28242365 -0.13744155 -0.17427984  0.00308343
 -0.21692663  0.38596123 -0.25813127  0.18743427  0.15160905  0.34945264
 -0.4479351   0.01007445 -0.19811623  0.12318733 -0.01467742 -0.40650353
 -0.1299479   0.22368644 -0.14904888  0.05355468 -0.03825025  0.11269573
  0.37291458 -0.64246553 -0.19531615  0.32459235  0.31588116  0.12413888
  0.0296235   0.24549675  0.46026734  0.38030347 -0.18463533  0.09512212
 -0.16031289  0.20318176 -0.11954948 -0.3930682  -0.0881035   0.3112901
  0.27898774  0.24415413  0.38029465 -0.02312299  0.36591503  0.16534236
  0.14610445  0.02033444 -0.20678686  0.07376686 -0.3536535   0.0097463
  0.26044336 -0.16806325 -0.15550995 -0.5555344  -0.08235541  0.29434165
 -0.3355563  -0.20167014 -0.12930961 -0.08509281  0.10996577  0.14211111
 -0.03179128 -0.08099075 -0.16949682  0.05220711  0.18238918  0.15843117
 -0.4274615   0.29045743  0.06492964 -0.04639303  0.2931155   0.14528424
  0.18728216 -0.09079611 -0.06947926  0.09280294 -0.09067433  0.09000961
  0.2578383   0.1395129  -0.24306259 -0.27763423 -0.33333564 -0.0606544
  0.02991425  0.16827568 -0.01848142 -0.07259913  0.33178005  0.06891663
  0.2016829   0.16811763  0.07416315  0.1491413   0.22356817  0.33908734
 -0.12497845  0.26075473  0.08266984 -0.09838528 -0.20292981  0.22225259
 -0.00178983  0.02589159]