http://erau.edu/ontology/meme.owl#RacistMarioMeme
[-5.92649095e-02 -1.96377560e-01 -5.64970933e-02  2.34511793e-02
 -4.72447611e-02  1.22875534e-01  1.93054974e-01  1.06622338e-01
  9.38097164e-02 -7.57348165e-02  4.87587042e-02 -1.37451887e-01
 -9.20511112e-02 -6.48295954e-02 -6.38524629e-03 -5.27707562e-02
  1.49884936e-03  7.77974948e-02 -2.71745007e-02  2.35029966e-01
 -1.87589467e-01  1.97221175e-01  1.31970093e-01 -1.73623219e-01
  1.33276030e-01  1.24458596e-02 -4.80793342e-02 -1.06913671e-01
  3.64759028e-01  9.05404910e-02  1.17130272e-01  1.72501191e-01
  8.11008140e-02 -7.03091696e-02 -8.02131221e-02  3.27943593e-01
  6.46922924e-03  1.46371305e-01 -1.00036189e-01 -2.07697600e-01
 -7.26305470e-02  1.28920674e-01 -2.73036122e-01  3.51761281e-02
  1.10507041e-01 -7.15659335e-02  5.62929511e-02 -7.27825314e-02
 -3.99891241e-03  1.85943291e-01  6.46047816e-02 -5.64960614e-02
 -2.07781017e-01 -1.59031004e-01 -8.26555677e-03 -8.78406465e-02
  5.29283844e-02 -3.99982519e-02  7.76100531e-02 -2.90074777e-02
 -9.86841395e-02 -6.07600287e-02  5.15714847e-03  1.46206677e-01
 -5.80060109e-02 -2.07972601e-02 -4.90166806e-02 -2.73601208e-02
 -5.87199479e-02 -3.22061628e-02 -1.74350679e-01  1.26542464e-01
  1.55254861e-03  5.61186634e-02 -7.20409900e-02  9.92854461e-02
 -1.42452970e-01  1.72300525e-02  8.18177685e-03 -7.95191005e-02
 -1.32363603e-01 -1.39387637e-01 -1.02562949e-01 -1.69406831e-01
 -7.39454105e-02 -1.24709859e-01 -2.19730839e-01  3.13614868e-02
  1.23571150e-01 -1.51615188e-01  4.16191481e-02 -3.06763679e-01
  4.03158627e-02  7.20949098e-03  9.00469720e-02  7.19939619e-02
 -1.59616321e-01 -1.54878581e-02  4.88628559e-02  4.15179431e-02
  3.45289670e-02  3.10117174e-02  3.17286134e-01 -9.25286710e-02
  2.72669736e-03 -5.10882922e-02  4.16671671e-02 -8.98776576e-03
  1.37648880e-01 -1.01928644e-01 -3.15978415e-02  1.10399470e-01
 -6.39992207e-02 -1.49592429e-01  2.73164958e-02  1.49176493e-01
 -2.39162266e-01 -6.02537580e-02  3.53674330e-02  9.40296501e-02
 -1.53173795e-02 -2.74960157e-02 -1.08823068e-01 -5.48750069e-03
  9.44227725e-02 -5.61702028e-02  1.06825858e-01  1.08268157e-01
  4.63365242e-02  4.16228436e-02 -1.20484859e-01 -6.33613393e-02
  8.59360397e-02 -1.00986682e-01 -8.43748599e-02  1.49230301e-01
  7.39466622e-02 -9.47596356e-02 -1.14778750e-01  1.79597795e-01
 -1.68253198e-01 -2.23634373e-02  3.98137085e-02  2.00584512e-02
  1.09104095e-02 -2.16838241e-01  1.32845178e-01 -1.18068337e-01
  2.16246657e-02  1.46238074e-01 -2.08838694e-02 -6.71839863e-02
  7.43416846e-02  5.29918820e-02  5.14005544e-03  3.88045795e-02
 -7.09621087e-02  3.53956431e-01 -1.29626226e-02 -1.30659968e-01
  8.53912309e-02 -1.04690261e-01 -3.55304359e-03 -5.84435984e-02
 -1.51711032e-01 -8.29600915e-02  5.81581751e-03  9.01710987e-02
 -1.85330078e-01  1.95424795e-01 -3.72693278e-02  1.36286706e-01
  1.03747904e-01  1.58957496e-01 -1.51325375e-01 -1.22402407e-01
 -5.77731952e-02 -1.14179984e-01  7.83726349e-02 -4.41002892e-04
 -1.00728236e-01  5.42004928e-02  8.48583598e-03  5.73896877e-02
 -5.18255755e-02 -7.01308064e-03 -4.19583246e-02  1.64404325e-02
  1.84295699e-01 -4.04802635e-02 -1.02657611e-02  1.50649417e-02
 -1.15225025e-01 -5.45988195e-02  6.07906934e-03  1.03356488e-01
  1.18419483e-01  3.84128243e-02  6.55522496e-02 -1.09296612e-01
  9.89332050e-03  2.38646343e-02  5.30151762e-02  3.45845819e-02
 -1.34603545e-01 -1.96296364e-01 -9.45283845e-03  8.76910985e-02
 -9.74740982e-02  6.38151318e-02  2.00920194e-01  8.12754035e-02
  6.92284182e-02 -8.15257356e-02  4.27815057e-02  4.18562368e-02
 -1.06153555e-01  1.65725835e-02  5.51729389e-02  5.95414713e-02
  6.34114444e-02 -2.85720006e-02  1.47538725e-02  1.12361379e-01
  7.18660876e-02  6.41428903e-02  2.02541258e-02 -1.27415881e-01
 -1.36277065e-01  5.63646406e-02  7.58421049e-02 -2.75499607e-03
 -7.71010444e-02 -3.15035470e-02  3.88030149e-02  9.01849419e-02
  4.31369543e-02 -7.63326243e-04  2.43174657e-01 -1.66198984e-02
 -1.29174232e-01  3.10482234e-02  9.80294943e-02  3.27537507e-02
 -2.11646855e-01 -4.31170203e-02 -1.95334539e-01  1.16837285e-01
 -2.01975703e-02 -8.47171620e-02 -1.92406643e-02 -1.30309574e-02
  4.17893901e-02 -4.02839743e-02  1.56930074e-01  1.30819846e-02
 -1.03799090e-01  4.85394616e-03  3.94251719e-02 -4.53558117e-02
 -8.02347735e-02 -1.62447676e-01 -6.88183680e-03 -7.56717920e-02
 -3.22077982e-03 -1.70956865e-01 -5.73765077e-02 -5.57749951e-03
  3.23756300e-02  1.62707716e-02 -5.04280776e-02 -4.01089713e-02
  7.85329100e-03  4.37922440e-02  1.26953587e-01 -2.42977757e-02
  6.01517297e-02  3.93070094e-02 -8.47894624e-02 -2.07348773e-03
 -1.87603701e-02  6.85452297e-02 -3.98373604e-02  3.47823743e-03
 -1.20067641e-01 -1.48419654e-02  7.48985913e-03  5.58412122e-03
 -1.24678165e-02 -2.11726755e-01 -1.14176413e-02  3.54213035e-03
 -3.80477421e-02  3.23975943e-02  4.85407282e-03  4.42302339e-02
  2.47960597e-01  4.32833955e-02 -4.86097224e-02 -3.91397811e-02
 -2.36491174e-01  4.87412103e-02  7.04445317e-02  5.95535375e-02
  5.83883142e-04 -1.25576267e-02  1.10272132e-01 -2.99601834e-02
 -2.42546499e-02 -3.79381441e-02  1.40440330e-01 -1.33924544e-01
  4.81942948e-03 -4.38575521e-02 -1.30203562e-02  6.55247718e-02
  3.53474095e-02  1.41177839e-02  4.04254459e-02 -7.95574039e-02
  3.41869593e-02 -2.85230100e-01  2.93660033e-02  2.11135656e-01
  4.33088951e-02 -2.00874684e-03 -1.54397979e-01 -6.63083345e-02
  7.90423825e-02  1.07732281e-01 -1.03362039e-01 -1.77891001e-01
  7.90208504e-02 -1.12001948e-01  6.25154302e-02 -1.32314920e-01
  9.16669220e-02  5.33012040e-02 -4.62832078e-02  1.68938413e-02
  7.64186084e-02  6.89722374e-02 -2.13098511e-01 -1.13517970e-01
 -4.33149636e-02  6.92744106e-02 -8.65182579e-02 -9.46041495e-02
 -1.01512847e-02 -9.30555910e-02 -8.19878355e-02 -4.11562668e-03
 -1.40616387e-01  1.86401397e-01 -1.18813649e-01  1.47669494e-01
  3.77535000e-02 -1.26762182e-01  1.84154600e-01 -7.10757598e-02
 -5.84985092e-02  1.50863379e-01 -1.10295191e-01 -6.56890348e-02
  1.13206498e-01 -7.15883309e-03 -1.12409748e-01  2.42683254e-02
  9.37487092e-03  8.30161385e-03  1.21613322e-02 -2.00150743e-01
 -1.77554891e-01  1.08133964e-01  1.02760613e-01 -3.03074997e-03
 -1.70043334e-01  4.28834222e-02 -3.99947390e-02 -6.65844828e-02
  3.92898805e-02  2.49882177e-01 -1.60230786e-01 -9.83354673e-02
  1.50462270e-01 -1.53571770e-01 -1.97213650e-01  9.04779509e-02
 -1.72696635e-01 -1.39159679e-01 -5.48451059e-02  2.09551044e-02
 -9.90492702e-02  3.96825224e-01 -1.08715221e-01 -1.89127788e-01
  5.94402142e-02  1.12719685e-01  4.51104015e-01 -1.32227868e-01
 -7.95646906e-02 -2.30818629e-01  3.61162163e-02 -3.21287870e-01
 -2.18510509e-01  1.00690303e-02 -1.04378518e-02  5.74263573e-01
  1.35752901e-01  6.25856034e-03  1.53586000e-01 -1.04114681e-01
 -8.63155499e-02  4.30880301e-02 -8.30698907e-02 -8.56170654e-02
 -1.88188910e-01 -1.37860104e-01  1.51191419e-02  4.39060330e-02
  2.33391017e-01  7.98805710e-03 -2.33257234e-01  2.46433951e-02
  9.69540477e-02 -2.33121440e-01 -1.38747975e-01  1.16077155e-01
  1.56211615e-01 -7.51887634e-02  2.49658078e-02  2.21675977e-01
  1.01901881e-01 -1.66642070e-02  7.39521757e-02  3.13504040e-01
  1.25110388e-01 -1.46744147e-01  4.23806645e-02  2.07077250e-01
 -5.77760674e-03 -2.64667664e-02 -1.74462214e-01  3.23311925e-01
 -2.20831037e-01 -9.74127725e-02 -2.44656652e-01 -7.41459355e-02
 -1.74520612e-02  5.47795258e-02  1.04989864e-01  3.14510800e-02
  7.28609934e-02 -1.54781565e-02  1.31349266e-01 -7.85223246e-02
  1.28207162e-01  6.53742924e-02  3.90522927e-02 -1.08121097e-01
  3.96580324e-02  5.89590929e-02  1.39854401e-01  2.44317241e-02
  6.64773583e-02  1.90291435e-01 -7.22387955e-02 -6.15968294e-02
 -3.14416438e-02 -1.25319669e-02  2.38552958e-01 -1.04304971e-02
  5.80703840e-02  2.74056047e-01  2.81705949e-02 -1.98006690e-01
  1.33256450e-01 -3.18315238e-01 -1.61424011e-01  7.30993003e-02
  8.18497613e-02 -4.64169867e-02  4.98107038e-02  1.60626411e-01
 -1.67059094e-01 -7.06466064e-02 -9.43079442e-02  1.94433294e-02
  1.74529016e-01  4.67187949e-02 -9.72444117e-02 -8.73031989e-02
 -2.05849130e-02 -8.87965858e-02  2.76648223e-01 -1.27783254e-01
 -3.26144509e-02 -2.88393229e-01 -3.63734737e-02  1.00876220e-01]