http://erau.edu/ontology/meme.owl#BillNyeLaunchSignMeme
[-1.74545318e-01 -1.21710032e-01  4.91141193e-02  4.17287238e-02
 -6.14138842e-02  7.19078779e-02  1.66536629e-01  5.08279912e-02
 -4.39752489e-02 -1.02310739e-01 -2.58360454e-03 -4.17751484e-02
  3.29541378e-02 -1.41322538e-01  2.57816110e-02  6.47249296e-02
  2.29036361e-02  5.18184938e-02  1.01504557e-01  8.45694393e-02
 -2.00093642e-01  5.23811616e-02  5.82267120e-02 -1.09018907e-01
  1.37745097e-01 -3.17252055e-02  9.46094003e-03 -1.32230639e-01
  3.26534808e-01  2.50199944e-01  7.46901631e-02  8.16609636e-02
  1.04855085e-02 -8.50524604e-02 -1.03498369e-01  9.70940217e-02
 -4.34449129e-02  1.13506809e-01 -2.02647261e-02 -6.48265183e-02
  1.06376648e-01  1.61404192e-01 -6.67290911e-02  5.25946766e-02
  7.69290254e-02 -5.87221347e-02 -1.08780667e-01 -7.36912563e-02
  1.19671635e-01  2.68664733e-02  3.11013963e-02 -1.56518053e-02
  8.01032409e-03 -1.07238144e-01 -1.67581603e-01 -7.11163431e-02
  1.24972120e-01  5.99956140e-03  1.55045152e-01  5.64068742e-02
  2.21019760e-02 -1.60878636e-02  1.52925298e-01 -3.48765403e-02
 -7.37659261e-02 -1.08980266e-02  2.18204670e-02  1.58121288e-02
 -8.35106000e-02 -1.16815567e-01 -5.96654192e-02  7.46616423e-02
  1.20216034e-01 -7.44708478e-02  4.49789353e-02 -2.15818975e-02
 -1.78819578e-02  1.11015484e-01  1.48814037e-01  8.47113132e-02
 -3.65860835e-02 -6.08540047e-03  5.45543097e-02 -1.34197876e-01
  1.48763219e-02 -6.59453422e-02 -1.29863307e-01  9.80242863e-02
  3.31865698e-02  5.35033867e-02  3.19833378e-03 -1.01367824e-01
  1.09211646e-01 -1.67428628e-01 -1.66762397e-02  1.67009141e-02
 -1.77348014e-02 -1.08156139e-02 -6.02481747e-03 -2.28110805e-01
  7.99458921e-02  3.30555141e-02  2.66088307e-01 -8.87575969e-02
  1.27173280e-02 -1.81668755e-02  9.10872668e-02 -5.33739999e-02
 -3.65343913e-02 -3.67893069e-03  7.35453963e-02 -6.00427724e-02
 -1.27221540e-01 -8.70870873e-02  7.17245862e-02  9.97990593e-02
 -1.88805312e-01 -2.29269341e-01  1.41669950e-02  1.09889545e-02
  1.51666170e-02 -4.28049080e-02 -7.52917826e-02  1.43275768e-01
  9.16290432e-02 -1.58332780e-01 -4.09791209e-02 -3.37714441e-02
  3.01813558e-02  1.20444715e-01 -2.76160985e-01  1.80150662e-02
 -2.69148592e-02 -8.28397274e-02 -1.58633113e-01  5.75718284e-02
 -4.29956429e-02 -5.81931770e-02 -1.31901667e-01  6.78489208e-02
 -2.20568821e-01 -2.65661534e-02  4.71124835e-02 -7.37908334e-02
  2.07819045e-01 -2.43106544e-01  8.78352076e-02 -4.27712426e-02
  7.55507359e-03  1.69000477e-01 -2.89607812e-02 -1.63604781e-01
  1.27558000e-02  1.42993838e-01 -5.52497134e-02  7.37239495e-02
 -1.17032692e-01  1.69267550e-01  5.76092526e-02 -3.81134525e-02
 -5.40399589e-02 -1.10849813e-01  9.64137763e-02 -3.46495882e-02
 -1.44095972e-01 -1.26142651e-01 -8.26980770e-02  4.37411740e-02
 -2.62303323e-01  1.57273427e-01 -2.21054200e-02  1.15508713e-01
  1.32396117e-01  6.48935288e-02  6.40885532e-02  8.54544714e-03
 -6.49590343e-02 -1.31104905e-02  1.01279996e-01 -6.77640811e-02
 -1.70668736e-02  5.88787571e-02  3.96896200e-03  7.37443268e-02
 -1.40860394e-01  4.48928066e-02  2.41042808e-01  1.52106285e-02
  2.45823890e-01 -3.48238982e-02  3.96576757e-03  1.22666415e-02
 -2.17642024e-01 -4.80553880e-02 -2.01215073e-02 -4.38380837e-02
  7.00777769e-02  1.44006163e-01 -1.74035374e-02 -4.94335704e-02
  4.87736985e-03 -3.76655832e-02 -1.73791181e-02 -2.19719373e-02
 -3.44543457e-02 -2.74489999e-01  6.78872317e-02 -8.08744282e-02
  1.04283214e-01  1.60434559e-01  2.81202435e-01  8.17069188e-02
 -6.06667139e-02 -2.31453422e-02  1.30093947e-01  3.26374173e-02
 -1.12206794e-01 -5.65285571e-02  1.31771654e-01  1.25763059e-01
  2.83971995e-01  1.24382816e-01 -1.54606998e-01  3.10548637e-02
  1.32962093e-02  3.80347967e-02 -1.84322506e-01 -1.80611126e-02
 -7.26301894e-02 -4.81037274e-02  6.52994737e-02  8.55738372e-02
 -5.95002398e-02 -1.04825340e-01 -7.47892261e-02  3.22909420e-03
 -1.66911766e-01 -9.59702805e-02  1.80764124e-02 -1.54906943e-01
  6.79933801e-02 -9.23285633e-02  3.17383781e-02 -7.40815550e-02
 -1.63970426e-01  4.22969982e-02 -6.39119297e-02 -7.64806494e-02
 -6.95075840e-02 -4.30846773e-02  4.87757139e-02 -6.11582957e-02
  1.51671082e-01  2.88789123e-02  1.27753675e-01  2.55425852e-02
 -1.12237394e-01  1.54081602e-02  6.22951575e-02  7.49092996e-02
 -3.71765979e-02 -9.54308435e-02 -7.95472413e-03 -9.13791135e-02
 -5.12175709e-02 -1.14089280e-01 -5.81591055e-02 -1.80822536e-02
 -2.03796029e-02 -1.16658889e-01  2.32530665e-02 -7.47050494e-02
 -2.88238637e-02  4.90463711e-02  1.21615238e-01  3.47916186e-02
  1.47413006e-02 -2.73895636e-03  5.84155656e-02 -4.90192287e-02
  1.34589523e-01  1.61365747e-01  4.08123583e-02 -5.79040833e-02
 -2.21165285e-01  1.91941764e-03 -5.65227903e-02 -4.44865879e-03
  1.77898556e-02 -6.51301742e-02  4.27786559e-02 -8.03391710e-02
 -2.75503099e-02 -3.92058752e-02  7.69752115e-02 -4.56956439e-02
 -2.42019612e-02  4.03456688e-02 -1.84961557e-01 -2.03650836e-02
 -1.85327455e-01  7.83354640e-02 -1.42686360e-03  1.09297425e-01
  5.02762608e-02  4.36000600e-02  1.54933140e-01 -1.06220236e-02
  6.29663840e-02  5.50473407e-02  1.94160044e-01 -9.76890475e-02
  1.04263119e-01  1.11103028e-01 -1.69039164e-02 -6.81954250e-03
 -2.87177693e-02  1.05823413e-01 -2.86640190e-02 -9.30421874e-02
  1.07566237e-01 -1.43553257e-01  1.43103123e-01  1.35000974e-01
 -6.93120137e-02 -2.19716807e-03  2.93543388e-04  2.91114468e-02
  1.19532555e-01 -5.84682114e-02  2.22077835e-02 -5.22500426e-02
  8.71178806e-02 -4.36615311e-02 -6.50136098e-02 -1.94488764e-01
  6.14479147e-02  2.76588798e-02 -5.81314825e-02  8.17041025e-02
 -5.13314046e-02  2.22897977e-01 -5.69807813e-02 -1.98295079e-02
 -1.52305186e-01 -6.87119458e-03 -6.67713061e-02  1.37125239e-01
 -1.09533921e-01 -6.47755042e-02 -1.28045185e-02 -9.58987698e-03
 -8.24419782e-02  1.77509919e-01 -8.53422657e-02  1.26907289e-01
  2.68039368e-02 -4.72599491e-02  2.11839899e-01 -5.40778562e-02
 -1.23803698e-01  7.65993297e-02  6.66738823e-02 -4.00411524e-02
 -4.75070113e-03  2.20899284e-03 -1.10943593e-01  1.41264154e-02
 -2.46190303e-03  6.35024384e-02 -1.06446937e-01  8.01954046e-03
 -1.73050702e-01  2.50249486e-02  1.18264735e-01 -1.20224513e-01
  1.47795528e-02 -1.82157586e-04  2.52325572e-02 -5.05859815e-02
  1.19835913e-01  7.95314685e-02 -2.40443870e-02 -1.12318508e-01
  1.25916125e-02 -5.18274456e-02 -1.77088201e-01  1.16536483e-01
  2.47250497e-02 -1.67587891e-01 -4.67352979e-02  1.21121734e-01
 -1.69301908e-02  1.26442745e-01 -5.60709201e-02 -3.00345361e-01
  1.31765809e-02  1.59524754e-02  2.11008906e-01 -3.34299728e-02
 -5.51509373e-02 -1.42225593e-01 -2.68824603e-02 -2.44773954e-01
 -1.77133590e-01 -2.76412256e-02 -3.84756662e-02  2.64967471e-01
  7.40202591e-02  8.53704140e-02  2.53846589e-02 -1.27155244e-01
 -1.92610890e-01  2.78535299e-03 -4.91889454e-02  7.34249428e-02
 -1.01114832e-01  1.73642822e-02 -2.59223524e-02  1.04383714e-01
  8.70586261e-02  3.78468968e-02 -1.20060056e-01  1.24163982e-02
  5.67723028e-02 -4.36972417e-02  3.12477276e-02  7.05592483e-02
  1.09648138e-01  4.62965891e-02 -3.50380465e-02  1.62272960e-01
  5.85972629e-02 -1.35910153e-01  1.66803673e-01  1.10275671e-01
  7.03899711e-02  5.29171154e-02 -3.72986272e-02  4.53577749e-02
  1.52361587e-01  1.20701000e-01 -1.11005507e-01  3.07771683e-01
 -1.82768896e-01 -4.10823449e-02 -2.02042893e-01 -1.10405743e-01
 -9.59681347e-02  8.79590139e-02  1.03855737e-01  1.43145606e-01
  7.67616853e-02 -2.61766799e-02  1.28179416e-01  6.28189147e-02
  1.11097828e-01  6.40565082e-02  1.81072205e-01  2.03834306e-02
  2.11734399e-01  1.01641178e-01  4.86799777e-02 -1.03817329e-01
 -1.93352085e-02  1.40957758e-01 -3.71557251e-02 -1.69697374e-01
 -2.05185022e-02  8.06537345e-02  5.21359183e-02  2.64447276e-02
  1.68993369e-01  1.29952535e-01  3.27937715e-02 -4.72779572e-02
  5.36313243e-02 -1.50305316e-01 -8.00589547e-02  1.08553015e-01
 -1.75288409e-01 -1.56409796e-02 -7.60649368e-02  2.90371954e-01
 -8.52244813e-03 -2.03112990e-01 -1.82944536e-02  5.99243194e-02
  9.25983712e-02  4.86881286e-02 -3.27518135e-02  3.97581533e-02
  6.58654273e-02  4.50319387e-02  1.29211202e-01  9.21222717e-02
  2.85829045e-02 -1.82538629e-02  3.09847221e-02  5.62467463e-02]