http://erau.edu/ontology/meme.owl#PhotoBitchMeme
[ 1.10358931e-01 -1.47338122e-01  2.90620495e-02 -1.73166469e-01
  1.73925146e-01  3.42564732e-02  6.65081665e-02  1.58747137e-01
  4.54790257e-02 -1.52831689e-01  7.17094541e-02 -1.26414582e-01
 -7.41462708e-02  2.97306422e-02 -5.81531301e-02 -4.40768600e-02
 -7.84453005e-02  6.22187778e-02  5.96908107e-02  5.31607866e-02
 -2.59296000e-01  1.03752844e-01  3.01674791e-02  4.87595797e-03
  1.36286067e-02  1.37462899e-01  1.17008045e-01 -1.93434842e-02
  1.98540285e-01  6.01207651e-03 -1.14646450e-01  9.15491655e-02
  1.68581735e-02 -8.80805328e-02 -1.08633675e-01  3.52099180e-01
  1.29873797e-01  1.03416555e-01  5.12153022e-02 -1.67792559e-01
  1.09300334e-02  1.92624420e-01 -1.27414703e-01 -8.80255252e-02
  9.94119123e-02  5.30283190e-02  4.29770835e-02 -1.28771648e-01
  1.08960293e-01  6.85043707e-02  5.34416847e-02 -9.76004601e-02
 -2.85791773e-02 -7.82322586e-02 -1.19611263e-01 -2.19202757e-01
  3.64159197e-02  3.97130772e-02  2.26461366e-01 -1.00483455e-01
 -1.65531665e-01 -1.33500531e-01  3.55272961e-04 -1.31648360e-02
 -1.36592746e-01 -4.47145030e-02 -9.24116746e-02 -1.56189218e-01
 -3.18223760e-02 -2.17633292e-01 -1.80174056e-02  9.64764059e-02
  1.76826388e-01  3.72983925e-02  5.46306297e-02  2.55983859e-01
 -2.16668904e-01 -2.83094700e-02  1.57297596e-01 -6.65155351e-02
 -5.71250916e-02 -1.04676433e-01 -8.35838392e-02 -1.65903673e-01
  5.29704243e-02 -1.37489766e-01  8.76212120e-03 -3.97706069e-02
  1.22312650e-01 -4.68727760e-02  2.02876721e-02 -3.09411973e-01
  2.10756838e-01 -7.93409124e-02 -1.78528335e-02  6.04263619e-02
 -6.32834360e-02 -1.39360040e-01  1.07729070e-01 -1.19923010e-01
  1.85989469e-01  7.36924633e-02  2.36814395e-01 -1.82459101e-01
 -3.45089398e-02  8.48836526e-02  2.17028126e-01 -2.98079383e-02
  1.00209638e-01 -6.82116374e-02 -8.59363899e-02 -5.57413772e-02
 -1.16764076e-01 -4.13936563e-02  1.79992795e-01  1.71334252e-01
 -3.60409319e-01 -3.56216431e-01  1.56102508e-01  3.17988187e-01
  8.53073448e-02  8.83394927e-02 -1.30894423e-01 -1.56960249e-01
 -2.09803600e-02 -1.24042325e-01  1.51219860e-01 -9.30463150e-02
  4.84645516e-02 -5.33800088e-02 -1.87736541e-01 -7.94998258e-02
  2.40004137e-02  5.55792265e-02 -7.69419447e-02  1.15323201e-01
 -1.28926411e-01  1.02611976e-02 -1.12035133e-01  9.39992741e-02
 -2.27592185e-01 -9.91017520e-02  1.99919883e-02 -1.71913244e-02
  1.77836090e-01 -1.00596331e-01 -9.90285911e-03 -6.70129135e-02
 -2.13796407e-01  2.47781232e-01 -3.70595790e-02 -3.76310479e-03
 -5.12675419e-02 -1.57857031e-01  5.87965399e-02 -1.51454816e-02
 -1.45962194e-01  2.15044588e-01  1.21536225e-01 -3.16196650e-01
  7.92565644e-02 -1.40551403e-01 -3.72582152e-02 -2.63537943e-01
 -1.74007460e-01 -2.96320952e-02  1.10187635e-01  2.06926495e-01
 -3.48866642e-01  1.01648152e-01  3.10307089e-02  1.79650158e-01
  2.31955722e-01  1.95653141e-01 -2.76290122e-02 -1.25982687e-01
 -1.23824887e-01 -6.36287332e-02  1.18349366e-01  7.67501667e-02
 -1.62495404e-01  1.79610461e-01  4.59410809e-02 -3.64163183e-02
 -1.12140320e-01 -4.96831983e-02 -1.03747442e-01  4.92003188e-02
  2.53375679e-01  1.79988295e-01  5.65941557e-02  4.59224284e-02
 -2.80853450e-01 -1.11321896e-01 -2.71034837e-02  1.16503038e-01
  1.06986940e-01  4.32104990e-02 -8.57078061e-02  3.62034440e-02
 -2.62795482e-03  5.82231060e-02  2.00629756e-01 -1.25359192e-01
 -1.98419690e-01 -2.41012871e-01 -4.24069986e-02 -6.97775111e-02
  7.90296718e-02 -5.93000986e-02  2.85216242e-01  2.88063250e-02
  5.13979085e-02 -1.39701873e-01  9.59624276e-02 -4.33911709e-03
  7.06368685e-02 -6.76158890e-02  1.89614818e-01  1.71933070e-01
  3.00279707e-01  9.46436077e-02 -3.68978493e-02  1.62029862e-01
  2.11163962e-04 -1.12304844e-01 -1.55391008e-01 -1.25409484e-01
 -1.17468704e-02  1.00006267e-01  2.08725631e-01  6.30578697e-02
 -9.57359746e-02  5.18631563e-02 -2.30226591e-02  1.43913895e-01
  8.87586847e-02  4.71953489e-02  2.05095351e-01  7.41627961e-02
 -2.26720981e-02 -9.35044065e-02 -4.26017605e-02  4.59189340e-03
 -6.46868199e-02  6.34952798e-04 -3.24331641e-01  8.43279734e-02
  2.61803828e-02 -9.58010852e-02  7.02339783e-02  2.42936555e-02
 -2.30161715e-02 -5.00739180e-02  5.16301878e-02  3.26732956e-02
 -1.50631487e-01 -9.92081710e-04  7.93524683e-02 -3.06690726e-02
 -1.71652973e-01 -2.44992614e-01  4.23962474e-02 -4.71189953e-02
 -6.68373778e-02 -2.35046521e-01  1.21435439e-02  1.67398393e-01
  2.08668843e-01  1.68118477e-02  1.18001911e-03 -1.14645302e-01
 -3.15237120e-02  2.22209558e-01  1.78204671e-01 -2.12418586e-01
  6.68099970e-02 -1.48384362e-01 -1.17751166e-01 -1.16261870e-01
  8.64273086e-02  1.70586288e-01 -6.92994595e-02 -1.08729871e-02
 -8.22617710e-02  1.29924342e-01 -1.09597653e-01  1.39618650e-01
  3.98142301e-02  1.10931415e-02  9.97451842e-02 -2.44758874e-02
  1.79145381e-01 -6.81787431e-02 -3.41054611e-02 -3.08490987e-03
  7.60335550e-02  1.87608823e-02  1.45258576e-01 -1.44325569e-01
 -2.15791449e-01 -8.84992033e-02 -6.88340962e-02  5.00307456e-02
 -5.62498719e-02  1.87609959e-02  2.18581587e-01  1.59754083e-01
  1.14970461e-01  4.20100205e-02  4.42858189e-02 -1.33835271e-01
  1.01303663e-02  1.46097690e-01 -2.65035667e-02  2.78105345e-02
  2.82179229e-02 -2.96838284e-02  1.94567233e-01 -8.54476690e-02
 -6.94249943e-02 -8.39872062e-02  1.19764574e-01  4.01806161e-02
  5.18776737e-02  2.09099188e-01 -3.16896647e-01  4.68507856e-02
 -4.15609963e-03  3.17338062e-03 -5.71577884e-02 -5.39986454e-02
  1.54659405e-01 -6.18406050e-02  5.01400419e-02 -7.18414485e-02
  5.57012632e-02 -6.23446070e-02 -9.52346697e-02 -1.99373979e-02
 -2.86385380e-02  2.51302626e-02 -5.88504190e-04 -4.64609731e-03
  1.44606590e-01 -6.21344484e-02  2.10912414e-02 -3.25147420e-01
 -1.39447562e-02  5.85991144e-02 -8.24771821e-02  1.22882120e-01
 -1.21428154e-01  1.07858866e-01 -3.05118620e-01 -7.81044364e-02
  2.94343010e-02 -1.62202567e-01  9.94715318e-02 -1.25002205e-01
 -1.27644360e-01  1.58200394e-02  9.21415922e-04  4.30086963e-02
  5.92586100e-02 -1.91637546e-01 -1.37349069e-01  9.79451612e-02
 -3.10117342e-02  1.16833579e-02 -8.80633518e-02 -8.60406756e-02
 -2.23262772e-01  1.05367929e-01 -7.34334961e-02 -9.28231552e-02
 -2.06666395e-01 -1.03094459e-01 -1.98577121e-01 -6.16848692e-02
  1.32270809e-02  2.61663765e-01 -1.98612794e-01 -1.37058005e-01
  1.70152858e-01  4.86304983e-04  5.96015267e-02 -2.66631097e-02
  3.80452015e-02  3.17962132e-02 -1.48741111e-01  6.20869100e-02
 -4.68951790e-03  2.33864672e-02 -3.60300369e-03 -1.07412897e-02
 -9.07194391e-02  1.62709539e-03  2.01005474e-01 -3.74686979e-02
 -5.67537919e-02 -6.00828417e-02 -1.36682838e-01  6.64389506e-02
 -5.74103184e-02  7.30773062e-02 -2.93612015e-02 -1.54143691e-01
  1.39224827e-01  1.13767371e-01  2.75312304e-01 -8.08200538e-02
 -9.33967754e-02 -1.41122997e-01  8.27738568e-02 -4.45175730e-02
 -2.98380442e-02  2.55537480e-02  1.61160216e-01  2.43646763e-02
  7.24845603e-02  9.28629264e-02 -6.83392286e-02  1.55464262e-01
 -4.00315002e-02 -1.51780963e-01 -1.18359923e-02  2.62930810e-01
  3.69766951e-02 -1.79025099e-01  1.79595277e-01  2.59048522e-01
  1.22708939e-01 -1.58863552e-02  1.69701219e-01  2.24073663e-01
 -5.59021942e-02 -1.75665855e-01  1.54374875e-02  2.49931663e-01
  2.63292789e-02  1.22300088e-01 -8.45011398e-02  1.98395729e-01
 -1.37127742e-01 -9.44872722e-02 -1.98611781e-01 -2.76459038e-01
 -1.12976655e-01  2.08147883e-01 -6.88600764e-02 -1.13259129e-01
  1.96541965e-01  3.47268842e-02  1.72530875e-01 -1.28886938e-01
  1.62408073e-02 -8.21336657e-02 -7.35376924e-02 -6.11499920e-02
  7.05515593e-02  4.52852286e-02 -2.81409267e-02 -1.50755262e-02
  3.94426323e-02  1.46597534e-01 -1.23444721e-01 -8.92797485e-02
  1.02508262e-01  6.63452223e-02  5.85935824e-02  1.01919830e-01
  1.75371021e-01  9.94158387e-02 -4.12753709e-02 -1.13115869e-01
  7.75369108e-02 -3.16273838e-01 -2.17168197e-01 -9.58579034e-02
 -9.55324098e-02  1.60717070e-01 -5.30046225e-03  4.05343547e-02
 -1.25793675e-02 -8.08155686e-02  4.60766396e-03 -1.90549176e-02
  1.43906951e-01  1.22864813e-01 -8.95480141e-02  9.83310267e-02
 -1.75746046e-02 -8.31137225e-02  2.22681731e-01 -9.73504037e-02
 -9.84225199e-02  5.76976426e-02  3.95726040e-02  8.43019634e-02]