http://erau.edu/ontology/meme.owl#WhatIKnowAboutMeme
[-9.04546157e-02 -1.39970139e-01 -1.33675605e-01  2.34403601e-03
  1.15577310e-01  1.44621611e-01  5.55065647e-02 -6.13509342e-02
 -7.38711357e-02  8.23473632e-02  1.12564810e-01 -2.22401500e-01
 -6.85540438e-02 -1.94807336e-01 -1.16972387e-01  9.64148641e-02
 -6.78207949e-02 -4.56344858e-02 -5.56121916e-02 -5.82448244e-02
 -1.75664246e-01 -3.16542350e-02  7.10640401e-02 -1.48792192e-01
  5.18694781e-02 -3.89079042e-02  3.69067416e-02 -1.75713405e-01
  6.55638501e-02  1.20556295e-01 -4.87393253e-02 -3.07166427e-02
  3.37323658e-02 -5.57051823e-02 -1.61432147e-01  1.28683746e-01
  9.50138196e-02  1.13543645e-01 -1.49251491e-01 -5.65480925e-02
  1.94592178e-01  1.56800941e-01 -8.47902298e-02 -1.12529457e-01
  1.28275141e-01  1.31238177e-01 -9.55261216e-02 -1.59622878e-01
  1.16170451e-01  2.63264701e-02  9.86444764e-03  1.37196764e-01
  1.64627880e-01 -1.22691475e-01 -2.29367226e-01 -6.54499009e-02
  6.53120503e-03 -1.80121496e-01  1.52737662e-01  6.30770251e-02
  1.49274901e-01 -1.22743092e-01  1.55559942e-01  1.55676762e-02
 -6.41736016e-02 -5.88253550e-02  5.95801091e-03 -4.18190211e-02
 -4.41534705e-02 -2.11055145e-01 -1.98986456e-02  5.25058620e-02
  1.81404248e-01  3.67941963e-03  5.23426831e-02  1.26235515e-01
 -1.21799029e-01  1.83060840e-02  1.08288251e-01 -5.40677644e-02
 -5.98238874e-03 -1.66496605e-01  7.86972605e-03 -2.10095346e-01
  8.07707012e-02 -2.49529153e-01 -1.63420830e-02 -4.03432176e-02
  5.26385494e-02  6.18598945e-02 -8.55708942e-02 -1.06065549e-01
  1.88480482e-01 -9.43515599e-02 -1.09593205e-01  4.33374271e-02
 -1.53793795e-02 -5.35586961e-02  2.97035426e-02 -1.21857151e-01
  6.90720156e-02  1.48640387e-02  2.84968197e-01 -4.65630963e-02
  8.74852389e-02  9.69329923e-02  1.25389487e-01 -4.50828895e-02
 -5.24915680e-02 -2.82210531e-04 -1.14559859e-01  5.93266785e-02
  9.29667428e-02 -1.43452018e-01  1.56476811e-01  6.18271204e-03
 -2.74795830e-01 -2.31070146e-01 -1.83308907e-02  4.68369909e-02
 -4.47435342e-02  4.00718860e-02 -4.77715842e-02  1.21379152e-01
 -1.63008496e-02 -1.06436461e-01  6.20980971e-02 -4.98253591e-02
 -1.49453655e-01 -2.42478382e-02 -1.06666639e-01 -6.24336209e-03
  4.79600914e-02 -1.00205369e-01 -1.93891913e-01 -2.02371217e-02
 -2.34979317e-02  1.25529155e-01 -2.11259216e-01 -2.67905444e-02
 -1.73300207e-01  9.98425707e-02 -8.30671415e-02 -6.98634461e-02
  1.57659531e-01 -1.77085862e-01  1.60336774e-02  1.32566407e-01
  3.61396484e-02  5.84007986e-02 -4.92279567e-02 -1.13532797e-01
  7.82610178e-02 -3.00091077e-02  4.61462289e-02  8.56665447e-02
 -2.22425625e-01  4.26468588e-02  7.16784149e-02 -1.49997428e-01
  3.68285738e-02 -1.69687286e-01  7.13210404e-02 -1.10394984e-01
 -1.79011405e-01  2.87760724e-03 -1.44271106e-01  2.64603108e-01
 -1.84670150e-01  4.89564426e-02  8.30502287e-02  2.09269747e-01
  1.71007529e-01  1.20517418e-01  6.55162111e-02 -1.99812911e-02
  2.80184131e-02 -6.28798157e-02  5.85894771e-02 -7.27320462e-02
 -9.22963247e-02  1.40848607e-01 -1.38491495e-02 -3.33729684e-02
 -8.56358111e-02  8.93038213e-02  1.09026976e-01 -2.86312103e-02
  7.72816390e-02 -9.31988657e-02  2.13093266e-01  1.76926643e-01
 -2.36260369e-01 -8.67566690e-02 -5.08741662e-02  8.97388265e-04
  1.42150566e-01  1.96778122e-02  7.37451389e-02 -4.66707423e-02
 -7.45946243e-02  2.30526123e-02  4.44351174e-02 -1.40945703e-01
 -1.32622615e-01 -2.04743475e-01  5.05776368e-02 -1.70014739e-01
 -5.00159711e-02  6.34916499e-02  5.26961731e-03  1.51453197e-01
 -1.23680085e-01 -1.77679569e-01  1.69716671e-01  6.71091825e-02
 -1.65043697e-01 -8.82942416e-03  3.00568104e-01 -1.66186299e-02
  1.73356548e-01  5.67709431e-02 -2.67770797e-01 -2.90364716e-02
  5.89815266e-02  1.26600182e-02 -2.75369018e-01  5.21708876e-02
 -1.04313102e-02 -1.29252020e-02 -2.25916952e-02  4.50324118e-02
 -2.41193086e-01 -2.33828425e-01 -6.53556213e-02 -8.19598660e-02
 -6.31259680e-02 -1.91729188e-01  5.07670343e-02 -2.07901955e-01
  7.56018609e-02 -1.52254105e-01 -1.20487951e-01  2.94311289e-02
 -3.25261086e-01 -1.34637251e-01 -1.94012523e-01  3.11075263e-02
 -4.67226021e-02  3.16009633e-02  6.01480715e-02  1.16428182e-01
  1.21523641e-01  2.90110618e-01  2.53842860e-01 -4.25659753e-02
 -1.33863539e-01 -9.91433510e-04  1.40093401e-01  3.92736904e-02
 -5.78396507e-02 -2.67768562e-01 -4.08785120e-02 -1.63491815e-01
  8.28903634e-03 -3.69351506e-01 -2.19310373e-01  6.68618977e-02
  3.67978513e-02 -4.67654020e-02 -1.47186592e-01 -1.10451281e-01
  2.82242103e-03  2.54519492e-01  2.36378774e-01  6.83690086e-02
  1.00617617e-01 -2.58209735e-01 -6.39568120e-02 -2.29456741e-03
  2.97216535e-01 -1.24483079e-01 -9.69014764e-02 -1.67638332e-01
 -2.13802978e-01  1.15897194e-01 -4.51477654e-02 -1.39331268e-02
 -3.62427942e-02 -8.19051862e-02  3.52842435e-02 -1.16226166e-01
  1.62164479e-01 -8.74495432e-02  4.21152972e-02 -4.71047163e-02
 -2.93787997e-02 -8.31088349e-02 -2.36370027e-01 -2.51933366e-01
 -4.29999501e-01  1.36109628e-03 -1.23530470e-01  2.21029162e-01
  8.21929052e-03 -7.17961863e-02  1.33309409e-01 -1.05399162e-01
 -8.16547498e-02  2.15433508e-01  2.65431374e-01 -2.19371215e-01
  9.38134454e-03  1.00580789e-01  4.17334102e-02  1.01693869e-01
 -5.39708138e-03  1.03238113e-01 -3.93123403e-02  3.54751013e-02
  1.10755458e-01 -1.08592384e-01  2.51668543e-01  1.07418790e-01
 -1.07192002e-01  1.72409013e-01 -2.32961718e-02 -2.50104629e-02
  9.89457965e-02 -3.67541127e-02  3.47823948e-02  1.63699642e-01
  3.13985310e-02 -6.61105216e-02 -2.00026348e-01 -2.94494957e-01
  1.61730498e-01  1.01659238e-01 -1.53286189e-01 -3.09125073e-02
  1.31765520e-02 -4.86567132e-02  1.24256104e-01 -1.22620603e-02
 -4.72938195e-02 -1.02440499e-01  1.03997074e-01  1.24797396e-01
  2.06292253e-02 -1.31130502e-01 -2.89162062e-02  5.26570641e-02
 -7.23498985e-02  2.26925522e-01 -2.64263690e-01  1.42549574e-01
  1.09012596e-01 -6.86557218e-02  2.95055956e-01 -9.64202285e-02
 -1.18760817e-01 -5.17307874e-03  9.83719155e-02 -2.06537232e-01
 -4.42281030e-02 -3.74007341e-03 -1.04642913e-01  5.70925102e-02
 -1.56226158e-01 -2.25320701e-02  1.34581462e-01  1.21141626e-02
 -2.69872636e-01  6.28072917e-02  1.67314947e-01 -5.00268638e-02
 -2.79938877e-01  6.18432537e-02 -1.02048650e-01 -1.52442530e-01
  9.04741883e-02  5.54041825e-02 -7.49862492e-02 -6.72249943e-02
  1.21618345e-01  6.76478595e-02 -8.63885134e-02  2.09864870e-01
  7.78499693e-02 -3.51400107e-01 -8.67044181e-02 -3.17543326e-03
  1.56991988e-01  1.86714888e-01 -2.32386902e-01 -2.51162976e-01
  5.23422547e-02  8.25691894e-02  1.58247605e-01  7.29530752e-02
  6.38990924e-02 -1.31759539e-01 -2.53797993e-02 -4.58690375e-01
 -2.65789270e-01  8.85963961e-02 -4.57818396e-02  3.63448054e-01
  2.34507114e-01  1.55713215e-01  2.81044077e-02 -3.66185129e-01
 -1.05352916e-01 -9.60741118e-02  1.21558402e-02  5.04280142e-02
  3.23472321e-02 -1.85602933e-01  1.09125543e-02  2.51323283e-01
 -5.52353747e-02  5.30139767e-02 -1.88685462e-01  4.44251075e-02
 -9.28938910e-02 -1.28466770e-01 -8.78257602e-02  2.43221715e-01
  1.45563588e-01 -1.04329549e-01 -3.22513692e-02  3.21120143e-01
 -2.65748473e-03 -1.50875092e-01  3.61141503e-01  2.34501481e-01
 -5.28201610e-02 -1.32156640e-01  1.49611965e-01  8.16206262e-02
  2.86447227e-01  5.83206303e-02 -3.79247032e-02  3.06449920e-01
 -1.32224604e-01 -1.17816441e-01 -3.06360781e-01 -2.15149969e-01
 -6.54791668e-02  1.59824163e-01  4.80356514e-02  2.30529338e-01
  1.70901150e-01 -1.61454618e-01  3.92242432e-01  7.66057149e-02
  1.02647677e-01  5.52913100e-02  8.53709057e-02 -8.80366098e-03
  2.96359032e-01  1.83314502e-01  7.63799921e-02 -1.02001857e-02
 -1.83118746e-01  9.29010659e-02 -1.38560519e-01 -1.06251396e-01
 -1.32863685e-01  7.99944177e-02  2.36826420e-01  1.49812967e-01
  2.75496811e-01  2.82266796e-01  2.07316428e-01 -1.39927804e-01
  8.01482275e-02 -2.89657693e-02  2.91068368e-02  4.78778407e-02
 -6.32490441e-02  1.18244905e-02 -1.34563208e-01  3.22428197e-01
  1.14150181e-01 -1.83497325e-01 -1.12103857e-03 -1.11130718e-02
  3.37368585e-02  3.62216011e-02 -2.32395172e-01  8.79349560e-03
  5.32359779e-02 -5.89653326e-04  1.70488302e-02  5.40546253e-02
 -5.91386221e-02  1.25019714e-01  1.06433138e-01  1.26651034e-01]