http://erau.edu/ontology/meme.owl#MonicasGangMeme
[-1.43458387e-02 -8.08985755e-02  1.87950581e-02  7.74540287e-03
 -1.48163624e-02  7.32231066e-02  1.02569245e-01  4.18226346e-02
 -1.68405920e-02 -1.56733654e-02  1.06441677e-01 -3.48421596e-02
  1.47629544e-01 -7.34783337e-03 -4.02443595e-02  3.52155827e-02
 -2.31011137e-02  1.00516006e-01 -9.45272893e-02  5.58946505e-02
 -1.20041445e-01 -4.62089758e-03  8.52586851e-02 -2.08377577e-02
  9.24685877e-03 -3.62445451e-02 -5.10696098e-02 -3.30519341e-02
  1.35014325e-01  1.24506868e-01  8.98111165e-02  1.57469839e-01
  1.25946894e-01 -1.35715529e-01 -8.27926118e-03  2.43073210e-01
 -7.75198787e-02  7.21168518e-02  5.65588176e-02 -2.06056908e-01
  6.46912679e-02  2.03845814e-01 -1.31667614e-01 -1.05672836e-01
  6.97155595e-02  3.04241255e-02  5.20320050e-02  7.74697866e-04
 -8.88691321e-02  5.13038337e-02  3.89094576e-02 -7.42011368e-02
 -6.66853338e-02 -4.79805693e-02 -2.23472163e-01 -9.49781612e-02
  1.25912219e-01 -3.00230563e-01  9.81251001e-02  2.82766465e-02
 -7.21614528e-03 -4.70213108e-02  1.80444300e-01  2.47810334e-02
 -1.17128707e-01 -2.22836822e-01  2.42679194e-02 -1.51942655e-01
 -2.65658833e-02 -1.79969534e-01  5.27829805e-04  1.55187920e-01
  5.26580811e-02  9.11358222e-02  4.32949178e-02  1.20128013e-01
 -1.05033465e-01 -4.70584165e-03  1.26796633e-01  6.29541278e-02
 -5.42123429e-02  9.11253691e-03  3.34964192e-04 -2.62572587e-01
  1.76506862e-01 -5.92506081e-02  3.02745048e-02  3.95521037e-02
  6.00666590e-02 -5.32993861e-02 -9.45255384e-02 -2.20767468e-01
  7.01470599e-02 -1.27108008e-01 -9.31811631e-02  9.68967453e-02
 -3.95597443e-02 -1.19520433e-01 -1.27475590e-01  2.67953854e-02
  1.23584121e-01  9.86190811e-02  3.59530479e-01 -1.09136157e-01
 -1.19588599e-01 -2.91363001e-02  3.04137737e-01  1.81182157e-02
  3.21168639e-02 -1.34546846e-01 -5.82112707e-02  4.16108556e-02
 -1.18076228e-01  1.32524567e-02  9.76826996e-02  1.06575564e-01
 -3.24210465e-01 -2.04725862e-01  1.01909719e-01  3.26322801e-02
 -7.18845949e-02 -1.41135022e-01 -4.05873209e-02  1.52884230e-01
  7.50130489e-02 -4.88652214e-02 -2.79615577e-02 -8.44172761e-02
 -2.11974289e-02 -5.05278930e-02 -3.14612806e-01 -1.08015701e-01
 -4.54670377e-02 -6.44355044e-02 -4.97019738e-02  2.10624207e-02
 -1.55971795e-01 -3.90982628e-02 -6.04813956e-02  5.13186082e-02
 -2.38700002e-01  7.75917321e-02  2.15953901e-01  1.26419291e-01
  1.58223167e-01 -1.41922906e-01 -5.40528819e-02 -9.05519426e-02
 -2.06238583e-01  6.93190843e-02  3.72113697e-02 -9.70019251e-02
 -4.79934104e-02 -9.41547081e-02 -6.49005100e-02 -2.17522588e-02
 -1.76414207e-01  1.76922753e-01  6.30931109e-02 -1.01120561e-01
 -3.63305621e-02 -1.22725829e-01 -1.25806304e-02 -7.14752451e-02
 -2.88227826e-01 -1.49760962e-01 -1.59651903e-03  1.69331625e-01
 -3.83144498e-01  9.55155715e-02  4.54283729e-02  1.80251002e-01
  2.76024997e-01  1.67680368e-01 -5.21010458e-02 -1.00406095e-01
 -4.00187336e-02 -7.17190802e-02  8.61588940e-02 -1.08778803e-02
 -1.86724961e-01  1.49637759e-01  1.31008938e-01 -5.04821613e-02
 -1.75039947e-01  2.37142425e-02  1.42387092e-01  8.17950219e-02
  3.28279436e-02 -3.89335044e-02  6.08668290e-02 -4.10033111e-03
 -1.53690368e-01 -5.82466274e-02 -3.12737823e-02 -5.07309847e-02
 -5.92317209e-02  2.20100805e-01 -1.75550714e-01 -2.74633951e-02
  3.95369902e-02  3.79186980e-02 -2.75050104e-02  2.75246333e-02
 -5.31482212e-02 -2.76955366e-01 -8.18599984e-02 -1.77256286e-01
  1.96195722e-01  1.23606309e-01  1.79427981e-01  1.57989990e-02
  3.52530144e-02 -2.93929931e-02  3.35305370e-02  6.28538895e-03
 -1.49191013e-02 -1.18414938e-01  1.49019495e-01  8.47743154e-02
  9.24850553e-02  3.35479915e-01 -1.36925047e-02  5.78503460e-02
 -6.59021065e-02  2.34715287e-02 -1.42264068e-01 -1.06976554e-01
 -2.81551573e-02 -6.83753425e-03 -2.15137508e-02  8.41374695e-02
 -2.45001707e-02 -1.83135167e-01 -1.04162835e-01  1.38297724e-02
 -8.78901258e-02  1.85741354e-02  5.81226498e-02 -1.86194535e-02
 -4.62367535e-02 -7.97715262e-02  1.29024759e-02 -2.14059632e-02
 -2.90370643e-01 -1.11073591e-01 -1.88674316e-01 -1.29534362e-03
 -7.59240240e-02  1.89283058e-01  4.83041592e-02  6.51838109e-02
  5.96212186e-02  2.08846461e-02  2.46743903e-01 -7.71747110e-03
 -6.03218190e-02 -3.15312855e-02 -1.42950052e-02  6.30065426e-02
 -1.95735723e-01 -1.91585064e-01 -4.58621755e-02 -7.58874044e-02
 -1.01523183e-01 -2.32487798e-01  1.85967982e-01  1.53143540e-01
  1.21945567e-01 -1.28013447e-01 -2.22450010e-02 -1.71464086e-01
 -6.81561455e-02  3.91193852e-02  1.36847392e-01 -1.15239419e-01
  1.00506201e-01 -7.48798847e-02 -3.15904133e-02  2.90108398e-02
  3.63525674e-02  9.52065438e-02 -1.36474863e-01 -1.50005534e-01
 -1.00904882e-01  4.53580357e-02 -1.75848752e-01 -7.10361972e-02
  7.41735799e-03 -1.43793061e-01  6.82776049e-03 -1.44412637e-01
  3.62734534e-02 -1.10399663e-01 -3.44188064e-02 -1.96802802e-03
  1.25360200e-02  8.72577429e-02 -1.38853252e-01 -1.33118227e-01
 -2.65584677e-01 -1.82631332e-02  5.49711585e-02  1.23997862e-02
 -3.63179892e-02 -4.13287878e-02  2.24165082e-01 -6.72453409e-03
 -1.16096295e-01  5.19508049e-02  1.90635994e-01 -1.79738790e-01
 -7.42932186e-02 -3.17126550e-02 -1.50220528e-01  3.81326824e-02
  3.08112279e-02  2.14148741e-02  3.20993401e-02 -8.43365267e-02
  3.17647532e-02 -1.37747988e-01  2.09454149e-01  1.28830150e-01
 -8.22154619e-03  1.22395352e-01 -2.24121541e-01 -1.88972559e-02
  1.43169850e-01 -1.68595202e-02  5.77508891e-03 -9.80064739e-03
  7.53464103e-02 -7.00990930e-02  3.52228470e-02 -2.21235350e-01
  1.35062471e-01  5.23557998e-02 -4.25939262e-03  4.72370163e-02
  1.98325496e-02  9.42166373e-02 -1.73683707e-02 -1.92519594e-02
 -5.68881556e-02 -4.45120595e-03 -2.16766237e-03  4.02891776e-03
  3.72196920e-02 -1.09485071e-02  6.09712899e-02  1.30478606e-01
 -1.56879529e-01 -1.39849251e-02 -1.63533166e-01  2.26180814e-02
  4.84178588e-02  3.48645449e-02  1.57733113e-01 -6.44190907e-02
 -5.11636920e-02  7.17462525e-02  1.34223718e-02  3.00258882e-02
  5.74081428e-02 -1.02989703e-01 -1.15564525e-01  8.55464190e-02
  6.95596263e-02  5.25607392e-02 -1.27750486e-02 -4.74658273e-02
 -2.34878033e-01  8.59373510e-02  2.28852313e-03  1.27665689e-02
 -1.03568010e-01 -1.16101243e-02 -3.33625451e-02 -4.85031866e-02
  5.83485663e-02  1.98247209e-01 -4.10384871e-02 -1.05485402e-01
  4.53800373e-02  4.76736426e-02 -1.02379203e-01  4.34142090e-02
 -2.96600573e-02  1.33427028e-02 -1.21508734e-02  4.16134261e-02
 -3.00906296e-03  1.09298974e-01  6.49099099e-03 -1.27463683e-01
 -6.87104389e-02 -2.68203504e-02  1.62036613e-01  7.84909166e-03
 -5.84229594e-03 -6.09917380e-02  3.08831092e-02  8.92854237e-04
 -8.69276822e-02 -1.41615160e-02 -6.92737699e-02 -9.70917381e-03
  8.59932676e-02  8.03034082e-02  1.40240937e-01 -1.15846939e-01
 -1.56111926e-01 -3.88310738e-02 -1.88794471e-02  9.48152989e-02
 -4.86218855e-02 -7.10882097e-02  2.26768106e-03  1.50702119e-01
  6.13754280e-02 -7.65476003e-02 -1.08632661e-01 -3.42868418e-02
  4.14936319e-02 -3.22455056e-02 -1.30646145e-02  4.94548306e-02
  1.71849176e-01  1.28127299e-02  8.60757679e-02  2.01314658e-01
  1.14540175e-01 -7.83504769e-02  2.35272408e-01  1.84405163e-01
  8.52618963e-02 -1.45733237e-01 -3.04328464e-02  1.30220324e-01
  1.79761797e-01  9.00008827e-02 -6.10126480e-02  2.15914622e-01
 -2.56947726e-01 -2.48472877e-02 -2.44514540e-01 -1.54679716e-01
 -8.59397128e-02  1.19666465e-01 -3.51924039e-02  2.12850526e-01
  2.06493303e-01 -2.10761819e-02  3.02202672e-01 -1.85170565e-02
  1.87530383e-01 -4.23843227e-03 -3.53230163e-02  9.59816761e-03
  1.80458963e-01  5.52164055e-02  4.16254736e-02 -5.70139140e-02
  1.19894305e-02  7.58937895e-02 -5.55686057e-02 -5.53185605e-02
  4.10499722e-02  3.22263613e-02  1.29814520e-01 -7.38109695e-04
  1.09946989e-01  4.88257632e-02  3.79847400e-02 -1.10959306e-01
  1.19559102e-01 -9.61330757e-02 -6.89159855e-02  1.22768022e-01
 -6.39830679e-02  8.37726668e-02 -8.54862928e-02  2.80963928e-01
 -8.07594061e-02 -1.58275217e-01  5.43448925e-02 -1.51595816e-01
  1.60485450e-02 -2.52560321e-02 -1.14139102e-01  5.57406284e-02
 -4.68086489e-02  1.62365258e-01  5.15255779e-02  2.34897844e-02
  2.90865800e-03  2.43772008e-02  9.59654525e-02  6.16582409e-02]