http://erau.edu/ontology/meme.owl#WeGetItYouSmokeWeedMeme
[-1.81363076e-01 -1.76504388e-01  2.17117127e-02 -3.78233343e-02
 -5.05449921e-02  9.15247574e-02  4.20469642e-02  1.13537021e-01
  9.97965857e-02 -2.61735115e-02  2.67226417e-02 -3.75293978e-02
  2.13348139e-02 -5.94377369e-02 -1.98205598e-02  6.10269122e-02
  1.66989595e-01 -4.55956087e-02  1.12649240e-01  8.52839053e-02
 -1.78360641e-01  1.15254642e-02  1.21297315e-01 -1.02535754e-01
  2.82595366e-01 -2.72876229e-02  8.15090723e-03 -7.87457749e-02
  1.47693813e-01  1.89225867e-01  2.46102549e-02 -2.14604121e-02
 -3.85199003e-02 -1.19201660e-01 -3.80454324e-02  4.97051850e-02
  1.80692002e-02  5.02951555e-02 -9.91898924e-02 -7.16534257e-02
  1.21814966e-01  2.44581014e-01 -5.07626496e-02 -1.88997444e-02
  1.10833257e-01  5.70205338e-02 -4.17570472e-02 -9.34660062e-02
  1.50803607e-02  1.72012672e-03  1.98394880e-02  6.47041425e-02
 -2.91396435e-02 -9.72405747e-02 -6.71949312e-02 -4.15835008e-02
  4.65701148e-02  4.87485640e-02  2.49340996e-01  9.15006548e-02
  6.90730438e-02 -2.62033157e-02  1.03345543e-01  1.40940532e-01
 -5.66805750e-02 -2.02332139e-02  1.20465137e-01 -1.92625448e-02
 -6.95886835e-02 -1.03466712e-01 -1.37336895e-01  6.35883287e-02
  1.32285282e-01  3.64232361e-02  2.99989171e-02  1.63373336e-01
 -6.48896545e-02  2.36081388e-02  3.90797406e-02  3.99755351e-02
 -9.75191370e-02 -1.22387744e-01 -6.15306124e-02 -7.94122890e-02
  4.35001887e-02 -1.56681508e-01 -7.35654682e-02  7.22034797e-02
  2.28382889e-02 -3.35013494e-02  8.41301531e-02 -1.54304028e-01
  1.50074765e-01 -6.85266927e-02 -8.38365629e-02  2.07208857e-01
 -2.68279184e-02  1.14139616e-02 -8.27989206e-02 -1.09957412e-01
  1.12124577e-01  1.73196699e-02  2.50395536e-01 -7.78855011e-02
 -3.56939435e-02  7.94997364e-02  7.63249621e-02 -3.18622738e-02
 -6.08860292e-02 -1.48345334e-02 -7.11419014e-03  2.76019853e-02
 -9.46031362e-02 -6.26798421e-02  1.55664806e-03  7.94463232e-02
 -2.64090240e-01 -2.41640553e-01  1.70164146e-02  8.18744302e-03
 -2.94757839e-02  2.21505873e-02 -6.60888478e-02  1.64534301e-01
  9.80557650e-02 -1.96434334e-01 -4.16962057e-03 -1.41525362e-02
 -3.67055312e-02  1.10760994e-01 -1.65926769e-01 -7.58812344e-03
 -3.69706824e-02 -1.20689964e-03 -1.23934589e-01  6.41166940e-02
  6.60203770e-03 -6.11104630e-02 -2.39167884e-01  4.68700528e-02
 -2.90945083e-01 -1.82647351e-02  2.78377514e-02  3.32841091e-02
  2.05763251e-01 -2.53683507e-01  5.52993976e-02 -1.40432045e-01
 -1.13752611e-01  2.00704224e-02 -7.35229254e-02 -1.00944690e-01
 -1.29048258e-01  4.44816835e-02  3.31096500e-02  1.45965800e-01
 -1.05739668e-01  1.16176784e-01  7.82645494e-02 -1.18375279e-01
  1.49276361e-01 -1.10470586e-01  5.74996956e-02 -5.33686019e-02
 -1.15657538e-01 -1.43645599e-01  3.20108677e-03  9.87071022e-02
 -2.25176722e-01  1.10359952e-01 -2.38102302e-02  1.87950298e-01
  1.25198305e-01  2.71959733e-02  2.70855147e-02  2.93337852e-02
 -1.08497716e-01 -4.40970100e-02  6.24619946e-02 -1.65965781e-02
 -8.76237154e-02  1.62142187e-01 -6.63922504e-02  5.33351563e-02
 -1.19156837e-01 -1.62319150e-02  8.75821486e-02  5.39308526e-02
  1.82453811e-01 -6.17199205e-02  1.23649612e-01  1.99136548e-02
 -2.05889255e-01 -1.05525263e-01  2.18281876e-02 -3.43844779e-02
 -1.31536918e-02  1.63637683e-01 -1.58739146e-02 -6.69647381e-02
 -8.05909857e-02 -2.63735689e-02  7.83352703e-02 -7.37994611e-02
 -6.58964813e-02 -3.23318332e-01  6.14732839e-02 -1.30083844e-01
  7.22195730e-02  8.26931521e-02  2.67088950e-01  6.76183477e-02
 -7.50694200e-02 -9.97906253e-02  1.27203554e-01  4.51149456e-02
 -1.51536524e-01 -1.74797311e-01  1.77849904e-01  1.18303210e-01
  1.56830847e-01  1.10801846e-01 -2.08780527e-01  3.49072693e-03
 -5.16182976e-03  2.07039863e-02 -2.68651009e-01  1.99388303e-02
 -1.89773589e-02 -1.52150569e-02  1.29564270e-01  5.16307838e-02
 -1.16381489e-01 -1.97031870e-01 -1.39677543e-02 -3.70452069e-02
 -1.63648576e-01 -6.44075423e-02  5.75750023e-02 -9.31734294e-02
  3.81220244e-02 -8.20843130e-02  3.79567333e-02 -2.02955920e-02
 -2.62205720e-01 -7.19766468e-02 -1.58020213e-01 -1.15022123e-01
 -6.53537661e-02  2.36830208e-02  1.06870197e-01 -1.81108993e-02
  1.29770070e-01  1.17977791e-01  1.26888409e-01 -5.35921194e-02
 -1.97685406e-01 -7.99333006e-02  9.50707793e-02  4.48635481e-02
 -6.80681914e-02 -1.33493513e-01  4.13901825e-03 -2.00409874e-01
 -1.02260873e-01 -2.57540286e-01 -1.12629697e-01  6.54695109e-02
  1.12287141e-01 -1.77755147e-01 -1.00264093e-02 -3.35625224e-02
 -6.98618069e-02  7.09432438e-02  1.24347406e-02 -1.61097236e-02
  2.54233871e-02 -1.06674068e-01 -3.43914926e-02  9.80146304e-02
  1.72894642e-01  6.25596941e-02  7.63510913e-03 -1.49109527e-01
 -2.33872294e-01 -2.30332129e-02 -5.48667014e-02 -2.95918863e-02
  1.06893048e-01 -3.81180830e-02  4.08430919e-02 -1.95062846e-01
  6.37482479e-02 -5.59913330e-02  1.14404894e-02 -1.56339929e-02
  4.87029701e-02 -5.01146838e-02 -1.36162251e-01 -1.22803815e-01
 -2.49161795e-01  8.22520554e-02 -5.30141927e-02  8.81162435e-02
  1.20445959e-01 -2.66117025e-02  1.13836154e-01  1.20839868e-02
 -6.06739968e-02  1.18930742e-01  2.03312099e-01 -2.91764915e-01
 -7.85030797e-02  1.34162396e-01  1.67774651e-02  9.98925343e-02
 -1.06908046e-01  4.61030565e-02  4.60876599e-02 -5.53160682e-02
  1.42643647e-02 -1.18554160e-01  2.12031022e-01  1.02587439e-01
 -6.23459965e-02  2.01224815e-02 -7.24347532e-02  5.84272593e-02
  1.39988111e-02 -7.62327760e-02  1.36807576e-01  5.84960766e-02
 -4.36780117e-02 -1.21521629e-01 -1.79564804e-01 -2.28873879e-01
  7.79900029e-02  8.31131414e-02 -8.66181478e-02  9.68702883e-02
  2.56086085e-02  1.08283415e-01 -3.64898965e-02  5.95280677e-02
 -1.23629719e-01 -4.83787954e-02 -2.79726796e-02  1.16967015e-01
 -7.97570273e-02 -9.87374559e-02 -6.37949631e-02  3.77321169e-02
 -2.16207318e-02  1.76305696e-01 -1.43210515e-01  1.00445174e-01
  7.30107799e-02 -1.57055765e-01  1.78152740e-01 -1.26060784e-01
 -1.24714486e-01  6.77527562e-02  4.85120080e-02 -1.74356457e-02
 -5.14172018e-02  9.99839976e-03 -2.29062185e-01  4.29705456e-02
 -9.76267755e-02 -4.59321309e-03 -5.21392934e-03  3.08566634e-02
 -3.46005082e-01  1.49408787e-01  5.05975187e-02 -1.36134982e-01
 -1.68150291e-01  4.96312380e-02 -9.51117203e-02  4.50103590e-03
  9.65996087e-02  1.26039311e-01 -3.52844000e-02 -1.13504529e-01
  6.84554875e-02 -1.61321566e-01 -1.25647709e-01  2.26382956e-01
 -1.04907773e-01 -2.03722000e-01  1.32199163e-02  1.14590876e-01
  2.08254997e-02  2.34588400e-01 -1.32672042e-01 -2.07300216e-01
  2.17133183e-02  9.57093984e-02  2.80603439e-01 -1.06914505e-01
 -7.94197544e-02 -1.54461488e-01  2.54660435e-02 -2.86988169e-01
 -1.80089787e-01  9.32920352e-02 -5.54132350e-02  3.19116801e-01
  1.57617286e-01  1.11289859e-01  1.02379657e-02 -1.23804837e-01
 -1.19835950e-01 -6.98232651e-02 -6.98970407e-02  3.19776349e-02
 -9.00330916e-02 -3.28101888e-02 -1.49635645e-02  1.10549457e-01
  8.62886161e-02  8.36270750e-02 -1.47946492e-01  5.15581593e-02
 -3.23738381e-02 -1.30214497e-01  4.48250026e-02  1.69358581e-01
 -1.82536189e-02 -3.62316445e-02  2.02972107e-02  2.58635521e-01
  7.01662749e-02 -1.74461678e-01  1.84809208e-01  1.26415014e-01
  3.83485248e-03  3.51184830e-02  5.96848801e-02  2.57868208e-02
  8.21434036e-02  3.50659341e-02 -6.63787797e-02  2.27257699e-01
 -1.41542688e-01 -1.95840206e-02 -2.56933808e-01 -1.91650927e-01
 -3.84130105e-02  5.89496531e-02  1.01200491e-01  1.65652558e-01
  2.94396151e-02 -8.01949650e-02  2.49416709e-01 -4.52207541e-03
  6.50440231e-02 -6.71762601e-02  8.74976963e-02  3.16275097e-02
  2.79305875e-01  4.99272607e-02  1.06201157e-01 -8.35007876e-02
 -1.25616238e-01  9.42849517e-02 -5.53306490e-02 -1.26184806e-01
 -4.58539762e-02  1.13428168e-01  2.03084081e-01  6.97479397e-02
  1.81238651e-01  1.22907482e-01  4.95985076e-02 -1.38034672e-01
  1.28469437e-01 -7.23267794e-02 -1.18100762e-01  5.79367317e-02
 -8.77761692e-02 -9.49174240e-02 -8.76689702e-02  3.01900923e-01
 -1.43889144e-01 -1.38161063e-01 -4.01956476e-02  1.13288360e-02
 -5.69602773e-02  3.62696834e-02 -9.55972746e-02 -6.02660216e-02
  9.15530995e-02 -1.58442315e-02  3.99321727e-02  1.02503851e-01
 -3.62986885e-02  1.47690363e-02  1.44605979e-01  2.04484575e-04]