http://erau.edu/ontology/meme.owl#SomeoneExplainThisPictureMeme
[-7.14699104e-02 -1.28029138e-01 -1.64526831e-02 -3.88647020e-02
 -7.31211826e-02  3.38221192e-02  6.54504225e-02  9.30398628e-02
  5.47127351e-02  4.27860804e-02  6.00678734e-02 -4.14233357e-02
 -6.15518428e-02 -8.79441053e-02 -8.15727562e-02  2.24661781e-03
  1.32537514e-01 -1.31602334e-02  7.95773193e-02  4.17323001e-02
 -1.40196085e-01  3.66581753e-02  9.95087475e-02 -1.30848870e-01
  2.23218769e-01 -7.74925575e-02  2.46922206e-02 -4.00465615e-02
  2.46916041e-01  2.02496439e-01  4.96104546e-02  3.95224430e-02
  2.97073238e-02 -2.81847883e-02 -2.78383456e-02  7.35870600e-02
  1.76534038e-02  1.17822252e-01 -8.45240206e-02 -6.55951649e-02
  4.48845373e-03  1.20068051e-01 -1.32548228e-01  8.64810720e-02
  8.31010863e-02 -3.20506096e-02 -3.10757458e-02 -4.24677394e-02
  1.13423821e-02  7.27590248e-02 -1.57216229e-02  4.05927226e-02
 -3.97268869e-02 -8.47686380e-02 -8.87913555e-02  7.81676453e-03
  3.08326334e-02 -1.54869603e-02  1.96406513e-01  5.95314018e-02
 -7.07175117e-03 -8.88670702e-03  2.96555459e-02  1.45696923e-01
 -1.41495124e-01  3.61245498e-02  1.19371183e-01  8.96047056e-02
 -6.95140064e-02 -9.86465625e-03 -1.36004403e-01  5.12912609e-02
  8.99657458e-02  1.88662205e-02 -4.90990095e-02  1.39409989e-01
 -1.03706531e-01  8.01361650e-02  2.88831759e-02  5.19328043e-02
 -1.03891440e-01 -1.28951177e-01 -6.55564517e-02 -1.13825522e-01
  5.38835041e-02 -1.44412294e-01 -1.02656268e-01  2.56860033e-02
  1.43361287e-02  1.15191545e-02  6.30674511e-02 -1.08963899e-01
  1.00476056e-01 -2.55825538e-02 -4.92693968e-02  1.20340616e-01
 -3.15354974e-03 -1.85604189e-02 -3.79359424e-02 -1.54479876e-01
  3.25617008e-02 -4.46153320e-02  1.77580535e-01 -1.19197033e-01
  1.76117662e-02  7.84538388e-02  4.83188853e-02 -1.04777813e-01
 -5.31962514e-02 -2.98261642e-02  1.65172648e-02  5.93696646e-02
 -7.36171678e-02 -1.23179950e-01  1.53398374e-03  3.35872127e-03
 -2.09765762e-01 -1.38730139e-01 -3.91134992e-02  1.43443253e-02
 -4.81645055e-02 -1.07946303e-02 -1.36300340e-01  6.18544780e-02
  9.62428451e-02 -1.48024797e-01  3.27337012e-02  2.08903737e-02
  5.37037440e-02  8.57688785e-02 -1.05712697e-01 -7.61839328e-03
  4.29251269e-02 -4.24499847e-02 -1.42589867e-01  9.35637951e-02
  3.43908444e-02 -1.66210830e-02 -2.58982301e-01  4.53269370e-02
 -2.20699340e-01  6.57218471e-02 -7.06338091e-03 -4.71023191e-03
  1.24405958e-01 -2.28324443e-01  9.61246863e-02 -1.18293449e-01
  5.55603802e-02  1.26004487e-01 -4.82209288e-02 -8.12052041e-02
 -9.94899869e-03  1.04442142e-01  5.83982840e-02  1.06135570e-01
 -1.08595565e-01  1.11017540e-01  2.63551548e-02 -1.35455951e-01
  5.51636294e-02 -1.67098623e-02  9.55322087e-02 -1.61608048e-02
 -9.45090130e-02 -7.01765716e-02  1.95405651e-02  9.94518399e-02
 -2.14683831e-01  1.60370201e-01  4.69900407e-02  1.99739397e-01
  7.07848668e-02  1.39672503e-01 -4.13001999e-02 -2.48773638e-02
 -5.85256219e-02 -6.05361350e-02  5.51417544e-02  3.46487574e-02
 -2.38622129e-02  1.13756195e-01 -3.70095335e-02  4.49687578e-02
 -7.33266547e-02  3.62664857e-03  1.85081530e-02 -1.26240111e-03
  1.54171929e-01 -3.01276129e-02  4.61123027e-02  2.16388144e-02
 -1.59735873e-01 -7.87048042e-02 -7.48363230e-03 -9.45480354e-03
  4.99353521e-02  4.10080850e-02  7.32450709e-02 -8.12102184e-02
 -1.21847868e-01  6.15378702e-03  7.11914077e-02 -5.55035286e-02
 -5.35044931e-02 -1.95024893e-01  1.98567249e-02 -2.92845424e-02
 -8.30376148e-03  6.49888217e-02  1.74425453e-01  8.52519423e-02
  3.72702139e-03 -7.80293569e-02 -2.18834355e-02  2.97502726e-02
 -1.83587134e-01 -9.05859247e-02  1.68320060e-01  7.32145682e-02
  8.42533484e-02  4.21788124e-03 -1.64210483e-01  3.66898663e-02
  2.25272514e-02  2.72146123e-03 -1.29721969e-01  4.73181792e-02
 -1.28235206e-01  4.54221144e-02  1.48285493e-01  7.32466578e-02
 -6.71118945e-02 -1.53967991e-01 -1.63322333e-02  2.64736600e-02
 -1.08999178e-01 -1.45066768e-01  4.35835272e-02 -4.06524986e-02
  1.64915808e-02 -3.21922712e-02  1.86623149e-02 -6.65117204e-02
 -2.75547206e-01 -7.31942281e-02 -1.95652917e-01 -1.14781745e-02
 -9.00013652e-03 -5.75238802e-02  8.89045298e-02  2.52421238e-02
  1.37511730e-01  1.07425384e-01  1.25990629e-01 -2.84023006e-02
 -1.52435705e-01 -7.64040053e-02  8.09466988e-02 -5.88291511e-02
 -6.92115873e-02 -4.29954790e-02 -2.74479244e-04 -1.73605978e-01
 -1.05292059e-01 -1.80491045e-01 -2.11041167e-01 -2.37421109e-03
  2.48285234e-02 -7.12773353e-02 -8.37608054e-02 -2.32976172e-02
 -7.70561323e-02  1.50139198e-01  1.88263338e-02 -7.71900173e-03
  3.22128162e-02 -8.54604393e-02 -4.05526571e-02  4.91314605e-02
  1.75503060e-01  9.19682682e-02 -3.62139493e-02 -9.83972326e-02
 -2.51067132e-01  3.96731161e-02 -1.64062679e-02  2.23353636e-02
  9.98600200e-03 -4.96561378e-02  1.08568914e-01 -1.74955502e-01
 -1.30757801e-02 -2.02898774e-02  3.26674461e-04 -4.95379269e-02
  9.06824395e-02 -8.40968117e-02 -1.95833400e-01 -1.08989827e-01
 -2.47866333e-01  5.39270453e-02 -1.49513921e-02  1.36660308e-01
  2.09473893e-02 -7.70862326e-02  9.02376771e-02 -4.12723199e-02
 -1.02609158e-01  7.87531510e-02  3.26855302e-01 -1.84417531e-01
 -2.63305008e-02  8.98633897e-02  3.36182863e-02  6.62877858e-02
 -3.92754003e-02  1.78760458e-02  8.66034180e-02  1.09238492e-03
  8.75308886e-02 -1.75217181e-01  1.87804475e-01  1.32567212e-01
 -2.64418032e-02 -2.83982512e-02 -7.96446353e-02  1.59104243e-02
  2.65634023e-02  6.59701973e-02  5.49950413e-02  3.46496701e-02
 -6.74075186e-02 -4.96332943e-02 -8.73549134e-02 -2.29825363e-01
  9.06859934e-02  1.18261583e-01 -7.69745708e-02  4.22205962e-02
  3.76193747e-02  8.98841619e-02 -8.82377699e-02  6.29877020e-03
 -1.58833981e-01 -1.34663442e-02 -2.32097767e-02  1.27101839e-01
 -4.38143425e-02 -1.51511773e-01 -8.14576149e-02 -7.00291172e-02
 -4.53314297e-02  2.07590133e-01 -1.38216540e-01  1.43679470e-01
  5.17274886e-02 -7.02160895e-02  2.43134812e-01 -1.05092622e-01
 -8.19085166e-02  1.13533661e-01 -4.79034781e-02 -5.72049543e-02
 -7.56517202e-02  1.14967011e-01 -1.53665900e-01  8.22800584e-03
 -1.22267351e-01 -7.17125088e-02  5.51481433e-02 -5.80371618e-02
 -2.75663525e-01  1.68378323e-01  7.01890290e-02 -8.97109285e-02
 -1.83103234e-01  9.36723351e-02 -1.18739255e-01  2.59508584e-02
  5.57918437e-02  1.69258773e-01 -1.42125726e-01 -8.43692720e-02
  8.74037743e-02 -2.08867326e-01 -1.25709876e-01  1.53851628e-01
 -1.00229859e-01 -2.14544699e-01 -1.19853374e-02  2.28196550e-02
 -2.95345038e-02  3.17439049e-01 -1.72650203e-01 -2.71008998e-01
  1.67257503e-01  7.60379955e-02  2.88304746e-01 -5.30260727e-02
  3.48605812e-02 -1.09364197e-01 -3.11874449e-02 -3.96476954e-01
 -1.07531980e-01  2.84494422e-02  2.48832013e-02  4.06428874e-01
  1.65104926e-01  6.18500970e-02  7.90717453e-02 -1.55573979e-01
 -1.78966641e-01 -4.54555936e-02 -7.69063532e-02  5.76451048e-02
 -1.08623162e-01 -9.89999399e-02  1.31576387e-02  7.52495676e-02
  1.46201983e-01  9.17213708e-02 -2.38282278e-01  3.43743861e-02
 -2.21172031e-02 -1.77422225e-01 -1.06885564e-02  1.72385767e-01
  5.48451878e-02 -3.51333544e-02 -1.98456030e-02  2.61929631e-01
  4.50876802e-02 -1.39612332e-01  1.65635496e-01  1.75422952e-01
  8.34776908e-02  1.39561761e-02  1.02856345e-01  4.12535183e-02
  9.33037996e-02  7.73384934e-03 -4.89494391e-02  3.35559607e-01
 -1.52661368e-01 -3.74144278e-02 -2.00126171e-01 -1.47987515e-01
  5.94836799e-03  4.42294925e-02  5.32702096e-02  1.05359718e-01
  4.30295132e-02  1.51518080e-03  2.01158240e-01  2.88960245e-03
  5.45030162e-02  4.15774547e-02  1.28535375e-01 -7.36880451e-02
  1.70292065e-01  9.39167291e-02  1.03244469e-01  5.25734797e-02
 -1.22463875e-01  1.06136069e-01 -2.51312051e-02 -8.78337175e-02
 -8.86916891e-02  1.19414032e-01  1.31301478e-01  1.31119194e-03
  2.02268913e-01  1.20554589e-01  5.73437400e-02 -1.34105027e-01
  8.83521065e-02 -1.18479021e-01 -4.89882901e-02  1.57637484e-02
 -6.10972531e-02 -3.85580845e-02 -6.03605993e-02  2.07587197e-01
 -7.46547058e-02 -1.63903341e-01 -8.19686055e-02  1.86243579e-02
  1.11302704e-01  1.16557248e-01 -7.02770576e-02 -4.79621962e-02
  7.30374381e-02 -5.30619062e-02  3.75942178e-02  3.63740064e-02
  5.38283447e-03 -1.43508270e-01  3.38813625e-02  7.76686296e-02]