http://erau.edu/ontology/meme.owl#TomodachiLifeMeme
[-1.48663938e-01 -1.80631652e-01  4.51780148e-02 -5.55733219e-02
  1.24676675e-02  8.03690031e-02  1.04642168e-01 -5.96036129e-02
 -9.35185552e-02 -1.19557291e-01  3.18129845e-02 -5.75371943e-02
  1.39388308e-01 -6.21164441e-02 -5.51456921e-02 -4.41260450e-02
  4.89772484e-02  6.62163123e-02  1.21366575e-01  1.15013026e-01
 -1.93268940e-01  6.53027669e-02  1.64010510e-01 -7.99143761e-02
  5.07319570e-02  6.20559510e-03 -6.03103414e-02 -8.20104033e-02
  3.73108000e-01  1.10027209e-01  9.42159370e-02  1.82768956e-01
 -1.00649759e-01 -1.71808138e-01 -5.07846922e-02  1.75372481e-01
  6.28548414e-02  9.31117162e-02 -1.03929117e-01 -9.75119248e-02
  1.83952581e-02  1.16146140e-01 -8.67237076e-02 -2.67192926e-02
  1.73704728e-01 -6.80158362e-02  1.32676810e-01  6.81906268e-02
  1.67213324e-02  8.25412273e-02  6.69270605e-02  1.41696092e-02
 -8.00369978e-02 -1.07410930e-01 -7.38479495e-02 -2.23498754e-02
  1.83802694e-01 -5.45061603e-02  1.90926224e-01  7.48194307e-02
 -4.31981869e-02 -4.03538495e-02  1.38520956e-01  1.13467693e-01
 -1.04417212e-01  4.43488397e-02  1.41843706e-01 -7.04560354e-02
 -1.09896868e-01 -8.04235712e-02 -7.12219998e-02  1.69723362e-01
  4.70005497e-02 -1.00833863e-01 -4.48325761e-02  5.19662797e-02
  1.21282049e-01  1.05492219e-01  1.58857420e-01  1.16953515e-01
 -1.09717518e-01 -8.16205665e-02 -5.40493429e-02 -2.25579605e-01
  4.82936166e-02 -4.98727970e-02 -1.14136651e-01  1.45141408e-01
  1.53985500e-01 -1.58519372e-02 -2.38015428e-02 -1.28936410e-01
  7.31883124e-02 -1.25882685e-01 -8.52973610e-02  8.10079500e-02
 -1.11166850e-01 -6.97620586e-02 -7.22164661e-02  6.34993473e-03
  9.26263407e-02  1.44072846e-02  2.39957973e-01 -8.82117450e-02
 -1.00542545e-01  6.18615448e-02  8.26819241e-02  4.13960814e-02
  6.40884787e-02 -8.83561522e-02 -4.85679582e-02 -2.64862459e-02
 -1.41334444e-01 -3.00103407e-02  2.01640934e-01  1.35695547e-01
 -1.73626512e-01 -1.50969192e-01  1.05914511e-01  1.19232632e-01
  1.80913687e-01 -1.13811538e-01 -1.66638345e-01 -1.65569398e-03
 -9.08857957e-02 -5.60503714e-02  7.92057589e-02  5.88541366e-02
 -6.10024575e-03  4.44054231e-02 -1.56163752e-01 -9.94898602e-02
 -7.63894022e-02 -8.65362734e-02 -1.16817594e-01  1.55862406e-01
 -1.19130351e-01 -6.66714385e-02 -3.36791575e-02  1.95660233e-01
 -2.10947424e-01 -6.74728304e-02  4.35244143e-02 -2.81608254e-02
  7.79809877e-02 -1.68043509e-01  1.39710620e-01 -9.73958001e-02
 -1.56381726e-02  2.59675346e-02 -5.12362458e-02 -1.94252446e-01
  2.37991177e-02  2.20235270e-02 -5.22719808e-02  7.81101957e-02
 -1.11420259e-01  1.64426520e-01  7.07448497e-02 -6.53386936e-02
  1.50080517e-01 -5.19927256e-02  7.95882419e-02  1.24660181e-02
 -3.16919178e-01 -1.44798666e-01  3.09716351e-02  1.78555846e-01
 -1.87210217e-01  1.51571542e-01 -7.97905028e-02  1.08964339e-01
  2.63428956e-01  6.46952242e-02 -6.59202039e-02  6.28706366e-02
 -7.60691464e-02 -1.06971681e-01 -5.17498255e-02  1.52128097e-02
 -4.02164571e-02 -8.12094957e-02 -1.60302985e-02  2.89044548e-02
 -1.26056105e-01 -1.45599460e-02 -6.74865544e-02  3.34950164e-02
  1.87880993e-01 -1.54478878e-01 -6.64901808e-02 -3.76668386e-02
 -2.03094199e-01 -5.95542043e-02 -3.56872045e-02 -4.50178385e-02
  7.96655566e-02  2.07292050e-01 -1.12775825e-01 -6.63082749e-02
  3.56158800e-02 -4.82751653e-02  9.10773799e-02  1.04218654e-01
 -6.13689683e-02 -3.16549093e-01  4.74466123e-02 -8.90452340e-02
  1.99878395e-01  9.14938152e-02  2.16583535e-01  1.00672729e-01
  4.92388047e-02 -6.93873391e-02  6.54050931e-02  1.05803676e-01
 -8.48988816e-02 -4.95545715e-02  7.57749826e-02  1.79595709e-01
  1.41515866e-01  1.25391349e-01 -5.10913357e-02  1.23501252e-02
  7.20249265e-02  4.06214595e-02 -8.53690878e-02 -5.85802943e-02
 -5.21045253e-02  4.23010672e-03 -7.99651071e-02  2.37615332e-02
 -1.55169010e-01 -1.77484993e-02  1.96613502e-02  9.49376449e-02
 -6.31243587e-02 -1.83115900e-01  1.79132119e-01 -8.42760280e-02
 -8.01151320e-02  3.67748924e-02 -6.51803194e-03 -8.12532529e-02
 -2.04594761e-01  3.39119397e-02 -7.41128176e-02  1.36350477e-02
  2.23469473e-02 -9.92775857e-02  9.22596678e-02  1.96285509e-02
  1.68333635e-01  4.56204778e-03  9.93080661e-02  1.15113137e-02
 -1.76879853e-01 -2.29498520e-02  7.51655847e-02 -8.59953463e-02
 -8.28279853e-02 -2.16624275e-01 -2.18806285e-02 -1.56712025e-01
  7.87425693e-03 -2.60343224e-01  1.35560438e-01  5.56494072e-02
  1.04324259e-01 -1.47265971e-01 -2.25664414e-02 -5.73869273e-02
 -4.12054285e-02  7.66688436e-02  1.40146911e-01 -6.14582747e-02
  1.58303276e-01  6.84475303e-02 -1.65472627e-01 -7.43955746e-02
  1.37475431e-01  8.03834721e-02 -1.39484992e-02 -5.24664111e-02
 -1.28856152e-01 -7.40988404e-02 -1.52678147e-01  1.17655970e-01
  2.09042057e-02 -2.69976109e-01  6.33650199e-02 -1.83694750e-01
 -1.62651893e-02 -4.98048700e-02  5.91423772e-02 -2.42288839e-02
  9.98323709e-02  6.82356134e-02 -1.61923945e-01 -1.12165406e-01
 -2.25792885e-01  3.03262975e-02  8.46671611e-02  1.22195221e-01
  5.13084838e-03  2.79076360e-02  3.18031609e-01 -1.51089369e-03
 -2.44445205e-02 -6.97354898e-02  2.41052732e-01 -2.65596598e-01
 -4.22567353e-02 -6.66436600e-03 -1.50215074e-01 -5.71692027e-02
 -1.93294026e-02  3.92637625e-02  7.91486855e-06 -2.24634111e-02
  1.37016609e-01 -1.40090555e-01  4.53271642e-02  2.47129008e-01
  1.16595395e-01 -5.12199178e-02 -1.87902167e-01  4.43199687e-02
  7.22188652e-02 -9.17352289e-02 -6.04763180e-02 -1.55279800e-01
  6.74252361e-02 -7.63004422e-02  6.59618899e-02 -2.38027558e-01
  5.55424094e-02  1.23384036e-01  4.10832241e-02  5.64718582e-02
  4.04429808e-02  8.59562308e-02 -5.67307994e-02 -7.63913766e-02
 -1.17032357e-01  1.32449374e-01 -4.86959517e-02 -1.29645765e-02
 -4.14382108e-02 -6.87163249e-02 -6.83472157e-02  4.65205535e-02
 -2.53083091e-02  1.46422938e-01 -1.20215930e-01  9.92841795e-02
  1.05112724e-01 -5.29087782e-02  1.55072719e-01  3.62967476e-02
 -1.07767425e-01  1.32647455e-01  2.69816201e-02 -1.12398334e-01
  1.41311452e-01 -1.88476145e-02 -5.60238026e-02 -5.18843671e-03
 -7.39395246e-03 -9.22743813e-04 -3.38871405e-02 -3.43267843e-02
 -1.37821719e-01  7.72074685e-02  1.25439510e-01  7.21177906e-02
  2.61069611e-02 -7.38822576e-03 -6.03464805e-02 -2.11154819e-02
  7.69926608e-02  2.28657544e-01  3.19695361e-02 -7.27246553e-02
  1.06983267e-01 -1.92289546e-01 -4.82362621e-02  2.15801731e-01
 -3.23263146e-02 -9.49773937e-02  1.06286302e-01  7.22780600e-02
 -2.06391290e-02  3.75842035e-01  1.46000488e-02 -1.75785646e-01
  1.05366260e-01  5.01410626e-02  3.00652742e-01 -1.43371299e-01
 -7.56328627e-02 -2.52392739e-01  7.45890588e-02 -2.52229810e-01
 -1.33623570e-01 -9.61940587e-02 -2.53926450e-03  4.21999961e-01
  9.67026502e-02  1.69050153e-02  1.39205307e-01 -9.07558352e-02
 -8.11858550e-02 -6.40357956e-02 -1.54506654e-01  1.86734855e-01
 -3.96540426e-02  1.59092657e-02 -5.90598397e-02  3.83834802e-02
  1.55573949e-01  3.25297825e-02 -1.81775406e-01 -6.87322244e-02
  1.23028636e-01 -4.44997363e-02 -1.31174535e-01  4.32730354e-02
  3.01189814e-02 -1.14422768e-01 -3.52061465e-02  1.37552202e-01
  3.54387872e-02  4.43771631e-02  1.56758666e-01  3.40845197e-01
  1.17967688e-01 -1.92797095e-01 -9.92085859e-02  8.28829408e-02
  1.14081912e-01 -1.43147772e-02 -1.38521925e-01  1.28119379e-01
 -1.76950157e-01 -1.80622905e-01 -2.30053991e-01 -9.47440192e-02
 -4.93389778e-02 -4.94593242e-03  1.36036754e-01  1.77488014e-01
  1.40661046e-01 -1.13021150e-01  8.15128833e-02  8.50461721e-02
  7.90396705e-02 -7.94277489e-02 -5.51743945e-03 -4.98301648e-02
  2.08551243e-01  2.89719496e-02  2.56044753e-02 -1.76062491e-02
  8.99093896e-02  4.83831093e-02  5.79847582e-03 -2.04534903e-01
 -1.26551554e-01 -6.81337044e-02  7.27451295e-02 -2.84981020e-02
  2.91459560e-02  1.60823047e-01  7.64804631e-02 -1.73650816e-01
  4.33652401e-02 -1.06899180e-01 -3.06703877e-02  8.59678760e-02
 -1.19479336e-01  3.42613347e-02  3.75344744e-03  1.15581110e-01
 -3.44606377e-02 -2.24148929e-02 -2.82819588e-02  1.16770364e-01
  8.43741298e-02  1.11908177e-02  1.17910385e-01  3.19660082e-02
  3.03265043e-02  6.47830665e-02  2.24098489e-02  7.53728151e-02
  9.97929797e-02 -6.03750870e-02  5.69831021e-02 -8.07829574e-02]