http://erau.edu/ontology/meme.owl#PerfectfortheSwitchMeme
[-1.73796892e-01 -1.95699036e-01 -6.00579828e-02  3.43610831e-02
 -3.74424048e-02  1.22636251e-01  1.16943941e-01  3.82386185e-02
 -8.50989521e-02 -7.40915686e-02  1.87037308e-02 -1.05866753e-01
  1.03439920e-01 -1.58086166e-01  1.41508458e-02 -3.03338785e-02
  4.44259215e-03  1.13069959e-01  5.13209254e-02  5.33349775e-02
 -2.39455208e-01  1.06054388e-01  8.26504007e-02 -7.78394267e-02
  7.58804753e-02  7.12934136e-02 -4.37264070e-02 -8.16141292e-02
  2.38284782e-01  5.64858466e-02  1.94715112e-02  1.38893411e-01
  3.23544592e-02 -2.04860121e-01 -9.75137427e-02  1.56791851e-01
  9.61055011e-02  9.93853956e-02 -1.10698037e-01 -2.16930538e-01
  1.00827940e-01  1.06370613e-01 -6.51511028e-02 -2.99216937e-02
  1.09818287e-01 -1.22481458e-01  3.57220159e-03 -8.14743713e-03
 -7.08024725e-02  2.07540601e-01  3.12683918e-03  1.49296336e-02
 -6.60556033e-02 -5.94011024e-02 -1.14800617e-01 -5.59173748e-02
  2.07943961e-01 -1.48093253e-01  7.90900663e-02 -3.41253318e-02
 -5.55486418e-02 -7.46232942e-02  3.46021838e-02 -4.36532917e-03
 -1.11168399e-01 -7.33550563e-02  7.18756393e-02 -1.67572260e-01
 -9.64851379e-02 -1.68090120e-01 -2.33784616e-02  4.09782007e-02
  1.20481523e-02 -9.22231842e-03  3.10687553e-02 -5.05511835e-03
 -1.95615720e-02  6.89899176e-02  1.67201266e-01  8.89324173e-02
 -1.27049401e-01 -1.15158707e-01  4.56744106e-03 -1.54716581e-01
  1.09885819e-01 -1.05888866e-01 -1.48290560e-01  9.45879892e-02
  3.63720618e-02 -7.59144649e-02 -2.40928549e-02 -1.87545896e-01
  6.03199052e-03 -1.44099429e-01  5.05576022e-02  3.77044082e-02
 -8.50936212e-03 -8.54667351e-02  3.09236050e-02 -1.03837028e-01
  3.86195406e-02  2.01198325e-01  1.84287354e-01 -6.23569787e-02
  1.71505399e-02 -5.82535341e-02  1.69952959e-01 -1.53486989e-02
  4.46039885e-02 -4.00099084e-02  6.01240546e-02  5.95868863e-02
 -1.51080295e-01  1.17014823e-02  5.01322150e-02  1.06881700e-01
 -1.95071384e-01 -2.06613496e-01  1.05492480e-01 -1.52286999e-02
  5.60417920e-02 -1.09624572e-01 -7.57539496e-02  1.38689438e-02
  5.75929359e-02 -1.10333823e-01  1.48483306e-01 -7.33041912e-02
  1.13295428e-02  4.48741317e-02 -2.26684123e-01 -8.34311694e-02
 -4.77854311e-02 -1.20749623e-01 -3.68050225e-02  1.49165884e-01
 -1.24910735e-01 -8.30435380e-02 -9.39809978e-02  8.99009109e-02
 -1.32008240e-01  8.88941251e-03 -3.84359062e-03  4.80579707e-04
  7.02468529e-02 -1.78444475e-01  4.33808789e-02 -1.15950093e-01
 -7.20200390e-02  1.05418220e-01 -2.70599816e-02 -1.22622386e-01
  2.53570639e-02  7.62963444e-02 -7.90108591e-02  8.12330917e-02
 -5.72920591e-02  2.17589453e-01  8.69097114e-02 -2.31914110e-02
  1.15220882e-01 -1.01869032e-01  1.05718136e-01 -7.11169988e-02
 -1.96645752e-01 -5.80854900e-02  2.84164585e-03 -5.81202004e-03
 -2.50947177e-01  7.54367709e-02 -4.12177853e-02  1.30424783e-01
  2.43058503e-01  1.53947920e-01  1.79710351e-02 -6.71790466e-02
 -1.02999359e-01 -5.11699356e-02  1.60124928e-01 -8.02487284e-02
 -7.84361139e-02  3.47033814e-02  8.79628882e-02  6.97726905e-02
 -2.80427128e-01  9.30285547e-03 -8.93399026e-03  4.07843068e-02
  1.84513167e-01 -1.18404090e-01  7.70411938e-02  5.02588339e-02
 -2.20752373e-01 -4.04293500e-02 -4.74867225e-02  5.38767949e-02
  1.26375221e-02  1.22823894e-01 -1.23760626e-01 -7.34196007e-02
  8.37006643e-02  6.43467009e-02  5.20969406e-02  4.40854654e-02
 -1.48338690e-01 -1.62806451e-01  1.33734439e-02 -7.78289437e-02
  8.37940052e-02  1.13539547e-01  2.59067982e-01  1.63949743e-01
  7.62867481e-02 -1.36407865e-02  1.15516670e-01 -1.36418007e-02
 -5.38807325e-02 -2.73681320e-02 -2.98871230e-02  6.54645041e-02
  1.88265130e-01  1.15201935e-01 -5.03837168e-02  7.88566768e-02
  1.06114656e-01  7.36060366e-02 -6.31989390e-02 -6.98191375e-02
 -1.06228232e-01  5.64311072e-03  3.85741307e-03  2.55763847e-02
 -1.61146343e-01 -1.24566197e-01  3.07650138e-02  1.63461328e-01
 -2.85761827e-03 -5.30160815e-02  2.00521976e-01 -5.71217649e-02
 -4.80723791e-02 -3.67126167e-02 -1.58451162e-02 -1.55118093e-01
 -2.85579562e-01  2.04034522e-02 -9.91298780e-02  8.55178013e-02
  4.29930612e-02 -1.07418202e-01  4.81877103e-02 -2.53475527e-03
  7.79010430e-02  8.02866742e-03  1.62553430e-01  1.06242321e-01
 -8.22368078e-03  2.53948886e-02  5.36057465e-02  1.03233002e-01
  1.88508052e-02 -1.28375143e-01  1.77701637e-02 -1.31942928e-02
 -1.97381619e-02 -1.67146638e-01 -2.24152841e-02  1.66857131e-02
  7.14348629e-02 -7.56906420e-02 -9.49593261e-02 -1.32995456e-01
 -9.44552347e-02  6.02479354e-02  1.48258522e-01 -3.39569971e-02
  9.67616513e-02  9.29497778e-02 -8.32598805e-02 -1.00612298e-01
  9.45296139e-02  1.09525705e-02 -1.58191174e-02 -3.32331620e-02
 -1.06100507e-01 -7.07603171e-02 -8.85191634e-02 -1.29765533e-02
  1.57094076e-02 -1.77580044e-01 -4.50267158e-02 -7.06612021e-02
 -9.64409783e-02  1.67494896e-03  3.74095850e-02 -6.97714016e-02
  6.50826618e-02  4.00027400e-03 -1.11574225e-01 -2.95079201e-02
 -2.85969228e-01 -1.15439547e-02  6.91501424e-02  1.47922844e-01
 -5.56003153e-02  9.87234265e-02  1.72246993e-01 -6.43509850e-02
  1.72945802e-04  4.77011735e-03  1.37896895e-01 -1.08147949e-01
  5.48988804e-02  2.92637851e-02 -8.35056901e-02  1.29133416e-02
 -2.76924316e-02 -1.07616745e-02  6.52073398e-02 -1.31413281e-01
  1.55781999e-01 -1.39827922e-01  1.51977360e-01  8.91100094e-02
 -2.34712418e-02  3.27856541e-02 -1.88810110e-01  4.14203331e-02
 -2.83079874e-02 -1.84355285e-02 -4.86209989e-02 -3.29637080e-02
  1.02242008e-01 -9.21304151e-02  1.87871102e-02 -1.95090443e-01
  9.85452458e-02  3.70176099e-02  3.34755108e-02  1.07688680e-01
  1.78025221e-03  7.44419694e-02 -1.09643295e-01 -1.03749827e-01
 -2.37344969e-02  6.42206818e-02 -1.47173613e-01 -9.39000957e-03
 -4.70896997e-02 -1.33586690e-01 -8.21437934e-05 -4.50817542e-03
 -1.83931574e-01  1.84662879e-01 -1.17132969e-01  1.09758630e-01
  9.60475802e-02 -3.58040072e-02  2.24405348e-01  2.76959334e-02
 -7.78697133e-02  1.42408833e-01 -2.78365463e-02 -1.36504754e-01
  6.87573701e-02 -1.30491257e-01 -1.16438322e-01 -7.79581517e-02
  2.40915315e-03  1.27535062e-02 -5.07917963e-02 -7.19895139e-02
 -1.06490828e-01  9.12459865e-02  6.68339804e-02  6.09584302e-02
 -2.59324759e-02  3.86198200e-02 -1.81394871e-02 -1.35497257e-01
  7.32717365e-02  1.74267754e-01 -1.22708999e-01 -1.39835089e-01
  1.22948945e-01 -3.81491669e-02 -1.33548215e-01  1.66502878e-01
 -8.95737410e-02 -1.13240018e-01 -1.26380742e-01  5.62176555e-02
 -3.33767347e-02  3.40560108e-01 -1.55682057e-01 -2.26760790e-01
  4.48345095e-02 -2.06402820e-02  5.36379158e-01 -1.08524427e-01
 -1.53175602e-02 -1.27273440e-01  8.68062750e-02 -3.42337012e-01
 -2.83403546e-01 -5.16237170e-02  2.89892014e-02  3.51510793e-01
  9.91268530e-02  2.42365617e-02  1.40143454e-01 -1.76482975e-01
 -1.11087270e-01 -7.77942389e-02  1.60447061e-02  4.26753126e-02
 -9.49104652e-02  1.34938781e-03 -1.01182446e-01  4.82071266e-02
  8.85767490e-02 -8.80092196e-03 -1.73088476e-01 -1.87262055e-02
  7.75078759e-02 -1.35565042e-01 -7.25648552e-02  2.64330775e-01
  2.01140285e-01 -1.58032756e-02 -3.31104100e-02  2.55590528e-01
 -1.12377824e-02 -5.16310856e-02  1.46854877e-01  2.53513694e-01
  1.40058294e-01 -9.69535261e-02 -9.45319608e-02  1.08293869e-01
  1.84793323e-01 -6.92357346e-02 -1.34150341e-01  2.49980390e-01
 -2.33180135e-01  1.47004670e-03 -2.60399699e-01 -9.14946198e-02
 -4.41767685e-02  1.07244782e-01  1.39845237e-01  1.01546086e-01
  4.36290652e-02 -4.87035066e-02  1.40665919e-01  2.90051308e-02
  1.34935841e-01  3.35299894e-02  1.22817822e-01 -1.11213133e-01
  1.24073803e-01  1.29137561e-01  1.99787207e-02 -4.42382554e-03
  7.53061324e-02  5.25525920e-02 -5.55382296e-02 -1.25508323e-01
  2.38524918e-02  9.56362709e-02  4.32329550e-02  1.27074784e-02
  7.70038590e-02  2.06047371e-01  4.28333767e-02 -1.75220460e-01
  1.04366042e-01 -1.39190316e-01 -4.73974943e-02  1.35751769e-01
 -1.45900100e-01  2.53516380e-02 -6.69825375e-02  2.97624320e-01
 -3.16566192e-02 -2.26878896e-01 -1.54166250e-02 -2.03262214e-02
  1.12228751e-01  6.20690323e-02 -1.06499717e-01  2.69037690e-02
 -5.63165471e-02  1.12036914e-02  1.67914182e-01 -3.41456719e-02
  1.66660808e-02 -1.32254645e-01  1.78737324e-02  1.03980452e-01]