http://erau.edu/ontology/meme.owl#YeahbutSolidSnakeMeme
[-5.81810065e-02 -1.99927360e-01 -2.39930525e-02  3.69136818e-02
 -5.64546995e-02  7.97666833e-02  1.93744972e-01  1.65067822e-01
  3.74561734e-02 -4.66287546e-02  5.96721247e-02 -1.91733185e-02
 -9.73937958e-02 -2.37623919e-02 -7.39874691e-02 -8.92453268e-02
  1.64119884e-01  8.70193690e-02  4.90030684e-02  1.33028015e-01
 -2.93844044e-01  3.25725861e-02  7.01323375e-02 -1.43043116e-01
  1.70318976e-01 -1.63332839e-02 -7.12412447e-02 -1.25577420e-01
  3.28422248e-01  1.46679372e-01  8.24034736e-02  1.89551875e-01
  5.94427772e-02 -9.75135192e-02  6.41482398e-02  1.74282983e-01
  5.83726689e-02  1.45341650e-01 -5.09852432e-02 -9.50194076e-02
  4.02450711e-02  2.55450159e-01 -1.58513606e-01  8.57262406e-03
  6.43825606e-02  4.91332375e-02 -6.97278709e-04 -7.75330216e-02
 -1.92860495e-02  9.23972577e-02  4.06376049e-02  4.05615494e-02
 -9.85274091e-02 -2.14313596e-01 -1.52000159e-01 -1.25320584e-01
  1.17383957e-01 -2.20745038e-02  2.38596350e-01  3.74411158e-02
 -4.49416526e-02 -4.49106172e-02 -1.18769230e-02  4.17867452e-02
 -7.72514418e-02 -4.83924784e-02 -4.84593958e-02 -3.37863863e-02
 -1.47031680e-01 -1.09654762e-01 -1.32732928e-01 -1.55688534e-02
  1.64349779e-01  1.44310728e-01 -1.66662503e-02  1.28543794e-01
 -7.01966584e-02  7.14452239e-04  1.40863881e-01  2.07947474e-02
 -9.43860784e-02 -2.31417537e-01 -1.06882311e-01 -1.10550642e-01
 -2.05367338e-02 -1.71005338e-01 -1.87891081e-01 -4.57595661e-03
  4.24194895e-02 -7.03323185e-02  7.46436045e-02 -3.31081152e-01
  2.70121591e-03  1.01302126e-02  2.15741806e-02  1.45632491e-01
 -6.15724139e-02 -4.73077632e-02 -4.07794192e-02 -1.94695309e-01
  4.38666828e-02  5.41167986e-03  2.15536609e-01 -1.78561777e-01
  7.63210654e-03  5.32220192e-02  2.43975576e-02 -1.15932465e-01
  3.60623077e-02 -5.85423484e-02  1.40644506e-01  1.05338223e-01
 -1.55777529e-01 -1.67673171e-01  1.07342023e-02  1.22916155e-01
 -2.55696505e-01 -1.89413741e-01  1.09972671e-01  1.06074870e-01
 -1.21829450e-01  8.57501104e-02 -6.53571412e-02  9.11557972e-02
  7.94190392e-02 -1.42638966e-01  1.13636374e-01 -7.35836700e-02
  1.62676815e-02  7.71904439e-02 -2.33186007e-01 -1.32740915e-01
  8.21499079e-02 -4.17489298e-02 -3.00168246e-02  2.03140706e-01
  1.14413224e-01 -9.72458497e-02 -2.13363424e-01  1.14177577e-01
 -3.50100458e-01  1.77601557e-02  9.62466896e-02  1.25289753e-01
  1.69721514e-01 -2.12798819e-01  4.38226275e-02 -1.65940434e-01
 -1.15552343e-01  1.15962207e-01  7.68308565e-02 -1.05695225e-01
 -1.14333302e-01  3.28398719e-02  1.02658287e-01  1.50938988e-01
 -1.54268637e-01  2.12510705e-01  1.32950008e-01 -1.59272105e-01
  1.40295789e-01 -4.09623124e-02  6.58459589e-02 -1.34012207e-01
 -1.58983052e-01 -9.75156426e-02  2.53816657e-02  8.40915516e-02
 -2.86907077e-01  1.67775989e-01  3.85687454e-03  8.46545324e-02
  9.99079272e-02  1.82882279e-01  4.19982485e-02 -4.14816476e-02
 -1.18980668e-01 -4.93169315e-02  1.54927582e-01 -1.45703917e-02
 -1.17395945e-01  8.03041756e-02 -4.59527336e-02  1.06373224e-02
 -1.00298971e-01  3.97215411e-02 -2.57089231e-02  6.10434227e-02
  3.24299008e-01  3.47475410e-02  9.08275545e-02 -3.31315445e-03
 -2.51462072e-01 -1.24915339e-01 -7.17784539e-02  3.52197513e-02
 -3.07158697e-02  7.13730454e-02 -1.29538432e-01 -6.44275844e-02
 -3.83588523e-02  8.53819549e-02  7.68003538e-02 -1.04502970e-02
 -1.20041355e-01 -2.68768817e-01  7.33538195e-02 -4.97359708e-02
  6.43214583e-02  1.10226639e-01  3.69104236e-01  1.91679135e-01
 -7.97726512e-02  1.84340533e-02  1.19617864e-01 -3.16240191e-02
 -8.38502422e-02 -1.51395425e-01  8.28672647e-02  1.25188276e-01
  2.82197714e-01  1.19880289e-01 -6.77639246e-02  1.13212600e-01
  1.24018475e-01 -1.05242841e-02 -1.09036490e-01 -2.71949880e-02
 -4.23693890e-03 -1.25696314e-02  2.76788890e-01  1.29757272e-02
  2.65649408e-02 -1.37872979e-01  1.42008439e-02  8.32011029e-02
 -8.65307301e-02  9.17190462e-02  1.04294688e-01  6.04065247e-02
 -3.11291893e-03  4.77357628e-03  3.16276625e-02 -8.95195156e-02
 -2.07509458e-01 -5.59853278e-02 -1.58925399e-01  3.45048495e-02
  4.67756838e-02  9.89406779e-02  8.42468888e-02 -2.42667254e-02
  4.71644476e-02  1.84720699e-02  3.56834307e-02 -6.05080230e-03
 -1.45360395e-01 -8.10369402e-02  1.32422835e-01 -4.29846533e-02
 -3.77723128e-02 -1.14661776e-01  3.76142189e-02 -1.29696175e-01
 -8.03780407e-02 -1.44050181e-01 -2.18524933e-01  3.19418274e-02
  1.00500010e-01 -1.82621360e-01 -9.68762301e-03 -9.55262482e-02
 -2.38182745e-03  2.34547560e-03  1.70447335e-01 -1.18339965e-02
 -8.83592889e-02 -2.32104436e-02 -5.98330749e-03  2.28853393e-02
  1.14150472e-01  1.39338568e-01 -4.11032327e-02 -4.96621896e-03
 -1.59160271e-01 -8.45833346e-02 -3.58185284e-02  3.61339077e-02
  1.81017537e-02 -4.78357039e-02  1.38137251e-01 -1.48555085e-01
 -7.80429617e-02 -1.40705973e-01 -1.47436913e-02  1.23538394e-02
  1.27382070e-01 -7.36797974e-02  2.47174571e-03 -6.41480535e-02
 -2.51636147e-01  1.05664209e-01 -4.48622741e-02  1.49082635e-02
 -4.36456874e-02 -1.49449352e-02  4.66199219e-02  7.34199677e-03
  2.21925378e-02  1.07927501e-01  2.08683923e-01 -9.11484882e-02
  5.76829426e-02  1.44303903e-01  7.09616020e-02  1.26573786e-01
 -6.00278899e-02 -3.08037568e-02  1.52655542e-01 -1.50382876e-01
 -5.01422174e-02 -1.40866131e-01  7.60584101e-02  1.76998198e-01
 -6.87705576e-02  6.78716227e-02 -9.77392420e-02  1.28583655e-01
 -2.92117521e-02 -7.34293014e-02 -4.39642975e-03 -3.28906486e-03
 -6.72247261e-02 -8.92538875e-02 -6.29804879e-02 -6.85986951e-02
  3.66355106e-02  1.50526240e-01 -4.00001518e-02  1.56270452e-02
  3.89265008e-02  1.34690464e-01 -2.48889700e-01 -8.43301490e-02
  3.37798111e-02 -1.52123598e-02 -6.88244775e-02  7.01144263e-02
 -3.53539847e-02 -1.94808960e-01 -6.24054857e-02 -2.96518635e-02
 -2.43906546e-02  1.58039913e-01 -8.10496509e-02  6.39243238e-03
  2.80498117e-02 -1.14064768e-01  1.67679399e-01 -8.77339691e-02
 -1.26842707e-01  5.68965599e-02 -1.44077539e-01  8.12611133e-02
 -3.35436352e-02 -7.89506361e-02 -1.46845192e-01 -3.50497290e-02
 -8.26001018e-02 -2.23810840e-02 -3.87928970e-02 -1.15340836e-01
 -1.90498173e-01  1.33837298e-01 -2.04612501e-02 -1.07684314e-01
 -1.50377199e-01  1.34455133e-02 -5.49303405e-02  1.82218812e-02
  1.93468612e-02  2.29306877e-01 -1.80823162e-01 -1.49053395e-01
  5.99920265e-02 -1.30249903e-01 -1.32794917e-01  1.54484555e-01
 -4.37308475e-02 -5.43287583e-02 -3.22360881e-02  6.90767318e-02
 -5.31179830e-02  2.44868428e-01 -1.77554652e-01 -2.66257226e-01
 -6.42075622e-03  1.73725963e-01  4.92037326e-01 -1.01137415e-01
 -2.73668393e-02 -1.99028701e-01 -6.77554160e-02 -3.02788913e-01
 -1.78351790e-01 -2.98857363e-03  2.49026082e-02  4.19195563e-01
  1.74753889e-01  1.23091601e-01  1.29467666e-01 -1.45075455e-01
 -1.00495733e-01 -8.01693872e-02 -7.34542310e-03  4.06912826e-02
 -5.25342226e-02 -6.02379590e-02 -3.30246054e-02 -5.40039921e-03
  9.92250592e-02  6.60877153e-02 -1.54629588e-01 -2.83734873e-02
  4.78902496e-02 -1.75210938e-01  3.81385684e-02  3.01417470e-01
 -1.47227217e-02 -1.03467479e-01  6.89875633e-02  1.73395619e-01
  6.53314963e-02 -8.37322026e-02  1.96627378e-01  1.02805838e-01
  3.22030149e-02 -4.62741815e-02  4.10250723e-02  1.29793733e-01
  7.93666095e-02  3.52737531e-02 -4.78314571e-02  2.39322022e-01
 -7.37409340e-03  4.56587635e-02 -1.92268714e-01 -1.36188805e-01
 -2.65296418e-02 -2.22344790e-02  1.15026101e-01 -3.68045717e-02
 -2.59612314e-02  3.74503769e-02  1.60602525e-01 -6.08522780e-02
  9.86360982e-02 -1.19328965e-02  1.38001829e-01 -5.42294718e-02
  9.51565057e-02  8.43193755e-02  5.39190173e-02 -5.56162260e-02
 -3.02000903e-02  5.28570563e-02  4.55133356e-02 -7.55051523e-02
  9.15524513e-02  1.64294839e-01  2.10804805e-01  4.30930741e-02
  1.81434929e-01  1.15773678e-01  3.50917137e-04 -8.03671256e-02
  9.16540250e-03 -2.01069027e-01 -1.07706107e-01 -9.34976991e-03
  1.79845057e-02  3.57060172e-02  9.73362476e-03  2.57599384e-01
 -8.51706192e-02 -1.92874774e-01  3.68132964e-02 -5.99403009e-02
  1.65413558e-01  3.23455073e-02 -8.25739428e-02 -3.21403071e-02
  5.07850274e-02 -1.07361205e-01  1.82251051e-01 -1.40507659e-02
  5.84897771e-02 -8.43021795e-02  4.20731753e-02  7.51826242e-02]