http://erau.edu/ontology/meme.owl#TrumpsBritainFirstRetweetsMeme
[-1.47494107e-01 -2.53157943e-01  5.67047969e-02  8.11284035e-02
  1.87566895e-02  1.92221180e-01  1.25122532e-01  1.49628788e-01
  4.22512740e-02 -7.69892111e-02  8.59179571e-02 -8.93231183e-02
  4.71133739e-02 -8.28305483e-02  1.30719036e-01  1.79981098e-01
  7.83837307e-03 -2.82503925e-02 -4.30655526e-03  2.26080671e-01
 -5.18068336e-02  2.12364327e-02  7.48799518e-02 -9.20808613e-02
  1.75978169e-01 -2.81372406e-02  7.68382326e-02 -2.05037028e-01
  3.03182840e-01  3.00539494e-01  2.52002236e-02  1.47591755e-01
 -5.64657375e-02  2.23631840e-02 -7.54899830e-02  1.44661784e-01
 -1.58828974e-01 -3.41668329e-03 -1.51960716e-01 -2.32010007e-01
  1.75501376e-01  2.80661508e-02  2.89998483e-02  7.87338987e-02
  9.77544710e-02  1.48601279e-01 -1.26962095e-01 -1.16674460e-01
  5.02711274e-02 -3.98098230e-02  2.39221826e-02  2.71744058e-02
  9.33877230e-02 -1.80851623e-01 -1.43377811e-01 -1.23636695e-02
  4.12412733e-02 -1.22715570e-02  2.25281436e-02  4.01260592e-02
  7.30426013e-02  9.83719006e-02  1.54652879e-01 -8.26789737e-02
 -4.42760764e-03  2.61545945e-02 -5.71386032e-02  4.19941433e-02
 -3.64405327e-02 -3.58729929e-01 -1.12700365e-01  2.29279865e-02
 -1.87307466e-02 -1.04222624e-02  1.04664668e-01  1.77155063e-02
 -3.55670229e-02  1.19852722e-01  1.32494450e-01  7.34461993e-02
 -6.12361804e-02  7.10455328e-02  3.76868993e-02 -1.71689734e-01
  5.13028353e-02 -1.64102037e-02 -7.43451491e-02  2.24068478e-01
  2.36251563e-01 -5.67450374e-02 -2.88312808e-02 -1.38021275e-01
  4.05040085e-02 -1.33358717e-01 -9.05692652e-02  1.30981803e-01
 -2.89667118e-02  2.58327052e-02 -1.83673561e-01 -8.89883041e-02
  6.16523251e-02  2.51605804e-03  4.83523309e-01 -1.26914829e-01
  4.93310466e-02 -3.88588831e-02  6.22532610e-03  9.56141278e-02
  8.82819667e-03 -2.40604833e-01  2.30373088e-02  1.09382093e-01
 -1.00972109e-01 -8.84046108e-02  1.56524748e-01  2.33043000e-01
 -3.44096065e-01 -6.52435049e-02 -3.69262658e-02 -7.94206411e-02
 -1.56028360e-01 -8.32595900e-02 -2.00653281e-02  1.78000599e-01
  1.14833422e-01 -2.82895453e-02 -9.90096182e-02 -1.07100666e-01
 -2.44962543e-01 -8.62258971e-02 -3.11262220e-01 -1.91984117e-01
 -1.85410734e-02 -5.26839681e-03 -2.10622683e-01  3.65854092e-02
 -9.26774740e-02 -7.06285238e-02 -7.74831846e-02  4.12929291e-03
 -2.41148546e-01  1.63193196e-01  1.41344562e-01 -1.08722687e-01
  1.05357900e-01 -1.46303058e-01 -6.93246648e-02 -2.70885006e-02
 -4.08880077e-02  9.98766497e-02 -7.24920183e-02 -2.38781467e-01
  6.30441383e-02  1.33599833e-01 -1.01354078e-03  1.34145643e-03
 -1.10045336e-01  2.15106964e-01  1.19082518e-01 -2.24869028e-01
 -6.19824491e-02 -1.88787803e-01  1.07185423e-01 -6.91445917e-03
 -1.55224711e-01 -2.58915991e-01 -1.65186882e-01  1.95643812e-01
 -4.19556111e-01  1.24720402e-01  1.00827724e-01  2.34150276e-01
  1.08211033e-01  4.92452271e-02 -1.18166402e-01  1.15827896e-01
  1.03899151e-01 -8.60552788e-02  6.91021383e-02 -9.98652950e-02
 -6.19777441e-02  1.25475466e-01  5.43081318e-04  1.10550836e-01
 -1.93001721e-02  4.48417105e-02  1.64262459e-01  1.12744130e-01
  9.94659215e-02 -5.32802232e-02  1.20455548e-01 -6.25107586e-02
 -2.59506464e-01 -3.09067196e-04 -1.96470201e-01 -4.52885889e-02
  3.04242666e-03  1.65076822e-01 -1.11388057e-01 -8.51677358e-02
 -1.60875283e-02 -6.27735481e-02 -1.03537731e-01 -1.19561076e-01
 -5.44736348e-02 -3.02551210e-01  1.24893785e-02 -1.54624864e-01
  1.38520850e-02  2.88738143e-02  1.80866316e-01  2.57852226e-01
  7.56516904e-02 -3.39742494e-03  1.37214482e-01  1.53525338e-01
 -1.92778334e-01 -1.55501083e-01  3.46293569e-01 -1.34946004e-01
  1.85920879e-01  1.78511739e-01 -1.03796251e-01 -8.85769874e-02
 -6.82367533e-02  9.50298980e-02 -2.14187056e-01 -9.48397517e-02
 -9.97984260e-02  1.68656826e-01 -8.50744769e-02  1.07460164e-01
 -4.98846658e-02 -1.50155112e-01 -3.19825895e-02 -1.18704908e-01
 -3.50325294e-02 -1.37877733e-01  1.98614031e-01 -1.99167401e-01
  1.81435123e-01 -1.77086875e-01  5.24435900e-02 -1.49202310e-02
 -2.38790125e-01 -9.42030177e-02 -1.87247664e-01 -2.26312000e-02
 -5.14462106e-02  4.90750186e-03  5.90832792e-02 -6.49806932e-02
  1.41621694e-01  2.74206251e-01  3.09653997e-01 -1.83802471e-01
 -2.12802872e-01 -1.25437275e-01  6.67689973e-03  1.56445593e-01
 -2.42659330e-01 -1.57324061e-01 -1.04359351e-01 -2.66655654e-01
  1.66234866e-01 -2.75233567e-01 -7.73228556e-02  7.76356906e-02
  2.94456817e-02 -1.30695552e-02  3.15092616e-02 -1.15216523e-01
 -1.58184692e-01  1.22637019e-01  1.41709864e-01 -4.66434695e-02
  8.48023891e-02 -1.76216498e-01  9.66305472e-03 -8.48171487e-02
  9.36880410e-02  1.91753861e-02 -1.51787996e-01 -5.82614504e-02
 -1.48164704e-01 -9.41777527e-02 -1.18227579e-01 -7.04447851e-02
  1.30719440e-02 -1.91366553e-01 -5.94664067e-02 -2.70331185e-02
  7.96746388e-02  3.67782414e-02  1.40743405e-01 -3.97249460e-02
 -3.63717936e-02  1.15252227e-01 -2.18367502e-01 -1.10936716e-01
 -2.90888786e-01  1.72525331e-01 -5.35125658e-02  1.70136690e-01
  8.74921381e-02 -1.57034457e-01  2.64691740e-01 -5.20639867e-02
 -1.57299787e-02  9.55250934e-02  1.50671288e-01 -2.15458140e-01
  3.22221741e-02  5.15482649e-02 -6.18174076e-02  1.85273564e-03
  6.97253644e-02  1.50695458e-01 -2.00522199e-01 -5.13722673e-02
  3.33100446e-02 -2.81069040e-01  2.90983975e-01  1.42049119e-01
 -5.91670163e-02  8.25383738e-02 -9.11189765e-02 -4.02274244e-02
  2.40974665e-01 -9.50157866e-02  8.26992095e-02 -4.25793938e-02
  8.18443522e-02  2.05424260e-02  3.19039226e-02 -3.13068300e-01
  1.37566730e-01  1.92189604e-01 -1.50863409e-01 -1.74798638e-01
  5.54199284e-03  1.63196042e-01  2.46435171e-03  5.77734374e-02
 -2.57936418e-01 -1.30384400e-01  7.58153796e-02  1.80790022e-01
 -8.65146518e-02 -8.65599588e-02  6.84097931e-02  1.41841784e-01
 -1.84230860e-02  1.18669398e-01 -2.21853018e-01  2.30790064e-01
  1.38906792e-01 -1.69660505e-02  1.69562489e-01 -2.11140871e-01
 -1.83127061e-01  3.05733174e-01  1.43165708e-01  1.08945951e-01
  1.48059735e-02 -1.09786212e-01 -1.27503723e-01  1.90902323e-01
 -2.25105844e-02  8.32798183e-02 -9.51155275e-02 -3.61594036e-02
 -2.69014686e-01 -4.18837257e-02  1.88001469e-01 -8.97544995e-03
 -1.17992826e-01  2.32508797e-02 -1.66557115e-02 -1.67699069e-01
  9.03569460e-02  1.36200309e-01  6.87099481e-03 -5.72061911e-02
  3.36449258e-02  4.66106087e-02 -1.86583325e-01 -2.07536835e-02
 -1.90874133e-02 -1.19529560e-01 -1.05293415e-01  3.40101458e-02
  3.81615721e-02 -3.26827168e-03 -7.79419988e-02 -6.11891523e-02
  2.06006784e-02 -8.50626733e-03  5.81085943e-02  5.63683026e-02
 -5.62500730e-02 -6.83353916e-02 -3.10497312e-03 -1.76318318e-01
 -8.21995065e-02  3.67193483e-02 -1.81351621e-02  2.29656622e-01
  2.49608561e-01  9.73033458e-02  9.60644707e-02 -2.84459710e-01
 -2.23346084e-01 -9.32137445e-02 -1.64947048e-01  2.11253285e-01
 -1.06945090e-01 -5.38519099e-02  2.83178855e-02  3.09553385e-01
  9.95177329e-02  3.65863480e-02 -1.26520172e-01 -1.76374875e-02
 -4.52541076e-02 -6.28713444e-02 -1.95742734e-02  1.61104500e-01
  1.08336881e-01  7.24208727e-02 -5.37572354e-02  3.07898968e-01
  4.43082713e-02 -3.20201553e-02  1.64931729e-01  2.50952005e-01
 -1.00361682e-01 -1.52734727e-01  1.81252658e-02  1.50470704e-01
  2.89602011e-01  9.82260555e-02 -1.24840014e-01  2.96354622e-01
 -2.98002005e-01 -2.77666360e-01 -2.80573010e-01 -1.20149426e-01
 -1.24035299e-01  7.40286410e-02  3.63310575e-02  3.21360856e-01
  1.85311332e-01 -8.49982724e-02  2.31818691e-01 -7.95400664e-02
  1.45852804e-01  2.31678993e-01  2.31243111e-02 -1.17540032e-01
  2.56648481e-01 -7.83718452e-02  2.44787317e-02 -9.85169783e-02
 -1.43286353e-02  9.66490358e-02 -5.57265654e-02  1.18485643e-02
  3.62629890e-02  6.14596494e-02  6.29604459e-02  6.08247556e-02
 -6.29985332e-02  7.20617622e-02  8.11565667e-02 -3.35415415e-02
  3.41278799e-02 -1.49208173e-01 -8.36951658e-02  1.54303610e-01
 -2.27729693e-01  3.55805969e-03  2.78978515e-02  3.60252529e-01
 -2.62991413e-02 -8.22092220e-02  7.83019736e-02  3.52794416e-02
  6.63059875e-02 -2.29652114e-02 -7.13522807e-02  8.25385377e-02
 -6.24365583e-02  4.96768989e-02  1.08779177e-01 -4.19919379e-02
 -1.00785412e-01 -5.91258220e-02  1.05421238e-01  9.28951725e-02]