http://erau.edu/ontology/meme.owl#itsmusicalfirstmemecheckonyoutubetooMeme
[-1.94868445e-02 -1.67874306e-01 -3.99476252e-02  5.05268350e-02
 -3.48944999e-02  1.14452936e-01  1.16274543e-01  3.88116315e-02
  8.53374451e-02 -2.06189733e-02  1.88993797e-01 -6.39283583e-02
 -5.18730469e-02  8.46653804e-02 -8.52074400e-02 -1.44506052e-01
  8.65830854e-02  1.58472940e-01 -4.00955640e-02  3.76411937e-02
 -2.30216384e-01  1.19788826e-01  9.12374631e-02 -1.20175458e-01
  8.50644782e-02 -5.18240174e-03 -4.68841903e-02 -3.29698510e-02
  2.59777606e-01  1.36203587e-01  1.15729466e-01  1.85554773e-01
  2.37738192e-02 -4.63952459e-02  1.28939264e-02  2.41372913e-01
  7.56779984e-02  8.52202103e-02 -2.79676467e-02 -1.00473158e-01
 -2.88141966e-02  2.03932673e-01 -2.37849712e-01  4.61759418e-03
  7.48803616e-02  4.62961271e-02  7.38433748e-02 -1.50353372e-01
 -4.38688584e-02  3.59976217e-02  1.32980114e-02 -2.38459799e-02
 -1.27707541e-01 -2.30998293e-01 -1.86687574e-01 -1.98771469e-02
  7.60048255e-02 -9.34639871e-02  2.52168089e-01  4.82656583e-02
 -8.38074014e-02 -3.56126688e-02  7.31527731e-02  6.96696192e-02
 -5.21866865e-02 -5.73199764e-02 -5.86069562e-02  9.31729082e-05
 -6.91538379e-02 -9.12041962e-02 -1.85339078e-01  6.32910952e-02
  1.13033243e-01  1.35080054e-01  2.03330107e-02  1.08314499e-01
 -3.30762342e-02 -7.58377910e-02  1.60340354e-01 -1.97714735e-02
 -1.23687282e-01 -1.43084392e-01 -1.27705812e-01 -1.86791256e-01
  6.63066050e-03 -7.84339607e-02 -1.62836894e-01 -1.31067904e-02
  1.59659423e-02 -6.20793253e-02  1.95974410e-02 -2.77531534e-01
  2.12221872e-02 -1.63931660e-02 -7.37090260e-02  8.21085349e-02
 -6.74244016e-03 -3.51488031e-02 -1.33774295e-01 -2.87354887e-02
  8.49515125e-02  5.20427525e-02  2.99202472e-01 -1.56684443e-01
  7.01681478e-03  7.81939551e-02  8.16499144e-02 -5.68190822e-04
  5.16455360e-02 -1.06783509e-01  6.46910891e-02  4.68174741e-02
 -4.70745303e-02 -1.27476245e-01  1.41978145e-01  2.87966561e-02
 -2.03707635e-01 -1.55135944e-01  1.30246118e-01  1.75024539e-01
 -8.36229324e-02  5.74185401e-02 -4.74740714e-02  3.29684541e-02
  1.50117651e-01 -1.06063662e-02  7.57201910e-02  4.52234745e-02
  8.98268148e-02  3.75792608e-02 -2.44991302e-01 -1.34655133e-01
  3.17117311e-02 -1.95861496e-02 -4.45036888e-02  2.70264417e-01
  2.17959639e-02 -1.00429155e-01 -1.66297629e-01  1.35288224e-01
 -3.41403514e-01  5.58876283e-02  1.97231531e-01  9.77225155e-02
  2.10930377e-01 -2.18226671e-01 -7.11993081e-03 -1.80363074e-01
 -1.83609724e-01  1.02972612e-01  3.69833522e-02 -1.53735057e-02
 -8.95608142e-02  8.61250535e-02  5.90775348e-02  1.75859630e-01
 -1.65007100e-01  2.76678950e-01  3.88749316e-02 -1.64477885e-01
  1.12692192e-01 -1.01289283e-02 -2.04562694e-02 -6.30946532e-02
 -2.67421812e-01 -1.29408211e-01  9.13600251e-02  1.95826873e-01
 -3.78150553e-01  1.58943266e-01  1.17106121e-02  6.39941916e-02
  1.84207559e-01  2.28589848e-01 -5.46026975e-02  1.45347686e-02
 -2.83062402e-02 -3.57639045e-02  9.94668603e-02  2.88662892e-02
 -1.73833445e-01  5.64109795e-02 -3.55585665e-02 -3.24099064e-02
 -4.06314693e-02 -3.80247012e-02 -2.04919744e-02  1.16573602e-01
  1.93819106e-01 -6.28287485e-03  9.59808230e-02 -6.36612847e-02
 -1.77800760e-01 -1.60711855e-01  1.93668026e-02  3.07488963e-02
 -4.00657840e-02  1.47178754e-01 -8.41038600e-02 -7.95012638e-02
  7.71999033e-03  6.93233088e-02  5.56038506e-02 -1.27248988e-02
 -7.67706782e-02 -2.78925449e-01 -2.87404992e-02 -2.74724956e-03
  1.37041956e-01  1.65914267e-01  3.24605316e-01  1.36407435e-01
 -2.46744100e-02  2.51369849e-02 -1.52556663e-02 -4.24409173e-02
 -9.52855572e-02 -3.07024959e-02  7.58634955e-02  1.42098993e-01
  9.80415046e-02  1.02716729e-01 -3.53631191e-02  8.53887200e-02
  1.14688180e-01  8.00505932e-03  4.07162867e-02 -1.31603526e-02
 -3.65811884e-02 -9.09027457e-03  1.52756169e-01  6.83006793e-02
  1.09153027e-02 -7.62993619e-02 -5.90218343e-02  7.94926584e-02
 -1.67409927e-02 -4.34160903e-02  8.96179080e-02  9.29492339e-03
 -6.90452009e-02 -5.81163801e-02 -3.38679887e-02 -7.40866512e-02
 -1.95530593e-01 -1.02768704e-01 -1.56140760e-01  1.44626843e-02
  6.21793494e-02  2.53730584e-02  6.83760270e-02  5.33122569e-02
  1.08178310e-01 -2.08776798e-02  8.80126357e-02 -2.03672573e-02
 -1.43759802e-01 -3.18260049e-03  4.89144996e-02 -1.26405692e-04
 -1.10614739e-01 -9.03595835e-02 -3.88552025e-02 -1.87663257e-01
 -6.80664033e-02 -2.08671689e-01 -7.75825977e-02  6.91326484e-02
  1.73987731e-01 -1.60868302e-01 -5.69531210e-02 -4.53428999e-02
  4.26170938e-02 -7.91520625e-03  1.15795694e-01 -4.47033755e-02
  4.07487266e-02  3.34680937e-02 -6.85203746e-02 -2.69505456e-02
  1.30329311e-01  1.00411236e-01 -1.67311523e-02  3.83376237e-03
 -1.73672751e-01 -1.25376480e-02 -9.45436731e-02  2.70309523e-02
 -1.13285156e-02 -1.09748214e-01  8.11984688e-02 -1.65850639e-01
 -2.27838792e-02 -6.04016706e-02  1.44375497e-02 -4.09127772e-03
  1.44028097e-01  1.08089112e-02 -4.80941273e-02 -1.16751648e-01
 -1.80003986e-01  1.02428965e-01 -6.82907295e-04  4.55238996e-03
 -4.32995558e-02  7.87350722e-03  2.41112430e-03  3.34888734e-02
  1.95052370e-03  9.38293803e-03  1.76298931e-01 -1.30624548e-01
 -8.08726102e-02  3.23842242e-02 -8.04487169e-02  5.97585440e-02
 -1.07423522e-01  1.02273037e-03  3.43098082e-02 -1.00124076e-01
  4.04858543e-03 -9.78428647e-02  8.99401233e-02  1.55476585e-01
  7.01706186e-02  5.01095504e-02 -9.42087919e-02 -6.03072010e-02
  5.79302236e-02  2.68996377e-02  9.09210066e-04 -6.89883232e-02
 -2.63058282e-02 -2.08087042e-01  1.01762814e-02 -1.22493394e-01
  1.63149148e-01  5.21200709e-02  4.56616543e-02  2.16465984e-02
 -1.88368615e-02  8.14485103e-02 -1.64993584e-01 -1.82394430e-01
  4.85010035e-02 -5.21724001e-02 -1.79370828e-02  7.16321021e-02
  7.90424366e-03 -1.63563177e-01 -1.17367335e-01  2.78987382e-02
 -7.09269866e-02  1.66524738e-01 -1.01860188e-01  8.65022019e-02
  2.05554552e-02 -2.33906750e-02  1.89886406e-01 -8.89011174e-02
 -5.41132912e-02  6.10925481e-02 -9.17430446e-02  4.63519357e-02
  8.78153220e-02 -4.13691849e-02 -1.09023131e-01  4.57856096e-02
  4.38652039e-02  4.06570127e-03  2.44846679e-02 -1.56049669e-01
 -1.91167817e-01  1.66932702e-01 -2.08221208e-02 -5.68949431e-02
 -3.09276190e-02  2.39376295e-02 -1.10773884e-01 -1.85771398e-02
  1.23725735e-01  2.32485279e-01 -1.55234277e-01 -1.11882865e-01
  1.08104773e-01 -1.37705564e-01 -4.98192310e-02  1.69131190e-01
 -6.39739484e-02 -1.26284406e-01  3.74539681e-02  2.44749561e-02
 -1.21899024e-01  2.35303357e-01 -1.37798255e-02 -1.54294893e-01
  1.59315094e-02  1.34726807e-01  3.87901574e-01 -1.47854447e-01
 -1.09761052e-01 -2.74749011e-01 -1.15517033e-02 -2.86203295e-01
 -8.30088556e-02  1.91994198e-02  2.83772834e-02  4.48732197e-01
  9.82977226e-02  8.34758878e-02  1.47768930e-01 -1.28652498e-01
 -9.73975435e-02  5.27163828e-03 -9.60177109e-02  8.91129225e-02
 -3.88398096e-02 -1.23188488e-01 -3.18529308e-02  4.03391160e-02
  7.34947473e-02 -6.35375176e-03 -1.59711137e-01 -3.00700944e-02
  1.95384677e-02 -2.22497016e-01 -1.78925395e-02  2.00422063e-01
  3.45072709e-02 -4.55599129e-02  1.17244221e-01  1.46728367e-01
  5.67911938e-02 -1.73460886e-01  1.09997861e-01  1.27060890e-01
 -1.55302591e-03 -9.66850519e-02  3.03279497e-02  1.77950829e-01
  5.70915174e-03 -4.07281928e-02 -2.27134097e-02  1.49887830e-01
 -5.99870831e-02 -2.71023382e-02 -1.27540261e-01 -9.93192643e-02
 -5.23673706e-02 -3.88611257e-02  9.87335816e-02  2.35990696e-02
  1.30944429e-02  5.72362728e-02  1.55515939e-01 -5.00856638e-02
  1.12311766e-01  5.45424074e-02  4.86063287e-02 -8.90671834e-02
  8.38570818e-02  5.45152389e-02  1.15847901e-01 -1.43939987e-01
  3.39059494e-02  7.11698905e-02  7.21988128e-03 -1.54099539e-01
  7.71477073e-03  4.68676314e-02  1.94939688e-01  3.89666595e-02
  1.96720794e-01  6.71586245e-02  8.80925916e-03 -1.17220126e-01
  6.97071999e-02 -1.02497295e-01 -8.88928398e-02  7.89519548e-02
  1.82211604e-02  9.70938650e-04 -3.17220241e-02  1.39768526e-01
 -1.11441024e-01 -9.44219604e-02 -3.10380533e-02 -5.20829596e-02
  8.73567536e-02 -2.85032410e-02 -1.65534422e-01 -7.47241303e-02
  9.58347414e-03 -1.09890595e-01  1.06146075e-01  4.68671368e-03
 -4.67924140e-02 -7.09424466e-02  2.79155057e-02 -2.29373761e-02]