http://erau.edu/ontology/meme.owl#NewYorkIsMagicalMeme
[-0.27009973 -0.21280888  0.18052101  0.0261988   0.2564919  -0.05378138
  0.06701424 -0.26140392  0.3016259  -0.13531452 -0.02499568 -0.08405248
  0.02356965  0.15575507  0.18758689 -0.20027307 -0.06163765  0.03218378
 -0.07586286  0.3561673  -0.20472105  0.2667065   0.32404816 -0.18773787
  0.0288471  -0.08956752 -0.0072437  -0.03142696  0.76522875  0.141859
 -0.02792599  0.02713321  0.01999427 -0.30221093 -0.25620985  0.44761097
  0.09477881  0.047378   -0.08663069  0.0173507  -0.00788174  0.1142268
 -0.5025754   0.07936551  0.07803409  0.00988905 -0.01550613 -0.20187466
  0.31944814  0.05933918  0.07182936 -0.18831769 -0.01418628 -0.08507361
 -0.0859739  -0.14733702  0.18614419 -0.0480232   0.225954   -0.05612081
  0.08512865 -0.14713043  0.23520274  0.24540858  0.09422978  0.19978671
 -0.2309566  -0.1046055  -0.1651739  -0.03190458 -0.30409658  0.16932413
  0.1543034  -0.05920519 -0.03198273 -0.03448449 -0.00994233  0.1644485
 -0.03487075  0.00273625 -0.16181017  0.18757422 -0.16247834 -0.47764105
 -0.15220004  0.00807976 -0.02178318  0.03155621  0.19192682 -0.21542175
 -0.1535421  -0.12087014  0.09935068 -0.11052613  0.02617745  0.08190079
 -0.25058115 -0.41914544 -0.33274513  0.00994492 -0.10946792 -0.09275459
  0.24934936 -0.2121404  -0.26560414 -0.0035686   0.24170712  0.09475936
  0.1716443  -0.15003783  0.01479184 -0.02437343  0.11663822 -0.20135461
  0.36485165  0.30001143 -0.24576442 -0.08945877  0.19512203  0.39785817
  0.15486461 -0.27498913 -0.2427061  -0.1118009   0.1348805   0.1250932
  0.10040279  0.1974656   0.1106563  -0.04586968 -0.0414097  -0.16264872
  0.0793447  -0.22080338 -0.1680827   0.46229216 -0.26652497 -0.02720697
 -0.15138844  0.0628853  -0.09101172 -0.00103937  0.2716109  -0.04773217
 -0.04794206 -0.10913545  0.06719532  0.09583281  0.00506773  0.09926146
 -0.1818316  -0.15789889  0.1988352   0.01191772 -0.24844298  0.0103848
 -0.01425287  0.4068961  -0.07679321 -0.3579248  -0.0762729  -0.11005099
 -0.06144793  0.07831009 -0.42742407 -0.03609049  0.09989248  0.33761203
 -0.14328434  0.098525   -0.0186121   0.14556319  0.04441658  0.0915814
 -0.27006644  0.11564748 -0.04653655 -0.05007524 -0.05521732  0.01552199
  0.02447802  0.13171643 -0.15677351  0.08445872 -0.19421335 -0.14477484
  0.0482921   0.0783815   0.07189912 -0.0819539  -0.07500568 -0.18199866
 -0.18204471 -0.15867394 -0.0424826   0.04607166  0.18857174  0.07361635
  0.02712338 -0.02475914  0.1537421  -0.18318245 -0.14158253  0.07614726
 -0.16882524 -0.44540662 -0.07397867  0.10898246  0.01171748  0.21841301
  0.0220903   0.01330261  0.32576492 -0.14203924 -0.03498887  0.08131059
 -0.13128166  0.03809017  0.43218613  0.1509951   0.2523362   0.07744326
  0.06318663  0.05493552  0.01729484 -0.01563721  0.07577249 -0.16008988
 -0.2864809   0.00706582 -0.13796206  0.25865847 -0.06901529 -0.25655925
 -0.03207858  0.05554717 -0.04686704 -0.34670192  0.15919304  0.09676185
  0.01691316 -0.02752108  0.01360379 -0.08209239 -0.22665653  0.0304506
 -0.17846465  0.09415967  0.16202974 -0.21837367 -0.16631651 -0.1344925
  0.1043561   0.00823693  0.25513622 -0.03969719 -0.2333989  -0.01615009
 -0.00757753 -0.1243685  -0.42016485 -0.2143439  -0.12356938  0.04086391
  0.11287194  0.01816384  0.06061393  0.17200568  0.07325818  0.05576432
  0.05644291  0.1522528  -0.08174549  0.16086091  0.1116595  -0.13520671
  0.00877248  0.07549904 -0.30011716 -0.23084779 -0.04307175  0.35078377
 -0.06435598 -0.04505996 -0.07396687  0.06386753 -0.10529707  0.2991985
  0.01448583 -0.29196635 -0.29939604 -0.08842315  0.06250846  0.15999082
  0.10774007 -0.00759418 -0.07475279  0.14197984 -0.06411027 -0.19762602
 -0.10763688  0.07859057  0.22959055  0.10390466 -0.01223795  0.02547356
  0.22349164  0.15303633  0.01426203 -0.30898362  0.11002712 -0.31296566
 -0.09005217  0.05819879 -0.05989765 -0.00814087 -0.04188025  0.24874116
 -0.15946262 -0.10149672  0.1674036  -0.3474437   0.14923172  0.42192793
  0.00756941 -0.15690385 -0.3568305  -0.01388069  0.14214921  0.09528746
 -0.05370703 -0.36602634  0.20215921 -0.05306104  0.33362305 -0.20548446
  0.00813919  0.01209317  0.14622563  0.04790828 -0.13341795  0.05252938
 -0.19321151 -0.14905207 -0.3830204   0.3712269  -0.04056205 -0.20959292
  0.14957216 -0.0827463  -0.01525977  0.1645373  -0.20339723  0.21438931
 -0.2946254   0.05032069  0.22056773  0.02638679  0.00861784 -0.15811822
  0.06330264  0.52506435  0.00969993 -0.09999569  0.34546798  0.05156839
 -0.15093546  0.00849014 -0.00351763 -0.10272928 -0.06772836 -0.27216017
 -0.29569095  0.18932492  0.00335274  0.02651593 -0.21731555  0.0610141
 -0.06162613  0.02114713  0.09838027  0.37014943 -0.17649181  0.04812981
 -0.01413845 -0.32330105 -0.10933891  0.09190726 -0.2042078  -0.4074937
  0.07680007  0.17500325 -0.16374783  0.41796565 -0.06258091  0.03582554
  0.0751916   0.00651983  0.5075753  -0.24776848 -0.20186473 -0.2737879
 -0.1098665  -0.42274612 -0.22091322 -0.02037901  0.05549208  0.6088071
  0.1590228  -0.08628583  0.2636439   0.03593762 -0.11918619 -0.10700536
 -0.1935836   0.3313624  -0.14731286  0.05196618  0.04905713 -0.01499046
  0.46711063  0.1327521  -0.18451898 -0.1852658   0.12218165 -0.3271178
 -0.34756497  0.07193726  0.28592306 -0.12462991  0.14007111  0.33095464
  0.27679655  0.1903203   0.18654005  0.64746475  0.0183034  -0.2606982
  0.07191395  0.06169468  0.02415764  0.2000975  -0.25772977  0.23356879
 -0.4245316  -0.41853517 -0.28980052 -0.19024058 -0.23111923  0.10954534
  0.03556621  0.0622059   0.24120697 -0.18622556  0.11548679 -0.05953747
  0.00194054  0.08080608 -0.21842371 -0.29750735  0.33175215 -0.08229055
  0.15680356 -0.16733828  0.09406234  0.34294814  0.05290879 -0.28012908
  0.15935202 -0.0802791   0.03242819  0.13524094  0.05826521  0.40848124
  0.03642184 -0.19947721  0.3684789  -0.40510067 -0.3374597   0.15305611
 -0.14289404  0.13009521  0.19781832  0.17231855 -0.21126089  0.1424794
 -0.31118628  0.15411511  0.23108594 -0.19019847 -0.19734174 -0.09909149
 -0.02475733 -0.08365262  0.09329793 -0.06314563 -0.26831907 -0.54362
  0.0303113   0.06007111]