http://erau.edu/ontology/meme.owl#CrisisActorConspiracyTheoriesMeme
[ 7.40728751e-02 -1.38476968e-01 -1.09216504e-01  3.84535417e-02
  1.38243129e-02  2.15052813e-01 -4.39343080e-02  4.59808260e-02
  1.17114715e-01 -3.73269245e-02  8.06584656e-02 -1.20482512e-01
 -1.18305665e-02  4.27782238e-02 -6.24112673e-02 -6.12998381e-02
 -3.03287320e-02  3.10960528e-03 -1.06944665e-01  1.10962383e-01
 -4.27816883e-02  2.44295418e-01  5.06075844e-02 -4.70762141e-02
  1.65134490e-01 -1.15103805e-02  3.95939797e-02  7.62931705e-02
  1.51094928e-01  1.28503442e-01  1.35163203e-01  2.42592230e-01
 -1.14507936e-02  3.19630764e-02 -1.01453927e-03  1.64352462e-01
  7.63460621e-02  4.22429852e-02 -1.36456981e-01 -7.75100812e-02
 -8.32369849e-02 -8.29738285e-03 -1.44810393e-01  2.57629696e-02
  1.38798624e-01  1.51078943e-02  1.05108447e-01 -1.69053406e-01
 -8.54976475e-02 -4.24812026e-02  1.60797164e-02  3.61695141e-02
 -9.91537347e-02 -1.03480466e-01 -1.02136321e-01 -6.15581824e-03
 -8.76779482e-03 -2.89245509e-02  1.54052928e-01 -1.25218987e-01
  4.63223010e-02  1.98194068e-02 -3.13717760e-02  4.68791015e-02
  6.45652339e-02 -2.12067571e-02  6.60353154e-02  4.40985197e-03
 -4.59340513e-02 -4.16242443e-02 -1.17494576e-01  1.63872316e-02
 -1.16311638e-02  7.82589689e-02 -2.35930365e-02  1.10994309e-01
 -6.29765168e-02 -6.46696091e-02  1.21321026e-02 -1.37289450e-01
 -3.28901559e-02 -1.32401854e-01 -1.12019055e-01 -8.59120786e-02
  1.33582368e-01 -7.30770826e-02 -6.22080937e-02 -6.20214865e-02
 -2.34283935e-02 -1.41328499e-01  1.53802335e-01 -1.20647326e-01
  2.39889715e-02 -2.37375144e-02  9.83061083e-03  5.22055961e-02
  5.12353443e-02 -9.35884267e-02 -7.03400970e-02  6.72483817e-02
  1.38634145e-01  7.78065324e-02  2.46122018e-01 -8.57564285e-02
 -4.83464710e-02  4.14639823e-02  5.30901086e-03 -5.14286617e-03
  2.67848223e-02 -1.29970744e-01 -2.61479877e-02  4.59266007e-02
  9.91265401e-02 -8.38635638e-02  8.08446705e-02  2.09504981e-02
 -1.04984142e-01 -2.00342238e-02  2.63675884e-03  7.78226778e-02
 -2.12648921e-02  2.34417059e-02 -1.12357780e-01 -1.34285092e-02
  1.24282785e-01  4.94018989e-03  6.59577101e-02  6.93792999e-02
  7.73517936e-02 -7.20601082e-02 -2.18224376e-01 -7.98080042e-02
  8.42656102e-03 -4.96165603e-02 -6.89375252e-02  6.09712973e-02
 -1.23304784e-01 -6.77576214e-02 -6.87768608e-02  2.06761599e-01
 -1.35033369e-01  3.89978252e-02  1.56012028e-01 -2.92129982e-02
  7.08611906e-02 -2.79969215e-01 -3.29475813e-02 -2.53441129e-02
 -1.06325559e-01  3.17382812e-02 -7.04453364e-02  5.19534685e-02
 -5.77922575e-02  2.95853093e-02 -2.67128320e-03  5.39073050e-02
  2.61263177e-03  1.77746356e-01 -4.87689152e-02 -1.55469477e-01
  5.31001166e-02  2.09236816e-02  2.42829714e-02 -1.61294520e-01
 -1.49020374e-01 -1.94511805e-02  1.45782888e-01  1.38918474e-01
 -2.82963753e-01  1.02946527e-01 -5.25280321e-03  7.01764748e-02
  1.36686549e-01  1.75306916e-01 -1.62745476e-01  3.02753020e-02
  6.90041557e-02 -8.16819966e-02  1.17665539e-02 -2.74240947e-03
 -1.16474941e-01  5.42410016e-02 -6.85318187e-02  7.07719177e-02
 -2.96376310e-02 -6.02109358e-02 -1.33624887e-02  1.33546945e-02
  5.83070852e-02 -5.35798594e-02  1.22421511e-01  5.27342558e-02
 -1.03105545e-01 -1.21819697e-01  1.13482843e-03  6.17754012e-02
 -6.24533184e-02  1.07947007e-01  2.28977501e-02 -7.82538429e-02
 -7.89066032e-03  5.27130440e-02  3.56249548e-02  2.08992399e-02
 -1.00523062e-01 -2.31126934e-01 -1.14965685e-01  3.97295840e-02
  1.01704635e-01  6.81588724e-02  2.19811007e-01  5.11806048e-02
  6.99772462e-02 -7.05024600e-02 -3.55665125e-02  6.62447587e-02
 -4.96708266e-02  3.19383256e-02  1.78004593e-01  7.21778721e-02
 -1.69682074e-02  9.19667929e-02 -1.60999540e-02  8.81094933e-02
  9.96075720e-02 -5.60274813e-03  9.71896276e-02 -2.78816782e-02
 -1.14320502e-01  1.03535742e-01  7.07887486e-02  5.39220534e-02
 -2.97423080e-02 -1.36359945e-01 -5.51435910e-02  8.10459536e-03
  5.32285795e-02 -1.47534847e-01  1.27329484e-01 -3.96322235e-02
 -7.75762349e-02 -7.28300363e-02  3.17012109e-02 -6.96704984e-02
 -1.80665717e-01 -8.66141841e-02 -1.59310207e-01  5.69502823e-02
  5.55193350e-02 -1.75142549e-02  1.26403451e-01  1.18163392e-01
 -1.37886619e-02 -1.17184576e-02  2.09230691e-01  9.81654599e-02
 -1.99009135e-01  5.32460213e-02 -2.10787244e-02  1.02944829e-01
 -7.60839805e-02 -1.38317645e-01 -5.48492335e-02 -2.31588319e-01
 -3.04110572e-02 -2.66133666e-01 -1.28963473e-03  1.18323557e-01
  1.61555439e-01 -1.02711655e-01 -1.16231136e-01 -5.11930473e-02
  2.91858688e-02  3.62302326e-02  3.19637433e-02 -3.64575498e-02
  7.98823982e-02  4.98700142e-02 -7.48157874e-02 -6.50395080e-02
  6.19090348e-02  5.55383377e-02  3.10405623e-02  4.57386253e-03
 -1.21152364e-01 -4.86709625e-02 -1.33721620e-01  3.33921909e-02
  5.49730584e-02 -1.50621697e-01 -3.63519602e-02 -1.56414181e-01
  2.91367825e-02  1.04558490e-01  4.35375236e-02  1.11014564e-02
  1.18157119e-01  3.13773081e-02 -1.21903364e-02 -9.79382638e-03
 -2.32340962e-01  5.94662055e-02 -7.17090079e-05  8.14646184e-02
  4.86558937e-02 -5.00355335e-03 -1.19030792e-02 -3.47264879e-03
  1.12106418e-02  2.48699151e-02  1.52080461e-01 -1.17354654e-01
 -1.79028556e-01  8.58966857e-02 -1.38239965e-01  8.60268474e-02
 -8.49075019e-02  2.64301933e-02 -1.72710158e-02 -4.78941314e-02
  1.30313784e-01 -5.76565564e-02  1.60423264e-01  1.44139126e-01
  1.11164942e-01  7.06294999e-02 -1.04155861e-01 -2.99367011e-02
  6.70639053e-02  6.87170774e-02  7.09972233e-02 -1.39735058e-01
  7.98409358e-02 -2.33146280e-01  7.46473344e-03 -2.47015968e-01
  2.86168367e-01 -7.61926025e-02 -2.99731921e-03 -1.52061693e-02
 -4.23345156e-02  1.10683055e-03 -5.70649914e-02 -1.34471446e-01
 -1.04944319e-01 -7.08625987e-02  4.86684367e-02 -4.20233868e-02
 -3.93086337e-02 -5.08298315e-02 -9.01700258e-02  2.56908964e-02
 -1.03654265e-01  1.96187437e-01 -1.41742617e-01  1.08999513e-01
 -2.42377855e-02 -4.04014029e-02  1.85189396e-01 -2.14133427e-01
 -8.97894949e-02  1.18170194e-01 -5.66455014e-02 -3.44975553e-02
  5.18878624e-02 -7.31049990e-03 -1.05651133e-01  1.08367540e-01
  1.21566378e-01  6.56929659e-03  4.29615155e-02 -1.54472664e-01
 -2.39072517e-01  2.27344796e-01  6.43318966e-02 -1.71938688e-02
 -1.07805617e-02  1.98803768e-02 -1.09886855e-01 -6.73534349e-02
  1.38050497e-01  1.66606605e-01 -1.71668589e-01 -1.43049046e-01
  7.15795532e-02 -6.94184601e-02 -3.21212150e-02  1.75017834e-01
 -1.56637013e-01 -1.06405251e-01  2.51677707e-02 -5.01358509e-03
 -1.05309874e-01  2.56386280e-01  3.44844088e-02 -1.75061747e-02
  6.43571913e-02  5.96928224e-02  3.70411247e-01 -1.26528889e-01
 -1.95195988e-01 -2.75197983e-01  6.76195323e-02 -2.24624261e-01
 -8.93695876e-02  7.86021426e-02 -2.62748040e-02  3.65662366e-01
  1.10926054e-01  5.23662306e-02  1.89283296e-01 -1.30050480e-01
 -1.10356703e-01 -3.15623395e-02 -1.34584978e-01  6.34094626e-02
 -1.23798855e-01 -1.77501202e-01 -4.59151603e-02  1.00290991e-01
  1.74084052e-01 -2.01458810e-03 -2.23086149e-01  5.18164597e-02
 -1.60849262e-02 -2.44644195e-01 -8.73266235e-02  2.90214092e-01
  2.03190789e-01 -4.87558544e-02  8.90017450e-02  2.28008792e-01
  1.46889817e-02 -2.03517750e-01  2.02866271e-01  3.07674766e-01
  3.45063433e-02 -2.33669177e-01  6.81375414e-02  1.93320394e-01
  9.09470245e-02 -6.77779391e-02 -9.99499410e-02  2.38340810e-01
 -2.30487004e-01 -1.03577398e-01 -2.27348655e-01 -7.38155991e-02
 -1.65674046e-01 -7.45532475e-03  9.33179185e-02  1.27472475e-01
  1.81010813e-01 -2.88648643e-02  1.70982301e-01 -1.46071598e-01
  1.80263028e-01  1.19442515e-01 -3.23575661e-02 -1.11827575e-01
  7.07486719e-02  6.79473430e-02  2.14369431e-01 -7.69940615e-02
  6.32514134e-02  1.50541002e-02 -2.58038826e-02 -1.25592902e-01
 -1.36632826e-02  5.65891452e-02  2.06829175e-01  6.21527694e-02
  1.55917048e-01  1.84245810e-01  6.23804107e-02 -1.89819127e-01
  1.42190129e-01 -9.07921046e-02 -1.41077384e-01  1.11232564e-01
 -3.09910290e-02 -6.29956946e-02 -4.34230044e-02  5.59911132e-02
 -5.82237877e-02 -9.63753015e-02 -1.12750001e-01 -2.15973984e-02
  9.66710597e-02  6.77587185e-03 -1.72804296e-01 -5.99688329e-02
 -7.35699981e-02 -1.87069386e-01  1.28098473e-01 -3.88549864e-02
 -9.40475762e-02 -4.69764657e-02 -2.79214252e-02 -8.66258219e-02]