http://erau.edu/ontology/meme.owl#LOLWUTMeme
[-1.37073547e-01 -2.00216740e-01  1.05121925e-01  9.24551785e-02
  3.18955928e-02  1.14121787e-01  1.57798633e-01  2.72726528e-02
  1.28884539e-01 -1.30864367e-01  1.57112300e-01 -1.04936488e-01
 -1.25912890e-01 -3.78172658e-02 -1.52300194e-01  1.81696266e-01
  1.45046473e-01  2.22881928e-01  2.29664594e-01  1.93336144e-01
 -2.14271218e-01 -2.99149752e-02  1.60965756e-01 -5.80361933e-02
  2.83243984e-01 -7.34464377e-02  4.36471254e-02 -1.31659523e-01
  3.56500626e-01  2.68645048e-01 -1.75617598e-02  1.64891109e-01
  1.32268697e-01 -1.75016716e-01 -1.19000725e-01  2.92970896e-01
 -1.27977997e-01  8.45578387e-02 -6.48293272e-02 -2.29455113e-01
  1.64610706e-02  2.18069151e-01 -2.34849021e-01 -5.36803566e-02
 -4.96024117e-02  2.17086911e-01 -1.31315336e-01 -1.67317137e-01
  9.06860679e-02  2.58388948e-02  5.87991253e-03 -1.89917944e-02
 -1.27476022e-01 -1.31902784e-01 -1.41272128e-01 -2.25809054e-03
  2.17711389e-01 -1.31121829e-01  1.41055912e-01  1.26932025e-01
  5.88308051e-02 -1.54902726e-01  2.16415703e-01  9.53519195e-02
 -2.97550946e-01 -1.02849133e-01 -1.69835538e-01 -4.50544767e-02
 -1.65404201e-01 -2.88765490e-01 -1.96476355e-01  4.78720292e-03
  1.16359077e-01  1.76800206e-01  1.40458226e-01  1.87713653e-01
 -2.04713151e-01  1.20826922e-01  2.46775270e-01  1.79916576e-01
 -8.64117891e-02 -6.78924322e-02  7.74676874e-02 -2.06722289e-01
  8.13250244e-02 -1.39211237e-01 -1.43214986e-01  7.61759207e-02
  1.48991868e-01  3.77739444e-02 -1.06181815e-01 -4.36522603e-01
  1.59662470e-01 -1.64993569e-01 -1.68055683e-01  1.79702528e-02
  8.86040777e-02 -9.30905491e-02 -5.54237813e-02 -1.53122574e-01
  1.28608763e-01  2.25940198e-02  3.24937642e-01 -1.81748644e-01
  9.01256651e-02  6.46332577e-02  3.01272839e-01 -1.09262958e-01
 -8.73287767e-03 -1.28200904e-01  1.06546760e-01 -1.32274218e-02
 -1.40714243e-01 -1.16705731e-01  3.41218501e-01  1.41103461e-01
 -3.32693338e-01 -3.27254146e-01  1.60231411e-01 -2.45592669e-02
 -1.57855436e-01 -4.73460332e-02  7.80882593e-03  1.33385494e-01
  2.10440457e-01 -1.49983168e-01 -5.27650081e-02  3.50563489e-02
  1.62995346e-02 -8.89656842e-02 -4.24101532e-01 -6.69933408e-02
 -6.53481558e-02 -1.64254859e-01 -8.14793110e-02  3.12992632e-01
 -2.27194890e-01 -8.05535540e-02 -2.12848246e-01 -9.91407335e-02
 -4.64535534e-01 -4.11501750e-02  1.09703168e-01  3.68820652e-02
  2.86926359e-01 -1.82332888e-01 -4.90924716e-02 -1.46894649e-01
  4.15039994e-02  4.14269686e-01 -2.00959798e-02 -2.02948958e-01
 -1.14041008e-03  1.12416610e-01 -2.07691625e-01  8.96627009e-02
 -2.23531157e-01  1.85028344e-01  1.10318288e-01 -1.68921292e-01
 -7.31312409e-02 -3.45793724e-01 -7.52613991e-02  7.77717754e-02
 -2.12277278e-01 -2.27932200e-01 -1.35678723e-01  1.18163280e-01
 -4.39821929e-01  1.03511745e-02  6.02778755e-02  1.98192552e-01
  3.03213656e-01  1.58369765e-01  1.21204723e-02 -4.83083241e-02
 -5.13090156e-02 -6.68492094e-02  2.59709179e-01 -9.48659629e-02
 -1.41240254e-01  1.91410810e-01  1.55144632e-01  1.05599336e-01
 -1.78368583e-01 -9.68117639e-02  1.45163819e-01  2.01024413e-01
  3.39746356e-01 -1.74585730e-01  1.20399654e-01 -8.03008974e-02
 -2.48976514e-01  6.76227210e-04 -7.87287131e-02 -6.47211820e-02
  1.16227819e-02  1.10031575e-01 -1.94592372e-01  9.55672935e-02
  1.47637501e-01  6.95273578e-02  7.25569054e-02  7.39731034e-03
 -1.11816369e-01 -2.10573643e-01  6.46114349e-03 -3.74010950e-02
  2.92566717e-01  2.98055798e-01  2.89265335e-01  1.21937416e-01
 -6.25573546e-02 -6.45261928e-02  1.89852357e-01 -1.21943913e-01
 -1.11254625e-01 -1.30335033e-01  2.39175066e-01  1.76609129e-01
  3.08483779e-01  2.07850903e-01 -1.33671775e-01  1.30375102e-01
 -1.08561248e-01 -2.41640687e-01 -2.93291640e-02  3.29933874e-02
 -6.37453794e-02 -1.15243070e-01  1.12246936e-02  1.52845085e-02
 -1.59115884e-02 -2.37146869e-01  2.17585396e-02 -3.34857479e-02
 -2.42881745e-01 -6.29407763e-02 -7.92090874e-03 -9.41446051e-02
  7.35509470e-02 -3.61747816e-02 -6.55106679e-02 -6.30821511e-02
 -1.88090101e-01 -2.98966412e-02 -1.66830793e-01  7.17043877e-02
 -2.29718730e-01  6.34980574e-02  8.23903307e-02 -5.83583787e-02
  1.36737227e-01  4.98219766e-02  2.32098728e-01 -8.69578123e-02
 -7.21288770e-02  2.78946124e-02 -1.18529886e-01  1.15028031e-01
 -1.79762229e-01  4.95786816e-02  9.42362994e-02  4.50995080e-02
 -5.90878688e-02  4.63277474e-02 -4.18848060e-02  9.20553505e-03
  9.26276147e-02 -8.12548473e-02 -3.75365950e-02  6.24517794e-04
 -1.03684060e-01  7.58883655e-02  1.32855192e-01 -8.19777101e-02
 -1.34755652e-02  1.94538645e-02  1.31559093e-02 -2.57895458e-02
  8.94716680e-02  2.02807561e-01 -1.61784440e-01 -1.67777538e-02
 -6.14636131e-02 -1.51793705e-02 -2.39016071e-01 -7.41217956e-02
 -1.00944310e-01  9.18153599e-02  1.28778145e-02  1.17672039e-02
  3.87071297e-02 -1.69510022e-01  1.46992654e-01  5.49137853e-02
  8.50320980e-02  2.13405583e-02 -2.04862077e-02 -1.10919803e-01
  8.93876888e-03  1.44774243e-01  1.18476197e-01  3.36486548e-02
  2.53311638e-02 -3.93391103e-02  1.00571580e-01 -9.51744542e-02
  9.97119918e-02  2.09084023e-02  1.33846011e-02 -2.04106227e-01
  9.83931944e-02  9.05465409e-02 -6.49474412e-02  9.98623576e-03
 -1.85966771e-02  1.34854928e-01 -5.49577456e-03 -1.04334109e-01
  4.48825695e-02 -3.43101211e-02  1.62416205e-01  1.84565395e-01
 -5.33629209e-02  4.04056720e-02 -1.00709945e-01 -1.35016264e-02
  1.39150307e-01  2.37000789e-02 -3.21503170e-02  8.88492465e-02
  1.33921951e-01 -3.59107777e-02  5.63264340e-02 -7.21739382e-02
  6.42072363e-03  8.99782777e-02  3.09346020e-02  1.35248184e-01
 -1.48696452e-01  1.38592988e-01  5.23309708e-02 -4.07371856e-02
 -2.15840742e-01  4.46802378e-02 -2.41838634e-01  2.44474053e-01
 -1.37193722e-03 -1.25492796e-01 -1.22910859e-02  1.47704050e-01
 -1.26084924e-01  1.64845243e-01 -1.44078523e-01  7.85085633e-02
 -1.55495014e-02 -5.14783971e-02  2.35485464e-01 -6.19254932e-02
 -5.75392283e-02  1.89321235e-01 -9.30701848e-04  1.02813601e-01
  1.45746237e-02 -1.04728967e-01 -1.16671614e-01  8.84855464e-02
 -2.95974016e-02  9.41335317e-03 -8.62283483e-02  1.04264133e-02
 -7.18680918e-02  1.41529217e-02  2.10404638e-02  2.63382361e-04
 -5.06261643e-03 -6.50224800e-04  8.46662819e-02 -1.44194260e-01
  7.59704113e-02  1.06375478e-01 -1.71991333e-01 -1.46238998e-01
  1.24993943e-01 -5.97493984e-02 -1.82356313e-01  2.60733902e-01
 -7.01847598e-02 -1.41262278e-01 -1.10260226e-01  1.33787826e-01
 -1.26838773e-01  1.15805939e-01  3.67475338e-02 -2.37627491e-01
  9.55651104e-02  8.18634555e-02  3.01899612e-01 -1.28180400e-01
 -1.01501167e-01 -6.69046193e-02  4.17669378e-02 -2.42468372e-01
 -4.39568572e-02  2.37238389e-02 -1.23371221e-02  8.94932300e-02
  1.60226509e-01 -1.75096691e-02  2.30013222e-01 -1.69483244e-01
 -3.28078777e-01 -1.39647573e-01  1.13871291e-01  1.98100865e-01
 -5.79849444e-02  1.05746962e-01 -1.37237292e-02 -1.47149442e-02
 -1.72831547e-02 -1.43211558e-01  3.47925238e-02 -5.37570566e-02
 -3.35160866e-02 -3.17705303e-01  8.17690864e-02 -3.20308954e-02
  1.34077564e-01  6.70082448e-03  3.09073269e-01  2.04719678e-01
  1.86377376e-01 -9.68259424e-02  1.06337652e-01  9.90305990e-02
 -9.89582092e-02 -4.88913208e-02  2.01154947e-02  9.80001763e-02
  7.04408810e-02  1.68629140e-01 -4.34431732e-02  3.31964374e-01
 -3.14338744e-01 -4.58819717e-02 -8.55975449e-02 -1.21875413e-01
 -1.00151688e-01  1.60861477e-01 -5.15088812e-02  5.16256765e-02
  1.83724925e-01 -1.01055361e-01  2.32685328e-01 -1.36862218e-01
  2.46219680e-01  7.86722302e-02  1.40272766e-01 -7.90351257e-02
  1.47727698e-01  1.67316839e-01  1.69598684e-01 -1.11336567e-01
 -1.09593004e-01  3.26311775e-02  1.20223925e-01 -1.93210259e-01
  5.88046573e-03  1.87081531e-01  9.85177699e-03  3.90812121e-02
  2.46625826e-01  9.54091400e-02 -8.97987708e-02 -9.94953979e-03
  1.54039308e-01 -1.23954549e-01  7.88712651e-02  2.00857341e-01
 -8.97235647e-02 -4.07784954e-02 -2.10487600e-02  1.70982867e-01
 -1.33654401e-01 -3.47480804e-01  6.80624694e-02 -1.96052045e-01
  1.56462997e-01  9.56420079e-02 -9.74956825e-02  4.70767468e-02
  5.68569778e-03  1.88804176e-02  5.68813980e-02  1.89206377e-01
  7.84966722e-03 -9.43424478e-02  1.35711968e-01  1.36147633e-01]