http://erau.edu/ontology/meme.owl#EVEOnlineTheBloodbathofBR5RBMeme
[ 3.37165557e-02 -7.79960304e-02  1.80588886e-01 -1.10411577e-01
  4.78007235e-02  1.37938663e-01  2.74043888e-01  2.53691003e-02
 -7.54044801e-02 -1.30436942e-01 -3.06273699e-02  3.53505351e-02
 -1.41390875e-01  2.10519731e-02 -4.46783286e-03 -3.83206978e-02
  2.70518241e-04  1.47479311e-01 -1.57499596e-01  3.02118752e-02
 -2.27319822e-01  4.59065959e-02  1.68350250e-01 -1.53907398e-02
 -5.81481978e-02  6.73507573e-03  3.17011215e-02 -6.86418414e-02
  2.36177534e-01 -2.01876268e-01  4.04216396e-03  1.16574056e-01
  1.11294992e-01 -1.76161349e-01 -1.71245605e-01  3.50373715e-01
 -1.01717785e-01  1.54282421e-01 -4.50978167e-02 -4.78577502e-02
 -8.47762823e-02  2.66225427e-01 -3.67520839e-01 -9.87823978e-02
 -7.17756047e-04  1.06931172e-01  9.46085602e-02 -7.60117248e-02
  5.82916774e-02  2.97005251e-02  1.64473698e-01 -2.77957367e-03
 -1.86171830e-02 -5.05826063e-02 -2.23277703e-01 -1.04100861e-01
  2.25269541e-01 -2.73498327e-01  9.56877787e-03  5.62602021e-02
 -1.53719619e-01 -1.13270275e-01  1.00840382e-01  5.86957932e-02
 -2.38660932e-01 -1.28731132e-01 -2.23912280e-02 -8.88799727e-02
 -5.95986582e-02  2.18842663e-02  1.33499399e-01  2.61112541e-01
  1.42207086e-01  1.85232803e-01  1.66468788e-02  1.37478992e-01
 -1.51878715e-01  1.00390008e-02  1.82091102e-01  1.18551545e-01
  4.26320452e-03 -1.16390467e-01 -1.43183380e-01 -2.45227113e-01
  4.85593714e-02 -8.12928826e-02 -6.13168851e-02 -2.54343753e-03
  1.51810914e-01 -1.00906380e-01 -8.36547762e-02 -3.45469713e-01
  1.36969894e-01  5.33677358e-03 -4.27747220e-02  4.76258509e-02
 -1.81644678e-01 -6.41847923e-02 -3.73623334e-02 -6.59828708e-02
  5.91327809e-02 -5.82879484e-02  3.18287581e-01 -3.14759128e-02
  2.51519699e-02  8.96424279e-02  1.14654198e-01  1.52020112e-01
  2.22933367e-01 -2.86228936e-02 -1.08696267e-01  1.02322437e-01
 -6.04528673e-02 -1.02390915e-01  1.06111608e-01  5.14421128e-02
 -2.45039344e-01 -4.60940637e-02  3.58581282e-02  1.90089434e-01
 -2.00784691e-02  1.52282193e-02 -1.82725653e-01  2.13075597e-02
  4.55907322e-02  5.37306676e-03  8.76827165e-02  1.36935949e-01
  2.55824149e-01 -1.59677910e-03 -1.47784695e-01 -1.73792183e-01
 -4.87134717e-02  5.06588677e-03  5.16685918e-02  1.57567710e-01
 -2.40727495e-02  9.81116891e-02 -9.52405110e-02  2.75121499e-02
 -1.70497745e-01  1.17020488e-01  1.20244116e-01  1.76652342e-01
  1.25188708e-01  1.43948952e-02  4.55460250e-02 -1.36830673e-01
  2.96186395e-02  2.07980379e-01 -2.89716832e-02 -6.93743303e-02
 -5.37580103e-02 -2.06043169e-01 -3.11782509e-02  4.28153016e-03
 -1.42174065e-01  1.32432505e-01  1.41845094e-02 -2.46434987e-01
  7.63344914e-02 -1.85314551e-01 -2.38910556e-01  1.77797005e-02
 -3.38998944e-01 -1.81611270e-01  2.32178681e-02  2.80095577e-01
 -1.76216513e-01  1.65989757e-01 -2.54882686e-02  8.50743726e-02
  1.69271573e-01  2.16046140e-01 -3.66941728e-02 -1.89416453e-01
 -5.19178435e-02  4.69204597e-02  1.93533674e-01  7.34409764e-02
 -1.16350643e-01 -2.86829397e-02  1.88297465e-01 -3.57692204e-02
 -9.50758830e-02 -5.82096726e-02  2.87097283e-02  1.72302231e-01
  1.45082936e-01  1.05460346e-01 -6.36934489e-02 -1.96340401e-02
 -7.86298215e-02  1.57180689e-02 -1.21009871e-01  4.03091125e-02
  4.44616601e-02  1.51737677e-02 -7.89342895e-02 -6.87752515e-02
  8.28419346e-03  7.31425220e-03  9.92956758e-02  8.35597515e-02
 -3.45000848e-02 -1.93876654e-01  1.41078994e-01  3.91123146e-02
  1.05675332e-01 -3.29694562e-02  1.40379876e-01 -8.00388157e-02
  6.59585223e-02 -6.86002313e-04  5.35916463e-02 -6.83467537e-02
  6.07739389e-02  4.65552770e-02  1.77806556e-01  1.53110683e-01
  1.73829883e-01  2.46351793e-01  2.14818325e-02  1.64987057e-01
 -6.76673204e-02 -5.64461537e-02 -8.58394206e-02 -9.56423879e-02
 -4.73832898e-02 -8.13894421e-02  6.30424768e-02 -2.94281682e-03
 -1.42249480e-01 -9.63696688e-02  1.30446345e-01  1.69157341e-01
 -6.81994632e-02  7.29291961e-02  1.73295230e-01  1.48641607e-02
 -7.07475543e-02  1.13442522e-02  1.71874035e-02  7.90892839e-02
 -1.92911282e-01 -8.55283737e-02 -3.29753608e-01  8.84447396e-02
 -8.25868919e-02  1.43435299e-01 -5.43833598e-02  1.92075744e-02
  1.02859028e-01 -4.80014347e-02  2.29184374e-01  1.94588993e-02
 -7.09729642e-02 -4.10578493e-03  8.03747997e-02 -1.94424897e-01
 -2.55457461e-01 -2.33643547e-01 -1.46869272e-01 -1.53682217e-01
 -6.50654510e-02 -3.88570577e-01  5.87605946e-02  2.09995717e-01
  1.13069817e-01  6.52661622e-02 -7.06273392e-02 -5.40691689e-02
  3.42100486e-02  7.75024742e-02  2.61384487e-01 -1.00273944e-01
  2.03226402e-01 -1.24606937e-02 -9.28432867e-02 -1.04337469e-01
  1.12231731e-01  2.34813452e-01 -1.59079254e-01 -2.10966930e-01
 -1.82227880e-01  1.67057533e-02 -1.20095555e-02 -7.50672519e-02
 -5.13476729e-02 -1.67297617e-01  1.21670760e-01 -4.16503996e-02
 -7.73638785e-02 -1.79029703e-01 -6.19963780e-02  5.38927875e-02
  1.31466657e-01 -3.13108936e-02 -4.19153012e-02 -2.41989940e-01
 -1.78504333e-01  1.39822457e-02 -4.66772988e-02  8.06374624e-02
 -2.09042624e-01 -1.38361812e-01  2.97502160e-01 -3.96455042e-02
 -5.88897197e-03 -4.36266363e-02  1.35013774e-01 -1.83129594e-01
  3.12946104e-02 -7.22090974e-02 -2.42832422e-01  2.55361609e-02
 -2.36136802e-02 -1.04542151e-01  1.97980151e-01 -1.53559372e-01
 -7.21237734e-02 -1.86435476e-01  2.44896919e-01  2.73702741e-01
  8.81569181e-03  6.45500198e-02 -1.35220468e-01  7.25057647e-02
  3.11081976e-01  9.56288055e-02 -3.04318331e-02 -3.87451760e-02
 -3.37422988e-03  3.62198912e-02  9.53346193e-02 -2.46504247e-01
  9.91250351e-02  9.56154838e-02  1.52586088e-01  4.25755419e-02
  8.12046528e-02 -4.20199968e-02 -9.48062725e-03 -5.35636805e-02
  1.00940190e-01 -5.56030944e-02 -3.74730043e-02 -9.36667845e-02
  2.49293089e-01 -1.25147656e-01 -6.30925596e-02  1.73893431e-03
 -2.97944635e-01  7.62621015e-02 -3.33780229e-01  1.16578408e-01
  1.38000801e-01  1.16740979e-01  1.83549225e-01 -8.35346654e-02
 -5.46865128e-02  3.51672024e-02  9.07737296e-03 -1.06062647e-02
  1.58707187e-01 -1.59059063e-01 -7.52530396e-02  2.82852024e-01
 -1.66211128e-02 -9.46003944e-02  1.02664433e-01 -2.48608068e-01
 -4.73233014e-02  8.14709738e-02 -2.50424463e-02  4.20253165e-02
 -1.82949170e-01  7.12377205e-02 -1.03022121e-01  2.84083690e-02
 -2.21599698e-01  3.39579433e-01 -1.16418213e-01 -1.39982343e-01
  5.25737787e-03  9.81059819e-02 -6.70743361e-02  1.31449196e-02
  1.07597969e-01  1.27514064e-01  7.74974748e-02 -6.60006031e-02
  5.33332415e-02  5.62549792e-02 -3.48647088e-02 -1.14573091e-01
 -9.70396325e-02 -1.18987203e-01  3.07682734e-02  2.24377275e-01
  1.32372215e-01  3.62152345e-02  6.02800436e-02  1.39501125e-01
  1.09271845e-02  3.46014574e-02  4.22318131e-02 -1.62372485e-01
  1.15566567e-01  4.02064696e-02  2.03681618e-01 -1.19039349e-01
 -7.60482550e-02 -9.97563601e-02 -7.73816630e-02 -2.60124588e-03
 -1.13891728e-01 -6.49591088e-02  7.92169198e-02 -1.21215370e-03
  1.84308320e-01  6.60319440e-03 -2.37416416e-01 -5.39417751e-02
  1.70004200e-02 -1.40392169e-01 -1.31778285e-01 -1.19087007e-02
  1.15228944e-01 -6.38299212e-02  2.34722391e-01  1.93630293e-01
  9.42846462e-02 -1.50531065e-02  2.98653036e-01  2.84599990e-01
  1.49671063e-01 -2.58455545e-01  5.96546531e-02  1.81084007e-01
  6.03599921e-02  2.80039757e-01 -1.84802607e-01  3.21610004e-01
 -3.06737989e-01 -7.57104009e-02 -2.31987134e-01 -1.72408335e-02
  1.36084929e-01 -6.02826476e-02 -1.16177000e-01  8.75413939e-02
  1.97948620e-01 -1.12186320e-01  1.35510623e-01  5.32218590e-02
  7.82427564e-02 -2.52041947e-02 -1.32884055e-01 -2.61863917e-02
  1.08690135e-01  1.32735372e-01  8.48160461e-02 -8.31474457e-03
 -4.68778275e-02  2.20428541e-01  4.82764049e-03 -2.55019832e-02
 -5.20589091e-02  1.85795631e-02  2.00476259e-01  1.14837877e-01
  2.03560427e-01  1.82391956e-01  4.20930563e-03 -1.34920195e-01
 -6.68583252e-03 -3.96888047e-01  3.70509960e-02  5.35699800e-02
  1.86283693e-01  1.45227090e-01  2.15572007e-02  2.56238520e-01
 -1.95163727e-01 -1.16567336e-01 -1.47502578e-03 -5.75732701e-02
  2.46358931e-01  1.20607629e-01 -8.18002224e-02  5.85932508e-02
 -1.26201004e-01  1.19303598e-03  1.92833737e-01 -5.24488240e-02
  4.72220182e-02 -6.25408888e-02  7.40328664e-03  1.11947022e-01]