http://erau.edu/ontology/meme.owl#NuggetinaBiscuitMeme
[-1.51825085e-01 -1.01591647e-01  5.46431839e-02  3.91892046e-02
  2.45588254e-02  1.14861354e-01  1.70012280e-01  7.04001188e-02
 -1.26470951e-02 -1.46404192e-01  9.29305889e-03 -6.14561625e-02
 -9.19584185e-03 -6.14031916e-03 -3.99366096e-02  4.26206226e-03
  4.56584878e-02  4.43603843e-02 -1.00367004e-02  1.39374226e-01
 -2.66659260e-01  5.49319647e-02  3.35938260e-02 -8.41283277e-02
  1.03913039e-01 -8.92232731e-02 -7.34911263e-02 -5.37439995e-03
  2.97499537e-01  5.26208468e-02  2.42429420e-01  1.84110418e-01
  3.10880598e-02 -9.96937230e-02 -1.67752635e-02  1.00408807e-01
 -2.76613086e-02  3.64200249e-02 -4.96665249e-03 -1.19912498e-01
 -1.26517817e-01  5.68950810e-02 -2.04664454e-01 -1.09863587e-01
  8.15011039e-02 -1.23343974e-01  2.31419578e-02 -1.16211444e-03
 -8.96340758e-02  9.13002118e-02  1.36471421e-01  4.83878851e-02
 -1.02941714e-01 -6.74101338e-02 -9.18191448e-02 -1.95088219e-02
  5.69686666e-02 -4.28139493e-02  8.09048861e-02  1.43875228e-02
  1.33109614e-02 -5.83194569e-02  2.31600218e-02 -3.17061618e-02
 -9.02323499e-02 -1.08410351e-01  5.59177846e-02 -6.36470243e-02
 -1.26995847e-01 -4.84553836e-02 -5.82141988e-02  9.89383906e-02
  1.93017825e-01  1.38098290e-02  5.99581748e-02  1.01136714e-01
 -6.78713620e-02  4.03446183e-02  1.36019513e-01  5.52973710e-02
  2.47630272e-02 -9.65024754e-02 -4.99033555e-02 -1.23610437e-01
  1.16477497e-01 -8.02796483e-02 -1.78987592e-01  5.39347976e-02
  3.74208614e-02 -1.84674665e-01  1.87855046e-02 -2.27966025e-01
  1.42304674e-01 -5.79201691e-02 -5.54844365e-02 -1.88944098e-02
 -7.74153471e-02  2.17964165e-02 -3.21452878e-02 -6.25908822e-02
  1.23738706e-01 -3.97018082e-02  2.68564582e-01 -1.57751404e-02
 -3.62401605e-02  5.10545671e-02  1.09840771e-02  4.36150804e-02
 -3.12030525e-03  4.80103306e-02  3.77397090e-02  5.79915531e-02
 -1.07629098e-01 -1.20260917e-01 -1.02932006e-02  9.08927470e-02
 -1.44480869e-01 -3.40520255e-02  8.53333995e-02  6.77777454e-02
  8.27407464e-02 -1.03095457e-01 -1.50431961e-01  6.65727779e-02
  1.22396871e-01 -9.88863036e-02  5.68037741e-02  7.22120553e-02
  7.31959194e-02 -7.23466929e-03 -2.09632844e-01 -6.07582666e-02
 -2.89988723e-02 -1.31394818e-01  9.47476085e-03  1.46516105e-02
 -7.64043778e-02 -7.74542391e-02 -4.36008051e-02  7.28956908e-02
 -1.84939742e-01 -1.33248195e-01  1.43203437e-01  1.30685911e-01
  2.88094059e-02 -1.55337065e-01  1.00485921e-01 -1.06577389e-01
 -4.57939059e-02  1.33707941e-01 -4.68301214e-02  4.06721607e-02
 -1.09076723e-01  1.03307217e-01 -1.07361615e-01  6.84369951e-02
 -3.54611874e-02  2.99966246e-01  1.94563344e-02 -1.09891638e-01
  1.46748424e-01 -6.45614192e-02 -2.01752931e-02 -9.80320945e-02
 -1.51208535e-01 -1.25333026e-01  9.54402685e-02  1.16569780e-01
 -3.11386228e-01  1.31604880e-01 -1.33616589e-02  1.68675184e-01
  2.23736346e-01  7.25730360e-02 -1.13601327e-01 -4.78301048e-02
 -1.47873014e-01 -5.69613948e-02  9.70422029e-02  1.02405190e-01
 -5.42007647e-02  9.58673581e-02 -8.79219919e-03  4.87002917e-03
 -4.25316468e-02 -5.23259267e-02  1.40121207e-01 -4.21677828e-02
  1.65929437e-01 -5.77871837e-02 -2.49073002e-02  5.83907999e-02
 -1.85819626e-01 -1.13572955e-01  3.21382806e-02  7.08305323e-03
  5.20244427e-02  1.50677070e-01 -9.34212655e-02 -1.16860911e-01
 -5.73771596e-02  4.39112484e-02  1.01690598e-01  8.25423282e-03
 -1.32021289e-02 -2.51053452e-01 -4.76911338e-03 -3.92814949e-02
  1.07863195e-01  7.69194290e-02  3.28445047e-01  9.84974504e-02
  7.79053345e-02 -6.83013722e-02  3.43563035e-02  8.17403644e-02
 -2.96486784e-02 -2.95531657e-02  1.10509850e-01  1.28528029e-01
  1.83965370e-01  8.83709267e-02 -1.90909989e-02  9.59535614e-02
 -4.81755094e-04 -3.62548716e-02 -5.80989197e-02 -1.13351248e-01
 -9.72035341e-03  6.50206581e-02  1.14373438e-01  7.92665966e-03
 -9.53701958e-02 -6.09900765e-02  9.55490544e-02  1.77430660e-01
 -9.61618125e-02 -4.83868048e-02  8.19710642e-02  3.67023647e-02
 -7.92236403e-02  5.26642464e-02  6.57559261e-02 -1.54282758e-02
 -2.15758100e-01  9.92121175e-03 -1.50699764e-01 -1.66021138e-01
 -1.95482429e-02 -1.76892988e-03  4.36952449e-02  2.83598062e-03
  8.87628347e-02 -5.78408549e-03  1.71364993e-01  3.21865976e-02
 -1.26169264e-01 -5.35155050e-02 -1.28422365e-01 -2.45655160e-02
 -2.90587135e-02 -1.23626381e-01 -1.13927228e-02 -8.72996449e-02
 -7.83628449e-02 -1.12921983e-01  1.11344494e-01  5.34189828e-02
  1.11086302e-01  4.52585965e-02 -1.53921135e-02  1.69590320e-02
  8.15434381e-03 -1.04018794e-02  1.26622781e-01  8.90945829e-03
  3.97993065e-02 -1.74223632e-02 -4.48458232e-02 -8.39169249e-02
  7.24594146e-02  1.94954917e-01  5.42074852e-02 -1.47684231e-01
 -4.72510979e-02 -8.16533566e-02  3.61668244e-02  4.41560447e-02
  5.58197172e-03 -1.37958080e-01  3.03209294e-02 -1.27899453e-01
 -5.37852086e-02  1.12687256e-02  1.92355476e-02  6.92172423e-02
  1.04579575e-01  1.21117905e-02  4.17494439e-02 -6.95923418e-02
 -1.27470389e-01  4.77384925e-02  8.77191201e-02  6.76040649e-02
  7.06791282e-02  4.38351035e-02  6.13646246e-02 -6.43128250e-03
 -1.13919452e-01 -8.75606611e-02  2.11258203e-01 -4.43563797e-02
 -1.18330383e-04  4.34191935e-02 -4.02168594e-02  3.99521068e-02
 -5.20126298e-02 -1.05635010e-01  1.09129533e-01 -9.47099999e-02
  6.82254285e-02 -1.59851268e-01  1.24573549e-02  1.14648513e-01
 -1.83830541e-02 -1.42526608e-02 -7.08395056e-03  8.60831887e-02
  5.37240468e-02 -1.70300994e-02  9.85337887e-03 -4.90552075e-02
  4.00148965e-02 -9.96317044e-02 -4.32165824e-02 -1.98606685e-01
  4.20449786e-02  3.16909589e-02  1.60085671e-02 -6.78121522e-02
  7.07473606e-03  1.18669353e-01 -4.50111255e-02 -2.13541165e-02
 -5.11431955e-02  3.45067605e-02 -1.68519269e-03 -2.77014673e-02
 -2.37979889e-02 -5.19826785e-02 -8.41020867e-02  9.91770402e-02
 -4.65735607e-02  1.44870743e-01 -1.37694776e-01 -2.08017677e-02
 -1.15724951e-01 -7.22016394e-02  6.03219047e-02 -2.17631646e-02
 -9.37218666e-02  1.20732911e-01  2.65226122e-02 -6.85381666e-02
 -3.30142453e-02  2.81516965e-02 -9.29043218e-02  6.99648112e-02
  1.60623696e-02  3.90674733e-02 -1.24538448e-02 -5.93146197e-02
 -2.03206211e-01  2.75587086e-02  4.13472624e-03 -4.08575386e-02
 -5.53082861e-02  4.17069532e-02 -3.99454944e-02  1.16011575e-02
  1.31054893e-02  1.17313981e-01 -5.91665432e-02 -5.46517707e-02
 -3.91852856e-02 -5.52262701e-02 -7.21042678e-02  8.27047899e-02
 -6.81119710e-02 -6.92824647e-02  1.52050823e-01  1.19047277e-01
  2.05200054e-02  2.10780576e-01  7.19432458e-02 -1.07285939e-01
 -1.70593001e-02  5.42170517e-02  1.91071346e-01 -4.79910299e-02
 -1.44005328e-01 -1.81177825e-01  1.21915787e-01 -7.52653107e-02
 -7.15153068e-02  6.52474761e-02 -1.42449275e-01  1.57210976e-01
  7.08923442e-03  1.33990601e-01  4.51014638e-02 -6.39822409e-02
 -7.09781572e-02 -4.37374413e-03 -7.10269287e-02 -3.31033058e-02
 -1.04242183e-01 -8.10939148e-02 -3.10766976e-02  4.64298427e-02
  1.66537777e-01  4.12678048e-02 -1.50659040e-01 -6.01385138e-04
  2.00605784e-02 -1.16787240e-01  7.25330338e-02  1.30029708e-01
  8.13144669e-02 -6.74108714e-02  2.51345597e-02  1.75037131e-01
  3.00647784e-02 -1.15638904e-01  6.64012134e-02  1.33952543e-01
  5.27359471e-02 -1.79832458e-01 -6.74765706e-02  1.42232507e-01
  1.07489467e-01  7.07626790e-02 -1.81221649e-01  2.31420159e-01
 -1.94461167e-01 -6.00465797e-02 -2.51669586e-01 -1.24417432e-02
 -1.28875226e-01 -1.55439908e-02  1.03114828e-01  3.71781690e-03
  6.37504011e-02  7.74887158e-03  3.82892527e-02 -1.78352389e-02
  8.13187584e-02 -4.48620804e-02  8.17726403e-02 -1.57302339e-02
  5.12641408e-02  6.68925494e-02  1.31309226e-01 -5.65789491e-02
  1.57909840e-01  9.79888290e-02  1.05392036e-03 -1.27236828e-01
 -6.33506179e-02 -5.11196293e-02  1.74113274e-01  2.16018353e-02
  8.69541392e-02  1.46804109e-01  8.21748376e-03 -1.27024770e-01
  1.57877579e-01 -3.10005873e-01 -2.00641513e-01  1.35841534e-01
 -2.09877570e-03 -3.83127481e-02  4.37537301e-03  2.05823034e-01
 -1.22795105e-01 -1.60006136e-01 -3.78191583e-02 -4.61562350e-02
  1.86204702e-01  1.10915914e-01 -7.92922452e-02  4.26701196e-02
  4.05406617e-02  7.64949396e-02  1.78881943e-01 -9.15489439e-03
  2.58035008e-02 -8.27655941e-02  1.19108045e-02 -2.34230366e-02]