http://erau.edu/ontology/meme.owl#InsaneEdition10MinuteVideoChallengeMeme
[-8.15659910e-02 -7.52563253e-02  1.57874793e-01 -4.21365723e-02
  8.94137174e-02  5.69118932e-02  2.31627584e-01  8.86506587e-03
  3.71286683e-02 -1.13873161e-01  1.26447216e-01 -8.44231807e-03
 -1.19108424e-01  8.52238387e-02 -5.13008311e-02  4.34337817e-02
  1.62631840e-01  1.85365051e-01  1.13331005e-02  1.01302169e-01
 -2.48311982e-01  6.16088994e-02  1.11683555e-01 -8.88690278e-02
  3.97732444e-02  2.16620080e-02  7.88500458e-02 -7.55631179e-02
  2.75456488e-01  5.46000376e-02  2.18007918e-02  1.59789085e-01
  6.41345829e-02 -4.21364158e-02 -3.58987637e-02  3.64094615e-01
 -1.09296203e-01 -6.24443498e-03  1.64104495e-02 -9.70067531e-02
 -8.98230746e-02  1.68782562e-01 -2.24453107e-01 -1.44744307e-01
 -2.49749664e-02  6.33329302e-02  5.32540493e-02 -5.24070263e-02
  8.26131832e-03  3.43214311e-02  9.57480520e-02 -5.12733907e-02
 -6.00407720e-02 -1.38117835e-01 -1.04186319e-01 -7.81573448e-03
  1.60630286e-01 -1.44537851e-01  1.36815727e-01  5.34023941e-02
 -4.28812914e-02  1.23965489e-02  1.09066904e-01  1.23472558e-02
 -3.36505115e-01 -1.75545797e-01 -6.56952523e-03 -1.19510695e-01
 -1.05797447e-01 -1.64749712e-01 -1.16250247e-01  1.99582279e-01
  2.22767517e-01  2.47588813e-01  9.55111533e-02  1.97281107e-01
 -1.56919464e-01 -2.33260002e-02  2.44237155e-01  1.98431015e-01
 -6.26855856e-03 -1.14220440e-01 -1.91706628e-01 -2.69443452e-01
  3.26434299e-02 -9.30902585e-02 -9.38632563e-02  9.95102748e-02
  1.32423937e-01 -4.86793518e-02  7.18119089e-03 -4.37744677e-01
  1.40160605e-01  1.08937062e-02 -1.10293284e-01  1.55654311e-01
  4.91409213e-04 -1.27229527e-01 -1.16385676e-01 -3.07080541e-02
  1.15976155e-01 -2.92745116e-03  3.26444209e-01 -2.09660292e-01
  1.12552859e-01  6.38946891e-02  2.56202042e-01  7.02992231e-02
  1.27740592e-01 -1.91038158e-02 -4.08507418e-04  5.95923364e-02
 -2.56251007e-01 -2.21282199e-01  1.47967845e-01  6.62082732e-02
 -3.55996192e-01 -1.61111727e-01  3.80984880e-02  1.96475074e-01
 -1.08904324e-01 -7.57333562e-02 -3.98088656e-02  2.26510838e-02
  1.37484297e-01 -9.24432129e-02  5.19168526e-02 -1.45416316e-02
  1.80632472e-01  7.45861465e-03 -2.69355357e-01 -1.39689416e-01
 -8.39897059e-03 -3.17236967e-02 -3.03764846e-02  2.30375513e-01
 -1.14130884e-01 -7.95622617e-02 -1.08907804e-01 -3.82553227e-02
 -4.06327158e-01  1.14155106e-01  2.45690525e-01  2.10229158e-01
  2.77619421e-01 -1.20339386e-01  4.48214822e-02 -2.12702334e-01
 -2.05781907e-01  2.48309091e-01  2.05205269e-02 -8.07070807e-02
 -1.43340394e-01 -5.41052185e-02  5.68191987e-03  2.54798532e-02
 -2.17104182e-01  1.86393008e-01  6.06363341e-02 -2.32237324e-01
  1.06930785e-01 -1.92064077e-01 -1.26777932e-01 -4.79838531e-03
 -2.68472493e-01 -9.80183333e-02  8.07198435e-02  2.80808866e-01
 -3.56651872e-01  1.29385203e-01  3.32562551e-02  1.89179555e-01
  2.17828885e-01  2.31435657e-01 -7.98243657e-02 -5.07803522e-02
 -3.04703452e-02 -9.66283120e-03  3.07471722e-01  1.14667349e-01
 -8.08371902e-02  1.87541202e-01  1.29063830e-01 -6.10650033e-02
 -5.97193167e-02 -5.78828231e-02  1.88582391e-02  1.94555983e-01
  1.59099132e-01  5.23025356e-02  7.62479603e-02 -8.36219937e-02
 -2.19858229e-01 -1.71476811e-01 -2.22508144e-02  4.20048460e-02
 -1.55217107e-03  2.90927887e-01 -2.53581941e-01 -6.19864464e-03
  7.18778744e-02  6.08741641e-02  2.04465568e-01 -8.56573284e-02
 -6.97858259e-02 -3.11866015e-01 -5.80505691e-02 -1.00008562e-01
  1.39247343e-01  1.10086352e-01  3.39046508e-01  9.48380157e-02
  4.16840725e-02 -1.86480787e-02  1.31503437e-02 -6.94753677e-02
 -9.20013636e-02 -1.71025991e-01  1.61748737e-01  8.96753743e-02
  1.91486880e-01  2.43223846e-01  1.26812011e-02  1.08896486e-01
 -1.13506481e-01 -2.78989617e-02 -1.74036682e-01 -1.41803190e-01
 -3.71982828e-02 -4.71438318e-02  8.72774944e-02  1.73837289e-01
  4.05855626e-02 -4.78019379e-02  1.08120829e-01  1.24721549e-01
 -2.40234062e-02  9.50118825e-02  5.16031869e-02  1.24130070e-01
  7.84598757e-03 -9.91845690e-03  1.00656383e-01 -7.80382147e-03
 -2.04286635e-01 -8.29684511e-02 -2.43849918e-01 -1.29724875e-01
 -1.76717684e-01  1.59290761e-01 -8.23837370e-02 -6.11395080e-05
  1.61839694e-01 -5.69397099e-02  2.80426234e-01 -8.11609700e-02
 -9.90749449e-02 -5.99959493e-02 -2.52099223e-02 -2.97294799e-02
 -9.54382494e-02 -1.07639998e-01 -4.62053344e-02 -8.79089683e-02
 -1.35444596e-01 -2.52796948e-01  1.31759256e-01  1.57793418e-01
  2.31926754e-01 -7.44622573e-02 -1.73488017e-02 -8.01684931e-02
 -4.97333929e-02 -6.60810918e-02  1.11799724e-01 -1.45505607e-01
  3.91807817e-02  2.84266081e-02 -4.33671959e-02 -6.33360073e-02
  2.69789323e-02  2.50456333e-01 -1.91215843e-01 -1.46426484e-01
 -8.96635205e-02  8.29143263e-03 -1.26304507e-01  2.85466705e-02
  1.67417098e-02 -2.69677565e-02  1.31338239e-01 -1.40430644e-01
 -7.22317621e-02 -1.02000579e-01 -1.38035743e-02  7.35234395e-02
  2.48808473e-01 -7.07008317e-02  3.43674198e-02 -1.97871268e-01
 -7.46064708e-02  1.63748451e-02  2.67659258e-02 -2.76898928e-02
 -1.50056392e-01 -1.32082999e-01  1.29053473e-01 -6.86001331e-02
 -7.27877915e-02  2.31269971e-02  1.14590853e-01 -2.12284938e-01
 -1.13364533e-01  2.33594123e-02 -1.19193889e-01  7.15215355e-02
 -4.04744409e-03 -6.59298971e-02  1.90274984e-01 -1.42920211e-01
 -8.44693333e-02 -1.40714541e-01  1.32074058e-01  2.04522267e-01
  1.57120526e-02 -1.47981578e-02 -2.29970992e-01 -2.10135430e-03
  1.29682198e-01  2.28127241e-02  8.96892548e-02  7.40238652e-02
 -5.21253310e-02  3.23937498e-02  1.63158830e-02 -2.11228028e-01
  1.22149095e-01  1.58112288e-01  4.36051190e-02  1.03597902e-01
  7.19182566e-02  4.34106588e-02 -5.04733473e-02 -3.41541357e-02
 -3.18358876e-02 -4.52346765e-02 -1.40748039e-01  1.12740815e-01
  1.52167613e-02 -1.81241736e-01  2.99524795e-03  1.71329111e-01
 -1.36621743e-01  1.40932932e-01 -2.21261293e-01 -3.55629325e-02
 -4.82355319e-02 -1.95279986e-01  2.02735379e-01 -1.12566501e-01
 -1.32335752e-01  2.57246375e-01 -1.38434440e-01  1.48454458e-01
  3.23327668e-02 -1.32854968e-01 -4.61112335e-02  4.91556488e-02
 -2.03168485e-02 -5.53889293e-03  9.98792704e-03 -8.69029984e-02
 -1.48998931e-01  1.12881586e-01 -1.69124395e-01 -1.04138412e-01
 -8.37176070e-02  5.12955477e-03 -2.03174993e-01  1.35202091e-02
  5.84333688e-02  2.14592397e-01 -2.72770971e-01 -5.58338426e-02
  6.20907769e-02 -7.32207447e-02 -1.25354201e-01  4.58062366e-02
 -1.89532086e-01  6.81479871e-02  3.85885388e-02  6.91499710e-02
 -1.42481342e-01 -9.58740525e-03  3.29989679e-02  2.53163204e-02
 -6.23947680e-02  3.22741307e-02  1.01902865e-01 -5.71401529e-02
 -2.18281019e-02 -6.83029741e-02 -3.01846098e-02  1.38226643e-01
  9.22253951e-02 -6.75420044e-03 -4.90362979e-02 -1.21066645e-01
  1.04375914e-01  9.95008200e-02  2.73317218e-01 -4.90388907e-02
 -1.54654130e-01 -1.61431223e-01  9.68523673e-04  1.46635309e-01
 -6.44396394e-02 -4.40582298e-02  5.34816040e-03 -8.61398652e-02
  1.43132851e-01 -3.05515137e-02 -8.35927203e-02 -1.49284361e-03
 -4.39768955e-02 -2.66196042e-01  5.48464712e-03  1.63770556e-01
 -3.36857438e-02 -5.26559092e-02  2.44124398e-01  1.93833306e-01
  1.12327538e-01 -1.34262219e-01  9.70815718e-02  1.15959033e-01
 -1.08575001e-01 -1.70106813e-01  1.79108083e-02  1.51877314e-01
 -6.73521534e-02  2.15013862e-01 -7.91491568e-02  1.38723791e-01
 -2.22794324e-01  7.31228441e-02 -9.49876681e-02 -5.74560128e-02
 -2.55609453e-02  9.24855992e-02  5.54193333e-02 -1.00723086e-02
  1.99454218e-01  6.25480786e-02  2.60274053e-01 -1.07896514e-01
  1.75028183e-02  2.99590025e-02  4.07682639e-03 -9.65324044e-02
  1.10112406e-01  3.46547514e-02  2.09421098e-01 -1.55517086e-01
  1.05958074e-01  1.55844018e-01  1.58168804e-02 -6.69708475e-02
  1.33764306e-02  7.17371479e-02  1.02557175e-01 -6.11140355e-02
  1.97420746e-01 -1.55909797e-02 -1.08774111e-01 -1.15369216e-01
  2.33398482e-01 -2.45025873e-01 -6.77553043e-02  4.97865416e-02
  9.21634585e-02 -1.42483627e-02 -6.81852102e-02  2.54821211e-01
 -2.75363356e-01 -1.90206960e-01 -3.75502114e-03 -1.53541714e-01
  1.89143181e-01 -1.14352368e-02 -8.68488997e-02 -6.01070523e-02
 -1.78299338e-01  2.34755632e-02  1.99539244e-01 -9.65987146e-02
  1.29144052e-02 -2.88278937e-01  1.20514527e-01  1.28322691e-01]