http://erau.edu/ontology/meme.owl#MichelleObamasBringBackOurGirlsSignMeme
[-2.74644941e-01 -1.28850698e-01 -1.48072941e-02 -1.12478957e-02
  1.42618313e-01  1.31638050e-01  1.09387338e-01  1.12735070e-01
  1.81368422e-02 -1.41417071e-01  1.52688120e-02 -1.60418317e-01
  8.55836049e-02 -2.00418890e-01 -8.72744061e-03  2.81155288e-01
  9.94888470e-02 -7.62537941e-02  4.48285379e-02  1.90034047e-01
 -6.36053979e-02  6.19215220e-02 -5.62442206e-02 -1.21148609e-01
  2.90462464e-01 -6.24880046e-02  1.11191243e-01 -2.53115505e-01
  1.48549169e-01  2.12447271e-01 -4.48729284e-02  4.49758284e-02
 -1.54652134e-01 -1.52719304e-01 -2.17575550e-01  3.83754909e-01
 -1.50935173e-01  3.07151135e-02 -6.37606010e-02 -2.07166061e-01
  1.25321016e-01  1.16094612e-01 -1.31773666e-01  1.45810582e-02
  1.11681864e-01  1.84715793e-01 -1.35868043e-01 -1.31474689e-01
  1.50159791e-01  5.85849844e-02  1.04321323e-01  1.89338580e-01
 -4.88606989e-02 -1.19581565e-01 -1.58299983e-01  5.74393570e-03
  7.23787025e-02 -9.74126533e-02  5.10488218e-03 -3.72411348e-02
  1.52639613e-01 -7.34752417e-02  1.14250101e-01 -9.75965858e-02
 -5.61715162e-04  4.00168169e-03  1.78454332e-02 -9.15638134e-02
 -1.89816691e-02 -4.15874839e-01 -2.47460604e-01  1.23806447e-01
  1.05227210e-01  2.96222828e-02  3.30504663e-02  2.36498073e-01
 -1.17907062e-01  2.01605588e-01  1.61819644e-02  3.71838696e-02
 -2.91820019e-02 -7.89835006e-02  1.06479429e-01 -1.74252629e-01
  8.99999440e-02 -1.96876526e-01 -3.69522581e-03  1.53266966e-01
  2.18902469e-01 -1.06782727e-01 -3.09800897e-02 -9.74297822e-02
  2.37595484e-01 -1.57594740e-01  4.29898826e-03  9.41426754e-02
  4.88564819e-02 -1.40518814e-01 -1.83728769e-01 -1.74683794e-01
  9.83502418e-02 -3.22099775e-02  5.13752639e-01 -1.09757707e-01
  7.20814466e-02 -1.40361385e-02  1.69039294e-01 -2.65982952e-02
 -4.61924598e-02 -1.02695726e-01  6.91956654e-02 -5.26638366e-02
 -1.22908629e-01 -1.93541646e-01  2.01320410e-01  2.02720091e-01
 -3.54463309e-01 -1.88112795e-01 -1.04493767e-01  5.49228154e-02
 -8.43789205e-02 -1.08373106e-01  9.58361849e-03  2.11451873e-01
  7.42025748e-02 -2.14775503e-01  1.51698813e-01 -7.83131346e-02
 -6.19850941e-02  5.18595502e-02 -1.74159884e-01 -3.80690172e-02
  6.37541488e-02 -1.55357108e-01 -2.18353793e-01 -3.91126499e-02
 -1.58890039e-01  7.31831044e-02 -1.86759904e-01  7.13488460e-02
 -3.39444160e-01  1.60830412e-02  9.70200598e-02 -6.64361492e-02
  1.88738137e-01 -1.64764807e-01 -3.61550897e-02  2.57268623e-02
 -1.37749344e-01  3.14396203e-01 -2.05274805e-01 -1.44206300e-01
  7.00950995e-02  1.66530535e-01 -7.39236102e-02  7.94502795e-02
 -1.69794962e-01  1.14728756e-01  1.20372489e-01 -1.04387566e-01
 -1.61465153e-01 -2.71382302e-01  3.93201746e-02 -2.48192489e-01
 -2.23288313e-02 -9.41185057e-02 -1.63531542e-01  1.19210400e-01
 -3.30585241e-01 -4.85015512e-02  6.38653524e-03  2.10237458e-01
  9.84693542e-02  8.87044594e-02 -1.00415483e-01  9.84495655e-02
 -6.66406527e-02 -2.52963692e-01  7.58088306e-02 -7.56192133e-02
 -4.67783660e-02  2.96655446e-01  1.26567986e-02  1.51623815e-01
 -5.59349731e-02  3.59577276e-02  1.00363195e-01  9.11533535e-02
  2.71750838e-01  1.83336786e-03  2.00327426e-01  1.41920531e-02
 -2.47877926e-01 -1.26768444e-02  3.92036065e-02  6.62964806e-02
  1.51546419e-01  1.01334512e-01 -1.35499716e-01 -7.53087476e-02
  1.07876249e-01  6.27186224e-02 -1.13289701e-02 -1.07140362e-01
 -2.20227852e-01 -2.78404176e-01 -9.57476720e-02 -7.93708935e-02
 -9.02274996e-02  3.97304483e-02  1.37029842e-01  1.51291475e-01
 -2.10081972e-02 -1.71164408e-01  1.18654229e-01  5.23965359e-02
 -1.82659119e-01 -1.36241123e-01  4.18554604e-01 -1.05438270e-02
  1.20019943e-01 -1.97504107e-02 -1.61048368e-01 -3.98537554e-02
 -8.44393224e-02  9.96368676e-02 -2.47111052e-01 -1.45442799e-01
  4.60811071e-02  1.41377598e-01  6.12865165e-02  7.41752163e-02
 -1.17455013e-01 -1.57110095e-01  2.01926306e-01  5.44885471e-02
 -1.21219039e-01 -1.36971146e-01  3.04202344e-02 -1.78200811e-01
  1.62922218e-01 -2.79784709e-01 -2.61213090e-02 -7.70336986e-02
 -1.79108649e-01  3.68767865e-02 -3.03205401e-01 -3.34798023e-02
 -4.49399240e-02 -6.63215518e-02 -1.84332188e-02 -4.77811620e-02
  1.25932604e-01  2.96976328e-01  2.36042887e-01 -7.89232627e-02
 -9.50855613e-02 -6.72485074e-03  1.40446991e-01  1.79358467e-01
 -4.46351357e-02 -2.71951914e-01  8.53207111e-02 -3.15638855e-02
  4.17189747e-02 -3.52563173e-01 -1.21274613e-01  1.22593313e-01
  1.25665873e-01 -1.24566920e-01 -7.29860142e-02 -2.18961313e-02
 -1.16953537e-01  1.03893936e-01  2.17531979e-01 -2.12097652e-02
  4.84051779e-02 -2.56089032e-01 -7.25234151e-02  1.02056540e-03
  2.28850722e-01  9.06423852e-02 -1.52475678e-03 -2.64401555e-01
 -1.30371571e-01 -4.47135195e-02  9.67513770e-03  7.91468769e-02
  6.34463057e-02 -1.50511801e-01 -2.39278600e-01 -1.99648410e-01
  1.39465839e-01 -8.28420296e-02  8.45660046e-02  1.46667987e-01
 -2.19068736e-01 -7.08928704e-02  4.64921109e-02 -7.89631978e-02
 -2.76049733e-01  1.21835433e-02 -6.53941510e-03  2.23544687e-01
 -2.47642379e-02 -1.01479486e-01  1.51614890e-01 -3.87164354e-02
 -9.16607752e-02  2.49261394e-01  6.09072186e-02 -1.68862224e-01
  4.57112342e-02  2.39074394e-01  3.89138074e-03  1.48951858e-01
 -5.15305996e-02  3.00443228e-02 -1.22914590e-01 -1.10592045e-01
  1.80808321e-01 -2.51279533e-01  2.90323526e-01  1.49044350e-01
 -1.83626071e-01  4.97653075e-02 -2.37936169e-01  2.02495302e-03
  3.97884622e-02 -3.69325802e-02  3.60937603e-02  1.93012983e-01
  1.67357102e-01 -5.61364926e-02 -2.79027402e-01 -1.96972698e-01
  1.34701461e-01 -7.95689225e-02 -7.14018643e-02  9.46163684e-02
  4.25449223e-04 -3.53835076e-02  2.22575247e-01 -9.04039145e-02
 -2.29259849e-01 -2.24633455e-01 -1.38861373e-01  4.97196475e-03
 -2.61238385e-02 -1.01094872e-01  5.83544299e-02  1.61882371e-01
 -2.17149362e-01  1.62036404e-01 -3.58260036e-01  7.83528239e-02
  1.24898635e-01 -2.02861056e-01  4.79902960e-02 -1.86140165e-01
 -2.34318048e-01  1.65807471e-01  8.29028487e-02  7.26012066e-02
  2.44648699e-02 -2.45577432e-02 -8.34862366e-02  1.37417033e-01
  9.52300709e-03  9.37273651e-02  1.43287539e-01 -1.76838208e-02
 -1.52777776e-01  3.12558971e-02  8.33084881e-02 -8.36878046e-02
 -1.31324962e-01 -4.05901819e-02  3.32342163e-02 -9.61517021e-02
 -3.18205729e-02  1.24197394e-01  5.44870691e-03 -7.38249421e-02
  4.08374220e-02  6.37779608e-02 -2.24696785e-01  1.88045740e-01
 -1.19815171e-01 -1.95041776e-01 -3.71334031e-02  5.24730198e-02
  1.19479768e-01 -1.97366197e-02 -6.98744431e-02 -7.27756741e-03
 -1.20214961e-01  1.30166650e-01  2.66824991e-01  1.27693668e-01
 -2.20138747e-02  1.00468829e-01  3.11038326e-02 -2.74602920e-01
 -2.87075609e-01  2.08212778e-01 -9.02895331e-02  5.81999980e-02
  1.58963948e-01  4.52620149e-01 -2.84326691e-02 -2.27191940e-01
 -1.85951218e-01 -8.41518193e-02  1.61281422e-01 -3.19856629e-02
  1.08761512e-01 -6.97707618e-03 -4.38012891e-02  2.02901870e-01
 -6.05559424e-02  2.09232308e-02  4.86105643e-02  6.40160069e-02
 -2.27914989e-01 -1.71560809e-01 -7.38393562e-03  3.31376225e-01
  1.67494133e-01 -1.50459185e-01  2.56081298e-02  3.17788541e-01
 -6.70913905e-02 -1.62948206e-01  1.73951283e-01  1.54924899e-01
  6.01785164e-03 -1.13095447e-01  1.71237960e-01  4.74153534e-02
  2.70991296e-01  1.71139494e-01 -1.81553155e-01  2.76928335e-01
 -3.47466022e-01 -1.51933506e-01 -2.01816157e-01 -7.05820099e-02
 -2.82246470e-01  1.03607476e-01  5.56171872e-02  2.09401414e-01
  8.99276510e-02 -1.51054785e-01  2.24730596e-01 -2.13951305e-01
  4.24982980e-02  2.30722368e-01 -3.74386050e-02 -5.68827912e-02
  2.87491769e-01  7.34151751e-02  1.04000501e-01 -1.86529621e-01
 -6.55574948e-02 -1.25514880e-01  7.05154538e-02 -1.99436277e-01
 -5.98997734e-02  5.95459007e-02  4.16331217e-02  8.34066942e-02
  2.32967138e-01  2.17897117e-01  1.06602527e-01 -1.27310246e-01
  1.44921586e-01 -7.84407780e-02 -2.82115880e-02  8.10231492e-02
 -2.00205356e-01 -1.78957880e-01 -1.69575185e-01  4.53687042e-01
 -3.56682315e-02 -1.41847461e-01  1.64868221e-01 -3.04597449e-02
  3.00579797e-02 -6.44673035e-02 -7.72295147e-02  1.42978113e-02
 -7.06412494e-02 -7.19208503e-03  1.75856873e-01  1.05825476e-01
 -1.77629441e-01  6.74475878e-02  5.37666418e-02  2.52977461e-01]