http://erau.edu/ontology/meme.owl#CarlosMeme
[-7.93630257e-02 -1.39655009e-01  5.21681756e-02 -4.86071259e-02
 -1.50370494e-01  4.02271859e-02  9.46299806e-02  2.11455330e-01
  1.44137621e-01 -7.73755014e-02  2.12145254e-01 -1.04600109e-01
 -6.08902648e-02 -4.10969928e-02 -2.28619166e-02  4.59608249e-02
  1.10645548e-01  1.58951893e-01 -8.92076492e-02 -4.61037830e-02
 -2.39832401e-01  1.40018210e-01  1.22808382e-01 -2.49779541e-02
  1.10017829e-01  7.54581839e-02  2.03904539e-01  1.70057565e-02
  8.12945440e-02  4.34723608e-02  7.96103850e-02 -1.72951701e-03
  6.52588904e-02 -1.05285689e-01 -1.03010619e-02  1.11516133e-01
 -8.97134170e-02  1.61006913e-01  3.81070102e-04 -1.78092048e-01
 -6.79524429e-03  3.32110107e-01 -2.30409116e-01 -7.36454129e-02
  7.21794590e-02  1.10185876e-01 -2.97036376e-02 -1.35914534e-01
 -1.67515084e-01  1.22680448e-01  1.20816469e-01 -1.75332621e-01
 -4.76359352e-02 -4.93910201e-02 -1.25470847e-01 -1.58049196e-01
  1.14508927e-01 -7.84783736e-02  1.54207587e-01  9.27464440e-02
 -1.65543538e-02 -4.38137874e-02  1.12009220e-01  1.30216047e-01
 -9.92541388e-02 -2.15015471e-01  7.94036835e-02 -8.04464221e-02
 -1.16109639e-01 -7.44581893e-02 -4.58254367e-02  1.81325123e-01
  1.65836528e-01  1.40842974e-01  6.02929220e-02  2.32186407e-01
 -2.79425800e-01 -3.12646367e-02  2.32790843e-01  8.56116265e-02
  3.26655768e-02 -1.03860110e-01 -1.83215365e-01 -2.21537843e-01
  1.07441343e-01 -1.44706383e-01 -8.13922808e-02 -4.20093313e-02
  7.62157589e-02 -1.02984339e-01  2.68482994e-02 -4.18062538e-01
  2.18058720e-01 -6.90045208e-02 -1.07504569e-01  9.55705121e-02
  4.83161844e-02 -1.02646826e-02 -1.49066083e-03 -4.85195108e-02
  2.26415545e-01  4.23178375e-02  1.77448750e-01 -1.35668904e-01
  2.55121514e-02 -1.21804640e-01  2.84557968e-01  4.04677056e-02
  2.87662260e-02  4.49825590e-03  8.36328324e-03  5.27090020e-02
 -2.31684670e-01 -1.77546397e-01 -1.28719583e-01 -8.27529002e-03
 -3.51017952e-01 -1.88383907e-01 -3.37074772e-02 -1.26871560e-02
 -3.96219864e-02 -4.19925861e-02 -3.91187407e-02  5.60416430e-02
  2.12028742e-01 -2.21855044e-01 -1.16363630e-01 -1.91523153e-02
  8.23738351e-02  1.44210001e-02 -2.71099329e-01 -7.95643032e-03
 -4.29347716e-02  1.67788677e-02 -2.69975774e-02  1.51891276e-01
 -6.69124722e-02 -1.67372808e-01 -2.23975331e-01 -1.49217611e-02
 -2.46362835e-01  6.43455088e-02  1.32528573e-01  1.25236496e-01
  3.06937963e-01 -2.83460498e-01  5.71679473e-02 -1.86795652e-01
 -1.69697374e-01  6.49882853e-02  9.24174711e-02  5.49574755e-02
 -1.02377862e-01  1.40811717e-02 -1.37965113e-01  6.54995441e-02
 -1.30124822e-01  1.86831892e-01 -7.36201704e-02 -1.46357492e-01
  1.27511621e-01 -7.37549737e-02 -3.60622816e-02 -4.26329393e-03
 -1.79297000e-01 -3.20785910e-01  2.17189733e-02 -1.97834019e-02
 -2.69237489e-01  2.08540663e-01 -2.86503527e-02  1.68758959e-01
  2.69453794e-01  2.61895239e-01  8.75792280e-02 -1.54971585e-01
 -9.07354876e-02  6.09211177e-02  1.93118051e-01  3.30515914e-02
 -7.96389729e-02  1.60524592e-01  8.24808404e-02  2.01210920e-02
 -1.17217697e-01 -1.39986381e-01  1.91745982e-01  9.87662841e-03
  9.89251882e-02 -6.05578423e-02  5.74892685e-02 -3.27176489e-02
 -1.75313070e-01 -8.16438347e-02 -1.74234472e-02  1.93279684e-02
 -1.93999618e-01  1.65590242e-01 -1.73410356e-01  3.12101748e-02
 -1.73464328e-01  1.74459023e-03  2.15699337e-02 -9.58000869e-02
  6.50527552e-02 -1.62390128e-01 -7.10696727e-02 -2.40948927e-02
  1.04572020e-01  1.58242181e-01  2.90751815e-01 -1.05410621e-01
 -9.72477067e-03 -1.12794079e-01  6.75594360e-02 -2.62148120e-02
 -1.67775284e-02 -7.24229440e-02  2.96486029e-03  1.74696222e-01
  1.38385817e-01  2.04254925e-01 -9.26674977e-02  7.48959407e-02
 -9.26057324e-02 -3.30564342e-02 -1.40232980e-01 -1.71002913e-02
  3.76336947e-02 -1.78284317e-01  1.56637371e-01  6.82649016e-02
 -1.11135662e-01 -6.95240274e-02 -5.81221208e-02 -6.89524878e-03
 -4.08467129e-02  1.78138420e-01  8.45012814e-02 -5.19780777e-02
 -5.63969649e-02  1.73878819e-02  5.39317913e-02 -7.21113756e-03
 -2.12696418e-01 -1.29874930e-01 -1.50854617e-01 -4.80460301e-02
 -1.80983365e-01  1.43800259e-01  4.91712838e-02 -7.66052818e-03
  9.96425375e-02  9.25059430e-04  2.12861016e-01 -1.07885236e-02
 -1.35618344e-01 -3.89755517e-02 -8.29703882e-02 -2.86050513e-02
 -1.22271858e-01 -6.99738367e-03  1.38943810e-02 -1.21860370e-01
 -1.62516922e-01 -2.97029406e-01  4.19432968e-02  1.41127467e-01
  2.29188025e-01 -1.69208311e-02 -4.22205403e-03 -1.04353204e-01
 -6.98492974e-02  1.05803147e-01 -1.47561161e-02 -1.00916490e-01
  1.71492845e-01  2.52890233e-02 -3.49809229e-02  7.12847337e-02
 -1.95941329e-02  1.26079038e-01 -7.96035603e-02 -5.11255376e-02
 -1.41843975e-01 -5.61219677e-02 -3.21136340e-02 -6.57341555e-02
 -4.87555331e-03 -9.18282270e-02  1.60239711e-01  6.20679976e-03
 -6.06503859e-02 -7.56512061e-02 -3.48720215e-02  8.08865651e-02
  2.75288820e-01  6.73461482e-02  7.28497282e-04 -3.67543623e-02
 -2.30329901e-01  2.89111510e-02 -1.03787012e-01  7.13071302e-02
 -3.13792005e-02 -1.30204633e-01  1.15345463e-01 -5.18973842e-02
  8.81095137e-03  8.29403400e-02  1.61879078e-01 -1.77587047e-01
 -3.11596245e-02  1.96411125e-02 -2.50460245e-02  6.94881529e-02
 -5.80546819e-02  3.38912988e-03  1.96632355e-01 -1.07104041e-01
 -8.63834247e-02 -8.48940387e-02  1.60659924e-01  4.61464301e-02
  8.21973979e-02  1.00118682e-01 -7.46933222e-02 -8.65554670e-04
  1.45217314e-01 -8.32818076e-03  7.20969960e-02  6.07925579e-02
 -9.58098769e-02 -1.02534909e-02 -1.92486033e-01 -2.85606176e-01
  1.86580122e-01  1.04880281e-01 -1.70269355e-01  1.42112255e-01
  5.09600490e-02  1.74964756e-01 -9.21693146e-02  9.76890698e-02
 -5.07134199e-03  6.29248172e-02  4.76279035e-02  9.17053372e-02
 -9.74342525e-02 -2.35378882e-03 -6.16387539e-02  8.76079425e-02
 -6.23189881e-02  1.39327392e-01 -1.47478491e-01  3.70343067e-02
 -1.27061039e-01 -1.56433374e-01  1.60950765e-01 -9.34733152e-02
 -1.50339782e-01  7.25719845e-03  3.28759216e-02  4.24142852e-02
 -1.18752338e-01  5.51581308e-02 -2.04169989e-01  1.15495071e-01
 -8.34502205e-02 -2.07363348e-02 -1.90073699e-02  1.36984168e-02
 -2.48814687e-01  1.21368982e-01 -1.05892204e-01 -2.33283073e-01
 -2.78813809e-01  1.73727229e-01 -5.92501834e-02  5.19246794e-02
  3.76662612e-02  5.25928773e-02 -4.99962531e-02 -2.36960612e-02
  2.24566516e-02 -2.12469418e-02  3.38048823e-02  3.24620977e-02
 -2.10814103e-02  5.02282865e-02 -5.84591553e-02  1.65807754e-02
  1.50963869e-02  3.74011435e-02 -9.19072423e-03 -1.35221913e-01
 -7.95617849e-02 -1.30032346e-01 -2.84255221e-02  1.02711506e-02
  2.89872885e-02 -1.05269484e-01  3.32872234e-02  6.29979074e-02
  4.14951779e-02 -7.48129711e-02 -7.09419474e-02 -1.35315150e-01
  1.66209459e-01  3.79740074e-02  3.02608814e-02 -1.22120418e-01
 -1.61365852e-01 -8.20272416e-02 -4.67151366e-02 -1.35786571e-02
 -1.28137961e-01 -1.34134546e-01  3.98271382e-02  8.94021094e-02
  2.38211215e-01 -3.31324525e-02 -8.61019716e-02  1.69152156e-01
  1.92257110e-03 -1.02900945e-01  5.64352721e-02  9.33513790e-02
  5.37674055e-02 -4.68207784e-02  9.12713632e-02  1.87319204e-01
  1.46418765e-01 -2.14092210e-01  1.88154966e-01  7.13699833e-02
  1.03880931e-02  2.30556820e-02  8.76624212e-02  1.78690627e-01
 -4.62665707e-02  6.24251850e-02 -7.52948374e-02  2.09176764e-01
 -3.19539070e-01  9.13980901e-02 -2.00977162e-01 -1.23851418e-01
  9.16319154e-03  9.31791887e-02  4.98202145e-02  1.04317993e-01
  1.33644953e-01  9.06708743e-03  2.78919250e-01  3.75552699e-02
  6.42266646e-02 -9.14652348e-02  9.58462730e-02  1.01849638e-01
  1.70611605e-01  4.14216742e-02  2.52048373e-01 -1.91744834e-01
 -1.10596552e-01  1.81544617e-01 -1.59861043e-01  3.60224489e-03
  7.54199103e-02  8.38283673e-02  2.89218009e-01 -6.04847111e-02
  3.42882901e-01  5.19498289e-02 -8.11744258e-02 -9.47035253e-02
  1.95278689e-01 -2.26516441e-01 -1.90886244e-01  6.46061599e-02
  9.51526873e-03  2.95893215e-02 -1.52832255e-01  3.48694682e-01
 -1.94774166e-01 -2.25808561e-01 -2.05801707e-02 -6.14701360e-02
 -3.60979103e-02  1.60444543e-01 -9.41179991e-02  4.07498237e-03
  4.13950160e-02  3.61813679e-02  3.48109007e-02 -3.51905040e-02
 -1.14373611e-02 -7.12854415e-02  2.35996637e-02  9.78963915e-03]