http://erau.edu/ontology/meme.owl#GastonReadsXMeme
[-9.62901041e-02 -5.05935308e-03  7.66967684e-02  1.31602734e-01
  4.53561097e-02  4.81766872e-02 -8.38756412e-02  4.01218310e-02
  9.18725803e-02 -2.29212716e-01 -1.24093428e-01  2.83368260e-01
  2.04584092e-01  1.61107838e-01 -5.66404350e-02 -1.84581503e-01
 -9.69887152e-02 -7.35195652e-02  2.78774947e-02 -5.06378561e-02
 -1.24865035e-02  1.67921588e-01 -3.90866846e-02  1.42939389e-01
  2.97693610e-02 -1.90971553e-01 -7.54753710e-05 -2.55843922e-02
  4.09267060e-02 -7.71243870e-02 -2.25162342e-01 -7.96310604e-02
 -1.59754321e-01 -2.02981029e-02 -1.26268789e-01  5.21521494e-02
 -1.56737626e-01  1.22399852e-01  4.60475609e-02  2.46941239e-01
  7.35813975e-02  3.30792852e-02 -2.69078732e-01 -3.74320187e-02
 -2.25115076e-01 -5.76246269e-02  7.54708126e-02 -1.76767945e-01
  5.17692380e-02 -1.75551325e-01 -4.80909692e-03  1.73119619e-01
  2.16699541e-01  9.59168561e-03 -1.84542194e-01  2.40898758e-01
 -8.11877325e-02 -2.07134839e-02  1.14107065e-01  1.79154903e-01
  1.90342307e-01 -1.70776382e-01  1.98425762e-02  3.71820629e-02
 -6.45894334e-02 -4.75968830e-02 -1.17364913e-01 -6.56778365e-02
  1.04834959e-01 -1.01849250e-01  1.43511891e-01 -2.72213090e-02
 -2.43279934e-02 -1.34966094e-02 -2.12553263e-01 -7.82256424e-02
 -3.58601399e-02 -1.16938598e-01 -3.49960551e-02 -1.20428771e-01
  1.58338249e-01  1.86238229e-01 -2.73951620e-01 -1.08273648e-01
 -5.48032261e-02  1.23553099e-02  1.28098398e-01  4.91900444e-02
 -2.94160992e-02  2.75909036e-01 -9.92506593e-02 -7.41411373e-03
 -2.21708223e-01 -1.96456462e-02  5.41577302e-02 -8.49558339e-02
 -5.92098907e-02  2.79680520e-01  2.04764828e-02 -2.66800020e-02
  1.00275435e-01 -5.33742085e-02 -8.95057097e-02  2.91540641e-02
  1.43870845e-01 -9.22104530e-03  8.82020220e-02  1.95007965e-01
  1.07981421e-01 -1.98407844e-02  1.89845338e-01  1.22262515e-01
  3.34243067e-02  2.77433135e-02  1.69856414e-01 -1.30427241e-01
  4.44422737e-02 -1.49323307e-02 -1.38365090e-01 -1.77768469e-02
  1.42775115e-03  1.55907124e-01  8.93858727e-03  5.76086901e-03
 -2.09994256e-01 -2.45534122e-01 -1.88901834e-02  1.52639166e-01
 -2.28861302e-01 -1.45234630e-01 -3.59107032e-02  4.01688553e-02
  2.44753417e-02 -1.86164513e-01  1.01072773e-01 -1.05356842e-01
  1.19089097e-01  3.43588069e-02  3.77627164e-02 -7.03648897e-03
 -7.79014751e-02 -4.28184355e-03 -6.64898157e-02  6.01174943e-02
  1.84686147e-02  3.26803885e-02 -5.95770441e-02 -1.29131377e-01
 -1.08071513e-01 -2.67494284e-02  7.64633417e-02  3.32112722e-02
 -1.66912094e-01 -1.31305784e-01 -1.08008042e-01 -1.40568674e-01
  4.11325730e-02 -7.43872905e-03 -7.31724203e-02 -6.01548962e-02
  7.24651590e-02  2.43020818e-01  9.95677188e-02  1.23800449e-02
 -1.15605503e-01 -1.10018715e-01  9.62787215e-03  1.40663087e-01
 -1.87874675e-01 -4.34562787e-02 -3.69136259e-02 -2.16338634e-02
 -3.45042311e-02  1.95609227e-01  1.28415659e-01 -8.62630736e-03
  5.91710955e-02  3.76725160e-02  2.69952677e-02 -3.31707895e-02
 -1.85047477e-01 -9.21033248e-02 -3.18723992e-02 -3.60027403e-02
 -2.10889988e-02 -2.35925913e-02 -1.79916039e-01  3.69822830e-02
  1.25819594e-01  1.35397851e-01  2.61060731e-03  2.40412936e-01
  2.00233400e-01  1.34204775e-01 -1.19854107e-01 -1.30840978e-02
 -7.84077272e-02 -5.76921739e-02 -1.31922081e-01  1.81468487e-01]