http://erau.edu/ontology/meme.owl#BarbieICanBeaComputerEngineerParodiesMeme
[-1.41767204e-01 -1.87772900e-01  3.78324017e-02  5.48958667e-02
 -8.06462318e-02  1.24601506e-01  2.22320676e-01  9.60050803e-03
 -3.04270256e-02 -9.47967768e-02  6.97146449e-03 -9.26331505e-02
 -2.44300049e-02 -8.33478570e-02  5.76820672e-02 -2.07035728e-02
 -1.03779528e-02  1.25504121e-01 -1.64433829e-02  9.63628292e-02
 -1.80514619e-01  2.79340036e-02  1.39943874e-02 -1.02302752e-01
  8.51876289e-03 -3.82635184e-02 -7.36859739e-02 -1.85139433e-01
  3.78939241e-01  1.88754797e-01  9.91157629e-03  2.11194620e-01
  1.13652069e-02 -4.53834794e-02 -8.08592290e-02  1.92339376e-01
 -4.54952568e-02  3.98737863e-02 -1.95024926e-02 -1.48255870e-01
  1.57960132e-02  5.21187298e-02 -4.38149609e-02  7.33105168e-02
  6.71529993e-02 -1.00196779e-01  8.59916881e-02 -4.85734977e-02
  1.14157954e-02  1.19112492e-01 -2.49798987e-02  7.78621584e-02
 -6.39723241e-02 -1.56828508e-01 -1.33987561e-01 -4.63673323e-02
  8.55123177e-02 -9.86317992e-02  1.41310573e-01  2.74649635e-02
 -1.40786752e-01  8.74235407e-02  1.40922237e-02 -1.88583434e-02
 -1.50149375e-01 -7.82194883e-02 -1.05234444e-01 -2.29427088e-02
 -5.12467436e-02 -1.07998990e-01 -1.46276876e-01  5.58689795e-02
  6.33978620e-02  6.66612014e-02  5.19304872e-02  1.10319732e-02
  4.04304303e-02 -1.40671432e-02  2.14725405e-01  1.33203849e-01
 -7.97979385e-02 -4.77144346e-02 -2.29181722e-02 -1.10323995e-01
  4.73117903e-02 -5.41622974e-02 -9.83189344e-02  1.67937025e-01
  1.80546474e-02 -9.15553013e-04 -8.81996378e-02 -1.98173538e-01
  2.78973635e-02 -1.08198576e-01 -8.08411837e-03  1.30193800e-01
 -8.40398595e-02 -2.94826049e-02 -3.13298590e-02 -1.24029629e-01
  2.92875562e-02  5.48100881e-02  3.36453766e-01 -1.28618464e-01
  1.17714316e-01  6.53013065e-02  4.94891964e-02 -1.44530451e-02
  5.17364778e-02 -7.07039014e-02  1.33802265e-01  1.30099714e-01
 -1.76808000e-01 -1.20578825e-01  1.24415584e-01  1.44107565e-01
 -2.22944379e-01 -1.35303825e-01  7.46158436e-02 -1.28723532e-02
 -1.02728568e-01 -1.15324184e-01 -5.88440821e-02  3.73589844e-02
  5.08574434e-02  2.65113004e-02  5.21821268e-02 -5.55725396e-02
  1.73325762e-02  8.11431035e-02 -2.15995088e-01 -1.29135460e-01
 -5.09059802e-02 -1.13192104e-01 -5.76784946e-02  4.81220633e-02
 -7.68801644e-02 -9.78457406e-02 -8.14938545e-02  2.41349507e-02
 -3.29277277e-01  5.87593764e-02  1.26641959e-01  6.64183423e-02
  6.40419275e-02 -1.28105089e-01  2.20023794e-03 -1.19261898e-01
 -7.71699473e-02  1.82917297e-01 -7.09858537e-02 -2.15897784e-01
 -7.68083334e-03  7.67888129e-02  1.30979702e-01  5.68995737e-02
 -1.61720648e-01  2.64894783e-01  9.06332284e-02 -1.50433004e-01
  1.02305219e-01 -1.02771714e-01  6.53736368e-02 -2.57972423e-02
 -1.59723982e-01 -4.56394069e-02  2.54581571e-02  2.19896570e-01
 -3.13836783e-01  1.31837502e-01 -9.07644536e-03  1.52862132e-01
  1.72645494e-01  1.26144230e-01 -5.94136752e-02 -4.44294140e-03
 -1.01922840e-01 -3.00303623e-02  1.70256853e-01 -1.20461853e-02
 -2.61082053e-02  5.53383119e-02  3.19282757e-03  3.14842947e-02
 -1.33280829e-01  4.01635580e-02  1.77805088e-02  1.00822374e-01
  2.58941144e-01 -3.53745520e-02  3.17076072e-02 -1.26497038e-02
 -2.13820875e-01 -2.85102371e-02 -1.41096801e-01  2.79506184e-02
  9.16469842e-02  1.45499647e-01 -1.04403801e-01 -1.24417745e-01
  1.07745975e-01  1.50524965e-02  8.87945890e-02 -2.81363279e-02
 -7.72572607e-02 -1.15388975e-01  6.07289746e-02 -1.21998779e-01
 -8.62063840e-02 -1.61174976e-03  1.86042085e-01  2.11752206e-01
  7.82942921e-02  1.38752013e-01 -1.18803128e-03  5.75145371e-02
 -3.58434804e-02 -9.13099349e-02  9.67212021e-02  5.22369258e-02
  2.12261409e-01  7.95910284e-02  2.33151913e-02  6.36426657e-02
  6.34166747e-02  1.02246357e-02 -6.04006425e-02 -8.88133794e-02
 -1.55875891e-01  5.22756949e-03  3.00619695e-02  6.95530027e-02
 -2.39550937e-02 -9.22666341e-02  3.42121522e-04  8.88960958e-02
 -4.50017788e-02 -3.04859951e-02  1.37284368e-01 -1.32737532e-02
  9.31546688e-02 -1.45630790e-02  6.17310852e-02 -8.59896690e-02
 -2.46980965e-01 -2.10175440e-02 -1.20883241e-01  2.64623929e-02
  4.29141372e-02  4.66533490e-02  8.49102288e-02 -5.51356785e-02
  1.24477781e-01  8.31539333e-02  2.60417372e-01  3.94970514e-02
 -1.34946033e-01 -7.61970803e-02  3.40466807e-03 -9.26872715e-03
 -2.09021177e-02 -1.24210894e-01 -7.40297437e-02 -9.31611508e-02
 -5.33896685e-02 -1.39407113e-01 -3.81641872e-02  1.49664404e-02
 -1.68859232e-02 -1.17889546e-01 -5.38988933e-02 -9.87599641e-02
 -1.26037255e-01 -1.19607733e-03  1.26062572e-01 -8.16392601e-02
 -2.67159492e-02 -3.34095908e-03 -7.97907487e-02 -7.45777562e-02
  1.19371504e-01  4.15273048e-02 -1.21201783e-01 -4.74300683e-02
 -1.64074317e-01  5.77916345e-03 -8.94610658e-02  6.37886152e-02
 -4.93786149e-02 -1.89218074e-01  1.14331134e-01 -9.51750278e-02
 -8.74081478e-02 -1.40338866e-02  5.00910133e-02 -1.69986859e-02
  4.53340113e-02  7.64073338e-04 -1.93799034e-01 -8.66144747e-02
 -2.76893735e-01  8.16572011e-02  1.92183144e-02  5.30520529e-02
 -6.35344386e-02  1.03875026e-02  7.06230178e-02 -5.54151088e-02
 -5.14603741e-02 -3.28337513e-02  2.46005058e-01 -9.08849314e-02
  6.83666840e-02  1.02400826e-02 -1.26322079e-02  1.31904567e-02
  1.08671179e-02 -4.21701670e-02  5.67417592e-02 -8.67983550e-02
  5.65714091e-02 -2.74321645e-01  9.12332982e-02  1.50797307e-01
 -1.21744066e-01  5.63639551e-02 -1.47833496e-01 -2.41707992e-02
  1.24688633e-01 -4.19687703e-02  2.61984225e-02  2.02697422e-02
  2.95924880e-02 -1.61648467e-02  1.26550570e-01 -1.82267785e-01
  2.06462890e-02  1.94438264e-01  3.66641581e-02 -7.36214817e-02
  1.08875679e-02  5.42174168e-02 -1.87910929e-01 -7.57765472e-02
 -5.64042740e-02 -1.52092930e-02  4.83293720e-02  1.82235107e-01
  5.56687079e-02 -2.63646245e-01 -5.92560414e-03  2.06468739e-02
 -3.37224528e-02  1.64140433e-01 -2.69155782e-02  1.38258025e-01
  7.94974491e-02 -4.46245782e-02  1.87591016e-01 -1.32601904e-02
 -7.53709599e-02  2.45769501e-01 -9.88167748e-02 -1.77853170e-03
  8.01561177e-02 -1.71618447e-01 -4.21353392e-02 -3.73067968e-02
 -1.89153329e-02  8.82938132e-02 -5.04283346e-02 -1.51007906e-01
 -1.70346186e-01 -2.75479294e-02  7.40303770e-02  9.79378596e-02
  8.85606185e-03  3.71244103e-02 -1.18293554e-01 -3.33821774e-02
  1.14398815e-01  3.20559949e-01 -1.60386071e-01 -9.63599980e-02
  1.33815840e-01 -8.52220803e-02 -1.60283178e-01  5.99655919e-02
 -7.95706883e-02 -7.87744969e-02 -6.03427850e-02  1.94915757e-01
 -6.96410239e-02  2.08456516e-01 -1.03843883e-01 -3.38253200e-01
  4.28826995e-02  7.10091367e-02  4.07956868e-01 -1.00511625e-01
  3.38403997e-03 -1.35646820e-01  1.14113344e-02 -3.00335944e-01
 -7.77374581e-02 -1.45989424e-03  5.58107309e-02  3.62383723e-01
  9.73769799e-02  4.59860303e-02  2.44539529e-01 -2.03584954e-01
 -1.16537705e-01 -1.00359499e-01 -7.44333342e-02  1.68243200e-01
 -1.27683401e-01 -2.93110441e-02 -7.30288997e-02  5.99370748e-02
 -1.13782668e-02  3.83563638e-02 -2.53443658e-01 -9.15236399e-02
  1.06758073e-01 -1.39004275e-01 -4.65523591e-03  1.57361880e-01
  2.69960891e-02  1.09832808e-02  5.15015163e-02  1.90098509e-01
  6.26165187e-03 -4.92992960e-02  7.36944675e-02  1.80342734e-01
 -6.55443817e-02 -1.51498377e-01 -6.16483986e-02  1.98693454e-01
  1.26063660e-01  2.49731932e-02 -7.83566535e-02  3.32144290e-01
 -1.64271832e-01 -4.87021357e-02 -2.71183878e-01 -8.30318630e-02
 -4.68258224e-02  3.25516649e-02  5.25198393e-02 -1.68095669e-03
  6.86872229e-02  5.98540604e-02  1.54743031e-01 -7.04088137e-02
  7.99821466e-02  1.06339574e-01  1.40954688e-01 -1.77610919e-01
  1.52054682e-01  1.62855964e-02  3.10720224e-02 -4.30526659e-02
  5.76168187e-02  6.78576827e-02 -1.08023964e-01 -1.28298238e-01
 -7.63802305e-02  8.45486745e-02  4.96413894e-02  7.73934349e-02
  5.67589961e-02  4.09723856e-02  8.53519663e-02 -1.48932204e-01
  5.50563484e-02 -2.56971002e-01 -6.80263788e-02  8.06300938e-02
 -6.66431636e-02  1.64329819e-02  5.61697446e-02  2.75317430e-01
 -5.25805987e-02 -2.11910114e-01  8.93973634e-02 -4.14321683e-02
  2.82652080e-01  6.82129487e-02 -5.67267537e-02  9.30974726e-03
  1.43066971e-02 -1.20650707e-02  2.26937622e-01 -5.35680428e-02
  5.04247956e-02 -1.73929915e-01  6.90143555e-02  1.04826562e-01]