http://erau.edu/ontology/meme.owl#ChristianBalesDickCheneyBodMeme
[-7.37074986e-02 -1.89352199e-01  3.48186232e-02  5.38949929e-02
 -5.42657040e-02  1.04677550e-01 -5.06534763e-02  1.36971235e-01
  1.56955779e-01 -9.58678424e-02  8.84126127e-02 -1.48736397e-02
  2.54519098e-02 -4.89570834e-02  9.86544695e-03  3.16070095e-02
  2.15656698e-01  3.97412945e-03  1.57042854e-02  1.44479617e-01
 -1.08599424e-01  1.15682952e-01  3.59627083e-02 -2.99560614e-02
  3.20457101e-01 -5.53120673e-02  2.85852142e-02 -6.68523759e-02
  2.72747517e-01  2.40104929e-01  1.74414501e-01  7.74997920e-02
  3.15884016e-02 -5.86531460e-02  5.14922999e-02  1.66542470e-01
 -3.56298611e-02  6.60899505e-02 -8.97492468e-02 -1.52789265e-01
  5.13924845e-02  2.04580948e-01 -9.24976021e-02  9.58518386e-02
  1.12301812e-01  7.28529170e-02  1.29250130e-02 -1.79056972e-01
 -3.93193401e-02 -1.65376011e-02  7.44432502e-04  5.35794757e-02
 -1.48092166e-01 -1.08474895e-01 -8.63811374e-02 -2.38623861e-02
  1.18050702e-01 -7.92565476e-03  2.09044218e-01  5.22720665e-02
  1.38325319e-01  3.08282264e-02  9.04171169e-02  3.56260911e-02
  4.18699495e-02 -5.04119769e-02  1.11138739e-01  1.90141648e-02
 -3.46364155e-02 -4.55654934e-02 -1.33508027e-01 -3.17204893e-02
  1.99523736e-02  3.09127104e-02 -8.57950468e-03  1.05077475e-01
 -6.26664460e-02  6.87855557e-02 -3.66695374e-02 -9.94844735e-03
 -5.78318276e-02 -9.62718502e-02 -3.64887193e-02 -7.67204836e-02
  6.96981996e-02 -7.40543753e-02 -1.44299231e-02  7.56087601e-02
  7.14105815e-02 -1.44883007e-01  9.16659385e-02 -1.61613777e-01
  2.64908075e-02 -1.01724200e-01 -5.71866110e-02  1.48974836e-01
  1.93911307e-02 -3.51999737e-02 -8.66178423e-02 -4.86779884e-02
  1.64961055e-01  1.43028602e-01  2.03187123e-01 -3.96553800e-02
 -2.85570044e-02  8.16494226e-02  8.67436677e-02 -1.80153884e-02
 -6.61276877e-02 -5.31705804e-02  4.05822583e-02 -2.99966224e-02
  1.01143830e-02 -6.48414567e-02  3.72431502e-02  6.01231977e-02
 -1.99346781e-01 -1.52289242e-01 -7.56053254e-02  1.35883242e-02
 -2.80800909e-02 -4.15117443e-02 -5.55245914e-02  1.40897200e-01
  1.90756872e-01 -1.90338776e-01  4.54291180e-02 -2.98122410e-02
 -9.98959178e-04  2.88256444e-02 -2.28795260e-01 -5.47728203e-02
 -8.41972008e-02 -2.55453791e-02 -1.29716307e-01  1.16364963e-01
 -4.42250557e-02 -1.19178481e-01 -1.43003449e-01 -1.37041351e-02
 -2.66426027e-01  4.82373163e-02  2.06137687e-01  3.46010458e-03
  2.33172998e-01 -2.00882450e-01  2.31964774e-02 -1.05608426e-01
 -3.01551908e-01 -1.42237972e-02 -1.13488317e-01 -7.30758309e-02
 -1.88252881e-01  3.81227024e-03  3.95767689e-02  1.30562469e-01
 -9.02838111e-02  1.60568044e-01  3.58517654e-02 -9.47455987e-02
 -2.93839592e-02  9.61848442e-03  9.63183269e-02 -9.87805873e-02
 -1.78803861e-01 -1.29573956e-01  3.71432193e-02  1.47575796e-01
 -2.36707091e-01  1.75562665e-01 -7.31447190e-02  2.29243308e-01
  1.21380106e-01  7.55295083e-02 -1.31195672e-02  1.29512150e-03
 -2.52169780e-02 -4.55346033e-02  9.44471955e-02 -7.30697811e-02
 -1.44067660e-01  9.45682377e-02 -4.91878344e-03  9.71589461e-02
 -8.74029920e-02 -5.40662594e-02  8.26543421e-02  8.92900154e-02
  4.13627513e-02 -1.73462182e-02  9.49073732e-02 -1.16119273e-01
 -7.28356000e-03 -1.37054071e-01  8.95597786e-02 -5.41847348e-02
 -7.41398856e-02  1.13114662e-01 -6.87757209e-02 -5.89767173e-02
 -1.86981764e-02  3.39429453e-02  5.62004969e-02  7.32378215e-02
 -1.10534169e-01 -3.37902635e-01  1.68038532e-02 -1.28135785e-01
  1.18739143e-01  1.05912417e-01  3.42759252e-01  3.79521698e-02
  6.30831113e-03 -5.62400892e-02  6.34993613e-03 -7.13554025e-02
 -5.19971102e-02 -1.14346340e-01  2.00710118e-01  1.34464875e-01
  5.22368476e-02  1.06708713e-01 -1.18658647e-01  1.75485220e-02
  4.00428995e-02  5.30099459e-02 -4.89076115e-02  3.28306714e-03
 -3.05210408e-02  3.43033373e-02  1.33612514e-01  4.15401086e-02
 -1.88698340e-02 -2.96216995e-01 -2.65468284e-02 -4.95692715e-02
 -6.68302700e-02 -2.91534532e-02  2.12108772e-02 -8.64745453e-02
  2.85647437e-02 -1.20671347e-01  1.17258184e-01 -1.13680502e-02
 -1.78553656e-01 -2.59143636e-02 -8.40239301e-02  1.04895057e-02
  8.05763900e-02  1.00450411e-01  1.10462986e-01  5.69015183e-03
  7.26122689e-03  4.05593216e-02  1.25298649e-01 -5.00435159e-02
 -1.93998352e-01  2.70452127e-02  4.23858687e-02  1.67630062e-01
 -1.26981661e-01 -9.00849998e-02  2.27046441e-02 -1.79841146e-01
 -8.04919302e-02 -8.65930766e-02 -8.07516370e-03  9.38546956e-02
  6.86020702e-02 -1.67164981e-01 -6.73924237e-02 -2.42768209e-02
  4.51090839e-03 -3.95712703e-02 -8.69578868e-03  1.52782751e-02
 -3.45187411e-02 -5.09410948e-02  1.92963867e-03  6.25870973e-02
  1.44590020e-01  7.15699419e-02 -7.97381904e-03 -6.70190081e-02
 -1.11375265e-01 -1.35710701e-01 -7.61066973e-02 -4.78286445e-02
  1.16924189e-01  1.63420569e-02 -3.89507301e-02 -1.81656286e-01
  9.83651802e-02 -1.74136478e-02  9.70464572e-03 -8.69019516e-03
  1.40358992e-02 -3.76795344e-02 -1.66427102e-02 -2.17113402e-02
 -1.70644343e-01  1.25543490e-01 -2.41272314e-03  8.00915807e-02
  6.74593747e-02  1.05686975e-03  4.14157026e-02 -4.60442752e-02
 -1.11291252e-01  9.70537215e-02  1.67009816e-01 -2.36923143e-01
 -7.00178370e-02 -3.47291306e-03 -1.25028759e-01  1.26714669e-02
 -8.53251517e-02  1.36348203e-01 -4.46125790e-02 -5.92883751e-02
  2.70075053e-02 -9.74615216e-02  9.19968709e-02  1.46166176e-01
 -5.60257100e-02  1.54561013e-01 -1.12156443e-01  9.51876566e-02
  8.92163068e-02 -6.57457486e-02  6.13750629e-02 -5.91781922e-02
 -3.00947553e-03 -2.46897012e-01 -8.26051012e-02 -1.99794233e-01
  1.69286296e-01  5.64323999e-02 -2.36245096e-02  1.20658502e-01
 -1.41510116e-02  9.33074579e-02 -8.49350840e-02 -8.26319605e-02
 -1.56718284e-01 -6.97200224e-02 -5.80427870e-02  1.09441549e-01
 -8.62791836e-02 -4.61818352e-02  4.10690680e-02  3.73263173e-02
 -9.63581130e-02  1.87252894e-01 -2.27140307e-01  5.07222041e-02
  7.43741393e-02 -4.16271649e-02  1.30585045e-01 -2.82769769e-01
 -1.38965383e-01  1.45822436e-01  3.86792272e-02  6.70712739e-02
 -2.63033938e-02 -5.43834991e-04 -2.21803084e-01  8.00417364e-02
  6.76024929e-02  5.47065102e-02 -1.15443863e-01 -9.98156369e-02
 -3.94532412e-01  2.70206481e-01  4.42571519e-03 -1.20383926e-01
 -1.02907255e-01  9.71199721e-02  3.20671871e-02 -1.09775379e-01
  1.01678155e-01  2.08042949e-01 -5.23727238e-02 -1.32187918e-01
 -8.89464375e-03 -1.18106507e-01 -2.26475671e-01  2.27169007e-01
 -1.29818156e-01 -1.93510160e-01  4.66465652e-02  9.20107663e-02
 -8.13475251e-02  2.53733456e-01  4.83547989e-03 -1.75155699e-01
 -2.64428984e-02  5.34815118e-02  5.49680710e-01 -1.82598665e-01
 -2.07317397e-01 -1.94097623e-01  2.67790221e-02 -2.41634801e-01
 -2.38538489e-01  1.08747758e-01 -8.36333334e-02  4.08868641e-01
  2.28828952e-01  7.70331472e-02  1.01203367e-01 -1.33086756e-01
 -1.59998819e-01 -3.63532715e-02 -8.55412707e-02  1.26657128e-01
 -2.03918502e-01 -7.25884736e-02 -8.22377875e-02  1.67514682e-01
  2.17649505e-01 -1.97770651e-02 -2.16004074e-01  4.70740981e-02
  4.15711626e-02 -1.98599607e-01 -6.58320729e-03  2.96659797e-01
  1.62237540e-01 -3.18690054e-02  1.52564198e-01  3.15710247e-01
  1.25454932e-01 -2.64924914e-01  2.13363022e-01  2.86230475e-01
  3.84789854e-02 -7.61345625e-02  2.91405506e-02  1.59742266e-01
  6.66712821e-02  3.60223055e-02 -9.96162966e-02  2.93817610e-01
 -2.57894576e-01  1.71945728e-02 -2.49047145e-01 -1.70855373e-01
 -1.53639898e-01  7.87049383e-02  1.62442118e-01  1.79123446e-01
  1.95106193e-01 -3.79841812e-02  2.72843689e-01 -8.72097462e-02
  1.41765490e-01  7.01175183e-02  6.22184984e-02  1.41004031e-03
  2.45249510e-01  6.13703392e-02  1.55064791e-01 -1.55616492e-01
  6.05660826e-02  7.17422962e-02  3.90146337e-02 -1.68817058e-01
  4.92118746e-02  1.13555215e-01  2.12293014e-01  3.77387144e-02
  1.69045866e-01  1.38237461e-01  3.25663462e-02 -1.43789276e-01
  1.98451295e-01 -1.64625868e-01 -2.90101975e-01  1.66521251e-01
 -1.73993781e-01 -1.27890468e-01 -4.33554538e-02  3.63831252e-01
 -1.87083378e-01 -1.80928975e-01 -1.61333621e-01 -2.67715808e-02
  3.78013737e-02 -1.31735280e-01 -2.11381018e-01 -1.05046205e-01
 -5.99859543e-02 -6.84190318e-02  1.82294413e-01  8.65129903e-02
 -1.16351977e-01 -1.41962186e-01  1.29912511e-01  7.89692774e-02]