http://erau.edu/ontology/meme.owl#TacoThreadjackMeme
[-9.62836016e-03 -9.99466106e-02 -3.38922590e-02 -2.01924667e-02
 -1.06221437e-02  1.24587715e-01  7.51027614e-02 -1.15772270e-01
 -1.17078227e-04 -3.36780250e-02  9.26040709e-02 -1.12155356e-01
  1.61357187e-02 -3.13315913e-02 -2.55029947e-02  2.81125978e-02
  4.68582958e-02  7.29561672e-02 -3.32434401e-02  4.75448854e-02
 -5.36199920e-02  5.57195134e-02  9.89824906e-02 -1.02892496e-01
 -1.07422993e-02 -1.98688600e-02 -7.54974261e-02 -1.17574990e-01
  1.52618587e-01  9.73461717e-02  2.50599794e-02  1.34328634e-01
 -6.86948225e-02  1.84823247e-03 -1.00147285e-01  2.16247857e-01
 -5.37612662e-02  1.89256687e-02 -8.35135877e-02 -7.31546283e-02
  5.60138933e-02  9.55829695e-02 -2.04842016e-01 -1.54589433e-02
  5.58065735e-02 -3.25870998e-02  1.30053580e-01 -3.38023156e-02
  5.14794216e-02 -4.03598038e-04 -1.42016066e-02  5.15400730e-02
 -7.41556957e-02 -1.46531358e-01 -4.05009165e-02  1.24893207e-02
  1.28782526e-01 -1.33059800e-01  9.49970484e-02  5.53623810e-02
 -5.79125211e-02  2.43810900e-02  1.35380656e-01  2.18165703e-02
 -1.39977336e-01 -9.57509205e-02 -5.03455997e-02 -3.64285447e-02
 -1.79471001e-02 -1.05409093e-01 -1.55647963e-01  3.79049927e-02
  3.64303999e-02  1.45723403e-01  1.40480129e-02  1.01738863e-01
 -1.22322596e-03  5.94168808e-03  1.29416749e-01  5.96872978e-02
 -9.55040306e-02 -8.19818452e-02 -2.07082443e-02 -1.38268963e-01
 -1.26612522e-02 -3.79182175e-02 -2.42089201e-02  2.36742403e-02
  2.76395865e-02 -1.79824699e-02 -4.09757122e-02 -1.71329543e-01
  1.16867237e-01 -5.39673259e-03 -4.47143354e-02  1.50393724e-01
 -3.80418040e-02 -1.72915764e-03 -1.51252868e-02 -3.80499512e-02
  8.95428583e-02  4.65796180e-02  2.53301144e-01 -1.00273006e-01
  7.27399588e-02  4.48730960e-02  9.54528302e-02  4.01020423e-03
  2.57380493e-02 -8.36199075e-02 -4.82390635e-02  7.32310638e-02
 -5.80128022e-02 -7.73930550e-02  2.05621421e-01  3.15077193e-02
 -2.27939934e-01 -1.80814222e-01  8.32125619e-02  1.17587790e-01
 -5.61649948e-02 -3.47217210e-02 -6.85631782e-02  1.72441602e-02
  2.18643304e-02 -1.12221763e-02  6.35322854e-02  8.37246049e-03
  2.03435980e-02  2.74574328e-02 -1.94488481e-01 -8.20219144e-02
 -2.28655953e-02 -2.43967623e-02 -1.15110576e-01  9.80243236e-02
 -2.12230422e-02 -5.06498255e-02 -1.00930646e-01  2.21550819e-02
 -2.30443373e-01  3.46715413e-02  8.12854096e-02  1.24438927e-01
  1.11003950e-01 -7.81595409e-02  4.77864295e-02 -1.59003049e-01
 -5.42671420e-02  1.54770121e-01 -2.27025002e-02 -1.40794992e-01
  2.49537062e-02 -5.84348217e-02  2.60707121e-02  6.43451586e-02
 -1.91297978e-01  1.68545216e-01  1.49234515e-02 -9.93005559e-02
  4.09411266e-02 -8.83365199e-02 -5.59025519e-02 -3.29426154e-02
 -2.46740758e-01 -5.48232906e-02 -1.68846175e-02  2.79874951e-01
 -2.76016384e-01  7.82146826e-02  3.72646786e-02  9.35781002e-02
  1.17339268e-01  9.17242467e-02 -6.61591217e-02 -5.88562675e-02
 -1.08726300e-01 -3.58103588e-02  1.34981066e-01 -1.31858969e-02
 -1.49761960e-01  7.64811113e-02  2.31322460e-02 -1.61500778e-02
 -6.83082715e-02  4.51690070e-02  2.79642665e-03  8.76006708e-02
  1.04737915e-01 -2.71415859e-02  1.29545584e-01 -6.71661943e-02
 -1.61733285e-01 -9.06631500e-02 -1.53651703e-02  6.82312846e-02
  3.61418352e-02  2.02302441e-01 -9.70987752e-02 -9.59510505e-02
  6.66008666e-02  3.75401452e-02  1.65706903e-01 -5.92428520e-02
 -1.20423742e-01 -2.02449307e-01  3.45071144e-02 -7.70971030e-02
 -3.15491483e-02  8.87687653e-02  1.67046145e-01  1.26621619e-01
 -2.52651963e-02  4.61847186e-02 -4.18971516e-02 -2.04456374e-02
 -1.27818272e-01 -6.95737153e-02  5.30574247e-02  1.35331787e-02
  1.16397627e-01  5.30743487e-02 -2.24608444e-02  1.98934451e-02
  8.49941466e-03 -6.93124952e-03 -1.28840119e-01 -4.38999161e-02
 -7.32679889e-02  4.35517505e-02  7.69283809e-03  9.38904285e-02
 -4.41041365e-02 -6.65351525e-02 -3.94531488e-02  6.03962801e-02
 -3.73804159e-02 -7.44056031e-02  7.18284622e-02 -3.52993608e-02
 -4.01713476e-02 -9.32362080e-02  3.48358825e-02  6.03330974e-03
 -2.25232944e-01 -6.35199025e-02 -2.16128409e-01 -5.69639215e-03
 -5.88942096e-02  4.83489260e-02  3.30619365e-02  9.19880625e-03
  9.97677445e-02  1.88716743e-02  1.93107128e-01 -3.80861126e-02
 -5.96435331e-02  5.02013527e-02  2.53890026e-02  8.92243385e-02
 -5.36737069e-02 -1.26418799e-01 -1.11848051e-02 -7.05203712e-02
 -3.21802907e-02 -1.95098191e-01  3.48479003e-02  2.32619699e-02
  1.08727887e-01 -1.52898014e-01 -9.19894651e-02 -7.51783475e-02
  1.88984144e-02  3.73331495e-02  1.50845110e-01 -8.79948586e-02
  8.71229023e-02  5.60725387e-03 -1.14555225e-01  4.09220308e-02
  1.76091671e-01 -3.19615118e-02 -1.15668401e-01 -1.28497005e-01
 -1.89845175e-01  6.09503388e-02 -1.04376912e-01  1.13077080e-02
 -6.29716367e-03 -3.98535207e-02  8.98367260e-03 -8.99417549e-02
  5.04132695e-02 -4.29504998e-02  1.61140617e-02  9.65131819e-03
  1.54064074e-01 -4.99207713e-02 -1.25702962e-01 -1.74324572e-01
 -1.62120342e-01  2.22940501e-02  8.91344920e-02  2.04022415e-02
 -4.30138893e-02 -3.28067355e-02  1.31790325e-01 -1.07905477e-01
 -7.72357211e-02  2.71160658e-02  1.42467469e-01 -1.81283534e-01
 -5.58972396e-02 -7.93209970e-02 -9.55713689e-02  3.33533101e-02
  2.04861276e-02 -2.16859505e-02  2.06752624e-02 -1.09621435e-02
  2.60343887e-02 -1.61504969e-01  1.34069294e-01  1.29812121e-01
 -5.40253706e-02  7.64369890e-02 -1.47978172e-01 -5.41003756e-02
  1.46663949e-01 -4.42200759e-03 -1.54771758e-02  1.81607045e-02
  5.50546944e-02 -1.24024816e-01  2.44205222e-02 -1.46290645e-01
  8.96466523e-02  3.92069593e-02  6.60091862e-02  1.67078096e-02
 -3.66859441e-03 -5.22833839e-02 -1.60708872e-03 -1.14532582e-01
 -6.80843741e-02 -5.47188744e-02 -7.81722367e-02  3.60100903e-02
  7.23507702e-02 -1.26989424e-01 -4.37031388e-02  7.08687156e-02
 -1.34608090e-01  1.64232582e-01 -1.30162120e-01  1.33031562e-01
  8.50942731e-03 -3.86994332e-02  2.33657137e-01 -1.50518343e-02
 -6.97453022e-02  1.69908881e-01 -5.70210479e-02 -2.90349796e-02
  8.67295936e-02 -1.14462510e-01 -6.88606054e-02  7.93827549e-02
 -1.85468059e-04  1.08358033e-01  6.69880286e-02 -2.35879514e-02
 -1.86443716e-01  8.34995136e-02  1.39554692e-02  6.11023139e-03
 -9.13393423e-02  2.31809057e-02 -8.76085535e-02 -1.18191890e-01
  7.85054192e-02  2.34200358e-01 -1.28985435e-01 -7.35929310e-02
  2.03288734e-01 -8.95591080e-02 -1.37604252e-01  1.25365138e-01
 -1.73557311e-01 -1.57325521e-01 -7.28678107e-02  1.27565026e-01
 -9.74137560e-02  2.48841226e-01 -3.99449691e-02 -1.72472477e-01
  3.10246609e-02  5.28033115e-02  2.86535233e-01 -1.09823242e-01
 -7.49992877e-02 -1.44298613e-01  3.39594223e-02 -2.25314125e-01
 -7.32631013e-02  1.33171864e-02 -9.42463242e-03  3.49831492e-01
  1.41573399e-01  1.05374567e-01  2.39213526e-01 -1.70655295e-01
 -1.42678037e-01 -7.53012449e-02 -5.62963970e-02  9.28340182e-02
 -1.05586879e-01 -1.08137272e-01 -5.39238565e-02  7.33280182e-02
  3.38902953e-03 -4.19985205e-02 -1.91688374e-01 -2.08336348e-03
  3.45924646e-02 -2.02726156e-01 -9.04474929e-02  8.95231441e-02
  1.03242211e-01 -8.90711322e-03  1.41812250e-01  2.43645877e-01
  8.53433982e-02 -1.75195172e-01  1.38375863e-01  2.07774267e-01
 -2.25276221e-02 -1.57245085e-01 -3.03913672e-02  1.42187297e-01
  5.17709693e-03  5.83141670e-02 -9.79553312e-02  2.54195362e-01
 -2.23195598e-01 -3.41762267e-02 -1.15357712e-01 -1.44591883e-01
 -9.45993736e-02  7.99770951e-02  1.30990431e-01  9.08403248e-02
  1.22397512e-01  1.62009466e-02  2.48142838e-01  2.71677971e-03
  1.10133193e-01  1.12979665e-01  3.28221917e-02 -1.06021941e-01
  1.60096735e-01  9.87072811e-02  1.01515435e-01 -1.14765748e-01
  5.22368178e-02  1.05189264e-01 -1.74503047e-02 -1.66924283e-01
 -9.59791243e-02  1.20238168e-03  1.51578531e-01  7.55347610e-02
  1.78103924e-01  5.88203557e-02  8.36325809e-02 -1.54439643e-01
  1.92024305e-01 -1.30024925e-01 -2.83784550e-02  1.19963668e-01
  1.16958991e-02 -4.82888557e-02 -7.95520321e-02  2.17161357e-01
 -1.15721866e-01 -1.56952843e-01 -3.44071612e-02 -6.93649501e-02
  1.17384620e-01  4.44231220e-02 -1.53826535e-01 -2.95059923e-02
 -1.14062503e-01 -3.79067869e-03  1.22235268e-01 -5.37736118e-02
 -9.58202500e-03 -1.26775578e-01  8.63558874e-02  9.49218571e-02]