http://erau.edu/ontology/meme.owl#VlogHomefromStockholmMeme
[-5.24543449e-02 -1.49588168e-01 -3.52696353e-03  4.57033701e-02
 -3.38313095e-02  1.01777911e-01  1.91204682e-01  1.23905107e-01
  7.02151209e-02  8.42201803e-03  1.71773121e-01 -4.20511886e-02
 -8.34972411e-02 -8.99077207e-03 -1.61305025e-01 -4.76293936e-02
  8.30361098e-02  1.56892061e-01 -3.76706235e-02  1.40905768e-01
 -1.98158309e-01  5.24674430e-02  1.46406531e-01 -1.79037586e-01
  9.40964669e-02 -2.05084905e-02 -1.31042693e-02 -6.01963662e-02
  2.69739598e-01  1.92621667e-02  9.91664529e-02  1.58284083e-01
  7.87078217e-02 -1.08901456e-01  2.96079833e-02  1.69385046e-01
  6.42445832e-02  1.21165909e-01 -6.68714270e-02 -1.39970794e-01
 -1.79107673e-02  2.68330902e-01 -2.50883728e-01 -8.11012462e-02
  3.04436088e-02  8.14142153e-02  3.30442712e-02 -4.37087826e-02
 -7.06838593e-02  7.91661218e-02  8.51616636e-02 -5.96216656e-02
 -1.18635811e-01 -2.02896580e-01 -1.93345770e-01 -1.09573968e-01
  9.67393890e-02 -1.41526505e-01  2.06067458e-01  7.25146756e-02
 -1.76795255e-02 -1.65715367e-01  1.00927234e-01  7.44567662e-02
 -1.07277878e-01 -1.03959396e-01  9.61745065e-03 -2.83710454e-02
 -9.32019800e-02 -1.40930101e-01 -1.20337613e-01  5.07396311e-02
  2.13162526e-01  1.86053157e-01 -2.38471199e-02  1.43833473e-01
 -5.86595647e-02  2.04339391e-03  1.59865394e-01  3.19901668e-02
 -8.72081071e-02 -2.50141650e-01 -1.67073607e-01 -1.88214421e-01
  3.29570286e-02 -1.79659769e-01 -1.80814296e-01 -4.51066298e-03
  2.26526856e-02 -9.85313654e-02  3.17660458e-02 -3.41732115e-01
  2.97740698e-02 -8.71145446e-03 -6.44621402e-02  7.14879632e-02
 -1.80682186e-02 -2.97930762e-02 -5.71654253e-02 -8.44376832e-02
  3.73230502e-02 -1.53005747e-02  2.68534482e-01 -1.98154762e-01
  3.00614294e-02  1.61441527e-02  1.09170750e-01 -7.25379512e-02
  6.26913160e-02 -6.57500420e-03  4.79942188e-02  1.24399684e-01
 -7.72330388e-02 -1.57872468e-01  5.82243204e-02  3.73111926e-02
 -2.29259476e-01 -1.65320128e-01  1.74882174e-01  1.21765219e-01
 -6.73138201e-02  6.49512485e-02 -8.01055357e-02  3.59849110e-02
  1.02365427e-01 -8.62981230e-02  9.82504785e-02 -1.99732445e-02
  6.24906197e-02  7.54472148e-03 -2.45717093e-01 -1.52797490e-01
  3.66626047e-02  5.82193257e-03 -9.04246867e-02  2.69951701e-01
  4.13917713e-02 -5.53785898e-02 -2.09094957e-01  1.21156164e-01
 -3.74953657e-01  1.00408178e-02  1.60135552e-01  1.22902006e-01
  1.89047128e-01 -2.39813983e-01  5.09305485e-02 -1.73456371e-01
 -1.21125959e-01  9.56086740e-02  1.09994866e-01 -2.75923521e-04
 -8.84960592e-02 -4.74142730e-02  2.97288988e-02  1.23842202e-01
 -2.02237353e-01  2.14506179e-01  4.43112887e-02 -1.80853009e-01
  1.60139754e-01 -5.39589934e-02  1.37902712e-02 -1.05898209e-01
 -2.58044273e-01 -1.03202909e-01 -5.85673703e-03  1.64571851e-01
 -2.87043869e-01  1.65795431e-01  8.16106424e-03  1.18801154e-01
  1.91792801e-01  2.01618522e-01  4.64120694e-02 -4.41364720e-02
 -1.13240965e-01  1.70737486e-02  1.36630893e-01  5.23602311e-03
 -1.51184455e-01  8.77163261e-02  1.86815169e-02 -2.46822182e-02
 -1.14174560e-01 -1.51815719e-03  7.89134018e-03  6.92158937e-02
  1.76164389e-01 -5.08390404e-02  7.77423084e-02  1.37054902e-02
 -2.29264423e-01 -1.73217550e-01 -7.03728423e-02  4.79148068e-02
 -5.91884814e-02  1.58534646e-01 -1.16926134e-01 -4.33223806e-02
 -3.64317857e-02  8.31723437e-02  1.15694255e-01 -4.03854772e-02
 -8.49170536e-02 -2.55265921e-01  1.43004232e-03  3.84279666e-03
  9.87566039e-02  2.13177383e-01  3.18930119e-01  1.52048245e-01
 -4.72890548e-02 -4.95286360e-02  8.58082622e-02 -1.37843722e-02
 -1.67786255e-01 -9.43404213e-02  1.37553304e-01  1.09258510e-01
  2.92905301e-01  1.42866537e-01 -7.30716139e-02  8.90252367e-02
  9.87548158e-02 -6.21326976e-02 -7.56691396e-02 -9.16663371e-03
  1.97545644e-02 -1.74267497e-02  2.00751007e-01  1.31000578e-02
 -4.47390787e-02 -1.05015278e-01  4.68080724e-03  9.07796919e-02
 -1.00493461e-01  1.91559065e-02  8.23097378e-02  5.39605357e-02
 -4.16935459e-02  1.68338548e-02 -2.48966506e-03 -8.22650716e-02
 -1.95495218e-01 -1.18200347e-01 -1.74176380e-01  1.02882283e-02
 -2.14248360e-03  1.44156337e-01  1.00719161e-01  7.36407787e-02
  1.18738770e-01  2.14125030e-02  5.85848726e-02 -3.00756954e-02
 -9.97564793e-02 -7.57410377e-02  4.34908606e-02 -3.50546390e-02
 -4.33925241e-02 -1.39431059e-01  7.93940481e-03 -2.04808667e-01
 -5.62703647e-02 -1.45805210e-01 -1.30151361e-01  2.35587787e-02
  2.26315007e-01 -1.25969231e-01  1.72463693e-02 -9.78756249e-02
  3.46481502e-02  2.22553723e-02  2.36498594e-01 -5.07526472e-02
  1.39078842e-02 -2.97980886e-02 -9.00885314e-02  3.36159468e-02
  1.12435296e-01  1.14170671e-01 -5.47413267e-02 -8.84892419e-03
 -1.57218263e-01 -4.95675541e-02 -8.42239559e-02 -5.94176538e-02
 -4.31687422e-02 -7.53429681e-02  1.34129912e-01 -1.41176149e-01
 -7.80271292e-02 -1.25735357e-01  2.33300794e-02  3.96800041e-02
  1.86080605e-01 -2.17954256e-02  4.28281091e-02 -1.24592625e-01
 -2.17214942e-01  7.19801709e-02 -1.87364053e-02  1.78681724e-02
 -3.90772298e-02  1.78718619e-04  3.96286063e-02 -1.94961112e-02
 -1.04223397e-02  1.24812469e-01  2.10505515e-01 -1.56948358e-01
 -1.43670673e-02  4.09433022e-02 -2.43150420e-03  5.73642366e-02
 -5.57946786e-02 -3.87860313e-02  1.19195469e-01 -1.19054712e-01
 -1.98200089e-03 -1.67136684e-01  7.75270313e-02  1.40101686e-01
 -3.98245320e-05  2.69103665e-02 -9.82373580e-02 -8.87150783e-03
 -3.52041144e-03 -2.53551062e-02 -1.70535445e-02  5.91579452e-02
 -5.67090027e-02 -1.49655566e-01 -4.08499427e-02 -1.36326402e-01
  1.36533096e-01  1.55579120e-01 -5.02709784e-02 -5.57404011e-03
  5.10485135e-02  1.24262139e-01 -1.53997779e-01 -1.04810618e-01
  2.59696618e-02  2.47020982e-02 -9.78984237e-02  1.28008157e-01
 -3.00310329e-02 -1.72580585e-01 -9.13022012e-02  2.30011344e-02
 -6.42338544e-02  1.60439372e-01 -1.72971219e-01  5.40212281e-02
 -5.41321449e-02 -8.89272615e-02  1.93198010e-01 -4.40015979e-02
 -9.08855498e-02  7.21814111e-02 -1.24637246e-01  8.93716048e-03
  2.33680103e-02 -6.58246223e-03 -1.15547240e-01  3.03639546e-02
 -7.50757605e-02 -5.78171536e-02 -3.48273218e-02 -6.85125589e-02
 -2.06713274e-01  1.47524968e-01 -4.29723635e-02 -1.22604847e-01
 -1.54686019e-01 -3.03554460e-02 -1.10817015e-01 -1.15445182e-02
  1.15330346e-01  1.91740721e-01 -2.10222840e-01 -7.02932999e-02
  1.01662457e-01 -1.29196510e-01 -1.33268207e-01  1.77697435e-01
 -1.12731367e-01 -1.16007306e-01  9.55230463e-03  8.89837965e-02
 -6.02269024e-02  2.53350228e-01 -1.69109002e-01 -2.49620572e-01
  4.45493795e-02  1.88851178e-01  3.98982316e-01 -1.30061403e-01
 -7.02274740e-02 -3.26106846e-01 -5.89935072e-02 -2.88697869e-01
 -1.34550959e-01 -4.82686684e-02 -1.62911061e-02  4.45004970e-01
  1.64185390e-01  1.80707589e-01  1.37168750e-01 -1.84717461e-01
 -1.23210050e-01 -3.86292301e-02 -2.92235967e-02  5.57172745e-02
 -3.61481905e-02 -1.09876521e-01 -2.99344584e-02  1.46770244e-03
  8.32920000e-02  5.56056164e-02 -1.42775506e-01  5.82429254e-03
  2.15893947e-02 -1.81280121e-01 -3.28346677e-02  2.42561132e-01
  8.40588287e-02 -1.16086528e-01  3.61985900e-02  1.61192983e-01
  1.11401990e-01 -9.83457714e-02  2.38317683e-01  1.22720368e-01
  1.95581205e-02 -1.38454795e-01  3.87235582e-02  1.45151421e-01
 -3.61831789e-03  1.93004087e-02 -7.59171024e-02  1.82949141e-01
 -8.68266746e-02  5.66262007e-02 -1.04574434e-01 -1.21277578e-01
  4.07020114e-02 -1.60143077e-02  1.09038711e-01  1.28474785e-02
  3.34138162e-02 -1.23706618e-02  2.59143412e-01 -4.41004075e-02
  1.05299279e-01 -4.53940146e-02  1.00646526e-01 -2.44934559e-02
  1.32262424e-01  1.06879644e-01  9.66589823e-02 -1.16291158e-01
  2.64706425e-02  1.54273778e-01  5.82142882e-02 -1.21906616e-01
  1.98494811e-02  8.24584737e-02  2.29832441e-01  5.90153178e-03
  2.95912594e-01  1.57741249e-01 -4.48909365e-02 -3.58325392e-02
  8.20927694e-02 -1.63695082e-01 -1.36248553e-02  6.79639801e-02
  8.42321292e-02  9.23944116e-02 -7.77807385e-02  2.97827661e-01
 -1.01328313e-01 -1.63037851e-01  4.58250195e-02 -6.18091412e-02
  7.60476440e-02  1.82432886e-02 -1.55838877e-01 -6.67885467e-02
  4.49793227e-02  2.68591754e-03  1.42658815e-01 -3.51459123e-02
  3.59359384e-02 -9.80014279e-02  5.14896065e-02  6.57279491e-02]