http://erau.edu/ontology/meme.owl#CarSeatDanceMeme
[-0.04642566 -0.1899572   0.00478353 -0.00601646  0.00449149 -0.04063522
  0.14117771  0.08081562  0.0894648  -0.04698408  0.17317507 -0.08559785
 -0.01117372 -0.06213582 -0.09117294 -0.02821513  0.10258063  0.01307818
  0.11812065  0.06674099 -0.20356146  0.11115891  0.14916685 -0.22376944
  0.05355901 -0.00381887 -0.02235486 -0.14236021  0.18967834  0.15175417
  0.00360024  0.10795044  0.02197194 -0.10240158 -0.10679942  0.29172865
  0.01127222  0.25352722 -0.00389342 -0.27136162  0.0135902   0.30677104
 -0.23233671 -0.15160923  0.09667487  0.08873256  0.02455227  0.08311417
  0.02216833  0.13963173 -0.00439627 -0.10286108 -0.22171298 -0.1961644
 -0.0225663  -0.09760098  0.06807241 -0.00731066  0.30453566  0.08197575
 -0.09173305 -0.15456845  0.08808701  0.12290983 -0.08222575 -0.01233401
 -0.07078055 -0.07053576 -0.05650737 -0.2789508  -0.18999965  0.08104895
  0.12042231  0.08172046 -0.00154106  0.23578486 -0.20562543  0.06894703
  0.11972927 -0.07404877 -0.08757437 -0.15890485 -0.0284094  -0.17227785
 -0.05572627 -0.17848732 -0.04200274 -0.06696801  0.05814895  0.03446281
 -0.03368577 -0.29376838  0.19167227 -0.11515467 -0.06567537  0.10905581
  0.02712824  0.00499827  0.05814078 -0.02631873  0.15924193  0.04515672
  0.28124377 -0.11906567 -0.02994465 -0.07015964  0.17572647 -0.07434308
 -0.02220044 -0.10205676 -0.06026098  0.04221909 -0.1367229  -0.14212452
  0.17270686  0.1759727  -0.36197683 -0.34243193  0.1202732   0.20780976
  0.01056468 -0.0102413  -0.11402591  0.01029823 -0.03729716 -0.16873802
  0.01685374  0.01213061 -0.09342413 -0.07988081 -0.16337766  0.01182789
  0.1293908  -0.00120618 -0.06324195  0.20402238 -0.082541   -0.07046449
 -0.1698253   0.0856931  -0.25054762 -0.11002206  0.01083841  0.09674307
  0.17581162 -0.31399542  0.07666274 -0.18232398 -0.04156328  0.23105855
  0.08530791 -0.09529148 -0.01863179 -0.04803286 -0.0667915   0.0275244
 -0.20847718  0.22122476  0.04651799 -0.19564296  0.07107826 -0.1927907
  0.01493732 -0.05280307 -0.17937014 -0.19403437 -0.06657398  0.12893635
 -0.31352648  0.13392842  0.00443658  0.23978575  0.2813119   0.19448075
  0.01443177 -0.04784065 -0.13999273 -0.13325106  0.09413988 -0.01310511
 -0.18724132  0.21297595  0.05324715  0.01805525 -0.13149367  0.015146
 -0.04651042  0.04937408  0.32402807 -0.06157128  0.05285903 -0.05602851
 -0.2368464  -0.03548689  0.024561    0.10582441  0.13824686  0.0984403
 -0.07563104  0.0536742   0.03696138  0.06699953  0.0990795  -0.09218782
 -0.16300115 -0.13850735 -0.06056714  0.04153049  0.03902233  0.1322216
  0.20855938  0.10391672 -0.05754298 -0.07752693  0.07211477 -0.02027921
 -0.09085164 -0.07389519  0.0757518   0.13986583  0.23192184  0.02882574
 -0.18322465  0.08785793 -0.03518551 -0.01631543 -0.19388543 -0.00300343
  0.00249078  0.02238362  0.12790829 -0.05316719 -0.08473647 -0.03236846
 -0.08508275  0.09476425 -0.04231208 -0.07412406  0.07135762  0.023701
 -0.02721901 -0.08467215  0.00920794  0.03894396 -0.24817751 -0.02598389
 -0.21758443  0.00727487 -0.20206225 -0.08052202  0.03871659 -0.05952746
  0.08552033  0.05652042  0.09637155 -0.01377634 -0.05939445  0.05662536
  0.08162186  0.02081087 -0.0745421  -0.21066485 -0.00588393  0.02267196
 -0.04484665 -0.16417387 -0.09705041 -0.0411408   0.16384876 -0.12456147
 -0.04573533 -0.10179798 -0.05061693  0.1587202   0.19326282 -0.06067902
  0.09653892 -0.07654694 -0.05617284  0.07886282  0.11165617 -0.0064015
  0.04281567 -0.02502097 -0.17368293  0.05529441 -0.1299599   0.05397798
 -0.13036814 -0.12315497  0.14123486 -0.09048544  0.07244839 -0.13837351
  0.02996025  0.05387171  0.1503114  -0.10878965 -0.02712284 -0.18197419
 -0.29888636 -0.00543614 -0.00950903  0.01880304  0.00754195 -0.05424853
  0.16572356 -0.02261884  0.06902993  0.15179926  0.1344994  -0.22903095
 -0.03548691  0.03942466  0.08995218  0.06979258 -0.04749404  0.03393887
  0.1156932  -0.08014672 -0.02201604 -0.1239081   0.17360589  0.14648789
  0.06064404  0.02240524 -0.13330305 -0.07314462 -0.03946381 -0.06639545
 -0.04257336  0.00822995  0.01061303 -0.16112897 -0.11272015 -0.06315811
  0.05355208  0.04893588 -0.08696126  0.13456027  0.02091436  0.00041953
 -0.13283642 -0.00098085 -0.0394749   0.07779862 -0.10105336 -0.03366837
 -0.04914895 -0.08001199 -0.04540434 -0.09477041 -0.09360753  0.15868941
 -0.11967591 -0.01947336 -0.06551235 -0.21221045  0.11731805  0.0268187
 -0.112799    0.00926145 -0.01171572 -0.02262102  0.02134052 -0.07464147
 -0.02571085  0.01916849 -0.08918973  0.08543123 -0.04894369  0.0795417
 -0.28920206  0.01645935  0.03155677 -0.13147119 -0.19322442 -0.03625921
 -0.0200891  -0.14845538  0.06025766  0.11417001 -0.138865   -0.09181949
  0.22551018 -0.11483201 -0.06621117  0.12063763 -0.11586223 -0.02066639
 -0.22311904  0.10795737 -0.06439411  0.20682342 -0.11941004 -0.18988937
  0.09045594  0.10725027  0.24191964 -0.12783387 -0.02152827 -0.1779526
  0.02085556 -0.14572158 -0.11352073  0.04960239  0.0127994   0.20142591
  0.15325257  0.12109096  0.17428051 -0.13665031 -0.14277993 -0.13981175
  0.0318358  -0.05889694 -0.0228028   0.0004667   0.1039727   0.00379895
  0.11617609 -0.00665038  0.00333033  0.13300838 -0.05180651 -0.12440817
 -0.02126389  0.09114067  0.0215195  -0.09780555  0.09613759  0.16910097
  0.02540888 -0.01915867  0.0211363   0.11197148  0.0333139  -0.01484249
  0.07582562  0.17572106 -0.01517774  0.0166357  -0.07615265  0.22732385
 -0.10728028 -0.03276797 -0.10487532 -0.14172745 -0.08535569  0.17141089
  0.11965932 -0.07638351  0.07193839 -0.04609239  0.24119627  0.0510144
  0.01158702 -0.08570857  0.07251155 -0.01653187  0.12197545  0.10095512
  0.02246839 -0.13554637 -0.10570177  0.15932274 -0.12470423 -0.12422238
  0.07376325  0.02234041  0.1643239  -0.05504671  0.21104327  0.2141547
 -0.01358931 -0.12281931  0.14817935 -0.11226585 -0.03113894  0.00521474
 -0.00862639  0.03374736 -0.09927135  0.07893542 -0.12751296 -0.06516163
 -0.05577295  0.00455481 -0.01013578  0.1328286   0.03575825  0.03213239
  0.14579642  0.00569663  0.06481072  0.01299527 -0.00427325  0.01176371
 -0.03560411  0.08816285]