http://erau.edu/ontology/meme.owl#ConspiracyKeanuMeme
[-1.09501958e-01 -9.60615352e-02  3.38363051e-02  6.80131391e-02
 -3.21934856e-02  6.68875799e-02  1.18261784e-01  1.08984716e-01
  1.71292778e-02 -1.10817917e-01  1.21811643e-01 -4.90966588e-02
 -5.65536544e-02 -7.77057782e-02 -7.11083636e-02  5.62811606e-02
  1.17192633e-01  1.03579268e-01 -6.11214861e-02  4.01478782e-02
 -2.26033822e-01  1.42795831e-01  1.55453026e-01 -8.97011906e-02
  2.11280644e-01 -6.98421896e-02  4.25264612e-02 -1.54724553e-01
  2.86946833e-01  1.44774616e-01  1.85887516e-01  6.26962036e-02
  8.34525377e-02 -1.26407936e-01 -6.27648011e-02  1.76354215e-01
 -8.31908286e-02  1.19357802e-01 -1.97005048e-02 -1.44759446e-01
  2.20175255e-02  2.72129476e-01 -2.65268385e-01  1.49375536e-02
  5.84858991e-02  2.79294178e-02 -5.17098829e-02 -1.15861766e-01
  2.33958848e-02  1.38927102e-02  1.00418232e-01 -1.41255222e-02
 -1.11223057e-01 -1.00398444e-01 -1.54812336e-01 -5.18430732e-02
  1.10499106e-01 -1.71146169e-01  1.13488495e-01  1.06759578e-01
  8.65653157e-02 -8.70713741e-02  1.99086487e-01  4.11130004e-02
 -1.95867545e-03 -1.08401507e-01  2.29141526e-02 -2.26705279e-02
 -5.13719656e-02 -6.69368878e-02 -5.08031771e-02  1.12793021e-01
  9.73670483e-02  2.44274121e-02  3.97788323e-02  2.43268181e-02
 -6.88519552e-02  4.26834673e-02  8.97912160e-02 -5.84555417e-02
 -1.89429726e-02 -8.30157548e-02  1.92517303e-02 -9.10080820e-02
  8.38945359e-02 -4.36023325e-02 -8.60366151e-02 -2.09471807e-02
  5.73321991e-02 -3.50520387e-02 -5.18665984e-02 -1.39405638e-01
  1.19384015e-02 -5.52458987e-02 -1.28541589e-02  2.77401501e-04
  9.67227295e-03  1.05631445e-02 -5.54476567e-02 -9.81309190e-02
  1.19420402e-01  7.18806908e-02  2.58931577e-01 -7.55615681e-02
  1.71419308e-02 -9.58457775e-03  1.90859228e-01 -2.39425972e-02
 -1.42281018e-02 -4.91828732e-02 -2.63547320e-02 -3.22651095e-03
 -6.61511347e-02 -2.67275255e-02 -1.37478709e-02 -1.85336359e-02
 -2.25684673e-01 -1.65033042e-01 -1.78681351e-02 -3.21933143e-02
 -8.52968842e-02 -5.96574806e-02 -8.86613429e-02  2.33262151e-01
  1.71937823e-01 -1.16245009e-01 -4.87356074e-02  3.44143435e-02
  8.26616138e-02  3.29334326e-02 -2.40434751e-01 -3.56289838e-03
 -1.59353778e-01 -3.78040262e-02 -4.64744754e-02  1.62482366e-01
  7.05915540e-02 -9.82749909e-02 -1.85116827e-01  2.96089798e-02
 -1.63962603e-01  7.80130550e-02  1.74781948e-01  3.30137350e-02
  3.00714165e-01 -2.15516508e-01  2.94386968e-02 -4.02387902e-02
 -1.23645343e-01  9.00043249e-02  3.75601575e-02 -8.26465189e-02
 -1.08662806e-01  3.35920751e-02 -5.65802827e-02  1.24610208e-01
 -1.10787295e-01  2.13100985e-01  2.84748897e-02 -1.12717777e-01
 -3.94588187e-02 -9.50180590e-02 -1.31250005e-02 -4.38026302e-02
 -1.98726460e-01 -2.04394877e-01 -6.24897033e-02  7.91842714e-02
 -2.10640639e-01  8.66821334e-02  6.18412998e-03  1.42511740e-01
  1.78995192e-01  1.33943349e-01  1.13665126e-02 -3.50726843e-02
 -4.73601893e-02 -3.37915868e-02  5.03300577e-02 -1.18984438e-01
 -1.40074372e-01  4.33112606e-02  4.75798249e-02  1.86640415e-02
 -5.94227426e-02 -6.94541708e-02  2.64212817e-01  8.32244456e-02
  4.45960462e-02 -8.04150552e-02  9.39002354e-03 -6.93475902e-02
 -1.12881698e-01 -1.01277381e-01  5.35690002e-02 -8.51843432e-02
 -5.57183698e-02  8.98706093e-02 -1.05204202e-01 -9.73413512e-02
 -1.70453805e-02 -2.48799901e-02  1.76790766e-02 -2.35586297e-02
 -2.72633974e-02 -3.31077725e-01  7.74240047e-02 -4.91256565e-02
  1.75804690e-01  2.40183145e-01  2.93983400e-01  2.64551919e-02
 -5.13631999e-02 -5.51852025e-02  9.31147784e-02 -8.90998021e-02
 -2.02872939e-02 -4.77316491e-02  1.57987490e-01  1.27361566e-01
  5.39209992e-02  1.76333934e-01 -1.15161203e-01  3.23024020e-02
  2.19149403e-02  1.39249823e-04 -5.68278655e-02 -1.19568333e-02
 -5.99823287e-03 -7.19582811e-02  4.70042266e-02 -8.62980410e-02
 -1.29053473e-01 -1.66559637e-01 -7.12843016e-02  1.89692266e-02
 -1.37198582e-01 -3.07435971e-02  2.01267041e-02 -1.07101500e-01
 -2.27523483e-02 -7.63225779e-02  2.90927310e-02 -4.68122698e-02
 -2.26719230e-01 -2.11633574e-02 -1.30568281e-01  1.45187080e-02
 -8.21950957e-02  1.26404777e-01  1.04654931e-01  1.63838733e-02
  8.75977874e-02  2.12501222e-03  1.86216637e-01 -2.11777128e-02
 -1.15626954e-01  3.65992934e-02  9.78672132e-03  1.41331255e-01
 -1.28741309e-01 -7.27279037e-02 -4.50362079e-02 -1.05929688e-01
 -1.16354056e-01 -6.52812049e-02  5.05798087e-02  9.53217745e-02
  1.40579334e-02 -1.43072933e-01 -3.89032960e-02 -1.12395942e-01
  5.27186738e-03 -3.32980193e-02  6.26583099e-02  1.91822127e-02
  1.53226167e-01 -4.07743454e-03  5.62713221e-02  8.92275423e-02
  8.85097384e-02  5.01973368e-02 -4.76119528e-03 -1.13048606e-01
 -1.38831109e-01 -4.28589024e-02 -7.84608647e-02 -1.28309757e-01
 -2.60521099e-02 -1.40693396e-01 -8.36617965e-03 -4.95907366e-02
  6.31245226e-02 -1.06443167e-01 -3.05087604e-02  4.22674604e-02
  1.01481289e-01  5.36223538e-02 -1.22152925e-01 -5.79041466e-02
 -7.93327540e-02  7.19875693e-02  6.21073600e-03  1.06387377e-01
 -2.66841371e-02 -3.07755563e-02  5.20975329e-02 -1.14295371e-01
 -4.00067084e-02  4.37151566e-02  1.48427755e-01 -1.36763290e-01
  4.03098203e-03  1.63679365e-02 -1.38880998e-01  1.64622976e-03
 -7.37516209e-02  1.22377053e-01  3.02985846e-03 -1.09248154e-01
  9.55392793e-02 -5.54614328e-02  1.36655554e-01  8.72436687e-02
  8.02800059e-03  8.41461867e-02 -3.44916508e-02 -1.14712249e-02
  1.70704901e-01  1.50733450e-02  6.86581358e-02 -5.16599938e-02
  1.78691819e-02 -1.10710628e-01 -9.57344696e-02 -7.39406124e-02
  8.80896077e-02  4.12147939e-02 -1.99962053e-02  1.48283482e-01
 -1.83545966e-02  1.28487363e-01 -7.86336809e-02 -9.54214483e-02
 -4.55300584e-02 -6.22240119e-02 -1.26801342e-01  1.45378456e-01
 -1.46887060e-02 -6.42371923e-02 -1.26136318e-02  9.64171626e-03
 -8.78231525e-02  7.67734125e-02 -1.21998593e-01  5.97997196e-02
 -9.83330514e-03  1.25558957e-01  1.31453797e-01 -3.15550379e-02
 -4.50894758e-02 -3.51235680e-02  5.59105650e-02 -2.13359371e-02
  4.48627165e-03 -1.41503178e-02 -1.46751210e-01  6.13723844e-02
  6.70454577e-02  5.74156046e-02 -3.03336252e-02 -5.28212041e-02
 -1.54192686e-01  7.19681010e-02 -6.60651783e-03 -1.01721428e-01
 -1.11159325e-01  1.10934958e-01  1.06973551e-01  3.32028903e-02
  6.42487640e-03  9.13730338e-02  1.76820345e-02 -4.25336696e-02
  2.05373485e-02 -1.19678147e-01 -1.89100370e-01  1.99964687e-01
  2.87994966e-02 -1.06738344e-01  4.72832425e-03  4.86380942e-02
 -2.54341401e-02  2.65567333e-01 -2.20680069e-02 -3.05824757e-01
  2.32698000e-03  1.83508173e-02  4.51515257e-01 -6.87363744e-02
 -2.18835324e-02 -1.49409354e-01  8.91808718e-02 -2.41687819e-01
 -2.31549293e-01 -1.25201582e-03 -6.32045344e-02  3.15690398e-01
  1.46400526e-01  2.88786646e-02 -1.89301260e-02 -1.57631457e-01
 -8.88456330e-02 -4.67035547e-02  3.80512811e-02 -8.89911503e-03
 -1.27968639e-01 -1.24252364e-01 -4.25340906e-02  1.50315747e-01
  1.05817966e-01 -1.11354224e-01 -1.44458292e-02  2.36532055e-02
  4.37320909e-03 -8.51272866e-02  7.06613623e-03  5.01311570e-03
  1.67227373e-01  2.28209160e-02  5.14093414e-02  1.37139335e-01
  1.03385821e-01 -1.48611203e-01  1.98748812e-01  3.22353616e-02
  1.12867996e-01  2.36749910e-02  4.34056371e-02  3.24892364e-02
  5.94121851e-02  7.65538067e-02 -9.41276550e-02  1.49874836e-01
 -2.36146539e-01  5.80676235e-02 -1.36918858e-01 -8.83912593e-02
  4.02677665e-03  1.16549048e-03  4.98891734e-02  1.00413434e-01
  1.19770892e-01 -2.78056022e-02  1.91265047e-01  4.20042165e-02
  2.13297516e-01  3.23679745e-02  7.64538869e-02  1.03338823e-01
  1.12483822e-01  1.29196540e-01  1.49618328e-01 -8.02321285e-02
 -3.51489857e-02  9.05539617e-02  5.25053628e-02 -9.01388451e-02
  2.16839667e-02  3.85431759e-02  1.79785058e-01  4.51240316e-02
  1.23073511e-01  5.45428433e-02 -2.03558430e-02 -7.42209181e-02
 -2.26008873e-02 -9.58861336e-02 -6.74638376e-02  1.22186922e-01
  2.11358555e-02 -1.03955179e-01 -5.07681966e-02  2.54035145e-01
 -1.24629162e-01 -9.92098674e-02 -8.32740143e-02 -8.57420936e-02
  3.29726078e-02 -3.40392031e-02 -8.71737748e-02  1.40990876e-02
 -5.28431172e-03  3.16556841e-02  8.48687887e-02  5.02069034e-02
  2.38422770e-02  8.71877372e-02  4.99344692e-02  2.54323091e-02]