http://erau.edu/ontology/meme.owl#MegaMilkTittyMonsterMeme
[-0.06420914 -0.07557204  0.07929813 -0.01011888  0.0247557   0.10374656
  0.1836086   0.11550087 -0.052526   -0.06461871  0.08649811 -0.04998623
  0.02324419  0.00249139 -0.04007369  0.10738811 -0.00851932  0.0769322
  0.07389535  0.10645741 -0.02185872 -0.00586536  0.05538842 -0.05877459
  0.06235613 -0.00945174  0.00703658 -0.04463189  0.08924657  0.05068326
  0.05536124  0.1473175   0.05465054 -0.04337485  0.02358918  0.15371174
 -0.09187759  0.06050013 -0.04312482 -0.15670243  0.03954025  0.08030767
 -0.04462475 -0.07460747  0.05982478  0.02630177  0.00140344  0.02800513
 -0.04282609 -0.01136496  0.06154275 -0.02527262 -0.08611003 -0.11709391
 -0.04834417  0.03890772  0.07658313 -0.11344598 -0.03647316  0.11397205
 -0.01701823 -0.07148864  0.10838982  0.00908395 -0.24352874 -0.12084754
  0.02094517 -0.00436541 -0.08227161 -0.17683864 -0.02163745  0.05940031
  0.0178604   0.03245168  0.04576013  0.09847643 -0.17749687  0.08688179
  0.11819644  0.10296737  0.03767117 -0.01672614 -0.04950629 -0.10091932
  0.10065182 -0.0721982  -0.05280573  0.06446534  0.13017073  0.05372245
  0.04244102 -0.20703033  0.1064054  -0.07823432 -0.10291275  0.01891656
 -0.01236466  0.03446075  0.02554535  0.04226463  0.1455037   0.05781115
  0.34802422 -0.06833133 -0.00865772 -0.03800268  0.07100272  0.06924109
  0.06763571 -0.09839758 -0.03023815 -0.02062745 -0.10311235 -0.08912751
  0.03852176  0.1499686  -0.25428122 -0.08729219  0.03341228  0.03205515
 -0.04941101 -0.03879199 -0.00874646  0.14676079  0.06628214 -0.03677557
 -0.06705897 -0.01142237 -0.03013858 -0.0457545  -0.29584    -0.05020643
  0.03259965 -0.0663799  -0.05753225  0.00377499 -0.06973725 -0.09542674
 -0.04185034  0.06639182 -0.19362031 -0.05458898 -0.00375776 -0.02197125
  0.18434308 -0.15420975  0.01097748 -0.12317815  0.08564057  0.20609711
  0.01416427 -0.12828772  0.05699119  0.04202123 -0.08861142  0.00215312
 -0.13042015  0.16255014  0.04913041 -0.05322357  0.03385255 -0.23461641
 -0.01352986  0.04825719 -0.16603021 -0.1544653  -0.07269525  0.09005377
 -0.32298252  0.09272851  0.09817491  0.21790016  0.20691164  0.16003044
 -0.0972604  -0.07877468 -0.02839686 -0.06681659  0.16127111 -0.04666552
 -0.07601469  0.10530937  0.19172934  0.05160934 -0.03428342 -0.0438612
  0.03341579  0.06360488  0.15056974 -0.0978233   0.02332446  0.02639422
 -0.16739115  0.01288492 -0.01234553 -0.06158596  0.07196122  0.16008447
 -0.08532337  0.02421277  0.04035039 -0.00639617  0.06845012 -0.01095834
 -0.07415175 -0.12550919 -0.03112282 -0.04335425  0.13329862  0.04967286
  0.19158001  0.10891519 -0.0542273  -0.1153392   0.16474384  0.05581081
 -0.12745902 -0.07131893  0.10265371  0.06719818  0.08853099  0.17107612
 -0.11212447  0.03242321 -0.09579366 -0.05807788 -0.18204279 -0.07118938
 -0.10754454  0.01351096 -0.00649154 -0.01000598 -0.15031795 -0.06143815
  0.01243731 -0.01735591 -0.0786189  -0.00973517  0.155804   -0.11801921
 -0.06945611  0.02404172  0.03639132  0.01498458 -0.22099319 -0.09077644
 -0.16874431 -0.01561676 -0.22800596  0.06633276  0.05811114 -0.00283748
  0.17011103  0.04531158  0.24183966 -0.07639553 -0.1392841  -0.02195918
 -0.0368917   0.07601716 -0.13003676 -0.05522813 -0.03996938 -0.08115528
 -0.01947918 -0.19211054  0.11759651  0.02058205  0.0772834  -0.01944202
 -0.01934567 -0.16073453 -0.16421282  0.05532609  0.19026172 -0.05084519
  0.14223713 -0.02821253  0.00268971 -0.00797945  0.00476976  0.14195979
 -0.10309655 -0.09127425 -0.10466786  0.03869633 -0.12691115 -0.05138374
 -0.05751451 -0.07375839  0.1108456  -0.08790482 -0.00623109 -0.03284612
  0.05202534  0.02209177  0.20821203  0.05388295 -0.16125923 -0.0832017
 -0.24471503  0.01558954  0.03370761  0.0550965   0.03323119 -0.10781334
  0.30482078 -0.06105707 -0.02813338  0.04633221  0.18135196 -0.21458304
  0.02150832  0.04516707 -0.07515536  0.02392771  0.03894943  0.02861755
  0.04970724 -0.05630174  0.06312393 -0.13065803  0.20197806  0.14521843
  0.05121529 -0.05537578 -0.14827196 -0.01817253  0.16962151  0.02873648
 -0.00544431  0.00174237  0.08199414 -0.02266085  0.0457814  -0.26691642
  0.11118804  0.14712325 -0.08437682  0.02575624  0.03388522  0.15097803
  0.00475548  0.03051635 -0.12528573 -0.0262703  -0.15884262  0.09465791
 -0.06126621 -0.08283512 -0.02232802  0.14890383 -0.06862297  0.11893254
 -0.21184331  0.1523116  -0.03103084 -0.08086789  0.28270867 -0.10617428
 -0.14285105  0.13464136  0.00426301 -0.01250428 -0.03139957 -0.07547078
 -0.02373065  0.09797689  0.01346559  0.0081061  -0.03115439  0.0318527
 -0.12418514 -0.0258527   0.12741585 -0.00727693 -0.00351439  0.00728936
 -0.01297898 -0.07828281  0.07419922  0.17678246 -0.05992122 -0.06356266
  0.07878593  0.04046488 -0.06084083  0.08809807 -0.00966913  0.04364056
 -0.11887752  0.05002734 -0.01201632  0.02357658  0.02292574 -0.09012109
  0.03733817 -0.0111819  -0.03796389  0.04707992 -0.03874558 -0.07424427
  0.06029733  0.05115433 -0.00684282 -0.03566093 -0.10352468 -0.03893627
  0.0977162  -0.02929165  0.19781545 -0.17014916 -0.22640185 -0.07555901
 -0.08759595  0.04204654 -0.08249483 -0.09410121 -0.00432205  0.04131341
  0.12316132 -0.0604707  -0.11159794 -0.00064472 -0.01453354 -0.05160992
 -0.04732936 -0.02232216  0.10621191 -0.00861874  0.02828938  0.18213087
  0.08252037 -0.08368214  0.12062106  0.16086528  0.07318606 -0.10112225
  0.02945813  0.19396389  0.16994007  0.13282908 -0.14907278  0.37486473
 -0.29091436 -0.06283788 -0.1966561  -0.05216165 -0.02797591  0.10644733
  0.05298376  0.13499278  0.18917726 -0.05838226  0.21555488 -0.00927434
  0.13347745  0.03297969  0.05602719  0.01411738  0.06095473  0.0703901
  0.13842481 -0.06017632  0.01066172  0.12072434 -0.04972846 -0.04238963
 -0.06032612  0.06562822  0.14016122 -0.10199945  0.07160228  0.18639204
 -0.02939438 -0.12024647  0.05835104 -0.23790596  0.05341909  0.18581112
  0.00840907 -0.02422952 -0.12226912  0.1685992  -0.16729273 -0.23403497
  0.1061645  -0.13907808  0.13297494  0.14576933 -0.05100945  0.04215344
 -0.02451293  0.16252905  0.12075809  0.00499991  0.08229898 -0.09356124
  0.04890089  0.02936955]