http://erau.edu/ontology/meme.owl#JPSearsMeme
[-3.53828557e-02 -1.42080888e-01  3.02364714e-02  3.53692286e-02
  3.26887146e-02  3.41656469e-02  7.13507831e-02  6.47854507e-02
  3.28692533e-02 -8.37957412e-02  1.35351956e-01 -9.46218297e-02
 -5.68856820e-02  6.44780789e-03 -7.70422220e-02 -9.45621952e-02
  4.30041105e-02 -1.44433705e-02 -7.87829384e-02  6.44988120e-02
 -1.89354271e-01  1.99046582e-01  8.44338834e-02 -1.50560111e-01
  1.56002074e-01 -1.59269981e-02  1.53776770e-02 -3.09890993e-02
  2.65664965e-01  9.69580933e-02  2.05611914e-01  1.79882869e-01
  1.61231123e-02 -8.90208501e-03 -1.95552558e-02  2.01643020e-01
 -5.69612440e-03  8.18254575e-02  7.23108370e-03 -1.01997040e-01
 -1.51472092e-01  9.41667706e-02 -2.86233604e-01 -3.18106525e-02
  1.35748416e-01  1.09400507e-03  6.45749792e-02 -1.09731197e-01
 -7.26150423e-02  4.94775362e-02  8.92485604e-02  2.89042033e-02
 -1.41416296e-01 -1.82581395e-01 -9.59776118e-02  3.64088453e-02
  5.00717163e-02 -7.80939087e-02  1.50319636e-01 -2.65214518e-02
 -4.47388813e-02 -5.66790663e-02  2.25015171e-02  6.69787303e-02
 -1.84263606e-02 -1.73075184e-01  5.39319739e-02 -2.52927728e-02
 -1.18322231e-01 -8.28634426e-02 -1.54706538e-01  7.38167167e-02
  1.05632760e-01  2.93889884e-02  3.47427428e-02  6.03843965e-02
 -1.13402933e-01  1.50545230e-02  7.80334547e-02 -1.23226725e-01
 -2.46963929e-03 -1.18230566e-01 -1.01989791e-01 -1.23138331e-01
  7.04986453e-02  2.78447960e-02 -1.36963680e-01 -3.64932306e-02
  5.61740696e-02 -1.32447258e-01 -4.76676486e-02 -1.79695040e-01
  9.21013728e-02  6.19826140e-03 -2.07763892e-02  7.57096941e-03
  4.36593704e-02  3.25690955e-02 -5.51739596e-02 -1.40292235e-02
  1.39550492e-01  1.06905419e-02  3.30392510e-01  2.40065735e-02
  3.98677867e-03  4.93209846e-02  5.86686805e-02  2.83709029e-03
 -4.42470126e-02 -5.23155592e-02 -8.89641196e-02  1.17190219e-01
 -1.23714879e-01 -1.73547328e-01  2.51633897e-02 -3.35577019e-02
 -2.92873979e-01 -2.85777748e-02 -1.60756875e-02  1.31158888e-01
 -1.05554298e-01 -1.26194075e-01 -1.89709023e-01  9.16423053e-02
  1.37644738e-01 -7.43134469e-02  3.00805978e-02  7.10281730e-02
  1.77698016e-01  2.85412613e-02 -1.95600852e-01 -2.97930315e-02
 -3.20177637e-02 -6.13685064e-02 -3.54948565e-02  1.20898455e-01
  3.31959315e-02  1.77535713e-02 -1.44717112e-01  1.29932061e-01
 -1.12898968e-01  8.44368488e-02  1.58807710e-01  8.35107416e-02
  1.35270000e-01 -2.62338072e-01  6.02682792e-02 -1.27397016e-01
 -7.22985119e-02  1.32491857e-01  7.76548535e-02 -6.81790197e-03
 -6.71847314e-02  1.06811009e-01 -1.79129392e-02  1.24501444e-01
 -9.61913392e-02  3.18845302e-01  1.85086280e-02 -1.21156879e-01
  1.26056999e-01  6.14415854e-03 -6.22651353e-02 -1.30164903e-02
 -2.01438338e-01 -1.25193104e-01  7.57729635e-02  2.03089714e-01
 -3.62446606e-01  2.01055169e-01  7.66604021e-02  1.56319723e-01
  1.89415410e-01  2.25046724e-01 -1.47790834e-01 -3.08517218e-02
 -2.52019353e-02 -1.04994111e-01  9.07119513e-02 -2.22290168e-03
 -9.49637368e-02  4.17760052e-02 -5.40603325e-02 -2.99399514e-02
  8.78348798e-02 -4.57495116e-02  1.33432806e-01 -1.40537191e-02
  7.67123401e-02  2.11055018e-02  3.36665697e-02 -6.22754432e-02
 -1.83354720e-01 -6.16354942e-02  5.92423342e-02 -4.92505021e-02
  1.60745028e-02  1.54944152e-01 -4.73627225e-02 -1.02451995e-01
 -3.95090804e-02 -4.10727262e-02  9.18237418e-02 -5.52479886e-02
 -8.78685862e-02 -2.86138266e-01 -2.86451895e-02  2.48783007e-02
  1.13368936e-01  1.14922427e-01  3.07578146e-01  5.37225790e-02
  8.31628963e-02 -3.67278866e-02 -4.81606610e-02  9.09935404e-03
 -4.43115421e-02  6.79744706e-02  1.30590126e-01  1.18700124e-01
  1.56061463e-02  4.65517119e-02 -5.83271533e-02  6.03588372e-02
 -7.49244494e-03  1.65189449e-02 -4.01860811e-02 -3.55757736e-02
 -8.11456144e-02  1.08200170e-01  9.58017558e-02 -2.14007050e-02
 -1.79362550e-01 -9.10088941e-02 -5.28586283e-02  5.29943928e-02
 -9.12025513e-04 -1.01156108e-01 -2.66595813e-03 -3.17853019e-02
 -1.49177313e-01 -2.17699725e-02  8.14383700e-02 -3.08599155e-02
 -2.51847148e-01 -5.54995947e-02 -1.54167488e-01 -5.98770604e-02
 -1.09456414e-02 -6.61449507e-03 -2.60116532e-02  7.99952522e-02
  2.53218133e-02 -4.32277396e-02  2.18834102e-01  1.60012767e-03
 -1.37230098e-01  4.66943383e-02 -3.89693156e-02  1.06592327e-02
 -9.21612382e-02 -1.22252710e-01 -1.36566147e-01 -1.38753489e-01
 -1.16490982e-01 -2.22671568e-01  7.02674910e-02  1.21895865e-01
  7.92042688e-02 -5.03171459e-02 -1.30531147e-01 -1.03303082e-01
 -4.56798673e-02  7.56396120e-03  2.69813016e-02  3.49504943e-03
  1.61009863e-01  1.07845515e-02 -6.43850788e-02 -1.99543089e-02
  1.01221934e-01  9.19486359e-02  2.39296984e-02 -1.00838616e-01
 -1.18551977e-01  2.36136410e-02 -2.99489237e-02  4.53325659e-02
 -5.23038693e-02 -1.79320902e-01  7.20776394e-02 -1.71371013e-01
  5.26951738e-02  2.01254487e-02 -1.23800645e-02  4.87277061e-02
  1.44426852e-01 -3.40846367e-02 -9.48447958e-02 -8.04001391e-02
 -1.41500339e-01  3.39589380e-02 -1.34072602e-02  9.37608853e-02
 -1.29057816e-03 -1.01174571e-01  7.76142813e-03 -5.17928191e-02
 -9.27936733e-02 -2.36755200e-02  2.59155899e-01 -4.48082350e-02
 -1.17888391e-01 -1.98778603e-02 -8.53535011e-02  4.86767925e-02
 -6.50090501e-02 -8.70848913e-03  6.62219971e-02 -8.81605744e-02
  1.20925561e-01 -1.31718293e-01  1.38814822e-01  1.41292840e-01
  9.46947187e-02 -3.78195420e-02 -5.25145791e-02  9.92699992e-03
  6.76812232e-02  4.90710586e-02  9.79569182e-02 -1.06457524e-01
 -1.86464097e-02 -1.53403416e-01 -5.10725789e-02 -1.32135630e-01
  1.46248952e-01 -1.00878272e-02  9.53370407e-02  5.04301637e-02
 -2.32240129e-02  9.05666780e-03 -8.09199363e-02 -6.83927685e-02
  7.75444601e-03 -8.19396526e-02 -2.66256247e-04 -5.01215421e-02
  2.18306892e-02 -6.16384223e-02 -8.33544955e-02 -3.20877321e-02
 -1.22001454e-01  1.71693623e-01 -1.12212688e-01  2.17679460e-02
 -3.44719142e-02  3.71194407e-02  9.92999449e-02 -7.61684179e-02
 -4.04371321e-02  3.74698825e-03 -3.24637145e-02 -5.08613624e-02
 -4.20408472e-02  7.89072737e-02 -5.09418212e-02  4.63969894e-02
  8.31367821e-02  5.19443974e-02  1.70873888e-02 -1.84387326e-01
 -1.67372897e-01  1.40796110e-01 -4.07228284e-02 -4.89817448e-02
 -5.08834273e-02  1.00761615e-01 -1.05530731e-01  2.95684561e-02
 -3.08015607e-02  1.18250467e-01 -5.42236306e-02 -1.04486346e-01
  3.56326289e-02 -1.30825013e-01 -2.68799160e-02  8.79207328e-02
 -3.78626734e-02 -4.09715064e-02  9.47304815e-02 -3.82161364e-02
 -6.12846538e-02  2.99127936e-01  1.28334388e-02 -8.68563503e-02
  2.09980588e-02  2.77331136e-02  2.71782875e-01 -1.27805516e-01
 -7.78962001e-02 -1.29058167e-01  1.32513076e-01 -1.20721795e-01
 -5.43810287e-03  7.93387592e-02 -4.16709073e-02  2.52493590e-01
  7.13600889e-02 -2.88552884e-02  3.55049409e-02 -6.37370124e-02
  1.36962235e-02 -7.02637434e-03 -1.05118148e-01 -2.13841852e-02
 -1.77285656e-01 -2.04765946e-01 -1.46269277e-02  6.49703667e-02
  1.83157906e-01 -6.32944778e-02 -2.37914160e-01  5.28428182e-02
  5.57230413e-03 -1.07392058e-01 -3.36298570e-02  9.56014842e-02
  5.88061661e-02 -4.89724241e-02  3.21868807e-02  1.02654405e-01
 -1.92329995e-02 -1.41701564e-01  6.09229133e-02  1.37758821e-01
  8.78413469e-02 -3.71578746e-02  5.93699142e-02  1.21369563e-01
  9.50961653e-03 -1.90671217e-02 -1.17630444e-01  2.02952161e-01
 -1.57982826e-01 -1.45862149e-02 -1.44415975e-01 -4.71382998e-02
 -6.85268790e-02  1.77452285e-02  8.16897973e-02  5.82156256e-02
  8.88966098e-02  1.71283213e-03  8.02186951e-02 -2.35858373e-02
  7.52980486e-02  8.51083678e-05  8.13664347e-02 -3.85895781e-02
 -4.29150462e-02  9.09065232e-02  1.59394830e-01 -7.63730481e-02
  7.82761574e-02  9.35088173e-02 -1.61140170e-02 -4.76080924e-02
  5.15933195e-03 -4.07514945e-02  2.22210228e-01 -1.09746577e-02
  5.97560294e-02  9.45849493e-02 -1.93164386e-02 -1.25842333e-01
  1.24518260e-01 -1.69002369e-01 -1.85843766e-01  8.38498101e-02
  1.12789966e-01 -7.56623447e-02 -6.65509179e-02  8.88816789e-02
 -2.05281839e-01 -1.43549353e-01 -2.18686029e-01 -2.65911929e-02
  1.21434808e-01  4.23308089e-02 -5.05356118e-02 -2.72416957e-02
 -4.49901633e-03 -5.04951291e-02  1.07388824e-01 -1.97375678e-02
 -4.92839776e-02  5.00756055e-02 -3.57345343e-02 -6.27739280e-02]