http://erau.edu/ontology/meme.owl#WamenMeme
[-1.39487594e-01 -1.09242238e-01  7.49145867e-03  3.29349451e-02
 -1.72005489e-03  9.14249849e-03  9.21310931e-02  8.14546831e-03
 -9.41068009e-02 -8.16048533e-02  1.29375115e-01 -4.64795195e-02
  4.78909872e-02 -8.70232061e-02 -3.81693169e-02 -1.41608668e-02
  9.68984514e-02  4.70326617e-02  5.13292663e-02 -1.18205864e-02
 -2.50819594e-01  8.84374306e-02  8.79657194e-02 -1.63543954e-01
  4.62473072e-02  3.71575840e-02 -4.53569880e-03 -1.14514753e-01
  2.47258648e-01  1.28186390e-01  7.10805058e-02  8.43223631e-02
 -2.61280946e-02 -8.52923393e-02 -1.12872817e-01  1.10785164e-01
 -1.70669556e-02  1.22015528e-01 -4.95808087e-02 -1.51852295e-01
  7.73724541e-02  2.41199896e-01 -1.17453732e-01 -4.17130031e-02
  9.35029835e-02 -4.18007886e-03 -4.05989774e-02  2.55586393e-02
 -1.94022842e-02  1.16252519e-01  2.54987739e-02 -6.17824867e-03
 -6.62301481e-02 -1.28362224e-01 -4.62038703e-02 -7.88557008e-02
  1.60687506e-01 -1.28684223e-01  1.99612007e-01  1.04001909e-01
 -1.79560035e-02 -5.59326932e-02  1.06235720e-01  9.56592895e-03
 -9.96251628e-02 -6.07241765e-02 -1.48553140e-02 -1.27247006e-01
 -8.44827667e-02 -1.76837325e-01 -4.42858599e-02  8.68068412e-02
  1.03052743e-01  8.90778098e-03  1.07714109e-01  1.00842632e-01
 -4.91187200e-02  9.12950709e-02  1.74193159e-01  2.40446348e-02
 -5.61976321e-02 -4.21388447e-02  3.43680196e-02 -2.21740276e-01
  6.43287003e-02 -6.78824112e-02 -6.20695017e-02  6.72230050e-02
  7.34792501e-02 -3.36282188e-03 -5.90776652e-02 -1.90888390e-01
  5.62062524e-02 -1.63771540e-01 -5.34736626e-02  2.69157793e-02
 -1.73882432e-02  1.15596864e-03 -4.05561849e-02 -1.29568949e-01
  1.22407317e-01  1.17806844e-01  2.39026546e-01 -1.06813602e-01
 -1.02861170e-02 -3.61453630e-02  2.43971124e-01 -4.81194705e-02
 -7.32323453e-02 -7.53312409e-02  3.11979968e-02  1.34074697e-02
 -1.31369159e-01 -5.70586920e-02  8.40424448e-02  6.06088415e-02
 -3.02324653e-01 -2.44693801e-01  6.87158778e-02  6.14081882e-02
 -2.87990924e-03 -8.05644318e-02 -7.11568743e-02  6.83235452e-02
  3.86855975e-02 -1.21141702e-01  3.55392098e-02 -3.46483365e-02
  1.76738519e-02 -1.00999177e-02 -1.63965702e-01 -3.44265588e-02
 -4.81780022e-02 -7.85520598e-02 -7.68258423e-02  1.77136332e-01
 -2.58398689e-02 -7.59162977e-02 -1.52828828e-01  9.21166409e-03
 -2.16596678e-01  2.21236740e-04  1.11728080e-01  7.13282153e-02
  1.51515186e-01 -2.17003539e-01  6.71014786e-02 -9.58157107e-02
 -1.03700310e-01  1.40133873e-01 -7.02379597e-03 -1.13889270e-01
 -2.57737171e-02  7.84293786e-02 -3.64927053e-02  7.99031332e-02
 -1.53132081e-01  1.91721097e-01  6.50402904e-02 -5.73384389e-02
  1.64036434e-02 -7.34515861e-02  6.47182092e-02 -8.42617899e-02
 -2.58272350e-01 -1.38455436e-01 -4.44427058e-02  8.88372734e-02
 -2.61376739e-01  9.85001922e-02 -7.08013587e-03  1.46473080e-01
  2.44754940e-01  1.51850924e-01  6.51773531e-03 -4.82205022e-03
 -7.46863112e-02 -5.68825714e-02  1.13232017e-01 -6.06544204e-02
 -1.11026220e-01  9.53018889e-02  8.89046700e-04  2.54522189e-02
 -1.50295436e-01 -1.06265990e-03  7.20537826e-02  7.18256086e-02
  2.17163146e-01 -9.96538475e-02  5.80104254e-02 -1.04294822e-01
 -2.04208985e-01 -7.19464123e-02  3.65805328e-02  4.33722995e-02
  6.67791590e-02  1.24544062e-01 -1.38767377e-01  1.10842660e-02
  2.86492724e-02  3.40268351e-02  9.20565054e-02 -6.32768571e-02
 -1.04608707e-01 -2.29585499e-01  2.61183102e-02 -7.29033798e-02
  1.28163248e-01  1.48758098e-01  2.52285272e-01  1.29733235e-01
  1.78328771e-02 -2.56865416e-02  5.75322956e-02  6.53432263e-03
 -8.17730352e-02 -1.28042564e-01  9.73915011e-02  1.16057254e-01
  1.78619668e-01  1.43021673e-01 -1.41184613e-01  9.47914831e-03
  3.26200426e-02  6.83753863e-02 -1.32149816e-01  2.35336348e-02
  3.17041017e-02 -3.03729493e-02  7.59482682e-02  2.92490926e-02
 -1.02427348e-01 -7.67749846e-02 -4.14743796e-02  8.96600634e-02
 -3.67434099e-02 -4.11386788e-02  3.64717916e-02 -4.25280295e-02
  2.38073170e-02 -1.34889662e-01 -2.67882533e-02 -6.16045296e-02
 -1.97704569e-01  3.51441018e-02 -1.36865810e-01 -8.30994174e-02
  1.37002654e-02 -8.48865137e-02  6.42731935e-02 -3.46980505e-02
  1.31497279e-01  1.24824336e-02  9.59336087e-02 -2.64677797e-02
 -3.76162156e-02  3.43846604e-02  8.16574544e-02  8.20950717e-02
 -3.72347310e-02 -1.07922025e-01  5.07469736e-02 -1.73063222e-02
 -6.98658451e-02 -9.87435505e-02 -4.61789127e-03  1.18802662e-03
  7.48739094e-02 -1.18493773e-01 -2.25547552e-02 -7.38196000e-02
 -5.14857806e-02  8.82909521e-02  1.60306901e-01 -7.24776834e-02
  8.62892866e-02 -3.64767723e-02 -2.35828310e-02 -5.89995226e-03
  1.38715744e-01  2.88163535e-02  2.56196801e-02 -4.77939025e-02
 -1.29150122e-01 -7.98217021e-03 -1.03742264e-01 -3.72623047e-03
 -1.46953505e-03 -1.15140028e-01  1.65117793e-02 -1.15953214e-01
  2.78464761e-02 -5.95823079e-02  5.26282489e-02  1.74175669e-03
  2.47689150e-02 -3.48278284e-02 -1.03921838e-01 -6.96566626e-02
 -1.46986634e-01 -1.98113453e-02  3.50419730e-02  1.26926392e-01
 -4.30719256e-02  1.40264854e-02  1.44481450e-01 -5.96209522e-03
 -3.58294300e-03  7.93552771e-02  1.43174127e-01 -2.07434043e-01
  4.24118936e-02  3.91483419e-02 -1.06843626e-02  1.87140126e-02
 -2.86817681e-02  8.51990432e-02  5.07123135e-02 -7.75174871e-02
  8.09189379e-02 -1.03397630e-01  1.47714421e-01  1.18931934e-01
  3.10811563e-03  4.76001911e-02 -1.53109863e-01 -1.22430362e-02
  5.02623655e-02 -1.47761077e-01 -1.19696856e-02 -4.44156453e-02
  6.68253899e-02 -8.35212916e-02 -8.30593556e-02 -1.86945900e-01
  8.64152685e-02  4.27450947e-02 -2.17204839e-02  1.03463538e-01
 -2.36930838e-03  1.08278625e-01 -5.33548482e-02 -6.40582591e-02
 -1.04900166e-01  7.52568943e-03 -5.94400689e-02  5.97052015e-02
 -1.17898330e-01 -9.90092903e-02 -2.18627397e-02 -7.97783025e-03
 -1.37173101e-01  1.87934563e-01 -1.23449288e-01  1.63630024e-02
  1.88141707e-02 -9.56045687e-02  1.28080472e-01  4.10670787e-02
 -9.50858817e-02  1.27929166e-01  3.80736478e-02 -4.90369871e-02
  2.79294867e-02 -5.22541478e-02 -7.48089477e-02 -3.26660387e-02
 -3.91119458e-02  1.57418102e-02 -5.85702583e-02  1.12672905e-02
 -1.91056058e-01 -4.31470759e-03  1.95652079e-02 -5.96663281e-02
 -1.09509006e-01  5.01987413e-02  3.59266512e-02 -6.40909225e-02
  5.87624684e-02  1.08665705e-01 -9.78829116e-02 -8.77682418e-02
  1.16205633e-01 -1.79004669e-01 -1.18725047e-01  1.96541101e-01
 -5.28605580e-02 -1.48554727e-01 -1.04896687e-01  1.25160038e-01
 -4.09074277e-02  3.02778631e-01 -9.77080986e-02 -2.48576194e-01
  4.37740125e-02  8.31622109e-02  4.80580389e-01 -1.21733628e-01
 -2.38830615e-02 -1.52573034e-01  4.47280444e-02 -3.10831428e-01
 -2.64215440e-01 -1.31783625e-02  5.55326231e-03  4.51362610e-01
  1.66438386e-01  1.28233224e-01  1.16664782e-01 -1.94276422e-01
 -1.20440416e-01 -9.82875824e-02 -3.82983834e-02  1.54409409e-01
 -1.80269312e-02 -2.17607580e-02 -1.89625286e-02  8.15593451e-02
  1.13156289e-01  1.91014204e-02 -5.05511723e-02  4.96236235e-02
  1.74063370e-02 -1.13459729e-01 -2.91843433e-02  1.35367393e-01
  1.29843563e-01 -4.24812548e-02 -3.69969266e-03  2.44583011e-01
  8.12585056e-02 -9.61507335e-02  1.18753627e-01  7.93236345e-02
  7.39822611e-02 -4.41852584e-02 -1.13722542e-02  8.81918520e-02
  1.44174442e-01  5.08086607e-02 -9.54899266e-02  1.73633978e-01
 -2.08446860e-01  1.45317409e-02 -1.55801654e-01 -1.22250855e-01
 -1.11242928e-01  1.13038242e-01  1.48319513e-01  3.77431549e-02
  8.52164999e-02 -7.21256668e-03  1.59211963e-01  8.24312493e-02
  2.99340021e-02 -3.07900477e-02  1.08433224e-01 -1.75443909e-03
  1.90821543e-01  5.22312149e-02  1.42570287e-02 -1.32641420e-01
 -1.25070643e-02  1.17642835e-01 -5.21949381e-02 -2.41717547e-01
  2.75275554e-03 -2.00721137e-02  7.76198804e-02 -2.08926406e-02
  1.43906936e-01  1.19988009e-01  3.85359861e-02 -1.69874713e-01
  4.17406261e-02 -8.70849118e-02 -8.42825547e-02  1.34971440e-02
 -1.20857216e-01  2.12998576e-02 -1.15243897e-01  2.58703917e-01
 -7.67307505e-02 -9.19407159e-02 -4.83770259e-02  4.27365601e-02
  9.22692847e-03  5.06509952e-02 -5.52656353e-02  8.52145404e-02
  2.25110836e-02  2.31417846e-02  9.25965682e-02  3.79703790e-02
 -2.33946666e-02 -1.22007784e-02  5.66406436e-02  1.26251057e-01]