http://erau.edu/ontology/meme.owl#FunnyNewsHeadlinesMeme
[-1.49498075e-01 -1.60929024e-01  1.44458413e-01 -7.77361840e-02
  5.24478890e-02 -1.06890118e-02  3.04109007e-01  1.78991094e-01
 -1.44072399e-02 -7.50566572e-02  1.78111851e-01 -1.12456568e-01
  6.90332949e-02  3.58455107e-02 -1.01964161e-01  2.33602189e-02
 -4.27650474e-02  1.77085966e-01  1.01963542e-01  1.22912563e-01
 -3.26569110e-01  8.93276110e-02  1.53068572e-01 -1.12980738e-01
  1.16833769e-01  8.00803974e-02  1.30512431e-01 -1.80579960e-01
  3.15613389e-01  9.32270288e-02  7.49143958e-03  6.73446134e-02
  1.19032279e-01 -9.59166363e-02 -1.17869424e-02  1.77411988e-01
 -1.11650735e-01  3.89014720e-03 -1.69168152e-02 -1.96896166e-01
  2.66645104e-02  1.50062591e-01 -2.27127835e-01 -6.31350428e-02
  2.68227160e-02 -7.51765736e-04  4.95863259e-02 -3.71655598e-02
  1.28769740e-01 -6.25736788e-02  1.42145231e-01 -5.89430071e-02
 -3.79255824e-02 -1.24624491e-01 -7.35079870e-02 -1.35926187e-01
  1.57020502e-02  2.97276694e-02  6.73460355e-03  1.01822175e-01
 -1.10574044e-01 -1.50985748e-01  2.01343805e-01 -2.74339393e-02
 -2.18781441e-01 -8.23719800e-02 -1.12758696e-01 -2.06874665e-02
 -1.05979599e-01 -2.08430052e-01 -5.95497154e-02  7.30689093e-02
  1.51248962e-01  2.58537456e-02  1.80814248e-02  3.77734117e-02
 -2.17401296e-01  1.03520621e-02  1.84635207e-01  3.36774737e-02
 -2.97126547e-02 -7.33247399e-02 -1.42595977e-01 -1.54470801e-01
 -3.80754620e-02 -7.45719969e-02 -1.06480688e-01  3.84713262e-02
  1.01214930e-01  3.52364853e-02 -6.28595203e-02 -3.20881784e-01
  1.35143057e-01  1.11593671e-01 -1.38863251e-01  1.07890402e-03
 -2.81883851e-02 -1.97753180e-02  3.93536204e-04 -1.09703392e-01
  2.56737098e-02 -3.74058746e-02  2.76026607e-01 -1.39007658e-01
  4.14935537e-02  3.55007201e-02  2.05513015e-01 -4.46609482e-02
  5.04268371e-02 -1.13995470e-01 -4.85871769e-02  4.07278584e-03
 -8.56420472e-02 -1.30767852e-01  1.11656398e-01  6.99040592e-02
 -3.05002511e-01 -2.52608448e-01  1.06194340e-01  1.17990397e-01
 -9.57553089e-03 -1.02425680e-01 -1.86292902e-02  8.59128758e-02
 -1.95847824e-02 -6.91370144e-02 -2.28452887e-02 -1.12712376e-01
  1.31108522e-01 -7.93808103e-02 -1.75113082e-01 -6.23023249e-02
  3.05326916e-02 -2.37181298e-02 -5.37562110e-02  1.00880988e-01
 -7.85163697e-03 -7.66765252e-02 -6.19740263e-02  3.03027537e-02
 -2.20996544e-01 -2.65420247e-02  1.30175129e-02  1.29768327e-01
  1.83964983e-01 -2.97666136e-02  5.61920442e-02 -1.25472620e-01
  4.07069214e-02  2.06581041e-01  4.50429842e-02 -9.82309803e-02
  5.70772924e-02 -7.35792145e-02 -6.11215495e-02  2.65689436e-02
 -1.58516899e-01  2.39155710e-01  1.05323523e-01 -1.64087757e-01
  5.88243045e-02 -1.75503060e-01 -1.34176448e-01 -5.06541599e-03
 -2.00635374e-01 -2.45016605e-01 -1.52649775e-01  1.33569822e-01
 -2.15491861e-01  1.00917466e-01  1.25061825e-01  1.24394462e-01
  1.76737919e-01  1.37463316e-01 -1.17254809e-01 -1.24374636e-01
 -9.31895077e-02  5.07551525e-03  1.74083591e-01  8.11566226e-03
 -1.11577205e-01  1.00798488e-01  5.99575229e-02 -1.00673690e-01
  4.51834165e-02 -1.46850701e-02  8.23359936e-03  5.21901511e-02
  1.91623956e-01  3.23163271e-02 -9.73060168e-03  1.40956026e-02
 -2.13556170e-01 -4.98945937e-02 -5.53977564e-02  1.03949038e-02
 -3.56605984e-02  1.86059326e-01 -4.98158522e-02  3.41211334e-02
 -4.44859378e-02 -7.91576281e-02  6.41897395e-02 -2.19411865e-01
 -2.93443929e-02 -2.24001333e-01  7.14462772e-02 -6.03948720e-02
  1.27733633e-01  8.20628405e-02  2.96610653e-01  1.64297581e-01
 -5.67771606e-02 -1.48011267e-01  1.98243752e-01 -8.05003271e-02
 -1.25917733e-01 -9.68665332e-02  9.01320204e-02  1.05207421e-01
  3.85530949e-01  1.50776058e-01 -1.12671658e-01 -4.07573879e-02
 -5.41168228e-02 -1.52782440e-01 -2.37358078e-01 -9.00755525e-02
 -2.32390705e-02  4.08861823e-02  7.85256326e-02 -2.86502857e-02
 -7.76487440e-02  4.20306362e-02  2.87256446e-02  1.14189610e-02
 -3.04794721e-02  4.29771133e-02  1.61983684e-01 -5.72541133e-02
 -1.03071230e-02  5.04224598e-02 -3.84716201e-03 -1.39239440e-02
 -1.64826423e-01 -3.31689394e-03 -1.92913920e-01 -7.22533464e-02
 -2.07219794e-01  1.55554175e-01  2.26518195e-02  8.29221960e-03
  1.01435289e-01 -3.86642963e-02  1.58612907e-01 -9.01029333e-02
 -4.15223166e-02 -3.58797051e-02 -1.09976672e-01  7.17984587e-02
 -1.78404585e-01 -1.12841047e-01 -1.88660529e-02 -2.98702419e-02
 -5.73727936e-02 -6.20507710e-02  1.13216355e-01 -4.64713387e-02
  7.20651746e-02  5.48596345e-02  7.41320997e-02 -8.28122720e-02
 -4.81026573e-03  8.02760348e-02  2.81801254e-01 -1.20750763e-01
  8.04132447e-02 -3.94826569e-02 -3.99308577e-02  2.33040769e-02
  7.48404264e-02  1.52843729e-01 -1.55372277e-01 -1.22195818e-01
 -7.49811083e-02  1.50138304e-01 -4.70146164e-02 -2.31251046e-02
  8.40033405e-03 -3.28589752e-02  7.19328523e-02  2.78731640e-02
  1.04781829e-01 -1.96354523e-01  6.64802408e-03 -7.13105872e-03
  2.24059194e-01  6.84274314e-03 -4.83817644e-02 -2.59622574e-01
 -6.02761060e-02 -4.47966158e-02 -1.69688102e-03  1.16408733e-03
 -1.22051556e-02 -3.56003046e-02  2.70970404e-01 -5.42814657e-02
  8.63174796e-02 -4.50468510e-02  7.32764453e-02 -1.72123581e-01
  5.68900630e-02  9.92520973e-02 -1.06911724e-02  2.52802018e-02
  7.79689848e-02  3.82781327e-02  5.37993498e-02 -9.55465883e-02
  3.02397050e-02 -1.81284353e-01  1.47839487e-01  8.67129117e-02
  2.35206168e-03  2.05200501e-02 -1.58966109e-01 -3.18196304e-02
  2.34046146e-01  4.74207178e-02  1.45442300e-02 -1.29411975e-03
  1.45543888e-01  3.19069922e-02 -3.50170396e-02 -1.27697900e-01
  4.47624410e-03  1.33814812e-01 -8.55800137e-02  1.67437308e-02
 -3.87094170e-02  1.21754766e-01 -4.58611362e-02  6.95262849e-03
 -1.18662752e-01  4.30653356e-02 -1.03652269e-01  9.13855359e-02
  8.86037797e-02 -1.66815370e-01 -3.28581408e-02  1.77347451e-01
 -1.55606851e-01  1.00401431e-01 -1.87914252e-01  1.74241862e-03
 -1.97446086e-02 -9.20283943e-02  2.43898451e-01  3.28375287e-02
 -1.56271577e-01  1.48811176e-01 -9.01944637e-02  7.85369202e-02
  3.29628424e-03 -1.77958846e-01 -7.42043331e-02  9.03761610e-02
 -8.51408690e-02  5.69726564e-02 -7.54972473e-02  1.29845748e-02
 -1.64910719e-01 -8.26691370e-03 -1.42573547e-02 -6.79432079e-02
 -1.42501488e-01 -3.63062173e-02 -4.00823131e-02  8.72532651e-03
  2.29122043e-02  2.56240755e-01 -9.15529877e-02 -2.02566218e-02
  2.08248854e-01 -9.14915726e-02 -1.42963380e-01  9.80078951e-02
 -9.89153609e-02 -6.68285340e-02 -1.11512750e-01  1.73330650e-01
 -4.03896384e-02  2.01376647e-01 -2.79500894e-02 -2.34811187e-01
  3.34202796e-02  1.15219861e-01  1.35929167e-01 -7.73821175e-02
 -7.60160089e-02 -9.82538313e-02 -8.35976899e-02 -5.78908920e-02
 -2.81559862e-02 -3.41573358e-02 -8.07635859e-03  1.39764637e-01
  1.22562639e-01  5.02018854e-02  2.87435591e-01 -1.61709204e-01
 -1.62083194e-01 -7.26903602e-02  6.18531220e-02 -3.09548862e-02
 -1.41836584e-01 -1.17775634e-01  9.59900245e-02  9.56297666e-02
  7.11479709e-02 -6.91246092e-02 -9.00007933e-02  2.78792363e-02
 -2.06741728e-02 -2.04782486e-01 -5.55463471e-02  1.54148717e-03
  7.76581764e-02 -1.85079411e-01  1.43870547e-01  2.35841841e-01
  1.72727004e-01 -1.62615757e-02  1.76210791e-01  2.04994664e-01
 -5.91838150e-04 -5.61024472e-02  3.05693354e-02  1.50631294e-01
  7.21215270e-03  1.91802636e-01 -1.59160003e-01  3.31884980e-01
 -2.84103781e-01 -5.17960675e-02 -1.41038358e-01 -2.97759324e-01
 -4.62346375e-02  1.15295112e-01  2.99914554e-02  3.15454905e-03
  1.66100293e-01 -1.19940434e-02  2.38269418e-01 -6.29459228e-03
  1.20378964e-01  2.64151897e-02  1.04412809e-01 -5.71291409e-02
  9.84759256e-02  1.29980683e-01  1.87028155e-01 -6.70807585e-02
  1.30217802e-02  2.21630633e-01 -1.71485972e-02 -9.26751494e-02
  1.97586976e-02 -3.55266675e-04  2.10281640e-01 -4.57973070e-02
  1.92445219e-01  1.26941562e-01 -5.00024445e-02 -8.57405961e-02
  9.28493515e-02 -3.35118115e-01 -3.59609537e-02  1.51356310e-01
  1.76729456e-01  4.43991907e-02 -9.49182063e-02  3.63714635e-01
 -2.21366346e-01 -2.62205303e-01  5.81275672e-02 -1.60587966e-01
  3.02472144e-01  1.45509124e-01 -8.67647901e-02  5.09072328e-04
 -7.25398911e-03  1.06901407e-01  2.34408349e-01 -6.09463155e-02
 -2.92403363e-02 -9.84916911e-02  6.34352043e-02  1.86904818e-01]