http://erau.edu/ontology/meme.owl#GNAAGoatseSecurityMeme
[-7.12716877e-02 -5.60892597e-02  7.49228373e-02  6.63130134e-02
 -9.81692225e-02 -2.90008411e-02  1.64692238e-01  4.81298938e-02
  7.05775172e-02 -1.36412337e-01  1.70864642e-01 -4.48227488e-02
  3.15336995e-02 -3.31037380e-02 -3.81243825e-02 -5.76496124e-02
  1.47298113e-01  9.56191346e-02  2.80523859e-02  2.81743407e-02
 -2.13839442e-01  1.33799449e-01  1.42117605e-01 -1.55707285e-01
  1.32830963e-01 -9.36275795e-02 -5.70325889e-02 -1.66698366e-01
  3.15104485e-01  1.43296659e-01  1.23068675e-01  1.13895237e-01
 -6.48388546e-03 -5.33068031e-02 -3.37015241e-02  1.56024158e-01
 -9.74340066e-02  1.15011521e-01 -1.34001710e-02 -1.74548700e-01
 -5.31471632e-02  1.56623065e-01 -3.35686564e-01  5.70451049e-03
  1.49560366e-02 -4.34032157e-02  4.41588461e-03  1.65560667e-03
  9.01967660e-03  3.84949781e-02  1.92564074e-02 -7.83247501e-03
 -1.59475073e-01 -1.52347073e-01 -7.09904358e-02 -5.01916781e-02
  1.40972152e-01 -5.87545931e-02  1.37292951e-01  1.09880604e-01
 -1.24945045e-01  7.25980923e-02  1.25505149e-01  3.27854417e-02
 -6.28452301e-02 -4.15249653e-02  5.41986227e-02  2.84433216e-02
  3.77444224e-03  4.54212651e-02 -1.14296533e-01  1.37092516e-01
  9.11033005e-02  3.10291387e-02  2.59934012e-02  7.92758837e-02
  2.11745203e-02  1.02582142e-01  1.29915312e-01  3.46192904e-02
 -8.99030864e-02 -2.93090846e-02  4.39511873e-02 -6.00770190e-02
 -2.64221858e-02  3.58339283e-04 -7.79744983e-02  1.35736257e-01
  1.22915590e-02 -1.97027214e-02 -3.06331459e-02 -1.62060693e-01
  3.41615528e-02 -6.77044168e-02 -2.89302710e-02  4.76814732e-02
 -1.59211438e-02  5.63270114e-02  3.13826837e-02 -1.38914764e-01
  8.37654695e-02 -1.14718424e-02  1.81181118e-01 -5.27958907e-02
 -3.24742980e-02  1.66912451e-02  5.75666986e-02  3.09133157e-02
  6.69414131e-03 -2.34445999e-03  5.79913408e-02  2.55834181e-02
 -1.45139784e-01 -6.37761205e-02  5.92671819e-02  2.47964226e-02
 -1.10909373e-01 -1.01560771e-01  8.73822942e-02  1.84996817e-02
  3.11458465e-02 -1.42510369e-01 -1.27878323e-01  9.62807834e-02
  1.11716747e-01 -8.54191780e-02 -8.26489851e-02  5.84485345e-02
  1.36554897e-01  1.11370884e-01 -1.64265648e-01 -5.56634441e-02
 -3.08159385e-02 -4.26546670e-02 -7.00544491e-02  1.43809870e-01
  4.49284762e-02 -1.29178196e-01 -1.46118194e-01  4.61796112e-02
 -1.68584660e-01 -4.04169634e-02  1.41241163e-01  1.21723667e-01
  1.32815167e-01 -2.26875246e-01  1.72812700e-01 -1.54242709e-01
  4.32606414e-02  1.69722214e-01 -2.92654149e-02 -1.12997703e-01
  4.16143611e-03  6.14122003e-02 -7.76404366e-02  8.37626681e-02
 -9.69369188e-02  2.49141142e-01  1.28763514e-02 -6.90941140e-02
 -1.92508455e-02 -7.05952151e-03 -2.30286457e-02  6.05675625e-03
 -1.82151169e-01 -2.39564568e-01 -7.69366249e-02  8.80688205e-02
 -2.78794825e-01  1.28880680e-01 -1.15617076e-02  1.06039926e-01
  1.29084527e-01  4.77168597e-02  3.67149413e-02 -4.91725579e-02
 -1.17977194e-01  7.65232323e-03  1.10807255e-01 -1.93113070e-02
 -9.11861807e-02  1.62955020e-02 -1.80241354e-02  5.91690615e-02
 -2.15631118e-03 -2.86351778e-02  1.45524308e-01  3.65573131e-02
  2.34956086e-01 -1.41001018e-02 -2.74790451e-02 -1.43806487e-01
 -1.03714705e-01 -6.26908913e-02 -1.34537090e-02  7.44856298e-02
  1.32030603e-02  8.66434574e-02 -1.22689202e-01 -9.42301601e-02
  1.83793809e-02  2.24589203e-02 -3.27471970e-03 -8.34880993e-02
  2.04814915e-02 -2.42429391e-01  2.23614797e-02  5.82993217e-02
  5.16662635e-02  1.76663965e-01  1.99500680e-01  5.22177108e-02
  3.54478471e-02  8.08553249e-02 -6.78656846e-02  8.77372175e-03
 -9.19280648e-02 -7.15712309e-02 -1.57989971e-02  1.08857706e-01
  1.20506510e-01  1.42840343e-03 -7.29791448e-02 -3.27051803e-02
 -3.25750522e-02  4.40555848e-02 -8.36705640e-02 -1.33346417e-03
 -4.81635369e-02  6.72943424e-03  9.11150873e-02  5.22277392e-02
 -4.80361357e-02 -2.83560120e-02 -1.02466069e-01  7.98847899e-02
 -1.05889328e-01 -1.19309291e-01  5.67756742e-02 -7.34231547e-02
 -1.64382234e-02 -5.72364591e-02  3.14529762e-02 -6.42267615e-02
 -2.81446368e-01 -4.60418351e-02 -1.72450811e-01 -1.20595820e-01
 -1.20478027e-01  2.15111505e-02  2.72803865e-02 -8.78243074e-02
  2.00186670e-01  4.83103888e-03  8.91918167e-02 -1.20362127e-02
 -9.27199200e-02  2.73742750e-02 -9.79033206e-03  4.59232787e-03
 -2.81939507e-02 -1.10172212e-01 -9.45408344e-02 -6.51095584e-02
 -4.65497933e-02 -1.43369049e-01 -4.50732857e-02 -7.19807670e-02
  5.18224761e-02 -8.15875456e-02 -3.85965370e-02  4.76671048e-02
  2.56709810e-02  1.18226791e-02  1.48252621e-01 -9.82130170e-02
  9.84294638e-02  5.50840832e-02 -4.13736748e-03  3.56129520e-02
  1.81103155e-01  9.16879028e-02 -6.19834140e-02 -9.67247784e-02
 -2.27862999e-01 -3.02683413e-02 -5.65223442e-03  4.78780158e-02
 -7.70641938e-02 -1.50030538e-01  4.76491190e-02 -7.71961138e-02
 -3.13822739e-02 -2.57998202e-02  7.21765161e-02  5.04974350e-02
  1.11806415e-01 -6.12748414e-02 -9.02977064e-02 -9.11478624e-02
 -1.02360383e-01  1.06031246e-01  4.65066284e-02  1.09561041e-01
 -7.50953332e-02 -3.41983512e-02  1.07994892e-01 -8.94713327e-02
 -1.00920320e-01 -2.45726574e-02  2.81437337e-01 -1.40208885e-01
  4.92066033e-02 -4.51124161e-02 -4.29826900e-02 -3.12593393e-03
 -5.38193509e-02  1.30849527e-02  1.95510779e-02 -6.41100854e-02
  5.67984767e-02 -2.28483766e-01  6.99481145e-02  1.84018090e-01
 -1.17303422e-02  1.92492716e-02 -4.30775620e-02 -2.46936399e-02
  1.99268594e-01 -4.69378792e-02  5.00468910e-03 -4.56291735e-02
  1.82525571e-02 -9.97000709e-02 -1.23489104e-01 -1.19970597e-01
  1.00466356e-01  1.03671767e-01  4.03534546e-02  9.34863910e-02
  5.29005518e-03  7.60044530e-02 -1.54895991e-01  9.48073622e-03
 -1.63130730e-01  3.07246596e-02 -8.54361355e-02  1.27523437e-01
  8.34210292e-02 -1.61990404e-01 -3.88817415e-02 -4.76369224e-02
 -1.05552472e-01  1.85860246e-01 -1.00509994e-01  8.68253931e-02
  7.33281719e-03  6.28406508e-03  8.39453489e-02 -5.73730096e-02
 -3.51643674e-02  1.63541600e-01  2.06437893e-02 -1.17229624e-02
  6.11193031e-02  8.34148452e-02 -6.63552210e-02  4.16646823e-02
 -3.84320691e-02  6.33640215e-02  1.35223372e-02 -3.61949354e-02
 -2.17422351e-01  3.00773382e-02 -5.93186654e-02 -2.62822714e-02
 -1.67489260e-01  8.50891322e-02  6.24500886e-02  6.59222296e-03
  3.65603082e-02  1.04171388e-01 -6.50726557e-02 -2.97866259e-02
  1.22000843e-01 -2.31191665e-01 -1.50385603e-01  9.79933888e-02
 -9.93376821e-02 -2.06727728e-01 -1.26203513e-02  1.33318990e-01
 -5.14297970e-02  2.62959331e-01 -2.72450373e-02 -3.45789790e-01
  8.85789394e-02  4.76722931e-03  3.39311838e-01 -9.23040509e-02
 -2.30763964e-02 -1.96226746e-01  6.52401969e-02 -3.63287598e-01
 -1.45451918e-01 -3.23715396e-02  7.27398470e-02  4.31709558e-01
  6.41152114e-02  1.11690953e-01  9.23473537e-02 -1.17718570e-01
 -2.37040594e-01 -1.01956919e-01 -2.22781934e-02  5.20193018e-02
 -1.35690838e-01 -1.39110550e-01  3.63346227e-02  8.76799002e-02
  1.60475910e-01  4.39762212e-02 -5.12192771e-02  9.47475841e-04
  5.82223497e-02 -8.34987536e-02  2.21165549e-02  3.71802934e-02
  7.73448721e-02  4.65755798e-02  4.49969806e-02  2.06241280e-01
  6.68973923e-02 -1.60840854e-01  1.31154731e-01  4.79970649e-02
  7.54252821e-02  1.66568477e-02  6.72093704e-02  1.26595393e-01
 -7.91576579e-02  7.98180774e-02 -1.62963644e-01  1.91777036e-01
 -2.18115851e-01 -2.18407456e-02 -9.58155841e-02 -9.73219723e-02
 -3.83968055e-02 -5.38999625e-02  9.51916873e-02  2.91913599e-02
 -9.92531050e-03  3.01454440e-02  1.29180506e-01  6.61608800e-02
  6.21997714e-02  8.76175314e-02  1.21316686e-01 -8.37507918e-02
  2.22099975e-01  4.09453139e-02  8.38900059e-02 -1.22726776e-01
 -4.84463125e-02  1.19139224e-01  4.46482077e-02 -2.05001384e-01
 -8.07596371e-03 -3.36773656e-02  1.69524685e-01  2.63275281e-02
  2.01744080e-01  5.85231148e-02 -1.73949245e-02 -1.99477151e-01
  1.57936379e-01 -1.94336057e-01 -8.05342346e-02  1.36291012e-01
  3.96219790e-02  2.15003993e-02 -9.54071283e-02  2.27136552e-01
 -9.87790897e-02 -1.37992978e-01 -2.06067394e-02  5.14264544e-03
  6.06817901e-02  7.04962909e-02 -4.03512409e-03  9.80610475e-02
  1.19763156e-02 -1.27490908e-02  9.26330015e-02  4.19750735e-02
  6.15772307e-02 -8.74316767e-02 -3.02845351e-02  1.08559206e-01]