http://erau.edu/ontology/meme.owl#PurposefullyBadVolumeSlidersMeme
[-1.04965270e-01 -9.56080779e-02  4.90191504e-02  5.70604503e-02
 -6.99392110e-02  8.23258143e-03  5.28466552e-02  1.36420697e-01
 -9.64179542e-03 -1.28534049e-01  3.54785286e-02  2.95988377e-02
  1.67458616e-02 -1.36070356e-01 -8.42152238e-02  2.52058581e-02
  1.78904742e-01  2.71136649e-02  1.77881390e-01  3.05922329e-02
 -2.73323834e-01  9.53007638e-02 -2.41428837e-02 -9.70075279e-02
  1.89558998e-01 -6.49869964e-02 -3.47291236e-03 -1.83888733e-01
  3.65259171e-01  3.91535789e-01  9.84495059e-02  3.93470563e-02
  4.88118529e-02 -1.17346616e-02 -3.37473787e-02  1.23150244e-01
 -4.68253791e-02  6.06020652e-02 -5.60218953e-02 -1.92365482e-01
  1.70181364e-01  3.18011284e-01 -1.15657091e-01  1.38625115e-01
  2.03378096e-01 -2.53612883e-02  6.26022276e-03 -1.58120021e-01
  7.96158165e-02  7.01948702e-02  1.30338524e-03  1.35946507e-02
 -1.16754949e-01 -2.08304688e-01 -6.88206479e-02 -1.50663510e-01
  1.60145849e-01  4.54756208e-02  2.13710785e-01  1.44372508e-01
  1.49260927e-02  2.82758828e-02  1.74497575e-01  4.63647470e-02
  3.52372788e-02 -2.71164235e-02 -1.82030443e-02 -2.56233173e-03
 -4.71885130e-02 -1.19971819e-01 -9.00342315e-02  1.91974789e-02
  1.91649757e-02 -1.10667363e-01  5.61676472e-02  4.34662923e-02
 -5.28190343e-04  7.10251704e-02  1.21217996e-01  1.97459124e-02
 -1.23386877e-02 -4.08229418e-02  7.14338720e-02  1.22690964e-02
  1.59336887e-02  4.48546233e-03 -8.96283612e-02  4.88215610e-02
  8.93642157e-02  5.18824905e-02 -3.26862074e-02 -1.85979739e-01
  5.46035729e-02 -1.60695910e-01 -7.39440769e-02  1.05500095e-01
 -1.00120110e-02  8.44502263e-03  2.42215358e-02 -1.44289225e-01
  2.04971299e-01  8.82169083e-02  1.95769921e-01 -2.91803945e-02
 -2.64114533e-02  8.71528778e-03  7.93204084e-02 -1.30512431e-01
 -1.18978441e-01 -5.29458970e-02  7.10093603e-02 -8.23635235e-02
 -8.87366757e-02 -8.20112005e-02  4.42356169e-02  1.20610066e-01
 -2.30471253e-01 -2.38511547e-01  2.82417368e-02 -7.41087422e-02
 -1.79244503e-02 -1.40739726e-02 -8.83214176e-02  1.55924514e-01
  8.51059705e-02 -1.69147924e-01 -1.86799422e-01 -1.01229109e-01
  1.36396440e-03 -3.40352766e-02 -2.86399096e-01 -2.09001340e-02
 -1.25218973e-01 -1.46902561e-01 -1.84421033e-01  1.52271062e-01
 -1.11705968e-02 -9.27142128e-02 -1.52062982e-01  3.35977860e-02
 -3.22980702e-01 -4.14320417e-02  8.68375972e-02 -4.19622846e-02
  2.65419483e-01 -2.64862239e-01  1.00648500e-01 -1.40799098e-02
 -1.41229421e-01  5.78076318e-02 -5.73013630e-03 -1.65517673e-01
 -8.28869939e-02  9.08051282e-02  2.22433861e-02  1.19195022e-01
 -1.66645691e-01  1.62755713e-01  5.58134988e-02 -4.84538712e-02
 -1.50107918e-02 -5.79347610e-02  1.41696677e-01 -1.31104868e-02
 -1.95373282e-01 -8.68838727e-02 -1.19309507e-01  1.06731325e-01
 -2.43436188e-01  1.52054042e-01 -6.34263754e-02  1.57693356e-01
  1.28603414e-01  1.33117884e-02  4.45861258e-02  8.34258099e-04
 -1.17396221e-01  2.04335358e-02  4.15864587e-02 -9.17446613e-02
 -1.10967264e-01  9.34489071e-02 -6.43247887e-02  1.85956314e-01
 -9.63771194e-02 -3.69121544e-02  2.11902395e-01  7.08344802e-02
  2.83271432e-01 -2.80168504e-02  3.37137468e-02 -3.34443375e-02
 -1.49289817e-01 -5.96112804e-03  8.73984694e-02 -1.37890831e-01
 -2.51354035e-02  1.85160507e-02 -2.90968977e-02  5.50780445e-03
 -6.71845600e-02 -3.87309454e-02 -1.17363818e-02 -2.56748293e-02
 -5.82504198e-02 -2.69899577e-01  8.14622566e-02 -1.66284055e-01
  7.11055323e-02  8.37857723e-02  2.33365238e-01  7.12354556e-02
 -5.33790737e-02 -1.12425713e-02  1.46882072e-01  5.46598695e-02
 -4.50448804e-02 -1.99807853e-01  1.25975758e-01  1.02105506e-01
  2.08408535e-01  1.44084126e-01 -1.47384897e-01  3.48122343e-02
  3.23404744e-02  2.37285029e-02 -1.51039183e-01  5.07573932e-02
 -7.99652860e-02  6.00713566e-02  1.41719759e-01  3.37944478e-02
 -9.30468459e-03 -1.47775710e-01 -9.86571684e-02 -3.05464491e-02
 -8.10171813e-02 -4.51207943e-02 -6.03560694e-02 -1.41648307e-01
  8.32080990e-02 -7.06392527e-02  9.79501754e-02 -1.49692371e-02
 -1.94878355e-01  3.19777220e-03 -1.07008077e-01 -3.37830335e-02
 -4.28812616e-02  8.41371063e-03  9.13979560e-02 -6.34386241e-02
  3.81174088e-02  5.57360761e-02  7.23995566e-02 -2.77883150e-02
 -1.43997326e-01 -2.78027840e-02  1.72743369e-02  7.88477883e-02
 -6.83358759e-02 -1.20937293e-02  4.55938429e-02 -1.30916223e-01
 -9.67040956e-02  2.85955090e-02 -9.28739980e-02 -3.47355455e-02
 -1.02750603e-02 -1.85643047e-01 -1.99890584e-02 -1.07494347e-01
 -6.09017462e-02  3.65524404e-02  3.50204855e-02 -8.61200131e-03
 -3.91185433e-02  8.50660633e-03  1.55293778e-01  6.95904419e-02
  1.14946291e-01  1.08758695e-01  3.78259532e-02  7.58444592e-02
 -1.21575467e-01 -5.22152260e-02 -1.16386153e-01  3.05448920e-02
  1.84147935e-02 -6.11570254e-02  1.11860372e-01 -5.21168672e-02
  2.59558111e-02 -7.84480795e-02  7.26079643e-02  8.10636487e-03
 -3.06881536e-02 -6.16190284e-02 -1.26901776e-01  9.98110790e-03
 -1.57058164e-01  1.01001367e-01 -9.62187424e-02  1.30548537e-01
  5.93571961e-02  9.17166546e-02  1.05874479e-01  4.74647880e-02
  5.73237501e-02  1.02381423e-01  2.21733153e-01 -1.05110832e-01
  6.65982515e-02  8.44436735e-02  9.57932174e-02 -3.83961722e-02
 -5.45655228e-02  2.19971001e-01 -8.85960907e-02 -4.60080467e-02
  5.87297976e-03 -5.56588396e-02  1.05316684e-01  8.25858489e-02
 -7.97471181e-02  5.75937107e-02  3.70775834e-02  6.74780309e-02
  4.75959703e-02 -1.39762431e-01  7.46515319e-02 -7.31035098e-02
  5.98208457e-02 -1.36052504e-01 -1.32919386e-01 -1.12207651e-01
  4.12766077e-02  7.62879476e-02 -1.88647121e-01  7.98777565e-02
 -1.93249248e-02  2.28871793e-01 -1.30896077e-01  2.25289986e-02
 -2.05590233e-01  2.41898783e-02  1.75851490e-02  1.35659605e-01
 -1.44117951e-01  5.69888543e-05 -3.77829969e-02  3.31244916e-02
  3.53360996e-02  1.97597966e-01 -3.03143822e-02  5.15704267e-02
  5.15903085e-02 -6.95291236e-02  1.36316836e-01 -1.05597861e-01
 -1.37066931e-01  1.42995179e-01  1.01339914e-01  6.04196563e-02
 -9.47547853e-02  6.78972304e-02 -1.22664936e-01  1.27720658e-03
 -6.41917959e-02  4.52530310e-02 -1.24931671e-01  2.55825259e-02
 -3.52134377e-01  1.37929954e-02  4.68035741e-03 -1.44053549e-01
 -7.40744025e-02 -3.47348955e-03  3.42221484e-02 -5.34170270e-02
  1.98846593e-01  1.39360070e-01 -2.03654189e-02 -1.14896558e-01
  4.15063314e-02 -1.40158206e-01 -1.04709975e-01  5.65474331e-02
  1.31074056e-01 -1.37501642e-01 -7.32342005e-02  1.15355395e-01
  7.94635639e-02  6.16544150e-02  1.24073680e-02 -2.50442892e-01
  3.85706201e-02  8.16911459e-02  2.12994665e-01 -3.12661603e-02
 -1.64281204e-02 -8.05694684e-02 -1.00589372e-01 -1.24506667e-01
 -2.30210632e-01  1.47859361e-02  3.28910910e-03  1.09820776e-01
  1.67921960e-01  8.14037696e-02  5.37451543e-02 -2.14872420e-01
 -1.37774125e-01 -7.13338777e-02 -4.09070924e-02  1.95145890e-01
 -1.71692893e-01 -5.78361005e-02 -3.51438038e-02  1.16039090e-01
  1.37979344e-01  5.05026914e-02 -1.13080569e-01  4.18027565e-02
  2.93518063e-02 -5.32565564e-02  5.04585467e-02  1.43894404e-01
  1.32589877e-01 -1.93629554e-03  3.55743915e-02  2.77788579e-01
  9.60227847e-02 -1.73506573e-01  1.53568670e-01  1.79022536e-01
 -2.70893257e-02  7.40885884e-02 -1.37372250e-02  1.41869262e-01
  1.18320219e-01  1.44210560e-02 -3.95224839e-02  3.15090865e-01
 -2.17250809e-01 -5.00116833e-02 -2.30394855e-01 -1.83299914e-01
 -8.88447240e-02  1.83674395e-01  1.78727403e-01  1.04606852e-01
  9.22684297e-02 -4.02627885e-02  1.60676286e-01  6.10478297e-02
  4.00839187e-02  7.54475826e-04  1.45493388e-01  2.40297732e-03
  2.56956547e-01  5.66166788e-02  4.61824425e-02 -7.36023188e-02
 -7.83738494e-02  1.07273437e-01 -6.66671172e-02 -1.42066836e-01
  3.41774821e-02  4.32525650e-02  3.73498304e-03  4.94913291e-03
  1.11089945e-01  1.08543046e-01  2.91611757e-02 -1.06273673e-01
  3.50086130e-02 -8.33723098e-02 -1.39108986e-01  4.59481888e-02
 -2.13427022e-01 -3.72487195e-02  1.10561482e-03  2.27185771e-01
 -1.81854516e-02 -7.00135902e-02 -2.88360957e-02  2.87601463e-02
  1.94329228e-02 -2.12369580e-02 -7.57093281e-02  2.93256305e-02
  9.21286270e-02 -5.44629842e-02  1.01734921e-01  7.94931501e-02
 -5.02173742e-03  1.48409270e-02  9.03319493e-02  7.45466724e-02]