http://erau.edu/ontology/meme.owl#WhenGothamIsAshesYouHaveMyPermissiontoDieMeme
[-7.17999563e-02 -1.27192482e-01  5.97236445e-03 -3.43198469e-03
  7.67933205e-02 -4.50560339e-02 -3.47626023e-02 -1.26957133e-01
  2.33196974e-01  1.03526466e-01  1.54308975e-01  9.53237992e-03
 -7.90279359e-02 -5.74357696e-02 -4.32482883e-02 -1.31597161e-01
  2.10706934e-01  3.97318751e-02 -9.82583165e-02 -8.20085686e-03
 -2.06946954e-01  1.55072182e-01  2.08188444e-01 -1.42253265e-01
  2.54392177e-01 -6.01062402e-02  1.27918005e-01 -1.92627266e-01
  2.41300061e-01  2.35590294e-01 -4.94859144e-02 -1.56645730e-01
  2.83277151e-03 -8.66652727e-02 -1.36674613e-01  2.78785944e-01
  3.08754276e-02 -1.08506554e-03 -1.63546562e-01 -6.84080273e-02
  2.39159539e-02  2.24178106e-01 -3.01157773e-01 -9.22373906e-02
  7.58846402e-02  1.28840789e-01 -9.49927494e-02 -2.01104045e-01
  3.34222317e-02  2.07533725e-02  4.38748375e-02 -2.37329360e-02
  3.96994464e-02 -5.98581359e-02 -8.80026445e-02 -4.05684151e-02
 -8.83896835e-03 -1.94225699e-01  2.48050109e-01  1.20078646e-01
  7.60490373e-02 -1.84440464e-02  2.07282573e-01  2.56413341e-01
 -1.54034227e-01 -8.42057094e-02 -1.01259567e-01 -4.71924357e-02
 -1.32472843e-01 -7.65523612e-02 -1.47208229e-01  1.74978182e-01
  2.64911920e-01  2.05260724e-01  1.10010989e-01  1.85523778e-01
 -2.04153538e-01 -4.01351042e-02  2.06565738e-01  1.10280827e-01
 -4.92693633e-02 -3.67914438e-02 -8.40220749e-02 -2.65988171e-01
  8.15141648e-02 -5.47655411e-02  2.09792107e-02 -7.20735714e-02
  2.02623188e-01  4.24628565e-03 -1.03389680e-01 -3.03105384e-01
  2.61108905e-01 -5.27651720e-02 -2.15392992e-01  1.78528726e-01
  5.62747456e-02 -1.51333094e-01 -1.17226467e-01  4.68977094e-02
  1.74012840e-01 -1.65529698e-01  3.08625191e-01 -3.92160043e-02
 -1.13720044e-01  3.91427940e-03  1.03188798e-01  2.43958980e-02
 -1.10380955e-01 -2.47329295e-01 -7.32341269e-03  5.78429736e-02
  1.25995517e-01 -2.75323987e-01  1.69826999e-01 -8.06901604e-03
 -3.80747199e-01  1.77524760e-02 -9.60107613e-03 -1.92003828e-02
 -1.38082892e-01 -1.22505337e-01 -5.33159524e-02  1.06084593e-01
  1.01330757e-01 -6.36511967e-02 -1.50589570e-01 -3.58546041e-02
 -6.44557551e-02 -8.29813443e-03 -6.28100485e-02 -4.63371687e-02
 -5.47104180e-02 -1.45428658e-01 -2.98267808e-02  1.54439345e-01
 -1.08629309e-01  3.40393819e-02 -2.94709742e-01 -2.38326445e-01
 -2.50359952e-01  2.18747228e-01  1.06998332e-01  9.49380994e-02
  8.80012140e-02 -2.44970202e-01  9.04232338e-02 -8.43506828e-02
 -1.13366000e-01  1.26077719e-02 -9.33243427e-03 -9.68632996e-02
  6.34424249e-03 -7.44851977e-02  9.88652855e-02  4.21578959e-02
 -1.80483013e-01  9.77364406e-02 -2.61821374e-02 -2.43838593e-01
  8.52874145e-02 -2.00019568e-01  3.90385948e-02  3.56715694e-02
 -2.19698489e-01 -1.01909161e-01  6.83634961e-03  2.92298734e-01
 -1.16983026e-01 -4.75619745e-04  7.71173090e-02  1.71397299e-01
  2.74311393e-01  1.01289473e-01 -7.69420415e-02  8.69484767e-02
  4.01559845e-03 -8.50036293e-02  2.24204153e-01 -2.28954181e-02
 -1.36564836e-01  2.48565182e-01 -3.75809893e-02 -2.14680191e-02
 -1.05534956e-01 -1.21909335e-01  2.23729298e-01  1.84660181e-01
  5.67396879e-02 -5.39194942e-02  1.88979939e-01 -6.57541631e-03
 -9.01183933e-02 -1.37288764e-01 -2.34891903e-02 -1.92455590e-01
 -2.58653555e-02  1.62771028e-02  6.27357438e-02  6.86013028e-02
 -1.33975282e-01 -9.57114473e-02 -1.49229094e-01 -1.62008092e-01
 -1.12849819e-02 -1.41537264e-01 -6.17142394e-02 -2.09940523e-01
  9.05004423e-03  2.06133742e-02 -4.61326279e-02 -9.24278516e-03
 -6.95623085e-02 -9.87441540e-02  7.92102888e-02 -6.51592165e-02
 -6.44225627e-02 -1.76465809e-01  2.70635009e-01 -1.05541080e-01
  4.65067774e-02  1.29983306e-01 -1.81121424e-01  7.43948743e-02
 -8.35707933e-02 -7.52423098e-03 -2.46529132e-01  1.76829755e-01
 -1.50512859e-01 -2.92247813e-02  2.50129495e-03  8.23810771e-02
 -5.70933968e-02 -3.26907784e-01 -1.42052040e-01 -7.30717108e-02
 -8.77444167e-03 -2.01610819e-01 -4.57388833e-02 -1.69669334e-02
  1.53542519e-01 -1.53306320e-01 -4.29575630e-02  5.84564693e-02
 -3.46091121e-01 -1.73936903e-01 -2.42471442e-01  3.19762118e-02
 -1.41077697e-01  1.75596297e-01  7.38187060e-02  2.20965743e-02
  1.29110128e-01  1.92044780e-01  4.02271688e-01  4.12116237e-02
 -4.16355878e-02  2.18560789e-02 -5.08707054e-02  1.02474689e-01
 -2.56706476e-01 -9.64477509e-02 -8.33782181e-02 -1.49012521e-01
 -1.69076398e-02 -1.57300755e-01 -1.14318617e-02  8.79000276e-02
 -1.25606246e-02  2.92176474e-02 -7.76245445e-02  2.59769671e-02
 -1.35200188e-01  1.22649573e-01 -9.54113156e-03 -1.66062713e-01
 -1.34807099e-02 -1.00762129e-01  6.30564690e-02  1.25306547e-02
  1.94565281e-01 -3.13411392e-02 -1.54733375e-01 -1.47178262e-01
 -1.05804108e-01  1.11343518e-01 -8.87784660e-02  1.01991884e-01
 -6.94101900e-02  6.08952045e-02  1.18223369e-01 -3.48992571e-02
  1.68013245e-01 -1.31471530e-01 -1.52428877e-02  2.69525987e-03
  8.27515647e-02 -1.55870557e-01 -2.21174449e-01 -2.61225462e-01
 -9.58090499e-02 -9.52696130e-02 -8.44491199e-02  1.50703833e-01
 -4.45632339e-02 -7.89464936e-02  7.65406117e-02 -5.22805452e-02
 -2.19437759e-02  7.79692382e-02  1.61576614e-01 -1.87932104e-01
 -1.72696620e-01 -1.26361415e-01  1.26784980e-01  6.60248920e-02
  6.28207177e-02  1.24139905e-01 -2.20930036e-02 -7.36776888e-02
 -4.81083840e-02 -3.40370834e-02  3.12719613e-01  4.75982018e-02
 -1.25748158e-01  6.46775365e-02  3.10372133e-02 -1.80682197e-01
  1.94296315e-01  7.99274817e-02  1.16833225e-01  1.55800983e-01
 -1.19035661e-01 -5.75609207e-02 -4.26254608e-02 -2.84967005e-01
  1.23815216e-01  1.87127635e-01 -1.63679287e-01  5.07113039e-02
 -8.12701210e-02 -8.34695622e-02 -5.29961362e-02  4.37668897e-02
 -1.39999181e-01  3.96422334e-02  1.64545774e-01  2.32495844e-01
  7.80822709e-02 -1.72397882e-01  8.27973534e-04  1.24811940e-01
 -9.63648707e-02  1.17163517e-01 -1.75052151e-01  7.64529184e-02
  2.21728176e-01  7.21742958e-02  1.37733981e-01 -1.08387738e-01
  2.02338374e-03  1.73327163e-01  3.87915745e-02 -8.79401192e-02
 -1.79098211e-02 -9.35989395e-02 -2.13441309e-02  2.97081172e-02
 -2.79831439e-01 -1.04041584e-01  1.89261407e-01  3.64873931e-03
 -4.40311760e-01  1.60160903e-02  5.43128373e-03 -6.03580736e-02
 -3.59734744e-01  1.35449126e-01 -1.83303460e-01 -1.94803458e-02
  1.09225608e-01  8.95663574e-02 -4.72993888e-02 -9.45511684e-02
  2.15087935e-01 -3.15812498e-01 -5.41249961e-02  2.00216517e-01
 -4.35703695e-02 -3.73542011e-01 -7.12702721e-02 -4.33430001e-02
  1.49710089e-01  9.40017477e-02 -1.25205293e-01 -3.08414400e-01
  2.91787535e-01  1.45592719e-01  2.55068064e-01 -5.38319163e-02
  7.85327107e-02  7.97296781e-03  2.32572798e-02 -3.83625954e-01
 -1.92035332e-01  1.14018992e-01 -3.55315249e-04  3.02187145e-01
  2.84068853e-01  6.73711151e-02  2.83849295e-02 -2.31979147e-01
 -3.72854471e-02 -1.94983855e-01 -4.63624857e-02  4.79488224e-02
 -6.58895373e-02 -1.43119574e-01  1.89398956e-02  1.84685186e-01
  1.37837380e-01 -5.26996441e-02 -2.60623358e-02  4.51490730e-02
 -2.04574883e-01 -1.45165965e-01 -2.90993825e-02  1.28060713e-01
  1.15102358e-01 -1.14271000e-01  2.33468637e-01  4.28852379e-01
  7.23291039e-02 -4.57792617e-02  2.96524018e-01  2.98362494e-01
  1.76239684e-02 -4.78059575e-02  2.47051552e-01 -4.26268158e-03
 -1.03928754e-02  1.59713060e-01 -1.19732795e-02  2.86862820e-01
 -2.33580738e-01 -9.78767499e-02 -1.84296370e-01 -2.70686865e-01
 -1.14532821e-01  1.76568910e-01 -7.64020532e-02  9.04690102e-02
  1.67393029e-01 -1.42323852e-01  3.14829767e-01  1.93730682e-01
 -2.59911586e-02  2.06264034e-02  1.32159861e-02 -5.92474192e-02
  3.96641850e-01  3.81353647e-02  2.03823447e-01  6.23720139e-02
 -1.62674025e-01  1.34025350e-01 -1.30521059e-02  6.27507223e-03
  1.01516559e-03  1.22725442e-01  1.99705034e-01  1.10854775e-01
  1.86792120e-01  7.26761073e-02  1.59565628e-01 -2.06779122e-01
  1.30715907e-01 -1.40495345e-01  3.97087000e-02 -9.90964845e-03
  7.89578930e-02 -2.80305669e-02 -9.27496776e-02  2.71292686e-01
 -1.59355581e-01 -1.43603981e-01  4.54265736e-02  2.56547462e-02
 -4.83495668e-02 -5.66899553e-02 -1.29561275e-01 -1.70537028e-02
  5.15061282e-02  1.07800640e-01 -4.79875691e-03  1.14908017e-01
 -9.11316723e-02 -3.59732769e-02  8.22882354e-02  2.81216055e-01]