http://erau.edu/ontology/meme.owl#30RockMeme
[ 6.34210035e-02 -1.06237568e-01  3.76437530e-02  6.51865751e-02
 -3.21993344e-02  4.97590676e-02  3.37215513e-02  1.44108431e-02
 -5.58736874e-03 -6.34156093e-02  1.52745098e-01  1.99416336e-02
 -3.87972593e-02  7.54935071e-02 -6.43118843e-02 -1.12941839e-01
  8.01881030e-02  6.53662905e-02  6.57056808e-04  2.69610640e-02
 -1.31131008e-01  1.77053556e-01  9.55952704e-02 -9.30763558e-02
  1.16558723e-01 -3.21626589e-02 -5.84137328e-02 -1.85294114e-02
  2.51839548e-01  1.33580446e-01  1.76661402e-01  2.23678857e-01
  3.33065353e-02 -2.26623975e-02  1.22028207e-02  1.75473168e-01
  6.25490583e-03  4.33717668e-02 -2.93381996e-02 -1.00037187e-01
 -1.11096270e-01  1.39702231e-01 -2.11310014e-01  2.82366928e-02
  1.71806797e-01 -3.20019163e-02  1.12269439e-01 -9.01606679e-02
 -8.21394548e-02  8.38024076e-03  7.15374649e-02  2.70244423e-02
 -1.45952091e-01 -1.75136790e-01 -8.74651223e-02  4.92539890e-02
  9.50220674e-02 -9.06339213e-02  1.28394082e-01  5.03429510e-02
 -4.27184366e-02 -8.22869129e-04  6.16129190e-02  3.27132642e-02
 -3.67325060e-02 -1.11830734e-01  2.60460656e-02  2.76292991e-02
 -8.30252469e-02 -2.38927323e-02 -1.36119872e-01  5.21691255e-02
  4.32589352e-02  4.07500342e-02  2.62922142e-02  2.55782995e-02
 -1.79408882e-02 -9.07830428e-03  1.07451119e-01 -8.33913758e-02
 -5.28324060e-02 -8.61939043e-02 -5.57137877e-02 -8.33242312e-02
  9.38258469e-02  1.60674937e-02 -1.09795079e-01  2.24110279e-02
  7.84025416e-02 -5.75821660e-02  2.29894593e-02 -1.76294178e-01
  1.97806098e-02 -5.16655631e-02 -8.12399536e-02  5.48553243e-02
  1.13021936e-02  8.40842631e-03 -5.87019138e-02  1.32921292e-02
  1.55134991e-01  7.77462348e-02  2.66487241e-01  9.93160252e-03
 -2.71512009e-02  5.22280186e-02 -8.16004258e-03  1.43721327e-02
 -4.05424088e-02 -1.32713467e-01 -1.11305143e-03  1.60977338e-02
 -4.61604856e-02 -8.40995833e-02  7.96425045e-02  6.42202515e-03
 -1.23802647e-01  1.21986205e-02  6.60458133e-02  3.34043428e-02
 -2.60745008e-02 -6.75984696e-02 -1.19184300e-01  5.31280003e-02
  1.53563812e-01 -3.47932801e-02  6.79693371e-03  7.42598400e-02
  1.38180569e-01 -2.00008750e-02 -2.50624448e-01 -2.81291977e-02
 -1.20480262e-01 -7.59976804e-02 -3.97518389e-02  1.48557857e-01
  1.05772167e-02 -7.91328177e-02 -7.19760731e-02  1.10718407e-01
 -1.77335724e-01  2.72057042e-03  2.26562813e-01  5.51319905e-02
  1.47967130e-01 -2.55506814e-01  4.77656499e-02 -1.21723987e-01
 -1.04547523e-01  1.03950150e-01  3.12893130e-02 -5.00258096e-02
 -9.90282148e-02  9.62006077e-02  5.75812627e-03  1.06130220e-01
 -8.70071501e-02  2.68961459e-01  2.20447835e-02 -3.60166579e-02
  3.66321765e-02  1.38528338e-02 -1.71801895e-02 -1.63846537e-02
 -2.33264685e-01 -7.30127245e-02  1.04329862e-01  1.81221321e-01
 -3.23144913e-01  1.75688818e-01 -2.83772852e-02  1.23915128e-01
  1.89970165e-01  1.65200040e-01 -8.61050934e-02  8.00829008e-03
 -1.75419617e-02 -8.36449191e-02  8.15127641e-02 -3.40346880e-02
 -1.13732189e-01 -2.10764189e-03 -1.71399713e-02  3.24448682e-02
  2.54091602e-02 -8.23870376e-02  9.45701748e-02  3.99915278e-02
  1.24054894e-01 -1.93132292e-02  4.59264629e-02 -1.23773590e-01
 -9.56736505e-02 -9.45873335e-02  4.61660475e-02 -9.71759334e-02
 -7.19840219e-03  1.72940210e-01 -5.46816401e-02 -7.06554502e-02
  2.60185786e-02 -4.72731655e-03  1.00708701e-01 -1.83195081e-02
 -6.95486069e-02 -3.34604025e-01 -2.10875943e-02 -1.91687010e-02
  1.86043888e-01  1.49342403e-01  3.20832938e-01  9.67343003e-02
  3.08280345e-02  3.82710211e-02 -4.19977531e-02 -2.80634128e-02
  1.89419859e-03 -1.19673721e-02  5.65475412e-02  1.41299963e-01
 -6.43189577e-03  9.93191078e-02 -6.81155771e-02  8.76003206e-02
  4.78034094e-02  5.28464355e-02  1.40002901e-02  4.97116670e-02
 -1.17474742e-01  6.67160079e-02  8.56655240e-02  2.84251682e-02
 -8.52056593e-02 -8.07922781e-02 -1.00099415e-01  5.18603325e-02
 -7.03826314e-03 -1.06301107e-01  1.27288727e-02 -3.36953551e-02
 -1.14411615e-01 -6.69490844e-02  7.16316327e-02 -1.52671263e-02
 -2.30272308e-01 -1.73363071e-02 -9.83479843e-02  1.07442336e-02
  4.12637219e-02  1.42829204e-02  3.04941945e-02  2.65642200e-02
  4.90262397e-02 -8.58172625e-02  1.43707767e-01 -9.56454547e-04
 -1.57737195e-01  9.18879062e-02 -3.50143835e-02  1.08084120e-01
 -9.66813415e-02 -3.70312780e-02 -9.15466994e-02 -1.79474249e-01
 -6.32608533e-02 -1.31526232e-01  3.17411870e-02  4.58965115e-02
  6.22470342e-02 -1.09646112e-01 -1.12650141e-01 -5.76562062e-02
 -1.06670549e-02 -3.54697667e-02  6.50057243e-03 -4.97079492e-02
  8.53346810e-02  1.12671018e-01  4.62399423e-02 -2.45519094e-02
  7.66719431e-02  6.57519847e-02  4.31444831e-02 -6.14178143e-02
 -1.20514505e-01 -4.13083732e-02 -1.19797386e-01 -9.47181042e-03
 -4.87351045e-02 -1.17031731e-01  7.08416477e-02 -1.11856587e-01
  2.64167157e-03  4.69026528e-02  4.68534566e-02 -9.99657437e-03
  1.11566059e-01 -2.25963239e-02 -1.14241205e-01 -4.70493585e-02
 -1.05996482e-01  6.09563738e-02  2.04815902e-02  1.09639995e-01
 -2.66856980e-02 -1.42725799e-02  4.39461172e-02  3.05004674e-03
 -3.47109027e-02 -2.76292022e-02  2.19562203e-01 -6.39525205e-02
 -8.25225860e-02 -3.96804996e-02 -1.51796013e-01 -8.76447372e-03
 -5.84333166e-02  2.80156881e-02 -1.71579532e-02 -6.51690811e-02
  9.70595926e-02 -3.57825868e-02  7.67162666e-02  1.27703637e-01
  7.20754340e-02 -4.69402038e-03 -5.99325635e-02  2.21779868e-02
  9.38369706e-02 -1.86725464e-02  3.77819277e-02 -1.30523950e-01
  1.40716862e-02 -2.44792804e-01  2.57130228e-02 -1.49172500e-01
  1.69981718e-01  4.18992303e-02  3.95093262e-02  5.78210577e-02
 -2.69796699e-02  6.86940178e-02 -1.46987662e-01 -1.18457817e-01
 -7.53205195e-02 -5.48347011e-02 -5.83123751e-02  3.37134488e-02
  4.84315399e-03 -8.59171227e-02 -8.35454836e-02  1.25785600e-02
 -1.06010266e-01  2.16155320e-01 -7.49472007e-02  6.45356998e-02
  1.63827240e-02  7.55773038e-02  1.21726543e-01 -1.10450573e-01
 -4.69696000e-02  8.71885642e-02  2.44849827e-02 -4.88145240e-02
  4.88731153e-02 -6.34932797e-03 -6.63731098e-02  2.91719474e-02
  8.66360068e-02  3.44098508e-02 -2.63913851e-02 -1.15392193e-01
 -2.71790057e-01  1.22457623e-01  7.88311101e-03 -4.19660509e-02
 -2.53914036e-02  7.54094943e-02 -2.45544724e-02 -6.38859421e-02
  8.91807079e-02  1.43444985e-01 -6.07633591e-02 -1.50938869e-01
  5.27681857e-02 -2.02157632e-01 -8.91420692e-02  1.27943307e-01
 -5.36095984e-02 -1.35165662e-01  4.51797917e-02 -9.06780479e-04
 -5.90096191e-02  3.49254072e-01  4.20793742e-02 -2.10074738e-01
  8.26246142e-02  6.88218176e-02  4.31408942e-01 -1.66595250e-01
 -1.31757692e-01 -1.83154315e-01  1.09598093e-01 -2.28906050e-01
 -1.22749358e-01  7.51213655e-02  2.33225618e-03  4.07155693e-01
  8.20319727e-02 -1.05595609e-04  9.49450806e-02 -1.00785829e-01
 -5.25756069e-02 -1.60153136e-02 -1.13303781e-01  7.08909482e-02
 -1.82189375e-01 -1.53267518e-01 -4.77477349e-02  9.13128257e-02
  2.11455673e-01 -8.13183859e-02 -1.71297967e-01  4.98610688e-03
  5.71168726e-03 -1.61890119e-01 -2.50782091e-02  1.43250406e-01
  1.28063604e-01 -8.02101195e-03  1.01840422e-01  2.00812832e-01
  4.85749654e-02 -1.85355291e-01  1.09370463e-01  1.99703351e-01
  1.18174046e-01 -4.65252511e-02  2.31810063e-02  1.85326248e-01
  1.78449675e-02 -5.78199625e-02 -7.76820853e-02  2.11552322e-01
 -1.73729718e-01 -3.35613675e-02 -1.57904431e-01 -4.50037047e-02
 -1.20661937e-01  1.23355333e-02  1.32726043e-01  4.81938310e-02
  1.35898456e-01  2.80883610e-02  9.06238556e-02  3.00887655e-02
  1.01687811e-01  5.48326336e-02  2.93402895e-02 -6.18319511e-02
  3.28500718e-02  7.57750347e-02  1.32380426e-01 -8.28806385e-02
  9.22529474e-02  6.34946302e-02  2.63205357e-02 -1.40799746e-01
  8.22230801e-03  9.93062090e-03  1.51026204e-01 -3.64843011e-02
  5.46540171e-02  8.08854401e-02  3.56433801e-02 -1.76645771e-01
  8.87032971e-02 -1.06759273e-01 -1.34146944e-01  1.31135955e-01
 -5.43173961e-03 -7.66730011e-02 -5.09048216e-02  1.16400294e-01
 -1.61267534e-01 -1.35058910e-01 -1.42365560e-01 -2.80033723e-02
  1.16833754e-01 -5.74081019e-03 -9.76237133e-02 -7.52953812e-03
 -1.99165437e-02 -4.61327210e-02  1.08079940e-01  1.92356184e-02
 -1.79867223e-02 -4.35097739e-02  3.77178565e-02 -2.61515863e-02]