http://erau.edu/ontology/meme.owl#BetsyDeVosGrizzlyBearAttacksRemarkMeme
[-1.44820884e-01 -1.21272370e-01 -3.72186229e-02  2.12880950e-02
 -2.43397467e-02  1.21412255e-01  3.48975360e-02  1.53443232e-01
 -2.90344823e-02 -7.47961029e-02  8.02058727e-02 -1.36956453e-01
  8.61777663e-02 -1.32638276e-01  3.56347524e-02  1.03047408e-01
  8.57131034e-02 -1.93964839e-02 -3.46817784e-02 -6.67271065e-03
 -1.60855025e-01  1.24559075e-01  7.79299662e-02 -8.59133080e-02
  1.83437809e-01  2.47501619e-02  9.95072350e-02 -1.03892773e-01
  1.18237898e-01  1.21448599e-01  5.95973954e-02  9.37321410e-02
 -7.89329037e-02 -1.41284600e-01 -1.13128997e-01  1.44212425e-01
 -3.53944302e-02  1.22933574e-01 -8.83681923e-02 -1.96111605e-01
  1.08715445e-01  1.81782320e-01 -2.97644716e-02 -1.31187413e-03
  1.23944655e-01  5.83201572e-02 -7.26653170e-03 -5.33287860e-02
  7.71072460e-03  5.73190302e-02  5.64125702e-02  9.36412215e-02
 -5.34996018e-02 -5.15822060e-02 -1.02870129e-01 -1.29704624e-02
  7.89421126e-02 -9.00302455e-02  9.17108431e-02  4.02344279e-02
  3.81344222e-02 -6.49729595e-02  6.50441721e-02 -2.14447286e-02
  2.04994790e-02  1.12369489e-02  1.06163479e-01 -5.02060689e-02
 -2.37977412e-02 -1.92760676e-01 -1.15385063e-01  1.13327488e-01
  6.22473545e-02 -8.84130038e-03  5.62455058e-02  1.20448105e-01
 -5.03411032e-02  1.17030755e-01  3.88999768e-02 -4.54914756e-02
 -5.87644354e-02 -1.01215795e-01  4.20565568e-02 -1.30919576e-01
  1.10234797e-01 -1.47500485e-01 -4.57861349e-02  1.03878371e-01
  6.06132150e-02 -4.36170101e-02  1.44037986e-02 -1.35124084e-02
  6.25344142e-02 -8.09793845e-02 -2.05549207e-02  7.86605477e-02
  8.80607683e-03  2.78237481e-02 -8.60864446e-02 -7.67062604e-02
  1.55915737e-01  1.31776333e-01  2.90569305e-01 -7.39754066e-02
  6.77179545e-02 -4.74333391e-02  1.55810803e-01  1.60543565e-02
 -6.72812015e-02 -6.24650717e-02 -1.98834743e-02 -1.18291797e-02
 -1.09971620e-01 -3.97608727e-02  4.47698310e-02  6.57570437e-02
 -2.61289448e-01 -2.05915406e-01 -5.60270883e-02  6.44074380e-02
  3.43488567e-02 -4.66924720e-02 -6.10325336e-02  1.16568312e-01
  7.26397485e-02 -1.84916511e-01  7.01058060e-02 -1.81173871e-03
 -1.55488160e-02  4.94448692e-02 -1.48282215e-01  4.42809565e-03
 -2.34005060e-02 -1.29772369e-02 -1.17064759e-01  3.60453427e-02
 -5.00649400e-02 -5.25068603e-02 -1.47905543e-01  7.93062747e-02
 -1.75740972e-01  1.53060611e-02  7.07196444e-02 -4.31865975e-02
  2.04368114e-01 -2.42963120e-01 -2.15488933e-02 -3.61390077e-02
 -1.34127930e-01  8.85357857e-02 -8.38599280e-02 -4.66966182e-02
 -4.42707241e-02  1.26873523e-01 -1.91795044e-02  1.08752996e-01
 -3.67285721e-02  1.16394348e-01  3.87987942e-02 -5.25325686e-02
 -8.32626410e-03 -7.77711272e-02  7.28486106e-02 -1.07301310e-01
 -1.42935738e-01 -1.51872933e-01 -3.35581414e-02  6.55351281e-02
 -2.12966010e-01  9.13645998e-02 -2.00590622e-02  1.35056645e-01
  1.84260696e-01  1.42415300e-01 -4.10484010e-03  6.79255798e-02
 -3.16458903e-02 -1.24687329e-01  7.88650010e-03 -4.58792374e-02
 -3.74208912e-02  8.92751142e-02  2.51502148e-04  6.39770329e-02
 -8.84605050e-02 -1.49992248e-02  1.59768239e-02  3.95909548e-02
  1.50305271e-01 -1.04700558e-01  1.15520947e-01  1.73297338e-02
 -1.63371176e-01 -1.05723431e-02  4.83723432e-02  6.17888719e-02
  5.19891419e-02  1.39610589e-01 -5.87355830e-02 -8.87093544e-02
  3.87972617e-03  1.92876756e-02  4.30898592e-02 -3.81785296e-02
 -1.08393863e-01 -2.47194439e-01 -2.56911200e-02 -5.16153462e-02
  5.21368720e-02  1.07774816e-01  2.08582044e-01  7.97946453e-02
  4.32892377e-03 -1.34891510e-01  7.96631724e-02  6.45690039e-02
 -1.38234973e-01 -5.63804507e-02  1.64624453e-01  8.44325572e-02
  3.81668508e-02  3.56347635e-02 -1.61850885e-01 -4.89141345e-02
  2.87091564e-02  1.45076856e-01 -1.49385914e-01 -5.07885069e-02
  1.10922987e-02  2.67310031e-02  4.72134128e-02  1.58074163e-02
 -1.88153118e-01 -4.55170460e-02  6.65602684e-02  3.54387499e-02
  1.46269030e-03 -2.41400078e-02  1.24694727e-01 -1.29057750e-01
  4.47484814e-02 -1.50697261e-01  1.22875236e-02 -6.89439774e-02
 -1.65890425e-01  1.88764054e-02 -1.14982441e-01 -2.71069668e-02
  7.95463938e-03 -1.09847151e-01  8.16776454e-02 -6.30312739e-03
  1.01243444e-01  1.62356213e-01  1.53986827e-01 -4.98566739e-02
 -1.12448558e-01  1.19319707e-02  1.24827631e-01  1.61088288e-01
 -1.32281743e-02 -1.34295836e-01  4.16875184e-02 -1.08123302e-01
  2.55718175e-03 -3.38181436e-01 -3.08309812e-02  8.42164904e-02
  9.22042131e-02 -1.49743021e-01 -8.86090174e-02 -7.26182535e-02
 -2.53749322e-02  9.48307216e-02  6.34222403e-02 -1.35700349e-02
  1.73308581e-01 -1.18995242e-01 -1.09301403e-01  2.33758297e-02
  1.48459747e-01 -4.54454534e-02  1.10628471e-01 -8.87252688e-02
 -1.56817138e-01 -6.64831176e-02 -5.09293601e-02 -2.27551032e-02
  3.49457711e-02 -1.90642327e-01 -1.08573914e-01 -1.18602790e-01
  5.12031801e-02 -3.83695611e-03  1.25142196e-02  9.90303978e-03
 -3.13763767e-02  2.07029898e-02 -8.17263797e-02 -1.70688331e-02
 -2.42071167e-01  1.51936607e-02 -3.39189991e-02  1.75816953e-01
  1.56014068e-02 -3.70189846e-02  1.41404778e-01 -6.97256178e-02
 -5.55046424e-02  1.64462790e-01  1.17170148e-01 -2.30516240e-01
 -6.52332380e-02  8.87992606e-02 -5.71622960e-02  8.03558752e-02
 -8.44413340e-02  7.15790689e-02 -1.98029075e-02 -5.74324466e-02
  1.35486543e-01 -4.21541296e-02  1.73357323e-01  8.04324895e-02
  3.20948325e-02  5.64855784e-02 -1.87216699e-01 -2.47878097e-02
  1.77419335e-02 -6.77603185e-02  4.15874831e-02 -1.07359728e-02
  7.65199140e-02 -1.19678512e-01 -1.73738077e-01 -2.73081601e-01
  1.53500542e-01 -3.78298899e-03 -6.88768178e-02  1.24036543e-01
  7.19010308e-02  1.95273180e-02  4.92987707e-02 -5.30779473e-02
 -1.31747022e-01 -1.06373720e-01 -6.76896498e-02  3.88480462e-02
 -9.25608203e-02 -6.40190542e-02 -3.34978960e-02 -1.69267897e-02
 -1.22625552e-01  1.68942675e-01 -2.03936085e-01  1.15428396e-01
  7.84472376e-02 -1.23372205e-01  1.27515599e-01 -1.29850477e-01
 -1.42166525e-01  1.30011821e-02  8.82565305e-02 -3.60771939e-02
  3.01569290e-02 -8.21740553e-03 -1.01668075e-01  9.49291140e-02
  5.43713905e-02  7.14003369e-02 -2.97303172e-03  6.88817119e-03
 -1.70765504e-01  1.04044512e-01  1.16666816e-01 -6.59553260e-02
 -8.19618553e-02  5.62340207e-02  3.57406735e-02 -5.60247824e-02
  1.17394906e-02  7.77783617e-02  1.45414630e-02 -8.78992006e-02
  6.92569762e-02 -3.25251147e-02 -8.82070139e-02  1.78891525e-01
 -6.43865615e-02 -1.06081516e-01 -6.73736930e-02  8.17816928e-02
 -6.97745383e-03  2.22006664e-01 -3.80647816e-02 -1.11569740e-01
 -5.75831831e-02  1.43774888e-02  3.51127446e-01 -3.08225174e-02
 -7.76888281e-02 -1.11101121e-01  1.03558771e-01 -2.18591049e-01
 -2.36645699e-01  7.17217252e-02 -7.93357939e-02  3.08820099e-01
  1.72564268e-01  1.25490949e-01  3.16611887e-03 -1.95708513e-01
 -1.13295533e-01 -4.80044261e-02 -5.75621538e-02  2.90793404e-02
 -1.01940921e-02 -6.13594763e-02 -5.13856709e-02  1.63187236e-01
  6.95813522e-02  3.68861668e-02 -8.77496079e-02  9.75537747e-02
 -6.60329759e-02 -1.06834352e-01 -2.85780858e-02  1.92607969e-01
  1.12558626e-01 -1.83280874e-02 -5.74436747e-02  2.04984128e-01
 -5.34507334e-02 -1.41582891e-01  1.25753403e-01  1.33376166e-01
  5.65268844e-02 -4.98043522e-02  5.46622574e-02  6.15941621e-02
  2.04070583e-01 -2.15544309e-02 -1.01217397e-01  1.36361301e-01
 -2.39693686e-01 -1.28849549e-02 -2.05406219e-01 -4.11988311e-02
 -1.21309474e-01  5.00183105e-02  1.28267452e-01  1.89643681e-01
  9.50431377e-02 -8.36603492e-02  2.15328559e-01 -4.05560844e-02
  8.12454373e-02  6.51604533e-02 -1.07706124e-02  3.97549123e-02
  1.55761316e-01  6.79703355e-02  1.02912508e-01 -1.35221332e-01
 -4.51764874e-02  2.62264572e-02 -6.89482540e-02 -1.67270362e-01
 -4.21837978e-02 -2.07612328e-02  1.70865953e-01  3.05598732e-02
  1.54828072e-01  1.52027428e-01  8.85633826e-02 -1.75724849e-01
  3.40492837e-02 -1.60154160e-02 -7.97186345e-02  8.32198337e-02
 -1.39788687e-01 -1.19131386e-01 -1.38230681e-01  3.28469604e-01
 -5.83556406e-02 -8.09065625e-02 -1.00282900e-01  4.15925607e-02
 -3.34444903e-02  2.57991664e-02 -7.17025250e-02  2.76659429e-02
 -2.64597032e-02 -2.40896326e-02  9.68118683e-02  2.68126260e-02
 -1.02731660e-01  5.59950955e-02  3.45671140e-02  1.99004598e-02]