http://erau.edu/ontology/meme.owl#WhatIsThisIDontEvenMeme
[-0.08369599 -0.09980892  0.09190407 -0.03148919  0.07986855  0.07392959
  0.12314882 -0.0074555   0.01702849 -0.01937668  0.09535278  0.02204986
 -0.02870809  0.00184185 -0.08921755 -0.03366914 -0.03541197  0.10006364
 -0.01619369  0.09377413 -0.08662487  0.04830526  0.04676406 -0.06258664
  0.06207647  0.03694589  0.11694489 -0.07926931  0.15594158 -0.03894642
  0.01816227  0.07090555  0.0439795  -0.04900492 -0.09289423  0.12845336
 -0.07064246  0.02192199 -0.09144314 -0.12870905 -0.01959651  0.10147364
 -0.1331528  -0.13692975 -0.01277953  0.03907599  0.0489691  -0.03588218
  0.01774195 -0.01738234  0.12759571 -0.09774663  0.00584806 -0.02989255
 -0.05178116 -0.04245742  0.03202498 -0.22005095  0.10549981 -0.00498058
  0.04216313 -0.0944107   0.15987764  0.02010418 -0.29548144 -0.20645031
 -0.00923383 -0.03316931 -0.05300226 -0.1622582   0.01254379  0.16626996
  0.14612581  0.11710517  0.06614818  0.15908913 -0.17145841  0.05522969
  0.22505525  0.10608661  0.05168798 -0.05608476 -0.11116692 -0.29064292
  0.10446582 -0.07356657  0.03165414  0.08028311  0.12223326 -0.02658247
 -0.0636886  -0.34455815  0.1839359  -0.08380848 -0.13507703  0.01240288
  0.03881994  0.05255738 -0.02746673  0.08786116  0.15719706  0.00826594
  0.3788871  -0.09558097 -0.01160798  0.00386683  0.20639215  0.0537688
  0.01950384 -0.10841278 -0.09844881  0.12672532  0.00444051 -0.17305614
  0.1447941   0.08518708 -0.29481658 -0.1360775   0.03578116  0.07630646
 -0.02788479 -0.12865213 -0.06282765  0.01482548 -0.01022583  0.00084544
 -0.0780059   0.05141348  0.06212728 -0.10063666 -0.19340242 -0.06264096
  0.02727318 -0.05440821  0.00938582  0.06314933 -0.19743867  0.01829384
 -0.03096681 -0.08784542 -0.22915092  0.04922573  0.13856295  0.11743139
  0.16471039 -0.15407121  0.05288424 -0.08668727  0.02959365  0.16435233
 -0.02090513 -0.04327098 -0.04991066 -0.15029895 -0.11094569 -0.07466231
 -0.1370401   0.1610638   0.02620309 -0.16859607  0.15100747 -0.26679003
 -0.12673253  0.04593674 -0.24827231 -0.11268713 -0.04521101  0.26680836
 -0.16515657  0.12388055  0.02485241  0.18693611  0.37316093  0.1990019
 -0.08944501 -0.02625586  0.01377296  0.01365473  0.23803997 -0.03722063
 -0.14617679  0.08957573  0.13166088 -0.07321367 -0.08216639 -0.06940174
  0.02164755  0.11875501  0.04738409 -0.08418629  0.02898774  0.04987611
 -0.0986123  -0.0584762  -0.05480922  0.00845967  0.11687896  0.21609503
 -0.01402186  0.07752146  0.03595915 -0.01643986  0.07900494 -0.08173305
 -0.09292796 -0.175847   -0.01401327 -0.02572409  0.19555256  0.07900095
  0.16879456  0.04591211  0.02551858 -0.13266982  0.11514484 -0.01479649
 -0.106224   -0.12364326  0.22957848  0.04844123  0.23938355  0.15539363
 -0.11911232 -0.0075399  -0.13013895 -0.19186732 -0.14656298  0.00410006
 -0.03293417 -0.0762805  -0.06971823 -0.00932393 -0.06638406 -0.11487
  0.03143561  0.02988295 -0.05112282 -0.07322959  0.06346323 -0.0295841
  0.04505397  0.01738705  0.05270341  0.04176104 -0.18593034 -0.08502875
 -0.17481807 -0.09761005 -0.17880476  0.16360846  0.04537302  0.06362979
  0.18967627 -0.01749262  0.328975    0.02931543 -0.00611495  0.07896991
 -0.13156085  0.05160845 -0.1607878  -0.15696026 -0.10001358 -0.16580345
 -0.10105606 -0.1923163   0.23436075  0.09059614  0.16003916  0.07200205
 -0.03128318 -0.07696901 -0.06000137  0.04377796  0.24383903 -0.11568695
  0.16215104 -0.03170957 -0.10618313 -0.07289173  0.09165004  0.11149832
 -0.11337125 -0.16343255 -0.0115112   0.1020304  -0.16502391 -0.05720339
 -0.07264987 -0.0217142   0.08196039 -0.09442726  0.09897148 -0.06913409
  0.0753665   0.0428364   0.21637166 -0.05139968 -0.09522987 -0.23947135
 -0.10136108 -0.09478531  0.01817224  0.08687617 -0.04209824 -0.10289049
  0.19909589 -0.14659052  0.03273388  0.07218555  0.14011921 -0.30738023
 -0.05378224 -0.0897542  -0.10316803  0.0903059  -0.01147148  0.0413229
  0.06608262 -0.08364375  0.00518747 -0.14633232  0.22922622  0.22484274
  0.00150582  0.00191245 -0.11819772 -0.13117728  0.2515578  -0.01304408
  0.04158754  0.06162263  0.0937723  -0.00721426  0.07154276 -0.33680186
  0.13915434  0.16496567  0.01538809  0.06909252 -0.01318199 -0.00417459
  0.07832924  0.06476014 -0.12091098 -0.00314521  0.0295029   0.13847694
 -0.01032932 -0.14748555 -0.0228356   0.13658544 -0.25082445  0.11751742
 -0.31307644  0.05622455  0.02282172 -0.04705067  0.23761387 -0.06845415
 -0.07164379  0.21666309 -0.064821   -0.0926327   0.02914073 -0.12785998
  0.02826363  0.12992206 -0.02789817 -0.00366629 -0.01401704 -0.01118496
 -0.22444578 -0.01608708 -0.01312902 -0.03333599 -0.08043289 -0.05427929
 -0.07802846 -0.09877583  0.054515    0.15960328 -0.16511458 -0.04725561
  0.17097607 -0.02099794 -0.07241725  0.15532684 -0.10091075 -0.0203812
 -0.05093634  0.12837379 -0.04876274 -0.01672982  0.00822515 -0.08160196
  0.13962421 -0.02990065  0.01699772 -0.01664431 -0.10085564 -0.12340795
  0.08996972  0.08240564 -0.00461617 -0.05639997 -0.15682271  0.0413971
  0.1472934   0.02882366  0.20480365 -0.13309772 -0.17398937 -0.15281844
 -0.14081194  0.06938696 -0.04689241 -0.11963434  0.06987393 -0.02424343
  0.17360097 -0.07935981 -0.18076463  0.06274553 -0.05412072 -0.15411064
 -0.12255649 -0.08221747  0.19088818 -0.0683136   0.12872809  0.23500112
  0.10745827  0.02852532  0.21529427  0.23285657  0.04116285 -0.25606126
  0.02895182  0.13173443  0.05135494  0.22538404 -0.10176024  0.3439088
 -0.35639408 -0.02560626 -0.1676836  -0.03488623  0.00749949  0.07835656
 -0.0388725   0.09385271  0.2792142  -0.17167093  0.25378418  0.03836987
  0.00433772  0.00116613  0.00925959  0.015646    0.21318485  0.04177188
  0.18728994 -0.15675254  0.05493917  0.25311184 -0.02888746 -0.10739517
 -0.09271555 -0.0275971   0.15746133 -0.01737399  0.131594    0.15796654
  0.011871   -0.15779272  0.15413594 -0.24170934  0.07922584  0.15480803
  0.1428972   0.03203726 -0.12990315  0.28630438 -0.22844161 -0.2469356
  0.01386926 -0.04319389  0.08956453  0.06591386 -0.07797508  0.03779229
 -0.09446274  0.15605624  0.17490773 -0.0025445  -0.02178065 -0.10624593
  0.05312556  0.13142782]