http://erau.edu/ontology/meme.owl#WhalesMoneyMotherfuckerMeme
[-1.23196870e-01 -1.26419514e-01  1.29609585e-01  4.63806316e-02
  2.01880420e-03  1.65323436e-01  2.87803680e-01  1.67388767e-01
 -1.46486070e-02 -1.20201208e-01 -5.26923127e-02  5.68999164e-02
 -2.20379680e-01  6.12418354e-02 -2.28997339e-02  5.43372799e-03
  1.69046268e-01  1.30078852e-01 -3.68604027e-02  1.28286183e-01
 -3.68340462e-01  9.77884885e-03  8.13781172e-02 -5.24337515e-02
  2.06858650e-01 -1.34259403e-01 -2.12728400e-02 -1.84742868e-01
  3.54748338e-01  7.30619058e-02  6.47628754e-02  8.82072896e-02
  2.11193591e-01 -1.41482651e-01 -4.39204536e-02  2.51039445e-01
 -9.03823972e-02  2.77710110e-02 -6.06370978e-02 -9.59021896e-02
 -6.24115113e-03  2.58757532e-01 -2.04617679e-01  2.88987029e-02
 -1.50751127e-02  5.65038472e-02  1.15212100e-02 -1.33234352e-01
  1.24226369e-01  1.96239315e-02  1.02995723e-01  9.64315236e-02
 -4.91190590e-02 -5.11150807e-02 -1.31344914e-01 -6.64014593e-02
  1.00072451e-01 -1.09206319e-01 -4.09416296e-02  1.06534235e-01
  2.44601592e-02 -6.66132718e-02  6.90493956e-02  3.89117338e-02
 -1.63122892e-01 -1.24947438e-02 -8.55867714e-02  5.26879774e-03
 -6.33277372e-02  2.97153406e-02 -3.32237519e-02  7.31034502e-02
  1.13087058e-01  1.27752900e-01  7.89770856e-03  6.53732643e-02
 -8.83536190e-02  7.96771422e-03  2.55215876e-02  7.90291056e-02
 -2.66552134e-03 -1.06819235e-01 -3.44318561e-02 -4.68913801e-02
 -2.50889678e-02 -9.38490853e-02 -1.31017789e-01  2.40667295e-02
  1.72437921e-01 -9.81492996e-02  4.50373478e-02 -2.96469241e-01
 -6.19220501e-03  6.41170070e-02 -2.88989618e-02  8.58755410e-02
 -2.23679006e-01 -4.49786820e-02 -8.06875825e-02 -5.53566851e-02
 -8.56608036e-04 -7.20387474e-02  2.15625077e-01 -5.04624704e-03
  3.28047723e-02  1.41439974e-01  1.05600264e-02  2.08620876e-02
  1.64619476e-01 -5.73015884e-02  9.70803201e-02  6.67072311e-02
 -2.64586266e-02 -9.93891954e-02  5.47314587e-04  1.12018570e-01
 -1.52615756e-01 -2.61258762e-02  1.62497591e-02 -1.27534280e-02
 -7.95667171e-02  5.46292886e-02 -5.75680621e-02  1.49818465e-01
  1.31684288e-01 -5.60983196e-02  6.25754669e-02  6.78564757e-02
  1.73788279e-01  4.52756276e-03 -1.24786384e-01 -9.38917920e-02
 -8.14982653e-02 -1.23863034e-01  7.08926469e-02  1.35564625e-01
  7.91507512e-02 -8.67256429e-03 -1.85253724e-01 -4.71048504e-02
 -2.37045050e-01  8.80354419e-02  1.20828211e-01  1.47327363e-01
  1.33920908e-01  7.10454164e-03  1.95478648e-02 -5.75290248e-02
  1.27870040e-02  1.43438637e-01 -1.27322525e-01 -1.03890948e-01
 -1.57434806e-01 -3.73209156e-02  1.03218861e-01  1.03529923e-01
 -1.13072254e-01  1.49047375e-01  5.45099676e-02 -1.49706230e-01
  3.98281850e-02 -2.41678447e-01 -1.06945917e-01  1.97241884e-02
 -1.34342194e-01 -1.06015466e-01 -2.79304367e-02  1.63645282e-01
 -9.28798392e-02  1.01581976e-01 -2.53224857e-02  8.25522169e-02
  1.49033293e-02  1.07073389e-01 -3.28635760e-02 -1.04933128e-01
 -4.76601794e-02  2.32928805e-02  1.56552926e-01 -4.02433006e-03
 -6.30447641e-02  8.28843042e-02  5.32636866e-02  6.43608421e-02
 -5.01531214e-02 -1.10775247e-01  4.92867604e-02  1.91735223e-01
  2.30509073e-01  5.52038029e-02 -3.33387777e-03  3.42462398e-02
 -9.36527625e-02 -2.26627439e-02 -3.84837724e-02 -7.72108063e-02
  2.38374341e-02 -6.12973534e-02 -3.87637466e-02 -9.65658575e-02
 -3.22879702e-02 -3.27032851e-03  3.12205981e-02  7.63946474e-02
 -6.32161722e-02 -2.83251375e-01  1.51821747e-01 -4.94145826e-02
  4.62471917e-02  1.50066847e-02  2.54378885e-01  1.09443679e-01
  2.70637055e-03 -4.72739302e-02  1.94004238e-01 -4.61935364e-02
  4.10723276e-02 -1.05564795e-01  1.89518899e-01  9.82885659e-02
  1.84973150e-01  1.70665264e-01 -2.96801645e-02  1.22851424e-01
  5.19063585e-02 -3.71564776e-02 -8.97425190e-02 -4.64099646e-02
 -1.56237885e-01 -5.44070713e-02  1.48439065e-01 -4.20467742e-02
  8.16876069e-03 -1.91285670e-01  1.75828591e-01  7.96130970e-02
 -6.85570687e-02  1.42160356e-01  7.11312667e-02  8.45476836e-02
  4.16872427e-02  7.76362717e-02  1.21547453e-01  9.42837223e-02
 -1.94287390e-01 -4.03288081e-02 -2.44362414e-01  5.22238947e-02
 -4.98244539e-02  1.70597658e-01 -2.39821244e-02 -4.90815528e-02
  7.26305842e-02  3.59339602e-02  2.48595968e-01 -8.51798654e-02
 -1.18843086e-01 -1.15286343e-01  3.90319303e-02 -9.18171406e-02
 -1.91326499e-01 -6.08489737e-02 -2.52207294e-02 -1.15146622e-01
 -5.59635833e-02 -8.20007920e-02 -5.09144776e-02  1.11171253e-01
 -2.52491143e-02  1.81969702e-02 -6.79150224e-02  2.58505363e-02
  6.00122428e-03 -7.67589584e-02  1.20061494e-01  7.47121172e-04
 -1.37039414e-02  8.62242669e-05  5.42562194e-02 -3.06428485e-02
  6.60345033e-02  2.13842541e-01 -9.31427404e-02 -1.51700094e-01
 -1.01574115e-01 -8.94417912e-02  4.80058789e-02 -6.36678413e-02
  3.95631008e-02 -1.89317018e-02  5.83038889e-02 -5.95973339e-03
 -8.16190690e-02 -1.01221539e-01 -6.74389899e-02  3.33052389e-02
  5.53246997e-02 -6.32230341e-02 -1.63838528e-02 -8.84754732e-02
 -7.24853277e-02  1.30156934e-01 -3.65523882e-02  3.09492499e-02
 -1.10201634e-01 -2.28142980e-02  5.56578003e-02  2.92205587e-02
 -9.59814563e-02 -2.00833958e-02  8.42968076e-02 -1.34987399e-01
  9.80883911e-02  1.67992115e-02 -4.66752499e-02  7.88035542e-02
 -3.76237705e-02 -2.68131052e-03  5.65966032e-02 -1.37206748e-01
 -6.37556687e-02 -1.42206162e-01  1.16956353e-01  1.49374440e-01
 -1.39059126e-01  7.87606984e-02 -7.11019859e-02  1.14518173e-01
  1.97592363e-01  9.29023996e-02  3.12845297e-02 -4.91301937e-04
 -5.57372393e-03  2.91757043e-02  5.97377233e-02 -1.09996431e-01
 -3.88810970e-02  1.91569522e-01 -3.93173732e-02 -1.61036628e-03
  8.51137042e-02  1.01476416e-01 -1.22673668e-01 -8.00864398e-02
 -3.04989591e-02 -4.77381125e-02 -1.05346315e-01  1.01972394e-01
  1.47881046e-01 -2.34534636e-01 -2.75171585e-02  5.46922572e-02
 -1.19865336e-01  8.87154788e-02 -2.31729552e-01  5.76736890e-02
  1.74107105e-01  6.32703081e-02  1.13347262e-01 -1.47596315e-01
 -4.68211174e-02  1.35200128e-01 -7.76834860e-02  9.11155641e-02
  4.98946682e-02 -1.59114584e-01 -1.07371464e-01  1.35114968e-01
 -1.82121247e-02 -1.10922411e-01  5.51726371e-02 -1.64493531e-01
 -1.36321068e-01  4.87686545e-02 -1.94046926e-02 -1.73792895e-02
 -1.87206149e-01  5.56096882e-02  3.01521970e-03  7.18888193e-02
 -8.89521837e-02  3.50399077e-01 -9.24502984e-02 -1.78589463e-01
 -3.07046808e-02 -3.26398276e-02 -2.21239462e-01  1.01358175e-01
  3.45354602e-02 -3.09713464e-02  8.61313194e-02  1.01997077e-01
 -1.73292693e-03  1.18555665e-01 -3.75367217e-02 -2.09613174e-01
 -7.15384930e-02  5.85185811e-02  3.02689463e-01  1.00824803e-01
  4.59319502e-02  1.80376880e-02  5.18060215e-02 -5.78710102e-02
 -1.51596054e-01  1.26149923e-01  2.33934540e-02  1.24409892e-01
  1.80009052e-01 -3.34237446e-03  9.69925821e-02 -1.86389104e-01
 -5.06159067e-02 -1.46200750e-02 -7.70900678e-03 -1.53796934e-02
 -1.62317991e-01 -6.59583658e-02 -2.69203521e-02  4.12287191e-02
  1.42964780e-01 -1.44003797e-02 -1.93344176e-01 -1.05295584e-01
 -6.54822290e-02 -2.36178413e-01  5.19744633e-03  1.01215728e-01
  1.17357120e-01 -8.15020055e-02  2.36313999e-01  2.67913312e-01
  8.35909545e-02 -5.12416437e-02  2.37884343e-01  2.25821227e-01
  8.33968818e-02 -1.80294320e-01  6.53134063e-02  1.72524035e-01
  1.09277584e-01  1.74641028e-01 -1.09411068e-01  3.62810165e-01
 -2.64246255e-01 -8.35572705e-02 -2.95901120e-01 -2.40361542e-02
  3.47061008e-02 -8.50954205e-02 -7.33255371e-02  3.49632986e-02
  1.17514692e-01 -6.84721991e-02  9.64797288e-02 -3.60476896e-02
  8.88836235e-02  6.12297729e-02 -6.97622448e-02 -4.90247011e-02
  9.38890204e-02  6.51310980e-02  1.21573232e-01  4.34354246e-02
 -7.54340040e-03  1.37605667e-01  1.22083493e-01  9.80338268e-03
  5.37705980e-03  1.55811369e-01  2.35636964e-01  7.82093406e-02
  8.51126611e-02  1.28667474e-01 -1.72008201e-02 -1.03702858e-01
 -2.83090174e-02 -3.85178953e-01 -6.51699305e-02  7.87195489e-02
  1.21095806e-01 -3.81388292e-02  1.34740815e-01  2.64140248e-01
 -2.41208941e-01 -1.46293759e-01  5.80371693e-02 -1.51178390e-01
  3.01053554e-01  3.49134691e-02 -1.47113353e-01 -1.04636826e-01
 -6.42248988e-02 -6.98140934e-02  2.50059128e-01 -2.21289843e-02
  1.11846207e-03 -1.81917936e-01  9.29579660e-02  1.72903582e-01]