http://erau.edu/ontology/meme.owl#ListenHereYouLittleShitMeme
[-1.18220195e-01 -2.49084443e-01  9.28566232e-02 -7.54045546e-02
  4.30850573e-02  1.26311388e-02  1.92217156e-01 -2.31772475e-02
  5.44426776e-02 -1.37232646e-01  1.93498164e-01 -1.27066910e-01
  4.64213490e-02 -6.57458380e-02 -1.68794110e-01 -3.97055075e-02
 -4.92697768e-02  2.18555048e-01  7.63949454e-02  1.12465397e-01
 -1.17679127e-01  1.52577847e-01  1.27317220e-01 -9.51410532e-02
  1.46467492e-01  2.09918573e-01  1.52952135e-01 -1.21211044e-01
  3.41715157e-01  2.16102842e-02 -1.38085661e-02  6.55883551e-02
  7.93846846e-02 -1.28757864e-01 -1.45567209e-01  2.85090029e-01
 -7.67919943e-02  1.03487656e-01 -6.77248137e-03 -3.14612627e-01
 -2.65410729e-02  2.66813964e-01 -2.21516356e-01 -9.78604108e-02
  1.19251378e-01  1.86444148e-02  6.24394007e-02 -5.95987365e-02
 -7.61810737e-03  1.48149803e-01  1.07910044e-01 -1.32604897e-01
 -1.87681153e-01 -9.26569700e-02  5.45936450e-02 -1.70720115e-01
  6.70797825e-02 -1.90910622e-01  1.42332390e-01  6.48692697e-02
 -1.42941058e-01 -2.86557555e-01  1.71025500e-01  2.36707121e-01
 -3.45767409e-01 -2.41652101e-01 -8.72160569e-02 -1.75737962e-01
 -1.63268209e-01 -2.55577981e-01 -1.15725249e-01  1.66897580e-01
  3.92537899e-02 -1.97726768e-03  9.25824866e-02  1.33868963e-01
 -2.66294032e-01  3.94257605e-02  2.98267931e-01  5.71073443e-02
 -6.74045235e-02 -6.13818355e-02 -1.32674918e-01 -3.57369363e-01
  1.47181705e-01 -9.26603600e-02  1.15304831e-02  6.96770474e-02
  2.21993878e-01 -2.90551148e-02 -2.08746627e-01 -4.31989968e-01
  2.55157381e-01 -9.68248323e-02 -1.26979113e-01 -1.19903786e-02
  6.04147874e-02  8.34223330e-02  4.76935953e-02  2.74010096e-02
  1.72028914e-01  1.50874704e-01  3.85465354e-01 -7.85179511e-02
  3.41654122e-02 -7.84076229e-02  4.81515467e-01 -7.64120668e-02
  2.47148075e-03 -2.14897767e-01 -1.57868311e-01  6.39888495e-02
 -1.27415597e-01 -9.90092680e-02  1.15093954e-01  1.45820305e-01
 -4.22698081e-01 -2.42644325e-01  9.12969410e-02  3.87568735e-02
  2.33135056e-02 -1.81219697e-01 -3.76405381e-02  2.94943769e-02
  2.82440009e-03 -1.50744682e-02 -6.33709058e-02  1.49700940e-02
  7.93641955e-02 -1.50243357e-01 -1.79879099e-01  1.47578064e-02
 -4.67065312e-02 -1.18623979e-01 -1.93011165e-02  1.08509660e-01
 -1.38542607e-01 -5.71506619e-02 -1.00363910e-01 -4.52779047e-02
 -2.31652975e-01 -5.75031787e-02  5.18290848e-02  4.65406068e-02
  9.77411196e-02 -1.95261404e-01  7.30504170e-02 -9.54281613e-02
 -2.53558072e-04  2.26062864e-01  6.28075972e-02 -1.02113232e-01
  3.07060238e-02 -1.01091422e-01 -1.30332872e-01  7.40920659e-03
 -1.81075439e-01  2.86542207e-01  5.55363335e-02 -8.11469853e-02
  1.28147349e-01 -2.62544870e-01 -1.53029576e-01  7.94676878e-03
 -2.29858324e-01 -2.19532147e-01 -7.58793578e-02  1.29361302e-01
 -2.75925905e-01  7.29762837e-02  3.40037346e-02  2.84651518e-01
  4.13590789e-01  2.87310481e-01 -1.55665770e-01 -1.48328289e-01
 -3.18303220e-02 -9.24664438e-02  2.82118320e-01 -1.60809234e-01
 -1.83585137e-01  4.73955385e-02  2.00196385e-01 -1.48182940e-02
 -8.80909413e-02 -9.64559242e-02 -1.27938678e-02  8.76264572e-02
  2.55804747e-01 -9.44892988e-02 -6.31210208e-03 -7.21513703e-02
 -2.76926428e-01  2.85154954e-02  1.93424523e-02 -1.65856034e-02
  1.40299007e-01  1.99662119e-01 -5.44837117e-03  1.36478916e-01
  1.64790154e-01 -7.15791509e-02  1.63734794e-01 -1.28492519e-01
 -7.08230510e-02 -5.98642826e-02  5.08408733e-02 -2.71098316e-02
  2.37260580e-01  1.04507849e-01  2.41402879e-01 -5.69260456e-02
  4.05876823e-02 -2.03959927e-01  2.10078806e-01 -1.51267862e-02
 -1.07435875e-01 -8.84620473e-02  8.04524198e-02  2.11189017e-01
  2.59110361e-01  2.24103063e-01 -1.60422102e-01  1.07350193e-01
 -1.19420715e-01 -1.11779056e-01 -1.42368406e-01  1.80949946e-03
 -5.32160737e-02 -5.62411807e-02  2.27021035e-02 -1.48657039e-01
 -1.92665532e-01 -7.83851445e-02  3.23933363e-02  2.34771315e-02
  2.20483709e-02 -3.21170054e-02  1.02702036e-01 -5.36666065e-02
 -5.84398545e-02  2.53665801e-02  5.19286878e-02  3.62909250e-02
 -2.11530581e-01 -1.44839454e-02 -2.55127579e-01  6.24660216e-02
 -1.55490309e-01 -2.19044829e-04  9.79740694e-02  3.60843688e-02
  1.26230195e-01 -4.64807861e-02  2.92126387e-01 -4.47671115e-02
  5.51965684e-02  6.75721020e-02 -1.48616567e-01  1.44754484e-01
 -2.45002821e-01 -1.25408903e-01 -4.08832133e-02  1.49191199e-02
 -1.28966466e-01 -9.94382426e-02  2.80803353e-01  9.91338491e-03
  1.39560655e-01  5.42501779e-03  4.68998868e-03 -2.19370067e-01
 -1.65567100e-01  1.94982931e-01  1.41800046e-01 -1.42988816e-01
  1.82234228e-01 -1.08305467e-02 -9.37845185e-02 -2.80775428e-02
  3.97130698e-02  1.31857619e-02 -6.60667717e-02 -1.04857996e-01
 -4.45542969e-02  1.38745338e-01 -2.02671617e-01 -1.46378065e-02
 -1.00922257e-01 -1.18884079e-01  6.60852790e-02  1.10338159e-01
  1.66932598e-01 -1.34503871e-01 -5.28089749e-03  8.37367103e-02
  2.66951859e-01 -4.26663123e-02 -1.55994862e-01 -3.15263927e-01
 -9.71364975e-02 -1.70568869e-01  7.85453543e-02  1.36153296e-01
 -6.94341883e-02 -5.91998100e-02  3.09172034e-01 -8.67245644e-02
  1.76211089e-01 -8.73428211e-03  8.06618184e-02 -3.31463754e-01
 -1.37837147e-02 -2.42358539e-03  6.29846705e-03  5.70698716e-02
  3.69821931e-03  8.60179514e-02  1.35000288e-01 -1.30783036e-01
  1.73570007e-01 -2.02949271e-01  2.43220955e-01  2.19408825e-01
  1.00440674e-01 -3.58208269e-02 -3.69829684e-01 -1.58026740e-01
  2.07089275e-01  3.48847881e-02 -3.41867954e-02  2.01578029e-02
  2.44808704e-01 -5.67656718e-02  1.35280401e-01 -1.58794954e-01
  9.52745751e-02  1.20151609e-01 -4.78889719e-02  1.64485738e-01
 -4.86199893e-02  4.76320572e-02  8.21273103e-02  5.93958423e-02
 -9.81321856e-02  6.53913245e-02 -2.23910809e-02 -3.10689071e-03
 -2.13526301e-02 -8.34668875e-02 -7.01776519e-02  1.20859072e-01
 -2.84795433e-01  1.41620889e-01 -2.83255965e-01  7.29324818e-02
  9.06032547e-02 -3.54937576e-02  1.97681412e-01  1.19193375e-01
 -5.97502245e-03  1.20483793e-01 -5.43590821e-02 -1.23627536e-01
  6.37898669e-02 -1.37194768e-01  1.74650047e-02 -1.63381603e-02
  1.33725693e-02  8.93069655e-02 -7.95273781e-02  2.14061923e-02
 -2.78693229e-01 -9.29722041e-02  2.77235005e-02  6.13042936e-02
 -1.44247383e-01 -5.53580187e-02 -2.73371693e-02 -1.40529394e-01
  1.76956505e-02  2.14686245e-01 -9.61849093e-02 -7.04631954e-02
  2.13369265e-01 -1.20905742e-01  3.82547826e-02  1.73216015e-01
 -1.48786753e-02  2.16323100e-02 -2.35589206e-01  1.38514459e-01
  4.05348279e-03  1.50145948e-01  5.77310007e-03 -1.88214868e-01
  1.26934946e-01  5.62817939e-02  1.21902056e-01 -1.06170155e-01
 -3.48483734e-02  9.36647877e-02  9.13205668e-02  4.93018180e-02
  3.80776897e-02 -3.51939462e-02 -1.25991274e-02  1.48308594e-02
  1.46903187e-01 -1.41841313e-02  2.41127655e-01 -1.68420404e-01
 -1.25535831e-01 -1.04062438e-01 -3.54434401e-02 -4.50062640e-02
 -1.35337561e-01 -1.19920701e-01  5.09544834e-02  2.97580697e-02
  1.85396820e-01 -1.78993642e-01 -1.12326615e-01  1.88978389e-01
 -1.67165622e-02 -2.11037695e-01 -1.57131642e-01 -1.58686697e-01
  2.41519511e-01 -2.08562925e-01  1.27323851e-01  3.23916316e-01
  1.77930579e-01  1.19229071e-01  1.10197641e-01  2.80303270e-01
  7.30362013e-02 -7.49403909e-02  5.86227439e-02  9.72025916e-02
  7.20260441e-02  6.66184276e-02 -1.69944644e-01  3.75844717e-01
 -4.24016148e-01 -7.49233216e-02 -2.25531414e-01 -2.13148490e-01
 -1.14308164e-01  2.25976020e-01 -1.82789436e-03 -1.24057904e-02
  2.37924203e-01 -8.18415582e-02  1.77606151e-01  6.08889312e-02
  1.74784027e-02 -1.24624170e-01  4.14942652e-02  1.79695208e-02
  6.00824915e-02  7.20149577e-02  1.15315415e-01 -1.08088642e-01
  1.45020173e-03  2.22854406e-01 -1.15600824e-01 -9.92741063e-02
  4.75726686e-02 -8.74214545e-02  9.83185172e-02 -1.02075659e-01
  6.76832497e-02  1.80133149e-01 -3.57590094e-02 -1.91231728e-01
  5.09568565e-02 -2.37654760e-01 -1.22535788e-02  6.71261922e-02
  7.75280818e-02  3.23189721e-02 -1.75243244e-01  2.41841435e-01
 -2.71200597e-01 -2.63841510e-01 -3.31323259e-02 -3.45201120e-02
 -3.17330798e-03  1.86110198e-01 -4.44172733e-02  7.48643950e-02
  6.46721199e-02  1.57252029e-01  1.81057334e-01  1.98109243e-02
 -1.29380360e-01 -3.38021517e-02  5.60278036e-02  2.54316270e-01]