http://erau.edu/ontology/meme.owl#RiseoftheBraveTangledDragonsMeme
[-1.37278497e-01 -1.28558129e-01  2.32257973e-02 -3.75631452e-02
  5.49282432e-02  1.08174004e-01  1.26401842e-01  4.63815480e-02
 -7.35479519e-02 -1.95741164e-03  1.00534923e-01 -1.02187045e-01
  1.50117474e-02 -9.21450183e-02 -1.43239960e-01  3.85587104e-02
  8.77810046e-02  5.17418087e-02 -1.18118878e-02 -4.43938700e-03
 -2.20200107e-01  4.71736677e-02  8.97761285e-02 -1.13050126e-01
  1.85643762e-01 -8.14458355e-02  9.80052445e-03 -1.16199955e-01
  1.71836138e-01  6.38119876e-02  8.20019692e-02  4.03692536e-02
  5.80320880e-02 -1.24422766e-01 -7.53582567e-02  2.28610158e-01
  2.81800870e-02  1.41429901e-01 -1.41683385e-01 -1.52713850e-01
  7.73517191e-02  1.47483826e-01 -1.88314512e-01 -9.07056183e-02
  2.47236732e-02  1.08925126e-01  2.41925865e-02 -5.46557866e-02
  5.95895760e-02  1.64458901e-02  6.33204430e-02  8.03403482e-02
 -4.07028906e-02 -1.47959396e-01 -2.35077530e-01  1.81297846e-02
  1.00041784e-01 -2.17122301e-01  1.66216493e-01  9.73591134e-02
  7.32673779e-02 -1.05478048e-01  1.46602258e-01  7.91797414e-02
 -8.64698216e-02 -3.53674106e-02  1.54158041e-01 -5.84951555e-03
 -3.25017720e-02 -6.85454831e-02  1.93146262e-02  1.61397323e-01
  1.70295700e-01  7.65952654e-03  1.52719822e-02  1.44223839e-01
 -7.43276700e-02  7.70455003e-02  2.54321862e-02  2.21907813e-02
 -4.98715751e-02 -2.16567352e-01 -6.90991357e-02 -2.33064160e-01
  8.30732137e-02 -1.45634800e-01 -1.63726695e-02  1.39240660e-02
  8.26037526e-02 -5.68470955e-02 -1.01067061e-02 -1.03837036e-01
  1.07151948e-01  3.62635851e-02 -1.43130720e-01  2.63258740e-02
 -1.64407231e-02 -2.17622817e-02 -5.39185777e-02 -4.66081500e-03
  7.32259899e-02  1.11006219e-02  2.56214976e-01 -8.42606183e-03
  5.45160286e-03  1.18356712e-01  9.98982638e-02  2.65740491e-02
  4.44160327e-02  6.21565729e-02 -1.16847917e-01  2.75027119e-02
 -1.23579893e-02 -1.11533314e-01  9.86436158e-02 -8.24457780e-02
 -2.63134778e-01 -2.06726223e-01 -7.84859359e-02  1.42114431e-01
  2.60838047e-02  6.88598258e-03 -9.85205472e-02  9.95043591e-02
 -4.84441919e-03 -1.57721728e-01  8.24729800e-02  6.71862215e-02
  1.11493573e-01  2.55310368e-02 -1.01402596e-01 -1.91733018e-02
  8.59706923e-02 -8.07415843e-02 -7.50850514e-02  8.42260346e-02
  9.04900581e-03  3.79298292e-02 -1.33949369e-01  2.71164719e-02
 -1.70060754e-01  6.75745457e-02  1.70466192e-02  3.42497863e-02
  2.02006891e-01 -1.68653935e-01  6.87032863e-02 -4.63240407e-02
  1.88277271e-02  1.02105111e-01 -5.23393154e-02 -5.46517745e-02
 -3.79561223e-02 -6.94145411e-02 -5.38885891e-02  9.97720733e-02
 -1.81840718e-01  4.20412049e-02  4.55186889e-02 -9.07656252e-02
  5.61732054e-02 -1.57341510e-02  1.75974853e-02 -1.36043469e-03
 -2.52306551e-01 -1.59337655e-01 -7.83793256e-02  2.10810065e-01
 -1.59454390e-01  1.28784999e-01  4.66430858e-02  2.11545840e-01
  1.67053297e-01  1.60239473e-01  1.05991540e-02 -7.43953213e-02
  2.87860613e-02 -5.13746552e-02  4.98340912e-02  2.32909266e-02
 -1.19103156e-01  5.39617799e-02  9.00190696e-02 -7.79863968e-02
 -6.08877614e-02  7.28710517e-02 -6.87244441e-03  4.68240902e-02
  1.07933119e-01 -6.99371323e-02  3.71099189e-02  4.21562716e-02
 -7.83306584e-02 -6.38430268e-02  4.80504669e-02  1.89133175e-02
  1.09728418e-01  5.73113598e-02  4.11446653e-02 -2.59530973e-02
 -4.77812029e-02  2.24209744e-02  3.44480090e-02  6.42187521e-02
 -4.96057793e-02 -1.73305020e-01  2.54504085e-02 -5.06570227e-02
  8.07830691e-02  1.11125968e-01  3.24426442e-02  1.02703078e-02
 -3.95774916e-02 -1.76715493e-01  8.40936974e-02 -1.47939529e-02
 -1.35230675e-01  1.28255114e-02  2.02850536e-01  9.15388018e-02
  2.61408668e-02  7.46405423e-02 -1.41575083e-01 -2.87358705e-02
  5.22394143e-02  6.60359040e-02 -1.58746138e-01 -1.34357745e-02
  5.45144081e-02 -1.17250076e-02  7.12625729e-03 -1.21855233e-02
 -1.36861891e-01 -1.82502180e-01  4.03506868e-02  3.24209146e-02
 -2.56538875e-02 -1.87983647e-01 -4.67534736e-03 -1.37170345e-01
  7.53950141e-03 -4.71734852e-02 -3.41808796e-02 -9.86556616e-03
 -1.66927531e-01 -4.69261371e-02 -9.05392244e-02 -9.31692794e-02
 -4.32080589e-02  3.84115241e-02  5.01194298e-02  1.09330349e-01
  1.16964310e-01  9.09229890e-02  1.15397289e-01 -4.81795333e-02
 -5.75430244e-02  1.46151567e-02  3.71923856e-02 -1.88854039e-02
 -1.15578368e-01 -1.88046068e-01  3.71033847e-02 -1.09395169e-01
 -6.83952868e-02 -2.50830561e-01 -2.47269087e-02  3.77035774e-02
  7.10794851e-02 -5.88112324e-02 -1.13168702e-01 -6.19735047e-02
  1.05496489e-01  1.25439856e-02  1.64851964e-01  9.45057198e-02
  8.25426131e-02 -1.26826987e-01 -1.06554031e-01 -9.50945914e-03
  2.45447740e-01  4.85193320e-02 -2.38687992e-02 -1.75387651e-01
 -1.48666143e-01  5.75554259e-02  3.96798216e-02 -8.95341411e-02
  2.94946227e-03  2.75751716e-03  1.43824797e-02 -2.66998470e-01
  6.26418367e-02 -1.70748472e-01 -3.57859931e-03  1.41991433e-02
  1.81911364e-02 -8.25520381e-02 -1.10370666e-01 -1.47475779e-01
 -2.23249748e-01 -9.99991503e-03 -7.90929794e-02  1.03793412e-01
  3.50076705e-02 -5.91157675e-02  1.00669883e-01 -1.38319299e-01
 -1.22816302e-01  1.08761825e-01  2.14188993e-01 -2.23677143e-01
 -5.07188961e-02  4.66228090e-02 -3.57977226e-02  5.45496941e-02
 -8.26466307e-02  4.76176888e-02  1.58546995e-02 -6.13456732e-03
  7.69548416e-02 -1.03535712e-01  1.72222197e-01  2.34216377e-01
 -3.27897258e-02  6.90604374e-02 -7.45113716e-02 -3.05981319e-02
  8.56908113e-02 -1.14177928e-05  2.37264819e-02  2.42893267e-02
  2.26582587e-03 -3.80461253e-02 -1.31321847e-01 -2.73091614e-01
  1.02457903e-01  6.78003579e-02  1.36916535e-02  5.50082810e-02
  3.56906913e-02 -1.40246525e-02  1.07038975e-01 -1.82512403e-02
 -3.12411841e-02 -7.03431740e-02 -5.51993325e-02  1.04673572e-01
 -2.77789943e-02 -7.57270381e-02 -4.15452942e-02 -3.55477966e-02
 -1.41525462e-01  9.50183347e-02 -3.11747819e-01  5.93302734e-02
  3.34522612e-02 -7.26754442e-02  2.84616083e-01 -9.71881151e-02
 -5.15665449e-02  2.91585494e-02 -6.27331436e-02 -6.54258281e-02
 -7.25189522e-02  4.32601571e-02 -8.34847614e-02  1.11041248e-01
 -1.60192568e-02 -5.69445193e-02  6.29897416e-02 -2.00452805e-02
 -6.48349226e-02  1.13325685e-01  2.39056870e-02 -4.36211377e-02
 -6.62972927e-02  7.20084235e-02 -4.53660339e-02  2.10013636e-03
  3.82043421e-03  1.24771357e-01 -5.01854755e-02 -9.73989442e-03
  1.91217536e-04  2.78176777e-02 -8.13345388e-02  2.89462805e-01
 -3.02577801e-02 -1.38322547e-01  6.80982098e-02  2.07664333e-02
 -5.59379235e-02  2.12920606e-01 -2.15674173e-02 -1.63133547e-01
  3.98243591e-02  2.51230579e-02  1.70814514e-01  4.54919264e-02
  1.69631913e-02 -1.83362171e-01  2.71289777e-02 -1.82489440e-01
 -1.14941455e-01  5.10712974e-02 -8.59528333e-02  2.42052183e-01
  1.29675016e-01  5.66451252e-02 -5.12709422e-03 -1.92006126e-01
 -1.35114625e-01 -6.06702901e-02  5.27026423e-04  1.03123449e-01
  8.16593468e-02 -8.35847259e-02  1.98441446e-02  8.09371918e-02
  8.53821561e-02  2.70965900e-02 -1.78287715e-01 -1.47694359e-02
 -5.26655689e-02 -1.17274188e-01 -8.90160426e-02  9.58049446e-02
  7.78446198e-02 -3.55284922e-02  3.59756462e-02  1.23833187e-01
 -1.20922960e-02 -1.23736329e-01  1.85411617e-01  1.46231830e-01
  6.55157566e-02 -1.25497982e-01  7.58855343e-02 -2.97334846e-02
  1.65010244e-01  1.09373845e-01 -4.10648175e-02  2.27375805e-01
 -1.46908298e-01  3.05748265e-02 -1.22620776e-01 -6.26726225e-02
  2.75604278e-02  3.93800298e-03  1.34731326e-02  1.49516106e-01
  1.20317094e-01 -1.57277763e-01  2.22888798e-01  5.79283535e-02
  8.65198821e-02  1.66695043e-02  6.90126270e-02  9.30767879e-03
  1.59085989e-01  1.80481210e-01  1.38873190e-01 -5.15480898e-02
 -2.16634050e-02  1.03311740e-01  9.50194150e-03 -1.38248667e-01
 -1.17397159e-01 -3.21681565e-03  1.93178102e-01  1.28703956e-02
  2.26207480e-01  1.40122309e-01  4.51102555e-02 -1.80144697e-01
  8.05972368e-02 -1.08369894e-01 -4.74136416e-03  1.25537038e-01
  5.39537445e-02 -3.70530859e-02 -7.57920519e-02  2.15347469e-01
 -8.79216939e-02 -1.12887658e-01 -1.32999480e-01  1.35904166e-03
  5.87021410e-02 -2.60270946e-03 -8.25757980e-02 -2.64079478e-02
  1.75707340e-02  4.55909893e-02  9.33973193e-02  8.90702531e-02
  4.57297005e-02  3.84728052e-02  1.23576156e-03  8.42915028e-02]