http://erau.edu/ontology/meme.owl#HipsterDisneyVillainsMeme
[-0.03904146 -0.15326943  0.02723405  0.14063701  0.03166365  0.02440705
  0.11116189  0.03607929  0.01595014  0.01215941  0.16134048 -0.14770266
 -0.04585116 -0.02863972 -0.10236214  0.04700617 -0.08024406  0.04148671
 -0.06770457  0.22253938 -0.06000347  0.06388574  0.20479354 -0.21115267
 -0.00621361 -0.01947109  0.07420055 -0.04304855  0.28156826  0.08072302
  0.06004437  0.14771074  0.17095807 -0.04293248 -0.03220552  0.06760085
 -0.07618091  0.06045837 -0.0043175  -0.1760292  -0.01338408  0.12356165
 -0.04674722 -0.1287559   0.0681735   0.0753443   0.05395283  0.02962549
  0.0034606   0.04159398  0.03469356 -0.07786161 -0.03306601 -0.05767686
  0.02103511 -0.0213111  -0.03645607 -0.14329554  0.04502601  0.00933774
  0.03188896 -0.17698628  0.09708315  0.1198999  -0.2646399  -0.12181754
 -0.0023899  -0.05054531 -0.01732514 -0.19412579 -0.07651788  0.02452065
  0.06417885  0.04960804  0.00167178  0.04905484 -0.11684082  0.10949633
  0.12196464 -0.00469064  0.00889213 -0.05580631 -0.06659836 -0.18101189
 -0.03182984 -0.07738576 -0.04887153  0.02581128  0.06446797  0.03023674
 -0.03796683 -0.21024065  0.09660133 -0.04257715 -0.08618168 -0.03510812
 -0.07507111  0.09347469  0.03786922  0.0370538   0.0046126   0.00210901
  0.26090625 -0.04527703  0.07778561 -0.03223341  0.19373277 -0.03962285
  0.01469208 -0.14198479 -0.08261507  0.163232   -0.03514025 -0.11725178
  0.04261322  0.03607644 -0.27880013 -0.02152639  0.06784658 -0.02347414
 -0.06977039 -0.06557262 -0.05932566  0.02937302  0.00813295 -0.01831115
 -0.03223127 -0.03765987 -0.03867066 -0.0782221  -0.11118311 -0.01321859
  0.02295759 -0.0460506  -0.12077422  0.05195842  0.02651461 -0.01299878
 -0.12044381 -0.01364729 -0.09645119  0.01932869  0.03564125  0.02957485
  0.00601729 -0.20794666  0.04183954  0.00036309  0.10365497  0.01081874
  0.11774506 -0.07719601  0.04989892 -0.05223184 -0.02890494 -0.06151473
 -0.11776558  0.11673383  0.00290716 -0.06198362  0.05345015 -0.19116889
  0.00042561  0.05015907 -0.16016361 -0.00889353 -0.13782635  0.15467112
 -0.20907594  0.16448161  0.14354883  0.2600412   0.23906219  0.18810332
 -0.04810039 -0.05276041  0.03621821 -0.04682805  0.08880411 -0.06014919
 -0.01267138  0.07347888  0.01911731 -0.01820003  0.00219898  0.01716992
  0.0969151   0.01766943 -0.01267423 -0.12998891  0.01702402  0.06843018
 -0.22181259 -0.02435436 -0.09713996 -0.07331533  0.11522738  0.21467964
 -0.00899245  0.03743804  0.04005896 -0.09274811  0.15909679 -0.1155064
 -0.09062291 -0.19389158 -0.03159825 -0.01486814  0.12553449  0.16425082
  0.17232478  0.11127035  0.02023421 -0.1596428   0.14155698  0.11562651
 -0.21637438 -0.00818978  0.19021383  0.00242517  0.25275612  0.17300776
 -0.12650608 -0.04779984 -0.02084998 -0.08634598 -0.18269245 -0.07059515
 -0.10212636  0.0106079  -0.01013643  0.03285052 -0.13919534 -0.12053953
 -0.06378935 -0.08752475 -0.03338507 -0.04219865  0.08906903 -0.04962564
 -0.00971061  0.04055275  0.06709967  0.03170035 -0.28783768 -0.16356388
 -0.17523788 -0.0227905  -0.08854428  0.01911947 -0.00500245  0.16733742
  0.14159675  0.08623469  0.27572075 -0.16833058 -0.05302237 -0.0917993
  0.0005919  -0.01777915 -0.06683482 -0.11766691 -0.11003206 -0.13166015
  0.01388806 -0.1326374   0.04270623  0.03009332  0.08165588  0.05329324
 -0.01526891 -0.15360294 -0.12050577  0.21278685  0.16619782 -0.03839895
  0.16242301 -0.07875011 -0.12137473  0.04472287  0.05443434 -0.10742045
 -0.07004779 -0.00471749 -0.09282923  0.039238   -0.14566642 -0.06093346
 -0.05573016 -0.12141486  0.08973539  0.06797928 -0.02353627  0.01951099
  0.02324076 -0.05785186  0.18550488  0.08000769 -0.16418663 -0.19887671
 -0.18511546 -0.01861275  0.02474064  0.04994917  0.02015611 -0.09779969
  0.13684718 -0.05636939 -0.07106429  0.08546975  0.16440529 -0.22465017
 -0.04604118 -0.06882001 -0.00349594  0.04341919  0.09725193  0.07450072
 -0.00896201 -0.03516602  0.11928536 -0.15981224  0.13518648  0.10349569
  0.09653647 -0.06866447 -0.12933591 -0.08673481  0.06040173 -0.02576285
 -0.03168893  0.02056331  0.01543804 -0.01893776  0.03645999 -0.29919884
  0.08645333  0.20501444 -0.17782803 -0.07634413  0.05219548  0.14431092
  0.01186862  0.08711251 -0.10166613  0.06806158  0.00234307  0.0844412
 -0.00518937 -0.10515488  0.01637584  0.09789052 -0.04995178  0.21737768
 -0.16209504  0.13659205  0.05831924 -0.04125284  0.18456766  0.00513072
 -0.0379477   0.12926555  0.01601964 -0.1449591   0.02596874  0.00599457
  0.0079614   0.07009102 -0.09586213 -0.04373194 -0.10104951  0.0484836
 -0.26882812  0.02944276  0.13432482  0.03081346 -0.1518739  -0.01773838
 -0.10486969 -0.11058703  0.09616945  0.1566874  -0.10642432 -0.1337531
  0.14871542 -0.05379369 -0.0914882  -0.00544651 -0.07213101 -0.14447726
 -0.06629544  0.1035348  -0.03032993  0.23580232 -0.16264491 -0.12961872
  0.05765348  0.03446427 -0.05805736 -0.06996184 -0.00688959 -0.12249774
  0.07493442 -0.09673444  0.02836693 -0.07102345 -0.0085052   0.30471757
  0.18689376 -0.07755414  0.08631988 -0.20017466 -0.13064629  0.05005459
 -0.21303436 -0.00482961 -0.14163716 -0.20446117 -0.00636682  0.17266117
  0.13506217  0.00833133 -0.21891075  0.14140727 -0.01248787 -0.06847677
 -0.15594624  0.0252198   0.19223039 -0.15492979 -0.07216954  0.25403434
  0.10254155  0.00332378  0.19394647  0.25391418  0.02533111 -0.18721305
  0.08249018  0.11590927  0.09293931  0.02655235 -0.14971898  0.3335555
 -0.28293157 -0.1666047  -0.23431505 -0.09726605 -0.0009277   0.18716323
  0.03552645  0.21007422  0.24257202 -0.08017314  0.3148556   0.05572413
  0.1337369  -0.01200504  0.06209009  0.00598027  0.11304631  0.06299917
  0.05476264 -0.08421663 -0.00784997  0.26689136 -0.1793647   0.0069818
 -0.03004801  0.03038128  0.29341796 -0.10641243  0.15584695  0.2785906
  0.07619201 -0.0021938   0.14419995 -0.16172853 -0.06197196  0.12264515
  0.06914987  0.08748426 -0.13430819  0.21579322 -0.11411995 -0.23293063
  0.01581348 -0.00469403  0.03731174  0.11078954 -0.14795138 -0.0443547
  0.03836503  0.17039786  0.02768293 -0.08820251 -0.11246588 -0.11961047
  0.10094897  0.04628181]