http://erau.edu/ontology/meme.owl#HattenrdinthehatisyoursMeme
[ 0.03860065 -0.14098895  0.05334951 -0.01806442  0.00046478 -0.03169819
  0.15678227  0.02191263  0.02251014  0.01527826  0.11603862 -0.0685592
  0.1509827   0.11205703 -0.1104911  -0.17119768 -0.11777957  0.13386095
 -0.08271078  0.00294279 -0.23543496  0.08267357  0.00259069 -0.02971898
 -0.02197074  0.07368922  0.06880952 -0.07459535  0.16768692 -0.01318162
  0.00614927  0.08499788  0.15814912 -0.11428251 -0.00190916  0.23374549
  0.07859101  0.09499104  0.00853488 -0.10552185 -0.04704712  0.15306349
 -0.18324916 -0.10601279  0.08418431  0.00813786  0.14855483 -0.06833684
  0.01365804  0.00052484  0.08604922 -0.04932215  0.03496161 -0.14855535
 -0.26374727 -0.19998059  0.01907335 -0.22890596  0.17257382  0.0246889
 -0.11022326 -0.15933706  0.15474306  0.04316577 -0.15540361 -0.11681042
 -0.07644247 -0.07425059 -0.09313673 -0.2171704   0.08935663  0.06707168
  0.15171935 -0.00373821  0.06737378  0.04367982 -0.24211355 -0.18073113
  0.22465613 -0.00808753 -0.02080881 -0.06187024 -0.12894292 -0.28012756
  0.09402759  0.01072851 -0.06071749  0.01194169  0.01450537  0.01413671
 -0.01835483 -0.22897138  0.12776989  0.01205532 -0.1756862  -0.01069477
  0.01124713 -0.08163455 -0.07330597  0.01947958  0.08431011  0.09284756
  0.1203648  -0.12341845 -0.10126437  0.08026654  0.2010051  -0.06490447
 -0.05337428 -0.12824215 -0.10218845 -0.04736933 -0.08348669  0.00049692
  0.12205023 -0.01413585 -0.2333952  -0.18709952  0.11828034  0.160878
  0.05259506 -0.00706469  0.0445774   0.01769453  0.0230951   0.01951947
 -0.01165097 -0.10040978  0.00473298 -0.0933937  -0.2856487  -0.10977287
  0.09572036 -0.04277728  0.01554323  0.10507255 -0.10780703 -0.02028429
 -0.05268872  0.16269773 -0.1929273  -0.01832891  0.11719783  0.0887178
  0.213477   -0.11201303 -0.06010162  0.02206571 -0.12105759 -0.03258471
  0.18908723  0.05583819 -0.03306809 -0.11713934 -0.05810007 -0.00384965
 -0.14249913  0.1981993   0.1321852  -0.11840723  0.14205363  0.06956687
  0.01801362 -0.01337308 -0.32344592 -0.12450335  0.05210516  0.19122162
 -0.20664322  0.11495939  0.12061048  0.07665724  0.37180883  0.26938114
 -0.02640502 -0.04981488 -0.01432161  0.05361607  0.12651587  0.07875635
 -0.22439946  0.08389719  0.02060658 -0.18630719  0.00414394  0.1269571
 -0.04861967  0.04817392  0.04989884 -0.00763846 -0.01689704  0.0580672
 -0.22768092 -0.07975118 -0.06397483  0.01660236 -0.02014871  0.30616543
 -0.05956998  0.04466444 -0.01011128 -0.0824767   0.04716687 -0.08003786
 -0.10065032 -0.17855975 -0.09686509 -0.12380254  0.2880426   0.09302991
  0.2090478   0.10561353 -0.03168264 -0.1048176   0.0974744  -0.05286195
 -0.03727112 -0.02580539  0.06785623  0.13249707  0.2709038   0.28384814
 -0.03167989  0.09425355  0.0780553  -0.08767338 -0.1856561  -0.05140819
  0.02405841  0.02049761 -0.02269062 -0.04037046 -0.13668786 -0.03622953
 -0.16209224  0.0924299   0.03217585 -0.07624339  0.12048868 -0.0921081
 -0.05086755  0.01976351 -0.04963657 -0.05902548 -0.15861025 -0.07004587
 -0.11593776 -0.09472416 -0.00542314  0.18122578  0.1155853   0.1500774
  0.09782066 -0.16041376  0.22731832 -0.03615701 -0.01438066  0.04154778
 -0.08210836  0.08688245 -0.2445339  -0.20888199 -0.00845936 -0.17781538
 -0.07984822 -0.24682164  0.28370622  0.11471553  0.19726904 -0.01303288
 -0.08635153 -0.2426428   0.01443137  0.05709926  0.16418637 -0.15592709
  0.15071975 -0.00681029 -0.04005656 -0.0839524   0.07645337  0.1274357
 -0.04187933 -0.04797128 -0.03691554  0.08717478 -0.13582408 -0.00223126
 -0.05076502 -0.05996102  0.16210994 -0.11049095  0.06438449 -0.2399894
 -0.06527585 -0.08781374  0.24221085  0.10312052 -0.14931978 -0.22461216
 -0.24971035 -0.05378575 -0.08435337  0.00709528 -0.06992402  0.04262319
  0.18148796  0.03192408  0.07808072 -0.0215279   0.16179393 -0.0706292
 -0.07489963  0.01892859 -0.06308842  0.07338237 -0.00991819 -0.00826988
  0.05871125 -0.14588253  0.06257658 -0.02114389  0.18286906  0.11532702
  0.09825747 -0.02712073 -0.15221925 -0.07556971  0.11254258  0.00191793
 -0.00691214 -0.03833988  0.02033794 -0.09431379  0.09731667 -0.22951406
  0.09633611  0.15236339 -0.04922956 -0.02316004 -0.01979272  0.05584431
  0.01151846 -0.04357884  0.06397693  0.00729194  0.04010602  0.0361461
 -0.03765529 -0.1647492  -0.03694979  0.10838997 -0.09960467 -0.00457761
 -0.21862927  0.01896238  0.13128676  0.09260029  0.2701721   0.01951085
 -0.11004253  0.11599412 -0.0895135  -0.0513792   0.00427106 -0.20601518
 -0.05248259  0.12944485  0.01140217  0.04992106 -0.11904589  0.03722633
 -0.1828462   0.10031114  0.00202514 -0.04351243 -0.00144769 -0.0199463
 -0.10904656 -0.03249463  0.03688176  0.24793643 -0.13155475 -0.12743497
  0.1193785  -0.00690642  0.07439124  0.08589059 -0.02224132  0.07377917
 -0.03841382  0.04970555  0.02951186  0.10936878 -0.01057351 -0.14109582
  0.01779169  0.11316358  0.04408986 -0.09623155 -0.01580387 -0.11263122
 -0.08016425  0.07700153  0.11251074 -0.07242316 -0.01720163  0.06139318
  0.07998737  0.04106599  0.15322089 -0.14990118 -0.12442964 -0.06835585
 -0.02903847 -0.00842983 -0.03791879 -0.07277557  0.00389557  0.09664232
  0.0670587  -0.04013306 -0.075617    0.00572831 -0.07802202 -0.12731814
 -0.1121245   0.07867403  0.15732634 -0.11719365  0.04845023  0.1373023
  0.08728198  0.0120864   0.27649808  0.24475326  0.07063769 -0.18919732
  0.00237422  0.14803346  0.10072847  0.07716201 -0.02139509  0.23639797
 -0.13608956 -0.02117146 -0.18839459 -0.15684116 -0.03946524  0.16132432
 -0.06367736  0.03042772  0.11179706 -0.02561649  0.21549869  0.0044799
  0.09577782 -0.08727481  0.08899752 -0.03026974  0.0547656   0.16898625
  0.08172365 -0.09433513  0.07569822  0.21065478 -0.04738594 -0.013106
  0.04507043 -0.04326524  0.11803753 -0.09341331  0.16598737  0.059372
  0.04535355 -0.14953172  0.00252468 -0.2003352  -0.02435815  0.10220506
  0.06904636  0.16280478 -0.10913908  0.1860694  -0.12047641 -0.18975134
  0.07824183 -0.12432706  0.16226548  0.11600998 -0.03521562  0.06931362
  0.01380348  0.23204248  0.07103268 -0.10333757 -0.00180278  0.09580748
  0.03508484 -0.01016295]