http://erau.edu/ontology/meme.owl#HoutouYeahMeme
[-1.42314330e-01 -1.58886194e-01  4.74934988e-02 -3.99567792e-03
  2.46017659e-03  1.68448061e-01  2.58219391e-01  1.54035538e-01
 -5.56609370e-02 -3.90451178e-02  1.00016236e-01 -9.72215533e-02
 -5.91724403e-02 -1.08213931e-01 -1.56329066e-01  1.57123700e-01
  1.04821362e-01  1.26189411e-01  4.46933359e-02  1.32006511e-01
 -2.52088219e-01  2.35849395e-02  8.55150670e-02 -1.14995785e-01
  1.94780201e-01 -6.89375699e-02  5.24376868e-04 -2.42843896e-01
  1.89495653e-01  1.15551479e-01  4.35201339e-02  1.12220831e-01
  1.25076070e-01 -1.47272915e-01 -5.54803424e-02  2.28980318e-01
 -5.56724519e-02  1.08121127e-01 -4.98855859e-02 -1.99979439e-01
  9.46710333e-02  2.40453973e-01 -1.53018177e-01 -6.55021816e-02
  5.60759716e-02  9.57002044e-02  3.30075137e-02 -2.87814415e-03
  7.42103308e-02  4.70634699e-02  8.54848474e-02  5.73803037e-02
 -1.18887067e-01 -6.36955872e-02 -1.37065768e-01 -3.93930748e-02
  4.20204103e-02 -9.18966606e-02  9.78945047e-02  9.41593051e-02
  5.22508174e-02 -1.29238144e-01  1.92160860e-01 -3.26381996e-02
 -1.36408508e-01 -1.25872135e-01 -1.53898392e-02 -4.04477194e-02
 -1.35261593e-02 -1.76341981e-01 -8.52636695e-02  7.14578256e-02
  1.84797838e-01  1.03786558e-01 -3.89765389e-02  1.75306723e-01
 -6.92766011e-02  7.36754462e-02  1.01365566e-01  4.38884348e-02
 -4.09290008e-02 -2.52071053e-01 -4.81499285e-02 -1.09906875e-01
 -1.41724723e-03 -2.16720149e-01 -7.06798583e-02 -3.09149940e-02
  8.55497494e-02 -7.90424049e-02  3.05930851e-03 -2.65109122e-01
  1.15886420e-01 -9.35420510e-04 -5.33032566e-02  8.66114497e-02
 -5.25898766e-03  3.19933593e-02  2.01499332e-02 -1.73101872e-01
  4.55030724e-02  1.35510517e-02  3.32810760e-01 -1.12857722e-01
  1.39585078e-01  6.13206662e-02  1.52486607e-01 -1.21865697e-01
  3.26619186e-02  2.84897070e-02 -3.79481260e-03  5.49392030e-02
 -1.32590368e-01 -9.73683298e-02  3.65488343e-02  1.20140091e-01
 -2.37604290e-01 -3.08061272e-01  4.30944860e-02  5.84888011e-02
 -8.28746781e-02  2.56449450e-02 -4.01780903e-02  1.31375313e-01
 -1.85879916e-02 -2.03624919e-01  7.16503859e-02 -3.85536589e-02
  2.68756859e-02 -2.29942426e-02 -2.00581715e-01 -2.30074879e-02
  1.06488578e-02 -2.54135653e-02 -4.38259766e-02  3.56053077e-02
  7.41964206e-02 -6.69549853e-02 -1.27296016e-01  3.58609445e-02
 -2.56051093e-01 -2.60844249e-02 -1.08054001e-02  9.88820940e-02
  2.37391368e-01 -1.31305963e-01  2.32498478e-02 -1.04562983e-01
 -1.50192445e-02  1.82666212e-01  4.50457120e-03 -1.15071483e-01
 -8.27078149e-02 -9.47243646e-02 -5.38515002e-02  7.17067048e-02
 -2.39097789e-01  1.04728423e-01  1.06724858e-01 -9.41843763e-02
  2.33615730e-02 -2.21491814e-01 -4.54480983e-02 -1.27869412e-01
 -9.11142528e-02 -1.35144114e-01 -1.50874570e-01  7.88900107e-02
 -2.28358701e-01  1.44348219e-01 -9.11457650e-03  2.00393543e-01
  1.50756180e-01  1.37693584e-01  3.33893448e-02 -1.42871097e-01
 -7.79540539e-02 -7.34988898e-02  1.15021273e-01 -3.73802446e-02
 -1.29331246e-01  1.65748760e-01  1.20534286e-01 -3.39814238e-02
 -1.05068542e-01  1.67309325e-02  4.50815633e-02  3.31295729e-02
  2.20614165e-01  2.71839992e-04  6.38412833e-02  6.32039905e-02
 -2.01935217e-01 -3.96764353e-02 -4.34088847e-03 -5.46953268e-03
  7.49149546e-02  1.08820707e-01 -1.28844813e-01 -6.41631186e-02
 -1.53260154e-03  9.29918662e-02  1.57664329e-01 -7.52351880e-02
 -1.32862970e-01 -2.76739210e-01  1.11080132e-01 -6.79778010e-02
  9.76141542e-02  1.36475876e-01  2.94040650e-01  1.56126633e-01
 -1.13044739e-01 -1.40789092e-01  2.07531363e-01 -8.83406997e-02
 -9.15238634e-02 -1.26617447e-01  1.78951040e-01  1.29098564e-01
  2.45403320e-01  1.32157296e-01 -1.46702856e-01 -1.09619452e-02
 -4.56817634e-03 -6.25208467e-02 -1.73704639e-01 -1.13911614e-01
  8.50875303e-02 -2.77538672e-02  1.32562548e-01 -7.99246728e-02
 -4.76681478e-02 -1.22108050e-01  1.13336705e-01  9.31810886e-02
 -1.24914669e-01  7.15958923e-02  6.05517253e-02 -5.47088347e-02
  3.97649594e-02 -2.38749795e-02  5.54483645e-02  2.92778835e-02
 -1.96091771e-01 -6.58432906e-03 -1.91125616e-01 -2.42548762e-03
 -1.44270271e-01  1.59449130e-01  7.53350258e-02  6.99552894e-02
  5.51911518e-02  7.75486231e-02  9.36700329e-02 -5.89562468e-02
 -6.09136894e-02 -7.17455521e-02  5.11084683e-02  4.12104204e-02
  4.09972994e-03 -1.60520881e-01  4.99288440e-02 -4.66403812e-02
 -8.40205252e-02 -1.54803187e-01 -1.03843212e-01  4.43084240e-02
  1.39149651e-01 -1.13567337e-01 -5.57120424e-03 -1.14710182e-01
  3.86832319e-02  2.15167236e-02  2.15277493e-01  5.15065938e-02
  1.14091493e-01 -1.10144302e-01 -2.31470894e-02  1.43899232e-01
  1.85789526e-01  5.01354896e-02 -5.13891317e-02 -1.97939023e-01
 -1.72344089e-01 -2.92072399e-03  7.56333233e-04 -9.81747955e-02
  3.35659296e-03 -6.93202093e-02  5.76608069e-02 -7.30754361e-02
  1.45985903e-02 -2.20048830e-01  1.24782221e-02  7.26784617e-02
  1.23326175e-01 -8.18503872e-02  4.83153015e-03 -1.88422889e-01
 -2.51690507e-01  5.95573820e-02 -2.86119189e-02  1.25790471e-02
 -3.45636308e-02 -5.64366393e-02  1.14780635e-01 -1.54821604e-01
 -5.53192273e-02  2.11403027e-01  1.50276303e-01 -1.69888407e-01
  6.94358125e-02  1.68544695e-01 -4.69325706e-02  6.73261881e-02
 -7.72583932e-02 -2.38533784e-02  1.13039322e-01 -6.87905774e-02
  3.58302221e-02 -1.99733570e-01  1.07638076e-01  1.05339624e-01
 -9.16764662e-02  1.46671414e-01 -1.37120888e-01  7.69504979e-02
  7.75167942e-02 -2.90203141e-03  3.68528999e-02  1.08517557e-01
  8.38594958e-02 -8.02799612e-02 -1.58580124e-01 -7.42968023e-02
  4.34525870e-02  7.86537081e-02 -1.13410868e-01  8.66085738e-02
  8.17353204e-02  8.23232904e-02 -2.08641831e-02 -3.99942212e-02
  9.35922191e-03 -4.23397087e-02 -1.84671983e-01  7.94052556e-02
  3.78060415e-02 -1.50095895e-01 -6.52710954e-03  1.86580606e-02
 -1.30844206e-01  1.06215000e-01 -2.60143787e-01  3.14720604e-03
 -6.46149367e-02 -1.42288908e-01  2.33887926e-01 -5.16605191e-03
 -1.43985048e-01 -3.10263783e-02 -6.82861218e-03 -2.10449733e-02
  8.23549554e-03 -1.10828586e-01 -1.14919350e-01  8.52581784e-02
 -3.02791912e-02  7.41767213e-02  1.93495769e-02  4.16459255e-02
 -1.56295449e-01  5.40233478e-02  1.25414482e-03 -1.52865157e-01
 -1.90572828e-01  3.16607417e-03  2.72164475e-02 -3.97547074e-02
  9.78807826e-03  2.05069929e-01 -1.09454319e-01 -4.48418036e-02
  8.08219165e-02  5.68990149e-02 -2.59193718e-01  1.56108961e-01
 -8.00317079e-02 -6.31864816e-02 -7.33515769e-02  1.23845927e-01
 -5.39364591e-02  1.69983193e-01 -1.43341094e-01 -2.22713143e-01
 -7.03785717e-02  6.69410899e-02  2.70096719e-01  7.54654184e-02
  5.84978014e-02 -1.25454918e-01  1.34674786e-02 -1.16864868e-01
 -1.47593796e-01  5.89788035e-02 -5.53309023e-02  1.08584069e-01
  1.48127779e-01  1.58957511e-01  3.39518562e-02 -1.96366295e-01
 -1.53926656e-01 -5.57812713e-02  1.32941887e-01 -1.25419989e-01
 -3.22257704e-03 -9.03173238e-02  2.87008360e-02  1.14552118e-01
  2.01274585e-02 -5.09310775e-02 -1.01136990e-01  3.54859158e-02
 -4.41522673e-02 -1.33016139e-01  1.57865509e-03  1.57756045e-01
  1.36216760e-01 -1.29633740e-01  7.75789469e-02  2.11510688e-01
  4.97231223e-02 -1.16520464e-01  2.21923187e-01  1.18696488e-01
  3.22889760e-02 -9.84373242e-02  1.25960661e-02  9.23787504e-02
  1.22932509e-01  1.35285050e-01 -1.25041455e-01  3.04285586e-01
 -2.47474357e-01  3.34729142e-02 -1.73163787e-01 -1.39463782e-01
  1.64021831e-02  9.08257961e-02  7.97332749e-02  8.88484716e-02
  1.60764262e-01 -4.75968607e-02  3.21154147e-01 -2.54588760e-03
  1.46339834e-01  7.11101294e-02  6.17671534e-02  6.62203059e-02
  1.26374468e-01  2.22579315e-01  1.74267575e-01 -7.59904906e-02
 -4.10785191e-02  8.02959800e-02 -2.88035404e-02 -7.09282532e-02
 -1.53596681e-02  9.87547338e-02  2.53905267e-01 -1.29598482e-02
  2.71610916e-01  1.60410151e-01  5.72844082e-03 -4.45775054e-02
  7.90839121e-02 -1.79768011e-01 -5.63735887e-02  1.25782534e-01
  5.99727109e-02 -5.67346215e-02 -9.63140503e-02  3.93821597e-01
 -1.09425306e-01 -2.48847201e-01  3.13688070e-02 -1.51279151e-01
  1.48864239e-01  4.70951423e-02 -1.28386781e-01 -3.29582468e-02
  1.13600842e-03  2.74968073e-02  1.78767815e-01 -5.29695302e-04
  1.82874575e-02 -5.72005380e-03  8.17343742e-02  2.02813745e-01]