http://erau.edu/ontology/meme.owl#DadJokeDogMeme
[-8.89831409e-02 -1.63622126e-01 -6.75323009e-02  4.80170287e-02
  1.25509903e-01  1.17181785e-01  1.46189833e-03  6.79715723e-02
 -1.18766166e-02  7.26761296e-03 -1.69016868e-02 -1.27691418e-01
 -8.62239972e-02 -1.86462268e-01 -7.76576102e-02  2.79440228e-02
  7.27625713e-02 -6.96600303e-02  5.14072552e-02  2.48182677e-02
 -1.94522455e-01 -5.60438214e-03 -1.12716770e-02 -1.06641412e-01
  1.70092702e-01  8.44730157e-03  4.41837385e-02 -7.95789361e-02
  2.17740551e-01  2.66706526e-01 -5.28362058e-02 -8.32729042e-03
  9.32606608e-02 -3.05639356e-02 -6.28869385e-02  1.09719194e-01
  6.37613609e-02  7.63880759e-02 -1.25902399e-01 -8.23397115e-02
  2.61695951e-01  1.57779798e-01 -2.13989671e-02  6.27356470e-02
  4.16323245e-02  6.63438886e-02  1.73723027e-02 -1.91553593e-01
  1.51285648e-01 -8.15107673e-03 -9.44674537e-02  8.56643245e-02
 -2.43435856e-02 -1.52205586e-01 -1.36921942e-01 -9.32057574e-02
  4.87514809e-02  2.21464951e-02  2.59821177e-01  1.70620065e-02
  1.02874070e-01 -3.43831070e-02  8.13294500e-02  3.62038724e-02
 -8.33465531e-02 -4.11508977e-02  2.76050419e-02 -7.74656907e-02
  1.81505941e-02 -1.99898794e-01 -5.74769266e-02 -8.54462907e-02
  9.57346782e-02 -2.20752284e-02  6.08608983e-02  7.29939416e-02
 -1.44901603e-01 -4.36244644e-02  2.25323886e-02 -3.91864032e-02
 -8.16898569e-02 -2.42094040e-01  3.76853645e-02 -6.61215931e-02
  3.20080183e-02 -1.86282545e-01 -5.54347523e-02 -1.38325589e-02
  4.13111486e-02  8.55830833e-02  1.37214940e-02 -1.81855813e-01
  5.13924137e-02 -8.27471614e-02 -7.73604661e-02  1.01500511e-01
  2.06139702e-02  9.04437620e-03  6.78216666e-02 -1.57919347e-01
  8.96212682e-02  9.63877216e-02  2.84301341e-01 -6.43737316e-02
  6.66869879e-02  1.21062078e-01  7.83349425e-02 -1.42171875e-01
 -7.14448392e-02 -3.17422627e-03 -1.14906065e-01  6.52754009e-02
 -7.34698679e-03 -1.18211925e-01  1.55273452e-01  3.17789949e-02
 -3.59620422e-01 -3.35776359e-01 -1.01298764e-01  1.61114886e-01
 -4.08162288e-02  3.70726623e-02 -5.49790375e-02  8.80389363e-02
 -6.74205869e-02 -1.64401248e-01  3.79512459e-02 -7.57452175e-02
 -4.94538620e-02  4.81711254e-02 -1.64712667e-01 -4.80789095e-02
  5.53604439e-02 -5.30963130e-02 -1.59831420e-01  7.22569227e-02
  3.73709039e-03  4.78542817e-04 -2.29197934e-01  8.63571838e-03
 -2.59058118e-01  1.11961275e-01 -9.05115977e-02 -6.05377257e-02
  2.80313939e-01 -1.87294573e-01 -4.95027713e-02  5.87603226e-02
 -1.40369609e-01  2.20436789e-02 -1.36192227e-02 -1.66020244e-01
 -4.93980981e-02 -4.16820273e-02  1.68521702e-01  1.80561393e-01
 -2.06922293e-01  1.19696455e-02  9.30566937e-02 -1.84258461e-01
  1.03870481e-01 -2.13544145e-01  9.20206606e-02 -7.93333277e-02
 -2.08784908e-01  5.48102409e-02 -1.54406279e-01  2.68521905e-01
 -2.77512640e-01  2.14914992e-01  8.75670090e-02  1.95908695e-01
  1.42663643e-01  1.40624717e-01  7.17931464e-02  1.83245763e-02
 -5.92404753e-02 -1.65039822e-02  8.87840986e-02 -8.81162286e-02
 -1.69188067e-01  1.94428623e-01 -3.65332514e-02  4.06255685e-02
 -1.55805543e-01  1.21479876e-01  1.34229707e-03  7.51573741e-02
  1.69396639e-01  4.54705469e-02  1.48992002e-01  1.71387300e-01
 -1.94270402e-01 -4.81411144e-02  2.21134219e-02 -2.43737944e-03
  9.36580971e-02  1.67655777e-02  6.11931980e-02 -1.11909015e-02
 -4.59896103e-02 -7.52064213e-02  8.68748054e-02 -4.10400219e-02
 -2.26304442e-01 -2.53848642e-01  1.15597337e-01 -1.33646488e-01
 -5.10023162e-02  8.34020749e-02  1.52305618e-01  1.80933625e-01
 -6.61578849e-02 -1.73783571e-01  1.63060158e-01  4.61024716e-02
 -1.03831179e-01 -5.03859706e-02  2.58522063e-01  1.68892369e-02
  2.75134683e-01  2.77302545e-02 -2.11264402e-01 -4.23418917e-02
  1.08648188e-01 -9.97167453e-02 -2.44760260e-01  1.86206643e-02
 -5.24423197e-02  4.95224185e-02  8.55142325e-02  7.17926100e-02
 -5.97615838e-02 -2.82683820e-01 -2.31926050e-02 -5.19384034e-02
 -6.00693859e-02 -8.91459957e-02  3.87618057e-02 -1.50932699e-01
  8.91633704e-02 -1.01861902e-01  1.53032765e-02 -2.76944414e-02
 -3.49001378e-01 -5.90183921e-02 -2.13312715e-01  3.80574800e-02
 -5.45775369e-02 -3.89819779e-03  8.32426026e-02  1.12708002e-01
  8.03571641e-02  1.77345350e-01  1.77763328e-01  4.45162393e-02
 -1.40671343e-01 -4.77398140e-03  1.78725570e-01  9.31603238e-02
 -4.36272509e-02 -2.41875559e-01  2.29467992e-02 -2.12307841e-01
 -6.11629002e-02 -2.88915873e-01 -2.20551670e-01  1.30657047e-01
  6.06301948e-02 -1.89166710e-01 -1.39512390e-01 -1.63010195e-01
  4.78848233e-04  1.19679049e-01  1.38656348e-01  9.89802852e-02
  6.85772896e-02 -1.74205050e-01 -9.73061845e-02  1.76648684e-02
  3.02231640e-01 -2.24615242e-02 -2.11936925e-02 -6.99677989e-02
 -1.78756684e-01  8.30674842e-02 -9.73695666e-02  5.53893819e-02
  3.98533754e-02  3.46289314e-02  2.22494316e-04 -1.60842612e-01
  1.21496610e-01 -4.88770902e-02 -2.62654964e-02 -4.20225374e-02
  2.91902409e-03 -1.27004191e-01 -2.31998637e-01 -1.70166209e-01
 -3.64324540e-01  5.80476746e-02 -1.28570139e-01  6.45264313e-02
  5.10279834e-02  6.23777322e-02  7.49488100e-02 -7.07908720e-02
 -2.25722250e-02  2.60501415e-01  2.10370123e-01 -1.66945949e-01
  1.35907652e-02  9.93356928e-02  6.26229644e-02  7.22755566e-02
 -7.99319670e-02  1.19833365e-01  2.38629673e-02 -9.38046910e-03
  6.15842082e-02 -5.64734004e-02  2.51774371e-01  8.83352757e-02
 -7.53505528e-02  1.67403996e-01  2.99825333e-03  7.05778003e-02
  3.83104682e-02 -1.74410138e-02  9.72325131e-02  3.47678363e-02
  6.00148849e-02 -1.70908585e-01 -1.73421502e-01 -2.13327557e-01
  5.12127690e-02 -8.56204610e-03 -8.62586573e-02  1.17269345e-01
  5.70048280e-02  1.47293983e-02  6.55738637e-02  3.12959328e-02
 -2.86288969e-02 -9.29317921e-02 -3.29585909e-03  9.64644030e-02
 -8.86476338e-02 -9.79634523e-02 -4.41525914e-02 -1.21406808e-01
 -8.71182084e-02  2.25288555e-01 -2.04663604e-01  1.02234930e-01
  9.39251035e-02 -1.38955072e-01  3.02966028e-01 -1.83347642e-01
 -1.23041354e-01  9.71085951e-03  9.76408180e-03 -3.25155258e-02
 -6.33860305e-02  9.99386702e-03 -1.32330686e-01  3.03390641e-02
 -9.18519795e-02  4.11562137e-02 -4.94843051e-02 -4.98609841e-02
 -2.42399454e-01  1.91916883e-01  5.46697788e-02 -9.18945149e-02
 -1.02065206e-01 -1.33488392e-02 -1.12083137e-01 -1.59522772e-01
  1.49194479e-01  1.83184117e-01 -1.44147292e-01 -2.19533384e-01
  9.53104421e-02  9.53157470e-02 -7.03066662e-02  1.11948945e-01
  1.14210978e-01 -1.98680565e-01 -1.21281534e-01  2.79961918e-02
  1.41485427e-02  6.88235601e-03 -2.18042061e-01 -1.10398725e-01
 -1.68808959e-02  8.95297676e-02  8.69417116e-02 -1.04842428e-02
 -2.51865797e-02 -1.81924962e-02 -1.42039239e-01 -1.33260474e-01
 -1.47106573e-01  3.32578644e-02  2.80236900e-02  1.88567922e-01
  1.98960409e-01  2.66338158e-02  1.23844258e-01 -2.34867558e-01
 -1.44775212e-01 -3.03703733e-02 -4.96243052e-02  1.07916623e-01
 -6.45494014e-02 -6.62774220e-02  2.84181698e-03  1.12033419e-01
 -1.18687497e-02  1.17136806e-01 -4.11363780e-01  4.34027612e-02
 -2.95031276e-02 -1.33623093e-01 -9.03002396e-02  2.62759775e-01
  2.06900269e-01 -6.13548793e-02  2.47139409e-02  3.06966305e-01
 -1.03035262e-02 -1.30266011e-01  2.44492561e-01  2.27730528e-01
 -1.39611974e-01 -4.54351977e-02 -2.85597425e-02  5.75074442e-02
  2.72758752e-01  6.10034317e-02  1.30581632e-02  3.41060549e-01
 -1.20336287e-01 -5.37541956e-02 -2.39908189e-01 -2.14602202e-01
 -1.14306659e-02  2.14539260e-01  1.39074832e-01  2.13486120e-01
  9.27731544e-02 -1.08711667e-01  3.15221727e-01 -5.99054508e-02
  8.20191279e-02  4.00257483e-02  1.24673046e-01 -7.32807443e-02
  2.03734428e-01  1.61457628e-01  8.35263506e-02 -3.00963558e-02
 -1.62664905e-01  4.37116064e-02 -1.78736791e-01 -6.18421286e-02
 -4.61417995e-02  1.19651802e-01  9.70193744e-02  9.76631418e-02
  2.12709308e-01  1.68171957e-01  8.00270289e-02 -7.26977810e-02
  5.72491884e-02 -8.97558033e-02 -2.21236367e-02 -1.26963584e-02
 -1.15280703e-01 -5.22138691e-03 -1.03123240e-01  2.52592504e-01
 -1.74806453e-02 -1.87220752e-01 -5.95089681e-02 -3.19129340e-02
  5.03094830e-02 -2.81894710e-02 -2.50008196e-01 -8.68789777e-02
  3.78643302e-03 -1.12515926e-01  1.20539173e-01  1.37135135e-02
 -1.27437517e-01  7.15139806e-02  1.35398388e-01  1.67626292e-01]