http://erau.edu/ontology/meme.owl#EllenDeGeneresOscarSelfieMeme
[-1.29930660e-01 -1.88837215e-01 -4.72459302e-04  3.39301191e-02
 -5.77593371e-02  6.00819141e-02  1.13566957e-01  1.24921106e-01
  6.15360588e-02 -3.04527152e-02  5.18328659e-02 -1.16209380e-01
  5.93234524e-02 -8.21374729e-02  2.69527808e-02  4.23917621e-02
  4.10294980e-02  6.90957531e-03  4.46733870e-02  1.13938875e-01
 -1.92111552e-01  7.66135007e-02  8.32853764e-02 -1.78428859e-01
  1.56982064e-01 -1.89468935e-02  4.65923212e-02 -9.95833874e-02
  2.35159382e-01  1.95784241e-01  3.15715149e-02  6.16539158e-02
 -4.12812307e-02 -9.73488912e-02 -4.70463559e-02  1.48045540e-01
 -9.81564820e-03  9.05752927e-02 -8.65607858e-02 -1.20709248e-01
  4.77081127e-02  1.42818898e-01 -9.15644169e-02  2.16824375e-02
  1.33306488e-01  3.78019921e-02 -8.94979574e-03 -5.21185622e-02
  4.45758216e-02  7.44652227e-02  5.12786992e-02  1.84907913e-02
 -3.09931375e-02 -1.42016292e-01 -6.50014952e-02 -4.02401350e-02
  6.90345764e-02 -7.60522764e-03  1.54133141e-01  4.30545770e-02
 -4.59962972e-02 -3.38572711e-02  5.51906675e-02  4.30490002e-02
 -7.90203437e-02 -1.84244961e-02  3.29663269e-02  3.52654932e-03
 -7.65432939e-02 -1.49663180e-01 -1.57380998e-01  8.24592188e-02
  1.08992010e-01  1.55121610e-02  8.84347595e-03  1.31256998e-01
 -1.01278745e-01  8.42716768e-02  5.95264882e-02  4.60002571e-02
 -1.10721640e-01 -4.44567017e-02 -6.39696047e-03 -1.90154493e-01
  1.45342806e-02 -8.86440277e-02 -1.21031962e-01  1.19796492e-01
  4.54157889e-02 -1.17169786e-02  5.43682203e-02 -1.37992531e-01
  1.38529733e-01 -8.26731175e-02 -5.48280291e-02  1.11525007e-01
 -2.05913763e-02  1.31902201e-02 -5.43027371e-02 -1.29260018e-01
  6.46542609e-02 -1.31763490e-02  2.55591273e-01 -1.11729264e-01
 -8.26541241e-03  2.24029645e-03  6.41959980e-02  1.43613219e-02
 -6.42809644e-02 -7.71773234e-02  3.45875584e-02  7.70684658e-03
 -1.64726764e-01 -1.23496257e-01  4.57432307e-02  8.95261765e-02
 -2.89016426e-01 -1.61407247e-01  7.23898411e-03  9.12977681e-02
  7.22136023e-03 -7.37867132e-02 -5.58227263e-02  1.04771003e-01
  9.89910960e-02 -1.59617871e-01  5.28680421e-02 -2.21704412e-02
 -4.24991287e-02  9.17686597e-02 -1.67350248e-01 -1.28658852e-02
  8.30828324e-02 -7.53646642e-02 -1.52655765e-01  5.45166656e-02
 -1.84031706e-02 -7.52213001e-02 -1.52747512e-01  1.04546532e-01
 -2.81632543e-01 -1.62868779e-02  6.46672305e-03  1.78699903e-02
  1.33866057e-01 -2.30095297e-01  6.47373348e-02 -1.35489956e-01
 -3.41959335e-02  1.25183627e-01 -3.69631387e-02 -7.74550289e-02
  3.35069969e-02  9.79748890e-02 -3.96855175e-02  6.43960610e-02
 -9.06901658e-02  1.82087794e-01  5.18940799e-02 -9.47136730e-02
  3.78337353e-02 -6.38608709e-02  8.53646100e-02 -3.11775096e-02
 -1.31565943e-01 -1.47596091e-01 -4.57335897e-02  5.90676069e-02
 -2.59755433e-01  1.76753297e-01  3.80984992e-02  1.74019054e-01
  1.35412082e-01  1.19596168e-01 -3.43662985e-02  1.00230658e-03
 -1.02368496e-01 -7.66363218e-02  6.05082288e-02  1.59804467e-02
 -4.03054990e-02  1.55665860e-01 -4.03809585e-02  4.64030206e-02
 -4.98671383e-02  3.44727561e-02  4.28394340e-02 -1.23330590e-03
  1.69426486e-01 -5.09678870e-02  8.70187879e-02  8.20325781e-03
 -2.36727580e-01 -4.09402587e-02 -3.63158248e-02  8.82797688e-02
  4.47190888e-02  1.63595125e-01  1.14999467e-03 -6.74724355e-02
 -3.36817615e-02 -1.95733886e-02  3.55594978e-02 -1.12854600e-01
 -1.01809561e-01 -2.40888953e-01 -2.06879135e-02 -4.98630852e-02
 -3.68942730e-02  8.79521444e-02  1.59599990e-01  1.20243438e-01
  5.50775614e-04 -7.79930428e-02  5.46343289e-02  2.63231769e-02
 -2.10140496e-01 -1.10868648e-01  7.94452652e-02  5.08119389e-02
  1.70800641e-01  2.38798205e-02 -9.91046801e-02 -3.60710062e-02
  2.23354399e-02  5.22670224e-02 -2.05380768e-01 -1.12042287e-02
 -3.69322412e-02  4.69023027e-02  7.27532059e-02  1.00365043e-01
 -9.25115123e-02 -5.30690216e-02 -9.48327873e-03  5.79632260e-03
 -4.22331989e-02 -7.74933919e-02  9.34889242e-02 -1.11006536e-01
  5.09731546e-02 -5.87965660e-02  4.90850136e-02 -6.05192594e-02
 -1.60791472e-01 -4.07402658e-05 -1.40755713e-01 -9.53960344e-02
 -2.80442555e-03 -7.77539015e-02  6.40191585e-02 -3.97437885e-02
  1.30203202e-01  9.87928510e-02  1.06138617e-01 -4.84932549e-02
 -7.77785704e-02 -2.73405164e-02  6.83575422e-02  8.12855512e-02
 -2.01567002e-02 -9.64458957e-02  2.04293374e-02 -8.88338238e-02
 -2.47312579e-02 -2.38748267e-01 -1.05984293e-01 -1.21559100e-02
  6.81355074e-02 -9.50522646e-02 -3.24393362e-02 -2.09995806e-02
 -4.27275971e-02  1.30088672e-01  8.61053318e-02 -4.12525423e-02
  5.50778620e-02 -7.93042183e-02 -6.62656426e-02  3.67017984e-02
  1.42143920e-01  5.08831479e-02  1.94110610e-02 -8.20696801e-02
 -2.02451974e-01 -2.08553541e-02  2.24443641e-03  1.24321943e-02
  5.00516407e-02 -8.40172395e-02 -2.15203199e-03 -1.17775299e-01
  5.12207160e-03  2.04598419e-02  5.72204366e-02 -4.74192463e-02
  4.99674566e-02  2.18331125e-02 -1.32493064e-01 -8.74296948e-02
 -2.49893919e-01  3.45866978e-02  8.65579769e-03  1.03462882e-01
  7.13402182e-02  1.65962172e-03  1.42979249e-01 -4.18076999e-02
 -5.56934141e-02  7.79087096e-02  1.73932299e-01 -1.68071657e-01
 -1.94781497e-02  9.32903886e-02  6.86415378e-03  6.34093210e-02
 -8.55165068e-03  4.32368703e-02 -3.13973450e-03 -2.26853304e-02
  8.97444114e-02 -1.90938741e-01  1.64835706e-01  1.39642909e-01
 -4.43474241e-02 -1.71874594e-02 -1.21922672e-01  1.78007986e-02
  2.64596716e-02 -8.67931694e-02 -1.61797944e-02 -3.74298892e-03
  4.62533832e-02 -8.46867934e-02 -1.12403095e-01 -2.51306862e-01
  8.15612301e-02  9.03053507e-02 -6.41913339e-02 -9.95420851e-03
  1.79503765e-02  7.46012777e-02 -2.57682689e-02  2.49201730e-02
 -1.30152777e-01 -1.51946833e-02 -2.14769170e-02  7.18479976e-02
 -1.04142547e-01 -1.08379737e-01 -4.85876352e-02  1.27914082e-02
 -9.43196639e-02  1.67837009e-01 -1.47116750e-01  1.38961360e-01
  3.12141925e-02 -1.16314583e-01  1.94760516e-01 -5.49262427e-02
 -1.45247310e-01  1.03471689e-01 -4.14902531e-03 -1.53527092e-02
  8.23451299e-03 -4.66070184e-03 -1.40090302e-01  6.28445372e-02
 -2.92335376e-02  3.15796658e-02 -3.75744551e-02  2.71099564e-02
 -2.36384615e-01  1.16037324e-01  1.01703897e-01 -8.13715607e-02
 -9.93637368e-02  6.99276328e-02 -6.86991662e-02 -4.67021316e-02
  2.32905205e-02  1.54004529e-01 -5.52098267e-02 -1.01547420e-01
  1.00624852e-01 -1.06548190e-01 -1.13487862e-01  1.54459596e-01
 -1.70766503e-01 -1.78832680e-01 -6.25146329e-02  1.07153296e-01
 -6.30639121e-02  2.79702157e-01 -9.71413180e-02 -2.32218921e-01
  2.56587379e-02  5.48702925e-02  2.43256316e-01 -1.15886465e-01
 -9.12442058e-02 -1.59950286e-01  1.32476911e-03 -3.07518095e-01
 -1.18588537e-01  3.81315239e-02 -2.91386675e-02  4.54801738e-01
  1.25048116e-01  1.26899108e-01  2.65907310e-02 -1.32316619e-01
 -2.10548297e-01 -1.75336227e-02 -6.82112798e-02  2.20078304e-02
 -6.49688765e-02 -5.98994568e-02 -1.69790406e-02  1.44550219e-01
  8.96694809e-02  7.63118491e-02 -1.70924619e-01  7.23050907e-02
 -1.34038844e-03 -1.49105623e-01 -7.14938194e-02  1.91761747e-01
  7.59200230e-02 -2.78401859e-02 -5.92807084e-02  2.44137168e-01
  4.85545658e-02 -1.56318396e-01  1.44188151e-01  1.80376887e-01
  7.39024207e-02 -7.97193497e-04  1.55440727e-02  6.36265501e-02
  8.93291682e-02  1.98882706e-02 -1.19610585e-01  2.90077835e-01
 -1.90177470e-01 -5.39635383e-02 -2.01803163e-01 -9.14206207e-02
 -7.82525241e-02  9.62280035e-02  1.26331329e-01  1.49109915e-01
  4.67138179e-02 -2.68310700e-02  1.58905670e-01 -5.42268194e-02
  5.52505925e-02  7.02966526e-02  1.06055088e-01 -5.72989024e-02
  1.95107907e-01  6.48422167e-02  1.04087017e-01 -1.31865680e-01
 -2.69564055e-02  1.27095714e-01 -5.67705296e-02 -1.43722728e-01
 -7.99137950e-02  2.59385351e-02  1.52037576e-01 -1.07828639e-02
  2.17600018e-01  1.40976459e-01  7.28733465e-02 -1.82549536e-01
  1.23960041e-01 -1.31359607e-01 -8.68974775e-02  6.53364658e-02
 -9.51149464e-02 -4.53277975e-02 -1.27604127e-01  2.93355227e-01
 -1.12780727e-01 -1.59208089e-01 -3.30229625e-02  3.95068005e-02
  7.51767755e-02  6.66240975e-02 -7.22757205e-02 -2.38396693e-02
  5.56500666e-02  1.82770621e-02  1.14519760e-01 -3.81034575e-02
 -7.12050572e-02 -7.49643296e-02  1.10968798e-02  5.17236739e-02]