http://erau.edu/ontology/meme.owl#AliouCissCelebrationGIFsMeme
[-2.03501746e-01 -1.23110868e-01  6.40075505e-02 -3.29841971e-02
  1.41514838e-02  6.67900499e-03  9.52774137e-02 -1.39359413e-02
  1.32221401e-01 -6.13898039e-02  3.99865881e-02 -8.47926885e-02
  8.90671089e-02  2.32595615e-02 -5.39903156e-02 -7.63513371e-02
  5.29115349e-02  9.16466638e-02 -9.10190586e-03  9.63210464e-02
 -7.70522133e-02  1.56121209e-01  1.12238817e-01 -1.21235318e-01
  1.28627062e-01  6.99271411e-02  8.13832954e-02 -7.92005137e-02
  2.55668789e-01  2.98137665e-02 -1.70803145e-02  5.84438741e-02
 -1.64759289e-02 -1.15489945e-01 -4.69336435e-02  2.13637486e-01
 -2.62753237e-02  6.31312057e-02 -4.21723314e-02 -6.97505400e-02
 -3.14657725e-02  1.04904205e-01 -1.97149813e-01 -9.80139989e-03
  3.13982293e-02  2.00356282e-02  2.70719882e-02 -3.36326398e-02
  1.19105484e-02  1.98343415e-02  6.12940341e-02 -6.17971383e-02
 -9.87989902e-02 -9.25000235e-02 -6.82503358e-02 -8.65002722e-02
  7.13854432e-02 -8.96098763e-02  1.87772021e-01  3.89732905e-02
 -5.66373207e-02 -8.39462578e-02  1.43500939e-01  1.71830535e-01
 -7.65855908e-02 -1.40740229e-02  1.00591360e-02 -7.49062002e-02
 -1.04815125e-01 -1.04955621e-01 -1.51215747e-01  1.21840522e-01
  1.30741477e-01  6.23224191e-02  4.57927445e-03  9.24020857e-02
 -1.30553737e-01  4.06484641e-02  9.71157178e-02  6.84586614e-02
 -8.29697624e-02 -8.15919116e-02 -1.67139724e-01 -2.13622376e-01
  7.26499930e-02 -4.35856506e-02 -1.82855725e-02  2.87189856e-02
  5.11942208e-02 -9.32187811e-02 -5.86525211e-03 -2.13720962e-01
  1.66126132e-01 -1.71577446e-02 -2.92120371e-02  9.24818963e-02
 -1.35031086e-03 -1.12510189e-01 -1.09719731e-01 -1.51858041e-02
  1.66130010e-02  2.38319673e-02  1.88080728e-01 -1.94895148e-01
 -7.59544894e-02 -2.32732110e-02  2.63749629e-01 -9.23009217e-03
  2.64411606e-02 -7.16052204e-02  1.28444629e-02  3.11914291e-02
 -9.11808088e-02 -1.22789741e-01  4.16905135e-02  6.14266284e-02
 -2.56067246e-01 -1.59353524e-01  4.34350744e-02  1.28936887e-01
  2.57702824e-02 -1.29981443e-01 -7.12307692e-02  9.66693833e-03
  1.51592821e-01 -2.66382769e-02  5.09628318e-02  1.53155196e-02
  1.22916251e-01  4.54276055e-02 -8.46866369e-02 -7.98003599e-02
  5.40733114e-02 -7.36449584e-02 -5.62459156e-02  1.76824182e-01
 -5.15213311e-02 -4.84032743e-02 -1.70843646e-01  5.76662160e-02
 -1.95333958e-01  4.40608114e-02  1.26398832e-01  7.08882436e-02
  9.19739455e-02 -1.53377950e-01  2.71246955e-03 -1.08591005e-01
 -6.66148588e-02  1.15716621e-01 -1.43830236e-02 -4.54298891e-02
  2.61183400e-02  8.59786011e-03 -1.23902760e-01 -3.84808797e-03
 -8.76710117e-02  2.28205442e-01  3.09303142e-02 -1.45374268e-01
  7.19055086e-02 -1.29983844e-02  7.55280536e-03 -2.67231595e-02
 -1.83751062e-01 -1.27555609e-01  8.99558067e-02  9.86663103e-02
 -1.82951748e-01  4.42258827e-02  7.57944733e-02  1.10742718e-01
  1.73768342e-01  1.58302084e-01 -1.08012140e-01 -3.45898382e-02
 -6.41817898e-02 -4.87052165e-02  1.09074377e-01  2.67041521e-03
 -1.11222930e-01  1.24761552e-01  6.42328151e-03 -2.87407674e-02
 -6.91232979e-02 -2.89421398e-02 -1.46250501e-02  8.16721842e-02
  1.35159373e-01 -6.30944222e-02  6.62649646e-02 -8.37562904e-02
 -2.18102008e-01 -1.16682634e-01 -2.12680586e-02  4.54390980e-02
  1.13821169e-02  1.75463900e-01 -4.15580869e-02 -1.12237846e-02
  1.38404611e-02 -3.93914618e-02  2.90896017e-02 -7.87282083e-03
 -8.15926194e-02 -1.82864383e-01 -3.62883210e-02 -3.03503051e-02
  1.13796271e-01  1.21025510e-01  1.39267191e-01  3.02843135e-02
  6.46786839e-02 -7.80618787e-02 -4.91925096e-03 -3.37628201e-02
 -1.14791229e-01 -7.20413551e-02  1.19703062e-01  1.21329263e-01
  1.07061714e-01  1.14947259e-01 -6.60602748e-02  2.92559750e-02
  7.76329031e-03 -6.12778310e-03 -8.35330263e-02 -3.96480151e-02
 -6.04448989e-02 -4.49763238e-02  5.99401854e-02  3.49852927e-02
 -1.12533085e-01 -1.53170198e-01  1.39920088e-02  6.90333918e-02
 -3.13932113e-02 -7.33756125e-02  7.63603970e-02  2.81075179e-03
  3.30521935e-03 -3.97271365e-02  3.67176682e-02 -1.10338956e-01
 -1.84228837e-01 -7.58479862e-03 -1.39741138e-01 -7.39319995e-02
 -4.69950251e-02  7.60608306e-03  6.93304986e-02 -4.36939076e-02
  1.55851886e-01  1.25531089e-02  1.97795451e-01 -6.52225316e-03
 -1.01906553e-01 -3.23328041e-02 -2.89829466e-02  3.02290022e-02
 -1.94426760e-01 -1.48939937e-01  2.64492501e-02 -3.61642577e-02
 -9.44359526e-02 -8.87834653e-02  7.06112534e-02  4.65644896e-02
  1.58790156e-01 -9.23274159e-02  1.53757846e-02 -7.58871809e-02
 -4.27106023e-02  6.98659047e-02  1.10780597e-01 -1.05430610e-01
  6.76463824e-03  2.42303908e-02 -9.94296968e-02 -4.44099307e-03
  1.00744916e-02  1.51642054e-01 -5.75915538e-02 -7.25366101e-02
 -9.21556279e-02  7.59825706e-02 -6.90940320e-02  4.82666045e-02
  4.59554046e-02 -1.47163302e-01 -1.03202518e-02 -1.81650251e-01
  4.21245694e-02 -6.66734427e-02  2.11766884e-02  6.80793151e-02
  1.41472518e-01 -1.13141537e-02 -1.02882363e-01 -1.02180764e-01
 -1.85614437e-01  3.88962770e-04  3.74935456e-02  4.55180779e-02
  1.84753519e-02 -2.44725123e-02  1.37142643e-01  4.26156726e-03
  4.73246649e-02 -2.12199669e-02  1.41284525e-01 -2.58983433e-01
 -5.01426496e-02  9.75564197e-02  4.60672900e-02  7.39198700e-02
 -5.23644872e-02  7.07451552e-02  6.37116060e-02 -1.42965496e-01
  8.81305113e-02 -2.17890158e-01  2.06958368e-01  2.16765538e-01
 -8.59430991e-03 -8.22075307e-02 -2.75363475e-01 -4.52196971e-02
  5.21564409e-02  3.06388978e-02  4.76736650e-02 -5.03869131e-02
  3.37777734e-02 -2.00393051e-03  4.77387756e-02 -2.07660988e-01
  8.85400772e-02  5.16599007e-02  3.77003029e-02  1.10092998e-01
 -2.36232590e-04  3.04325186e-02 -7.11695552e-02 -6.54641986e-02
 -1.76576883e-01  6.34120181e-02 -5.90252317e-02  4.47524339e-02
 -4.65701148e-02 -1.31055683e-01 -4.02644835e-02  1.00852765e-01
 -1.41872525e-01  9.91180837e-02 -1.80388764e-01  8.22155550e-02
  1.56234177e-02 -1.02740869e-01  1.90794274e-01  1.33211454e-02
 -4.57761921e-02  2.66542912e-01 -1.57796293e-01 -2.47688331e-02
  3.26066539e-02 -5.54200038e-02 -1.30018204e-01 -1.64834736e-03
 -3.25782709e-02 -1.29701067e-02 -9.18267202e-03 -7.47587159e-02
 -1.91317916e-01  4.92155142e-02 -1.54327857e-03 -5.05469702e-02
 -1.20017745e-01  6.78116456e-02 -7.59544671e-02  7.68096521e-02
  5.21828011e-02  2.47291118e-01 -1.31660223e-01 -4.28974256e-03
  8.21901634e-02 -1.96681544e-01 -3.63449492e-02  1.75930619e-01
 -1.23459853e-01 -1.11085504e-01 -3.18859816e-02  1.40034571e-01
 -1.06273383e-01  2.33622774e-01 -5.69084696e-02 -1.18697725e-01
  5.77871613e-02  7.19887912e-02  3.14313471e-01 -1.45352155e-01
 -7.36178607e-02 -1.70318231e-01 -1.67184323e-02 -2.20703840e-01
 -6.91440031e-02 -9.01803467e-03 -1.86178759e-02  2.79764950e-01
  1.32721394e-01  6.58545792e-02  1.83262706e-01 -1.58315390e-01
 -1.27987817e-01 -1.22970872e-01 -1.30442325e-02  1.28069237e-01
 -3.37118097e-02 -4.20344472e-02  2.04879455e-02 -4.31938320e-02
  1.51414409e-01  1.94351748e-03 -4.77385856e-02 -2.97508668e-02
 -8.10474064e-03 -2.32469410e-01 -1.13206908e-01  8.74495283e-02
  7.62232319e-02 -8.99818912e-02  6.41732737e-02  1.61521763e-01
  1.21083282e-01 -8.29321332e-03  1.16748326e-01  2.03074396e-01
  1.78730916e-02 -4.83873822e-02  7.58094192e-02  4.39858548e-02
  2.47202329e-02  9.40912440e-02 -1.26507938e-01  2.30730549e-01
 -2.58958936e-01 -3.56151238e-02 -1.64727017e-01 -1.74746037e-01
 -7.38380402e-02  8.09709728e-02  5.31983301e-02 -1.11447845e-03
  3.62547487e-02 -6.86155707e-02  1.42428026e-01 -6.73760325e-02
  2.07838155e-02 -7.69750327e-02  4.95396890e-02 -9.76340845e-02
  1.71629161e-01  3.89338918e-02  1.41436800e-01 -8.30483362e-02
  5.26938029e-02  1.64257348e-01  5.97890816e-04 -1.63459152e-01
  3.72834690e-02 -2.92745382e-02  6.48261309e-02  1.33695384e-03
  1.33234859e-01  9.79329050e-02 -3.59155005e-03 -2.24087566e-01
  1.08754873e-01 -1.88398764e-01 -1.03368171e-01  3.44213732e-02
 -1.79537560e-03 -1.96126215e-02 -2.64717266e-02  2.40675047e-01
 -1.98813573e-01 -8.96213800e-02 -8.08849931e-02  3.65288630e-02
  5.69060892e-02  2.37839613e-02 -5.99663481e-02 -6.27533942e-02
  6.55334592e-02  5.02582230e-02  9.11889523e-02  1.54252606e-03
  1.64100267e-02 -2.10763589e-01 -3.37084499e-03  3.75508182e-02]