http://erau.edu/ontology/meme.owl#KairosDiversityRecognitionMeme
[ 2.88570803e-02 -1.32044777e-01  2.14553159e-02 -5.42849079e-02
  7.34960362e-02  2.98878364e-02  1.34680480e-01  1.45668432e-01
  4.31100093e-02 -1.87176898e-01 -4.02516546e-03 -2.62023378e-02
 -5.45372628e-02 -4.80642505e-02 -4.08746302e-02 -1.47382990e-01
 -2.59658210e-02  4.16167602e-02 -3.68896150e-03  9.71867815e-02
 -2.15438664e-01  1.78224966e-01 -3.06371730e-02 -1.23175107e-01
  9.96963158e-02  1.01836160e-01  1.06610604e-01 -5.48881404e-02
  2.81577289e-01  5.13838567e-02  2.94879936e-02  1.79119989e-01
  3.79849896e-02 -6.02731816e-02 -8.99143517e-02  2.79715657e-01
  9.32412073e-02  1.62704036e-01  1.18800141e-02 -1.35984376e-01
 -3.31977345e-02  1.57321647e-01 -1.66300073e-01 -3.78316231e-02
  6.46531731e-02 -1.13745220e-03  3.05696670e-02 -9.66266245e-02
  4.46092337e-02  9.30263773e-02  4.83847447e-02 -8.71741697e-02
 -1.06811807e-01 -1.33594662e-01 -1.47372991e-01 -1.66756153e-01
  7.59435147e-02 -2.44445875e-02  2.58431762e-01 -1.61977991e-01
 -1.22875020e-01 -5.76569289e-02  2.49218214e-02  1.53779211e-02
 -5.32670654e-02 -7.51676187e-02 -4.25646938e-02 -1.44555867e-01
 -8.44638273e-02 -1.98883489e-01 -8.44316557e-02  1.03732117e-01
  1.11866318e-01  3.28745916e-02  4.59522707e-04  1.49563491e-01
 -1.28120303e-01  6.60813078e-02  1.69494063e-01 -2.86317542e-02
 -3.02943736e-02 -1.22608446e-01 -5.31029515e-02 -2.43323192e-01
  3.99579713e-03 -3.06056743e-03 -1.18746564e-01  1.41834896e-02
  3.97178493e-02 -6.12364002e-02  1.73621729e-03 -2.78948158e-01
  1.15009472e-01 -1.20127760e-01  6.71651959e-02 -1.64463688e-02
  6.31396547e-02 -3.48492712e-02  6.49884567e-02 -1.02492504e-01
  1.41501695e-01  7.45909959e-02  3.20180833e-01 -1.60738930e-01
 -6.58987015e-02  2.47389451e-02  1.80784494e-01 -5.28822243e-02
  3.78149003e-02 -1.05050020e-01 -4.83476417e-03  2.93416418e-02
 -1.43983290e-01 -1.48598716e-01  1.24020830e-01  1.73857361e-01
 -3.05205256e-01 -2.23036841e-01  8.80676582e-02  2.43042961e-01
 -4.73949220e-03 -2.57716309e-02 -1.92917615e-01 -1.14444969e-02
  3.54922377e-02 -7.54661486e-02  9.52778086e-02 -2.98414584e-02
  1.08635835e-01  1.27859078e-02 -2.32347235e-01 -4.92217131e-02
  4.24789563e-02 -3.53042334e-02 -2.86621712e-02  2.14059189e-01
 -8.15151259e-02  2.61141658e-02 -1.30390167e-01  1.77642345e-01
 -2.44477123e-01  7.14491755e-02  7.74660856e-02  3.79841737e-02
  1.79438114e-01 -2.41416231e-01  2.83847116e-02 -4.38073687e-02
 -1.35667026e-01  1.92566857e-01  1.97760332e-02 -3.00960094e-02
 -4.91980612e-02 -6.21936880e-02 -4.50827405e-02 -6.75659534e-03
 -1.09072760e-01  2.33705729e-01  1.10814013e-01 -2.33623579e-01
  3.56113650e-02 -9.97262597e-02 -1.08769909e-03 -1.45775035e-01
 -1.84692368e-01 -7.47288093e-02  7.51166940e-02  1.34659171e-01
 -3.19931060e-01  1.66642830e-01  1.76764820e-02  1.00197226e-01
  2.39565462e-01  2.30222076e-01 -1.30722369e-03 -3.19408439e-02
 -7.21326098e-02 -7.53754750e-02  1.58164129e-01 -4.84764762e-02
 -1.44237205e-01  9.61337835e-02  2.87116002e-02 -6.64660148e-03
 -9.14175510e-02 -6.13094447e-03  1.18880104e-02  5.24099767e-02
  2.38453254e-01  1.28508270e-01 -2.10022042e-03 -2.32435912e-02
 -1.91214681e-01 -3.38785909e-02 -6.05761297e-02  8.78671557e-02
  4.45944332e-02  1.79637242e-02 -5.71520552e-02 -7.88881816e-03
  6.44079521e-02  4.25573215e-02  3.63012962e-02  5.94484503e-04
 -1.22390114e-01 -1.81921512e-01 -1.15672462e-02  3.07367705e-02
  8.53776634e-02  6.73637316e-02  2.22666949e-01  2.05496605e-02
  8.14777762e-02  1.55731884e-03  5.48438914e-02 -5.01544140e-02
 -7.31635746e-03  3.60871777e-02  1.32811457e-01  1.70354277e-01
  2.59858072e-01  8.14679116e-02 -2.35119108e-02  1.37859449e-01
  5.50944358e-02 -5.07383160e-02 -2.67459452e-02 -8.65585580e-02
  1.24599729e-02  4.96830381e-02  1.43869668e-01 -2.85935495e-02
 -3.67726684e-02  8.55575316e-03 -5.44903055e-02  1.68054640e-01
  3.64350379e-02 -4.25942875e-02  8.01484510e-02  6.31464869e-02
 -1.60374865e-02 -7.81577229e-02  1.28289433e-02 -1.00084141e-01
 -3.41302678e-02  7.95750786e-03 -1.90460250e-01  4.81182523e-02
  3.20678465e-02 -6.03128970e-02  8.92664939e-02 -1.67137962e-02
 -2.18399893e-02 -7.26815909e-02  7.02109784e-02  1.27876267e-01
 -7.12963045e-02  7.16662183e-02  7.85978436e-02 -2.32183971e-02
 -6.88205659e-02 -2.07161620e-01 -8.44381228e-02 -1.00722022e-01
 -6.85881898e-02 -1.13290966e-01  2.84746680e-02  1.01396523e-01
  1.11413352e-01 -1.02528952e-01  1.35432836e-02 -9.82812867e-02
 -2.67220736e-02  1.22357771e-01  1.46876454e-01 -1.02460243e-01
  8.49603936e-02 -2.41369996e-02 -5.44964187e-02 -7.77074993e-02
  9.35266763e-02  1.28576040e-01  1.04027400e-02  7.06943274e-02
 -3.56899537e-02  5.40397204e-02 -1.30235776e-01  5.48761599e-02
 -4.91646677e-02 -9.66228619e-02  7.02739432e-02 -8.26557279e-02
  5.10491021e-02 -1.80210490e-02 -1.05657928e-04  3.82220969e-02
  7.51181394e-02  6.18498400e-03  6.13960847e-02 -1.11441061e-01
 -1.65727541e-01 -9.15462524e-03 -1.51755204e-02  8.00225586e-02
 -8.88575315e-02  6.93182498e-02  7.31336325e-02  4.09887284e-02
  1.12234563e-01  6.50063157e-02  1.48370698e-01 -5.23341596e-02
  1.35609256e-02  1.01048872e-01 -4.19728681e-02  3.06080990e-02
 -6.60046190e-02  1.87805649e-02  8.82756636e-02 -1.74572080e-01
  2.41137110e-02 -1.50644258e-01  1.00546375e-01  1.14021175e-01
  9.31549296e-02  8.54400471e-02 -1.69949740e-01  2.04102689e-05
 -2.65571196e-02 -2.79546306e-02 -8.21281374e-02 -1.03613935e-01
  8.90389010e-02 -1.28847137e-01  7.07054287e-02 -6.70207068e-02
  1.30483240e-01 -1.73375811e-02  3.69936787e-02  7.84037039e-02
 -8.78233388e-02  6.23485111e-02 -5.78852147e-02 -4.82183397e-02
  5.87710813e-02 -7.37200677e-02 -1.73877347e-02 -2.09084153e-01
 -7.12420344e-02 -1.19319018e-02 -2.11682785e-02 -5.97071573e-02
 -1.76289588e-01  1.15486518e-01 -1.65642768e-01  1.26931425e-02
  5.94632700e-02  1.45891290e-02  1.01217836e-01 -4.40588929e-02
 -9.86441001e-02 -4.98490687e-03 -9.08761099e-02  3.24789658e-02
  6.22802079e-02 -1.08359255e-01 -4.04277295e-02  5.57470098e-02
  4.29994501e-02  4.70733307e-02 -6.35519326e-02 -1.63098603e-01
 -1.60726830e-01  6.76978379e-02 -2.91763358e-02 -2.32818089e-02
 -6.11585416e-02 -9.91727039e-02 -1.42767251e-01 -4.99121435e-02
 -2.91380621e-02  1.63124919e-01 -1.69930145e-01 -1.43535808e-01
  1.50173977e-01 -9.63024721e-02 -4.03041802e-02  6.59167692e-02
  3.03097777e-02  3.87404871e-05 -1.06372871e-01  5.87290600e-02
 -7.67332762e-02  1.44840881e-01 -4.66648340e-02 -1.39287308e-01
  1.29485419e-02  2.70306487e-02  3.56685966e-01 -1.27573118e-01
 -5.39581999e-02 -1.92260161e-01 -1.20095704e-02 -1.03676006e-01
 -1.58525601e-01  2.67107822e-02 -3.59431431e-02  2.05504030e-01
  7.19772354e-02  6.85356334e-02  1.45844400e-01 -7.15063736e-02
 -9.01672244e-02 -9.15138200e-02 -2.63669230e-02 -1.88592635e-02
 -9.34382603e-02 -4.46600169e-02  5.30157313e-02  3.87251086e-04
  1.09277725e-01 -2.47706659e-03 -1.42994627e-01  1.30303562e-01
  2.54877508e-02 -1.31241858e-01 -6.10425696e-02  1.85109064e-01
  1.25263244e-01 -8.37730765e-02  4.86888997e-02  1.83408856e-01
  2.32972503e-02 -8.22361559e-03  1.94705501e-01  1.79512531e-01
  7.85175711e-02 -1.23942658e-01 -1.64168887e-02  1.54464781e-01
  5.20679727e-02  8.18458796e-02 -1.58511892e-01  2.45373726e-01
 -1.44779250e-01 -4.07241136e-02 -1.87652111e-01 -9.77070183e-02
 -1.01056628e-01  1.52107313e-01  3.66913565e-02 -3.41027416e-02
  1.49281293e-01 -2.13335920e-02  5.05577810e-02 -8.41267183e-02
  1.03996441e-01 -5.89444675e-02  3.50630954e-02 -8.82384405e-02
  8.46379995e-02  7.58754015e-02  1.26365619e-02 -1.25607118e-01
  8.57216790e-02  1.50655195e-01 -3.27551514e-02 -1.34213433e-01
  5.74823134e-02  2.79769003e-02  1.08603157e-01  6.27956241e-02
  1.46265507e-01  1.25519052e-01 -9.19941987e-04 -1.19829550e-01
  6.01112582e-02 -1.88999057e-01 -9.40096602e-02 -4.03323770e-02
 -6.18956834e-02  1.33791998e-01 -7.72336647e-02  1.14271544e-01
 -8.39090496e-02 -1.49754301e-01 -1.02216020e-01  2.71891281e-02
  1.00840569e-01  7.07024410e-02 -3.67138796e-02  7.32315928e-02
 -3.08449659e-02 -5.76167144e-02  2.65233487e-01 -2.57862601e-02
 -6.42754659e-02  4.57552075e-02 -7.99960941e-02  8.62874836e-03]