http://erau.edu/ontology/meme.owl#PorkyMeme
[-2.12464064e-01 -2.05371901e-01  5.50671779e-02  9.26380455e-02
  2.94589568e-02  3.44980247e-02  1.40198186e-01 -2.75260620e-02
 -1.23355098e-01 -3.65935527e-02  1.40264168e-01 -9.31499898e-02
  9.21222568e-02 -3.26204300e-02  2.34553572e-02 -8.38909391e-03
  4.20304127e-02  1.08197488e-01  9.95040759e-02  7.45710582e-02
 -1.88557550e-01 -1.73519552e-02  8.31479728e-02 -1.19419523e-01
  7.21752569e-02 -2.04518531e-02 -5.45691513e-02 -1.15216777e-01
  3.90106827e-01  2.61770427e-01  4.92819659e-02  1.54980943e-01
  2.18249578e-02 -1.04103766e-01 -6.87929168e-02  1.30843058e-01
 -3.25592496e-02  2.08536144e-02  2.97428537e-02 -1.53917328e-01
  9.73470584e-02  1.36230469e-01 -7.46978372e-02  9.85466987e-02
  1.28774107e-01 -5.52351549e-02  2.93364227e-02 -4.63688411e-02
  5.54565527e-02  2.98472531e-02 -3.39524150e-02  3.02948281e-02
 -3.94835509e-02 -1.84367180e-01 -5.48541620e-02  4.32153121e-02
  1.13584861e-01 -1.27904832e-01  1.57144397e-01  9.82015431e-02
 -5.78369349e-02  6.47956855e-04  1.32410362e-01 -4.05782387e-02
 -1.87289819e-01 -6.64400235e-02 -1.55322514e-02 -4.12142277e-02
 -4.42598499e-02 -1.86494589e-01 -1.52000323e-01  2.03407742e-02
  6.43711118e-03 -9.01336968e-02  7.59484619e-02 -6.83417767e-02
  8.62292200e-02  6.31014537e-03  1.69546679e-01  4.51722071e-02
 -1.71946988e-01  5.60490182e-03 -2.89116986e-03 -2.17521653e-01
  5.58672547e-02 -8.13738164e-03 -1.53190568e-01  1.50407463e-01
  9.90344957e-02  3.43518481e-02 -1.42656878e-01 -4.27845828e-02
  2.70955674e-02 -8.30603838e-02 -8.64214301e-02  1.01488501e-01
 -3.65502834e-02  2.40737088e-02 -1.66369960e-01 -1.15088619e-01
  3.97909954e-02  1.35204896e-01  3.59430194e-01 -1.24491006e-01
  1.06130265e-01  5.36183156e-02  2.24767566e-01 -1.42612429e-02
 -5.37581965e-02 -1.30286917e-01  3.47969532e-02  2.10149698e-02
 -1.98055208e-01 -1.68472622e-02  1.73352689e-01  7.57502243e-02
 -3.55693877e-01 -1.81686714e-01  5.28486818e-02  7.34637603e-02
 -9.64283794e-02 -1.45235881e-01  2.39389632e-02  4.77290638e-02
  5.90015762e-02 -9.54199210e-03  4.82584611e-02 -7.58345276e-02
  4.42447923e-02  6.91132993e-02 -2.28539154e-01 -5.56187630e-02
 -7.37476870e-02 -5.83679266e-02 -1.24635622e-01  1.22565784e-01
 -5.00030303e-03 -1.53798848e-01 -9.15001780e-02  4.42447094e-03
 -2.20942900e-01  1.01677805e-01  1.67094603e-01 -1.26063148e-03
  1.69982612e-01 -1.24566443e-01 -3.05816345e-02 -5.81663065e-02
 -1.18944213e-01  1.16158716e-01 -3.09736189e-02 -2.64848262e-01
  6.95406199e-02  1.98484942e-01  2.06590313e-02  1.60499409e-01
 -1.78093880e-01  1.96316451e-01  1.29691586e-01 -1.62641741e-02
  2.33405037e-03 -1.19184777e-01  3.30068916e-02  7.43690208e-02
 -2.75107890e-01 -1.03840865e-01 -4.90094796e-02  2.04950199e-01
 -4.24896300e-01  1.84417799e-01  7.68107548e-02  2.25240171e-01
  1.55195028e-01  1.05680153e-01 -9.72416103e-02  7.76684470e-03
 -4.13525589e-02 -6.59160465e-02  7.29376078e-02 -5.41899726e-02
 -1.31789660e-02  6.57946393e-02  7.75586581e-03 -3.69949900e-02
 -8.86461139e-02  5.15069403e-02  9.30816159e-02  1.38024986e-01
  9.46438164e-02 -7.31632113e-02  4.18670997e-02 -1.39329419e-01
 -1.82359010e-01 -5.46778217e-02  9.21360776e-03 -1.12767272e-01
  5.34012578e-02  2.26554319e-01 -7.63230771e-02 -1.01740979e-01
  1.26632825e-01 -9.53073204e-02  1.11497372e-01 -1.10689662e-01
 -6.64835125e-02 -3.13078940e-01  4.77467552e-02 -1.83900118e-01
  3.91064845e-02  1.53315783e-01  2.86186367e-01  1.83572412e-01
  6.96755052e-02  1.95437036e-02  6.34712949e-02  6.41404614e-02
 -1.42283306e-01 -7.67195597e-02  1.26786262e-01  3.59519646e-02
  1.04087457e-01  1.03017807e-01 -1.04157038e-01 -1.18100218e-01
  8.13940242e-02  1.17637336e-01 -1.21144004e-01 -9.17361379e-02
 -1.42391324e-01  6.25374727e-03 -6.80118650e-02  8.73258635e-02
 -7.68464357e-02 -1.04223102e-01 -4.23426367e-02 -3.77034917e-02
 -4.12084982e-02 -1.50771156e-01  6.97775483e-02 -1.22629561e-01
 -3.53795150e-03 -8.87185335e-02 -7.57470867e-03 -1.00470118e-01
 -2.71775723e-01  1.24674998e-02 -9.66779888e-02 -4.63483296e-03
  9.52405855e-02 -6.56123161e-02  2.56760772e-02  1.97665747e-02
  1.88892722e-01  6.12417459e-02  1.24413945e-01 -1.36907592e-01
 -1.11913629e-01 -2.46202219e-02  2.72266492e-02  1.34817049e-01
 -8.74707401e-02 -5.35128377e-02 -6.34522140e-02 -1.42276585e-01
 -6.52298843e-03 -1.82760552e-01 -3.07224225e-02  6.33651242e-02
 -2.97700409e-02 -8.92919004e-02 -5.57655022e-02 -1.17827930e-01
 -1.50860831e-01  2.83722002e-02  3.77501845e-02 -1.00914463e-02
  1.02047086e-01 -3.38903591e-02 -6.94583580e-02 -5.39090000e-02
  1.50815964e-01 -3.12558487e-02 -3.60083021e-02 -8.54587108e-02
 -2.10916102e-01  5.91258705e-02 -8.05163234e-02 -9.73434144e-05
 -1.99263431e-02 -1.42921016e-01 -3.82304937e-02 -8.59477073e-02
 -4.11388278e-02  4.45169322e-02  2.99152061e-02 -7.94381872e-02
  4.46902253e-02  4.86626588e-02 -2.70827919e-01 -1.41402766e-01
 -1.84749246e-01  8.82484298e-03  3.28956284e-02  1.52652010e-01
 -6.02826029e-02 -4.33239155e-02  1.76728591e-01 -7.93599635e-02
 -1.14288457e-01 -1.08404653e-02  2.31855214e-01 -1.90811753e-01
  2.34148875e-02 -1.67016424e-02 -1.20465815e-01 -2.27790768e-03
  3.97707755e-03  9.40695181e-02 -7.29002357e-02 -1.80175435e-03
  1.37254149e-01 -1.50048912e-01  1.44527450e-01  1.19021624e-01
 -8.80012196e-03 -2.51404084e-02 -1.87207296e-01 -2.54257265e-02
  1.28195778e-01 -3.90140451e-02  4.84604612e-02 -4.45061214e-02
  9.01654139e-02 -4.58331555e-02  1.34714842e-02 -2.21479073e-01
  4.95448001e-02  1.20947719e-01  4.03733784e-03  1.95293538e-02
 -2.24559940e-02  1.48986459e-01 -9.59857479e-02 -4.36982214e-02
 -1.29948869e-01 -4.31873426e-02 -1.04635116e-02  1.92630485e-01
 -1.81823839e-02 -1.65956512e-01 -1.31409511e-03  5.93397096e-02
 -6.61059543e-02  2.00052083e-01 -1.01794071e-01  1.35727763e-01
  1.29751489e-01  2.17470154e-02  2.00070769e-01 -3.16318199e-02
 -5.30922897e-02  1.78772137e-01  7.47232363e-02 -4.39276285e-02
  1.32716969e-01 -3.59771177e-02 -8.73157084e-02 -3.24491933e-02
  3.35642211e-02  6.88409656e-02 -4.47621606e-02 -3.21391858e-02
 -1.99069500e-01  4.80714738e-02  4.27646562e-02  6.15978204e-02
  1.65114235e-02  5.19224145e-02  1.42714549e-02 -6.52361810e-02
  1.02402337e-01  1.41541198e-01 -3.83860022e-02 -6.55983165e-02
  1.29130006e-01 -1.39826342e-01 -1.76901013e-01  1.10558145e-01
 -4.62734848e-02 -2.68633634e-01 -3.95602919e-02  1.07991807e-01
 -7.45444819e-02  3.50628376e-01 -7.99380243e-02 -2.28965387e-01
  5.54115213e-02  7.79392645e-02  4.12468910e-01 -1.20069273e-01
 -3.06711998e-02 -9.06990021e-02  4.86886874e-02 -3.49999279e-01
 -1.53143615e-01 -3.38333659e-02  8.43907669e-02  5.65588474e-01
  8.08019415e-02 -8.04271773e-02  6.82803914e-02 -1.81653023e-01
 -1.49791509e-01  1.82113834e-02 -1.13204740e-01  1.86805084e-01
 -5.80759682e-02 -8.36399868e-02 -8.40954855e-03  2.29093134e-01
  7.26207942e-02  7.28338677e-03 -2.65330315e-01 -8.00118074e-02
  4.88305874e-02 -7.81381428e-02 -7.40699843e-02  6.27971888e-02
  1.14275523e-01 -1.36103472e-02 -5.30249365e-02  2.74949282e-01
  8.41762424e-02 -7.89078176e-02  3.18071246e-02  1.20841645e-01
 -3.24903079e-03 -1.05777970e-02 -8.26362222e-02  5.89276031e-02
  2.22512722e-01  2.81491056e-02 -5.49292006e-02  2.00201362e-01
 -1.73083946e-01 -1.49233729e-01 -2.25308955e-01 -1.27132908e-01
 -7.75514171e-02  7.70804733e-02  1.02127090e-01  1.53725937e-01
  5.34996875e-02  4.99823652e-02  1.60335541e-01  8.73493478e-02
  8.04733783e-02  1.69080466e-01  1.02474183e-01 -9.85283107e-02
  1.81078658e-01  2.96979547e-02  6.80383295e-02 -7.62599856e-02
  9.62126441e-03  1.91905983e-02 -1.21336788e-01 -1.55186027e-01
 -1.18062161e-02 -1.55900232e-02  5.54390587e-02 -2.51590349e-02
 -1.27949221e-02  9.31743812e-03  1.15251392e-01 -1.01439573e-01
  3.33703049e-02 -8.53543431e-02 -1.41002223e-01  1.29473746e-01
 -2.32342720e-01  9.64418054e-03 -6.28707036e-02  3.06169033e-01
 -5.63759543e-02 -1.51705623e-01 -2.78133303e-02 -1.78566109e-02
  1.12730406e-01 -1.75399967e-02 -1.33135930e-01  2.92259101e-02
 -2.83285100e-02  6.29880503e-02  7.20005929e-02  3.17922095e-03
 -8.58655125e-02 -1.61376268e-01  1.74028173e-01  1.44336700e-01]