http://erau.edu/ontology/meme.owl#PokemonWearingGlassesMeme
[-3.72479670e-03 -1.36274874e-01  2.52597663e-03 -1.55031541e-02
 -8.61297101e-02  1.44546360e-01  1.20437341e-02  2.51587421e-01
  1.19466081e-01 -5.32931648e-02  8.53292346e-02 -1.27156395e-02
 -1.68017969e-01 -1.45277679e-01 -1.01563800e-02  1.09299133e-02
  2.02011451e-01 -2.36890800e-02 -3.17346305e-02  1.35521308e-01
 -1.82101265e-01  1.16684303e-01  1.75106987e-01 -1.32836655e-01
  3.19727361e-01 -3.63162570e-02  9.19634625e-02 -8.35062861e-02
  2.45365918e-01  1.26432344e-01  9.01572630e-02  1.00652024e-01
 -2.48795021e-02 -1.06046095e-01 -3.42415236e-02  2.07945600e-01
 -1.80263519e-02  2.11095855e-01 -1.13597035e-01 -1.57253504e-01
  1.10330410e-01  1.34278908e-01 -1.95040792e-01  1.74314510e-02
  4.82853539e-02  9.74327549e-02 -2.54353955e-02 -6.49397448e-02
 -2.09673680e-02  9.75196362e-02  1.46765797e-03  6.86757267e-03
 -1.25952333e-01 -2.20196322e-02 -1.00237831e-01 -6.86027259e-02
  6.62637502e-02  2.36022882e-02  1.44989252e-01 -2.99076959e-02
  5.85075356e-02 -1.04468800e-02  2.86117960e-02  1.27041355e-01
 -2.72830501e-02 -6.67752922e-02  1.53657436e-01  6.45257905e-02
 -5.89092076e-02 -2.50624474e-02 -8.48446786e-02  1.39856979e-01
  1.32895142e-01  1.12330325e-01 -4.85617220e-02  2.46105418e-01
 -8.32642242e-02  1.64940119e-01  5.34526305e-03  2.47462243e-02
 -6.13243245e-02 -1.59796670e-01 -9.40243155e-03 -9.15932506e-02
  8.31824616e-02 -1.12203792e-01 -3.93844955e-02  9.98617802e-03
  2.18917411e-02 -1.37690619e-01  1.21323198e-01 -2.18209982e-01
  8.32924098e-02 -8.96808505e-02 -1.41413929e-02  7.90061504e-02
  1.93808973e-02 -1.21113928e-02  1.50155341e-02 -1.05708003e-01
  1.64452493e-01 -4.22707573e-02  2.49587595e-01 -1.02149837e-01
 -1.88196395e-02  2.28149574e-02  3.63947637e-02 -2.54490152e-02
  4.85296622e-02  6.48152176e-03 -5.34419380e-02  7.87082165e-02
 -9.59985480e-02 -1.75457716e-01 -7.59448111e-02  7.29592890e-02
 -2.76943713e-01 -1.93512738e-01 -6.33995309e-02  8.86221156e-02
 -7.94680789e-02 -3.21139917e-02 -2.35025004e-01  1.19901806e-01
  8.16230252e-02 -2.84819514e-01 -2.38013361e-03  5.91058061e-02
  3.31271626e-02  1.23781927e-01 -1.09040231e-01 -5.25944456e-02
  1.18920498e-03 -1.34380748e-02 -1.30608425e-01  8.34080130e-02
 -4.65917727e-03 -1.11961029e-01 -1.86410695e-01  2.14019492e-02
 -2.00959042e-01  9.76103768e-02 -1.21647762e-02  3.86544578e-02
  1.89776942e-01 -3.59194458e-01  1.06483981e-01 -1.82372257e-01
 -1.00430930e-02  1.44119397e-01 -6.74400851e-02 -2.57487223e-02
 -3.92748602e-02  4.87969555e-02  1.13819111e-02  8.53950456e-02
 -5.01916818e-02  1.48403451e-01 -1.94022916e-02 -2.00193197e-01
  2.93567218e-02 -2.38845460e-02  5.33101745e-02 -7.59304538e-02
 -1.61149830e-01 -1.65628165e-01  2.77582905e-03 -4.89734206e-03
 -2.37636596e-01  1.92425773e-01  3.20549496e-02  1.86867654e-01
  7.24400654e-02  1.63399473e-01  1.95111278e-02 -2.61569861e-02
 -3.21171209e-02 -7.28542358e-02  3.33127417e-02 -6.51877895e-02
 -1.19191177e-01  5.77566996e-02  4.78810631e-02  8.91342908e-02
 -1.12031400e-01 -7.07949279e-03  6.66330457e-02  1.54794415e-03
  1.61012456e-01  1.63653884e-02  7.70342276e-02 -6.65718913e-02
 -9.85329971e-02 -4.23536003e-02 -3.60412039e-02  5.89609556e-02
  7.04968348e-02 -7.91199505e-02 -1.25171589e-02 -1.22071750e-01
 -1.14604652e-01  8.55371058e-02 -3.18976827e-02 -1.24252699e-02
  1.11584440e-02 -2.69120842e-01  5.46264788e-03  1.18339472e-01
 -1.38796754e-02  1.44953907e-01  2.19475359e-01  2.19527856e-02
  2.37401389e-02 -1.16996810e-01 -2.53869370e-02 -1.20242648e-02
 -1.99892581e-01 -6.07090779e-02  2.22824842e-01  1.06206752e-01
  7.11662173e-02  2.18882579e-02 -1.15509853e-01  5.49769178e-02
 -5.42255230e-02 -4.16130386e-02 -5.41595072e-02 -2.12708414e-02
  1.33510567e-02  1.06832469e-02  2.07269490e-01  9.26254988e-02
 -6.91507235e-02 -1.81585819e-01  3.56936874e-03  6.49596890e-03
 -6.07465692e-02 -5.57653829e-02  6.77354410e-02 -2.31025256e-02
  2.09715609e-02 -1.14898697e-01  7.76502788e-02 -6.03063963e-02
 -1.99170813e-01 -8.32207799e-02 -1.34877339e-01  1.67022422e-02
 -4.64375466e-02  9.04702116e-03  8.61576721e-02  1.41542414e-02
 -2.24021040e-02  1.27788469e-01  6.55369982e-02  5.01907915e-02
 -1.62500218e-01 -5.52953221e-02  1.56753153e-01 -2.88357157e-02
 -5.11762686e-02 -4.11148630e-02 -3.33667547e-02 -1.11571200e-01
 -9.52175558e-02 -2.42229536e-01 -2.25149691e-01  3.78084779e-02
  5.53429089e-02 -7.68278465e-02 -1.93316825e-02  1.55467810e-02
 -1.83592271e-02  1.05281785e-01  1.41838610e-01  8.67571973e-04
  5.47561832e-02 -1.05010845e-01 -5.81717603e-02  4.79511172e-02
  1.18211158e-01  1.16994195e-01 -5.52800037e-02 -1.10324644e-01
 -2.44968683e-01 -5.34259267e-02  3.86550687e-02 -2.06936970e-02
  7.75300153e-03 -1.03084408e-01  8.94874986e-03 -1.77061334e-01
 -6.75527155e-02 -7.41776153e-02 -2.45160796e-02  5.51096983e-02
  1.00059271e-01 -7.05907270e-02 -1.56392269e-02 -5.84659390e-02
 -1.67747438e-01  1.04136445e-01 -4.74922508e-02  1.33345485e-01
  4.59947512e-02 -1.20206162e-01  2.72602104e-02 -1.22330576e-01
 -1.38754651e-01  1.59166694e-01  2.97226340e-01 -1.87907130e-01
 -6.59233017e-04  1.51243657e-01 -5.81587814e-02  5.69058098e-02
 -5.54567575e-02  7.67763704e-02  8.84972066e-02 -1.01161376e-02
  1.11286044e-02 -2.18148321e-01  1.32415697e-01  1.99949935e-01
  7.53062963e-03  7.35283569e-02 -8.88256207e-02  5.65392673e-02
  3.57697681e-02 -6.13839403e-02  7.16844248e-03  6.48597255e-02
 -6.36648536e-02 -9.30268690e-02 -2.07874805e-01 -1.87065780e-01
  1.82020962e-01  3.35599296e-02  1.03729079e-02  9.37165096e-02
  4.38525453e-02  3.05643585e-02 -7.73128048e-02  3.90776955e-02
 -6.14526756e-02 -2.59671137e-02 -8.23479518e-02  4.15755846e-02
 -3.86324525e-02 -2.72845291e-03 -4.96980734e-02 -1.23209275e-01
 -4.76316251e-02  2.22529545e-01 -2.30089143e-01  8.95462111e-02
 -6.83529675e-02 -1.00931466e-01  1.55969262e-01 -2.43640527e-01
 -9.38282683e-02  1.84214786e-02 -1.27637153e-02  7.32112676e-02
 -7.20584169e-02  1.32504284e-01 -1.67419553e-01  3.68928798e-02
 -7.69229755e-02 -3.40586230e-02  9.67358202e-02 -1.25087321e-01
 -1.62789062e-01  2.10324600e-01  1.38365598e-02 -6.41815811e-02
 -2.45120689e-01  1.47774294e-01 -7.20432103e-02  5.56278527e-02
  9.34159383e-03  1.00640707e-01 -9.17740241e-02 -7.83157721e-02
  3.39393057e-02 -1.39984190e-01 -1.71631128e-01  1.99343190e-01
 -8.22036043e-02 -1.94539294e-01 -6.27251565e-02 -2.98200604e-02
 -7.50361905e-02  2.72356361e-01 -9.62364823e-02 -2.40281597e-01
  6.24847971e-02 -3.32647189e-02  4.00847107e-01 -7.08642323e-03
 -8.26250687e-02 -2.57546782e-01  3.26232314e-02 -3.43130231e-01
 -2.00437158e-01  3.94677445e-02  7.65604991e-03  4.33916181e-01
  1.87617496e-01  1.67138159e-01  2.18341891e-02 -2.80658919e-02
 -1.93193540e-01 -1.19826332e-01 -3.10724974e-02 -1.98850725e-02
 -8.93234834e-02 -1.40385658e-01  4.66682650e-02  4.96873260e-02
  2.65576929e-01  1.00182116e-01 -1.75079033e-01  1.01357125e-01
  7.43783414e-02 -1.38422146e-01 -2.23590210e-02  2.38240793e-01
  8.96579698e-02  1.45783303e-02 -2.28847507e-02  1.93045616e-01
 -4.57488112e-02 -1.68237254e-01  1.52880728e-01  1.14599183e-01
  6.18772861e-03 -6.92022219e-02  1.24199636e-01  6.35116398e-02
 -1.06525642e-03  4.76578027e-02 -1.72369018e-01  2.85255134e-01
 -1.82948142e-01  2.72614136e-02 -1.47005722e-01 -1.20084397e-01
 -1.94849074e-02  4.29830030e-02  1.11757323e-01  1.16427206e-01
  1.13887504e-01 -3.94728296e-02  2.25263059e-01 -1.07915603e-01
  1.09081924e-01  4.80260514e-02  7.90318400e-02 -3.32366973e-02
  1.85043529e-01  6.19073622e-02  2.08708107e-01 -5.07870242e-02
 -3.72916199e-02  1.30869374e-01 -1.77595371e-04 -1.65936112e-01
 -4.07822430e-02  8.81696418e-02  2.69395471e-01  4.50362125e-03
  2.93649107e-01  1.77812487e-01  1.37751838e-02 -1.83396652e-01
  2.25346670e-01 -1.42719999e-01 -1.01969101e-01  6.43170029e-02
  1.06260460e-02 -8.85986909e-02 -8.60595480e-02  2.59534776e-01
 -9.04266536e-02 -1.50077701e-01 -1.55463725e-01  2.00868528e-02
  4.27629985e-02  1.96095239e-02 -1.21874593e-01 -4.31830809e-02
 -1.56860035e-02 -1.66403800e-01  1.63856328e-01  3.54564637e-02
  1.31762559e-02 -1.77353155e-02 -1.29580736e-01  6.18782490e-02]