http://erau.edu/ontology/meme.owl#FloridaManMeme
[-0.15818116 -0.10696361 -0.02907977 -0.02483028 -0.02092394  0.14752533
  0.09410131  0.04355064 -0.00661752 -0.0329033   0.07477687 -0.03839833
  0.06967121 -0.0271694  -0.02575712  0.00049082  0.03151504  0.08183238
  0.06727251  0.00496208 -0.20292391  0.06029437  0.07472818 -0.0287548
  0.08161824 -0.00820947  0.01649739 -0.06891156  0.2209279   0.21002486
  0.02688568  0.08837184 -0.05729481 -0.11377915 -0.05122723  0.1637489
  0.06478927  0.05497041 -0.14231619 -0.12190508  0.10396843  0.09318553
 -0.02983915 -0.01908442  0.07840661  0.00641491  0.07043271 -0.02837631
  0.02915359  0.0696331   0.01930952 -0.01036638 -0.03290824 -0.13757826
 -0.11192953  0.02330413  0.05547686  0.01655555  0.21267521  0.04276932
  0.00444906  0.04817063  0.09782485  0.04200913 -0.08038151  0.06953384
  0.11944123  0.02038566 -0.01791586 -0.14700821 -0.11612866  0.18212143
  0.08801169 -0.05748277  0.02919596  0.10494176  0.00419924  0.00258131
  0.15157348  0.05540013 -0.11775153 -0.15813886 -0.08822283 -0.23390143
  0.02183915 -0.12362447 -0.15849535  0.14501807  0.12530273 -0.03108717
  0.05208093 -0.19581603  0.04437833 -0.0769812  -0.13520148  0.07451407
 -0.05952336 -0.08240855 -0.03026086  0.01527394  0.12227836 -0.01385006
  0.30192426 -0.16390608 -0.03928029  0.00200747  0.05769716  0.0370715
  0.06876168 -0.11608604  0.00713507 -0.05052175 -0.05370877 -0.12481162
  0.14807585  0.10670836 -0.19213992 -0.16688594  0.01676171  0.09301973
  0.12385316 -0.06296902 -0.06172473  0.02424508 -0.05454436 -0.1278213
  0.02098975  0.02727216  0.01395929  0.08021398 -0.16171925 -0.07513495
  0.03146274 -0.0878889  -0.10964566  0.11989295 -0.13190989 -0.18715113
 -0.04513436  0.14777239 -0.28924033 -0.00100152  0.04603026 -0.05681739
  0.19607149 -0.22033559  0.07568975 -0.05911541 -0.07508771  0.03256096
 -0.06382377 -0.07477125 -0.00436979  0.09605529  0.00096503  0.09544578
 -0.13646266  0.12822638 -0.02266829 -0.10082395  0.10910536 -0.08489975
  0.12103749 -0.01785235 -0.23869015 -0.19008103 -0.02739813  0.13068625
 -0.20522343  0.16854867 -0.07679439  0.10361078  0.22308457  0.15414745
 -0.052347    0.08830381  0.01802072 -0.07805623 -0.00068627  0.04855463
 -0.02827261  0.0287405   0.01505298  0.02150287 -0.10885379 -0.00820791
 -0.07121516  0.064591    0.21561922 -0.11926483  0.00538619  0.05250129
 -0.08095369 -0.10739253 -0.00855565  0.04182163  0.07856387  0.10454153
 -0.01870443 -0.02619476 -0.00365741  0.027373   -0.05769952  0.07766059
  0.05415368 -0.15678251 -0.0126274  -0.05249166  0.01803149  0.07251362
  0.12108412  0.10424989  0.02808815 -0.11854188  0.08737256  0.07709697
 -0.13194741 -0.03741661  0.06394435  0.08202278  0.1040422   0.03673622
 -0.07696164 -0.05496874  0.09074058  0.10725913 -0.06701735 -0.0632109
  0.00749766 -0.05444216 -0.06980326  0.09052584 -0.04145195  0.01576626
  0.07160302 -0.00064824  0.0476634  -0.07997343  0.15962777 -0.12736426
  0.08172662  0.02234831 -0.02356004 -0.03738859 -0.12989621 -0.00570426
  0.01559172 -0.04044904 -0.0086873  -0.05106943  0.0467899   0.02816974
  0.15442467  0.04296275  0.12840243  0.03692564 -0.12191377 -0.02376722
  0.04686695 -0.02202451 -0.04073519 -0.17578325  0.0282285  -0.186709
  0.06958856 -0.28377482 -0.03889974  0.03006553  0.08783731 -0.09555984
 -0.02993768  0.0008968   0.02751953  0.03844391  0.13427614 -0.02936788
  0.10397706  0.03149159 -0.12359107 -0.0791437   0.12866572  0.06943814
  0.03464705  0.00777102 -0.13553318 -0.05425003 -0.05388895  0.10088643
  0.04392563 -0.14367826 -0.00771747 -0.14320272 -0.04435984 -0.01595886
  0.0723433  -0.01709124  0.06346925  0.06272056 -0.13692349 -0.08788733
 -0.2571076   0.04730512 -0.01649123  0.11871517  0.0536462   0.03329474
  0.19063859 -0.03921022  0.02569015  0.04817164  0.1898284  -0.22415908
 -0.09065843  0.07979084 -0.03307619  0.03411056 -0.03811518  0.06826416
 -0.04833751 -0.01382492  0.06180622 -0.12504104  0.09681152  0.21276273
  0.04907007  0.05190461 -0.09294584 -0.04866708  0.09009142 -0.03594196
 -0.01604214 -0.10285589  0.10413977 -0.0768331  -0.07582216 -0.3213644
  0.12967323  0.10421897 -0.05570377  0.11001155  0.05318853  0.08350316
 -0.03853171 -0.08459476 -0.12963772  0.05747031 -0.01274489  0.09769046
 -0.11810192 -0.08709113 -0.0884871   0.08612145 -0.08157252  0.19560774
 -0.15903938  0.1308107   0.04136783 -0.22344275  0.2414653  -0.03194053
 -0.17690322  0.13084565 -0.01823677 -0.02270818  0.12326159 -0.02528219
 -0.0525467   0.02271872 -0.02773033  0.03119965  0.00982765 -0.02360922
 -0.14257051  0.06209539  0.06608211 -0.05391266 -0.00443129  0.03322376
 -0.04873176 -0.06292079  0.20606586  0.15967555 -0.08045345 -0.0624445
  0.10360735 -0.04566456 -0.06609423  0.23435523 -0.10203984 -0.11226103
  0.0052285   0.06227726 -0.0466845   0.16388522  0.06672923 -0.14761642
  0.09396439  0.07841577  0.12447599 -0.04498347 -0.05836492 -0.26163816
 -0.03005079 -0.19092487 -0.13014023 -0.0424243   0.01150782  0.3255579
  0.09657125  0.09936529  0.10435843 -0.14780274 -0.13857351 -0.03808273
 -0.12495028  0.10869247  0.05949856 -0.06279466 -0.02119684  0.07340044
  0.17082235  0.02411076 -0.18725298 -0.00574103  0.03008398 -0.18903303
 -0.10668286  0.1635672   0.04311251 -0.09548298  0.0161084   0.18029153
 -0.00959372 -0.04672268  0.1135407   0.29180253 -0.06822401 -0.14563322
 -0.0600469   0.12238158  0.1082538  -0.00913433 -0.09234262  0.21417761
 -0.21235046 -0.13841529 -0.21066314 -0.09971324 -0.07446244  0.02504444
  0.12960102  0.15364113  0.07352348 -0.10628178  0.21191883  0.0048876
  0.04459089  0.03860268  0.06528345 -0.06895351  0.27353874  0.05058365
  0.17854501 -0.07624701  0.04931952  0.09184565 -0.0745142  -0.18702489
 -0.11592993 -0.06259175  0.13676952 -0.06743067  0.17622063  0.13407624
  0.05542828 -0.20396088  0.14427213 -0.131184   -0.00343487  0.09336268
 -0.07961228 -0.05225667 -0.07130682  0.28914902 -0.02672956 -0.0665404
 -0.00903972  0.05292889  0.11115992  0.02140327 -0.01467082 -0.05767866
  0.09106161 -0.04419112  0.1713397   0.04038442 -0.00464766 -0.03679684
  0.02737147  0.05032044]