http://erau.edu/ontology/meme.owl#GoogledItWasNotDisappointedMeme
[-0.07360772 -0.14328991 -0.06050566  0.03097681 -0.04297267  0.01673855
  0.01237416  0.13203606  0.03504278  0.01025071  0.0922624  -0.10810035
 -0.06430283 -0.13575572 -0.0963944   0.02216199  0.08395288  0.0049483
  0.06610491 -0.02682892 -0.20300975  0.1574181   0.07714606 -0.1525095
  0.09352724  0.108169    0.01718431 -0.21299808  0.12883182  0.22736214
 -0.05055054  0.0469793   0.07414213 -0.02498537 -0.10963985  0.21495903
 -0.00188719  0.1930965  -0.03441325 -0.24666505  0.16969475  0.33741927
 -0.07447945  0.03866325  0.13648042  0.07379211  0.05777348 -0.09742738
  0.092653    0.13549066 -0.05459376 -0.00992369 -0.15217954 -0.1495678
 -0.01953384 -0.14187226 -0.01022496  0.03727681  0.2035645   0.0761545
 -0.01458245 -0.10120757  0.11245394  0.11009526  0.02925668 -0.05235083
 -0.11739867 -0.09544809  0.07462763 -0.26613635 -0.11584134  0.0022715
 -0.05235859  0.01766256  0.02506949  0.10261001 -0.24431255 -0.03322654
  0.01770623 -0.16575114 -0.07633387 -0.16185668  0.02243117  0.01551433
 -0.04120041 -0.08533797  0.03353889 -0.08685699  0.0275256   0.0847477
 -0.04207281 -0.23815528  0.09338722 -0.0682463  -0.0086124   0.14422491
 -0.00603819  0.09206286  0.08304408 -0.05111051  0.0911067   0.23096219
  0.15214506 -0.08844964  0.07653643 -0.0723378   0.24323586 -0.19185324
 -0.06487121 -0.11124282 -0.08744738  0.04119441 -0.08932382 -0.04402971
  0.00584855  0.06458414 -0.30748478 -0.35770077 -0.02449566  0.02866596
 -0.11028795  0.02266976 -0.00064721  0.102288    0.06586697 -0.16764913
 -0.06064474 -0.02528644 -0.03166556 -0.09119806 -0.04838409  0.02181405
  0.01815138 -0.01743241 -0.11398087  0.15444706  0.09866326 -0.07243995
 -0.21301398 -0.02426224 -0.16803628  0.04256959 -0.03041168  0.00668319
  0.2592944  -0.22766948 -0.05887906 -0.03129811 -0.12107835  0.05558476
  0.03520893 -0.11683588 -0.04358376  0.02268601  0.06481738  0.0452328
 -0.17328028  0.16147272  0.02675359 -0.05878636 -0.02379216 -0.13653587
  0.05031151 -0.0448862  -0.08524963 -0.03638368 -0.13936198  0.10556223
 -0.16731368  0.10304324  0.01116135  0.15573768  0.10476395  0.19356355
  0.04909872 -0.05961399 -0.04237647 -0.08389544  0.07271764 -0.09539411
 -0.18595156  0.1482949  -0.00805318  0.05518461 -0.11572106  0.02468624
 -0.0246923   0.05273062  0.17306155 -0.06904677  0.18242262  0.0114756
 -0.18697587 -0.00446831  0.07062029  0.04090065  0.12863891  0.05566712
 -0.0252533   0.02300537  0.03496987 -0.01347055  0.11118925 -0.11742969
 -0.27586287 -0.2694228   0.01405682 -0.08933462  0.01434573  0.11731973
  0.21628338  0.17410599 -0.10703257 -0.13700365  0.10676054 -0.09777325
 -0.07897057 -0.1153368   0.15050763  0.12387378  0.13389783  0.04714881
 -0.25120965  0.01130147  0.02373784  0.00177626 -0.11850266  0.01598344
 -0.08990165 -0.0050989   0.11856551  0.00888003 -0.11861536 -0.14132258
 -0.09757344 -0.03023077  0.02492683  0.0628456   0.06204638 -0.11282076
  0.03713579 -0.13075534  0.06777527 -0.00784074 -0.3712449  -0.02735882
 -0.20458774  0.07716012 -0.06044558 -0.03870733  0.01834016  0.01812746
 -0.01182115  0.09039699  0.15741518 -0.04966923 -0.03815858  0.05405818
  0.14693692  0.16801986 -0.04805691 -0.11682863  0.04385681  0.01706117
 -0.13853261 -0.1190571  -0.17115836  0.04031803  0.10775037 -0.21504027
 -0.12200104 -0.1671917  -0.09095652  0.18441819  0.08832785 -0.02317756
  0.15440889 -0.0088315   0.04554503  0.17418419  0.09515439 -0.13587274
  0.02969491  0.0188231  -0.1537431   0.03870177 -0.14707422 -0.02721434
 -0.01467015 -0.18172562 -0.00817838 -0.08321444  0.1178242  -0.12498319
  0.0180783   0.03634898  0.11860489 -0.09122818 -0.22001061 -0.13836831
 -0.32351822  0.03295493 -0.0797464   0.06396191  0.01572163 -0.020714
  0.07405068 -0.04597296  0.07984242  0.24035315  0.13192149 -0.23429754
 -0.00216315  0.06765794  0.06364249  0.12116333 -0.08684664  0.17811294
  0.05788157 -0.10516126  0.00158674 -0.13277967  0.24968866  0.05208371
 -0.00173611  0.07827463 -0.15313025 -0.0202533   0.00350761 -0.0797735
  0.12466241 -0.02102373  0.07738507 -0.14337844 -0.14177495 -0.11123322
  0.09099849 -0.01066793 -0.14065     0.19932501  0.04284043  0.01091854
 -0.11528622 -0.06520707 -0.08817182 -0.07643515 -0.04720793  0.02428704
 -0.07338714 -0.0749688  -0.05389565 -0.10257478 -0.11364571  0.24779409
 -0.03127391  0.08576936  0.07317796 -0.22773324  0.18626109 -0.04520468
 -0.1051326   0.03649127  0.0074473  -0.02729078 -0.0194912  -0.07995923
 -0.16107017 -0.07799058 -0.05810239  0.118912    0.02134476  0.00867105
 -0.32023758  0.12832546  0.04834777 -0.12001582 -0.19789036  0.08571617
 -0.00522546 -0.12591484  0.1356501   0.2555343  -0.10446042 -0.17349403
  0.2129355  -0.04264848 -0.10991083  0.01858034  0.01065051 -0.08938919
 -0.29081732  0.04574734 -0.01648251  0.1128335  -0.22416718 -0.09539258
 -0.02456717  0.06483194  0.16153182 -0.04719592  0.06904067  0.02070017
 -0.05600292 -0.12954308 -0.18462427  0.06290791  0.08869145  0.17096622
  0.26304293  0.06310733  0.10612701 -0.18693252 -0.10285822 -0.08282975
  0.01414441 -0.00898931 -0.09080654 -0.161531    0.00083487  0.07252648
  0.03571509 -0.04163853 -0.11254157  0.11705931 -0.04070131 -0.19743903
 -0.07719449  0.21713243  0.13990334 -0.08066978  0.02467541  0.26932195
 -0.01942081 -0.09109951  0.02420818  0.1991426  -0.00391738  0.11048887
  0.1124308   0.18235265  0.07252701 -0.10411505 -0.0467672   0.31660146
 -0.24233948 -0.02565608 -0.1947959  -0.19359374 -0.01812826  0.24225156
  0.20588957  0.06764963  0.05537499 -0.08511378  0.31322393 -0.05113101
  0.03495633  0.01969515  0.10619388 -0.05228801  0.16845526  0.11346193
  0.09036406 -0.13428327 -0.17024013  0.16651374 -0.23546313 -0.05264691
  0.00723435 -0.01188739  0.1306514  -0.08061476  0.1535109   0.21883978
  0.07263793 -0.205008    0.10909094  0.00801684 -0.12503013 -0.01692675
 -0.05596988 -0.11903393 -0.08996437  0.2433244  -0.12573512 -0.00169141
 -0.10204689 -0.03312675 -0.02349022  0.04024085 -0.15005091 -0.07722487
  0.03799116 -0.18035647  0.08541115 -0.06755915 -0.15004154 -0.00076292
  0.02079454  0.11518162]