http://erau.edu/ontology/meme.owl#BreitbartMeme
[ 2.02560704e-02 -2.19332069e-01 -7.21005127e-02  9.07833129e-02
  5.17942309e-02  1.90224782e-01  5.97155988e-02  5.23775928e-02
  5.17593399e-02 -1.55641437e-02  1.42029181e-01 -1.34134829e-01
 -1.15595385e-01  3.99621092e-02  4.85266224e-02 -1.27346531e-01
 -1.64375675e-03 -1.49433650e-02 -5.88821620e-02  1.64543927e-01
 -1.45383343e-01  1.19108491e-01  1.11390889e-01 -1.54975608e-01
  7.72419795e-02 -3.12963128e-02 -4.78945673e-02  8.75921396e-05
  2.19801515e-01  1.17365479e-01  7.68545270e-02  1.82313532e-01
 -7.09379017e-02 -1.37090136e-03 -3.08977067e-02  8.30021352e-02
  6.17864840e-02  5.47238439e-02 -5.33733554e-02 -6.22368529e-02
 -1.68381091e-02  3.44829485e-02 -1.67933553e-01  1.32392058e-02
  1.19814314e-01  1.31828517e-01 -1.26829399e-02 -1.33529976e-01
 -2.34732814e-02  1.73581969e-02 -2.91615049e-03 -1.58712510e-02
 -3.80173437e-02 -2.28391677e-01 -4.62083966e-02  1.15647934e-01
 -1.97609738e-02  4.32823002e-02  1.62841916e-01 -8.14613476e-02
 -2.00306922e-02  5.70064299e-02 -3.84977572e-02  1.47450471e-03
 -1.45969829e-02 -4.17393483e-02 -7.65217543e-02  3.34331989e-02
 -1.00876115e-01 -1.45914450e-01 -2.51034647e-01  5.70302410e-03
  6.53842092e-02  7.25459307e-02  1.51611632e-02  4.72260192e-02
  1.05154710e-02 -1.40710622e-02  1.44955233e-01 -1.10374480e-01
 -1.26639470e-01 -8.29323456e-02 -8.22574198e-02 -1.99673697e-01
 -5.56607544e-02 -5.29683307e-02 -2.06060514e-01 -7.52401818e-03
  1.14378795e-01 -1.07620381e-01  2.04367805e-02 -2.08730221e-01
  7.45082200e-02  8.97198636e-03 -3.89325656e-02  5.32095544e-02
 -2.83494163e-02  5.59295081e-02 -1.48064628e-01 -3.36107686e-02
  9.71068144e-02 -7.10141808e-02  4.60709333e-01 -4.87804934e-02
  3.84487212e-02  2.82811187e-02 -7.83009157e-02  1.06063671e-01
  7.05031082e-02 -1.76214725e-01  1.53603004e-02  1.61968186e-01
 -7.60068148e-02 -1.95071086e-01  1.28114864e-01  8.55460241e-02
 -2.76523650e-01  2.58403048e-02  5.20570129e-02  1.59108073e-01
 -1.39173761e-01  3.87388915e-02 -1.23596616e-01  2.43182015e-02
  4.96264622e-02  2.42078155e-02  6.03027195e-02  1.04259506e-01
  4.99079702e-03  6.45475090e-02 -1.73441991e-01 -9.88147184e-02
  3.59815769e-02  6.32672161e-02 -7.74190277e-02  1.75755352e-01
  7.02950507e-02 -5.46004586e-02 -1.20490365e-01  1.39939502e-01
 -1.48812830e-01  1.58579737e-01  1.12267330e-01  2.35089064e-02
  6.19072355e-02 -2.85218596e-01  2.40130126e-02 -1.47619173e-01
  1.15157785e-02  5.03738672e-02 -1.37438290e-02 -7.26383179e-02
 -6.40952494e-03  1.62038192e-01  6.10081255e-02  1.46621123e-01
 -1.03913076e-01  2.78612882e-01  4.45661023e-02 -1.85529202e-01
  9.20546353e-02 -7.76186436e-02 -4.63864580e-02  3.80951073e-03
 -1.72889918e-01 -1.67126149e-01  6.24551922e-02  2.07398340e-01
 -4.88567531e-01  2.35514268e-01  7.21106604e-02  1.19577073e-01
  4.75524254e-02  1.49657652e-01 -1.41062289e-01  5.51695228e-02
  1.10457674e-01 -1.07447758e-01  5.83923794e-02 -9.31981113e-03
 -4.18534018e-02  3.57340612e-02 -6.75974339e-02  3.69912945e-02
  8.29572082e-02 -1.37817981e-02  5.91954850e-02  5.49359806e-02
  1.46448091e-01  3.10078114e-02  5.43884076e-02 -1.05871581e-01
 -2.26580098e-01 -7.46211410e-02 -6.82910606e-02 -3.54146212e-02
  5.86515926e-02  1.03803322e-01 -2.50207214e-03 -1.75859541e-01
 -2.50272620e-02 -3.53732109e-02  2.15703975e-02 -1.05135769e-01
 -6.01525605e-02 -3.55536580e-01 -1.00641362e-02  9.00610164e-02
  1.31979706e-02  1.49886891e-01  3.71348381e-01  1.52036086e-01
  6.45444840e-02  7.58367265e-03  6.23609591e-03  1.47978827e-01
 -1.73164144e-01  8.18208009e-02  1.97126612e-01  2.96472423e-02
  3.42665464e-02 -1.49889840e-02 -5.90615273e-02 -2.26580650e-02
  5.59933484e-02  1.15553901e-01  1.48688033e-02 -6.80771321e-02
 -5.92215434e-02  7.81201124e-02  7.08961114e-02  8.34689066e-02
 -3.26451175e-02 -2.54938770e-02 -4.45286930e-02 -2.12490745e-02
  2.24525444e-02 -1.44939169e-01  1.37554392e-01 -8.96962301e-04
 -7.66898245e-02 -9.96336117e-02  1.44409137e-02 -2.98667178e-02
 -1.75275490e-01 -1.31046474e-01 -1.50364026e-01  1.19149908e-02
  7.33006075e-02 -1.17129259e-01 -2.45331638e-02  4.53244261e-02
  6.30214810e-02  1.08914897e-01  3.32984850e-02 -7.75078684e-02
 -2.05584019e-01 -3.80955562e-02  1.13286160e-01 -7.48436749e-02
 -9.57364663e-02 -1.21844292e-01 -2.32928142e-01 -3.11700910e-01
  7.09837601e-02 -3.17835867e-01 -2.00781703e-01  8.13745558e-02
  4.72946279e-02  8.27528164e-03 -5.84621876e-02 -4.76697981e-02
 -2.24930644e-02  6.37947097e-02  9.79908556e-02  7.63653442e-02
  9.21220854e-02 -8.25674832e-02 -1.19822368e-01 -7.78672993e-02
  1.24233745e-01 -3.21396738e-02  3.24454978e-02  1.45062562e-02
 -2.34534994e-01  5.56793250e-03  3.35942358e-02  1.13168163e-02
 -7.03904331e-02 -1.18410416e-01  1.70436669e-02 -8.33481103e-02
 -4.63043824e-02  1.78578243e-01  4.26881425e-02  1.42320208e-02
  6.78336173e-02  6.33062571e-02 -6.92559481e-02 -1.19823128e-01
 -1.81274325e-01  1.18178569e-01 -2.19005216e-02  9.36165676e-02
  4.25151065e-02 -1.35326207e-01  3.14378575e-03  1.82791967e-02
 -2.85090432e-02  5.98494411e-02  2.10960150e-01 -8.05359408e-02
 -4.69079614e-02  5.04307225e-02 -9.21480954e-02  7.18629882e-02
 -3.98848876e-02 -1.92370918e-02 -9.10105780e-02  6.14459580e-03
  1.78218558e-02 -1.85237572e-01  1.06681511e-01  1.22203991e-01
  9.47420448e-02  3.68531495e-02  5.18014049e-03 -5.58519177e-02
  7.21515864e-02  3.33914012e-02  2.87296362e-02 -8.42815712e-02
 -1.37695642e-02 -1.10903122e-01 -2.32930891e-02 -1.46956712e-01
  2.04436719e-01  1.15059977e-02 -2.47358717e-02 -9.21294689e-02
 -4.64399718e-02  9.76448134e-02 -8.64090845e-02 -3.66496257e-02
  6.26311600e-02 -1.43529683e-01  6.00677952e-02 -3.15172337e-02
  1.00366240e-02 -8.00156072e-02 -8.02265927e-02 -3.28624919e-02
 -7.81608075e-02  2.31982917e-01 -1.41456813e-01  1.48567542e-01
  6.12636730e-02 -1.19081028e-02  9.58475620e-02 -1.26425520e-01
 -8.58192220e-02 -1.17726699e-02 -5.39681036e-03  1.44362934e-02
  1.04256488e-01  6.41106442e-03 -4.85574454e-02  7.88856521e-02
  5.61864637e-02  1.06661320e-02  7.34766945e-02 -1.74643531e-01
 -1.85844094e-01  9.96914059e-02  5.42555004e-02  6.51935488e-03
 -1.21322796e-01  8.11646343e-04 -1.42670661e-01 -8.41618031e-02
  4.95092720e-02  9.07542482e-02 -8.87056068e-02 -1.47746041e-01
  9.91872624e-02 -1.49097979e-01 -9.18148011e-02  1.06174760e-01
 -9.37859938e-02 -2.23565340e-01  5.88688664e-02 -4.21122797e-02
 -1.05187990e-01  3.45239311e-01 -8.64641145e-02 -6.56272545e-02
  5.49766719e-02  6.73171133e-02  2.87631273e-01 -9.08702239e-02
 -9.27646533e-02 -2.62004077e-01  1.60357371e-01 -3.33988667e-01
 -2.47275513e-02  7.76447952e-02  2.68224869e-02  5.51542640e-01
  1.00013129e-01 -1.29815135e-02 -8.17757752e-03 -9.72429514e-02
 -7.70574808e-02  7.17511326e-02 -2.04461291e-01 -4.09919731e-02
 -8.41361359e-02 -2.01532349e-01  5.82947582e-02  1.61619887e-01
  1.62621230e-01  1.79549977e-02 -2.71639109e-01  6.77747801e-02
 -1.63900927e-02 -1.56253934e-01 -4.52660322e-02  1.66347980e-01
  1.61374956e-02 -7.52639100e-02 -2.32256018e-03  2.09012121e-01
 -3.60403992e-02 -1.49300441e-01  4.68111411e-02  1.14186756e-01
 -1.19984206e-02 -1.26316413e-01  6.27583861e-02  1.51645869e-01
  9.57337096e-02 -4.20092829e-02 -7.34915137e-02  2.36964121e-01
 -8.63241106e-02 -2.15999752e-01 -2.01827884e-01 -4.74038124e-02
 -7.55704567e-02 -4.46941033e-02  7.13640898e-02  1.52577162e-01
  3.51296626e-02  5.52925467e-02  6.89434707e-02  3.82350795e-02
  1.20273061e-01  1.54525071e-01 -2.58194655e-03 -9.29474086e-02
  4.50338274e-02  3.97180021e-03  1.17283158e-01 -1.34495214e-01
  2.63297483e-02  7.26727992e-02 -7.73540810e-02 -6.20300174e-02
  3.57646309e-02  8.23443606e-02  3.44423532e-01  4.39050123e-02
  5.78339398e-02  9.96145383e-02  3.17234695e-02 -5.14413267e-02
  1.15238786e-01 -1.38328820e-01 -1.70502424e-01  7.94138312e-02
 -2.54265834e-02 -7.46879168e-03 -7.53269047e-02  1.14950672e-01
 -1.10216185e-01 -1.23410337e-01 -8.76422599e-02  6.46212697e-02
  5.90764545e-02  3.21909897e-02 -1.60966545e-01 -8.27142820e-02
  9.00072139e-03 -1.59992352e-01  1.12384588e-01 -4.07669209e-02
 -1.09929636e-01 -3.60848531e-02  7.12635461e-03 -3.23331021e-02]