http://erau.edu/ontology/meme.owl#OperationDrakeMeme
[-8.53110179e-02 -6.76715523e-02  8.97952542e-02  4.01600935e-02
 -1.04342557e-01  1.53495386e-01 -3.55037749e-02  1.32137656e-01
  8.93941447e-02 -1.90310076e-01  9.81208235e-02 -7.78940506e-03
  4.56007794e-02 -1.00012884e-01  2.64419429e-02  9.14653670e-03
  1.40329003e-01  6.32211789e-02  3.53209302e-03 -1.27820790e-01
 -1.14803225e-01  1.54822886e-01  2.39430163e-02  7.97434747e-02
  2.36480996e-01  9.07793939e-02  1.66715562e-01 -2.33285297e-02
  1.10504672e-01  2.53347844e-01  1.32267699e-01  1.02040075e-01
  1.66880875e-03 -8.21373016e-02 -8.65531042e-02  2.12773636e-01
 -1.21820219e-01  6.82678521e-02 -5.60461469e-02 -2.26646900e-01
  7.13021830e-02  2.25470081e-01 -1.08654670e-01  2.49697752e-02
  1.55026764e-01  3.42398621e-02 -4.37552333e-02 -1.79915383e-01
 -1.98161572e-01  9.52214748e-02  3.07252519e-02 -9.76157784e-02
 -1.45545512e-01 -9.04949605e-02 -1.55988649e-01 -4.50286940e-02
  1.38367295e-01 -1.16923906e-01  1.27986848e-01  1.14278093e-01
 -3.52458917e-02  7.70912096e-02  1.09121121e-01  1.18395999e-01
 -7.00570121e-02 -8.30997601e-02 -5.54135628e-03 -5.69772944e-02
 -1.43257797e-01 -1.41594216e-01 -1.25544429e-01  1.67231321e-01
  7.98004959e-03  1.37326056e-02  1.86012089e-01  1.29723206e-01
 -2.35199422e-01  4.93104830e-02  2.17900351e-01  6.90148920e-02
 -8.84179026e-02 -1.42719746e-02  2.83426289e-02 -1.55423835e-01
  2.03480616e-01 -5.92611637e-03 -1.26587272e-01  7.15593696e-02
  1.45071104e-01  1.05366763e-02 -6.10906556e-02 -3.12399089e-01
  1.02457426e-01 -2.98770905e-01 -1.25377834e-01  1.87440272e-02
  1.21001288e-01  3.01870946e-02  2.21384559e-02  2.58317832e-02
  3.81787390e-01  1.51796401e-01  5.78731656e-01 -2.46162526e-02
 -1.14338584e-01 -1.53731778e-01  9.89508703e-02  4.24187779e-02
 -9.81813222e-02 -3.59923661e-01  4.72034141e-02 -5.80663756e-02
 -4.80716117e-03 -1.65092692e-01 -8.25976580e-02  7.63373673e-02
 -3.02241445e-01 -4.34909947e-02 -1.11650683e-01 -1.06681481e-01
 -1.76555231e-01 -1.94762528e-01 -9.14249383e-03  2.31140599e-01
  1.43870488e-01 -1.12500839e-01 -1.42283604e-01  3.73257585e-02
  4.28627878e-02  7.20793381e-02 -3.87227476e-01  3.20090130e-02
 -1.42562583e-01 -9.35756564e-02 -1.79124270e-02  1.53503805e-01
 -1.34436741e-01 -1.60939768e-01 -1.80787817e-01  2.50903256e-02
 -2.28411585e-01  1.04023136e-01  1.01014279e-01 -1.12376362e-01
  3.65629584e-01 -4.15290087e-01 -1.50491986e-02 -1.18977807e-01
 -1.21053636e-01  1.37583300e-01  2.05934644e-02 -3.01582403e-02
 -7.28804320e-02  2.57620275e-01 -1.59150660e-02  1.55767396e-01
 -6.90123215e-02  2.40359232e-01 -9.93522536e-03  2.66540772e-03
  6.96016178e-02 -2.00227097e-01  1.27250522e-01 -3.48869637e-02
 -2.33438134e-01 -2.30943501e-01  2.81693805e-02  1.05085850e-01
 -4.28718477e-01  1.72226265e-01 -1.07717007e-01  7.04322457e-02
  3.64163488e-01  2.64954060e-01 -7.02903569e-02  6.01728484e-02
 -3.75001281e-02 -1.06009662e-01  1.89579889e-01 -1.62547961e-01
 -1.07844859e-01  7.43693337e-02  1.58727750e-01  2.19611332e-01
 -2.13620469e-01 -1.99144721e-01  2.36961097e-01  1.59934491e-01
  3.13537389e-01 -1.41785905e-01  1.02036461e-01 -6.84719719e-03
 -3.67156118e-02  9.76290554e-02  1.01972604e-02 -1.85317203e-01
 -1.22096926e-01 -3.92403547e-03 -6.05073571e-02 -2.34828088e-02
 -2.98610721e-02 -1.42341685e-02 -1.46768123e-01  8.36868808e-02
  3.65931913e-02 -1.79197073e-01  2.10078247e-02 -8.69925171e-02
  1.60744458e-01  6.35517165e-02  2.46384934e-01  3.98840383e-02
 -5.23024984e-02 -3.17522213e-02  7.25003555e-02  3.38864326e-02
  6.86100721e-02 -3.87342758e-02  7.94185027e-02  1.57832295e-01
 -8.28624666e-02  1.52576163e-01 -1.35530084e-01  1.33804083e-01
  1.41515353e-04  7.03603625e-02 -4.48607840e-02  2.35492419e-02
 -1.42817587e-01 -1.06083624e-01  2.83876546e-02 -4.01877649e-02
 -1.06850080e-01 -2.03948632e-01 -8.89721438e-02 -2.60852873e-02
  2.10902747e-02 -1.60893518e-02  7.65701383e-02 -1.94241628e-01
 -1.39395986e-02 -1.37196347e-01  2.53848452e-02  7.56916357e-03
 -3.02903533e-01 -7.69868866e-02 -9.65528041e-02  1.60791799e-01
 -1.92328364e-01  3.60131101e-03  1.50085464e-01 -9.84982476e-02
  5.61372265e-02  7.53574893e-02  4.15583879e-01  1.20945543e-01
 -2.59749711e-01  6.62755072e-02  7.41630606e-03  1.41643152e-01
 -2.46153295e-01 -4.93163988e-03 -3.99169922e-02 -1.92752257e-01
 -7.56478608e-02 -2.49346256e-01  6.54845536e-02  1.70599148e-01
  2.89386883e-02 -1.22971103e-01 -8.44084546e-02 -1.33427128e-01
 -2.06485659e-01  2.51925979e-02 -7.17105046e-02 -1.31079942e-01
  1.89777792e-01  7.90410787e-02  7.41096735e-02  1.99864656e-02
  8.61040130e-02  7.63989016e-02  3.28329317e-02  6.12094812e-02
 -1.02947302e-01  7.32767442e-03 -1.43706441e-01  6.16181567e-02
 -1.31125957e-01 -1.94419757e-01  1.25043646e-01  2.57734135e-02
  7.03766476e-03  2.38333438e-02  5.60843460e-02  3.10903694e-02
  9.84082893e-02  8.39022323e-02 -1.61208853e-01  1.38542861e-01
 -1.73858628e-01  1.11854404e-01 -1.94143541e-02  1.14349492e-01
  8.73652250e-02 -3.92824784e-02  1.64730638e-01  2.16579940e-02
  1.29369264e-02  8.43941793e-02  2.42092729e-01 -9.82200950e-02
  1.02738235e-02 -1.07876353e-01 -7.64881372e-02 -6.79502934e-02
 -6.99733347e-02  8.92418176e-02 -7.23563954e-02 -1.07393719e-01
  9.56126899e-02  8.32434446e-02  1.85933262e-01 -2.28965413e-02
  5.89181073e-02  7.58421943e-02  6.09022118e-02 -6.07941449e-02
  2.39148155e-01  4.89866585e-02 -1.81143992e-02 -1.13028377e-01
  1.21838436e-03 -1.93307161e-01  2.43249387e-02 -3.18796039e-01
  1.60007507e-01  9.07572359e-02 -1.63480621e-02  2.42338777e-01
 -1.82527525e-03  2.08772555e-01 -5.93716204e-02 -1.17920488e-01
 -1.26504064e-01  1.59873646e-02 -2.85641253e-02  1.40869677e-01
 -4.91742380e-02 -1.40823960e-01 -4.81536463e-02  3.56965922e-02
 -7.72434175e-02  2.06833929e-01 -6.02215454e-02  1.68822274e-01
  8.92089903e-02  3.47919427e-02  2.14582309e-01 -1.22788042e-01
 -4.47022431e-02  4.70453091e-02  1.94651306e-01 -7.20243976e-02
  2.27883235e-02 -2.67750230e-02 -7.71892518e-02  1.03630863e-01
  1.89253371e-02  7.09157363e-02 -6.77539641e-03 -1.23366371e-01
 -2.43270963e-01 -1.76106896e-02  2.00161397e-01  1.68495271e-02
 -9.83700603e-02  1.26007378e-01 -1.05660120e-02 -1.11177318e-01
  8.97555798e-02  1.14781812e-01  3.28391790e-02 -2.40915656e-01
  1.41837716e-01 -9.50315893e-02  4.25685346e-02  1.23788476e-01
  2.18653262e-01 -2.63534952e-03 -1.49763614e-01 -2.14574579e-02
  1.19100824e-01  7.69441873e-02  7.78208151e-02 -2.08906710e-01
  5.12935482e-02  7.65612200e-02  2.53988504e-01 -3.27016227e-02
 -5.90428784e-02 -7.22970441e-02  1.27190366e-01 -1.38930440e-01
 -2.48208806e-01  8.26885365e-03 -2.50954200e-02  1.16734639e-01
  1.56024531e-01 -4.41958085e-02  7.49575570e-02 -2.75971562e-01
 -5.41916713e-02 -6.42286837e-02 -1.83307171e-01  6.15328625e-02
 -2.81262159e-01 -4.04070355e-02 -1.02749608e-01  1.26073942e-01
  1.83595702e-01 -1.78734303e-01 -2.11724997e-01  1.28722385e-01
  3.87337655e-02 -1.09471090e-01  5.17058633e-02  2.67055277e-02
  2.32456908e-01  9.09755528e-02  8.51530582e-02  1.89851671e-01
  1.13844149e-01 -1.60432965e-01  2.09834412e-01  2.08772868e-01
  1.28466740e-01  1.63920075e-02  2.49494687e-02  2.56976366e-01
  1.63948879e-01 -6.17159121e-02 -2.07158506e-01  4.59893048e-01
 -4.68348593e-01 -6.04861416e-02 -3.01212609e-01 -1.37955993e-01
 -1.56132564e-01  1.77202001e-01  6.67360844e-03  2.27462769e-01
  1.02915734e-01 -3.24806981e-02  2.61602044e-01  6.03073416e-03
  2.13622764e-01 -3.71870063e-02 -7.21054105e-03 -2.30187345e-02
  1.61244094e-01  1.58792697e-02  1.68830812e-01 -3.54762748e-02
 -6.04046695e-02  4.61337976e-02 -1.49477258e-01 -1.16693534e-01
 -7.14854058e-03  5.34542538e-02  1.59469277e-01 -7.38696009e-03
  9.39532667e-02  1.36800557e-01  1.09824523e-01 -1.55287266e-01
  3.55624668e-02 -1.77145556e-01 -4.88661379e-02  2.47576699e-01
 -1.75430730e-01 -1.25005230e-01 -1.67785376e-01  3.44109803e-01
 -1.78917229e-01 -3.01291376e-01  1.20636085e-02 -2.00563716e-03
  1.02400649e-02  4.17918935e-02 -1.28187448e-01  1.05839163e-01
  5.10286773e-03  3.30161862e-02  1.61950395e-01  1.66666880e-01
 -4.30631414e-02  8.20054486e-03  5.59465438e-02  2.56298222e-02]