http://erau.edu/ontology/meme.owl#ComradeJebMeme
[ 0.02764843 -0.10194276  0.02198757 -0.04705086 -0.09168936  0.03753817
  0.07682279  0.09895058  0.05453774 -0.04037049  0.17690544 -0.10038514
  0.04359102  0.04462204 -0.08455303 -0.11244146  0.04806569  0.06776468
 -0.00117245 -0.03387706 -0.18270254  0.16818438  0.04108208 -0.11972521
  0.13996436 -0.0051202   0.01521457 -0.0140145   0.17750283  0.17147224
  0.11272724  0.14096688  0.03603844 -0.00932209  0.03102216  0.2028747
  0.04233039  0.07854551  0.00839848 -0.03863538 -0.04566194  0.12818576
 -0.25923443 -0.00222479  0.12856969 -0.00397646  0.04998404 -0.06908827
 -0.0674834  -0.03174956  0.06344794  0.01597382 -0.12289022 -0.17221874
 -0.17404763  0.0192827   0.05105025 -0.04582392  0.19880895  0.04599819
 -0.10132772  0.01098855  0.08308315  0.04726081 -0.02632893 -0.09649048
  0.06317791  0.01454772 -0.13817033 -0.06700622 -0.20916015  0.00991764
  0.12971295  0.06975021  0.00091496  0.10314862 -0.11730288 -0.00211191
  0.08444939 -0.03299706 -0.04295921 -0.10905518 -0.09911281 -0.12699379
  0.1300992  -0.0017554  -0.06526393 -0.11451214 -0.0326829  -0.03596884
  0.07270341 -0.09963956  0.12952642 -0.00699643 -0.06054689  0.05185625
  0.11783707 -0.06055274  0.02799364 -0.01904849  0.20293114  0.02253504
  0.24418074 -0.05114031 -0.03305855  0.08052891  0.05759931 -0.04488622
 -0.03084638 -0.0795368   0.01646055 -0.00548113 -0.05799953 -0.18684924
  0.02869888 -0.03377198 -0.23655501 -0.17563686  0.01984886  0.17402822
 -0.09833493 -0.0431079  -0.12558636  0.12092055  0.15081002 -0.09987214
 -0.01832378 -0.02046701  0.18281545  0.05083566 -0.2788565  -0.01074635
  0.05756879 -0.06271152 -0.07875792  0.08665295  0.03403333 -0.03768623
 -0.20241416  0.19724949 -0.20977409  0.04679566  0.06454508  0.05830517
  0.2363107  -0.28911144  0.02385687 -0.13171002 -0.08671484  0.18761723
  0.03071552  0.00889302 -0.06347606  0.08857758 -0.03158489  0.16307192
 -0.17201744  0.254239   -0.01089713 -0.05985199  0.03632898  0.08182786
  0.00602314 -0.10745858 -0.17929164 -0.16283135  0.12701346  0.12789835
 -0.4331542   0.11797034  0.09744396  0.04349774  0.15023062  0.19757392
 -0.06431267 -0.0402769  -0.07118948  0.01366741  0.09682773 -0.02530858
 -0.08987253  0.13088845  0.02811085 -0.02463391  0.05680131 -0.05168402
  0.06170779 -0.05013182  0.25065324  0.07331192  0.06282268 -0.05153269
 -0.15776835 -0.07431422  0.06025451  0.00822664 -0.0743878   0.10893553
 -0.01609031 -0.0492058  -0.11513996  0.00605196 -0.03117672 -0.07300945
 -0.02411757 -0.16827182 -0.07325839  0.01870629  0.1263153   0.10857363
  0.23741993  0.02338058 -0.04573839  0.02362503 -0.04181325 -0.0473611
 -0.03651496  0.02475676  0.01404592  0.13309693 -0.06409582  0.03718209
 -0.11002278  0.11889918  0.00208454  0.04069988 -0.08989117  0.06241418
 -0.03947552  0.07376967  0.20828585  0.02490808 -0.06530855 -0.06822956
 -0.1263141   0.06931808 -0.0366789  -0.10967014 -0.00769795 -0.05474428
 -0.12395243 -0.08879274  0.034628   -0.07636943 -0.16992728 -0.04087448
 -0.10680009 -0.07188467 -0.04133483  0.05180429  0.04774436 -0.02169924
  0.03532404 -0.03509796  0.13792749  0.03286873 -0.1997166   0.01953324
 -0.0363202   0.06826131 -0.11771992 -0.04320664 -0.06528668 -0.14165935
 -0.11618306 -0.20142113 -0.05379413 -0.01671733  0.08922263 -0.16795185
 -0.12858021 -0.11275781  0.01470256  0.02833668  0.03363382 -0.04263389
  0.06828747  0.01825952 -0.00513976  0.03464147  0.1556348   0.14196542
  0.04723559 -0.10733589 -0.21578702  0.133277   -0.02555746  0.05193686
 -0.04524433 -0.02564093  0.10850545 -0.2304006   0.06047721 -0.03312884
  0.00143059  0.00943189  0.06096677 -0.02268938 -0.09259017 -0.04718021
 -0.22860426  0.03449084 -0.02009168  0.08609568  0.03963249 -0.00650568
  0.03804889  0.02688043 -0.01413417  0.02273291  0.3177263  -0.06312183
 -0.10828713  0.1518851  -0.01729279  0.06086988 -0.12722704 -0.02375958
  0.05803704 -0.13174771  0.13701476 -0.04941825  0.2107849   0.09274826
  0.04551426  0.06830072 -0.07971912 -0.02341455  0.03840019  0.05214583
  0.09762021 -0.04564959 -0.02961834 -0.20430811 -0.08347959 -0.17217854
  0.1989046  -0.05033344  0.00715006  0.11432429 -0.04296922  0.08444056
 -0.11484542 -0.10907426 -0.06541914 -0.10224704 -0.10696101 -0.01238215
  0.03204875 -0.12079269 -0.07921416 -0.00856599 -0.15810627  0.19186233
 -0.10691787  0.04412122 -0.06847508 -0.01792026  0.24704193 -0.15740167
 -0.10158187  0.01088882 -0.07102525  0.01312078 -0.10843755  0.05236424
 -0.06295202  0.07957762  0.05866827  0.05539231  0.08437873 -0.05929728
 -0.22556585  0.13920449 -0.02985599 -0.11856155 -0.03542638  0.05887593
 -0.13546154  0.03633202  0.07524514  0.10475394 -0.10328328 -0.1007767
  0.05842267 -0.18468197 -0.03243868  0.2042936  -0.08885963 -0.15539208
 -0.03040662  0.06765837 -0.09013448  0.4017361   0.00140628 -0.22732435
  0.04464157  0.11022918  0.40606797 -0.1220213  -0.09484217 -0.23100626
  0.06097582 -0.29157057 -0.07394113  0.13399872 -0.03044237  0.29016995
  0.03793294  0.0098413   0.11183318 -0.16051821 -0.08212242  0.00131218
 -0.08643027  0.02104563 -0.13810077 -0.19294204 -0.04580998  0.06671202
  0.15917273 -0.04406751 -0.15416269  0.04452476 -0.06512945 -0.15016674
  0.04903759  0.16183718  0.02079858 -0.01988584  0.08904975  0.14262179
 -0.02687513 -0.300222    0.14251077  0.11017221  0.12180362  0.04215651
  0.10398708  0.15426871  0.10609048 -0.01809415 -0.06926769  0.3192193
 -0.16906184  0.06562595 -0.13919812 -0.15758689 -0.14646098  0.06494627
  0.0596355   0.03427099  0.06747711  0.05860487  0.16988504  0.05846764
  0.0919311   0.06727195  0.07537733 -0.04819249 -0.00172629  0.14223276
  0.17859116 -0.10160799 -0.0130879   0.04879898 -0.03572506 -0.11972783
  0.02256361  0.06291217  0.24648997  0.00965167  0.23374817  0.06131278
  0.02391899 -0.16741872  0.15084739 -0.09159382 -0.10177762  0.14273232
  0.00807828 -0.02651182 -0.17351687  0.16384324 -0.13260438 -0.26377174
 -0.09406096 -0.0826153   0.1156179   0.08777009 -0.11271662 -0.01677804
  0.06657143 -0.0512577   0.06084856  0.05497989  0.00677047  0.06108805
 -0.04789007 -0.04808151]