http://erau.edu/ontology/meme.owl#StalinSaysMeme
[ 0.00618786 -0.09692284  0.00565207  0.02875216  0.01759799  0.05029762
  0.08789349  0.01127778  0.01621696 -0.06238783  0.13975097 -0.08779187
  0.02929848 -0.04200566 -0.07352792 -0.10713255  0.06064646  0.03249952
 -0.14206128 -0.00194987 -0.2273793   0.16582903  0.04891861 -0.22365724
  0.10634001 -0.04096443 -0.05331459 -0.0474488   0.20102328  0.07802135
  0.1656498   0.17179061  0.008025   -0.0526043  -0.03274082  0.18792278
  0.01678322  0.11574093  0.01287542 -0.10367302 -0.08238266  0.2210782
 -0.26919866 -0.06087814  0.11400481  0.03656432  0.07491019 -0.04980672
 -0.10839293  0.05227393  0.05577737  0.02640781 -0.18624443 -0.14927469
 -0.18779863 -0.07535572  0.10957742 -0.15982713  0.2625087   0.02704478
 -0.04797973 -0.02489892  0.10313743  0.0874874  -0.00924348 -0.21100692
  0.0611834  -0.09839945 -0.0988513  -0.08660399 -0.09699159  0.132164
  0.15646408  0.09798419 -0.00527996  0.18312863 -0.04557039  0.05329833
  0.11062869  0.03294412  0.00564561 -0.13817567 -0.07954187 -0.17013472
  0.1298444  -0.00370551 -0.06413399 -0.02203252  0.00280404 -0.08298507
 -0.01919293 -0.18060523  0.10155201 -0.11416221 -0.02906847  0.06180882
  0.04567851  0.01806833 -0.06360745 -0.07273374  0.15182196  0.10136395
  0.22472456 -0.09473428 -0.05491621  0.03778454  0.17041104  0.02364133
 -0.02975943  0.00962107 -0.05367041  0.05997059 -0.20228676 -0.09722706
  0.04171148  0.03642398 -0.28912038 -0.20092058  0.05482444  0.14403188
 -0.02298093 -0.08378319 -0.1693306   0.08348407  0.12796    -0.13734208
  0.00465722  0.04036499  0.05534453  0.01726711 -0.21923618 -0.07186092
  0.01579606 -0.06029557 -0.04526993  0.13162363 -0.01882135 -0.01360822
 -0.18722513  0.13527083 -0.2755469   0.05821476  0.16983646  0.1621993
  0.23556603 -0.3250651   0.04643774 -0.1349255  -0.1736639   0.09321357
  0.05947886 -0.00282136 -0.09619561 -0.00079325 -0.09465946  0.04753797
 -0.16821593  0.24475445  0.02536195 -0.14409697  0.05922321  0.03599923
  0.00102863 -0.10235193 -0.27855575 -0.13983192  0.07793581  0.14883198
 -0.37453678  0.15732688  0.01561893  0.1678698   0.2953247   0.23129508
 -0.02641541 -0.04762058 -0.06800547 -0.01139887  0.06888098 -0.0036262
 -0.19803016  0.13321348  0.01121646 -0.04518303 -0.08389204 -0.04167808
  0.11489562 -0.00849082  0.13386731 -0.00853638  0.03358425 -0.08679372
 -0.21088417 -0.06801     0.04936102  0.01679764  0.00155608  0.16801645
 -0.16286041 -0.04964092  0.02531335  0.05470145  0.05425929 -0.03359083
 -0.07720046 -0.29788113 -0.12004576 -0.01928396  0.18808837  0.16395512
  0.27166438  0.03309691  0.03065327 -0.02516064 -0.07638284  0.00319845
 -0.09919529 -0.04621425  0.10202713  0.16138211  0.06727964  0.1612174
 -0.06099065  0.06877945 -0.00944894  0.04833248 -0.04461157  0.00763634
  0.04869932  0.00354817  0.1401871   0.00980113 -0.14933732 -0.09093115
 -0.13961731  0.1386649  -0.08173721 -0.08893587 -0.03199457  0.02606112
 -0.1090117  -0.09290452  0.03733562 -0.09102096 -0.2262487  -0.05219344
 -0.18522559 -0.11705223 -0.01584476  0.06775448  0.07204244  0.06615256
  0.06359128  0.02433174  0.14083117  0.05798293 -0.09392204  0.05716971
  0.02855486 -0.00468091 -0.02927558 -0.1496203  -0.09204608 -0.10338753
 -0.19502875 -0.26729956  0.0937179   0.10997202  0.19558322 -0.18160889
 -0.07153985 -0.14449468  0.01427793  0.09210329  0.12345084 -0.04198424
  0.19264133 -0.02011904 -0.02672667  0.0402298   0.15075427  0.09132242
  0.00542365 -0.12496779 -0.15295021 -0.00626926 -0.11822939 -0.02301296
 -0.03859734 -0.22788237  0.08935037 -0.2741056   0.0260904  -0.03357138
  0.02304907  0.06306972  0.11052958 -0.01305802 -0.0616151  -0.15833896
 -0.28607526  0.01950939 -0.00250536  0.01742987 -0.04372847  0.01882226
  0.05158328 -0.02380208 -0.06630676  0.04956154  0.28970173 -0.17605253
 -0.10411432  0.03377701 -0.11018559  0.08439312 -0.12648673 -0.00523324
  0.12335166 -0.15386592  0.08504467 -0.161551    0.15353729  0.18230368
  0.07442194  0.08018484 -0.14691268 -0.00692812  0.04110937 -0.03416504
  0.05269834 -0.04980479 -0.02100209 -0.19018397 -0.0708869  -0.19296212
  0.18988718  0.00053932  0.06085839  0.05840224 -0.03188153  0.03583171
 -0.06626893 -0.04852493  0.00242629 -0.07602224  0.00376972 -0.02674178
 -0.05497101 -0.0697502  -0.0709627  -0.02952575 -0.14017276  0.12274655
 -0.15796356 -0.00482056 -0.01874126 -0.025344    0.1262156  -0.03504087
 -0.05886807  0.00455015 -0.03823482 -0.02205628 -0.04034234  0.01895369
 -0.08974052  0.06294055  0.08684684  0.03457877  0.03892173 -0.06910873
 -0.26331037  0.14821385 -0.03973247 -0.09183639 -0.0895721   0.03899956
 -0.12177546  0.02556144  0.01424687  0.16151793 -0.10087129 -0.10560795
  0.09157712 -0.15625213 -0.03922062  0.1718599  -0.11030474 -0.11589396
  0.05212664  0.06055003 -0.08132926  0.3258227  -0.04959241 -0.16920082
 -0.03278654  0.02231391  0.412235   -0.15899587 -0.06714392 -0.2940363
  0.11060748 -0.21050738 -0.1476838   0.02882476 -0.10566697  0.3970678
  0.06353167  0.15240805  0.02245934 -0.10468793 -0.1215833  -0.03670104
 -0.04678103  0.05464675 -0.02660782 -0.18528399 -0.02754001  0.05309742
  0.08557474 -0.02540527 -0.13315962  0.0400332  -0.00305985 -0.08339825
 -0.02320775  0.1863814   0.09369181 -0.00826851 -0.00318144  0.1735783
 -0.04060103 -0.22358014  0.17683028  0.08148073  0.12778164 -0.07445568
  0.09132747  0.13134608  0.08538501  0.02651238 -0.1303174   0.20254871
 -0.18180428  0.05007982 -0.1580691  -0.07064202 -0.09298735  0.0469939
  0.12761423  0.08443611  0.13527289  0.01703278  0.15080942  0.00905738
  0.12089422 -0.04062763  0.06486002 -0.0333341   0.09901138  0.13267611
  0.13917944 -0.22215654  0.04546826  0.09901363 -0.04342388 -0.1449101
 -0.02929924  0.00813643  0.23161677  0.02354284  0.25033313  0.12022541
  0.02119222 -0.21736225  0.13388412 -0.02703773 -0.12708208  0.05115701
  0.0223562  -0.01483777 -0.14114405  0.15197127 -0.18065242 -0.11682273
 -0.1147788  -0.05708447 -0.00651604  0.00652941 -0.09405755  0.00473032
  0.00358345  0.03114529  0.03623361  0.01087785 -0.01642613  0.07794075
 -0.03505812 -0.08618845]