http://erau.edu/ontology/meme.owl#4chanraidonshirtmockupshirtwascashMeme
[ 1.41804861e-02 -1.72741413e-01 -9.39123854e-02  6.93407804e-02
 -9.87016112e-02  1.35833591e-01  1.44217029e-01  1.67166755e-01
 -5.55459559e-02  1.24166943e-02  4.96441312e-02 -9.06196162e-02
 -9.26929340e-02 -7.74281621e-02  3.09327208e-02  7.93402866e-02
 -3.77200320e-02  5.58872558e-02 -1.29874377e-02  9.43718478e-02
 -1.18541807e-01  2.74300668e-02  2.91459844e-03 -1.33521914e-01
  3.93350758e-02  2.88053025e-02  2.23725252e-02  1.11562954e-02
  2.20402688e-01  1.51365519e-01  6.92527071e-02  1.23972133e-01
  9.26300436e-02  1.59121547e-02  1.02196792e-02  1.19131915e-01
 -4.39245775e-02  9.39991847e-02 -2.00388059e-02 -1.88302800e-01
  7.41880685e-02  1.23279706e-01  1.00115081e-02  7.82723799e-02
  7.63110667e-02 -2.67758816e-02 -3.27319978e-03 -9.27574858e-02
 -2.61882581e-02  1.12466894e-01 -5.79018379e-04 -8.03047698e-03
 -7.65414909e-02 -2.05239594e-01 -4.83507551e-02  5.45920283e-02
  8.29658583e-02 -8.79782066e-02 -1.94678474e-02  6.56499043e-02
 -5.83774336e-02 -3.51181664e-02 -1.91109311e-02 -1.08917682e-02
 -2.81676173e-01 -1.38085768e-01 -2.42421739e-02  5.58705628e-02
 -1.40911378e-02 -1.76626936e-01 -1.19641960e-01 -2.10063830e-02
 -1.05949625e-01  3.31234522e-02  2.60847677e-02  6.14066981e-02
 -2.06576332e-01  9.37081128e-03  1.11316286e-01  6.43298477e-02
 -1.91533733e-02  2.32839156e-02  1.05896844e-02 -9.67964083e-02
  3.81804407e-02 -1.60333812e-02 -1.63215011e-01  6.08685203e-02
  4.52570319e-02  9.85928923e-02  2.11731102e-02 -1.99578330e-01
  5.99096939e-02 -7.14260489e-02 -3.25616002e-02 -2.75854841e-02
  5.47603481e-02  1.25257358e-01  7.62311369e-02 -3.97490291e-03
  1.13597155e-01  1.18405469e-01  2.65112787e-01 -2.31219493e-02
  1.20626114e-01 -1.85775924e-02  9.00948271e-02  2.35816464e-02
  2.29518879e-02 -1.01634845e-01  5.10366037e-02  7.61641329e-03
 -1.35926425e-01 -9.29967612e-02 -1.04104374e-02  7.40635917e-02
 -1.99740157e-01 -6.47434443e-02 -5.60969673e-03 -4.51045074e-02
 -1.20675579e-01  8.16139951e-03 -3.52194719e-02  1.16304971e-01
  1.29996225e-01 -2.55519524e-02 -3.98414247e-02  1.37621099e-02
 -4.50549535e-02  5.15666753e-02 -2.75402606e-01 -5.37582003e-02
  3.54446881e-02 -1.36210456e-01 -1.32503822e-01  7.58155733e-02
 -4.76957124e-04 -1.43940821e-01 -1.21345535e-01  3.71368937e-02
 -2.88480878e-01  7.28580356e-02 -2.75348332e-02 -1.91989727e-02
  1.81613103e-01 -1.68533757e-01 -1.69990454e-02 -1.56038642e-01
  2.70905569e-02  1.81470096e-01  3.08459830e-02 -4.11976576e-02
  5.46075143e-02  1.51014179e-01  1.37135433e-02  8.75801966e-02
 -1.57096490e-01  2.22213581e-01 -7.62333628e-03 -6.71024248e-02
  1.20524527e-03 -1.45054758e-01  9.67203379e-02  7.79916346e-02
 -1.39107227e-01 -7.56680295e-02 -6.19401969e-02  5.61885983e-02
 -3.67062151e-01  2.01697499e-01  7.13792220e-02  2.34650895e-01
  1.63207546e-01  2.42846832e-01 -9.05002132e-02 -1.06607102e-01
  1.48412660e-02 -3.72112319e-02  1.67491347e-01 -5.96478395e-02
 -7.35565126e-02  6.37369230e-02  1.46649897e-01  9.89299417e-02
 -3.38546298e-02  2.53930148e-02  9.26017463e-02  1.08624667e-01
  1.29835799e-01 -7.17810020e-02 -5.05296979e-03  6.27804175e-02
 -1.88151538e-01  4.40343134e-02 -4.82295603e-02 -2.94213323e-03
  8.12991187e-02  1.07016504e-01  2.49742414e-03 -4.06154171e-02
  1.48733193e-02 -2.57863640e-03  1.29721135e-01 -4.30343226e-02
 -1.42917156e-01 -1.30081009e-02 -1.92600023e-02 -4.69567776e-02
 -2.41372734e-02  3.65465730e-02  2.01453611e-01  1.00990288e-01
 -4.08991687e-02 -7.41713941e-02  9.85301286e-02  1.51206506e-02
 -2.03327671e-01 -3.84022854e-02  1.00632928e-01  7.58334547e-02
  7.15994686e-02  1.16751552e-01 -8.97184834e-02  6.29919246e-02
  2.59763207e-02  1.24189118e-02 -8.52710903e-02 -4.34252657e-02
 -1.48239747e-01  4.17712294e-02  8.72849002e-02  7.55054280e-02
 -9.60876271e-02 -3.58619690e-02 -1.32624656e-02 -2.91662198e-03
 -9.36657749e-03 -5.52956713e-03  1.79334730e-01 -1.29729614e-01
 -3.68902385e-02 -4.55186004e-03  6.93248138e-02  1.50087951e-02
 -2.18308330e-01 -1.39878482e-01 -1.82523608e-01  5.52340373e-02
  8.91636591e-03 -6.88418299e-02  8.26782659e-02  4.49795127e-02
  1.32660329e-01  5.51547594e-02  1.91229805e-01 -1.12590790e-01
 -9.40512717e-02 -9.31109674e-03  3.16576846e-02  1.33428872e-02
 -6.15661964e-02  2.32000779e-02 -3.55305038e-02 -1.24994799e-01
 -6.48493394e-02 -1.55991659e-01 -3.88939083e-02 -2.25893389e-02
  3.01211420e-02 -5.36868647e-02 -9.87641439e-02 -1.22175455e-01
 -1.23243392e-01  1.42011583e-01  7.18182474e-02  5.04734851e-02
  1.36562705e-01 -1.62458736e-02 -1.11283306e-02 -2.02425923e-02
  2.27954201e-02  4.63600270e-02  2.78324783e-02  6.57432750e-02
 -1.32968172e-01  5.45862056e-02 -1.15230121e-01 -8.12705830e-02
 -6.09076135e-02 -5.28897978e-02  1.18797719e-01  2.43747756e-02
 -4.27709557e-02  6.66738078e-02  3.40805179e-03 -7.06247985e-02
  1.95007995e-01  8.84986296e-02 -2.78920949e-01 -8.72002020e-02
 -3.04487556e-01  3.64097841e-02  6.19860319e-03  1.11106187e-01
  7.42533710e-03 -1.07850805e-02  1.87567443e-01 -1.32083772e-02
 -1.47515060e-02  2.87018325e-02  2.11850673e-01 -1.59411579e-01
  5.27042821e-02 -1.59231443e-02 -5.27741872e-02  3.87899354e-02
 -5.90580190e-03  6.66945204e-02  4.10373881e-03 -6.97998255e-02
  8.84028673e-02 -1.52631998e-01  1.38865054e-01  1.14357889e-01
  1.79277286e-02  6.10905746e-03 -1.26069024e-01 -5.89049235e-02
  1.09652840e-01  6.65771738e-02 -6.75889179e-02 -1.98894273e-02
  1.61841549e-02 -1.35032728e-01  4.50426526e-02 -2.82532841e-01
  1.70281529e-01  2.08674952e-01 -1.42745107e-01 -4.34257963e-05
  2.18402054e-02  1.77963644e-01 -2.44147182e-02 -5.35176741e-03
 -3.91221978e-02 -1.16515070e-01 -4.22420204e-02  1.02049962e-01
 -1.70433193e-01 -1.13356359e-01 -7.69739375e-02  1.31668923e-02
 -6.91796467e-02  2.19096273e-01 -1.67045340e-01  2.73897558e-01
  3.06770504e-02 -1.00276940e-01  3.34702253e-01 -4.82590571e-02
 -1.15258947e-01  8.60816240e-02  2.48112138e-02 -2.71318853e-02
 -5.27796336e-02  4.08782298e-03 -1.13616131e-01  6.10312298e-02
  3.73095609e-02  3.10858041e-02 -7.34294876e-02 -6.94765672e-02
 -2.26935074e-01  6.79183304e-02  1.68347046e-01  1.44704813e-02
 -2.79000797e-03  4.35772613e-02 -8.92250836e-02 -1.84709087e-01
  7.98498616e-02  2.35950366e-01 -1.26377970e-01 -1.71590477e-01
  7.33821392e-02  3.09165828e-02 -1.09243587e-01  4.21111844e-02
 -3.79307643e-02 -4.39091064e-02 -1.51248991e-01  4.38145101e-02
 -9.39272642e-02  1.66214988e-01 -4.96038161e-02 -1.52046815e-01
  7.48548433e-02  4.15195115e-02  7.87741691e-02 -4.93038595e-02
  4.20862623e-02 -7.89110363e-02  3.28079462e-02 -1.00817867e-01
 -4.56074439e-03 -2.46671010e-02 -4.48340699e-02  1.99741751e-01
  1.03683017e-01 -2.25060042e-02  1.52354702e-01 -2.05648750e-01
 -2.38812506e-01  6.47712424e-02 -1.64004430e-01  4.38764282e-02
 -1.42779559e-01 -2.16477931e-01 -7.43920282e-02  1.08208761e-01
  8.00204277e-02  6.68969820e-04 -3.21650326e-01  9.56011564e-02
 -5.96847907e-02 -1.31228834e-01 -2.64197756e-02  6.84647635e-02
  1.74132705e-01  2.96803042e-02 -5.41237667e-02  3.01195264e-01
  6.14025705e-02 -1.70017362e-01  1.10183870e-02  2.06298098e-01
  9.08033475e-02 -3.89856263e-03  8.67138850e-04  2.16415539e-01
  1.96937993e-01 -3.40080746e-02 -8.95368680e-02  4.48196471e-01
 -2.59421021e-01 -6.13429546e-02 -3.19656581e-01  6.03520917e-03
  3.43686529e-02  1.85314327e-01  1.30524442e-01  1.74310416e-01
  1.12588763e-01  2.45970618e-02  1.80007920e-01 -5.17625101e-02
  1.62552670e-01  1.17360435e-01  1.81779146e-01 -4.52203341e-02
  4.60428670e-02  9.31757763e-02  1.07598506e-01 -9.28441584e-02
 -2.33921297e-02  1.87043607e-01 -1.55338496e-01 -6.87841848e-02
 -1.07834369e-01  1.01022184e-01  1.14884205e-01 -9.77409780e-02
  1.77773923e-01  1.73805758e-01  3.72343734e-02 -1.46290049e-01
  8.06992203e-02 -1.79224819e-01 -1.30518600e-02  1.18754134e-01
 -1.18827350e-01 -4.83515449e-02 -1.33404210e-01  1.29977748e-01
 -9.43838656e-02 -2.53366172e-01  1.28610376e-02 -1.12891898e-01
  9.92124528e-02  1.30483687e-01 -1.28882423e-01 -3.98160592e-02
  2.82747634e-02  1.82031617e-02  2.11247668e-01 -1.08831085e-01
 -9.48144495e-02 -1.64891556e-01  1.66525948e-03  5.35094291e-02]