http://erau.edu/ontology/meme.owl#TrollfaceMeme
[ 0.02999588 -0.00450048  0.1167624   0.12457018 -0.00601547  0.13714065
  0.03532927  0.19689527 -0.02316024 -0.05996812  0.12576902 -0.05911031
 -0.09770978  0.0211576  -0.04165026  0.12473543  0.00573476  0.03334573
 -0.01827583  0.08470099 -0.18920101  0.02196032  0.18945356 -0.05784896
  0.18944748 -0.00784264 -0.0387371   0.0118048   0.21277355  0.10302272
  0.19200218  0.21161854  0.15208003 -0.13843644 -0.05321635  0.21177036
 -0.066924    0.18163325  0.01691712 -0.15359128  0.03930319  0.21023329
 -0.1464643  -0.13695352  0.00302302  0.02834939  0.00100401 -0.03789363
 -0.014741   -0.03911735  0.03700016  0.09859476 -0.19855215 -0.04155293
 -0.05576352  0.07510736  0.02318186 -0.06551164  0.0820118   0.07419784
  0.14860648 -0.1338681   0.1303083   0.00398013 -0.25972724 -0.23059726
  0.1254199   0.01376708  0.02573963 -0.07967898  0.0693903   0.07568573
  0.02593918 -0.00675373  0.183582    0.08612633 -0.23874176 -0.02292579
  0.07688373 -0.0327423   0.06856756 -0.10445265 -0.01221717 -0.08054782
  0.10550153  0.0381242  -0.13361864  0.03087858  0.06223014 -0.03349963
  0.08868586 -0.20049913  0.07139719 -0.05126954 -0.06142514 -0.09722492
 -0.1077721   0.13022959  0.06116408  0.01845889  0.16292603  0.1314385
  0.28045666 -0.07687695  0.00332452  0.0388849   0.16482927 -0.00547117
  0.02539916 -0.00639533 -0.13969135 -0.0540258  -0.0946558  -0.00037673
 -0.00691734  0.07566792 -0.3519532  -0.08212482  0.02658822  0.09803209
 -0.09120404  0.0109272  -0.06411685  0.16117531  0.14321873 -0.19939162
 -0.03026594  0.05714307  0.12145674  0.07654356 -0.25495076 -0.01667073
 -0.06052916 -0.01830405 -0.05176458  0.09042294  0.02666808 -0.18304121
 -0.09886691 -0.04206958 -0.06117508 -0.01721697  0.08018209 -0.00720116
  0.30468524 -0.20627482 -0.00319425 -0.15946017  0.03683089  0.09050891
  0.06515905 -0.03565257 -0.00260189  0.11842185  0.02425644  0.09317771
 -0.10087518  0.13922727  0.05427317  0.02104661 -0.00601213 -0.22941644
 -0.03220554  0.12296735 -0.28039908 -0.14003107 -0.00588905  0.0621873
 -0.3576328   0.1884024   0.12962171  0.26232478  0.17134827  0.17908303
 -0.00266044 -0.12166912 -0.02723051 -0.11936469  0.12193557 -0.01709892
 -0.1820079   0.07475089  0.1943829  -0.0309364   0.0005108   0.03652912
  0.21225144  0.07177292  0.08220074 -0.149652    0.02332505  0.06186185
 -0.01780685  0.04098412  0.06189089 -0.14968176  0.16118236  0.04011738
 -0.04184916 -0.05042434  0.02536542 -0.04020431  0.18545304  0.04761938
  0.01263729 -0.31044173 -0.00813617 -0.02742936  0.20962314  0.12429501
  0.28458673 -0.04739737 -0.11307395 -0.1961109   0.19111606 -0.04543599
 -0.11264621  0.08128508  0.14421216  0.15581244 -0.03222958  0.14939731
 -0.14650418 -0.01782586 -0.10577225 -0.12968904 -0.06853489 -0.1018386
 -0.03394692 -0.03368705  0.04496491  0.06539637 -0.24874794 -0.14935292
 -0.06604674 -0.13643475 -0.0867442   0.03693583  0.12216651 -0.12126808
 -0.17316677 -0.05590019  0.01576815  0.01333278 -0.33156246 -0.06514536
 -0.13285765  0.02220766 -0.06011081  0.07501888  0.06681788  0.09947748
  0.05219878 -0.06518942  0.1582149  -0.06209044 -0.11209446  0.09760681
  0.1329671   0.08983339 -0.09803906 -0.00140075 -0.05428673 -0.06915258
 -0.06779776 -0.20397834  0.08012936  0.12415323 -0.02066766 -0.01324408
 -0.03705941 -0.11400644 -0.14935197  0.03109491  0.18141407  0.13362096
  0.22706862 -0.02309263  0.04559431  0.00194334  0.01487758  0.12826474
 -0.0945613  -0.0609727  -0.07979966  0.03711587 -0.05312837 -0.08508932
 -0.03553151 -0.02714594  0.05204058 -0.15445296 -0.07800782 -0.081252
 -0.09290978 -0.02861774  0.25657922  0.07590888 -0.23078544 -0.09052309
 -0.05695626  0.04079461  0.08096451  0.04187656  0.07239594 -0.09383213
  0.18955792 -0.12948333 -0.06702422  0.03910834  0.20046182 -0.22571383
  0.00322986 -0.06255385 -0.24086423  0.05940546  0.08074068  0.14470616
  0.06116221 -0.08331342  0.00767153 -0.07022033  0.12991087  0.13984185
  0.13221075 -0.06760437 -0.04362098  0.08143369  0.18127269  0.01232385
 -0.02651781 -0.04274509  0.02323563 -0.10131619 -0.07447862 -0.23168136
  0.07271072 -0.01788927 -0.04628298  0.09734719 -0.01620562  0.15724729
  0.01705647  0.02988163 -0.06010792 -0.08117761 -0.1786602   0.04994396
 -0.07113872  0.14208765 -0.01366414  0.0733254  -0.0006422   0.17011148
 -0.12798163  0.1259925  -0.02931141  0.05015985  0.23976904 -0.13745902
 -0.1203772  -0.04601403  0.15869926 -0.03911112 -0.03363626  0.02264408
 -0.18604623  0.05156466  0.04533452 -0.01164589  0.00917004 -0.02945802
 -0.07896234  0.16061653  0.09759284 -0.02693745 -0.03833163  0.04200579
  0.0541968   0.00550412  0.05108673  0.10545185  0.05428881 -0.1334367
  0.00612351 -0.05945673 -0.12528044  0.06653307  0.05331833 -0.10053492
 -0.08081613 -0.05192629  0.02632604  0.09602007  0.01482367 -0.10414337
 -0.06237213 -0.02717497  0.0236959   0.00223249 -0.11162141 -0.10110508
  0.13149586  0.02451754 -0.15669745 -0.0899879  -0.09172253  0.2193567
  0.10739251 -0.05867109 -0.02768315 -0.04605917 -0.21189862  0.01763028
 -0.06972539 -0.08675846 -0.13449924 -0.16022353 -0.05975549  0.1088566
  0.15242417 -0.05375329 -0.15404785  0.02197588  0.04556596 -0.01158267
  0.02428497  0.02987317  0.1349648   0.01006462  0.02284972  0.12664811
  0.0066087  -0.14897858  0.12905657  0.09339146  0.14797106 -0.07128119
  0.03868606  0.08550794  0.0842333   0.15261953 -0.21082927  0.28641888
 -0.29037815 -0.03779479 -0.2108636  -0.06411283  0.05325111  0.15800247
  0.0970526   0.1755456   0.17935257 -0.08817611  0.2889716  -0.07882911
  0.23846802 -0.0283819   0.09453454  0.15963455  0.10168985  0.10903794
  0.18902828  0.00316292 -0.07040198  0.18848328 -0.11230087 -0.03606174
 -0.1471053   0.05319466  0.2839343  -0.06335554  0.06330337  0.26301923
 -0.05423849 -0.09669401  0.1666167  -0.23989019 -0.12442416  0.19581082
  0.03696853 -0.13842432 -0.14868546  0.15369442 -0.12775244 -0.20300858
 -0.05935574 -0.13320813  0.0434297   0.16396785 -0.11949695 -0.03897323
 -0.02825315  0.09818908  0.13533378  0.054545    0.01885868  0.0773541
  0.03203988  0.00534452]