http://erau.edu/ontology/meme.owl#SandwichChefMeme
[-1.38252825e-01 -6.54473975e-02  8.83812010e-02 -9.19373054e-03
  5.35466149e-03  9.22922865e-02  3.09188247e-01  1.54134959e-01
 -9.42279249e-02 -4.97803688e-02  1.24755591e-01 -2.59199203e-03
 -9.82355699e-02 -6.48381235e-03 -1.25440121e-01  1.12512425e-01
  1.13383055e-01  1.11157887e-01  8.41320381e-02  2.62059122e-02
 -1.78328812e-01 -4.65369895e-02  1.00938402e-01 -1.38841853e-01
  1.70918703e-01 -4.78377901e-02  4.26965840e-02 -9.75144431e-02
  1.52545810e-01  9.39716473e-02  1.24473691e-01  1.25506660e-02
  1.62892982e-01 -7.08820298e-02 -3.29129100e-02  1.25937432e-01
 -8.61403942e-02  1.20860003e-01  1.57436822e-02 -9.14887488e-02
  6.99333996e-02  2.73030162e-01 -1.65285930e-01 -5.98120764e-02
  5.39620146e-02  6.00596890e-02 -8.23419094e-02 -1.80276148e-02
  2.68867165e-02  2.11283937e-02  8.27609301e-02  3.14087570e-02
 -2.10773237e-02 -1.43399313e-01 -1.38614029e-01  4.66366932e-02
  1.03565350e-01 -1.94946364e-01  6.48780586e-03  2.59015381e-01
  1.99006982e-02 -1.74989671e-01  1.98347852e-01  6.67566806e-02
 -3.43715042e-01 -1.31373852e-01  9.42032225e-03  5.39795235e-02
 -1.63141131e-01 -1.43975228e-01 -1.21720387e-02  1.10266775e-01
  2.06732139e-01  3.61157134e-02  6.65668249e-02  1.21402390e-01
 -2.43206948e-01  7.34903514e-02  1.69804782e-01  1.87798932e-01
  3.93352620e-02 -9.04767811e-02 -6.44305572e-02 -1.74635589e-01
  9.08578262e-02 -1.67258278e-01 -1.42363265e-01  5.86209372e-02
  1.16849788e-01  9.12229270e-02  6.63427217e-03 -2.10103333e-01
  2.00837567e-01 -1.79854594e-02 -1.85244992e-01  5.29644191e-02
  1.38967298e-02  1.04401141e-01 -2.31947247e-02 -9.87484381e-02
  8.34418833e-02  2.74114730e-03  3.15212905e-01 -5.91036230e-02
  8.14112052e-02  3.39562036e-02  1.69608682e-01 -4.55172546e-02
 -3.97138856e-03 -1.75708886e-02 -2.28070114e-02 -5.84737472e-02
 -1.28553569e-01 -1.57816365e-01  1.36686144e-02  4.37373780e-02
 -2.93097556e-01 -1.79815173e-01 -6.04517534e-02  5.85448891e-02
 -6.70452043e-02  5.87164797e-02 -1.93959214e-02  2.33010471e-01
  1.39018789e-01 -1.48987010e-01 -6.48227185e-02 -1.22633157e-02
  4.54549827e-02  2.56444272e-02 -2.50862420e-01  2.83189435e-02
  1.44539187e-02 -7.52275959e-02 -9.91587862e-02  6.88265860e-02
  5.37208207e-02 -6.77883476e-02 -2.08899871e-01  3.18723246e-02
 -2.62511343e-01  1.27327926e-02 -4.16223034e-02  2.20691208e-02
  3.40074629e-01 -1.28213197e-01  7.14899600e-02 -1.01465553e-01
  6.48642778e-02  1.82783365e-01  7.76705071e-02 -3.94791141e-02
 -4.94464003e-02  5.12347482e-02 -1.52392779e-02  1.08531550e-01
 -2.27101445e-01  1.24017887e-01  9.63817462e-02 -4.69053909e-02
  5.54059967e-02 -1.88859642e-01 -2.32121497e-02  5.26274852e-02
 -1.83967710e-01 -1.27703026e-01 -5.54794371e-02  9.33065191e-02
 -3.11454654e-01  1.63126558e-01  1.39895499e-01  2.89110273e-01
  2.54067093e-01  1.76962003e-01  2.45129038e-02 -1.38586044e-01
 -5.20724654e-02 -4.27609775e-03  1.38610139e-01 -4.77130152e-02
 -1.37085140e-01  1.62169516e-01  1.84738651e-01 -3.72541100e-02
 -3.31978314e-02  5.90506522e-03  1.87108055e-01  9.32336599e-02
  2.18603820e-01 -1.66743919e-02  3.96899087e-03  2.56737620e-02
 -1.65868253e-01 -2.88067739e-02  7.41651282e-02 -1.02094784e-01
  7.78035820e-02  1.68814078e-01 -2.86840671e-03  3.79105024e-02
 -4.20339108e-02 -9.81477275e-03  1.21847175e-01 -6.97372183e-02
 -2.17268001e-02 -1.27313808e-01  3.74514386e-02 -6.93690926e-02
  2.08217949e-01  8.66679177e-02  2.00431004e-01  1.54682184e-02
 -1.81917027e-01 -1.35220468e-01  1.87152669e-01 -5.60296550e-02
 -2.23854572e-01 -2.54166406e-02  1.42582864e-01  1.58172712e-01
  9.11007226e-02  2.16717482e-01 -1.67905658e-01  9.53275859e-02
 -6.98530078e-02 -3.39042060e-02 -2.32521981e-01  2.76818853e-02
  5.18990215e-03 -3.69914286e-02  9.95754376e-02 -2.70647858e-03
 -1.15695328e-01 -8.89749676e-02  3.83632258e-02  7.26074278e-02
 -1.59642726e-01  1.64352488e-02  3.83396670e-02 -1.12514704e-01
 -4.72143702e-02 -1.28307194e-02  1.10885138e-02  2.87799872e-02
 -1.76421538e-01 -1.15986437e-01 -1.66490406e-01 -8.22416991e-02
 -1.93675250e-01  3.52264196e-02  2.70769242e-02  3.35351005e-02
  2.19288915e-01  4.42664847e-02  2.01878473e-01 -1.27031997e-01
 -8.56322274e-02 -5.57443723e-02  5.53423270e-05 -6.62494311e-03
 -1.19330510e-01 -1.19216507e-03  1.35925552e-02 -5.33586927e-02
 -1.34039611e-01 -1.91963404e-01  1.66232213e-02 -1.65107790e-02
  4.01402973e-02 -2.26299707e-02 -7.04502389e-02 -1.56671226e-01
 -2.14990899e-02  8.34760740e-02  1.12754412e-01  4.33387049e-02
  1.14039607e-01 -1.16372451e-01  7.79114887e-02  8.16666186e-02
  1.34440303e-01  1.59930229e-01  1.11199403e-03 -1.55434057e-01
 -1.69745162e-01  1.08527973e-01 -2.14389078e-02 -1.60795733e-01
 -5.87911978e-02  5.88278063e-02  2.14713871e-01 -7.83524588e-02
 -8.30933265e-03 -1.25932142e-01 -6.76314905e-02 -2.68190373e-02
  1.54917359e-01 -5.59387589e-03 -2.09454626e-01 -1.91003859e-01
 -1.90932766e-01  3.10823992e-02 -6.61615729e-02  6.76509663e-02
 -2.57177614e-02 -5.95522672e-02  2.33897060e-01 -8.15176293e-02
 -5.71082458e-02  4.79947850e-02  2.02768296e-01 -1.57957494e-01
  4.81344126e-02  1.10938385e-01 -5.51823713e-02  5.65697365e-02
 -2.89784577e-02  1.90887284e-02  1.09141983e-01 -7.48599544e-02
  1.06047653e-01 -5.41112944e-02  2.18436971e-01  9.51816812e-02
  5.19172009e-03 -6.95624426e-02 -4.85960767e-02 -5.40187545e-02
  1.18933417e-01  6.14752322e-02  3.20073892e-03  1.07676722e-01
 -2.20531188e-02 -6.74629807e-02 -8.38456154e-02 -2.64849663e-01
  7.70248175e-02  1.83890611e-01 -1.45132810e-01  1.02185361e-01
  1.87804513e-02  2.19445825e-01  4.13065255e-02 -9.95600363e-04
 -8.73403177e-02 -5.24130613e-02 -1.83155298e-01  2.17152327e-01
 -6.73969090e-02 -1.47475779e-01 -1.26480058e-01  1.14814386e-01
 -8.89801979e-02  1.79693833e-01 -2.53581911e-01  1.43410638e-01
 -5.40001243e-02 -3.74279618e-02  3.57645273e-01 -6.00065514e-02
 -1.35354385e-01  2.91723013e-02  4.70772497e-02 -1.55483736e-02
 -1.73666626e-01  8.08147900e-03 -6.91060126e-02  1.04696833e-01
 -6.16825223e-02  2.57375594e-02  2.96753030e-02  7.63613880e-02
 -1.39816210e-01  4.06630114e-02  1.15507677e-01 -1.07322782e-01
 -1.00295544e-01  4.41592634e-02 -2.32029743e-02 -8.12653452e-03
  9.86074377e-03  1.21154912e-01 -4.45084795e-02 -7.33185336e-02
 -1.35886595e-02 -3.59336700e-04 -8.58627260e-02  1.53224915e-01
  9.67139453e-02 -5.13878874e-02 -2.72110030e-02  3.33555341e-02
  2.95362957e-02  7.91166499e-02 -4.66805324e-02 -2.03022599e-01
  6.17005536e-03  4.46480215e-02 -6.72030374e-02  7.88432434e-02
  6.03188910e-02 -1.35762775e-02  1.14197806e-02 -9.96738672e-03
 -3.44480504e-03 -1.80077124e-02 -1.62089393e-01 -6.04690649e-02
  7.32162595e-02 -3.29828709e-02  3.81912589e-02 -2.37954587e-01
 -2.01227859e-01  8.34875926e-02 -4.62632179e-02 -4.73962054e-02
 -6.06958419e-02 -8.00173804e-02 -3.68411615e-02  9.84080434e-02
  1.44747257e-01 -3.41433100e-02 -1.31318390e-01  1.87178999e-02
 -1.07927643e-01 -4.31857035e-02  7.00913416e-03 -3.80416699e-02
  6.94830790e-02 -2.74012014e-02 -1.86113827e-02  1.78611949e-01
  8.93945098e-02 -2.04191148e-01  1.68730095e-01  5.77025153e-02
  1.22555956e-01 -1.31251672e-02  1.27470061e-01  5.63081279e-02
  1.87499404e-01  1.73440427e-01 -9.83576775e-02  3.71654600e-01
 -1.78586975e-01  8.22901353e-02 -1.49469554e-01 -6.38622642e-02
  2.65201405e-02  1.81526244e-01  2.24955734e-02  1.04244240e-01
  1.30446792e-01 -1.22820148e-02  2.44644016e-01  9.95407775e-02
  1.12947948e-01 -1.47345625e-02  1.19983293e-01  1.22181565e-01
  4.21410240e-02  2.01366946e-01  2.21346617e-01 -4.10516001e-02
 -7.63738975e-02  1.99504614e-01 -5.22492789e-02 -4.85933423e-02
 -8.95454809e-02  5.57175092e-02  2.00846285e-01 -1.07750438e-01
  3.05093676e-01  1.63199902e-01 -2.92078778e-02 -8.19306299e-02
  3.04661356e-02 -2.64991403e-01  3.08982078e-02  1.88529149e-01
 -2.00115591e-02 -5.88354804e-02 -1.37837097e-01  3.10542762e-01
 -2.17323288e-01 -2.84597129e-01  3.27142105e-02 -1.88870877e-01
  1.43486142e-01  1.49600163e-01 -9.59498212e-02 -1.39058596e-02
 -7.46573933e-05  2.06152812e-01  8.14142600e-02  2.34010182e-02
  2.95014344e-02 -6.91853240e-02  6.56290501e-02  1.12535536e-01]