http://erau.edu/ontology/meme.owl#BabySharkMeme
[-1.90675974e-01 -1.69724554e-01  3.44100818e-02  7.70393834e-02
  1.01893298e-01  7.56773129e-02  2.36588106e-01  6.99250549e-02
 -1.03590891e-01 -9.30327401e-02  1.16625026e-01 -1.89484313e-01
  1.99062913e-03 -5.47699630e-02 -1.84750423e-01  3.45369168e-02
  8.82639959e-02  4.87482436e-02  9.06256139e-02  1.63845614e-01
 -2.10780561e-01  1.43113304e-02  3.38014066e-02 -2.17546239e-01
  1.24989823e-01 -7.91751072e-02 -5.53354286e-02 -1.89249203e-01
  2.84122497e-01  6.97982535e-02  7.12986514e-02  1.56865299e-01
  7.20086843e-02 -1.46224886e-01 -1.32392980e-02  2.13959053e-01
 -6.56410959e-03  1.26666993e-01  1.94136705e-02 -2.15459734e-01
 -4.85977419e-02  1.31338716e-01 -1.55838296e-01 -8.87359530e-02
  1.40473276e-01  7.84414411e-02  2.88488399e-02  6.06943592e-02
  3.23095149e-03  9.38592777e-02  4.93396446e-02  7.23261312e-02
 -1.42536938e-01 -1.21685915e-01 -1.59507599e-02  1.42799523e-02
  5.82198203e-02 -8.22256655e-02  1.35036960e-01  7.36634433e-02
 -8.80138483e-03 -1.40727207e-01  1.04523718e-01 -2.28758492e-02
 -1.50986910e-01 -1.20920934e-01  2.89130048e-03 -9.09837559e-02
 -1.18548237e-01 -2.31943086e-01 -1.53443232e-01  7.44562363e-03
  1.58805132e-01  8.47107079e-03  1.97981521e-02  1.61720604e-01
 -8.02270621e-02  4.47768904e-02  1.25197873e-01  1.85262039e-02
 -6.81164712e-02 -1.86264366e-01 -1.24538329e-03 -1.86505005e-01
  1.12284698e-01 -2.28718609e-01 -1.12261876e-01  5.40566295e-02
  1.52944461e-01 -7.64578059e-02 -6.55627102e-02 -2.76604235e-01
  1.18878216e-01 -9.18876231e-02 -7.59833902e-02  6.96486607e-02
  5.06129174e-04  3.33812684e-02 -4.34620939e-02 -1.60710976e-01
  5.11301085e-02 -7.57173868e-03  3.18290651e-01 -6.56757355e-02
  3.52720805e-02  1.91001240e-02  1.35931283e-01 -1.19462363e-01
 -1.47214429e-02 -5.30850561e-03  1.52554875e-02  5.63869812e-02
 -2.42062941e-01 -1.71821639e-01  1.02846324e-01  1.63755447e-01
 -3.26142639e-01 -1.03516601e-01  5.63821644e-02  1.31863266e-01
  1.34295672e-02 -6.88153431e-02  3.68330702e-02  3.33671272e-02
 -3.38590220e-02 -1.49672449e-01  1.55201882e-01 -3.09427213e-02
 -1.43399406e-02 -2.94321161e-02 -1.46736547e-01  4.62564602e-02
  6.93978816e-02 -7.87835866e-02 -5.91023155e-02  3.08380481e-02
  1.40289813e-02 -5.16360626e-02 -1.38356954e-01  9.63554084e-02
 -2.24443585e-01 -4.05193605e-02  6.60005584e-02  7.14659020e-02
  7.31061846e-02 -2.21852720e-01  6.48111030e-02 -5.21217622e-02
 -3.06172948e-02  2.07975537e-01 -1.62590109e-02 -1.44983113e-01
 -7.13377371e-02  3.38964052e-02  3.50069962e-02  5.57189658e-02
 -2.04289794e-01  1.19970039e-01  2.03853771e-01 -3.41969798e-03
  6.77848980e-02 -1.65077850e-01  2.72507519e-02 -1.32651895e-01
 -1.20253228e-01 -9.13963988e-02 -9.75274295e-02  1.12018488e-01
 -3.94622713e-01  1.73956081e-01  4.05355394e-02  2.95484602e-01
  2.08453253e-01  1.27901912e-01 -4.49903961e-03 -9.54498425e-02
 -1.10921748e-01 -1.63400561e-01  1.03801996e-01 -1.16297952e-03
 -9.02020484e-02  2.33701870e-01  5.64532839e-02 -3.15529364e-03
 -4.01373766e-02  5.93748391e-02 -1.73511971e-02 -6.45826710e-03
  2.87771881e-01 -3.26866955e-02  7.28570595e-02  3.57560180e-02
 -2.76115358e-01 -4.87605482e-02  1.17091963e-03 -2.35174820e-02
  1.31445274e-01  1.23433970e-01 -1.48305565e-01 -6.75089881e-02
  3.09493020e-02  4.38548857e-03  1.84978902e-01 -9.72760618e-02
 -1.69926152e-01 -3.01523894e-01 -3.44105512e-02 -6.31518885e-02
  6.60949573e-02  1.16578095e-01  2.75531381e-01  2.13671178e-01
 -6.85722334e-03 -1.39409289e-01  1.70464694e-01  6.16359822e-02
 -1.15547583e-01 -6.31801337e-02  1.27628163e-01  1.05748564e-01
  2.11253300e-01  2.13067140e-02 -1.19119674e-01 -1.63339823e-02
  5.50329275e-02  4.89114448e-02 -1.64585710e-01 -8.16464946e-02
  2.92501878e-02  3.93810272e-02  1.37462512e-01 -4.98789586e-02
 -1.00382164e-01 -1.13053113e-01  1.24864414e-01  4.40835953e-02
 -5.76951057e-02 -3.32985632e-02  1.66248698e-02 -1.42915202e-02
 -4.04848345e-02 -4.47742548e-03  6.84466437e-02 -2.17208546e-02
 -2.51783282e-01  5.37942089e-02 -1.43029377e-01 -1.11005148e-02
 -5.14707975e-02  1.07289280e-03  6.55433908e-02  6.41049519e-02
  1.34828687e-01  9.96850505e-02  7.09182471e-02 -9.15676951e-02
 -6.69192448e-02 -5.75294010e-02  6.73790425e-02  3.24526280e-02
  6.51789606e-02 -2.14574859e-01  2.54881661e-02 -5.87704219e-02
 -4.38714604e-04 -1.80448130e-01 -1.39515847e-01  4.85876342e-03
  7.58858696e-02 -3.97038087e-02 -2.84638349e-02 -1.26699835e-01
 -7.27221817e-02  6.86650276e-02  2.13049829e-01  4.07159105e-02
  4.43820581e-02 -1.25477090e-01 -4.94672693e-02  3.84682119e-02
  1.34184912e-01  1.67274605e-02  7.28562614e-03 -1.01990692e-01
 -1.09237753e-01 -1.13675008e-02  9.16112587e-02  2.43490972e-02
 -4.75862436e-02 -7.54260421e-02  5.03213666e-02 -1.19564980e-01
 -4.73410562e-02 -5.56179062e-02  6.30864576e-02  7.67052472e-02
  2.65016742e-02 -7.42103383e-02  2.49687135e-02 -1.10944457e-01
 -2.70455778e-01  4.56791278e-03 -1.90519746e-02  7.63146952e-02
 -6.07360005e-02 -4.64177504e-02  1.38882890e-01 -1.06858112e-01
 -1.45385027e-01  1.93730175e-01  1.90917313e-01 -1.02627441e-01
  5.80177568e-02  1.02975361e-01  4.15214747e-02  7.41214678e-02
 -1.26002533e-02 -4.27174531e-02  8.83839801e-02 -3.03917453e-02
  1.03598662e-01 -1.86112463e-01  5.09038344e-02  1.28162801e-01
 -4.73803878e-02  2.65096966e-02 -1.52516410e-01  1.02539934e-01
  1.69197973e-02 -5.58168963e-02 -2.54859012e-02  8.19543377e-02
  8.01618174e-02 -7.53180683e-02 -1.29254490e-01 -1.37995154e-01
  1.07281124e-02  6.20222390e-02 -1.17942199e-01 -4.30417657e-02
  6.30262643e-02  7.93106779e-02 -3.24238539e-02  3.08836196e-02
 -5.04679494e-02  4.29393724e-02 -1.13665007e-01  7.21324459e-02
 -3.06938365e-02 -1.22311383e-01 -1.55089144e-02  2.12736316e-02
 -1.30818322e-01  2.01646775e-01 -2.09145442e-01 -2.71361461e-03
 -3.89151722e-02 -1.48279026e-01  1.01030134e-01  1.40821823e-04
 -1.45469934e-01  6.00548349e-02 -2.34259591e-02 -5.97483627e-02
 -8.64882022e-03 -1.71380155e-02 -3.69560928e-03 -5.15316315e-02
 -3.63716409e-02  2.60740072e-02  1.55994818e-02  5.91634102e-02
 -1.79873526e-01  2.53751874e-02  5.11900671e-02 -3.25828642e-02
 -1.34347230e-01 -7.61087537e-02  3.23958434e-02 -7.35471547e-02
  2.63811853e-02  1.06673941e-01 -6.65805563e-02 -1.12468787e-01
  9.88762751e-02 -4.61515151e-02 -1.43506736e-01  1.87799856e-01
 -6.04134500e-02 -1.47999316e-01 -8.93275999e-03  6.43518046e-02
  3.29268798e-02  2.57669389e-01 -1.53933555e-01 -2.16370001e-01
 -2.72659790e-02  1.94452226e-01  2.86843032e-01 -3.66576724e-02
  2.25915480e-03 -6.99693263e-02  9.18371156e-02 -2.50498414e-01
 -1.76400065e-01  1.59447249e-02  2.75763450e-03  3.01964492e-01
  9.27389860e-02  1.42475128e-01 -3.42164524e-02 -2.39138633e-01
 -1.90184578e-01  3.82705475e-04  6.29205853e-02 -2.01267377e-02
  4.13599014e-02 -5.41023575e-02  2.43455209e-02  1.24578856e-01
  7.37271830e-02  2.81075742e-02 -1.50784358e-01  1.64654367e-02
 -4.88816909e-02 -3.79563682e-02 -2.15615947e-02  2.67708391e-01
  1.20668419e-01 -2.60046333e-01 -2.27985103e-02  2.36936837e-01
 -2.34384388e-02 -1.11294866e-01  1.38991699e-01  7.21604452e-02
  4.41864394e-02 -1.34787872e-01  2.65504699e-02  1.03772953e-01
  2.03139886e-01  8.19753632e-02 -1.02957793e-01  2.49318585e-01
 -1.44470647e-01 -6.65734485e-02 -1.93626270e-01 -1.06671065e-01
 -1.08216524e-01  8.18315595e-02  1.22654825e-01  7.90884495e-02
  2.57439353e-02  4.35199076e-03  1.58911780e-01  3.33777280e-03
  1.13587063e-02  2.50456259e-02  1.27189830e-01 -1.26236537e-02
  7.76844025e-02  1.00669570e-01  8.54090303e-02 -7.09570870e-02
 -7.83943292e-03 -1.81721449e-02 -2.33618747e-02 -4.18346114e-02
 -3.23360302e-02  3.88744101e-02  1.75845668e-01 -8.04215521e-02
  1.64728850e-01  1.81084812e-01  3.12505215e-02 -9.16349888e-02
  8.90931413e-02 -2.11001575e-01 -1.41935796e-01  8.99291858e-02
 -5.70470579e-02  4.75669168e-02 -1.28140256e-01  3.22149277e-01
 -1.09916851e-01 -2.54337579e-01  1.14389583e-01 -7.38549158e-02
  1.14735380e-01  5.46143875e-02 -1.11734204e-01 -6.93698274e-03
  6.22370951e-02  1.18285075e-01  9.24698710e-02  2.03011297e-02
 -3.15455571e-02 -4.65996303e-02  1.04545318e-01  2.52328575e-01]