http://erau.edu/ontology/meme.owl#IsMayonnaiseanInstrumentMeme
[-0.04658666 -0.1964314   0.00143774  0.07799723 -0.01402354  0.0442444
  0.09798812  0.13013498  0.03290852 -0.0338151   0.15523277 -0.12736528
 -0.15651295 -0.07940075 -0.09298497  0.12800956  0.05863098  0.13248648
  0.07145479  0.12734374 -0.25689518  0.05071004  0.22739157 -0.12796965
  0.05891972  0.029117    0.07012685 -0.12060459  0.31349695  0.1695439
 -0.01564232  0.02662995  0.10428691 -0.06008099 -0.0306315   0.17133108
 -0.10779394  0.1293771   0.01480707 -0.23512726  0.16289724  0.26646543
 -0.1060542  -0.09456045 -0.01150395  0.09912246  0.07206585 -0.02244779
  0.09238896  0.05324667 -0.02068298 -0.06070104 -0.1558772  -0.09614845
  0.06518097 -0.08198646  0.0167821   0.0873914   0.11191522  0.11942786
 -0.01198425 -0.12353227  0.08134654  0.08851777 -0.23659447 -0.093594
 -0.01977686 -0.01795825  0.08236893 -0.15409711 -0.13824354  0.02733474
  0.02418052  0.06213792  0.05741115  0.14409491 -0.1296339   0.01966702
  0.11878971 -0.05220139 -0.07116852 -0.12890317  0.02102437  0.000948
 -0.1073383  -0.12712593 -0.02269731  0.00752847  0.07955349  0.10359222
  0.01415064 -0.3439061   0.07671895 -0.01832886 -0.09971544  0.00630778
 -0.04714336  0.12999618  0.1433043  -0.07044175  0.08647712 -0.00351268
  0.21317886 -0.07422383  0.1369525  -0.01249564  0.21657746 -0.08491844
  0.0569477  -0.08298445 -0.0970558   0.07372027 -0.13026673 -0.07951431
  0.0619302   0.03624552 -0.27049732 -0.31182617  0.05692985  0.0483248
 -0.03611408  0.04926345 -0.04425512  0.05477433 -0.0814609  -0.18437006
 -0.06915497 -0.02821556  0.00256539  0.03568283 -0.10679623 -0.00725834
 -0.03713145 -0.01060996 -0.1303713   0.11645298  0.10509325 -0.20010024
 -0.09906258 -0.05530604 -0.23746572 -0.00927289 -0.08920443  0.0837191
  0.17668281 -0.1648346   0.05895795 -0.1296096   0.0323251   0.11215028
  0.02481117 -0.12412432 -0.02241262 -0.05278965  0.09876323  0.08724413
 -0.18656011  0.11248463 -0.02993128 -0.12745595  0.02711511 -0.2498681
 -0.04596469 -0.03025621 -0.12648354 -0.12637667 -0.23484531  0.05042823
 -0.27552155  0.1401692   0.07650838  0.19331484  0.13516815  0.09848416
  0.0830664  -0.07007978 -0.09436903 -0.03486307  0.05353056 -0.09541555
 -0.13315387  0.09190762  0.05560718  0.02563923 -0.07591806  0.05337145
  0.05549962  0.08125461  0.24086556  0.00109381  0.02400483  0.02291965
 -0.21340513 -0.03167336 -0.06068146  0.03499098  0.13926886  0.07637282
 -0.10928279  0.01644414 -0.0096637  -0.060458    0.19669686 -0.15951717
 -0.05395592 -0.24969645  0.09585101  0.03368754  0.04030248  0.17211816
  0.27426574  0.10420988 -0.08182724 -0.2025971   0.17852932 -0.00983406
 -0.1936022  -0.06744155  0.10613929  0.12126028  0.29348317  0.12510161
 -0.15804699 -0.03444286 -0.06509977 -0.11460421 -0.20933533 -0.07483021
 -0.03317222 -0.01399444  0.15112865  0.11172028 -0.03575658 -0.03544882
  0.00990323 -0.10336269 -0.07218489  0.09495468  0.09539361 -0.04745265
  0.00920671 -0.01872322  0.06731841  0.0759398  -0.3076877  -0.0884712
 -0.20202453  0.0070954  -0.16872878 -0.05799526  0.01899479  0.05306387
  0.13443056  0.09799562  0.09619202 -0.12604259 -0.074869   -0.07483788
  0.12763146 -0.01945596 -0.0037334  -0.08362351  0.00620145  0.00399546
 -0.04807416 -0.1437414  -0.14074393 -0.03382068  0.08170195 -0.08302359
  0.03238907 -0.07786562 -0.05958802  0.16098355  0.19813378 -0.00691578
  0.15002076 -0.09184171 -0.11387188  0.09452574  0.09913768 -0.07184815
 -0.06044192 -0.03962712 -0.17251149  0.0589068  -0.10718159 -0.03771092
 -0.01292233 -0.01718902  0.03702471  0.05115858  0.00892104 -0.12813278
 -0.00914728 -0.01891548  0.18749395  0.00405338 -0.16106635 -0.22563656
 -0.1097394   0.05491426 -0.02437618  0.03021618  0.02926043 -0.06931875
  0.18956462 -0.07279005 -0.02152921  0.15156694  0.12395284 -0.3076783
  0.04823502  0.04146593  0.01773144  0.04802457  0.02488638  0.11584558
  0.06652517  0.00570824 -0.01918152 -0.1679206   0.0991674   0.13827914
  0.04364261  0.10166662 -0.14896952 -0.01176945  0.13258946 -0.08837108
  0.00295944  0.09085639  0.07814516 -0.06094404 -0.16430129 -0.14899294
  0.07275895  0.09259541 -0.16804557  0.15644741  0.12969682  0.08394688
  0.02242379  0.12800357 -0.01827583  0.0003953  -0.1290576   0.08408728
 -0.04069617 -0.0493137  -0.08151456 -0.00844747 -0.04689468  0.25401273
 -0.1272323   0.09077658 -0.08736172 -0.2445223   0.21466164  0.00115964
 -0.0860934  -0.01548242  0.03256528 -0.00585219  0.00529068  0.01482665
 -0.11201196 -0.02800446 -0.1361956   0.08502891 -0.04621469  0.0751614
 -0.1602032   0.04636859  0.03063033 -0.07020738 -0.19369034  0.0084567
  0.01847125 -0.10876812  0.16863607  0.17969763 -0.09250524 -0.12078954
  0.15687475 -0.03193704 -0.13698933  0.05196855 -0.03901406 -0.06311144
 -0.198697    0.12626393 -0.0769932   0.0882021  -0.07591622 -0.16189729
 -0.01516106  0.0380484  -0.07666659 -0.02740168  0.01123241 -0.06837276
 -0.03758062 -0.05303058  0.00294171 -0.08957981  0.07725777  0.12316629
  0.165499    0.04035949  0.18934701 -0.0924063  -0.18119828 -0.00704953
 -0.02967675 -0.05763695 -0.05982896 -0.13761349  0.03513534  0.0560766
  0.06647852  0.05554743 -0.17246158  0.14664005 -0.01210287 -0.15640523
 -0.0379835  -0.00617272  0.09462255 -0.1256905   0.06156303  0.26233906
  0.03636266 -0.10740919  0.04268692  0.0954694  -0.14376086 -0.00090147
 -0.00674092  0.14416565 -0.00607207  0.0843821  -0.09924438  0.27170345
 -0.27709237 -0.06981202 -0.1570453  -0.20263922 -0.02379886  0.16041303
  0.146282    0.12211249  0.11928874 -0.04362714  0.3084403  -0.00227735
  0.07745314  0.05294114  0.12699392  0.01217821  0.16791414  0.0696518
  0.15056416 -0.13083504 -0.13685602  0.23113027 -0.13638215 -0.11520505
 -0.04530215  0.0487954   0.25655946 -0.08570793  0.30715778  0.17141981
 -0.04164657 -0.05502453  0.18319331 -0.16152918 -0.01833903  0.04506995
  0.06979737 -0.01258402 -0.16854429  0.20954925 -0.09895267 -0.205544
  0.05468891 -0.07615557  0.02447839  0.1091409  -0.14162758 -0.0970445
  0.12576343 -0.07580497  0.15990792 -0.05369733 -0.07573394 -0.00577032
  0.06655433  0.20170285]