http://erau.edu/ontology/meme.owl#CaliforniaWildfiresMeme
[-1.04334839e-01 -8.34557638e-02  2.07656756e-01  1.11045830e-01
  9.32184234e-02 -2.04530675e-02  1.32235751e-01 -3.42429541e-02
  2.53395159e-02 -1.89931095e-01  5.66041656e-02  1.44238934e-01
  3.01400386e-02  7.97526613e-02 -4.03772630e-02 -4.24517579e-02
  1.62903681e-01  1.17247358e-01  6.67928755e-02  1.67182520e-01
 -2.53365576e-01  7.79318288e-02  2.24193230e-01 -8.06489214e-02
  2.32150599e-01 -2.00707689e-01 -2.91233175e-02 -6.00304380e-02
  5.44393480e-01  2.53149450e-01  2.14906067e-01  2.00291961e-01
  1.10654861e-01 -1.32038683e-01 -2.51429938e-02  2.41898417e-01
 -1.78723857e-01  1.94363557e-02  1.17893517e-02 -1.29858553e-01
 -1.07564665e-01  2.59197652e-01 -2.23958611e-01  3.68070863e-02
  1.17472135e-01  1.22115565e-02  4.07844270e-03 -9.74006504e-02
  5.38626909e-02 -6.63348138e-02  1.25758916e-01  3.47507000e-03
 -1.38001263e-01 -8.07482377e-02 -1.69705003e-01 -2.66557168e-02
  2.41981164e-01 -1.34596616e-01  6.65641874e-02  1.09039605e-01
  5.62562086e-02 -3.42899747e-02  2.19108745e-01  1.19157583e-01
 -1.35879248e-01 -2.07370799e-02  7.27916956e-02  2.43471134e-02
 -1.24776073e-01  1.43544212e-01 -3.37213613e-02  2.04241693e-01
  1.03831775e-01 -4.63855453e-02  2.14700364e-02 -4.31032479e-02
  4.01192643e-02  1.66508406e-01  1.00126222e-01  1.07633427e-01
 -1.63142534e-03  8.38688686e-02  1.82770304e-02 -1.22093059e-01
  1.39259174e-01  5.49588203e-02 -9.50493291e-02  2.01602548e-01
  2.05388218e-01  4.30819578e-02 -4.82369177e-02 -1.65619656e-01
  4.72848490e-03 -1.26089618e-01 -1.43928394e-01  5.36327623e-02
 -1.46587655e-01 -1.97953120e-01 -1.88639626e-01 -3.27983871e-02
  6.04454018e-02 -5.83765768e-02  2.95817584e-01 -7.30958879e-02
 -2.10034534e-01  9.13293511e-02  8.50078389e-02  1.57878235e-01
  4.26469967e-02 -1.63744658e-01  4.78069345e-03 -9.43922028e-02
 -7.61235654e-02 -1.46985631e-02  1.17561333e-01  1.15534544e-01
 -1.58529431e-01  2.94648428e-02  3.24523523e-02 -3.09212115e-02
  8.09035450e-02 -1.66739643e-01 -1.41826913e-01  1.55459866e-01
  1.78788289e-01 -1.55707859e-02 -5.56328446e-02  6.41835332e-02
  1.05289668e-01 -2.05934383e-02 -2.27812976e-01 -7.60182366e-02
 -2.45004520e-01 -1.56860694e-01 -5.97086102e-02  1.90650418e-01
 -1.42602965e-01  1.51261380e-02 -6.05684407e-02  6.35787752e-03
 -2.60122031e-01  5.83297685e-02  3.32683474e-01  8.18041116e-02
  9.63316858e-02 -1.71626583e-01  1.23016477e-01 -5.56681007e-02
 -4.16939035e-02  1.30212724e-01 -8.74789134e-02 -2.38928929e-01
 -3.63225862e-02  5.96921034e-02 -2.15213131e-02  2.93882471e-02
 -5.84870055e-02  2.06812263e-01  1.17732055e-01 -1.19782262e-01
 -1.10174298e-01 -1.38006479e-01  1.79678109e-02  9.32426378e-02
 -3.69065315e-01 -1.91836059e-01  2.43232530e-02  2.05172971e-01
 -2.71801263e-01  8.52816179e-02 -1.47576425e-02  2.02022791e-01
  1.82112888e-01 -1.15842568e-02 -1.20745420e-01  4.98421118e-02
  1.26342829e-02 -7.53914863e-02 -1.10442219e-02 -4.03236002e-02
 -4.00253125e-02 -5.50036319e-02  2.14661546e-02  5.81726432e-02
 -5.68052903e-02 -1.18679717e-01  2.72137254e-01  1.57752171e-01
  1.13891900e-01 -9.62048844e-02 -1.02355838e-01 -1.44853413e-01
 -6.62406981e-02 -9.43182111e-02  4.38376050e-03 -2.73603261e-01
 -1.20545486e-02  1.06543079e-01 -2.47928835e-02 -4.33604047e-02
  4.07277457e-02 -9.57968906e-02 -5.28278761e-02  9.86369625e-02
  5.64967878e-02 -5.26040375e-01  2.34801210e-02 -1.19513877e-01
  3.16061139e-01  1.81528404e-01  3.14880371e-01  3.23059633e-02
  1.29584491e-01 -3.47228497e-02  5.97389527e-02  6.95713609e-02
 -2.38549709e-02 -1.23968750e-01  2.17888683e-01  1.46544278e-01
  1.29226878e-01  2.96878785e-01 -5.28278686e-02  3.27409469e-02
 -7.74191618e-02  2.04427224e-02 -1.24781869e-01 -1.25707034e-02
 -2.55381376e-01  2.68727913e-03 -2.97858380e-02  1.01985417e-01
 -9.13216919e-02 -2.26006836e-01 -7.40287304e-02 -3.31299230e-02
 -2.12888390e-01 -1.50842682e-01 -2.46350747e-02  3.39703597e-02
 -6.47861976e-04  2.88345269e-03  3.38222943e-02  4.84750187e-03
 -3.12696040e-01  1.70899667e-02 -2.06742167e-01  2.54831687e-02
 -1.00427702e-01  4.05319482e-02  5.19838929e-02 -8.71463120e-02
  1.62947997e-01  1.48410033e-02  2.18088448e-01 -8.19301009e-02
 -2.05028072e-01 -1.77079383e-02  8.80745985e-03 -2.84638684e-02
 -2.73577541e-01 -3.73803191e-02 -1.25836357e-01 -1.97676718e-01
 -6.71506152e-02 -1.21963963e-01  2.08563432e-01  1.20170482e-01
 -2.10002698e-02 -2.55965926e-02  5.78307454e-03  1.67494789e-02
 -1.33205339e-01 -6.13848604e-02  5.77857532e-02 -6.91106021e-02
 -1.84470154e-02  1.87891144e-02  1.06260300e-01 -1.06776223e-01
  3.90171893e-02  2.79371768e-01 -1.54699966e-01 -1.91619009e-01
 -1.18089505e-01 -1.15261085e-01 -2.22534776e-01 -1.22114189e-03
  2.12590024e-03 -1.67528197e-01  5.64137585e-02 -1.34092331e-01
 -2.34708134e-02 -2.51625702e-02 -1.10964496e-02 -8.72202367e-02
  4.11080979e-02  4.17429991e-02 -1.51051238e-01 -8.01797956e-02
  8.84704366e-02  1.09615438e-01  4.25565951e-02  9.23597664e-02
 -1.97996292e-02 -5.64295761e-02  2.78111935e-01  6.89489394e-02
 -1.67107046e-01 -1.74831659e-01  2.46071383e-01 -2.60725230e-01
 -2.99646650e-02 -1.03694126e-01 -2.27047056e-01 -7.30558187e-02
  8.98074731e-02  1.53215453e-01 -9.00647044e-02 -7.96291861e-05
  5.45652024e-02 -6.14925772e-02  1.28562778e-01  2.62086332e-01
  2.66563129e-02 -7.54338577e-02 -8.09699073e-02  1.36292368e-01
  2.78921455e-01 -1.79980118e-02 -7.85455853e-03 -1.54555574e-01
  2.98634153e-02 -3.22942846e-02  1.11329809e-01 -2.39948198e-01
  5.34204468e-02  1.61822513e-01  1.04515113e-01  1.59800407e-02
 -1.77946873e-02  2.10590601e-01 -8.78370479e-02 -3.04850694e-02
 -2.73908913e-01  4.59345914e-02 -6.55458346e-02  1.85782999e-01
  3.65228876e-02 -9.49156508e-02  8.98502022e-03  1.35662898e-01
 -5.30221015e-02  8.68450031e-02 -1.73054114e-01  3.33928913e-02
  2.31180131e-01  2.77602941e-01  6.61359280e-02 -1.46254197e-01
  2.08793604e-03  2.18616128e-01  1.09783381e-01  7.94897787e-03
  1.09150246e-01  9.27716121e-03 -8.40194747e-02  1.02532513e-01
  5.80378585e-02 -1.01376779e-01 -6.13197945e-02 -1.28722489e-01
 -3.53214204e-01  9.64660347e-02  7.64067397e-02  6.21085912e-02
 -8.27726722e-02  5.41161895e-02  1.83320586e-02  8.29149261e-02
  3.49813588e-02  2.67718405e-01  5.59199266e-02 -1.35619506e-01
 -2.70158742e-02 -2.59514630e-01 -1.78882182e-01  1.23772100e-01
  5.70987090e-02 -1.50859639e-01  2.18709052e-01  6.72117295e-03
  1.24532422e-02  2.17535719e-01  1.19787745e-01 -2.61314213e-01
  1.17295489e-01 -3.52455229e-02  3.13781857e-01 -1.15818158e-01
 -1.66916713e-01 -9.44609046e-02  8.02235678e-02 -1.79981634e-01
 -2.47143134e-01 -2.84210267e-03 -2.57182159e-02  3.69832158e-01
  1.55375361e-01  1.57062802e-02  1.55435070e-01 -3.48859876e-02
 -2.05272153e-01 -2.39256844e-02 -9.68224406e-02  2.50646651e-01
 -2.38890707e-01 -2.75843143e-02 -4.39174399e-02  1.00117043e-01
  2.76602775e-01 -5.61669655e-03 -1.40227705e-01 -1.53859705e-01
  1.00335181e-01 -1.20071359e-01 -4.13410440e-02  9.94313788e-03
  2.01032907e-01  5.26572019e-03  1.80137798e-01  3.05808306e-01
  1.39028832e-01 -1.13792583e-01  3.03543180e-01  3.43399853e-01
  2.31714755e-01 -1.69402122e-01  8.29417445e-03  1.23714797e-01
  8.13601688e-02  2.26360053e-01 -2.11466879e-01  2.85281479e-01
 -3.94137412e-01 -2.38231733e-01 -2.85617799e-01 -1.45799994e-01
 -1.97531968e-01 -5.84520288e-02 -5.08945156e-03  2.34407753e-01
  3.33211631e-01 -7.99370334e-02  1.46719083e-01  4.75027598e-02
  2.07465500e-01  3.03122718e-02 -7.84764960e-02 -6.37175292e-02
  2.87727356e-01  7.69094983e-03  9.23789144e-02  1.53055042e-02
  8.65914896e-02  1.34108543e-01  2.02588722e-01 -2.21754909e-01
 -5.91453761e-02  7.55667761e-02  1.34906113e-01  3.84895317e-02
  6.05742335e-02  1.29497901e-01  3.03417109e-02 -1.79383874e-01
  6.25974312e-02 -2.47360051e-01 -1.36227146e-01  2.11888552e-01
 -6.72015995e-02 -2.57787239e-02  7.65160248e-02  2.30791301e-01
 -2.10763320e-01 -1.03419349e-01 -4.94183749e-02  4.00658064e-02
  1.78133532e-01 -4.06948701e-02 -8.96634609e-02  1.81165412e-02
 -1.36335706e-02  1.10287301e-01  7.52333328e-02  1.42107755e-01
  5.31948023e-02 -1.78874061e-01  1.53030306e-01  3.20080444e-02]