http://erau.edu/ontology/meme.owl#Username666sm666Meme
[-1.06229842e-01 -1.33719712e-01  5.78670837e-02  2.73287427e-02
  6.04630746e-02  8.55421871e-02  1.29078418e-01 -6.78436160e-02
 -2.94123609e-02 -9.00924802e-02  1.37311697e-01 -1.10012285e-01
 -1.03211217e-02  3.29829939e-02 -6.45934194e-02  8.66982993e-03
  1.71312205e-02  1.89289927e-01 -6.10352233e-02  3.96239795e-02
 -8.71136412e-02 -3.07956198e-03  9.96926874e-02 -9.01089683e-02
  5.52943535e-02  8.30878096e-04 -2.13595413e-04 -5.23219705e-02
  1.00870177e-01  1.15442695e-02  4.42960635e-02  2.17737406e-01
 -9.00807139e-03 -9.50294882e-02 -1.99325252e-02  3.61233205e-01
  1.92154944e-03  8.94890949e-02  1.49036765e-01 -1.29338995e-01
 -8.08088928e-02  1.85825348e-01 -1.61888272e-01 -1.73963338e-01
  8.01457912e-02  1.46356314e-01  5.40102273e-02  4.62826751e-02
 -7.78912529e-02  4.61767949e-02 -2.50603282e-03  3.44138891e-02
 -1.49602979e-01 -1.00904442e-01 -1.28081992e-01  1.20570995e-01
  1.10913500e-01 -1.51703209e-01  1.45084053e-01  1.08276196e-01
 -1.41246036e-01 -8.37241933e-02  1.05219632e-01  5.51165380e-02
 -2.55847335e-01 -1.94234893e-01 -6.77545145e-02 -9.49067101e-02
 -1.45399377e-01 -1.69365659e-01 -1.88830644e-01  1.17360823e-01
  2.55669087e-01  2.11798206e-01  6.43889308e-02  1.60468608e-01
 -8.14781338e-02  3.92639227e-02  2.24658623e-01  1.68053582e-01
 -5.17849922e-02 -1.38198346e-01 -1.19703278e-01 -2.93847412e-01
  1.70926511e-01 -5.74942902e-02 -1.02663271e-01  1.16671361e-01
  1.02431566e-01 -4.69130911e-02 -9.62611139e-02 -2.87751764e-01
  1.84819251e-01 -1.20180272e-01 -1.42875522e-01  8.77652466e-02
  3.00195254e-02 -5.56345023e-02 -8.65152031e-02 -1.38989436e-02
  1.29585102e-01  5.21795079e-02  4.33834165e-01 -1.84977949e-01
  9.99338478e-02  8.11550245e-02  2.35177696e-01  5.95166385e-02
  2.37233974e-02 -1.02356836e-01  7.46583752e-03  7.67836422e-02
 -2.69393504e-01 -9.61318687e-02  1.28119588e-01  1.53438941e-01
 -3.39456886e-01 -1.02459081e-01  9.47159976e-02  2.05889881e-01
 -1.02187276e-01 -3.29506919e-02  3.08208391e-02  2.05763727e-02
  1.57531679e-01 -2.99389977e-02  1.20474316e-01 -5.68107031e-02
  2.89328676e-02  6.08258732e-02 -2.02053711e-01 -8.56668800e-02
 -2.72165015e-02  3.17569822e-02  1.94182303e-02  1.25570655e-01
 -1.09916829e-01 -2.00060047e-02 -7.28573278e-02  1.40387518e-02
 -3.40465575e-01  6.21642768e-02  1.39906317e-01  1.36113852e-01
  1.62343770e-01 -1.43385634e-01 -4.12690081e-02 -2.32761070e-01
 -1.03811264e-01  2.17090875e-01  1.03850245e-01 -1.04365736e-01
 -8.54701456e-03  8.10383484e-02 -2.39545684e-02  2.64997389e-02
 -2.97982782e-01  1.43839270e-01  1.72274828e-01 -7.75539875e-02
  9.64119956e-02 -2.04344958e-01 -6.56881854e-02  1.56975798e-02
 -2.01973110e-01 -1.72540873e-01  1.11864761e-01  2.02672988e-01
 -5.56147695e-01  6.68155029e-02  8.72812197e-02  1.79436862e-01
  2.51392096e-01  2.18841538e-01 -3.58411781e-02 -5.11388294e-02
 -7.07864985e-02 -1.62058890e-01  2.32043535e-01 -9.64713376e-03
 -6.40736371e-02  1.44290149e-01  1.99985772e-01 -9.21560973e-02
 -8.32671151e-02  8.69211834e-03  1.26327602e-02  1.44450665e-01
  2.79612571e-01 -7.70209879e-02  7.76465535e-02 -1.09290436e-01
 -2.87452966e-01 -3.24716419e-02 -4.51123267e-02 -4.83104773e-02
  8.30184445e-02  2.70186603e-01 -1.94309920e-01 -4.68134843e-02
  1.66897580e-01  8.45905840e-02  2.40196452e-01 -5.74138835e-02
 -3.73242125e-02 -2.25947157e-01 -7.13115633e-02 -8.19308013e-02
  1.74858660e-01  1.10714070e-01  2.97955155e-01  9.38550904e-02
  3.68092646e-04  1.64502375e-02  1.16358660e-02  1.06289955e-02
 -1.63074777e-01  2.81656627e-02  7.09295347e-02  1.80611610e-01
  6.50081709e-02  1.84569433e-01 -3.99619229e-02  1.24928802e-01
 -1.19867176e-01  4.80732098e-02 -9.48727354e-02 -7.87474215e-02
 -4.74380329e-02 -3.83648463e-02  7.63710961e-02  3.22927721e-02
 -1.06005095e-01 -3.57922502e-02  6.99034259e-02  1.18509762e-01
 -6.82443604e-02  3.00104022e-02  7.66238151e-03  7.93261081e-02
 -6.75586611e-02 -3.10603604e-02 -3.55053437e-03 -3.32245938e-02
 -1.40097737e-01 -3.91658815e-03 -1.71627536e-01 -1.50677999e-02
 -4.59240191e-02  4.61542141e-03  4.93053393e-03 -4.70979027e-02
  1.60599008e-01  3.60600278e-02  1.36886120e-01 -1.25236064e-01
 -7.12591643e-03 -7.13321641e-02  3.27345394e-02  3.35226208e-02
 -6.81424439e-02 -1.03314463e-02 -9.88558680e-03 -3.93495075e-02
 -3.85316350e-02 -2.32110351e-01  1.26625091e-01  5.38464449e-02
  2.22099587e-01 -8.81757066e-02 -4.61456887e-02 -1.47204280e-01
 -1.70191601e-01  6.60800003e-03  6.22998029e-02 -2.29895078e-02
  1.46653801e-01 -2.13626344e-02 -8.63698199e-02  1.32610379e-02
  4.78227511e-02  7.00608790e-02 -1.10426821e-01 -1.24040097e-01
 -1.06547013e-01  6.01034425e-02 -1.26492575e-01  4.67148945e-02
 -9.06892046e-02 -3.11249532e-02  1.12359345e-01 -1.80142283e-01
 -8.52335542e-02 -5.17386980e-02 -1.15744835e-02  1.62738468e-02
  1.53373986e-01 -7.33597483e-03 -6.95993826e-02 -1.36936530e-01
 -1.13018326e-01  4.93078828e-02  8.49928856e-02 -4.24931645e-02
 -8.73034745e-02 -1.15197644e-01  1.22798361e-01 -7.43083879e-02
 -8.59658346e-02 -1.13129513e-02  1.70499921e-01 -1.35709554e-01
 -5.20943105e-02 -9.83761740e-04 -4.27136831e-02  1.93189755e-02
  1.05420575e-02 -1.07991152e-01  1.50137141e-01 -3.78611125e-02
 -1.27151851e-02 -1.39553204e-01  1.45058006e-01  4.22633998e-02
  9.27635506e-02 -2.82739429e-03 -2.62144804e-01 -2.63326764e-02
  2.73380764e-02 -3.32764015e-02  8.63756868e-05  1.19903594e-01
 -2.54557189e-02 -8.14447403e-02  8.79586115e-02 -1.52220190e-01
  1.21547274e-01  4.20024134e-02  1.05434477e-01  1.36640668e-02
  1.01288846e-02  3.28444801e-02  1.56241385e-02 -5.22543080e-02
  7.97994062e-02 -8.61630365e-02 -1.31262869e-01  6.46473244e-02
  3.81326936e-02 -1.57682359e-01 -4.77769002e-02  8.42429399e-02
 -6.67984262e-02  1.09386310e-01 -1.31603628e-01  1.11157335e-01
 -1.30054578e-02 -4.20092754e-02  1.53298423e-01  7.99132977e-04
 -8.07268694e-02  3.94040272e-02 -9.47863087e-02  2.28278730e-02
  7.71481171e-02 -1.13763481e-01  9.60513670e-03  3.13348398e-02
  1.03870779e-02  9.20928791e-02  3.69400568e-02 -1.67282745e-02
 -1.09933101e-01  1.65680237e-02 -5.02491137e-03  3.31641063e-02
 -1.43655492e-02 -2.77580563e-02 -2.03644887e-01 -2.94942465e-02
  3.71281616e-02  1.78918093e-01 -1.09387457e-01 -6.02149591e-02
  5.36384322e-02 -1.03173954e-02  1.33997183e-02  3.81445959e-02
 -6.55878037e-02  7.11686909e-02 -2.69177910e-02  7.23618567e-02
 -6.70772642e-02 -9.43887141e-03  1.15743279e-03 -3.32760438e-03
 -3.38548683e-02 -2.03843955e-02  9.87121761e-02 -4.74753454e-02
 -5.85630490e-03 -4.40932177e-02  1.11661769e-01 -1.13990428e-02
  7.46241212e-02  3.64287049e-02 -4.85775620e-02  9.82750580e-03
  8.79635066e-02  4.64440510e-02  1.37275472e-01 -1.39051139e-01
 -1.00474238e-01 -4.69362363e-02 -6.51364401e-02  3.16788517e-02
 -7.29007600e-03 -1.03507126e-02 -6.92225695e-02 -2.92792358e-02
 -2.89501492e-02 -8.08681250e-02 -1.21616125e-01 -1.98403411e-02
  5.09126335e-02 -1.15426771e-01  2.99700815e-02  1.24277100e-01
 -5.10532521e-02 -5.68928085e-02  1.33780256e-01  7.82513171e-02
 -5.16605303e-02 -1.36098564e-01  5.14123738e-02  1.24970816e-01
  8.73169079e-02 -1.49013117e-01 -1.38518903e-02  1.57317400e-01
  1.14140980e-01  8.93620774e-02 -1.08786903e-01  2.08803207e-01
 -1.84519753e-01 -3.40361036e-02 -1.32239565e-01 -6.51357174e-02
 -1.47882983e-01  1.08580649e-01 -1.17965620e-02  2.35405173e-02
  1.60506040e-01  7.25409761e-02  1.84983402e-01 -1.04231283e-01
  8.64000171e-02  1.80795770e-02 -7.11254124e-03 -5.44478707e-02
  3.88083160e-02  6.89365864e-02  1.69179454e-01 -9.75934342e-02
  9.82668847e-02  7.78950304e-02 -2.65732314e-02 -1.57169655e-01
 -8.04033577e-02  8.01701322e-02  2.12852031e-01 -5.91117553e-02
  2.33172327e-01  4.64804620e-02 -5.13867512e-02 -1.58957824e-01
  2.10931957e-01 -2.37284169e-01 -7.16632828e-02  9.04871523e-02
 -5.55748455e-02  1.07276114e-02 -1.50224656e-01  2.65030563e-01
 -2.61770159e-01 -2.49269128e-01  3.22113633e-02 -1.08121768e-01
  1.12831943e-01  1.31645724e-01 -1.34059355e-01 -4.09957282e-02
  1.12110181e-02  7.99561813e-02  8.39264691e-02  3.79584469e-02
 -3.40095833e-02 -1.47859722e-01  6.54279515e-02  1.58833265e-01]