http://erau.edu/ontology/meme.owl#TurntMeme
[-2.17215478e-01 -2.13131279e-01  1.18436053e-01  1.52681023e-02
  3.23472545e-03 -1.00803161e-02  2.85681009e-01  5.57239316e-02
 -3.44896168e-02 -7.48472512e-02  1.58799067e-01 -4.18283008e-02
 -1.70816097e-03 -9.79047641e-03 -9.41436738e-02  1.98549032e-02
  1.77474618e-02  2.14294136e-01 -5.98290153e-02  6.79994449e-02
 -2.87843317e-01  1.05839789e-01  1.98192284e-01 -1.55276000e-01
  1.09468184e-01 -1.88746024e-02  1.05102293e-01 -1.93996176e-01
  3.61894459e-01  8.22960213e-02  6.30814508e-02  6.94330111e-02
  1.54459730e-01 -1.36821240e-01 -3.72655652e-02  2.76291847e-01
 -1.07914373e-01  1.03187643e-01  1.81432907e-02 -1.79572120e-01
 -8.24666396e-02  1.78759068e-01 -2.69580066e-01 -9.01183560e-02
 -3.16473306e-03  8.49804506e-02  3.06499097e-02  3.50729302e-02
  5.06538302e-02  3.04255057e-02  1.21165119e-01 -6.98582968e-03
 -7.23666400e-02 -8.52710605e-02 -1.74769431e-01 -3.53592783e-02
  7.47035146e-02 -1.69946373e-01  6.85441941e-02  1.48577586e-01
 -1.09509699e-01 -1.86924458e-01  1.62625507e-01  6.58539832e-02
 -2.25611031e-01 -1.55670062e-01 -2.67818347e-02  1.17288539e-02
 -1.10038839e-01 -1.60164893e-01 -5.15491962e-02  1.57382354e-01
  1.81102708e-01  9.71917659e-02  4.60489616e-02  4.05101478e-02
 -1.77553728e-01  6.20297827e-02  1.83237135e-01  7.37667456e-02
 -3.28868851e-02 -1.38271049e-01 -8.68981555e-02 -2.43465409e-01
  6.53266758e-02 -4.97516058e-02 -9.12040621e-02  3.96767706e-02
  1.38067022e-01  2.66236644e-02 -1.16894580e-01 -3.07879686e-01
  1.24059804e-01  4.80813580e-03 -1.50361180e-01 -2.94192526e-02
  1.37929842e-02 -5.44701470e-03  3.54922400e-03 -7.64161944e-02
 -1.73804909e-02 -6.74204826e-02  3.19484711e-01 -1.00470588e-01
  5.52322567e-02  3.65346321e-03  2.14950696e-01  3.56232305e-03
  4.35140841e-02 -8.76606703e-02 -1.61306988e-02  9.03133526e-02
 -1.74671248e-01 -1.73861444e-01  3.47864367e-02  3.20204794e-02
 -3.12074244e-01 -1.34030595e-01  1.80821295e-03  6.50778860e-02
 -8.02675262e-02 -1.68585613e-01 -3.37255113e-02  1.46842584e-01
  7.14317188e-02 -8.75522271e-02  6.96747471e-03 -1.31741455e-02
  1.54185116e-01  2.84784585e-02 -1.44682467e-01 -3.37330662e-02
  1.33791761e-02 -9.40713137e-02  1.52385626e-02  1.08771548e-01
  1.42403552e-02  2.14241780e-02 -1.40777126e-01  1.72087941e-02
 -2.10592628e-01  1.42063037e-01  6.19457774e-02  1.62459329e-01
  1.62244648e-01 -9.33938846e-02  2.50610393e-02 -1.16683044e-01
  7.09731132e-02  2.11196303e-01  6.09862059e-02 -1.05290696e-01
  5.25621278e-03 -1.67115163e-02 -6.37895018e-02  2.14824528e-02
 -2.19717577e-01  1.93969026e-01  8.07729736e-02 -1.49326876e-01
  2.53462642e-02 -1.78448811e-01 -9.02517363e-02  3.90415192e-02
 -1.87518865e-01 -2.73473352e-01 -1.14229150e-01  9.63716060e-02
 -2.48110235e-01  1.07947335e-01  1.30437434e-01  1.33460999e-01
  2.47583285e-01  2.40813211e-01 -1.77284181e-02 -8.09360966e-02
 -3.59080471e-02 -2.21692231e-02  1.55815303e-01 -5.24001308e-02
 -1.06490374e-01  7.14610144e-02  1.19765781e-01 -6.48184121e-02
 -3.04922126e-02  3.07877827e-02  1.28914073e-01  6.53982013e-02
  1.74471319e-01 -1.11847958e-02 -4.21147197e-05 -8.80670641e-03
 -2.26192519e-01 -6.27782345e-02 -1.25477910e-01 -1.65700503e-02
 -5.54608554e-03  1.09234728e-01 -1.26391709e-01 -1.40373670e-02
 -1.99446026e-02 -5.37255667e-02  1.52691267e-02 -8.18108469e-02
 -1.64112896e-02 -1.68168202e-01  5.47806285e-02 -2.81482115e-02
  1.50363520e-01  1.17505297e-01  1.89107686e-01  1.46566808e-01
  5.93849318e-03 -9.17333663e-02  1.31956577e-01 -9.93322507e-02
 -5.83949611e-02  9.00646858e-03  8.95338356e-02  1.08163662e-01
  2.48575285e-01  1.88080162e-01 -1.11141719e-01  1.12225246e-02
 -6.58074990e-02 -3.47668268e-02 -1.44943893e-01 -5.66698648e-02
 -2.40156371e-02 -3.54969129e-02  1.92534551e-02 -5.10912538e-02
 -1.32891431e-01 -1.01528704e-01  5.49084991e-02  4.33897302e-02
 -9.94691178e-02  3.15463990e-02  3.05901133e-02 -7.27322251e-02
  1.32976854e-02  2.48837415e-02 -5.74919570e-04 -3.04595288e-02
 -2.38897547e-01 -8.70348304e-04 -1.78924412e-01 -5.42460009e-02
 -1.86915383e-01  1.64230764e-01  1.76474769e-02 -1.02804750e-02
  1.80680379e-01  4.66313325e-02  2.99570620e-01 -5.94823286e-02
  3.32233915e-03 -8.87184069e-02 -5.39949760e-02  6.35472173e-03
 -1.25253066e-01 -1.13403693e-01 -8.83835703e-02 -9.42584500e-03
 -5.84797263e-02 -1.51338547e-01  1.01321144e-02  8.09099351e-04
  4.78598624e-02  1.05941445e-02 -5.84878884e-02 -7.28595033e-02
 -2.62609292e-02  4.66682464e-02  2.18496129e-01 -2.46100575e-02
  1.02648124e-01 -5.29124476e-02 -5.18278815e-02  5.22438763e-03
  9.52767581e-02  1.06184214e-01 -1.23959318e-01 -1.95837811e-01
 -9.16527286e-02  5.45277558e-02 -4.03820090e-02 -7.53598511e-02
 -3.65374088e-02 -1.27051905e-01  5.56155629e-02 -8.15302432e-02
  1.23681994e-02 -2.03671843e-01  1.02374637e-02  3.96493450e-02
  1.02236517e-01 -2.68913526e-02 -1.84413686e-01 -1.76781222e-01
 -1.24631576e-01 -1.33015979e-02 -3.67235914e-02  3.78416814e-02
 -6.28209114e-02 -7.59905875e-02  2.00478673e-01 -1.33180946e-01
  1.44954911e-02  9.97681543e-03  1.43825397e-01 -1.79573268e-01
  7.95755312e-02  4.75468226e-02 -1.63350273e-02  5.78002036e-02
  3.40133253e-03  3.33255343e-02  7.15801343e-02 -1.20067991e-01
  1.09472260e-01 -2.18599871e-01  2.25904122e-01  1.78385913e-01
 -5.37880994e-02 -1.51120443e-02 -1.22717470e-01 -2.52230614e-02
  2.27295786e-01  1.93058676e-03  7.31120482e-02  5.34337945e-02
  4.54821400e-02  3.70773897e-02 -4.21095304e-02 -2.33091056e-01
  2.64342614e-02  1.37177944e-01  1.03365630e-02  8.56730416e-02
  2.64426582e-02  3.12866755e-02 -5.14607392e-02 -2.49087922e-02
 -6.16628788e-02 -4.25560074e-03 -1.35610878e-01  1.85592845e-01
  6.65194616e-02 -2.13713393e-01 -3.56551223e-02  2.82033477e-02
 -2.15081379e-01  1.00437947e-01 -1.73691362e-01  4.32154946e-02
  2.01509781e-02  4.03041802e-02  2.42455974e-01  9.08450484e-02
 -7.17525557e-02  4.77988906e-02 -9.30340141e-02 -5.53354807e-02
  2.57653650e-02 -1.33733362e-01 -1.10348957e-02  7.03970268e-02
 -3.14529724e-02  1.05585332e-03  3.61307291e-03 -5.80059141e-02
 -5.30086458e-02 -5.24810292e-02  1.05086165e-02 -5.18069826e-02
 -1.13359384e-01  9.75670218e-02  1.12681333e-02  8.49706382e-02
 -4.41580079e-02  1.96646497e-01 -2.56631244e-02 -7.53961951e-02
  9.96603742e-02 -1.34517010e-02 -1.30248025e-01  1.41616002e-01
  2.23207264e-03 -8.77849991e-04 -2.79790629e-02  9.17681083e-02
 -3.23927589e-02  1.86342910e-01 -7.19174594e-02 -3.08976680e-01
  1.13426736e-02  2.76832785e-02  1.14205010e-01  4.44754064e-02
  8.93697590e-02  1.81260165e-02  8.48339349e-02 -1.12647019e-01
 -3.07981065e-03 -6.83819968e-03  9.64788441e-03  9.50349271e-02
  1.17140315e-01 -5.55346720e-03  1.34034827e-01 -1.95213288e-01
 -1.19597465e-01 -2.60519534e-02  3.89737226e-02 -2.48039830e-02
 -5.06037250e-02 -9.71357375e-02  5.98877482e-03  7.78533891e-02
  3.43047492e-02 -1.24836512e-01 -9.71784145e-02 -2.59233769e-02
 -5.57402633e-02 -1.67356074e-01 -1.17322132e-01 -5.60143627e-02
  8.12927485e-02 -1.09711140e-01  7.62185901e-02  1.28065944e-01
  9.04317480e-03 -4.38900441e-02  1.69689134e-01  1.46816194e-01
  7.32679591e-02 -2.83590313e-02  5.60093597e-02  8.35835040e-02
  9.57741514e-02  2.19532982e-01 -1.23915426e-01  3.85959685e-01
 -2.92861909e-01 -1.11819990e-02 -1.40917018e-01 -9.99412015e-02
  3.20311962e-03  5.68940379e-02 -1.11419093e-02  9.15098041e-02
  1.26487508e-01 -1.11547895e-01  1.72406703e-01  5.73512875e-02
  5.33552915e-02  6.92039207e-02  1.24418214e-01 -4.49244604e-02
  1.16750285e-01  1.50854349e-01  1.68660417e-01 -8.84570777e-02
 -1.38207665e-02  1.80645302e-01  3.29140127e-02 -9.61638242e-02
 -5.00611551e-02  2.20089294e-02  2.41038591e-01 -9.54643264e-02
  2.22856820e-01  1.33511856e-01 -2.35809162e-02 -1.55000255e-01
  2.36824006e-02 -2.64648199e-01  5.90583906e-02  1.29263431e-01
  2.30121389e-01  1.74039751e-02 -1.45276770e-01  3.96689683e-01
 -2.31631473e-01 -3.16087276e-01  2.47723702e-02 -1.25687316e-01
  2.31839404e-01  1.08089514e-01 -3.25048305e-02 -1.52435610e-02
  7.57344887e-02  1.11253038e-01  1.43621653e-01  2.35542450e-02
  4.24170718e-02 -6.47035427e-04 -1.34870382e-02  2.14200765e-01]