http://erau.edu/ontology/meme.owl#MrCaffeineDoodlyDoodlyDoopMeme
[ 0.07231903 -0.16274121  0.05671752 -0.01443844 -0.03151958  0.18846154
  0.00392026  0.02214189 -0.01257911 -0.02190373  0.06082368 -0.06230315
  0.05727111 -0.02262002  0.0431802   0.00569914 -0.17951868  0.0819066
 -0.07644318  0.13954379  0.01234315  0.01961719  0.19997391  0.11316523
 -0.08242626  0.15946217  0.0689908   0.20760728  0.3480974   0.11538501
  0.14015707  0.25794497 -0.050574   -0.05757618 -0.03143185  0.00514092
 -0.05298593  0.05460969 -0.14112234 -0.03747158  0.14566284  0.03093817
 -0.11660491  0.07442123  0.11679276 -0.10064511  0.0907962  -0.13309722
 -0.08893702 -0.01588913  0.12408468 -0.20006554  0.06053867 -0.1462133
 -0.17820479 -0.07922968  0.16691639 -0.06653436  0.07009417 -0.0223799
  0.05201123 -0.00237547  0.13575786  0.07701614 -0.18070357 -0.01384339
  0.07845391 -0.02550555 -0.11471266 -0.1262646  -0.08915804  0.14626186
  0.03276499 -0.00676058  0.03612553 -0.02714998  0.00278571  0.03400455
  0.2473173   0.06376335 -0.11855902 -0.00189509 -0.19441143 -0.29678926
  0.12588997 -0.06996883 -0.17121063  0.09264489  0.08084501 -0.03839663
  0.01807282 -0.23533133 -0.00833947 -0.03631546 -0.10574654  0.01883202
 -0.12938039 -0.07348294 -0.11582161  0.07760578  0.13261837  0.0671403
  0.45150226 -0.127863   -0.02585828 -0.00304286  0.1612565   0.1065446
  0.08445838 -0.21743956 -0.08930829  0.12905258  0.06265316 -0.07106596
  0.12935926  0.04608394 -0.17273454 -0.06415363  0.09294953  0.06410926
  0.09141004 -0.07692025 -0.19055203 -0.06488862  0.07613226  0.06523602
  0.00135558  0.07880117  0.09664097 -0.06358906 -0.34838414 -0.14925659
 -0.0821907  -0.02590068 -0.24931222  0.22091532 -0.15676577 -0.14156036
 -0.00403513  0.0889788  -0.20586835  0.06840695  0.19285071 -0.1442067
  0.16729441 -0.16097912  0.05829481 -0.0739297  -0.06365164  0.00959137
  0.00165223 -0.06806143  0.04415512  0.02938149 -0.05945183  0.06248234
 -0.08384901  0.2766601  -0.09991613 -0.20337467  0.14130743  0.00861228
  0.01581818  0.00421929 -0.45777208 -0.09468316  0.08599586  0.3002393
 -0.38059977  0.28534758 -0.0117476   0.125837    0.2638134   0.18787035
 -0.15785012  0.02822557  0.01780878  0.09286202  0.00075942 -0.02838318
 -0.00368623 -0.14758427  0.04267585  0.05896442 -0.13328025 -0.02964042
  0.08810687  0.07550625  0.0311392  -0.10687905 -0.06690094 -0.00509979
 -0.11262727 -0.06556167 -0.18839705 -0.02065905 -0.07589765  0.29340786
  0.00838384 -0.05582415 -0.06542598 -0.09889833  0.02264385  0.04572225
  0.06988755 -0.2574689   0.02686543 -0.00763494  0.18218765  0.15690917
  0.25453424  0.0297474   0.13600546 -0.10071985 -0.01954819  0.19678292
 -0.14743975  0.04853441  0.2201676   0.08606873  0.20181406  0.22222412
  0.01182464  0.0597389   0.09849197 -0.07782592  0.00945009 -0.11971359
 -0.13182144  0.02613738 -0.04288882  0.22033978 -0.0282941  -0.02978277
 -0.07483778 -0.0400947   0.02150856 -0.14660224  0.25474304 -0.09454037
 -0.05474407  0.01215022 -0.00677759 -0.06749301 -0.19164002 -0.17127083
 -0.07022744  0.10007758  0.0503619  -0.07449438  0.06444247  0.08980939
  0.10947901  0.00154261  0.21061207 -0.06529155 -0.2897191  -0.09600715
 -0.09188454 -0.07222759 -0.3134412  -0.18026672 -0.07228729 -0.3671983
 -0.00912557 -0.2876136   0.11545859  0.13012029  0.15401158  0.01326171
  0.03283336 -0.13405271 -0.00056163  0.21273082  0.12097618 -0.06108065
  0.14963475  0.04924287 -0.24215344 -0.2083175   0.01696354  0.10833956
 -0.09805496  0.04835763 -0.15748283  0.03336836 -0.21262322 -0.01062335
 -0.04845645 -0.1757617   0.0505245   0.02992283 -0.02332931  0.12853652
  0.07030993 -0.11131722  0.15476152  0.25455824 -0.18019685 -0.07695567
 -0.21100447  0.05495701  0.11458299  0.14956014  0.19086204 -0.03991407
  0.2989457   0.06499416  0.04791625 -0.10990813  0.26407316 -0.22972499
 -0.05828628 -0.08856615 -0.20510495 -0.14992222  0.07428315  0.06966983
 -0.0778024   0.00425467  0.08303312 -0.08190298  0.11083346  0.17403157
  0.17822652  0.03865307 -0.12698057 -0.07778982  0.21381775 -0.02337035
 -0.07181516 -0.19376932  0.08788146 -0.01964155  0.20515414 -0.44704118
  0.18111019  0.15687923 -0.07440604 -0.0362163  -0.00878567  0.24314906
 -0.03841772 -0.07707241 -0.1735871   0.09243415  0.10091984  0.04218433
 -0.03426748  0.03547636 -0.12244338  0.17412825 -0.02533637  0.2194884
 -0.16787307  0.19189069  0.03305879 -0.02459017  0.3083188  -0.11255204
 -0.03674657  0.25181922  0.03400673 -0.11972488  0.14688863  0.01515813
 -0.18287702  0.19176109 -0.02150245 -0.03561384 -0.13245824 -0.10855078
 -0.24987938  0.15465985  0.19983591  0.03508498 -0.00280803  0.02001982
 -0.17060117 -0.14968231  0.22048378  0.23850374 -0.09039545 -0.08495488
  0.02377298 -0.04217795 -0.01232091  0.02848649  0.0397307  -0.1536298
  0.04923591  0.05536855 -0.0479224   0.29170966  0.09694146 -0.07378869
  0.10884395 -0.07858381  0.06350044 -0.09157874 -0.22178984 -0.36319476
 -0.08580952 -0.13714415  0.0515222  -0.17587805 -0.0462358   0.36381242
  0.12942602 -0.06361596  0.31542262 -0.19353089 -0.09069466  0.01628421
 -0.3823693   0.3031715  -0.21158624 -0.05104997 -0.0232958   0.1396948
  0.28200555  0.09326109 -0.4274082   0.0493427   0.1484036  -0.16792281
 -0.08515988  0.03175729  0.19527867  0.01132949  0.03190572  0.23056313
  0.2969428   0.02966211  0.19892769  0.41065514 -0.07348792 -0.2592405
 -0.16787969  0.16252625  0.18937968 -0.04860764 -0.08936268  0.27493382
 -0.28518307 -0.16735896 -0.28029373 -0.16849598 -0.04400713  0.08232249
  0.06666903  0.27471852  0.22675148 -0.05873571  0.25978082  0.00842332
  0.22905333 -0.04007852 -0.02427267 -0.05753158  0.16010089 -0.04038076
  0.01892276 -0.04453592  0.09270217  0.20812492 -0.1548342  -0.1779867
 -0.02163814 -0.03707483  0.10720696  0.04633664  0.03323044  0.08686785
  0.06294897 -0.0022699   0.13222298 -0.1778938  -0.09123277  0.1898194
 -0.16654344  0.10229182  0.00608575  0.2554238  -0.04409091 -0.11652279
 -0.08185753  0.13469364  0.11378302 -0.01184914 -0.15236759  0.05059262
 -0.01374369  0.05034628  0.12254508 -0.07544757 -0.0448755  -0.26948985
  0.07990991 -0.17687301]