http://erau.edu/ontology/meme.owl#ChanarchiveMeme
[-7.74629042e-02 -1.47567555e-01  2.54147332e-02  2.52597611e-02
 -2.19403096e-02  6.52870759e-02  1.32216796e-01  5.43026105e-02
  1.63693786e-01 -1.23551801e-01  1.69801548e-01 -1.21907331e-01
 -1.09597966e-02 -6.89151064e-02 -5.06849848e-02  3.54302227e-02
  1.98170301e-02  7.78454766e-02 -1.13080498e-02  4.70760055e-02
 -1.60502151e-01  1.22817233e-01  9.68506485e-02 -1.66848555e-01
  1.35750890e-01 -2.79963594e-02  6.34249449e-02 -4.45907936e-02
  1.06210485e-01  2.80138478e-02  1.13239214e-01  8.16199630e-02
 -4.02276553e-02 -1.04448617e-01 -8.05949420e-02  2.22700119e-01
 -8.41934816e-04  8.22287425e-02  1.96834151e-02 -1.32396996e-01
 -5.65153360e-02  2.38105148e-01 -2.18390226e-01 -1.63590342e-01
  1.26890168e-01  5.44055179e-02 -6.37436062e-02 -2.77466588e-02
 -8.79307166e-02  9.25139040e-02  6.78476542e-02 -2.20576376e-02
 -1.78366423e-01 -9.28661078e-02 -1.05280764e-01 -6.60393760e-02
  5.69981076e-02 -5.48438542e-02  1.49569497e-01  6.20389357e-02
 -1.85401049e-02 -1.35828972e-01  5.91000058e-02  9.05008987e-02
 -1.40507579e-01 -1.54073372e-01  1.03969723e-02 -4.76723090e-02
 -1.46144718e-01 -1.09629259e-01 -1.58821523e-01  1.05475858e-01
  1.71785057e-01  7.23363683e-02 -3.75388912e-03  2.77230561e-01
 -2.02111602e-01  8.49907249e-02  1.82212934e-01  8.40064436e-02
  5.25728948e-02 -8.55964143e-03 -2.43000239e-02 -1.53723300e-01
  1.23025112e-01 -8.22547600e-02 -1.21967137e-01 -2.98536825e-03
  1.97417382e-02 -3.31494473e-02 -5.04321652e-03 -2.77202964e-01
  2.59206712e-01 -1.66502222e-01 -6.17776476e-02  2.09274609e-02
  1.00297078e-01  9.79580078e-03  4.02983837e-02 -3.15901227e-02
  2.09429428e-01  3.32308933e-02  2.98693061e-01 -7.32696503e-02
 -4.53234054e-02 -9.30195767e-03  1.30301103e-01  3.43805440e-02
 -4.28224988e-02 -1.89758204e-02  3.95291895e-02 -3.04441657e-02
 -1.08600594e-01 -1.14851795e-01  3.57533544e-02  1.60914645e-01
 -2.62252331e-01 -1.84564695e-01  6.64161816e-02  7.22865462e-02
  2.81677931e-03 -4.97128889e-02 -1.20727696e-01  1.26686186e-01
  1.08744837e-01 -9.15612057e-02 -1.42231397e-02 -4.08450514e-03
 -5.50308637e-02  8.63689836e-03 -2.20784396e-01  5.10384552e-02
  1.03863655e-02 -7.95980692e-02 -3.91496532e-02  6.26373217e-02
 -1.82970747e-01 -5.92653863e-02 -1.82491660e-01  1.03661500e-01
 -2.77571976e-01 -8.95287693e-02  4.00368534e-02  6.14764430e-02
  1.94837153e-01 -2.91217685e-01  4.81656790e-02 -1.90208912e-01
  1.86465420e-02  2.19677672e-01 -2.04551630e-02 -1.07907597e-02
 -1.23665920e-02  8.49683136e-02 -1.36901081e-01  6.57124072e-02
 -1.58370942e-01  2.12699309e-01  2.61483341e-02 -7.46445581e-02
  9.21725929e-02 -1.65727153e-01  6.65384904e-03 -9.65567380e-02
 -1.20170407e-01 -2.12848350e-01  7.24743307e-03  2.61511505e-02
 -3.00419718e-01  2.87315082e-02 -1.68276019e-02  1.56550735e-01
  2.71697491e-01  1.11399509e-01 -2.30050981e-02 -3.25822309e-02
 -1.36676595e-01 -5.09724133e-02  1.30098775e-01 -1.02867456e-02
 -7.32490122e-02  1.99431434e-01  9.91166979e-02  6.59141243e-02
 -1.13737568e-01 -7.57065341e-02  1.86977983e-01 -3.73093667e-03
  2.64661878e-01 -1.33298188e-01 -8.73048697e-03  5.98354675e-02
 -2.46798813e-01 -1.77664161e-02  8.14623572e-03  3.07222549e-02
  1.18401484e-03  1.06304839e-01 -7.52049387e-02 -1.92721710e-02
 -2.30544191e-02  5.83900847e-02  6.62446395e-02 -4.13761958e-02
 -5.06016538e-02 -7.05894083e-02 -1.11912206e-01  5.68461195e-02
  6.25935867e-02  4.94824499e-02  2.08328500e-01 -9.39267594e-03
 -8.46399590e-02 -6.26451224e-02  7.77180865e-02  4.86702621e-02
 -8.41617063e-02  3.98271233e-02  6.73224032e-02  1.71743780e-01
  1.19558968e-01  1.10690139e-01 -9.07201096e-02  1.34443909e-01
 -1.01104721e-01 -7.72054046e-02 -1.27381012e-01  9.97849926e-03
 -1.04308287e-02 -5.18203266e-02  1.06053270e-01 -8.42265189e-02
 -1.40054509e-01 -3.78018767e-02  1.97597519e-02  7.91200474e-02
 -1.48511440e-01 -8.43668059e-02  2.87216529e-02 -1.22011164e-02
 -6.18984625e-02 -2.09131390e-02 -8.80192220e-03  1.66430362e-02
 -1.58980057e-01 -3.92610617e-02 -2.28715971e-01 -1.31247006e-02
 -1.47566706e-01 -8.71906243e-03  1.31064162e-01 -6.04371205e-02
  1.16006732e-01  6.89544827e-02  1.87055290e-01  4.63583730e-02
 -8.99840295e-02  2.15188693e-02 -1.72100645e-02 -1.26026117e-03
 -1.84473936e-02 -6.41918629e-02 -4.86548170e-02 -1.42025121e-04
 -1.12386055e-01 -2.02760011e-01  7.23029897e-02  4.45266366e-02
  1.53043181e-01 -3.05688214e-02 -1.52617227e-02 -5.02552688e-02
 -1.24487437e-01  1.20301865e-01  9.15974677e-02 -2.58420296e-02
  1.20759577e-01 -9.87227485e-02 -6.48600832e-02  5.56201823e-02
  4.42140028e-02  9.69785824e-02  2.03297306e-02 -8.29456151e-02
 -1.15211219e-01  2.75694691e-02 -8.31105858e-02  3.43114436e-02
 -8.93506631e-02 -1.22361705e-01  1.56074867e-01 -6.55657873e-02
  2.24507395e-02 -2.96193920e-02 -6.15676865e-03  6.26270398e-02
  1.17786959e-01  4.24727090e-02  3.81543748e-02 -8.97664800e-02
 -1.89884618e-01  1.18415970e-02  1.80449821e-02  4.40842845e-03
  7.59894550e-02  1.09292846e-02  8.33645016e-02  2.92542595e-02
 -2.66795233e-02  1.68692302e-02  1.95547462e-01 -1.29257634e-01
 -3.14576216e-02  4.64379378e-02 -1.92959774e-02  7.06719384e-02
 -5.66469058e-02 -4.77312654e-02  9.15220007e-02 -7.88564533e-02
  4.42800149e-02 -1.16302125e-01  1.17933758e-01  3.75008881e-02
 -9.16825980e-03  1.06034474e-03 -3.21436115e-02 -3.16714086e-02
  2.57460643e-02 -1.64974723e-02 -9.19357389e-02  1.04875438e-01
  1.20822592e-02 -1.60790026e-01 -7.92956725e-02 -9.77538899e-02
  1.28098562e-01  5.68149686e-02 -3.37782353e-02  3.88888903e-02
 -7.21451044e-02  8.69193077e-02 -2.59861350e-03  1.36499088e-02
  1.26024708e-03 -1.17439143e-02 -2.60283556e-02  4.49157655e-02
 -5.71694821e-02 -5.25968261e-02 -9.54049826e-02  2.92577464e-02
 -3.32808308e-02  1.05031274e-01 -1.42289311e-01  2.42072772e-02
 -7.18160421e-02 -4.16062996e-02  9.60465744e-02 -1.63856428e-02
 -7.55117685e-02 -9.19721052e-02  6.56212717e-02 -6.34037331e-02
 -2.98581421e-02  1.36523359e-02 -4.04399075e-02  9.73307788e-02
  1.11187221e-02  6.61446005e-02  6.16279617e-03  1.68294832e-02
 -2.04473734e-01 -1.34515744e-02  9.48331282e-02 -8.29965100e-02
 -9.51329023e-02 -4.92253229e-02 -8.84442627e-02 -6.54390007e-02
  3.02056363e-03  6.45549595e-02 -2.21323166e-02 -7.50327632e-02
  1.49933368e-01 -1.25532120e-01  3.34081128e-02  1.95123449e-01
 -5.85933402e-02 -4.64051776e-02 -5.24476729e-02  7.30754212e-02
  5.17199263e-02  1.42623618e-01  1.31837204e-02 -1.76543996e-01
  5.35052456e-02  7.73817822e-02  1.59075513e-01 -9.81875509e-02
 -9.17073488e-02 -2.06320047e-01  1.35761440e-01 -1.80860654e-01
 -1.01850688e-01 -1.12814689e-02 -1.35976717e-01  8.38934779e-02
  6.39396682e-02  1.43295959e-01  4.92844507e-02 -1.20572902e-01
 -1.14603445e-01 -2.41858419e-02 -4.46267501e-02 -1.22465998e-01
 -7.99908713e-02 -9.52195600e-02 -4.25927192e-02  6.96318224e-03
  1.55737959e-02 -2.58890726e-02 -3.71440612e-02  1.35839015e-01
 -8.73006582e-02 -5.79016581e-02  5.10868430e-02  5.76584600e-02
  4.90233377e-02 -3.61930840e-02  4.20248248e-02  1.85419917e-01
 -2.76072696e-03 -1.86908036e-01  1.30001381e-01  1.03347175e-01
  1.32062823e-01 -9.55342427e-02  7.00744912e-02  2.26334661e-01
  8.64368305e-02  3.24990153e-02 -1.93564191e-01  3.13117802e-01
 -2.88513094e-01 -5.78865036e-02 -2.13148370e-01 -9.35945883e-02
 -1.66327327e-01  9.29268822e-02  5.71265146e-02  5.75530455e-02
  1.06000558e-01 -2.02337764e-02  1.81826144e-01 -8.04092456e-03
  1.40809909e-01 -7.99583644e-02  7.13445619e-02  5.13333529e-02
  1.13129050e-01  8.07097927e-02  1.41325176e-01 -1.85538426e-01
 -2.69227047e-02  1.19179383e-01 -3.52529921e-02 -1.81571960e-01
 -8.43558013e-02  9.76243243e-02  2.61213839e-01  3.55553962e-02
  3.43539476e-01  2.17078835e-01 -6.01323973e-03 -1.34543508e-01
  2.01165676e-01 -1.92375124e-01 -3.15924697e-02  1.33511648e-01
 -5.49395122e-02 -1.06594944e-02 -1.96446478e-01  1.69039562e-01
 -1.74505979e-01 -2.58644223e-01  5.72227426e-02 -4.55559753e-02
  1.95713900e-02  2.01545313e-01 -2.58185957e-02  1.88971069e-02
  1.08371712e-01  1.11549698e-01  9.45520848e-02  8.95303413e-02
  4.81831050e-03  9.44139734e-02 -4.72175740e-02 -3.08631919e-02]