http://erau.edu/ontology/meme.owl#LionelMessiMeme
[-0.07119942 -0.11893623  0.04010837  0.11377341 -0.03814508  0.11765996
  0.16177885 -0.03869455  0.0792792  -0.1454008   0.0148758  -0.09807104
 -0.06083764 -0.04244965  0.08738496 -0.01133798 -0.04167262  0.07891706
 -0.08577071  0.05161622 -0.18909982  0.14313169  0.08504704 -0.06324109
 -0.0283412  -0.00844216 -0.06888458  0.00968479  0.28854206  0.05994489
  0.20713659  0.05839198  0.1222358  -0.08724346 -0.13066737  0.11580162
 -0.01888969  0.12949143 -0.04352354 -0.0484127  -0.03087177  0.17599614
 -0.229922    0.03860543  0.03670632 -0.05339777 -0.12509543 -0.1320707
 -0.02900126  0.08436617  0.0810113  -0.05311633 -0.13952504 -0.16478197
 -0.05831581 -0.03865216  0.16337703 -0.119413    0.1005404   0.10181487
  0.05812361 -0.07232022  0.09798025  0.07914266 -0.08973047 -0.11925007
 -0.09728254 -0.03893698 -0.15320553 -0.03941636 -0.09376858  0.04505396
 -0.02584439 -0.01397187  0.12051076 -0.05209022 -0.26202497 -0.03133214
  0.12209649 -0.05142976  0.02101337  0.0937144   0.02686031 -0.2234015
  0.02463167 -0.07610112 -0.18892965 -0.01022012  0.06715223  0.01210538
 -0.08025459 -0.22117801 -0.02419257 -0.13117649  0.03442886 -0.03215698
 -0.11991915 -0.00937562  0.02495145 -0.01218061  0.14452155  0.15961094
  0.35773766 -0.03040772 -0.03484887 -0.09390727  0.13022947 -0.01000877
 -0.00565495 -0.0873827   0.0456952  -0.00525555  0.01969475 -0.06805283
  0.02131314  0.1201075  -0.25433362 -0.05549287 -0.05613472  0.03813849
 -0.03889363 -0.08164021 -0.05019259  0.23607129  0.16004696  0.06008713
 -0.06981337  0.11253621  0.04061052  0.0117257  -0.2463262   0.01653427
 -0.02044493 -0.09817707 -0.02012673  0.18738507 -0.03093832 -0.02934972
 -0.166209    0.04936279 -0.1525223   0.00201241  0.11619397 -0.07984322
  0.2064672  -0.19828868  0.01586744 -0.0121968  -0.05752818  0.05337659
 -0.03220019 -0.1034688  -0.05852177  0.1387357   0.0145253   0.13695149
 -0.06099234  0.34312502 -0.05385514 -0.07068296  0.02722945 -0.17995785
 -0.01714542  0.02579234 -0.27243316 -0.10182333  0.0058281   0.16760397
 -0.21819258  0.13421534 -0.04237733  0.13435392  0.20644344  0.19420664
 -0.08963618 -0.0079576  -0.00588162  0.00808785  0.1775252  -0.05424627
 -0.08231948  0.04674353  0.05617326  0.143067   -0.06311824 -0.10025634
  0.21017306  0.06934078  0.14887662 -0.11995485 -0.10523582  0.04957517
 -0.10754126 -0.05691224  0.05468229 -0.05191163  0.07336747  0.08395376
  0.02766754 -0.08597802  0.00685089 -0.11469048  0.02678137  0.10217073
 -0.13206787 -0.1761013   0.04023746  0.02249538  0.09960166  0.16007501
  0.27009055  0.00802072 -0.045032   -0.02097593  0.13188037  0.04074414
  0.00768084  0.0827742   0.15125984  0.15319961  0.04179346  0.15979768
 -0.08194907  0.15960035  0.02996976  0.03122357  0.02070043 -0.00318394
 -0.14817663 -0.10802583 -0.01883085 -0.05889159 -0.10158301 -0.1131672
 -0.02241816 -0.01069635 -0.09166792 -0.01187981  0.16546729 -0.07756803
 -0.0994937  -0.01563265  0.05191678 -0.01360256 -0.2350867  -0.09141018
 -0.15362209  0.10107718 -0.04690895 -0.02900784  0.05309546 -0.06654139
  0.10794487 -0.02094948  0.33897802 -0.00542114 -0.20514444  0.04486715
  0.0272718   0.03923162 -0.18419251 -0.10201664 -0.1364646  -0.14201175
 -0.05232199 -0.0967998   0.0758119   0.08711925 -0.07243435 -0.07567398
 -0.08433226 -0.17736867 -0.09003461  0.04585073  0.03151856  0.03797217
  0.12048344 -0.01394213 -0.01777253 -0.00146483 -0.01900098  0.11631931
  0.0187388   0.06006403 -0.06824842  0.04982111 -0.0925759  -0.03270378
 -0.07761265 -0.13948463  0.04238374  0.0330937   0.0505786   0.08235478
 -0.00273074  0.01446227  0.05855598  0.15501554 -0.23333386  0.01322013
 -0.18053557  0.07678485  0.11958292  0.09553905  0.08721852  0.04251062
  0.15211608  0.01842529  0.03323518 -0.02928615  0.18976857 -0.13984507
  0.01515709 -0.04764614 -0.11467753  0.0031617  -0.04113863  0.09297983
  0.00154007 -0.13891417  0.12496028 -0.03893246  0.10976042  0.08001584
  0.01264671  0.03651824  0.06616382 -0.037887    0.19761336  0.09987116
 -0.05547947 -0.1835051   0.08711979 -0.1084483   0.17187433 -0.11027112
  0.08567721  0.04568422 -0.08136239  0.11643075 -0.01555836  0.19592793
 -0.13102524 -0.1618673  -0.07087094  0.02861213 -0.10043343  0.05695146
 -0.01342295 -0.04536761 -0.03785596 -0.02796607 -0.16136253  0.14280716
 -0.05494542  0.13163222  0.0654166   0.10120831  0.16084497 -0.06100795
 -0.04951204  0.01249208  0.02915697 -0.12423673  0.07532585 -0.06417492
 -0.05973245  0.06161497  0.12048581  0.09008312 -0.08571258 -0.14806303
 -0.21194312  0.05679661  0.17825718 -0.02545114 -0.05070161  0.03191064
  0.04081824 -0.15359683  0.01519306  0.20167844 -0.08985223 -0.17931373
 -0.03864547 -0.08300819 -0.07811922  0.07823442  0.09045289  0.00179974
  0.01379263  0.03343251  0.01259278  0.1506131  -0.02759476 -0.15131997
  0.00644822  0.10335387  0.18076697 -0.06689657 -0.05606143 -0.00204578
  0.08149546 -0.06102558 -0.10639184 -0.04634182 -0.11102717  0.09759013
  0.11219674 -0.15973394  0.16360022 -0.19226041 -0.10162854  0.09546146
 -0.21676451  0.04073544 -0.27415022 -0.05841844 -0.11134626  0.03596797
  0.16492109 -0.07341785 -0.16676427  0.0248877   0.02705261 -0.06970228
 -0.02991896 -0.09412122  0.19514689  0.02911457  0.06077771  0.17340536
  0.17614627 -0.07338846  0.13680059  0.20057899  0.14023197 -0.07206376
 -0.05085203  0.18600379  0.2046357   0.04238441 -0.08341336  0.3653311
 -0.23715703 -0.01129816 -0.2784316  -0.0330349   0.02240383  0.12623522
  0.0198082   0.12012611  0.08268693 -0.01252119  0.15757369  0.08206668
  0.17722584 -0.0358232   0.05636841  0.14662607 -0.0033178   0.03766513
  0.03805381 -0.04105684 -0.0607986   0.19327627 -0.09877396 -0.01746565
  0.00124346  0.08340774  0.14470366  0.02514449 -0.0316039   0.19983748
 -0.03279796 -0.01800152 -0.0596429  -0.24818282 -0.08036289  0.10907578
 -0.04997658 -0.01539494 -0.01548664  0.16279517 -0.12546743 -0.16573061
 -0.03904068 -0.02706606  0.11229758  0.06794694 -0.04427777 -0.00906315
  0.05528172  0.05462195  0.10546828  0.0078613   0.03427538 -0.04055348
  0.09498671 -0.04528188]