http://erau.edu/ontology/meme.owl#WhoTheFuckIsTwaticalMeme
[-0.10023786 -0.00994797  0.07493738  0.12548703  0.04365824  0.04766703
 -0.07894284  0.0355062   0.10128146 -0.22362928 -0.12749459  0.28600815
  0.20242949  0.15762497 -0.05930643 -0.18989415 -0.09294693 -0.07338237
  0.02939301 -0.0583063  -0.01107069  0.1678062  -0.04148941  0.14060917
  0.02686155 -0.19508989 -0.00674403 -0.02534861  0.04001059 -0.07627897
 -0.2167619  -0.07958414 -0.1549795  -0.02368549 -0.12615333  0.05259815
 -0.15475987  0.12153365  0.04966862  0.2437072   0.07100368  0.03375854
 -0.2708255  -0.03319971 -0.22560182 -0.05789636  0.07926431 -0.17817636
  0.05284599 -0.17103481 -0.00647698  0.17466888  0.20894367  0.00894864
 -0.18008256  0.23855954 -0.0790378  -0.01656219  0.11593785  0.18321198
  0.18754196 -0.16974533  0.01548647  0.03519915 -0.05908605 -0.04211482
 -0.1195457  -0.06452556  0.11092507 -0.10724931  0.14285734 -0.02381476
 -0.02223272 -0.01269867 -0.2149919  -0.07559863 -0.04273292 -0.11476278
 -0.03315901 -0.11494146  0.14926434  0.18511803 -0.2655461  -0.10908402
 -0.0519162   0.01112714  0.1294894   0.05367263 -0.02703953  0.27062503
 -0.10299514 -0.00806009 -0.21299933 -0.0247799   0.05655729 -0.07915376
 -0.04998516  0.27220857  0.02333745 -0.02031318  0.0979502  -0.05398089
 -0.08549353  0.03415065  0.13867609 -0.0092825   0.07869888  0.18646145
  0.1092875  -0.01453298  0.17850193  0.11663683  0.03037714  0.0290821
  0.16347255 -0.12408882  0.03740564 -0.01025813 -0.13108255 -0.01905862
  0.00141154  0.1492736   0.01367963  0.00940439 -0.20216702 -0.24489722
 -0.02099321  0.14933716 -0.22494538 -0.14113516 -0.03112591  0.04080359
  0.02065848 -0.18247099  0.09522144 -0.10188489  0.1073965   0.03362812
  0.04147165 -0.00642334 -0.07745584 -0.00970585 -0.06305799  0.06000273
  0.01710655  0.02760185 -0.05513738 -0.12762591 -0.10385039 -0.02383867
  0.0707465   0.03573071 -0.16236311 -0.12739281 -0.10271429 -0.13405144
  0.03888089 -0.00469687 -0.07420301 -0.05232301  0.06465074  0.23545605
  0.09682648  0.01468347 -0.11866637 -0.10910042  0.01433316  0.13982345
 -0.17983097 -0.04824848 -0.03582773 -0.0226029  -0.02877357  0.1901631
  0.12606372 -0.01359625  0.0591347   0.03586782  0.02025458 -0.03383028
 -0.18560322 -0.09003986 -0.03310319 -0.02886063 -0.02461511 -0.01626701
 -0.18119803  0.03851683  0.129385    0.12825614  0.00237129  0.24059305
  0.19822423  0.12709822 -0.11780142 -0.01638783 -0.0763263  -0.05866773
 -0.13044028  0.18123402]