http://erau.edu/ontology/meme.owl#3DProjectionMappingMeme
[ 1.23207912e-01 -1.26159519e-01  1.85519904e-02  9.82588381e-02
  1.82778764e-04  1.26128823e-01  1.68076307e-02 -1.45930210e-02
 -9.58674401e-03  3.03756259e-02  1.36568487e-01 -2.53907405e-02
 -1.13510124e-01 -7.82906637e-02 -1.35691807e-01 -4.19942886e-02
  2.40338873e-02  5.98560795e-02 -9.18475017e-02  5.50487973e-02
 -1.08671583e-01  9.67640653e-02  1.16963238e-01 -1.09767213e-01
  1.12541199e-01 -5.55490181e-02  2.78252573e-03 -2.79287565e-02
  1.67631671e-01  5.20844981e-02  1.72392398e-01  8.87016058e-02
  1.06587410e-01  2.31171399e-02 -1.04391761e-01  1.45084128e-01
  3.91348004e-02  8.76955986e-02 -1.92315713e-01 -2.26733044e-01
  5.43961003e-02  1.29554152e-01 -1.95699856e-01 -1.12143956e-01
  7.10471813e-03  1.01869382e-01  5.30115589e-02 -1.08040050e-01
 -9.47546661e-02  3.71405780e-02  4.17052358e-02 -1.01961643e-01
 -6.55087829e-02 -1.61581993e-01 -1.77453011e-01 -4.11494933e-02
  7.16664195e-02 -2.22231314e-01  2.03305855e-01  6.55581355e-02
  8.66204649e-02 -7.06139952e-02  1.39755473e-01  9.49348435e-02
 -9.65123773e-02 -1.37658656e-01  1.06257990e-01 -5.26090153e-03
  1.28966128e-03 -6.94492608e-02  3.01512517e-02  9.47865546e-02
  8.31200853e-02  3.75487730e-02  3.94392461e-02  1.26467258e-01
 -6.78998455e-02  3.46182995e-02  9.41438600e-02 -8.87543261e-02
  3.47980135e-03 -1.91409558e-01 -5.43730967e-02 -1.57944426e-01
  6.79413900e-02 -8.44489709e-02 -3.50850970e-02 -7.40995929e-02
  7.79196993e-03 -6.49963170e-02  2.65041497e-02 -2.07466289e-01
  3.99999619e-02 -5.79479113e-02 -1.67901978e-01  1.08183799e-02
 -1.25579620e-02  6.37390241e-02  3.33348513e-02  8.63880813e-02
  2.15904772e-01  7.78815597e-02  3.10175419e-01  2.37520505e-02
 -5.15031582e-03  9.79464650e-02  6.03718832e-02 -3.37458379e-03
 -2.66771093e-02 -3.95535566e-02 -1.38123766e-01  1.41959175e-01
  1.32194653e-01 -7.76454210e-02  1.12805784e-01 -1.34810388e-01
 -2.27306977e-01 -1.49078548e-01  3.42443101e-02  1.89335421e-02
 -6.82046339e-02  4.27584462e-02 -2.06497833e-01  4.68190126e-02
 -2.15880405e-02 -5.94426692e-02 -5.41394763e-02  8.80823284e-02
  4.60363850e-02 -9.36376825e-02 -2.89086044e-01 -8.77058432e-02
 -9.25989076e-02 -1.37797175e-02 -6.25223890e-02  1.79819867e-01
 -1.86875500e-02 -2.44644769e-02 -8.40295106e-02  1.94379482e-02
 -1.48495972e-01  3.19021195e-02  1.20341107e-01 -4.84203314e-03
  2.17299297e-01 -3.20994616e-01  5.48486933e-02 -7.66808689e-02
 -3.26333269e-02  4.84039163e-04  6.10278286e-02 -2.20618919e-02
 -1.11665905e-01 -1.70620859e-01 -4.98345271e-02  6.01040907e-02
 -1.39946297e-01  1.59499943e-01 -6.14090636e-02 -2.05604136e-01
  1.20338768e-01 -1.96043346e-02 -4.20330465e-03  6.40264526e-03
 -3.79888386e-01 -4.58228253e-02 -4.97500338e-02  3.32290471e-01
 -2.24089026e-01  2.49523178e-01  4.46905009e-03  2.43234202e-01
  3.19870830e-01  1.88926101e-01 -2.45897621e-02 -1.02324344e-01
  6.13938197e-02  2.01498587e-02  1.07307352e-01 -6.37423918e-02
 -1.78395748e-01 -4.55393177e-03  4.98541817e-02 -2.66792122e-02
 -8.31467062e-02 -2.88181379e-02  1.32214457e-01  9.16199535e-02
  3.52122914e-03 -1.33521855e-01  3.66134942e-02  3.77910398e-02
 -6.14150316e-02 -9.52493250e-02 -1.67386010e-02 -4.57506962e-02
  3.85943204e-02  1.25338271e-01  6.98740929e-02 -4.57352176e-02
 -4.98847850e-02  3.93517539e-02  1.01699933e-01  2.95821317e-02
 -5.27013168e-02 -2.78832614e-01  2.60958094e-02 -1.46357063e-02
  1.61263987e-01  2.03540027e-01  1.55320391e-01  2.62690452e-03
  3.65773141e-02 -8.62374306e-02  2.75754053e-02  6.95277676e-02
 -9.68305022e-02 -3.86704057e-02  2.86030471e-01  3.48927826e-02
  7.95347616e-02  2.18735904e-01 -1.29340991e-01  8.44322667e-02
  7.26876408e-02 -1.96624678e-02 -1.14660464e-01  3.53519432e-02
 -6.95301443e-02  1.55215384e-02 -1.99197922e-02 -5.28428443e-02
 -1.14493087e-01 -2.49071553e-01 -1.62559703e-01  1.03148324e-02
 -1.61163528e-02 -2.58927226e-01  2.68523730e-02 -8.97283107e-02
 -6.18951283e-02 -6.22640103e-02  4.32186350e-02  6.56169429e-02
 -2.57406563e-01 -1.94488913e-01 -1.77104056e-01  1.62141453e-02
 -1.46476582e-01  3.49895321e-02  1.13435023e-01  1.92646101e-01
  8.63588601e-02  1.08257616e-02  2.37350449e-01  1.91553924e-02
 -1.40272543e-01  7.33615085e-02 -4.03098390e-02 -4.89230780e-03
 -1.69593498e-01 -1.78505570e-01 -7.99565837e-02 -2.56753594e-01
 -5.49537428e-02 -2.23241046e-01  4.20278087e-02  5.17350435e-02
  1.22649103e-01 -8.92626718e-02 -9.38419327e-02 -1.82179153e-01
  7.69954547e-02  5.80763705e-02  1.16304874e-01 -2.68022576e-03
  1.77094519e-01 -7.58843869e-02 -6.14009053e-02 -1.85997281e-02
  2.11325511e-01 -4.10539694e-02 -4.82171103e-02 -4.66923416e-02
 -2.01947182e-01  5.77255487e-02 -1.69459552e-01 -1.68000206e-01
 -1.21793538e-01 -5.11478372e-02  1.92862809e-01 -1.08588114e-01
  6.34597763e-02 -6.97868466e-02  4.03221697e-02 -2.14940272e-02
  1.97638780e-01  3.69432406e-03 -1.38217404e-01 -1.75734401e-01
 -2.94421256e-01  2.99930722e-02 -7.38170370e-02  1.10859349e-01
  1.13126069e-01 -5.18068857e-02  2.20058784e-02 -1.18308522e-01
 -6.29545227e-02  1.59317896e-01  2.76909351e-01 -2.05108523e-01
 -1.33329764e-01 -1.25871301e-01 -1.23402447e-01 -7.09261745e-02
 -3.80158760e-02  7.18659312e-02 -3.63729000e-02 -5.09513717e-04
  2.59137712e-02 -7.08308369e-02  1.38288245e-01  1.74162507e-01
  5.53600416e-02  1.28686175e-01  2.32922230e-02 -1.21590011e-01
  8.43252689e-02  3.13902623e-03  9.66999121e-03 -3.15006040e-02
 -1.32254139e-02 -1.67461812e-01 -1.41555909e-02 -2.33185261e-01
  2.51603663e-01  1.58655480e-01 -9.34939608e-02  6.80792332e-02
  3.66673619e-02  5.28662466e-02 -2.42549349e-02 -1.21240588e-02
  1.44264912e-02 -2.62681823e-02  1.26896901e-02  9.87969637e-02
 -5.43436967e-02 -5.04588187e-02 -5.65277003e-02 -7.60441497e-02
 -5.71834780e-02  1.46312639e-01 -2.52752244e-01  7.22575933e-02
 -5.57390451e-02  2.39631888e-02  3.04947644e-01 -7.73274526e-02
  2.02862192e-02  5.21829724e-02  2.21758168e-02 -1.41665697e-01
 -6.91179857e-02  2.23493725e-02 -8.37518275e-02  1.50700748e-01
 -3.56032588e-02 -3.13759483e-02 -7.57945701e-02 -5.84717020e-02
 -2.84453750e-01  8.55367854e-02  5.51117994e-02 -6.78347647e-02
 -1.30254731e-01  7.23808631e-02 -7.97165036e-02 -1.53607205e-01
  1.30797803e-01  1.41127825e-01 -1.98307887e-01 -8.91455188e-02
  3.80330384e-02 -6.81251893e-03 -4.72814962e-02  1.58343971e-01
 -7.82173872e-03 -6.78892061e-02  3.57141043e-03 -3.41581763e-03
 -8.05324614e-02  1.93135083e-01 -1.77656338e-02 -1.40206143e-01
  1.59911260e-01 -1.46561647e-02  1.20821893e-01 -5.50470129e-02
 -2.46050227e-02 -3.47327173e-01  2.23658178e-02 -4.59674746e-02
 -5.30493911e-03 -2.36167759e-02 -1.02614395e-01  2.07093865e-01
  1.90326482e-01 -2.68408712e-02  1.34571284e-01 -1.93963289e-01
 -7.05906972e-02 -1.02225147e-01 -1.34952784e-01  9.41833109e-02
 -1.18488386e-01 -1.13716632e-01  5.65137975e-02  6.00998141e-02
  2.03637779e-01  5.59004536e-03 -1.97787866e-01  1.00880384e-01
 -1.98467914e-02 -1.05775408e-01 -5.67609258e-02  1.42723843e-02
  1.94227457e-01  6.13399036e-02  9.84598696e-03  1.37971729e-01
  1.42044783e-01 -1.23605579e-01  2.15289861e-01  1.48293480e-01
 -1.62918344e-02 -1.99921429e-01  8.27124994e-03  1.50663301e-01
  5.01083396e-02  9.87059809e-03 -3.58405001e-02  2.32434079e-01
 -1.59083471e-01  5.88917956e-02 -9.49658304e-02 -5.73473088e-02
  8.40971097e-02  8.83327425e-02 -8.50861799e-03  1.22142509e-01
  2.30864257e-01 -8.25887993e-02  2.65020281e-01  1.25432879e-01
  2.00706780e-01 -3.61326672e-02  4.61759567e-02  5.68688810e-02
  1.29381716e-01  1.48989335e-01  9.71205235e-02 -8.62943847e-03
  4.49269228e-02  2.41104171e-01 -8.63793343e-02 -4.88554463e-02
 -1.92792749e-03  3.22030336e-02  2.01954886e-01  2.94414051e-02
  1.37484327e-01  8.60024840e-02  4.00797697e-03 -8.51165578e-02
  6.07019737e-02 -6.83657527e-02  2.19112597e-02  1.02979861e-01
  6.00959361e-02  2.26248670e-02 -6.57070568e-03  2.63092499e-02
 -4.44188789e-02 -5.46807349e-02 -1.62758827e-01  1.09831858e-02
 -4.43852991e-02 -3.23839858e-02 -1.47564277e-01  1.22613441e-02
 -2.33747344e-03  4.11007367e-02  9.43106487e-02 -2.43160967e-02
  1.06510714e-01  7.52217919e-02  3.82802151e-02 -8.51013958e-02]