http://erau.edu/ontology/meme.owl#InternetsMeme
[-1.66053381e-02 -1.94496006e-01  2.56205015e-02  3.99921613e-04
  3.41060869e-02  1.14819236e-01  1.39677152e-01  8.48208889e-02
 -4.91622090e-03  2.41213236e-02  6.02647662e-02 -1.15937203e-01
 -9.77289528e-02 -7.01874495e-02 -1.47991916e-02  8.93685874e-03
 -8.71717036e-02  1.00071721e-01  1.39311114e-02  1.72691196e-01
 -1.40543133e-01  4.24722210e-02  9.37587544e-02 -6.89223930e-02
  9.95930135e-02  3.86877730e-02  6.90962821e-02 -1.26164734e-01
  3.14455926e-01  1.63371637e-01 -5.00284918e-02  1.69167951e-01
  2.02806015e-02  2.42796727e-02 -5.69502562e-02  1.50672093e-01
 -3.17590088e-02 -8.08083937e-02 -8.07195455e-02 -1.50481433e-01
  7.23455474e-02 -6.28558770e-02 -6.17936291e-02  6.14495538e-02
  2.03085002e-02 -6.30208999e-02  3.51741165e-02 -8.79453495e-02
  6.53467178e-02  7.48762907e-03  1.42344432e-02 -4.66693006e-02
  4.26615728e-03 -8.94510895e-02 -7.57940561e-02 -3.54443230e-02
  1.97059456e-02  1.10462205e-02 -4.09726374e-04 -1.80508047e-02
 -5.29888123e-02  2.43828259e-02  6.93279430e-02 -1.91308241e-02
 -1.83628738e-01 -1.23365879e-01 -1.15365393e-01 -6.74986141e-03
 -4.98343892e-02 -1.46120787e-01 -1.00770697e-01 -2.49791448e-03
  3.69551405e-02  5.63287772e-02 -3.82365212e-02  6.77945744e-03
 -8.79062563e-02 -4.33137408e-03  1.42245814e-01  8.04787949e-02
 -4.22835387e-02 -1.55507727e-02 -8.17046687e-02 -1.26534253e-01
  5.60664386e-02 -3.23520713e-02 -7.78321475e-02  1.73368789e-02
  7.32178986e-02 -1.74526125e-02 -7.59591311e-02 -2.41574407e-01
  7.94320926e-02  3.87529307e-03 -1.80099774e-02  2.27890071e-02
  1.14026107e-02 -4.33674939e-02  5.45770004e-02 -1.05401441e-01
  2.98060421e-02 -3.61482427e-02  3.02988201e-01 -9.70390514e-02
  9.18380320e-02  9.97448042e-02  1.02298982e-01 -8.13226551e-02
  6.46213740e-02 -1.24405362e-01  1.39442021e-02  1.34182215e-01
 -5.49372658e-02 -1.18775867e-01  1.74574047e-01  7.88003355e-02
 -2.18402997e-01 -1.60555571e-01  6.00657761e-02 -9.33443941e-03
 -1.24357000e-01 -1.25931308e-01 -1.20968997e-01 -3.44915525e-03
 -3.09644584e-02  2.16407608e-02  2.89313793e-02 -7.53369406e-02
  4.86476421e-02 -4.02332991e-02 -1.80954158e-01 -1.32248268e-01
 -6.25402555e-02 -9.09570530e-02 -8.79566297e-02  8.23037401e-02
 -7.50161037e-02 -4.79286015e-02 -1.15065493e-01 -2.21191403e-02
 -2.17640474e-01  1.22255325e-01  1.70118008e-02  1.68375801e-02
  7.24494904e-02 -4.29992266e-02 -1.51182339e-02 -1.07271820e-01
  8.03783722e-03  1.84817329e-01 -3.44683416e-02 -1.79125220e-01
  6.69247657e-02 -3.87222581e-02  5.21616824e-02  3.12389694e-02
 -1.93253011e-01  1.94917470e-01  4.75982726e-02 -2.06797600e-01
  8.69169235e-02 -1.35086998e-01 -5.67044765e-02 -1.58631019e-02
 -1.09735459e-01 -5.63230664e-02 -8.12332332e-02  1.89755097e-01
 -2.42908359e-01  1.17909580e-01  7.77868256e-02  7.36207515e-02
  9.61176306e-02  7.58525431e-02 -1.42099693e-01 -9.62676033e-02
 -1.01556703e-02  8.34151357e-03  1.70984790e-01 -7.13557228e-02
 -2.07439568e-02  7.58931339e-02  6.42447099e-02 -2.50862422e-03
 -5.51660247e-02 -7.77975516e-03  5.24308570e-02  7.94676095e-02
  9.61067900e-02  5.17916940e-02  5.72049804e-02  5.81081696e-02
 -2.04488009e-01 -1.92523953e-02 -1.50845826e-01  9.96346353e-04
 -7.06118764e-03  7.99824372e-02 -1.06781069e-02 -6.12820759e-02
 -1.61033776e-02 -3.12981531e-02  5.30613363e-02 -1.40674949e-01
 -1.10854946e-01 -1.01322211e-01  4.43818234e-02 -5.88909537e-02
 -6.38561398e-02  2.30453145e-02  1.84297144e-01  1.70102045e-01
  6.95854649e-02 -4.47727786e-03  5.63017987e-02 -6.66286051e-03
 -9.20981690e-02 -8.26804116e-02  1.49465635e-01 -4.36205184e-03
  2.42189556e-01  8.30662921e-02 -1.87468436e-02  1.66709684e-02
  2.42535733e-02 -1.71048105e-01 -9.55440626e-02 -7.57824332e-02
 -1.46581024e-01  5.59830107e-02  4.46950831e-02  6.58739582e-02
  2.39847158e-03 -1.10233516e-01  4.87154685e-02  4.39634770e-02
 -3.02811172e-02 -8.24194551e-02  1.88776925e-01 -7.97112100e-03
  8.75110477e-02  1.90293286e-02  3.22587974e-02 -3.57755870e-02
 -2.18946025e-01 -3.01977079e-02 -2.14972258e-01  8.83073807e-02
 -7.78884515e-02  5.82387373e-02  4.20456119e-02  3.44436131e-02
  3.42768691e-02  2.60654446e-02  2.19597250e-01 -2.49590632e-02
 -9.43204463e-02 -4.21065055e-02 -8.22453424e-02  4.73302379e-02
 -7.28679597e-02 -1.13566995e-01 -5.10906428e-02 -1.01256959e-01
 -4.22705784e-02 -5.86486161e-02 -1.78260449e-02  1.48113407e-02
  1.52511168e-02 -7.14333635e-03  2.32141023e-03 -7.21409395e-02
 -9.43353325e-02  9.83720869e-02  1.30862176e-01 -1.20316379e-01
  7.08930939e-02 -3.02672684e-02 -7.52115399e-02 -5.34736775e-02
  1.19833589e-01  6.64062649e-02 -1.74743459e-01 -5.39279692e-02
 -1.07068531e-01  1.64600939e-01 -1.19533569e-01  7.25443885e-02
 -5.52986972e-02 -5.37990257e-02  8.68633389e-02  4.02423926e-02
  5.04711904e-02 -4.71502580e-02  2.68582199e-02  1.54677639e-02
  1.73754618e-01  5.98564409e-02 -1.24315642e-01 -1.87852353e-01
 -1.61370382e-01  3.35751027e-02  1.60055608e-02  7.05600828e-02
  2.66191177e-02  1.39472960e-03  5.68980500e-02 -7.07549006e-02
  1.09109506e-02 -1.03470748e-02  1.79696351e-01 -7.20261037e-02
  4.42859568e-02  3.15682404e-02 -3.80928405e-02 -7.97607936e-03
  9.04662535e-02 -1.56187192e-02  5.13154082e-04 -5.32922968e-02
  5.08813709e-02 -2.64277250e-01  1.07804835e-01  5.05651012e-02
 -8.56348649e-02  9.69901159e-02 -1.20348372e-01 -1.52115105e-02
  1.88511834e-01  1.03692710e-01  3.45921777e-02  3.99447642e-02
  1.29434600e-01 -6.00651745e-03  8.83053243e-02 -9.21849683e-02
  7.61916265e-02  9.96405780e-02 -8.70842393e-03 -7.85549954e-02
 -6.44671544e-02  7.72272050e-02 -9.52548459e-02 -3.23117711e-02
 -7.32454658e-02 -4.01149206e-02  1.22390408e-02  5.97566627e-02
  8.28929096e-02 -1.79889843e-01 -1.99119616e-02  6.37970194e-02
 -7.44769424e-02  1.42708763e-01 -8.97232592e-02  1.13841355e-01
  4.53005396e-02 -3.51931229e-02  2.15932533e-01 -2.76448801e-02
 -6.83254898e-02  1.83791608e-01 -9.17128101e-02  2.22785752e-02
  5.10731712e-02 -1.39890283e-01 -2.54371725e-02  1.70853101e-02
 -4.88818027e-02  4.68117669e-02 -9.58635006e-03 -1.61080182e-01
 -2.05549791e-01  3.28754112e-02  1.98666938e-03  6.64321631e-02
 -7.94183984e-02 -2.53225453e-02 -2.07286179e-01 -8.29307511e-02
  1.23411134e-01  3.23161066e-01 -1.72719017e-01 -9.89084616e-02
  1.98703825e-01 -1.00847751e-01 -2.16254786e-01  7.57350326e-02
 -1.16024010e-01 -2.04992533e-01 -1.26614690e-01  8.44614208e-02
 -8.62854868e-02  2.68614352e-01 -1.33325443e-01 -2.44299233e-01
  1.38364553e-01  5.23915924e-02  3.49134982e-01 -1.10474981e-01
 -2.88331043e-02 -1.41548797e-01 -5.28871790e-02 -2.75223911e-01
 -3.07492055e-02  3.53367487e-03  6.11379258e-02  3.40647399e-01
  1.29984751e-01  4.66650017e-02  2.68886298e-01 -1.62110940e-01
 -1.16645530e-01 -9.90771949e-02 -3.98689583e-02  6.32467940e-02
 -1.42812133e-01 -1.21710330e-01  1.83170177e-02  8.78800526e-02
 -3.95805488e-04 -8.52734782e-03 -3.07802260e-01 -3.07350084e-02
  4.46515270e-02 -1.87467456e-01 -2.70323809e-02  1.28816590e-01
  1.39588371e-01 -7.79971257e-02  9.44404453e-02  2.84552276e-01
  4.90293503e-02 -1.70216355e-02  9.95383263e-02  2.83209741e-01
 -6.54288679e-02 -1.70543268e-01 -3.82805020e-02  1.76153645e-01
  7.00433701e-02  3.06708068e-02 -1.01323619e-01  4.10853475e-01
 -3.07388484e-01 -1.56906366e-01 -2.31073648e-01 -2.03977749e-01
 -6.28728345e-02  1.22263893e-01 -6.90293498e-03  4.93739545e-02
  2.07885370e-01  2.43598148e-02  1.64330572e-01 -7.84447193e-02
  1.53662965e-01  1.40623629e-01  1.24224238e-01 -1.81224033e-01
  1.05920061e-01  9.91556123e-02  9.43705961e-02  1.45317353e-02
  7.58544132e-02  1.10542379e-01 -9.02999341e-02 -6.73218817e-02
 -5.72797544e-02  1.16174594e-01  9.65484381e-02  4.04512323e-02
  1.00462548e-01  3.39506641e-02  2.26129685e-02 -5.11800572e-02
  1.19362094e-01 -2.69999921e-01 -3.28377485e-02  6.96004257e-02
 -1.20201679e-02  5.53245917e-02 -2.03707144e-02  2.32720301e-01
 -7.89904743e-02 -2.44922429e-01  4.23659794e-02 -1.03156857e-01
  2.61846393e-01  7.70672336e-02 -1.41909406e-01 -1.96853578e-02
 -4.53857407e-02 -5.27387559e-02  2.03880936e-01 -8.91698673e-02
 -3.83984298e-02 -1.57763362e-01  3.78873050e-02  1.63904384e-01]