http://erau.edu/ontology/meme.owl#WarioWareXsGamesMeme
[-0.01953006 -0.14794272 -0.03007002 -0.03258512 -0.02048967  0.07899905
  0.11465715  0.00339466  0.05145885  0.02085958  0.15316272 -0.02894846
  0.04568313  0.11668731 -0.03599105 -0.11552025  0.05010612  0.10381237
 -0.01321253  0.08293191 -0.18266094  0.04293525  0.11995957 -0.10175486
 -0.02836069  0.03758674 -0.09306914  0.05841689  0.19121297  0.07843397
  0.06306121  0.18507095  0.02657771 -0.07847759  0.07311865  0.15336716
  0.07107751  0.07583536 -0.00478849 -0.08028065 -0.01351933  0.24534935
 -0.11868823 -0.07555459  0.07780284  0.01764771  0.07467578 -0.02629258
 -0.0836482   0.06097171 -0.00527671 -0.08331124 -0.08382566 -0.1766263
 -0.14659229 -0.06071885  0.09930191 -0.06292448  0.23391494  0.042553
 -0.10419106 -0.0367181   0.03598888  0.0995904  -0.12399149 -0.01045233
 -0.0406334  -0.06384876 -0.08909798 -0.14259972 -0.14216226  0.11662976
  0.1110578   0.14793539  0.01170398  0.14244883 -0.04153003  0.01830693
  0.1320661   0.06645329 -0.13818526 -0.07211237 -0.17996016 -0.22668682
 -0.03017844 -0.09227662 -0.10510333  0.00152048  0.00101145 -0.03449307
  0.03144171 -0.26560733  0.04831221  0.00217816 -0.07812589  0.10755659
 -0.07162122 -0.08470636 -0.16491221  0.04399075  0.0530179   0.08913486
  0.24420303 -0.15279992 -0.05717529  0.02029661  0.15254363  0.03902131
  0.08242441 -0.12111729  0.0428993   0.04117525 -0.03996491 -0.07277756
  0.08845978  0.08210503 -0.18012483 -0.17123677  0.15993354  0.16148292
 -0.0260436   0.03198895 -0.06541111 -0.01669005  0.10548701 -0.00849118
  0.08996846  0.01245994 -0.00131094 -0.04108777 -0.16362031 -0.1619641
  0.09169632 -0.0227399  -0.03882463  0.19435595 -0.06555223 -0.06816977
 -0.10180876  0.09965986 -0.3113856  -0.00649873  0.13897915  0.16868371
  0.10163482 -0.18720381  0.00731907 -0.21218275 -0.19599643  0.06366365
  0.05715432  0.00121184 -0.04270564  0.02159931 -0.01291199  0.06081044
 -0.1487321   0.22548644 -0.00052928 -0.16223603  0.11566599 -0.00584853
  0.01905358 -0.07745501 -0.27080584 -0.11194656  0.12376495  0.1540807
 -0.29911634  0.14608331  0.00556037  0.0905865   0.18797557  0.20929018
 -0.08942136 -0.00775561 -0.00730086 -0.00450709  0.04407701  0.0864952
 -0.12883995  0.06777538 -0.00881316 -0.06548597 -0.12418001 -0.00075752
 -0.09071536  0.0821321   0.14665394 -0.04442684  0.04367151 -0.06704071
 -0.20979887 -0.1529565  -0.00430028  0.06523398 -0.01651513  0.22736634
 -0.10267838  0.02319519  0.03286821  0.08858081  0.03965638  0.00737155
 -0.05454694 -0.19952425 -0.09348318 -0.04614893  0.17816961  0.11869519
  0.30094716  0.15241705  0.01175083 -0.04554233 -0.03500174  0.02106396
 -0.12136578 -0.10056771  0.08255164  0.14142327  0.17430338  0.19633384
 -0.05972568  0.09980506  0.05109035  0.02896692 -0.05198202 -0.06272454
  0.02002709 -0.0033475   0.12375091  0.13553947  0.04861175 -0.03979738
 -0.06841911  0.09605783 -0.01784591 -0.00752175  0.11536822  0.08413852
 -0.04881915 -0.04291109 -0.03694622 -0.04994279 -0.15198694 -0.11816937
 -0.129503   -0.08722327  0.04993899  0.01791145  0.03152643  0.05345857
  0.082547   -0.01625317  0.09464429 -0.07513902 -0.11936635 -0.04279007
  0.00987531 -0.08908162 -0.14286995 -0.08502312 -0.00267275 -0.14840513
 -0.09402405 -0.17865656  0.00869752  0.06188678  0.21777186 -0.09370897
  0.01801593 -0.01625172  0.02258267  0.06547467  0.152287   -0.09119609
  0.00292664  0.01915149 -0.10734551 -0.03323051  0.02949354  0.08750378
 -0.02161326 -0.00532768 -0.11464552 -0.02063391 -0.12650731  0.00484266
  0.0683088  -0.10847106  0.08793156 -0.15303856 -0.03642884 -0.06564932
  0.02511766 -0.04941489  0.1457563   0.04578739 -0.00141648 -0.16783398
 -0.17789674  0.04650749  0.05078408 -0.09956083 -0.00415264  0.01041592
  0.11048515  0.14151156  0.0193784  -0.05363099  0.11582673 -0.23167177
 -0.10293543  0.03626083 -0.0371898   0.07367148 -0.05702155 -0.03982166
  0.08867738 -0.09042565 -0.02531389 -0.0559532   0.09025662  0.15439376
  0.08433411  0.02711012 -0.1879098  -0.0336264  -0.00040828 -0.00650115
 -0.02945127 -0.11455175 -0.03651214 -0.12751429  0.07263467 -0.24321285
  0.11900956  0.11845458  0.0293701  -0.0292536   0.02251079  0.12823579
 -0.13987601 -0.1180857  -0.00339321  0.03046874  0.0281356   0.01700968
 -0.03865496 -0.16021179 -0.06921915  0.08369525 -0.06502459  0.11930395
 -0.11937573  0.00406585  0.04668198 -0.14464281  0.16591468 -0.04222102
 -0.05267362  0.15094246 -0.09958801  0.03221971  0.11376116 -0.10173877
 -0.11852535  0.05672909  0.0025894  -0.02737436 -0.04284675 -0.08223595
 -0.2627245   0.12959999  0.03375605 -0.03398618 -0.03138841  0.01725749
 -0.15085843 -0.03766737  0.09916871  0.24086905 -0.20851435 -0.07896326
  0.10938083 -0.12688164 -0.04574706  0.1318639  -0.13688661 -0.09030156
  0.01630617  0.11425427 -0.13003385  0.2585512  -0.0329439  -0.06956978
 -0.00230023  0.10078516  0.28673795 -0.15668578 -0.10391606 -0.25228655
 -0.06861672 -0.18874191 -0.06755271  0.03877266  0.01209622  0.38432744
  0.091172    0.07684559  0.2212347  -0.07176173 -0.12576796 -0.01036587
 -0.16092913  0.13591872 -0.020352   -0.07059543 -0.00827976  0.00358249
  0.11592628  0.04529947 -0.10461419 -0.00664097  0.00429557 -0.21991462
 -0.01821526  0.18929683 -0.00562775 -0.04496643  0.09031206  0.1741925
  0.11524849 -0.08534683  0.06392132  0.20023023 -0.00700688 -0.13586013
  0.00726683  0.19513936  0.06494263 -0.03658669 -0.04750453  0.16014083
 -0.05327828 -0.04277349 -0.16775058 -0.11722994 -0.09649441 -0.00450122
  0.1240594   0.04121883  0.04059985  0.0389919   0.22659123 -0.01177314
  0.07740965 -0.0463349  -0.00951711 -0.09417769  0.11333524  0.04865511
  0.05566344 -0.17341276  0.04821346  0.13974477 -0.05333767 -0.16020572
  0.02786293  0.01987671  0.21100238 -0.02273867  0.22418445  0.13440633
  0.05471425 -0.13631974  0.11019886 -0.08840607 -0.10413249  0.08336842
 -0.00464459  0.08366108 -0.03344417  0.16020606 -0.13749254 -0.08779718
 -0.03701426 -0.00750865  0.07838455  0.02340041 -0.13230582 -0.03393935
  0.04693838 -0.01851819  0.08456238 -0.05856395 -0.06660506 -0.20275448
  0.06005431 -0.05254836]