http://erau.edu/ontology/meme.owl#InteriorMonologueCaptioningMeme
[-9.82457846e-02 -1.34784251e-01  2.36877296e-02 -4.91606584e-03
  6.19085040e-03 -9.49397311e-03  9.06812400e-02  5.40992022e-02
  3.03609204e-03  2.65049823e-02  1.52711257e-01 -6.39688373e-02
  4.53189984e-02 -1.48617968e-01 -1.62617326e-01  4.66353446e-02
  6.10837452e-02  6.20034188e-02 -5.01215272e-02  4.17215191e-02
 -5.48238643e-02  1.09733850e-01  1.59481168e-01 -1.61372304e-01
  1.16711184e-01 -2.03727446e-02  1.10808738e-01 -1.43061042e-01
  1.32099181e-01  6.48319647e-02  4.48821783e-02  6.58994168e-02
 -1.61376484e-02 -6.95421919e-02 -6.41018227e-02  1.22687913e-01
 -2.02096254e-02  1.55219182e-01 -6.99978173e-02 -1.28220648e-01
  5.06979413e-02  2.10638210e-01 -2.11599573e-01 -1.03521995e-01
  3.74692716e-02  1.44855544e-01  4.62493068e-03 -7.48897018e-03
  3.45739722e-02 -3.55710983e-02  6.99596405e-02 -3.03146858e-02
 -6.16763160e-02 -1.50550574e-01 -1.70149431e-01 -8.89635533e-02
  3.43762636e-02 -1.29435837e-01  2.33746096e-01  1.04190357e-01
  4.06963564e-02 -1.19414844e-01  2.05084234e-01  6.55800626e-02
 -6.94092214e-02 -6.05612546e-02  7.66171589e-02  1.98003389e-02
 -3.53150815e-02 -1.74398765e-01 -4.51153293e-02  8.71914476e-02
  1.90828547e-01  7.47942030e-02 -2.37705801e-02  1.28004029e-01
 -3.00931390e-02  9.28592607e-02  1.36096403e-01  6.10457826e-03
 -2.88463943e-02 -2.28974700e-01 -1.39850438e-01 -1.66159689e-01
  5.45220301e-02 -1.07036181e-01 -4.67352336e-03 -6.35205628e-03
 -6.52371645e-02  9.69477464e-03  1.98674891e-02 -1.12542666e-01
  1.26591265e-01 -9.18128621e-03 -1.34552687e-01  4.96871360e-02
  1.02050953e-01 -3.08096819e-02 -5.63026443e-02 -8.20102394e-02
  8.14460143e-02 -8.55588354e-03  2.52986848e-01 -1.91369087e-01
  7.06383660e-02  8.27802345e-03  2.03373015e-01 -5.40390462e-02
 -5.83238974e-02 -2.33666282e-02 -5.45479618e-02  5.80772050e-02
 -2.40556430e-02 -8.95520374e-02  5.64775206e-02 -6.38783947e-02
 -2.57454246e-01 -2.10250109e-01  3.56496982e-02  6.12058602e-02
 -8.85400027e-02  2.52565462e-02 -7.41931126e-02  6.71338290e-02
 -2.87317744e-05 -8.47359076e-02 -2.57195402e-02 -7.65133351e-02
  7.43835866e-02  1.09193502e-02 -1.64436549e-01 -5.03627248e-02
 -1.64414046e-03  6.58667684e-02 -1.27088681e-01  1.55990362e-01
  2.66944300e-02 -3.55405137e-02 -1.62028491e-01  5.84729016e-03
 -2.18801379e-01  6.65500388e-02  1.43996343e-01  3.88163738e-02
  2.26754084e-01 -2.54932433e-01  6.10559098e-02 -7.32682347e-02
 -2.69420855e-02  8.75703916e-02  1.07071035e-01 -7.37020224e-02
  1.87054761e-02 -5.28248213e-02 -1.10323347e-01  2.86167022e-02
 -1.98549226e-01  4.90422733e-02  4.07848582e-02 -1.50857106e-01
  6.51929621e-03 -3.45269889e-02  3.33199389e-02 -6.49261922e-02
 -2.18024790e-01 -1.66195601e-01 -7.34162107e-02  1.93500400e-01
 -2.28159159e-01  1.02101140e-01  6.47208393e-02  1.73730537e-01
  1.97198600e-01  1.28341466e-01  5.32783680e-02 -3.27402875e-02
 -5.88111430e-02 -3.03055029e-02  7.66191408e-02 -5.48765548e-02
 -8.39940384e-02  7.89347813e-02  2.53845565e-02 -8.76088217e-02
 -8.91100913e-02  4.68788445e-02  1.09516926e-01  6.86234683e-02
  9.65232104e-02 -1.22086108e-01  7.65761212e-02 -6.67817593e-02
 -1.40081942e-01 -1.04248010e-01 -7.81572312e-02 -2.76140962e-02
  5.99911576e-03  1.79151431e-01 -3.80109996e-02 -5.92550775e-03
 -4.04421166e-02  3.29284137e-03  9.01478976e-02 -1.32519662e-01
 -1.24316690e-02 -2.56835043e-01  2.23861858e-02 -6.58289865e-02
  9.76576135e-02  2.12781191e-01  1.77179605e-01  7.95597285e-02
 -6.72678128e-02 -7.57644773e-02  5.74650168e-02  4.88392822e-02
 -1.93783775e-01 -8.84795040e-02  2.72077531e-01  5.15929237e-02
  2.17425108e-01  1.24592215e-01 -2.13109881e-01 -1.66122336e-02
 -2.10882723e-02  2.39002425e-03 -1.93716973e-01 -1.10789074e-03
  3.54956500e-02 -1.42297763e-02  6.88919649e-02 -6.14478551e-02
 -1.55738398e-01 -1.22655101e-01 -1.08910397e-01  1.31368893e-03
 -1.41866401e-01 -1.64451972e-01 -3.92990224e-02 -1.05801858e-01
  5.17301857e-02 -1.27055705e-01 -6.64631128e-02 -9.48201865e-02
 -1.91674516e-01 -7.43605644e-02 -1.36941358e-01 -8.58280137e-02
 -1.23124123e-01  1.09501116e-01  1.20203301e-01  7.63200223e-02
  1.72587141e-01  9.07367766e-02  8.29505622e-02 -2.78966371e-02
 -8.49457756e-02 -1.31981689e-02  2.73219422e-02  7.87102580e-02
 -9.14440304e-02 -1.57051131e-01 -2.81042103e-02 -2.09851325e-01
 -6.34273589e-02 -1.70820192e-01 -6.84538707e-02  1.31732998e-02
  1.65598959e-01 -1.43461958e-01  1.12823965e-02 -1.67847231e-01
 -2.75239404e-02  8.27548876e-02  1.74217641e-01 -4.97234277e-02
  9.05482024e-02 -1.23501435e-01 -4.16518897e-02  4.80438583e-02
  1.87085062e-01 -9.43565369e-03 -4.48328890e-02 -1.00668557e-01
 -2.36634240e-01  5.01891598e-02 -1.10081896e-01 -1.16302259e-01
 -1.00165360e-01 -1.06924012e-01  8.10752437e-02 -2.02111021e-01
  3.34324688e-02 -1.78131208e-01  3.12458295e-02  1.49431685e-02
  1.54723823e-01 -5.93432635e-02 -9.20439065e-02 -1.52518809e-01
 -2.45085433e-01 -1.44675176e-03 -1.17449686e-01  1.39508188e-01
  2.83380765e-02 -1.30488232e-01  9.89402235e-02 -1.20075345e-01
  9.34447278e-04  1.93661749e-01  2.86477715e-01 -2.46571064e-01
 -2.79353242e-02  6.59819618e-02  2.53811851e-02  2.49660742e-02
 -3.28448340e-02  8.67001042e-02  8.94067343e-03 -4.59625460e-02
  3.95339318e-02 -1.74529716e-01  2.18838140e-01  1.47066727e-01
  1.70729514e-02 -6.07664371e-03 -1.05848208e-01 -9.25341323e-02
  5.84425852e-02 -9.52507183e-02  1.04059987e-01  1.11337699e-01
 -6.30131364e-02 -5.05180620e-02 -1.78187296e-01 -2.53456056e-01
  1.84988126e-01  1.42267838e-01 -5.89130707e-02  8.80068988e-02
  1.09754875e-02  6.19747117e-02 -1.71109347e-03  5.41634811e-03
 -9.34536606e-02 -3.94709967e-02 -4.33404259e-02  2.36956343e-01
 -7.28935972e-02 -1.51385143e-01 -1.15463352e-02 -9.99974366e-03
 -4.06650119e-02  1.25104278e-01 -1.89106658e-01  7.84177855e-02
 -3.84517275e-02 -5.23936152e-02  2.61286706e-01  1.45400716e-02
 -8.53908807e-02  1.00415312e-01 -4.02335711e-02 -6.83674365e-02
 -3.52074951e-02  1.39547670e-02 -1.48628220e-01  1.06607914e-01
 -1.45097762e-01 -1.94271747e-02 -2.29432918e-02  5.91574460e-02
 -2.19084784e-01  1.37911625e-02  1.09096030e-02 -1.44364655e-01
 -1.75553456e-01  4.91902679e-02 -3.54092531e-02  1.09149879e-02
  8.18946958e-02  9.02209505e-02 -1.43681765e-01  3.27867642e-02
  9.02771652e-02 -1.07799254e-01 -1.24841757e-01  1.97203279e-01
 -9.39703584e-02 -1.38251588e-01 -7.26415217e-02  1.10647291e-01
  4.84062452e-03  1.92507118e-01 -1.40683100e-01 -2.44243994e-01
  1.52755469e-01  8.05395991e-02  2.41010249e-01 -1.02568967e-02
  4.67575155e-02 -2.63518006e-01 -5.34532480e-02 -2.68413424e-01
 -9.69982371e-02 -3.92532349e-02 -1.38485990e-02  3.17140877e-01
  1.82716846e-01  1.72959223e-01  8.96917358e-02 -2.40633830e-01
 -1.32523507e-01 -1.77531302e-01  2.89875939e-02  1.00774556e-01
  4.49810401e-02 -1.19316146e-01  5.71809039e-02  8.10060278e-02
  8.95648375e-02  3.78665291e-02 -1.65158156e-02  5.65492138e-02
 -6.51973262e-02 -1.36081323e-01 -7.74462298e-02  9.27642137e-02
  8.33786130e-02 -5.19117527e-02 -1.20053040e-02  1.93491861e-01
  1.24669075e-01 -1.18633218e-01  2.51034349e-01  6.75474182e-02
  6.05100207e-03 -3.91993262e-02  1.20462984e-01  1.56605821e-02
  5.32051697e-02  1.43448949e-01 -7.30419978e-02  2.18939573e-01
 -2.02043369e-01  3.42489593e-02 -6.01144396e-02 -1.79787889e-01
  1.83258895e-02  5.15419841e-02  4.92023267e-02  7.06064105e-02
  1.16075553e-01 -8.14928040e-02  3.49880129e-01  5.83155714e-02
  1.24954976e-01 -3.98000563e-03  1.42791376e-01 -5.92585839e-03
  2.72544473e-01  1.59881175e-01  1.48709461e-01 -1.00249387e-01
 -5.69539256e-02  1.86311305e-01 -2.20593512e-02 -1.91311404e-01
 -1.14969267e-02  2.54684184e-02  1.95236802e-01  5.06208278e-03
  2.83937067e-01  1.05750777e-01  4.71131392e-02 -9.51704159e-02
  9.64006409e-02 -3.52619253e-02  5.24876900e-02  6.71736524e-02
  3.70648429e-02  2.06681825e-02 -1.47685692e-01  3.32513481e-01
 -7.71483704e-02 -1.14330493e-01 -2.90581696e-02  4.31367606e-02
 -2.51158625e-02  6.95431456e-02 -8.80285278e-02  3.57058905e-02
  7.44288936e-02  9.41357017e-02  8.43161643e-02  4.32610959e-02
  5.56208752e-02  8.65317509e-03  3.73687968e-02  1.11944079e-01]