http://erau.edu/ontology/meme.owl#BoycottWalmartMeme
[ 2.62136199e-02 -5.39990291e-02  2.41090078e-02  8.86850208e-02
 -2.46161763e-02  1.16403848e-01  8.88356715e-02  6.76645413e-02
 -2.53394153e-02 -7.72554055e-02  1.32718548e-01 -1.84321031e-03
  6.64483458e-02  7.12801795e-03 -3.09530701e-02 -1.27392337e-01
 -1.03692245e-02  2.77972743e-02 -1.57101993e-02 -4.54959571e-02
 -2.31047720e-01  1.55255347e-01  7.69922286e-02 -1.36104167e-01
  4.22466733e-02 -9.26199332e-02 -1.44434981e-02 -1.34343533e-02
  2.37490848e-01  1.93559751e-01  2.04412073e-01  2.20030650e-01
 -1.31907789e-02 -3.95385064e-02 -3.66705023e-02  1.35916576e-01
  5.12574390e-02  9.27220955e-02 -6.54910877e-02 -6.26094639e-02
 -5.72824143e-02  1.81294352e-01 -2.37896487e-01  3.48732024e-02
  2.27634415e-01 -9.04131979e-02  5.68423979e-02 -8.39875638e-02
 -2.61568055e-02  1.28507186e-02  1.29475147e-01 -2.79299375e-02
 -4.80108708e-02 -2.10844144e-01 -1.71520874e-01 -1.30198093e-03
  1.79867849e-01 -1.37828916e-01  1.62114635e-01  3.41837965e-02
 -9.36308503e-02  2.24291477e-02  8.58812034e-02 -4.20127213e-02
 -8.63370001e-02 -6.04222454e-02  5.06373234e-02  3.42041813e-02
 -1.29644692e-01 -6.81775212e-02 -9.49724764e-02  1.04657128e-01
  1.29854903e-01 -2.69400068e-02  9.42995995e-02  9.86096170e-03
 -2.53678188e-02  5.45016788e-02  1.63622603e-01 -1.23578031e-02
 -1.82991624e-02 -9.45286173e-03 -5.92783373e-03 -1.74807325e-01
  1.45422801e-01  3.63452397e-02 -1.90552786e-01  6.19311407e-02
  2.19248217e-02 -1.63680781e-02  2.34602969e-02 -8.44026059e-02
  7.43746907e-02 -8.88706893e-02 -1.76749349e-01 -2.32054889e-02
  5.57045732e-03 -7.57804662e-02 -9.24204066e-02  1.55022843e-02
  2.34721512e-01  3.63737717e-02  3.19211334e-01  1.54678570e-02
 -8.33725333e-02  1.22431796e-02 -3.20110121e-03  1.07745945e-01
 -8.79174769e-02 -1.29443005e-01 -2.10357364e-03 -1.01550639e-01
  1.81705207e-02 -1.36527911e-01  1.53061509e-01  1.51330139e-03
 -2.00388849e-01  2.31502522e-02  7.31320009e-02  1.59753248e-01
  1.03818320e-01 -1.00810468e-01 -2.13152558e-01  6.99665993e-02
  1.66338786e-01 -1.38782356e-02 -1.14971995e-02  9.21729431e-02
  1.30572006e-01 -1.60508826e-02 -2.83336937e-01 -3.75850163e-02
 -5.68721145e-02 -1.15921155e-01 -1.38691485e-01  1.40689582e-01
 -1.43233046e-01 -4.40303944e-02 -1.10832460e-01  1.25374213e-01
 -2.27113500e-01 -2.79261451e-02  2.45433941e-01 -2.02629436e-02
  2.38518760e-01 -3.23054045e-01  8.15095976e-02 -9.99071822e-02
 -8.17582458e-02  1.48232102e-01 -5.46465069e-03 -2.97085252e-02
 -7.06132641e-03  1.41909957e-01 -7.24788606e-02  1.02761276e-01
 -9.09010917e-02  3.26220691e-01 -1.71573684e-02 -5.93297295e-02
  3.17730531e-02  5.99493533e-02  8.24723244e-02  2.00846139e-02
 -3.82517219e-01 -1.35092452e-01  1.00453727e-01  2.76243657e-01
 -3.87451679e-01  2.55254358e-01  4.77583148e-02  1.50483564e-01
  2.87660748e-01  1.55541494e-01 -1.30515337e-01  6.30961265e-04
 -2.51936205e-02 -7.62871141e-03  1.97470393e-02  1.84695106e-02
 -5.14081344e-02  2.39156950e-02 -1.83318276e-02  6.43277466e-02
  2.57592667e-02 -8.87584165e-02  1.58244506e-01  1.47838993e-02
  1.32750481e-01 -8.74277130e-02 -3.04265693e-03 -7.17368871e-02
 -9.14726108e-02 -5.30553609e-02  1.02460131e-01 -3.46992537e-02
 -5.15118949e-02  1.34074286e-01  7.39209056e-02 -6.27813041e-02
 -5.22977561e-02 -9.52904287e-04 -5.13247289e-02 -1.35770012e-02
 -1.57871712e-02 -2.25553200e-01 -8.29873011e-02 -3.98288257e-02
  8.76569003e-02  8.56745243e-02  1.87542722e-01  2.78919153e-02
  4.04069200e-02  8.96515045e-03 -6.08783290e-02  9.88385379e-02
 -4.74319570e-02  3.89405899e-02  9.61968601e-02  9.02077854e-02
  3.06464062e-04 -7.16245174e-03 -1.04588337e-01  4.02939878e-03
  7.00037628e-02  9.78462249e-02 -3.00525185e-02  6.78779855e-02
 -9.56728384e-02  4.73575182e-02 -1.57777779e-02  3.55783328e-02
 -1.31314889e-01 -8.40653405e-02 -1.41085565e-01  2.28181649e-02
  2.82755960e-02 -1.96139500e-01  4.27216059e-04 -9.50252637e-02
 -6.43255860e-02 -7.02007860e-02  2.61615440e-02 -1.65662002e-02
 -1.38159677e-01 -1.76707674e-02 -4.68780771e-02 -5.99397905e-02
  5.63681200e-02 -2.88201123e-02  9.10909697e-02  5.22002904e-03
  9.28567424e-02 -3.18976752e-02  1.28979355e-01  4.28030714e-02
 -1.78232089e-01  1.25690416e-01 -5.57140633e-02  5.18191308e-02
 -1.39822572e-01 -6.35809749e-02 -8.76679420e-02 -2.63128847e-01
 -2.19185948e-02 -2.14527860e-01  7.25531727e-02 -3.53728654e-03
  1.48733258e-02 -1.13729509e-02 -1.45443097e-01 -2.91263107e-02
  2.98720561e-02  7.01335371e-02  9.06617939e-02 -1.77935474e-02
  1.15275279e-01  3.54328454e-02  1.50794843e-02 -1.07813612e-01
  1.06679358e-01  1.21568345e-01  9.41905379e-02  1.06360111e-02
 -2.01725066e-01  1.28329510e-03 -4.99095358e-02  5.45413494e-02
 -7.46123791e-02 -1.50220528e-01  1.26690105e-01 -7.51092657e-02
 -7.40921823e-03  1.43845916e-01  7.14123771e-02 -6.23792000e-02
  1.30329784e-02  3.88695747e-02 -9.98559743e-02  6.92182570e-04
 -1.66116938e-01 -3.47294006e-03 -6.04678970e-03  1.87569395e-01
  1.90091692e-02  4.09126841e-02  1.38907924e-01  2.89113913e-02
 -2.73399968e-02 -4.23001610e-02  2.59585232e-01 -6.45959601e-02
 -5.50311171e-02 -7.49047771e-02 -1.06498390e-01 -5.86498529e-02
 -2.47355048e-02  5.86118102e-02 -1.02984637e-01 -4.41758260e-02
  1.52697429e-01  2.69009639e-02  8.36961493e-02  1.14511780e-01
  1.88053381e-02 -3.24419886e-02  6.65055169e-03 -4.59111631e-02
  1.32345498e-01 -2.60158572e-02 -7.82910734e-02 -2.00196356e-01
  5.75356148e-02 -1.68758363e-01 -6.23712353e-02 -3.01910490e-01
  1.62946850e-01  8.25955942e-02 -1.35969371e-03 -5.20494319e-02
 -9.76741090e-02  1.09021828e-01 -9.40792784e-02 -7.54630864e-02
 -1.97431237e-01  3.10068880e-03  7.09957555e-02  1.07662164e-01
 -3.96724232e-02 -6.06850535e-02 -7.86400139e-02  6.92807734e-02
 -6.52839765e-02  2.30454773e-01 -1.60083964e-01  8.98762494e-02
  7.69447302e-03  9.47281197e-02  1.43656850e-01 -1.21136501e-01
 -7.99944997e-02  1.49116471e-01  1.29274726e-01 -1.00904740e-01
  4.14546616e-02  5.09184822e-02 -5.22787534e-02  1.61419317e-01
  8.27766359e-02 -1.50795123e-02 -4.70653512e-02 -3.41909304e-02
 -3.10119450e-01  7.11832345e-02  8.92778113e-02 -2.76860762e-02
 -2.19327807e-02  5.26716150e-02 -2.61476599e-02 -9.93038267e-02
  1.07214078e-01  7.87063688e-02 -2.07512844e-02 -1.14617966e-01
  1.37711495e-01 -1.66651309e-01 -5.33560589e-02  2.16907308e-01
  1.79765578e-02 -2.77364761e-01  5.62694818e-02  7.39560053e-02
 -1.57298222e-02  4.23964411e-01  1.17498711e-01 -2.99866527e-01
  1.46487758e-01  2.74838898e-02  4.47563797e-01 -1.56253919e-01
 -2.36135021e-01 -3.55786413e-01  5.42587265e-02 -3.61004293e-01
 -2.31820524e-01  3.94055955e-02 -3.99594009e-02  5.50249457e-01
  5.50665408e-02  2.34970562e-02  7.78409019e-02 -1.90957844e-01
 -1.26238406e-01  8.28366145e-04 -2.08444744e-01  1.56986520e-01
 -2.00618386e-01 -1.32811531e-01 -1.28614036e-02  1.38315380e-01
  2.47738436e-01  4.41254824e-02 -2.04760700e-01  3.66791710e-02
  5.04079647e-03 -8.49925950e-02  1.07863834e-02  1.40870899e-01
  1.49373740e-01  1.75573695e-02  1.37302848e-02  1.87695891e-01
  9.23996642e-02 -1.84886500e-01  1.55035451e-01  2.06103683e-01
  7.46825933e-02 -1.10371709e-01  2.59133652e-02  2.26306930e-01
  1.24300033e-01 -3.44742164e-02 -9.12605226e-02  2.65127808e-01
 -1.55499130e-01 -4.94961590e-02 -1.48912102e-01 -4.52393144e-02
 -1.29287347e-01  1.44719589e-03  7.36964270e-02  9.85713080e-02
  8.42188969e-02  6.21234393e-03  1.49716914e-01  8.42011645e-02
  7.99521133e-02 -1.60806440e-02  4.06820402e-02 -3.31716537e-02
  1.00932024e-01  8.11138675e-02  5.00482470e-02 -5.01241535e-02
  8.90175998e-02  1.09751634e-01 -2.41306759e-02 -1.98092803e-01
 -5.49009331e-02 -7.33394027e-02  1.38281852e-01  2.10090391e-02
  1.21869862e-01  1.20343320e-01  9.73950699e-02 -1.90583885e-01
  9.60744023e-02 -1.46787181e-01 -9.54309180e-02  1.87899217e-01
 -1.51152268e-01  1.96341779e-02 -3.59466821e-02  1.47230849e-01
 -5.83406463e-02 -1.13968365e-01 -1.25410303e-01  5.40561602e-02
  1.06729746e-01  6.61302656e-02 -9.01076123e-02  9.25686434e-02
  1.42547274e-02  3.33529189e-02  7.77405798e-02  2.58270763e-02
 -5.43932319e-02 -2.71196701e-02 -1.86017493e-03 -1.19606733e-01]