http://erau.edu/ontology/meme.owl#HeavyRainMeme
[-2.29244889e-03 -2.94017375e-01 -2.59829927e-02  3.77882197e-02
 -4.78472076e-02  1.56864733e-01  1.34277627e-01  7.25131556e-02
  2.48652864e-02 -2.61041373e-02  1.38955042e-01 -6.88692853e-02
  1.01346159e-02 -2.94445138e-02 -6.50757626e-02 -9.41977948e-02
 -9.03403014e-02  1.69320628e-01  8.30698758e-02  2.86423177e-01
 -9.67767388e-02  9.69554856e-02  1.13858983e-01 -4.13669273e-02
  9.97261181e-02  1.15398042e-01 -2.96936240e-02 -9.44826677e-02
  3.63693118e-01  1.49749771e-01  8.73858258e-02  2.42907524e-01
  4.80829403e-02 -2.93346234e-02 -1.10865891e-01  3.34712863e-01
 -2.75377557e-02  1.21556029e-01 -1.35069221e-01 -2.57983595e-01
  9.09223780e-02  1.09834090e-01 -1.64290577e-01  1.20559046e-02
  1.77833870e-01  2.28286237e-02  1.14067525e-01 -1.12000518e-01
 -1.86302811e-02  1.45920962e-01  3.60657647e-02 -1.24808773e-01
 -1.27085730e-01 -1.77422136e-01 -7.05908099e-03 -7.35424086e-02
  8.25241581e-02 -7.27985427e-02  2.54929718e-02 -5.87373190e-02
 -4.45965938e-02 -6.21981919e-02  9.32836011e-02  7.92275667e-02
 -1.31911248e-01 -1.16129540e-01 -6.86952919e-02 -1.39818410e-03
 -4.49410975e-02 -1.28407836e-01 -4.21893001e-02  1.28877655e-01
 -6.90309703e-02 -3.19884345e-02 -2.38164384e-02  7.92814195e-02
 -5.23944758e-02  7.62939006e-02  1.74439207e-01 -3.00195906e-02
 -1.45355746e-01 -6.47900105e-02 -1.00685865e-01 -2.42528841e-01
 -3.30773517e-02 -3.32765691e-02 -1.19956024e-01  7.38356635e-02
  1.75873384e-01 -1.12076879e-01  2.84275170e-02 -3.39758664e-01
  1.22851573e-01 -1.00958208e-02 -5.17278463e-02  7.45765418e-02
 -1.17627650e-01 -5.33382117e-04 -1.58141777e-02  1.52555406e-01
  6.08129166e-02  8.92237946e-02  3.78879815e-01 -1.40473545e-01
 -1.42606243e-03  2.61319447e-02  1.37472719e-01 -4.26217020e-02
  1.11798413e-01 -2.54632056e-01 -7.44208694e-02  1.03629716e-01
 -6.16981052e-02 -1.35258049e-01  1.97171450e-01  1.61943376e-01
 -2.57720441e-01 -2.22365454e-01  1.00138314e-01  3.71169075e-02
 -4.69232127e-02 -2.30913796e-02 -8.15474391e-02 -2.54828446e-02
 -3.69544490e-03  8.88145529e-03  4.83936109e-02  4.46925908e-02
 -9.64014884e-03 -9.07498375e-02 -2.37541199e-01 -1.74907491e-01
 -1.84531026e-02 -1.00453220e-01 -1.11803681e-01  1.14989571e-01
 -3.46704461e-02 -1.34908900e-01  2.38909735e-03  1.61589921e-01
 -1.36314213e-01  1.98693052e-02  3.52775529e-02  6.57718303e-03
  1.41124604e-02 -1.61776885e-01  9.45592597e-02 -1.84870347e-01
  7.48370141e-02  1.08067892e-01  2.78660469e-02 -1.46134228e-01
  1.71520367e-01 -4.07444648e-02 -4.78703231e-02 -1.36648733e-02
 -1.37102067e-01  3.11224759e-01  3.91910188e-02 -9.76281837e-02
  7.11867511e-02 -1.09845631e-01 -5.70284612e-02 -7.10181743e-02
 -3.06187481e-01 -1.55809015e-01 -4.17565256e-02  8.82476047e-02
 -2.24262327e-01  2.41867125e-01 -3.88224376e-03  9.89383310e-02
  1.73245385e-01  1.07913785e-01 -1.47479191e-01 -1.08448796e-01
  9.14281905e-02 -9.48128998e-02  1.14584481e-02 -1.14027642e-01
 -1.64014608e-01 -9.20641571e-02  4.47084866e-02 -3.09179183e-02
 -6.98808581e-02  5.70505969e-02 -1.77295785e-02  4.11130749e-02
  1.60163626e-01 -7.58083835e-02  6.75332174e-02 -5.47693223e-02
 -1.01919785e-01 -2.20764205e-02 -5.10800853e-02  1.71333775e-02
  9.82265994e-02  1.15733407e-01  4.47802320e-02 -3.54510657e-02
  4.35808636e-02  3.59517522e-03  2.76811775e-02  1.48883555e-02
 -4.59882505e-02 -2.68784761e-01  3.55039388e-02  4.63592336e-02
  1.10204309e-01  1.09214798e-01  2.35827506e-01  6.75931722e-02
  1.04416899e-01 -1.12707824e-01  9.01315138e-02  4.59203161e-02
 -1.13984644e-01 -3.23092863e-02  6.56158701e-02  6.84617683e-02
  1.26875386e-01  1.81436092e-01 -2.98231300e-02  6.12879544e-02
  5.75939612e-03 -9.26810801e-02  8.02148692e-03 -8.91539827e-02
 -1.02749273e-01  6.10060208e-02 -4.25318554e-02  6.50512278e-02
  5.09040384e-03 -2.99246963e-02 -7.96131492e-02 -1.66755710e-02
  4.26910669e-02 -6.97018057e-02  2.59147018e-01 -8.95142555e-02
 -1.15112528e-01  2.36537661e-02  6.54560626e-02  4.26102988e-02
 -1.47264883e-01 -5.80356754e-02 -6.48743585e-02  1.22406639e-01
 -5.60495220e-02 -1.15676291e-01 -5.92896016e-03  3.97263952e-02
  2.94868611e-02 -1.32351190e-01  1.61468580e-01 -2.15066299e-02
 -9.02769268e-02  1.23061262e-01  1.36750778e-02 -4.95358482e-02
 -1.28189996e-01 -7.36834183e-02  9.72446892e-03 -7.78314620e-02
  1.76682062e-02 -1.74299479e-01  1.70843191e-02  2.94443499e-02
  6.26282319e-02  4.97158505e-02  8.80834181e-03 -7.88107887e-02
 -4.25754301e-03  8.74585435e-02  2.11806700e-01 -7.45068416e-02
  5.74732274e-02  8.72284696e-02 -9.09592286e-02 -6.33937716e-02
 -7.60416297e-05 -3.75537463e-02 -1.42659441e-01 -1.27136363e-02
 -1.04098365e-01  3.80710177e-02 -1.19020149e-01 -8.73405263e-02
 -4.60445927e-03 -8.61011147e-02  1.37700802e-02  4.82430905e-02
  1.14087751e-02 -2.97723170e-02  3.02473940e-02 -4.37303185e-02
  2.53761172e-01  1.43639326e-01 -1.59676000e-01 -1.30158991e-01
 -1.42736152e-01  6.94297478e-02  4.52928916e-02  5.13534248e-02
  7.38307238e-02 -2.61389446e-02  2.01258898e-01 -2.76548062e-02
  9.31112021e-02 -4.06349860e-02  5.63032776e-02 -2.01276243e-01
  3.23552079e-02 -7.26043954e-02 -1.13280579e-01  4.97773616e-03
  1.40458867e-01  1.17187291e-01 -1.12325907e-01  2.65409350e-02
 -1.77087653e-02 -2.41917208e-01  8.23120996e-02  2.57129520e-01
  7.75357708e-02  4.85062711e-02 -1.60082549e-01 -4.07063849e-02
  1.64524168e-01 -1.77981853e-02 -1.78415447e-01 -1.22403450e-01
  2.07120687e-01 -3.89195047e-02  1.24814361e-01 -1.44894034e-01
  1.49177089e-01  4.65663262e-02 -1.05074132e-02  2.33808421e-02
  1.71190556e-02  1.12811260e-01 -1.18668981e-01 -8.87692571e-02
 -5.69741242e-02  2.46181916e-02  2.74091288e-02 -5.22861406e-02
 -4.83623073e-02  4.98480350e-03 -9.12902132e-02  9.08974484e-02
 -1.06584683e-01  1.74434528e-01 -1.23082392e-01  1.33514851e-01
  4.64309603e-02 -9.14687384e-03  2.71754205e-01  6.25443459e-03
 -5.80752082e-02  1.69236675e-01 -4.88751568e-02 -3.88139896e-02
  1.41980812e-01 -9.99725461e-02 -3.98944430e-02  6.19693100e-02
  6.68623075e-02  5.25330156e-02 -4.83700819e-02 -1.61759272e-01
 -1.22728147e-01  4.25078161e-02  1.54262811e-01  2.63545290e-02
 -7.24119097e-02  6.99503496e-02  7.41897300e-02 -7.92507678e-02
  1.15283102e-01  2.29380354e-01 -9.13942158e-02 -5.22710346e-02
  1.47983566e-01 -6.24227896e-02 -8.94189030e-02  1.36275202e-01
 -5.90476617e-02 -8.20223838e-02 -9.42083746e-02 -3.10667381e-02
 -9.08486396e-02  2.52978623e-01  2.04340089e-02 -1.41760245e-01
  8.65458921e-02 -5.82256839e-02  1.30903602e-01 -9.02773514e-02
 -1.82691276e-01 -2.29913771e-01 -7.39039946e-03 -1.59777746e-01
 -8.19174424e-02 -1.29844099e-01 -1.40504343e-02  4.79098380e-01
  1.38184384e-01 -1.60033293e-02  2.34137908e-01 -2.11867020e-02
 -8.71537551e-02  3.80359665e-02 -1.55100957e-01 -5.89959463e-03
 -1.22978918e-01 -7.13620260e-02  3.14975642e-02  4.90925014e-02
  2.11762220e-01 -5.43359555e-02 -2.34758407e-01  3.63197848e-02
  1.21647492e-01 -1.72517508e-01 -1.42581850e-01 -3.00849508e-02
  1.87093392e-01 -3.31635289e-02  8.00629985e-03  1.68702707e-01
  1.36483058e-01 -1.68862566e-02  2.45070066e-02  2.80587822e-01
  3.41292135e-02 -2.23292127e-01 -9.17825922e-02  2.23604187e-01
  5.60521148e-02 -2.13459413e-02 -1.43796936e-01  3.27467442e-01
 -2.43869200e-01 -1.32238105e-01 -1.35233462e-01 -5.39874248e-02
 -1.03013232e-01  1.01130918e-01  3.96496393e-02  1.10686958e-01
  1.68013439e-01 -7.78955147e-02  1.24192886e-01 -2.28174590e-03
  1.77449659e-01  8.76299813e-02  8.30842834e-03 -3.88195887e-02
  1.39159605e-01  7.70610198e-02  1.23115703e-01 -5.81504963e-03
  1.50739715e-01  2.11164117e-01 -9.48134884e-02 -9.96277407e-02
 -6.28260374e-02 -5.53179905e-02  2.27689013e-01 -4.35670353e-02
 -4.48751962e-04  1.49284065e-01  5.80985099e-02 -1.68047994e-01
  1.20377861e-01 -1.80867657e-01 -5.20694628e-02  1.37759566e-01
  3.21838483e-02 -1.81418620e-02  5.45343943e-02  1.46646455e-01
 -8.46773833e-02 -9.77714583e-02 -4.19502072e-02  5.65043800e-02
  1.24686576e-01  1.89756621e-02 -4.39041294e-02  4.15781699e-03
 -5.41108139e-02 -1.86481513e-02  1.95861235e-01 -9.13876593e-02
  9.12060589e-02 -1.84913903e-01 -6.05004616e-02  1.07763400e-02]