http://erau.edu/ontology/meme.owl#DependaMeme
[-2.46591657e-01 -1.57923058e-01 -6.78340644e-02 -5.19163460e-02
 -8.93599167e-03  3.21630500e-02  1.62817076e-01  4.59578410e-02
 -8.59019533e-02 -6.73950762e-02  7.16504380e-02 -1.67878091e-01
  8.78569633e-02 -1.60260960e-01 -1.03234366e-01  9.51503366e-02
  9.52138659e-03  1.15681402e-01  7.82186985e-02  4.73124571e-02
 -2.78304547e-01  3.17624249e-02  9.51120406e-02 -1.36930168e-01
  8.39710236e-02 -2.28735507e-02  5.82190864e-02 -2.13227570e-01
  2.32861370e-01  8.92761648e-02  3.69648822e-03 -2.59588938e-02
 -4.29745615e-02 -1.65607870e-01 -7.02144206e-02  1.47152677e-01
  6.61391169e-02  1.15853541e-01 -8.99237767e-02 -1.74083158e-01
  1.10574357e-01  1.96400464e-01 -1.11637659e-01 -5.10328896e-02
  1.23046570e-01  7.23232003e-03  3.49334478e-02  9.24836285e-03
  6.74595237e-02  1.24887295e-01  5.86380921e-02  3.35822068e-02
  8.97329580e-03 -1.54986501e-01 -1.24633804e-01 -1.12287641e-01
  1.23505764e-01 -9.82999280e-02  9.10288170e-02  1.36828631e-01
 -4.66055162e-02 -1.35475859e-01  1.49280936e-01  5.74547760e-02
 -9.41430479e-02 -7.10675493e-02  4.66668680e-02 -5.84412925e-02
 -1.12354405e-01 -2.00518832e-01 -6.93442002e-02  1.32294148e-01
  1.57843485e-01 -3.44097316e-02  7.45914527e-04  1.47911340e-01
 -6.12665974e-02  5.18750623e-02  1.52474001e-01  8.58420953e-02
 -7.05818459e-02 -1.91135883e-01 -2.19633188e-02 -1.82289913e-01
  9.57267508e-02 -2.08775356e-01 -8.89377445e-02  1.20563455e-01
  1.05574794e-01  3.11346464e-02 -7.75788426e-02 -2.07404524e-01
  1.17191330e-01 -1.10463664e-01 -1.42663687e-01  3.69325131e-02
 -8.44553113e-03 -2.82280967e-02  1.02323852e-02 -1.26967967e-01
  7.64280558e-02 -1.36037089e-03  1.93292752e-01 -1.03028014e-01
  3.03987470e-02 -3.83569710e-02  1.43042564e-01 -6.36237115e-02
  1.08493753e-02  1.39857770e-03 -1.69759095e-02  2.24503689e-02
 -1.74842596e-01 -9.32075977e-02  1.13212965e-01  4.75654863e-02
 -2.77744651e-01 -2.59527922e-01 -3.20125115e-03  2.25897506e-02
  6.04579337e-02 -8.05334896e-02 -6.98032090e-03  7.89586529e-02
 -3.49636227e-02 -2.11619183e-01  7.81541392e-02 -7.77992532e-02
 -7.02221096e-02  7.48339221e-02 -1.44408345e-01  6.27820240e-03
  1.95590667e-02 -1.02045596e-01 -1.09889686e-01  4.72940244e-02
 -9.04127285e-02 -7.05580860e-02 -1.50704712e-01  8.60791728e-02
 -3.06890815e-01 -6.09048456e-02 -5.12278713e-02  1.22812053e-03
  2.03724980e-01 -1.56115860e-01  1.29109830e-01 -6.46509975e-02
  7.80279574e-04  1.24235936e-01 -1.73297673e-02 -1.42116532e-01
  2.39062179e-02  2.12294869e-02 -4.03848626e-02  7.36396387e-02
 -2.06547409e-01  1.11801840e-01  8.61895606e-02 -5.57995625e-02
  1.46636292e-01 -1.15479141e-01  8.89569372e-02 -6.56105578e-02
 -1.40494049e-01 -1.79009795e-01 -1.63500443e-01  8.46188664e-02
 -2.05199569e-01  7.56593123e-02  3.20934551e-03  1.97700620e-01
  2.78641999e-01  1.52863875e-01  9.10672098e-02 -3.09245810e-02
 -1.64091811e-01 -7.60979354e-02  3.71594615e-02 -6.66406229e-02
 -8.44488889e-02  1.17966294e-01  2.44168006e-02  5.48710972e-02
 -1.49514928e-01  6.81646317e-02  2.79746596e-02  5.77894214e-04
  2.43426397e-01 -1.21735036e-01  6.65582046e-02  6.16290383e-02
 -2.51298994e-01 -7.26573989e-02 -5.00147529e-02  8.33601356e-02
  6.03935011e-02  1.31713808e-01 -1.19185701e-01 -3.72161195e-02
 -1.53279575e-02 -4.99496609e-02  2.99708229e-02 -4.87841628e-02
 -7.00997412e-02 -1.85230941e-01  2.85729282e-02 -8.83939490e-02
  4.36878821e-04  1.09392785e-01  1.54415220e-01  1.81436270e-01
 -4.63448875e-02 -1.49076715e-01  1.66296050e-01  5.08857891e-02
 -1.70746699e-01 -9.00615752e-02  9.18363780e-02  7.30961263e-02
  3.02352220e-01  5.74613810e-02 -1.48909330e-01 -3.46442014e-02
  6.59385026e-02  1.92320496e-02 -2.09208384e-01  9.66860633e-03
  5.63441031e-02 -5.87882008e-04 -7.93671142e-03 -2.32225806e-02
 -2.31556952e-01 -5.53325452e-02  6.58287108e-02  1.60190016e-02
 -7.56110623e-02 -8.07005614e-02  1.21009268e-01 -1.83774918e-01
  2.85997167e-02  2.81861139e-04 -1.92933362e-02 -1.00483865e-01
 -2.48341456e-01  1.29443780e-02 -9.03695449e-02 -2.40556952e-02
 -8.73352587e-02  7.49769202e-03  5.93466908e-02  3.79276536e-02
  2.06757247e-01  1.47384778e-01  2.06555635e-01 -2.10955669e-03
 -5.16240150e-02 -2.88834609e-02  2.98254658e-02  6.96269721e-02
  2.32394207e-02 -2.06397876e-01  8.04024786e-02 -8.25306550e-02
 -3.52934487e-02 -2.70160943e-01 -4.06527035e-02 -1.29129915e-02
  7.68701062e-02 -1.15056202e-01 -7.35844225e-02 -9.71409827e-02
 -4.86053191e-02  1.42564476e-01  2.33556390e-01 -6.00766651e-02
  1.68443307e-01 -4.15633656e-02 -1.10629395e-01  2.50238683e-02
  1.62065670e-01  2.85217296e-02 -2.30601933e-02 -1.45328954e-01
 -1.48252994e-01 -1.88474301e-02 -1.64622087e-02  1.63947828e-02
  5.25250193e-03 -1.59113675e-01  1.40709616e-03 -1.40098080e-01
  2.45203115e-02 -1.37436450e-01  8.68038014e-02  1.94547586e-02
  3.68121862e-02  2.03668736e-02 -1.47923112e-01 -1.35409713e-01
 -3.35152388e-01 -1.95277315e-02 -5.47465570e-02  1.57410473e-01
 -3.45698074e-02  4.19638213e-03  2.60986954e-01 -8.22293907e-02
 -5.61573282e-02  9.99468490e-02  1.91289008e-01 -2.08308876e-01
  1.16278306e-02  8.71853679e-02  2.35954933e-02  8.05292875e-02
 -1.47106927e-02 -1.30745806e-02  2.22187601e-02 -5.00444658e-02
  1.63069278e-01 -1.77310541e-01  1.65892154e-01  1.35798082e-01
 -6.96446151e-02  4.05082330e-02 -1.26403764e-01 -9.44525283e-03
  9.22697932e-02 -6.42259344e-02  2.85754930e-02  9.25844684e-02
  8.20041969e-02 -1.48244379e-02 -1.57507047e-01 -2.87036300e-01
  6.01811819e-02  1.16499819e-01 -7.71287903e-02  5.18577807e-02
  5.99831752e-02  3.30201052e-02  7.78923137e-03  4.41769278e-03
 -7.74595737e-02  4.46597002e-02 -4.85640056e-02  1.78378433e-01
 -3.91666219e-02 -1.43546119e-01 -6.44214973e-02  6.91396743e-02
 -1.04133844e-01  1.73120230e-01 -1.71836913e-01  1.16539598e-01
 -1.83818489e-03 -1.80691347e-01  2.00630248e-01  5.80927171e-02
 -1.86279759e-01  1.04115531e-01 -4.09762859e-02 -7.30636790e-02
 -3.86862047e-02 -9.37546138e-03 -9.16869715e-02 -6.05686083e-02
 -9.67021286e-02  5.71039468e-02  3.86489816e-02  8.76558721e-02
 -1.16381459e-01  3.19729671e-02  5.75202703e-02 -6.34166375e-02
 -7.76101276e-02  7.80840451e-03  9.44472570e-03 -3.59610990e-02
  1.20904602e-01  1.44036591e-01  2.54172739e-03 -2.87669320e-02
  1.60069168e-01 -2.43941862e-02 -9.81572419e-02  2.51917094e-01
 -5.52813448e-02 -1.38055280e-01 -5.58277443e-02  7.32000247e-02
  9.01662335e-02  1.63765773e-01 -9.63913575e-02 -2.69184709e-01
  6.12943955e-02  8.36526379e-02  1.37786955e-01  9.66107938e-04
  2.43755840e-02 -7.89114982e-02  1.04864854e-02 -3.04921180e-01
 -1.68959409e-01 -5.41767329e-02 -2.08251663e-02  2.29092494e-01
  1.15505800e-01  1.77635625e-01  5.15880622e-02 -2.25193366e-01
 -1.56291440e-01 -6.44556135e-02  2.99199298e-02  3.85345332e-02
  7.97686130e-02 -1.97022986e-02 -7.35566840e-02  8.29882249e-02
  1.30584454e-02  1.32105341e-02 -1.09261587e-01  1.16019724e-02
 -1.79283228e-02 -9.61600915e-02 -8.63971487e-02  1.78069338e-01
  3.88322957e-02 -2.09377721e-01 -5.78531027e-02  1.63408428e-01
 -1.34235471e-02 -8.05066451e-02  1.78374931e-01  1.91282898e-01
 -2.06059162e-02 -2.80004721e-02  6.71336381e-03  6.03412874e-02
  1.34480134e-01  2.45271008e-02 -6.09756522e-02  2.41553932e-01
 -1.82790548e-01 -3.18221636e-02 -1.66510791e-01 -1.52033731e-01
 -3.12789828e-02  3.84653136e-02  9.92824882e-02  1.49368197e-01
  3.46704945e-03 -1.46786794e-01  2.01431394e-01  2.04049516e-02
 -1.01395678e-02 -5.62259508e-03  1.83837339e-01 -5.21017723e-02
  2.26466909e-01  1.04986742e-01  1.38437793e-01 -9.63101909e-02
 -4.34403159e-02  7.82305375e-02  1.07556824e-02 -1.16484709e-01
 -1.34933591e-01 -1.63084790e-02  8.36175680e-02 -4.71926033e-02
  2.80451983e-01  1.90507308e-01  8.88570994e-02 -1.76582143e-01
  8.87527838e-02 -9.92859676e-02  5.79786673e-02  7.07729980e-02
 -2.46730819e-02 -1.22087765e-02 -1.29670814e-01  3.44382375e-01
 -8.09077919e-03 -1.48452416e-01  1.25142723e-01 -3.88456285e-02
  6.74966648e-02  7.34154955e-02 -3.90298404e-02 -9.31113400e-03
  1.12743601e-01  4.68870774e-02  7.53992572e-02  2.58079674e-02
 -7.60671729e-03  3.62703465e-02  5.92970215e-02  1.63193449e-01]