http://erau.edu/ontology/meme.owl#MacbookAirAdParodiesSpoofsMeme
[-1.53595582e-01 -1.80050611e-01  3.53262797e-02  3.15197222e-02
 -2.48228367e-02  3.52249891e-02  1.29206941e-01  4.45896052e-02
  4.74393927e-02 -5.86685836e-02  1.27811626e-01 -8.36742744e-02
  1.16969392e-01  1.67920180e-02 -6.17806278e-02 -2.42149550e-02
 -3.54016112e-04  3.87733169e-02  2.21526604e-02  1.14491940e-01
 -9.78075936e-02  6.95211887e-02  5.82004301e-02 -1.29148766e-01
  1.41055971e-01 -3.46565545e-02  1.53202014e-02 -1.01101451e-01
  2.56131291e-01  1.89190134e-01  1.18636880e-02  1.71894327e-01
  4.41791527e-02 -8.81654173e-02 -1.94023810e-02  2.48230055e-01
 -4.55429368e-02  3.24653350e-02  4.16260548e-02 -1.66315168e-01
 -6.13293163e-02  1.73962131e-01 -1.23737402e-01 -2.37578452e-02
  1.52740449e-01 -1.10669201e-02  9.50473770e-02 -8.12255405e-03
 -3.22389342e-02  6.55022636e-02  2.72252206e-02  3.42391431e-02
 -1.04889907e-01 -1.19263574e-01 -1.11923106e-01 -5.41955009e-02
  8.13705660e-03 -1.60858467e-01  1.55900687e-01 -9.54981893e-03
 -8.55487585e-02 -1.03990994e-01  7.44631886e-02  6.67226911e-02
 -9.89232361e-02 -1.18718512e-01 -1.29670184e-02 -7.10229725e-02
 -7.85365775e-02 -2.37373799e-01 -1.98244721e-01  7.06462786e-02
  1.01502359e-01  3.50740999e-02  4.89529148e-02  5.15539385e-02
 -5.58737256e-02  3.50691490e-02  1.32039636e-01  7.52174412e-04
 -1.00550711e-01 -7.44046345e-02 -7.16981962e-02 -2.02840358e-01
  8.17048401e-02 -5.80261908e-02 -5.76850548e-02  9.22687054e-02
  6.51309565e-02 -6.01032637e-02 -1.30997345e-01 -1.22316845e-01
  1.19422033e-01 -8.32989216e-02 -8.06223452e-02  1.39168918e-01
  1.74894240e-02 -4.58940603e-02 -1.05580375e-01  3.72436899e-03
  5.11342250e-02  2.76992377e-02  3.54484826e-01 -8.56450424e-02
  1.95202418e-02  1.93872191e-02  1.69148386e-01 -6.29687905e-02
 -7.67616034e-02 -1.15026735e-01 -3.96540202e-02  1.01205297e-01
 -1.77098408e-01 -1.31252140e-01  1.35159880e-01  1.60497710e-01
 -3.17824811e-01 -1.74966782e-01  9.83558446e-02  9.21093225e-02
 -8.60146135e-02 -1.48572132e-01 -6.33748546e-02  6.97366819e-02
  5.97764663e-02 -3.00722905e-02  4.65581082e-02 -9.61197391e-02
 -4.51514527e-04 -7.22054439e-03 -1.96693614e-01 -5.77732287e-02
 -1.03532011e-02 -9.17651430e-02 -8.76883641e-02 -2.03505866e-02
 -9.14546922e-02  4.07610349e-02 -9.51483920e-02  1.61077842e-01
 -2.34251514e-01  1.58187132e-02  1.11786261e-01  9.18022245e-02
  3.59385684e-02 -1.70041755e-01 -3.23074237e-02 -8.26617181e-02
 -1.18278779e-01  1.33089751e-01  5.23700602e-02 -1.09515943e-01
  3.97394896e-02  4.94723208e-02  5.49714081e-03  7.85152987e-02
 -1.49990618e-01  2.10951731e-01  1.34709075e-01 -9.15772021e-02
  8.50753039e-02 -1.18773967e-01  1.54202981e-02 -1.00171007e-02
 -1.47484004e-01 -9.43782404e-02  4.14331965e-02  1.67806715e-01
 -3.22897315e-01  1.06738791e-01  9.77613404e-02  1.40847459e-01
  2.07634956e-01  1.44360736e-01 -1.09127723e-01  2.52097398e-02
 -1.00066662e-01 -1.36823192e-01  6.04614578e-02 -2.18672473e-02
 -5.55495508e-02  1.43704101e-01 -5.30675352e-02 -4.06465754e-02
 -3.51572335e-02  4.85359244e-02  4.64827605e-02 -5.07660769e-03
  1.30275950e-01 -3.65223438e-02  8.49959478e-02 -2.91746128e-02
 -2.44975001e-01 -1.49405422e-02 -5.05716680e-03 -3.64326127e-02
  1.09172557e-02  2.15308025e-01 -7.01256320e-02 -2.23214626e-02
  6.90538213e-02 -3.02127842e-02  5.50555028e-02 -6.87907040e-02
 -7.88483247e-02 -1.34784490e-01 -3.71208340e-02 -1.33729041e-01
  5.48141589e-03  3.16347480e-02  1.50203228e-01  1.30110472e-01
  5.75692356e-02 -3.26767899e-02  3.72071788e-02  4.83584888e-02
 -4.65266109e-02 -5.45079932e-02  6.50291443e-02  5.50992452e-02
  1.33869961e-01  9.40371007e-02 -6.59857839e-02  4.98430943e-03
 -1.83258131e-02 -8.18940287e-04 -1.82025775e-01 -6.06131218e-02
 -7.91763067e-02  8.10608193e-02 -3.32438350e-02 -3.59479396e-04
 -1.03424340e-01 -9.43678916e-02 -3.87766287e-02  2.02897284e-02
 -6.38185740e-02 -2.19744816e-02  1.38319386e-02 -1.15188984e-02
 -2.60307416e-02 -4.88338200e-03  4.05206531e-02 -2.21962370e-02
 -2.17175469e-01 -1.57158691e-02 -1.08641565e-01 -2.35281810e-02
 -4.48742844e-02  7.80385435e-02  3.36317122e-02  1.01742372e-02
  8.93168747e-02  6.33940250e-02  2.40002528e-01 -5.10941595e-02
 -8.86623859e-02 -4.14934717e-02 -5.22501320e-02  6.61497563e-02
 -8.38306323e-02 -1.19231284e-01 -5.10234125e-02 -6.10635877e-02
 -3.66383865e-02 -1.86802879e-01  7.55040720e-02  6.70690760e-02
  9.13854688e-02 -1.26759768e-01 -6.28032237e-02 -1.26009479e-01
 -1.39145181e-01  1.48596661e-02  4.92526032e-02 -6.90918788e-02
  2.15144157e-02 -7.66593888e-02 -1.15866996e-01  4.17117029e-02
  9.40264389e-02  1.62129197e-02 -4.24327627e-02 -1.26719818e-01
 -1.28963605e-01  5.27823828e-02 -1.38142422e-01  4.95246798e-02
 -4.65129182e-04 -1.74283177e-01  5.59348501e-02 -1.39774501e-01
  4.06741649e-02 -5.66905178e-02 -2.48856861e-02  7.16267712e-03
  6.87238351e-02 -3.19116972e-02 -1.33089021e-01 -1.26262441e-01
 -1.95552886e-01  1.20065650e-02  2.11816542e-02 -8.59338976e-03
 -7.42781907e-02 -3.07869427e-02  1.20067686e-01 -2.25704871e-02
 -6.85794726e-02  1.96188800e-02  1.75989464e-01 -1.18476063e-01
 -6.20402060e-02  5.26861027e-02  2.28865426e-02  7.88458735e-02
 -1.32268434e-02 -1.67031307e-02  3.61835659e-02 -6.24054931e-02
  1.36109844e-01 -1.49246261e-01  1.79944918e-01  8.92389789e-02
 -1.93907153e-02 -4.89977002e-02 -1.92879036e-01 -1.33116916e-02
  1.06230080e-02  7.58065289e-05  4.89310808e-02  2.50602178e-02
  5.72280474e-02 -1.48140922e-01  6.07778616e-02 -1.46940932e-01
  4.61592637e-02  5.24158329e-02  3.51818576e-02 -5.23544382e-03
  2.52552237e-02  8.56977142e-03 -5.32433242e-02 -4.22773026e-02
 -8.97703394e-02 -1.33917397e-02 -7.21705984e-03  5.05895689e-02
  3.50686200e-02 -1.15758233e-01 -4.73568263e-03  6.33349642e-02
 -7.51365796e-02  7.75757730e-02 -7.18889460e-02  4.79926094e-02
  7.69986808e-02  1.27637647e-02  8.61575827e-02 -1.98003948e-02
 -7.86336809e-02  9.42349806e-02 -2.72909310e-02 -2.53784247e-02
  5.39161749e-02 -5.83943613e-02 -1.53606452e-04  2.60055938e-04
  3.86332013e-02  8.21386501e-02 -4.17907164e-02 -6.35943040e-02
 -2.14861110e-01  3.73973027e-02  4.86587808e-02  1.30281411e-02
 -3.37557755e-02  5.69222448e-03 -9.03429240e-02  8.60973634e-03
  3.89896408e-02  1.26821026e-01 -3.63644771e-02 -5.00180908e-02
  1.34209886e-01 -6.96940646e-02 -3.70511077e-02  7.17211738e-02
 -7.53356665e-02 -3.32470275e-02 -3.13862599e-02  1.25482589e-01
 -1.52636301e-02  1.87193602e-01 -7.98522085e-02 -1.45475104e-01
 -1.71985626e-02  1.07992969e-01  2.23209485e-01 -1.26005977e-01
 -7.59865642e-02 -2.35615149e-02  6.35759756e-02 -1.42110229e-01
 -3.71079370e-02  8.01838487e-02 -1.76526736e-02  2.04992265e-01
  6.45937994e-02  2.33702380e-02  1.20685987e-01 -1.25644267e-01
 -5.52362129e-02 -1.76921245e-02 -1.84208788e-02  2.45674998e-02
 -1.19737066e-01 -4.47100624e-02 -5.24849631e-02  1.05519928e-01
 -4.29737195e-03 -4.01797816e-02 -1.67550564e-01 -2.79828049e-02
  2.12195404e-02 -7.86033645e-02 -7.31495693e-02  7.47676343e-02
  7.93352500e-02 -5.94416782e-02  1.58965997e-02  1.19235851e-01
 -1.29188821e-02 -2.54862532e-02  1.16490178e-01  1.86439082e-01
  1.03914151e-02 -6.01366796e-02  5.31728147e-03  1.07762948e-01
  1.24462545e-01 -5.40146604e-03 -8.99979919e-02  1.95011497e-01
 -1.36292845e-01 -5.87200373e-02 -2.00931326e-01 -1.03719093e-01
 -1.31981328e-01  8.87784213e-02  6.70787171e-02  1.04226694e-01
  9.62159038e-02 -2.44984217e-02  1.95950568e-01 -6.83045387e-02
  3.38870510e-02  6.50269352e-03  1.44039309e-02 -6.43415302e-02
  1.09999113e-01  5.88427000e-02  7.45725632e-02 -7.01106861e-02
  1.89045630e-02  2.37663202e-02 -4.20194753e-02 -8.82540420e-02
  1.82104781e-02 -2.23187506e-02  1.19659588e-01  2.00599674e-02
  9.65038389e-02  8.51167366e-02  7.59705827e-02 -1.07720487e-01
  9.04026181e-02 -9.86540467e-02 -8.33570957e-02  8.57920945e-02
 -2.53322423e-02  1.48870936e-02 -7.47338608e-02  2.37868518e-01
 -1.13025546e-01 -1.95216119e-01 -3.24725844e-02 -3.71649601e-02
  1.14998095e-01  3.67981941e-02 -3.88234258e-02 -1.32719576e-02
  5.48955463e-02  9.58926305e-02  4.88993041e-02  1.47114266e-02
 -5.32425754e-02 -9.28588677e-03  9.52104926e-02  3.36702131e-02]