http://erau.edu/ontology/meme.owl#CampfireSongSongMeme
[-3.86002511e-02 -3.23485620e-02  1.01429999e-01  1.09835818e-01
 -8.60170797e-02  2.21887454e-02  1.19165525e-01  2.41808947e-02
  9.42163542e-03 -9.42083597e-02  5.90355322e-02 -1.31565863e-02
  3.38323996e-03  1.12579614e-01 -2.53004711e-02  1.97600983e-02
 -6.89888652e-03  1.27993792e-01  2.54782345e-02  9.29109156e-02
 -9.81681049e-02  3.43311466e-02  8.28205049e-02 -7.12949187e-02
  4.19622548e-02 -7.31503218e-02 -6.40297756e-02 -4.93293703e-02
  2.72790879e-01  1.23911768e-01  4.21944708e-02  1.75863326e-01
  1.77425757e-01 -9.71082672e-02 -1.47014521e-02  1.79986060e-01
 -9.93719622e-02  4.29570079e-02  4.01103161e-02 -1.23494193e-01
  5.34560904e-03  1.98959738e-01 -1.26340464e-01 -4.41389047e-02
 -2.39992305e-03 -3.26089002e-02  7.14772493e-02  1.00098224e-02
  2.14684140e-02 -3.98120657e-03  5.89765348e-02 -1.83842126e-02
 -1.25261396e-01 -4.79875058e-02 -9.46488455e-02 -3.53482254e-02
  6.97487220e-02 -1.50770158e-01  5.34435846e-02  6.47919178e-02
  3.16966213e-02 -5.33241890e-02  1.17068037e-01  9.54919774e-03
 -1.62506551e-01 -2.93837450e-02 -6.89823776e-02  1.39904916e-02
 -2.99665593e-02 -7.92887881e-02 -1.36695534e-01  4.64477390e-02
  5.04190773e-02  6.16335981e-02  7.03896210e-02  8.08980614e-02
 -6.62844107e-02  6.76200092e-02  8.28792229e-02  1.84192061e-02
 -1.79959629e-02 -5.63937463e-02 -2.68482622e-02 -9.95468348e-02
 -1.00632897e-02 -4.72954586e-02 -4.12306637e-02  4.42044251e-02
  5.67802936e-02 -3.01055256e-02  1.52153410e-02 -2.07531750e-01
  4.71519306e-03 -6.20645359e-02 -9.61815640e-02  4.00439352e-02
 -1.00264058e-01 -1.42302050e-03 -2.63031889e-02  4.01916765e-02
  2.03890987e-02  4.30006385e-02  2.03214303e-01 -1.12415306e-01
 -1.39828876e-03 -4.38184710e-03  1.28847569e-01 -3.15227685e-03
 -1.13835617e-03 -1.47875667e-01  5.02170064e-02  2.18999125e-02
 -1.33216218e-03 -4.01975401e-02  6.90130815e-02  1.30686164e-01
 -1.14067808e-01 -1.10664628e-01  1.95098072e-01  2.33602966e-03
 -1.49975764e-02 -4.76987176e-02 -1.74259413e-02  4.77489717e-02
  1.25433788e-01 -1.16432738e-02  1.29269145e-03  1.22415284e-02
  7.72612765e-02 -1.61743034e-02 -2.23802149e-01 -1.57747269e-02
 -4.81547862e-02 -9.35513303e-02 -6.25810102e-02  8.23418275e-02
  1.02578744e-03 -9.99802351e-02 -2.90190056e-02  1.61340702e-02
 -1.77386776e-01 -7.85517469e-02  1.55823797e-01  6.83730766e-02
  7.18991756e-02 -1.38610244e-01 -1.10243149e-02 -7.26905391e-02
 -9.53870080e-03  1.42240033e-01  2.83577759e-02 -6.78669438e-02
 -3.36070806e-02  2.88589206e-02 -8.04878920e-02  7.11872848e-03
 -1.15664035e-01  2.22018242e-01  6.54798234e-03 -4.14380711e-03
 -8.90033022e-02 -1.03804424e-01 -1.72013883e-02  1.21451998e-02
 -2.01445296e-01 -7.15466440e-02  3.20956334e-02  8.47765654e-02
 -2.51914293e-01  5.14935069e-02  3.99248041e-02  1.04416266e-01
  1.51532412e-01  9.40212682e-02 -1.60972644e-02 -4.86088172e-02
 -8.15173388e-02 -3.42311002e-02  9.54376757e-02 -8.92149881e-02
 -5.32253198e-02  9.69008356e-02  5.04054837e-02 -9.52928211e-04
 -3.62800844e-02 -3.13493721e-02  3.14281397e-02  5.73261678e-02
  1.93420559e-01 -1.01506278e-01  2.72748098e-02 -5.52954748e-02
 -1.20217718e-01 -6.20056167e-02 -1.56486798e-02 -7.03548491e-02
  5.13015091e-02  1.44412011e-01 -9.71809924e-02 -1.22387186e-02
  8.26368555e-02 -1.70519985e-02  5.94281480e-02  1.49413617e-02
 -2.66090352e-02 -2.39094719e-01  1.06643839e-03 -6.92325756e-02
  1.65461555e-01  1.31115645e-01  2.16553137e-01  8.59448090e-02
  1.20961070e-02 -8.30920041e-02  8.91415626e-02 -9.33336467e-03
 -2.15137806e-02 -9.13370699e-02  9.13583189e-02  1.23781197e-01
  8.41846839e-02  1.68560699e-01 -1.08746223e-01  6.98030069e-02
 -2.45830417e-02 -1.43684093e-02 -8.05004835e-02 -6.72156587e-02
 -1.08176023e-01 -1.92779880e-02  2.71023829e-02  6.09355643e-02
 -5.31648993e-02 -1.11942805e-01 -6.39872998e-02  6.00996986e-03
 -7.04526678e-02  1.11650545e-02  1.99085530e-02  1.36891017e-02
 -4.18075286e-02 -6.52979687e-03  5.79149537e-02  2.84662694e-02
 -1.83347672e-01  6.54636999e-04 -8.22344050e-02 -2.88823247e-02
 -7.24306628e-02  9.20569450e-02  1.95479766e-02 -4.25287262e-02
  1.03019767e-01 -3.80720869e-02  1.91556767e-01 -1.11944303e-01
 -1.10175237e-01 -3.16956080e-02 -2.57804058e-02  3.13293822e-02
 -1.50194168e-01  1.96485594e-03  4.12032427e-03 -1.74833350e-02
 -2.15099268e-02 -1.54777349e-03  8.85149762e-02 -1.61886923e-02
  5.33174761e-02 -5.41040897e-02 -3.07199126e-03 -1.00374833e-01
 -3.11555266e-02  1.35007715e-02  1.31658942e-01 -4.00444940e-02
 -5.81322005e-03  4.85412516e-02 -7.49443658e-03  3.20777856e-03
 -1.36655141e-02  1.19702190e-01 -6.83535263e-02 -5.62656149e-02
 -6.78448752e-02  2.33457275e-02 -1.74471140e-01 -4.21576649e-02
  9.17390361e-03 -8.12735260e-02  2.23883539e-02 -5.74897975e-02
 -3.17271911e-02 -3.68922874e-02  8.48590210e-03 -7.23581063e-04
  1.18514322e-01  4.85861637e-02 -1.11831859e-01 -7.48552009e-02
 -7.95380548e-02  4.59595472e-02  1.18021533e-01 -6.69173244e-03
 -2.94029936e-02 -2.38246955e-02  1.40585631e-01  1.50285363e-02
 -2.37414259e-02 -4.00570780e-02  1.51159480e-01 -2.62668759e-01
  3.56275961e-02  3.98622938e-02 -4.28585801e-03  3.67111638e-02
  4.74995328e-03  6.84764758e-02 -6.67399308e-03 -8.29952955e-02
  6.94212914e-02 -1.42799154e-01  9.57151428e-02  1.75397381e-01
 -2.57463399e-02 -3.38332988e-02 -2.22664863e-01  2.84267291e-02
  1.21756122e-01  4.80782660e-03 -3.23040932e-02 -8.47075582e-02
  7.84348100e-02 -3.37094069e-02  1.18600391e-01 -1.79977670e-01
  3.72080542e-02  1.17516868e-01 -5.09485044e-02  9.07056406e-02
  2.57026013e-02  1.61317363e-01 -6.63625449e-02 -4.44680713e-02
 -2.02741414e-01  4.92500439e-02 -1.96115226e-01  6.34516552e-02
  7.86394812e-05 -1.01413913e-01  4.06556837e-02  1.70119047e-01
 -6.97331801e-02  1.65141702e-01 -1.39355198e-01  8.21981505e-02
  3.01815830e-02 -3.55468392e-02  1.53936863e-01 -4.07640599e-02
 -6.83364198e-02  2.29053214e-01 -2.96054631e-02 -5.10679111e-02
  4.26237285e-02 -7.85671547e-02 -1.10387005e-01  3.67834643e-02
  2.34777830e-03 -8.23003124e-04 -4.43632454e-02 -9.32005979e-03
 -2.17552438e-01 -2.02269889e-02  4.78613339e-02 -3.73093858e-02
 -9.84359384e-02  1.69612411e-02  4.64981906e-02 -1.87242858e-03
  1.05947644e-01  1.81209236e-01 -1.22316092e-01 -8.77934024e-02
  6.77443817e-02 -1.05708107e-01 -1.47516757e-01  5.76684065e-02
 -9.60206762e-02 -6.82122707e-02 -7.49168992e-02  2.21560717e-01
 -8.55590925e-02  2.30525017e-01 -2.85903346e-02 -1.74319550e-01
 -2.08592061e-02  3.10757328e-02  2.00649455e-01 -6.96958154e-02
 -8.19182992e-02 -1.55074894e-01  5.98760769e-02 -1.27294183e-01
 -1.09352894e-01 -3.05014616e-03  4.96630697e-03  2.28855014e-01
  1.10349290e-01  3.25913914e-03  1.73096731e-01 -1.12981319e-01
 -1.72964633e-01 -2.10523643e-02 -4.92009185e-02  1.03050902e-01
 -1.31912485e-01 -7.98592642e-02 -1.43145267e-02  3.93357202e-02
  1.64271012e-01 -3.85785066e-02 -1.79280266e-02 -1.64700188e-02
  4.50028293e-02 -1.94956660e-01 -3.52341719e-02 -6.47445209e-03
  1.44841298e-01  1.11150621e-02  9.99595076e-02  1.68245584e-01
  1.49414524e-01 -4.34485860e-02  1.31109715e-01  1.73853576e-01
  2.14491561e-02 -1.07626192e-01  1.12659698e-02  1.99407801e-01
  8.53841156e-02  1.09640129e-01 -1.08855620e-01  2.67790794e-01
 -2.70902038e-01 -4.46381010e-02 -2.07417339e-01 -8.49451795e-02
 -1.18538089e-01  8.99667293e-02  6.02923781e-02  4.21077795e-02
  1.81800872e-01 -1.20998975e-02  2.20729738e-01 -1.11338617e-02
  1.31748661e-01  2.01271847e-02 -2.14428417e-02 -2.40028277e-02
  1.26529500e-01  4.54022624e-02  8.41112435e-02 -1.04592294e-01
  3.12526003e-02  1.92900404e-01  2.33626906e-02 -1.67087480e-01
  2.53950432e-02  5.60223088e-02  1.58187315e-01 -1.30089596e-02
  7.29792118e-02  1.59879535e-01  2.33422443e-02 -1.35512993e-01
  1.67117909e-01 -1.95229620e-01 -8.85452479e-02  1.74611017e-01
 -1.22396676e-02  3.42795812e-02  2.32810993e-03  2.15484470e-01
 -1.78593382e-01 -1.94606453e-01 -2.49830708e-02 -7.50552639e-02
  1.31066799e-01  6.64955154e-02 -1.54962167e-01 -2.29291916e-02
  3.26052657e-03  1.11999996e-01  1.11778893e-01 -3.96374520e-03
 -1.47517016e-02 -1.99511215e-01  1.04801044e-01  2.48286724e-02]