http://erau.edu/ontology/meme.owl#PennisandAlsoDickeandBallsMeme
[-2.05423683e-01 -2.21838683e-01 -2.98918057e-02 -5.43507747e-02
 -4.93304506e-02 -1.31567372e-02  7.22917542e-02  1.06897123e-01
  4.01497558e-02 -2.98486408e-02  1.30489171e-01 -1.71588853e-01
  1.12346252e-02 -1.92142069e-01 -3.32872868e-02  1.18968189e-01
  1.60052124e-02  3.51871364e-02  4.39198799e-02  2.49156076e-03
 -2.03824684e-01  7.71764368e-02  8.45490694e-02 -1.52027324e-01
  1.43891290e-01 -1.82620212e-02  1.58367142e-01 -7.22332895e-02
  2.24525914e-01  1.05170853e-01  8.25505853e-02 -9.43542421e-02
 -1.08221360e-01 -8.24400410e-02 -8.29894021e-02  1.16513386e-01
  6.00968376e-02  6.15830384e-02 -1.49291188e-01 -6.57587275e-02
  9.93603468e-02  1.34576917e-01 -1.80484250e-01  4.32215817e-02
  1.39565974e-01  2.01153699e-02 -9.68701988e-02 -1.63037881e-01
  5.56891412e-02 -6.60635065e-03  9.19002369e-02  1.08308131e-02
  1.06594712e-02 -1.65500388e-01 -1.08225808e-01 -6.44163787e-02
  3.43830697e-02  2.81351176e-03  1.05605900e-01  9.40399617e-02
  5.45913540e-02 -1.26109660e-01  6.16491288e-02  7.67350988e-03
 -2.38038488e-02  4.18709368e-02  1.27970800e-01  4.82001752e-02
 -1.24737628e-01 -1.46851242e-01 -1.09978564e-01  6.82932418e-03
  1.19706407e-01 -3.16601060e-02 -4.63381223e-02  1.42280817e-01
 -1.47052243e-01  3.39814015e-02  1.27867749e-02 -6.46855086e-02
 -3.16402055e-02 -1.23085298e-01 -8.75371695e-02 -7.90439546e-02
  9.71060917e-02 -2.10961744e-01 -1.60265207e-01  2.96830013e-03
 -6.16881140e-02  2.36466032e-04  6.66222274e-02 -5.98110966e-02
  7.58565143e-02 -3.93487662e-02 -5.03636263e-02  1.79419527e-03
  4.52588089e-02 -9.33532193e-02 -5.94575666e-02 -1.22023173e-01
  9.82201919e-02 -5.28935483e-03  1.79282889e-01 -1.19533516e-01
  5.66250458e-02  7.94805121e-03  3.42341028e-02 -7.26465583e-02
 -6.47624284e-02  5.94246276e-02  8.50497000e-03 -1.21834977e-02
 -2.16515940e-02 -1.58149779e-01  7.13826297e-03 -1.05405606e-01
 -2.13635474e-01 -1.82059243e-01 -1.21660218e-01  4.86575514e-02
 -2.04761662e-02 -2.94450987e-02 -2.00988483e-02  1.05276838e-01
  5.82558587e-02 -1.92785189e-01  1.23807482e-01 -9.29226950e-02
  7.51324594e-02  6.64662048e-02 -1.88157782e-01  4.69352975e-02
  8.00577328e-02 -4.88245301e-02 -1.92656532e-01  9.34833214e-02
 -3.30877081e-02 -3.69030870e-02 -2.15491027e-01  7.40118250e-02
 -2.79571027e-01 -2.01454610e-02  9.63800959e-03 -8.34003836e-02
  2.54785031e-01 -2.00742319e-01  6.44871145e-02 -6.58185631e-02
 -3.40853743e-02  1.95103794e-01 -9.61021185e-02 -3.08598578e-02
  3.52288485e-02  1.61815360e-01  9.12133371e-04  1.45709261e-01
 -9.68735367e-02  1.18754096e-01 -3.38157872e-04 -1.24237843e-01
  1.17925584e-01 -4.45718989e-02  1.03479005e-01 -1.56370759e-01
 -9.56205726e-02 -1.05463438e-01 -9.38694999e-02  9.95243713e-02
 -1.29870757e-01  9.39887837e-02  9.36212763e-03  1.98328927e-01
  7.59267733e-02  1.41121164e-01 -1.01001719e-02  3.24171670e-02
 -1.83693632e-01 -2.73169670e-02  5.56821935e-02 -7.59896776e-03
  3.33991498e-02  2.29395643e-01 -7.85605460e-02  1.04845688e-01
 -7.47297779e-02  1.40695730e-02  8.05523619e-02 -1.37883639e-02
  1.21633410e-01 -6.33069947e-02  1.11447833e-01  1.04268700e-01
 -1.85554415e-01 -8.24372172e-02  1.42192980e-02  1.19253464e-01
 -6.67867064e-02  6.31940886e-02  2.64620390e-02 -8.47689584e-02
 -1.77917764e-01 -1.00980133e-01  3.63767706e-02 -1.73467547e-01
 -6.20490462e-02 -1.69880748e-01  5.51535841e-03 -5.58350515e-03
 -1.35901272e-01  7.77023882e-02  1.65150568e-01  1.29533648e-01
 -4.75507602e-02 -1.36523992e-01  8.61682966e-02  6.44955635e-02
 -1.48182660e-01 -7.59273618e-02  1.80890724e-01 -2.18915138e-02
  2.15756938e-01 -3.76810133e-02 -1.81133121e-01 -3.94955277e-03
  7.20825866e-02  1.24253891e-02 -2.21717820e-01  3.30998413e-02
 -9.09112915e-02  6.46887720e-02  9.63750854e-02 -2.52393656e-03
 -2.24525109e-01 -1.07593022e-01  5.05398177e-02 -5.27090244e-02
 -7.54819736e-02 -1.88530311e-01  8.63319337e-02 -2.15818346e-01
 -2.70749852e-02 -6.21617958e-02 -1.43938260e-02 -1.04558736e-01
 -2.74270266e-01 -3.54224779e-02 -1.41531810e-01 -3.56210247e-02
 -2.43564378e-02 -6.64614886e-02  1.04136184e-01  2.76442636e-02
  1.96288764e-01  1.51398346e-01  2.13985994e-01 -1.26059819e-02
 -1.87960923e-01  3.99509352e-03  2.23972555e-02  1.30931243e-01
 -4.17749919e-02 -1.39714643e-01  5.85432388e-02 -1.96225181e-01
 -6.27050176e-02 -2.90740013e-01 -2.32485354e-01 -1.61124524e-02
  5.24306074e-02 -7.16583952e-02 -5.10771051e-02 -6.96943626e-02
 -9.62214321e-02  1.43719614e-01  8.36827829e-02 -4.31388654e-02
  1.13573417e-01 -1.26715511e-01 -8.29503164e-02 -4.72396705e-03
  1.64435506e-01  7.37357289e-02 -2.23783329e-02 -1.42633244e-01
 -2.30048925e-01  3.24485749e-02  1.19446658e-01 -2.08942406e-02
  2.02136673e-02 -1.09161288e-01 -1.63870007e-02 -1.36278957e-01
  6.24253750e-02 -4.55425382e-02  5.56401834e-02 -6.23492301e-02
  1.73712801e-02  9.98825021e-03 -1.35389283e-01 -1.47423958e-02
 -3.37795585e-01 -1.56511124e-02 -1.00230381e-01  2.90357023e-01
  2.90309433e-02 -5.50840013e-02  1.55581787e-01 -2.14989893e-02
 -7.84802809e-02  1.06663287e-01  2.03536764e-01 -1.16617925e-01
 -4.77770008e-02  1.26633465e-01  7.35512981e-03  3.40250880e-02
 -2.41700038e-02 -5.53419022e-03 -5.81896827e-02 -5.45585237e-04
  1.93724021e-01 -1.16860062e-01  2.47881815e-01  3.98149751e-02
 -9.12965462e-02 -7.99223687e-03 -2.29253266e-02 -3.94112132e-02
  7.45248646e-02  2.03189310e-02  6.44871294e-02  9.10199657e-02
 -2.01997254e-02 -4.49523851e-02 -3.00455093e-01 -2.96506017e-01
  1.78149477e-01  8.28406438e-02 -1.55708253e-01  5.90522029e-02
  3.80419903e-02  2.39190925e-02 -2.38632709e-02 -3.00028287e-02
 -9.86422822e-02 -3.23576108e-02 -5.21922372e-02  2.38760263e-01
 -8.07581767e-02 -1.63210452e-01 -8.74118879e-02 -1.57854217e-03
 -1.05151862e-01  1.94711849e-01 -1.49835646e-01  1.29985541e-01
 -6.09101988e-02 -1.36940345e-01  2.79908866e-01 -8.81125554e-02
 -1.97514042e-01  8.14144611e-02 -1.95224062e-02 -5.90474866e-02
 -1.33745626e-01  1.20824255e-01 -1.81021586e-01  3.66214029e-02
 -1.14738882e-01 -3.08375526e-02  8.67655203e-02  1.02583813e-02
 -1.43710211e-01  1.46190107e-01  7.06529990e-02 -1.75380915e-01
 -9.05629992e-02  6.24148063e-02 -3.29965609e-03 -2.09649727e-02
  4.19768728e-02  1.30341247e-01 -5.60965128e-02 -1.58137791e-02
  8.33500028e-02 -9.41940472e-02 -1.05355330e-01  2.15739712e-01
 -1.12737082e-01 -1.97841913e-01 -6.05574436e-02  8.84027313e-03
  6.19478375e-02  2.41500273e-01 -1.41081795e-01 -2.51692802e-01
  1.28112301e-01  1.59586787e-01  2.22396940e-01  2.91646388e-03
 -3.21723484e-02 -9.15422961e-02 -1.22041762e-01 -4.29629833e-01
 -2.11850747e-01 -2.83426959e-02  3.01897004e-02  3.38334441e-01
  1.25655636e-01  2.03260764e-01  1.16729952e-01 -2.85461903e-01
 -1.49894670e-01 -5.82399815e-02  1.24602187e-02  6.24366179e-02
 -3.25071700e-02 -7.31627420e-02 -6.42571449e-02  1.37656003e-01
  9.05288607e-02  1.00166403e-01 -1.56514362e-01  7.68200234e-02
 -1.56711847e-01 -1.98407337e-01  1.46391187e-02  2.43877038e-01
  1.10790938e-01 -1.40043229e-01 -3.49577926e-02  2.52660185e-01
  8.60253796e-02 -2.27695420e-01  2.03593999e-01  1.14111520e-01
  3.95772904e-02  5.90677857e-02  8.71480405e-02  7.06279948e-02
  1.25190854e-01  3.20087112e-02 -2.48420034e-02  2.40983427e-01
 -1.88365594e-01  2.78018136e-02 -1.45483285e-01 -1.59804136e-01
 -3.09711732e-02 -2.03247853e-02  9.02651772e-02  1.20667182e-01
 -6.40200302e-02 -6.33882210e-02  2.11514398e-01  1.32956274e-03
  3.01869325e-02  9.36758369e-02  2.20098436e-01 -4.09421884e-02
  1.89636841e-01  7.82938227e-02  1.67325720e-01 -6.19000718e-02
 -1.80450305e-01  3.68183814e-02  1.25024095e-02 -1.09270208e-01
 -8.93298388e-02  1.14383474e-01  8.63654912e-02  7.71466121e-02
  2.80661672e-01  1.68320522e-01  8.73483270e-02 -1.38379157e-01
  4.15758342e-02 -1.01991057e-01  7.24867508e-02  6.18507788e-02
 -1.13755036e-02 -6.03555441e-02 -1.62545681e-01  3.46983194e-01
 -7.02116964e-03 -1.95229799e-01  5.95720559e-02  1.97008601e-03
  1.29821286e-01  9.60764438e-02 -1.36805370e-01 -3.48990150e-02
  9.35460553e-02 -1.84991711e-03  1.04829162e-01 -1.41491741e-02
 -1.04401922e-02  2.41324306e-02  7.00310394e-02  1.16185300e-01]