http://erau.edu/ontology/meme.owl#EveryoneLosesTheirMindsMeme
[-1.67457554e-02 -1.04659893e-01 -4.33058664e-02 -1.58752333e-02
  1.30067825e-01  5.96283898e-02 -9.65630710e-02  5.89640625e-02
  1.50789693e-01  1.13224089e-02  5.68610951e-02 -4.67986204e-02
 -1.57147408e-01 -7.25114569e-02 -1.23969845e-01  2.53629386e-02
  1.73683330e-01 -6.57307506e-02 -1.17267430e-01 -2.79273614e-02
 -2.57718295e-01  1.67361602e-01  8.84000733e-02 -5.61457910e-02
  2.25551412e-01  2.22566370e-02  1.93499193e-01 -1.32516563e-01
  9.96532887e-02  2.03320742e-01  2.44459044e-03 -7.24843591e-02
 -2.60134786e-02 -4.09595072e-02 -1.35316163e-01  1.30978927e-01
 -1.72150917e-02  2.39082016e-02 -1.46485046e-01 -1.78141221e-01
  5.99003471e-02  2.69700497e-01 -1.30340785e-01 -5.50284050e-02
  1.39182255e-01  2.13112339e-01 -4.24305946e-02 -3.06526035e-01
  7.47164190e-02  3.02440450e-02  9.12404954e-02 -1.03148371e-02
  4.48678620e-02 -3.48637886e-02 -1.05531231e-01 -1.46145716e-01
  3.74681614e-02 -4.20753323e-02  2.29727998e-01  3.84389088e-02
  1.06604956e-01 -1.04375526e-01  1.64205864e-01  1.31751597e-01
 -2.87009943e-02 -1.44020557e-01 -5.35982959e-02 -1.43956617e-01
 -4.65460308e-02 -2.52988040e-01 -5.56395799e-02  1.12550661e-01
  2.43234128e-01  1.31222874e-01  9.31388438e-02  2.41070405e-01
 -1.87268332e-01 -9.53634176e-03  2.02191859e-01  2.60544382e-02
  6.40628114e-02 -1.47020012e-01 -8.06243643e-02 -8.77851322e-02
  1.27818614e-01 -9.76585299e-02  4.12792936e-02 -5.51264100e-02
  1.94478244e-01 -1.90981366e-02 -4.62613441e-02 -3.33164334e-01
  2.84282476e-01 -1.22258000e-01 -1.19515024e-01  1.09740913e-01
  2.34261435e-02 -5.99051639e-02 -7.73096904e-02 -5.42293452e-02
  2.55946666e-01  1.24971988e-02  2.52658606e-01 -1.29999314e-02
 -5.80750890e-02  8.95288028e-03  1.82805195e-01  7.40229785e-02
 -9.33623984e-02 -1.15803123e-01 -4.94317338e-02  1.19005544e-02
  6.65191142e-03 -1.39187112e-01  1.21978201e-01 -1.33051258e-02
 -3.56862962e-01 -1.14795446e-01 -8.93703848e-03 -6.71003684e-02
  9.48034925e-04 -1.20753758e-02 -1.04314573e-01  1.16974283e-02
  1.20740898e-01 -1.86175451e-01 -1.18444860e-01  9.90912039e-03
 -1.53748617e-01 -1.88987255e-01 -1.41299963e-01 -7.08613917e-02
 -1.28031597e-01 -8.36632401e-02 -1.78329591e-02  9.74689201e-02
 -1.45517692e-01  4.02344726e-02 -2.66727984e-01 -1.73450097e-01
 -2.65042692e-01  9.03080925e-02  1.31201610e-01  5.35368100e-02
  1.95099980e-01 -2.32699201e-01  9.27558169e-03 -3.08112800e-02
 -2.76639402e-01  1.52867511e-02 -1.17615266e-02  1.03210621e-02
 -1.38413772e-01 -1.59919590e-01 -2.23012231e-02 -1.70531068e-02
 -1.39702454e-01  1.42732367e-01  2.82472391e-02 -3.56088489e-01
  1.45875201e-01 -2.51054436e-01  1.87369976e-02 -1.12117931e-01
 -1.78935677e-01 -7.57429525e-02 -7.75823370e-02  2.40964711e-01
 -1.70998484e-01  8.30075964e-02  2.37683337e-02  3.03592145e-01
  3.67851824e-01  1.75114557e-01 -2.78140344e-02  6.23206282e-03
 -5.45564247e-03 -2.56503616e-02  1.01622343e-01 -2.13241167e-02
 -1.87162355e-01  2.02779740e-01 -8.34181607e-02  5.28126135e-02
 -7.74022564e-02 -2.25213915e-01  1.96382016e-01  1.11811385e-01
  1.06817465e-02 -3.60344090e-02  2.15835273e-01  6.65629730e-02
 -2.11959451e-01 -1.34597436e-01 -8.79196916e-03 -5.73379137e-02
 -5.37374020e-02  3.54916565e-02 -1.15086585e-02  1.16298676e-01
 -1.12018161e-01 -7.97104556e-03  1.10494522e-02 -1.71515599e-01
 -9.99137685e-02 -2.23119065e-01 -3.84634286e-02 -1.78019151e-01
  1.19313218e-01  1.70351770e-02  1.47107825e-01  1.56772453e-02
 -2.90913526e-02 -1.76881567e-01  1.58054084e-01 -1.70590989e-02
  8.16316623e-03 -2.22073674e-01  2.61716813e-01 -2.00912300e-02
  2.24572569e-01  9.28809419e-02 -1.70437440e-01  1.24551775e-02
  4.73590009e-03 -1.32770896e-01 -2.16150120e-01  1.12898625e-01
 -4.02991800e-03 -1.31342150e-02  1.04537725e-01  3.36437374e-02
 -1.76798567e-01 -2.54963666e-01 -1.15758657e-01  2.07009427e-02
  1.58735104e-02 -3.01709399e-02  3.26452516e-02  5.67707652e-03
  1.90638632e-01 -1.41131446e-01 -8.64602346e-03  8.14747363e-02
 -2.47410834e-01 -1.18188597e-01 -2.91312248e-01 -1.49015374e-02
 -1.13196090e-01  1.05859056e-01  1.67569265e-01  1.16258070e-01
  6.05056062e-02  1.98722571e-01  3.03376168e-01  2.66689714e-02
 -6.88543394e-02  5.56404367e-02 -8.47435296e-02  1.73760340e-01
 -1.77985802e-01 -1.58622235e-01 -3.92868035e-02 -1.99322537e-01
 -1.12320647e-01 -2.36142620e-01  5.97082451e-02  1.85185313e-01
  1.93582162e-01 -1.09284278e-02 -3.82652320e-02 -2.76971497e-02
 -2.94377655e-02  2.03781173e-01  5.17521314e-02 -1.50218219e-01
  1.67085797e-01 -1.02365583e-01  8.42534974e-02 -1.24723848e-03
  1.75828457e-01 -3.55641358e-02 -4.54949774e-02 -8.22381824e-02
 -2.92313695e-02 -8.25565159e-02 -1.45869866e-01  2.52452698e-02
  3.09649426e-02 -2.04784144e-02  1.08255230e-01  2.37118080e-02
  2.27926612e-01 -6.51338547e-02  2.56098192e-02  4.61915173e-02
  6.57525212e-02 -9.33618173e-02 -1.50368214e-02 -1.82633668e-01
 -2.07050279e-01 -6.72729388e-02 -2.09545255e-01  1.52284563e-01
  9.04848054e-03 -1.84891429e-02  5.64822517e-02 -9.23089101e-04
  9.10325572e-02  1.34188041e-01 -2.85448693e-02 -2.03179598e-01
 -1.14454806e-01 -3.51848057e-03  7.80087188e-02  5.49865738e-02
 -1.16023412e-02  1.49009481e-01  2.44937297e-02 -9.79270786e-02
 -2.93622818e-02  7.76228085e-02  2.77955741e-01  3.65271978e-02
 -1.96849778e-02  1.90631732e-01 -8.03351477e-02 -8.12498480e-02
  8.22020099e-02 -3.09951082e-02  1.43045783e-01  9.91809219e-02
 -1.70280561e-02 -8.49113762e-02 -2.08541274e-01 -2.60935187e-01
  1.25463605e-01  8.97309557e-02 -2.74732918e-01 -1.64757273e-03
 -9.08853784e-02 -2.06352826e-02  4.39024344e-02  1.11228526e-01
 -4.71129231e-02 -9.11744684e-02  2.52001673e-01  8.74944776e-02
 -7.81399086e-02 -4.44336236e-02 -8.04235190e-02  1.91269204e-01
 -7.45475292e-02  7.33061433e-02 -2.74453372e-01  1.17728300e-02
  6.74368814e-02 -2.60326378e-02  7.56693706e-02 -8.15147460e-02
 -1.00009158e-01  6.25055283e-02  1.09077930e-01 -6.14484865e-03
 -5.80915138e-02 -1.38233125e-01 -1.18022166e-01  1.71153650e-01
 -1.86362520e-01 -1.91218033e-02 -5.18291770e-03  8.18900466e-02
 -4.58548516e-01  2.22270284e-02 -5.24051301e-02 -1.36822537e-01
 -2.91237831e-01  1.01395734e-01 -1.15500204e-01 -1.07817024e-01
  1.12613998e-01  1.69612154e-01 -4.75779995e-02 -1.47654697e-01
  1.61700979e-01 -8.80685151e-02 -1.03480136e-02  1.88863918e-01
  1.99652836e-02 -2.09583819e-01 -9.84395891e-02  6.05365597e-02
  1.05306759e-01  3.48348320e-02 -5.74357575e-03 -2.21499756e-01
  7.73094594e-02 -2.26021800e-02  3.16247791e-01 -2.72568669e-02
 -3.84462029e-02 -8.10596943e-02  3.61688100e-02 -1.31221905e-01
 -1.70652464e-01  1.82826772e-01 -1.16903864e-01  1.51894674e-01
  3.09530675e-01  1.47770911e-01  3.84221077e-02 -2.53394485e-01
 -6.32578135e-02 -2.19499558e-01  4.43632342e-02  3.97681706e-02
 -3.86322550e-02 -1.32875875e-01  7.62632266e-02  2.15045124e-01
  5.60193360e-02 -4.52625304e-02 -3.53242038e-03  1.34136856e-01
 -2.11198196e-01 -1.87850192e-01  5.49599044e-02  2.93795079e-01
  1.61989078e-01 -1.38381466e-01  2.10250646e-01  4.17492747e-01
  7.44818375e-02 -1.21828124e-01  2.52050579e-01  2.22724080e-01
 -6.78628832e-02 -1.25518605e-01  1.94599435e-01  6.54514357e-02
  5.39733656e-02  8.66749659e-02 -2.92826686e-02  1.95604220e-01
 -2.77349412e-01 -1.04361027e-01 -2.48103529e-01 -1.73680738e-01
 -1.33256644e-01  1.66218400e-01  4.28765342e-02  1.92931704e-02
  2.45473430e-01 -1.38282046e-01  2.36174867e-01 -3.36949655e-04
  1.15046352e-02 -6.75330684e-02 -1.97335314e-02  2.94293705e-02
  3.19570750e-01  8.36993530e-02  1.36393651e-01 -8.31079707e-02
 -1.17537111e-01  8.59903395e-02 -1.14643313e-01  1.31232943e-02
  3.03871129e-02  1.17324203e-01  1.74052432e-01  1.26627252e-01
  2.01015368e-01  8.88623893e-02  5.27603142e-02 -1.53690517e-01
 -3.10263205e-02 -1.10740855e-01 -1.18989564e-01 -7.47937486e-02
 -1.74762215e-02 -9.68507901e-02  3.58175067e-03  1.79032475e-01
 -1.16474845e-01 -3.79593484e-02 -9.00129508e-03 -3.85304280e-02
 -8.23328495e-02  7.18505541e-03 -1.62869379e-01  3.48055828e-03
  3.76293249e-02 -4.18603979e-02  6.61705136e-02  3.17601189e-02
 -1.83956608e-01  1.34813920e-01  1.06392369e-01  1.27996862e-01]