http://erau.edu/ontology/meme.owl#GuitarHeroRockBandMeme
[-6.92949891e-02 -1.93788961e-01  1.00717217e-01  4.84156683e-02
 -1.78517681e-02  3.56000476e-02  1.58420742e-01 -7.62148807e-03
  9.88986641e-02 -1.18038893e-01  1.21007584e-01 -2.23212466e-02
  2.73068380e-02 -3.20677944e-02 -6.60966337e-02 -1.00045860e-01
  3.77210453e-02  1.24615900e-01  6.46073744e-02  1.20469801e-01
 -5.16831130e-02  1.30463317e-01  8.81629139e-02 -9.43192914e-02
  1.40935704e-01  1.09784035e-02 -1.28815714e-02 -4.45477553e-02
  2.85734743e-01  8.50055143e-02  1.25763312e-01  1.64447531e-01
 -1.21086533e-03 -5.44132292e-02 -3.03569864e-02  1.57726780e-01
 -1.27132917e-02  6.19415529e-02 -1.20754533e-01 -1.85198307e-01
 -6.99845999e-02  8.71993527e-02 -1.67573035e-01 -5.04753329e-02
 -1.34823006e-02  3.82314697e-02  4.50141355e-03 -5.24626113e-02
 -1.19891586e-02  1.85863895e-03  7.52260759e-02 -1.25947297e-01
 -1.54072031e-01 -1.66669697e-01 -7.27838352e-02 -1.35018170e-04
  9.39779952e-02 -1.20190285e-01  2.25817263e-01  4.52739894e-02
 -1.00487452e-02 -4.55908030e-02  1.28982976e-01  4.21717726e-02
 -1.35586113e-01 -6.51654676e-02  8.53056684e-02 -9.13610868e-03
 -4.83687297e-02 -9.20836851e-02 -7.03624859e-02  5.36259897e-02
  6.81537390e-02  1.45145683e-02  1.77658703e-02  9.11561325e-02
 -9.69192907e-02  7.28899240e-02  1.32980257e-01 -4.39991383e-03
 -2.93627605e-02 -7.52050132e-02 -7.19470084e-02 -2.46297494e-01
  6.28397167e-02 -7.41400495e-02 -5.01172878e-02  1.12451397e-01
  6.23225495e-02 -4.82532382e-02  1.31140333e-02 -2.34099999e-01
  1.14785425e-01 -8.44153464e-02 -1.22331679e-01  2.07925439e-02
  1.20430058e-02  1.77534688e-02 -1.00443745e-02  6.37204051e-02
  1.45370334e-01  4.04922813e-02  3.14106494e-01 -8.79796967e-02
 -8.52540359e-02  5.13099357e-02  7.58822411e-02  2.33908892e-02
 -2.33407300e-02 -7.48159364e-02  5.55859937e-04  3.95405702e-02
 -7.43321888e-03 -1.02283925e-01  2.03937098e-01  4.40494679e-02
 -1.82787046e-01 -1.28924623e-01  4.95595858e-02  8.46432075e-02
  9.44586396e-02 -9.81598422e-02 -9.65190083e-02  1.18824141e-02
  1.17533337e-02  1.81969106e-02 -3.07894181e-02  8.11845139e-02
  8.03049728e-02 -5.71795814e-02 -2.50129193e-01 -6.69854954e-02
  5.12190256e-03 -2.98113134e-02 -5.22236228e-02  1.46101460e-01
 -1.52916223e-01 -7.48049989e-02 -2.74682455e-02  6.92316219e-02
 -2.38675222e-01 -5.91958202e-02  1.84578508e-01  2.26450805e-02
  1.37428969e-01 -2.11707786e-01  6.30949363e-02 -1.40866354e-01
 -4.90014963e-02  1.45887002e-01 -1.64665394e-02 -1.22372456e-01
 -4.91562486e-02 -6.86907172e-02 -1.50821179e-01  2.20205169e-02
 -1.10817127e-01  2.38226458e-01  1.56687442e-02 -1.63184583e-01
  8.92404839e-02 -8.68459418e-02 -3.10763717e-02 -5.43656712e-03
 -2.71005154e-01 -2.09096730e-01 -3.15919183e-02  2.00790703e-01
 -1.74876541e-01  1.86779320e-01 -3.11613325e-02  2.03370228e-01
  2.82526463e-01  1.11348629e-01 -8.48193392e-02 -3.38610746e-02
 -3.03570312e-02  1.32754678e-03  1.73475772e-01 -1.17132533e-02
 -9.80711579e-02  2.90900785e-02  4.31423672e-02  1.05878059e-02
 -6.53371066e-02 -5.28666340e-02  2.08620578e-02  6.21272027e-02
  1.24058969e-01 -1.23619057e-01 -1.91444550e-02 -4.06670459e-02
 -9.13047865e-02 -1.07083350e-01 -1.76480580e-02  4.28061262e-02
  8.78609717e-03  1.89513385e-01  4.54930309e-03  1.99076198e-02
  2.69895848e-02 -2.08649486e-02  5.29935323e-02  6.27973825e-02
 -9.19190273e-02 -1.75369188e-01 -9.55494959e-03  1.52148455e-02
  1.38680100e-01  1.46906659e-01  1.75165325e-01  7.39841582e-03
  3.43655981e-02 -6.07493035e-02  3.14825475e-02  3.07529215e-02
 -2.93764900e-02 -7.77196512e-02  1.06552541e-01  1.23774692e-01
  1.62085086e-01  7.54668564e-02 -9.91992578e-02  2.23063063e-02
  1.81875359e-02 -8.07775930e-02 -8.56247321e-02  4.41946648e-03
 -5.69228195e-02 -6.21251091e-02 -6.91090077e-02 -8.87213126e-02
 -4.44903336e-02 -1.40443802e-01 -2.39227191e-02  6.60308674e-02
 -3.78840901e-02 -2.06764236e-01  7.58311898e-02 -7.12385997e-02
 -1.82590522e-02  1.21648768e-02  3.37874293e-02 -1.14407216e-03
 -1.58055276e-01 -1.77846402e-02 -1.26520187e-01 -7.66363591e-02
 -1.32276803e-01  3.98386642e-02  1.24812454e-01 -1.17701888e-02
  1.98180839e-01 -8.60787109e-02  1.76323369e-01  4.32243571e-02
 -1.05461270e-01  1.24503806e-01 -1.10115834e-01  5.43013327e-02
 -1.97669774e-01 -1.79084986e-01 -5.12221679e-02 -1.94135934e-01
 -1.41930887e-02 -1.25649825e-01  1.65311709e-01  5.99655323e-04
  1.27978578e-01 -5.82262650e-02 -1.75135825e-02 -5.83375432e-02
  3.17755602e-02 -3.34965922e-02  1.15060396e-01 -7.69624561e-02
  5.84715270e-02  1.60913616e-02 -9.72382575e-02 -5.68652414e-02
  1.11721821e-01  7.72296786e-02 -4.13607955e-02 -5.01142442e-02
 -6.05937988e-02  2.40051467e-02 -1.34179994e-01 -4.01585139e-02
 -6.81039393e-02 -3.53621654e-02  8.26148093e-02 -1.10974915e-01
  8.81216452e-02 -5.09392237e-03  7.98311979e-02  1.85666047e-02
  1.71108693e-01  3.44401971e-02 -8.01776573e-02 -8.37289914e-02
 -1.48403734e-01 -1.01078209e-02  4.74681705e-02  8.22020471e-02
  4.71531227e-02  1.91317161e-03  1.47959128e-01 -6.74406216e-02
  9.45174173e-02  1.38057619e-02  1.36071980e-01 -2.20853359e-01
 -2.31301729e-02 -5.50305247e-02 -5.29480055e-02 -3.56323458e-02
 -4.23959643e-02  4.44774516e-02 -2.49274522e-02 -6.76729307e-02
  6.40610084e-02 -1.51762053e-01  1.40725747e-01  2.24132046e-01
 -4.79684444e-03  2.56654620e-02 -7.84543455e-02 -1.00225657e-01
  1.72227263e-01 -1.95800234e-02 -4.65851016e-02 -8.48109573e-02
  1.07090019e-01 -1.02377534e-01  1.71534363e-02 -1.64573133e-01
  1.17509089e-01  1.33221358e-01 -4.78886621e-04  1.19141109e-01
 -5.15537634e-02  7.30213523e-02 -2.72286814e-02  8.49575642e-03
 -1.21999823e-01  4.70967218e-02 -7.11543784e-02  1.40778676e-01
 -1.07005112e-01 -1.00189708e-01 -1.85236894e-02  1.55859748e-02
 -1.85878038e-01  1.04840472e-01 -2.27267608e-01  7.64846802e-02
 -2.65313387e-02 -8.18727911e-03  2.23857701e-01 -2.45245118e-02
 -6.04423136e-02  1.66234225e-01 -6.83531538e-02 -6.39137104e-02
  7.49133676e-02 -6.28855228e-02 -2.41245832e-02  1.50747836e-01
  3.94025706e-02  4.12973650e-02 -1.41135931e-01 -2.14523375e-02
 -1.97644696e-01 -1.00785745e-02 -4.90245549e-03 -7.32085481e-02
  1.35350469e-02 -8.93460959e-03  2.46958435e-02 -1.21199407e-01
  7.94240013e-02  1.76199153e-01 -1.30753800e-01 -4.38460968e-02
  1.34668976e-01 -1.39151171e-01 -1.00487873e-01  2.68219829e-01
 -1.43791258e-01 -4.65924554e-02 -9.11155716e-03  1.47052929e-01
 -1.40836328e-01  2.31762916e-01  2.41366941e-02 -2.55247653e-01
  1.89812168e-01  1.81184020e-02  2.63079107e-01 -1.55870050e-01
 -1.70968458e-01 -2.56954253e-01  4.53695022e-02 -1.20760709e-01
 -3.47975269e-02 -7.71092027e-02 -1.02125816e-01  2.98490703e-01
  1.27980202e-01 -1.71249304e-02  2.42621273e-01 -1.19685121e-01
 -2.19529450e-01 -1.03408575e-01 -8.76200944e-02  1.29034564e-01
 -8.21235850e-02 -2.36312244e-02  4.68975119e-02 -7.90152047e-03
  2.09718421e-01 -3.79826277e-02 -1.26234025e-01  4.03719693e-02
 -2.48555304e-03 -1.90717012e-01 -6.91157132e-02 -7.57590830e-02
  1.68696806e-01 -2.34015789e-02  1.24784864e-01  1.62593171e-01
  1.52174577e-01 -3.92302796e-02  1.30642280e-01  1.79396033e-01
  8.10477436e-02 -1.77681908e-01 -4.99439873e-02  1.44851595e-01
  5.19239083e-02  1.42139539e-01 -4.14389707e-02  2.75268883e-01
 -2.53573030e-01 -2.11716425e-02 -1.07511647e-01 -5.00228107e-02
 -8.03581718e-03  5.02870698e-03  2.86255237e-02  3.16040181e-02
  1.55784860e-01 -7.64541626e-02  1.05450556e-01  7.99651295e-02
  1.07983164e-01 -2.54480429e-02  7.64832720e-02 -3.35061084e-03
  1.85129091e-01  9.60216001e-02  9.34017897e-02 -1.37251794e-01
  5.33419661e-02  1.39735952e-01  7.79979397e-03 -1.88827023e-01
 -2.09260620e-02 -6.24248583e-04  1.00274414e-01  6.97058684e-04
  7.66959339e-02  5.92786223e-02 -7.00638667e-02 -2.02419162e-01
  8.52192044e-02 -2.29257658e-01  2.28674933e-02  1.59504920e-01
  2.62869988e-02  6.29850700e-02 -4.26664241e-02  1.56632572e-01
 -1.86449796e-01 -1.59786522e-01 -6.53057471e-02  4.29123491e-02
  6.79914877e-02  7.67829865e-02  2.71539167e-02  2.60302518e-02
  2.83911824e-02  1.14820242e-01  1.28315523e-01  6.98076412e-02
  1.02613084e-01 -7.88921118e-02  5.58498278e-02  7.16711432e-02]