http://erau.edu/ontology/meme.owl#BuckBumbleThemeSongMeme
[-2.93484982e-03 -9.87919122e-02  1.85030811e-02  2.87057701e-02
  7.06740376e-03  1.39094487e-01  5.02174795e-02 -4.72155912e-03
 -4.64633433e-03 -1.08156584e-01  5.46565503e-02 -4.61349497e-03
 -6.17517382e-02  5.61239198e-02 -3.87867987e-02 -7.20286146e-02
  1.95805728e-01  7.74209574e-02  8.08352083e-02  9.03399214e-02
 -3.26223999e-01  4.98571061e-02  2.14156061e-01 -2.17196643e-02
  6.25138506e-02 -1.14788838e-01 -1.69064224e-01 -5.29025011e-02
  2.58840770e-01  1.12051733e-01  6.84235618e-02  2.14182198e-01
  7.83150643e-02 -1.79884106e-01  4.50599939e-02  2.06752554e-01
  7.43278265e-02  2.16397550e-02 -2.49860790e-02 -1.31020635e-01
 -9.18603595e-03  2.40466744e-01 -1.06588908e-01 -2.12557055e-02
  1.60170346e-01 -1.02372533e-02  8.61971602e-02 -9.03715938e-03
 -4.56111357e-02  1.35315180e-01 -2.22457293e-02  3.67347803e-03
 -9.83796120e-02 -7.31637934e-03 -4.38032001e-02 -7.61162415e-02
  1.81572527e-01  2.50318665e-02  1.38185486e-01  5.24236932e-02
 -6.38827262e-03 -1.54493703e-02  2.60909479e-02  6.62717819e-02
 -5.95804565e-02 -2.74265162e-03  3.35227437e-02 -1.28177792e-01
 -8.48994777e-02  4.89703938e-03 -6.85718060e-02  6.68920279e-02
  6.91413134e-02  1.28770947e-01  3.20260897e-02  9.96670648e-02
  1.01405673e-01  3.03538796e-02  1.04820266e-01  1.75168905e-02
 -1.44572988e-01 -1.61173075e-01  4.79440391e-03 -2.61890646e-02
  1.37905600e-02 -1.33247986e-01 -4.58289497e-02 -1.06305197e-04
  7.52491280e-02 -9.80735123e-02  3.50034647e-02 -2.57228434e-01
 -5.09487242e-02 -7.44703040e-02 -4.87893149e-02  1.92645207e-01
 -1.91028491e-01 -1.94763988e-01 -1.39916856e-02 -5.57193123e-02
  9.48271826e-02  6.12510294e-02  9.05065835e-02 -8.38527158e-02
 -1.01367995e-01  3.53316292e-02  5.93786202e-02 -1.38553642e-02
  1.34828806e-01 -6.36527091e-02  5.53263202e-02 -5.86384581e-03
 -1.02101028e-01  1.84252039e-02  6.78834915e-02  1.47069827e-01
 -6.90737292e-02 -1.79918811e-01  1.41433954e-01  1.11310985e-02
  4.84692901e-02  9.43655428e-03 -1.21235251e-01 -1.43367629e-02
 -9.89065785e-03 -1.28902927e-01  1.01184398e-01  7.29162432e-03
 -1.46704745e-02 -5.07214060e-03 -1.14579260e-01 -1.01980448e-01
 -1.70843855e-01 -1.37707945e-02  2.68377247e-03  1.74881414e-01
 -8.52933154e-02 -1.15067251e-01 -4.19207253e-02  6.07345477e-02
 -1.67491913e-01 -7.38004223e-02  7.88846612e-02  1.37244582e-01
  3.44828553e-02 -1.70575351e-01  9.38096419e-02 -1.03898436e-01
 -2.06015795e-01  1.16613619e-02 -6.54313266e-02 -1.46227494e-01
 -1.45089537e-01 -4.14688922e-02  5.73142394e-02  8.76757354e-02
 -3.87427025e-02  1.43540189e-01  5.29825278e-02 -1.18856169e-01
  1.03078939e-01 -7.04845339e-02  5.50023392e-02 -1.24425173e-01
 -1.91335082e-01  4.11627907e-03  8.96059722e-02  5.32442816e-02
 -1.71855718e-01  9.43695754e-02 -1.17153227e-01  7.39321113e-02
  1.41245320e-01  2.78473254e-02  6.32070610e-03 -2.21036803e-02
 -1.01437330e-01 -6.92718104e-02 -2.00167969e-02  2.14959644e-02
 -7.01637492e-02  1.95959024e-02 -1.81359481e-02  6.22540526e-02
 -2.33852074e-01 -1.22860663e-01 -5.33653162e-02  6.19766861e-02
  1.79474190e-01 -2.60714516e-02  8.51484835e-02 -6.53416663e-02
 -1.32286280e-01 -1.33547142e-01  1.06728906e-02 -6.23547994e-02
 -3.44431102e-02  2.09555421e-02 -2.35962540e-01 -7.25613609e-02
  2.61137467e-02  1.29249647e-01  6.37268797e-02  1.09254725e-01
 -4.91940342e-02 -4.02008533e-01  2.83356551e-02 -1.34135708e-01
  1.38160631e-01  1.09775074e-01  3.83082241e-01  1.72233030e-01
  3.20356414e-02 -4.10535075e-02  4.80514839e-02  4.72013168e-02
  7.07580373e-02 -1.53783768e-01  2.49819029e-02  1.63691282e-01
  1.32092461e-01  1.43256739e-01 -5.20325778e-03  1.36984676e-01
  7.74616376e-02  5.82568869e-02 -3.59088331e-02 -8.24855268e-02
 -1.10993341e-01 -5.43030724e-02  8.28635618e-02  7.96200484e-02
  1.74731656e-03 -1.08149216e-01  4.33662813e-03  1.05406724e-01
 -3.71416472e-02  1.04043052e-01  1.16148852e-01  1.61135390e-01
 -6.24885634e-02 -3.52061749e-03  4.53718789e-02 -1.11065954e-02
 -2.68940806e-01  5.70298918e-03 -1.22075170e-01  1.34791926e-01
 -2.95538157e-02  1.00828269e-02  2.93845963e-02  1.27408775e-02
 -2.88093053e-02  1.82561241e-02  6.40581623e-02  3.56779844e-02
 -2.20642820e-01 -7.66050816e-02  1.06287390e-01 -6.09986484e-02
 -3.04243863e-02 -5.30027524e-02  1.73853524e-02 -7.32734650e-02
 -3.78603451e-02 -1.26336947e-01 -2.73961760e-02  1.10275857e-01
  9.42652375e-02 -1.51978835e-01 -2.67482419e-02 -2.14512218e-02
 -3.06563713e-02 -1.52994478e-02  7.17123300e-02 -1.30292922e-01
 -3.32715437e-02  6.85032681e-02 -1.10008558e-02  1.30254645e-02
  3.41834836e-02  7.58042037e-02 -8.54089782e-02 -2.76517905e-02
 -1.40576109e-01 -1.46189824e-01 -1.29407123e-01  6.00424223e-02
  9.58043560e-02 -1.47668421e-01  4.55531813e-02 -7.88946301e-02
 -1.27414078e-01 -5.09209149e-02 -1.69047695e-02 -1.72891449e-02
  1.11448444e-01 -5.55158500e-03  8.52986500e-02 -4.63678129e-02
 -1.20536029e-01  9.16290209e-02  5.13210632e-02 -5.06598763e-02
 -6.53811768e-02  3.12593430e-02  1.19220488e-01  6.30821809e-02
 -1.33743003e-01 -8.17191176e-06  1.20122716e-01 -1.73644021e-01
 -2.14596540e-02  6.27574325e-02 -1.17849886e-01 -6.86722342e-03
 -9.78280604e-03 -1.85539573e-02  1.35274038e-01 -2.87106652e-02
 -3.55806686e-02  1.81519985e-02 -3.48106772e-02  7.84531012e-02
  1.26881218e-02  1.27439857e-01 -1.82756856e-01  1.79262280e-01
 -3.92484479e-02 -3.95470634e-02 -1.24432435e-02 -7.63800293e-02
  3.06026656e-02 -1.01868838e-01  1.04657200e-03 -9.26926732e-02
  1.25235636e-02  8.52832943e-02 -7.91596994e-03  8.06421712e-02
  9.45355520e-02  7.45838284e-02 -2.32336491e-01 -1.25092193e-01
 -6.05409965e-03  1.25589207e-01 -1.12549730e-01 -4.95180301e-02
  8.02146047e-02 -8.21627453e-02  4.38991468e-03  6.65839985e-02
  1.63155142e-02  1.80987462e-01 -8.43950361e-02 -8.68729725e-02
  4.30294462e-02 -1.08109139e-01  3.08160484e-02 -1.18004031e-01
 -7.81036168e-02  9.08978209e-02  1.45541839e-02  6.16542064e-03
  1.33240551e-01 -1.44904464e-01 -1.65481314e-01 -1.19251326e-01
 -2.69187111e-02 -3.44792046e-02  2.43756678e-02 -4.64405566e-02
 -2.49915749e-01  2.06555098e-01 -2.79372949e-02  1.37319658e-02
 -2.13551700e-01  7.51800984e-02 -2.95901671e-02 -3.16009037e-02
  1.24095611e-01  2.43921384e-01 -1.54854462e-01 -1.73182651e-01
  1.05137542e-01 -1.81028381e-01 -1.52978957e-01  1.57125726e-01
 -5.92546500e-02 -1.22807696e-01  4.78233211e-02  9.51600969e-02
 -8.05729628e-02  3.40925694e-01 -5.07287383e-02 -1.66300043e-01
 -1.87282190e-02  4.48867343e-02  5.68969071e-01 -1.42315403e-01
 -1.03456311e-01 -1.86129600e-01  2.13082135e-02 -2.34189048e-01
 -2.55704284e-01  4.45828475e-02  6.89551160e-02  2.89729923e-01
  1.46705985e-01  2.15251483e-02  2.01132119e-01 -1.58838909e-02
 -6.86521456e-02 -8.34225863e-02  2.42974404e-02  7.28553459e-02
 -1.22962780e-01  2.88646109e-02 -6.63269758e-02  1.90939717e-02
  1.81358621e-01  4.53058518e-02 -9.30272266e-02 -9.89463180e-02
  1.38301656e-01 -1.81184515e-01  9.25228745e-03  2.93322206e-01
  3.76759842e-02 -1.01588324e-01  1.83378786e-01  1.93000987e-01
  6.44460469e-02 -7.46150687e-02  1.34333506e-01  2.26786181e-01
 -3.51689383e-02 -2.06110746e-01 -7.15943873e-02  2.27768704e-01
  8.67777038e-03 -2.30403934e-02 -9.73546356e-02  1.08535208e-01
 -1.09371543e-01 -5.22986799e-02 -2.15240955e-01 -1.91797063e-01
 -1.05619252e-01 -2.59596501e-02  1.27492532e-01  6.44774958e-02
  1.39447406e-01  3.76905315e-02  2.33098075e-01  9.35156923e-03
  1.20888874e-01 -3.13838273e-02 -7.68493339e-02 -9.22389627e-02
  1.45720869e-01  5.36909364e-02  1.07614949e-01  4.60466817e-02
  8.15945789e-02 -4.25680354e-03  1.88143849e-02 -1.24551050e-01
  8.13525394e-02  1.15291379e-01  1.62757844e-01  2.10857037e-02
  1.37756392e-01  1.17331274e-01  1.77891105e-02 -1.65081114e-01
  1.63623795e-01 -1.13439448e-01 -1.87229112e-01  8.10661092e-02
 -6.70815781e-02 -1.99375004e-02  1.20578818e-01  1.44589156e-01
 -4.07544822e-02 -6.95751682e-02 -2.66469326e-02 -6.40674680e-02
  1.24489732e-01 -5.29967099e-02 -1.56918570e-01 -7.17006549e-02
 -3.09630800e-02 -1.57840103e-01  5.21354862e-02 -1.43971257e-02
  9.08770114e-02 -2.02020332e-01  1.68163940e-01  1.97254084e-02]