http://erau.edu/ontology/meme.owl#StawpitRahnMeme
[-0.05079028 -0.14898816 -0.01701006 -0.00990358 -0.05903961  0.09324344
  0.04831044  0.03792774  0.09362863  0.02581798  0.09679914 -0.10001365
 -0.00225404 -0.04143303 -0.07135358  0.00429312  0.11361388  0.00189147
  0.03535078  0.04447632 -0.10016816  0.00662207  0.10479985 -0.16544454
  0.21275942 -0.08850301 -0.01248908 -0.08835552  0.12111702  0.14815159
  0.05801269  0.05781713  0.01680312 -0.07791329  0.01220317  0.15901163
  0.05800318  0.10299229 -0.09649641 -0.04392517  0.05405279  0.18872584
 -0.18468133 -0.04277201  0.09764752  0.08594204 -0.00803618 -0.03794882
 -0.00700012 -0.0249552   0.00884935  0.06074746 -0.01794087 -0.15531479
 -0.1775346  -0.02340003  0.00938932 -0.06427236  0.26548365  0.05635852
  0.04625523 -0.04973324  0.09137266  0.11824264 -0.04437673  0.01909891
  0.05248085  0.02274801 -0.11619537 -0.0779615  -0.17627321  0.01860191
  0.19348618  0.09442554  0.0010798   0.14624721 -0.07350926  0.02140946
  0.02088139 -0.00189604 -0.09477612 -0.18639298 -0.07758706 -0.11670041
  0.06514032 -0.14742185 -0.0833181  -0.07075541 -0.01397861 -0.06794173
  0.08858576 -0.0989343   0.12005059  0.02608134 -0.09140074  0.17969586
  0.01824478 -0.02807163 -0.08470979 -0.04457674  0.06711197 -0.04445256
  0.19565581 -0.09985604 -0.04065939  0.07148337 -0.04234665 -0.05641172
 -0.0609812  -0.02390798 -0.04010547  0.0739899   0.01666939 -0.13376795
 -0.00479427 -0.00960253 -0.23407093 -0.10154586 -0.00384593  0.12552546
 -0.10563893  0.08440308 -0.05987157  0.12630185  0.11214062 -0.12566246
  0.05313673 -0.0541313  -0.05339051  0.04776509 -0.12950264 -0.01562179
  0.0991926   0.02772295 -0.11765806  0.05225681  0.05979845  0.01383458
 -0.17706259  0.06828966 -0.21447764  0.0126545   0.02225864  0.05540095
  0.10494682 -0.22270945  0.03157163 -0.086951   -0.03647352  0.03694198
  0.00278378 -0.05561488 -0.04179781  0.01878412  0.04739217  0.1149777
 -0.12033615  0.04485231  0.0526496  -0.11535721  0.0569039  -0.00620192
  0.104444   -0.05982944 -0.12399253 -0.0617638   0.06413365  0.15464956
 -0.24137214  0.06663167  0.06383546  0.13090879  0.04236428  0.07733609
  0.00829579 -0.00383245 -0.10687502 -0.10150927  0.04114972  0.00649154
 -0.11845358  0.16807123 -0.03764739 -0.00251799 -0.03979799  0.05672247
  0.03456925 -0.01433166  0.12699787 -0.05283001  0.1696258   0.00847359
 -0.2300661  -0.09659327 -0.00480382 -0.0061892   0.01577879  0.1380819
  0.02245448 -0.08942907 -0.05770924  0.01156868  0.05033119 -0.08990362
 -0.06261751 -0.2885525   0.00550938 -0.12241665  0.02193657  0.09667098
  0.1614605   0.10072172 -0.11269095 -0.06768987  0.06231344  0.03730394
 -0.18135901 -0.09044616  0.21574691  0.01714729  0.05344818  0.05011583
 -0.15789194  0.06858088  0.0327104   0.06207132 -0.2468616   0.03211289
 -0.05113704  0.06801809  0.11942771  0.04040688 -0.08674175 -0.17245205
 -0.07806384 -0.02410422 -0.10014282 -0.14067717 -0.00455924 -0.02603337
 -0.05313715 -0.08433941  0.01428455 -0.00105935 -0.22849195 -0.08054136
 -0.15738319 -0.02681395 -0.04922847  0.06460072  0.12674797 -0.00309386
  0.06590896  0.17530142  0.10936259 -0.07348225 -0.1636028  -0.09033011
  0.07576184  0.06333291 -0.08121292 -0.10782193  0.01339031 -0.19211355
 -0.03967454 -0.2387576  -0.17234859  0.01072054  0.1369367  -0.1463307
 -0.05419735 -0.11872066 -0.03486189  0.07207108  0.05112491  0.03648106
 -0.02954469 -0.14134407 -0.03855603  0.10641006  0.18376905  0.0156587
 -0.04636552 -0.14219083 -0.24068984  0.03437434 -0.01032174 -0.02972318
  0.01627853 -0.02842021  0.07305653 -0.25343743  0.01700171 -0.1080055
 -0.01489637 -0.03494675  0.09765591 -0.10125614 -0.09998891 -0.11304233
 -0.27724874  0.08542819 -0.00900614  0.03190308  0.04065274 -0.1032835
  0.07049106 -0.06636982 -0.12091561  0.16287567  0.27579838 -0.15634575
 -0.1047762   0.08606954  0.05816565  0.09695899 -0.04290862 -0.00286809
  0.05765336 -0.01255034  0.00797779 -0.07891974  0.19883355  0.06635015
 -0.0451115   0.02486891 -0.03532607  0.01465375 -0.04073323 -0.00182726
  0.08792432  0.09202046 -0.1146742  -0.13524051 -0.08976802 -0.18794928
  0.11529087  0.08461566 -0.06628901 -0.05135633  0.03137144  0.01425207
 -0.02385741 -0.0250608  -0.0740372  -0.05454499 -0.03447208  0.09726895
 -0.00534622 -0.09636267 -0.02937653 -0.03022185  0.00119106  0.13228561
 -0.13727306  0.1055558   0.00614615 -0.05640334  0.192526   -0.13909832
 -0.09154719  0.05072151 -0.0323897  -0.0494995  -0.10309792  0.07194617
 -0.17101708  0.03151863 -0.09437951 -0.01189306  0.09680148  0.03213714
 -0.29548514  0.15438886  0.06361569 -0.10411394 -0.18721262  0.04702177
 -0.13959794 -0.01212033  0.04812621  0.05779009 -0.10419007 -0.0474096
  0.04438156 -0.06544073 -0.01023363  0.10069922 -0.05493384 -0.15190113
 -0.00584086 -0.00778369  0.01904495  0.1267386  -0.1527837  -0.05841446
  0.05771073  0.14029871  0.07874589 -0.04374348 -0.03241146 -0.10713369
 -0.03802561 -0.23530418 -0.07309265  0.09454312 -0.01056105  0.21364844
  0.1579331   0.12135336 -0.00852873 -0.18395504 -0.09839005 -0.05337378
 -0.0513547   0.0228749  -0.06491828 -0.07951226 -0.03757558  0.0701417
  0.08007398  0.063625   -0.10547477  0.04148616 -0.04653356 -0.11847688
  0.00244144  0.23036131  0.00373631 -0.04214423  0.01726348  0.1460565
  0.00063098 -0.16708691  0.23544611  0.14051811  0.0530226  -0.00635753
  0.10653578  0.0335617   0.07914674  0.00655674 -0.05653021  0.18018492
 -0.03262519  0.00199276 -0.12941922 -0.1708462  -0.05467051  0.03298612
  0.07235189  0.15395807  0.02839466 -0.05263208  0.27027032  0.00633782
  0.07571776  0.02282981  0.05011657 -0.02373984  0.16259174  0.06852421
  0.12289603 -0.01305725 -0.08499357  0.02598348  0.02113841 -0.03965296
 -0.02329122  0.08556613  0.20765792  0.08257805  0.22876875  0.10699043
  0.10242843 -0.0675559   0.13649979 -0.01871344 -0.06138412  0.07415833
 -0.03977856 -0.014165   -0.11171212  0.2050374  -0.03633342 -0.12162603
 -0.05295835  0.0249554  -0.02457637  0.02748629 -0.17652549 -0.07118596
  0.08826915  0.0053279  -0.00514246  0.0275921  -0.0107611  -0.04731241
  0.06913345 -0.01188526]