http://erau.edu/ontology/meme.owl#PrehistoricDinosaurMeme
[-0.16795968 -0.17274565  0.05312369 -0.05830844 -0.07463642  0.01999118
  0.24817833  0.04354022 -0.0348995  -0.11219469  0.16026005 -0.15370329
  0.06352557 -0.09571485 -0.04673838  0.04194141  0.00058081  0.17690921
 -0.01513358  0.04634148 -0.20724373  0.09867406  0.18811607 -0.13247386
 -0.01826517  0.03550291  0.11270251 -0.2241632   0.20975506  0.00345924
 -0.04341162  0.07672491 -0.00734397 -0.144994   -0.07554896  0.24454796
 -0.09675631  0.19189525  0.07120933 -0.19188337  0.04664797  0.23303066
 -0.20919797 -0.13634099  0.04876273  0.04656236  0.04830093  0.11085623
  0.01700858  0.03923024  0.03975061 -0.08952574 -0.07811422 -0.05608991
 -0.13886072 -0.19214967  0.07862592 -0.08152802  0.13350716  0.1364225
 -0.13524702 -0.10509773  0.22401193  0.01177267 -0.13088731 -0.09478622
  0.00049983 -0.04016911 -0.02809568 -0.22611105 -0.07099631  0.18727486
  0.16778836  0.10847406  0.01383441  0.18386298 -0.08612105  0.07613198
  0.2413641   0.06718548 -0.0763088  -0.09797786 -0.07084085 -0.23956944
  0.03026168 -0.15597503  0.05274629  0.05924171  0.01873635  0.03312147
 -0.08916345 -0.2539824   0.20982845 -0.1444139  -0.10099337  0.05711397
  0.07711764  0.04445086  0.03306472 -0.14641508  0.10855013  0.00207831
  0.31604165 -0.16713065  0.09426779 -0.08909558  0.25243032 -0.02835634
  0.03942908 -0.02484764 -0.02024932  0.05749354 -0.25999358 -0.0902495
  0.08692834  0.12074283 -0.28399232 -0.35633734  0.10983963  0.12673792
 -0.02722912 -0.07733881 -0.07304036  0.08439604 -0.01423528 -0.13003366
 -0.05459699 -0.04024748  0.01639181  0.0522727  -0.2027448  -0.03176688
  0.03214516  0.05050602 -0.08368206  0.04112556 -0.03953661 -0.09976072
 -0.0812485   0.08534679 -0.21424304  0.02065976  0.00725353  0.10012258
  0.18643938 -0.20871747  0.05168249 -0.11796416  0.02299298  0.20939155
  0.03502176 -0.14470758  0.02749588 -0.06136495 -0.14057949  0.00049115
 -0.23281394  0.17014214  0.05120967 -0.12956706 -0.01092624 -0.12841432
 -0.04641415 -0.10468752 -0.13862672 -0.31749037 -0.12260901  0.05017439
 -0.3096379   0.06806248  0.04706142  0.11453752  0.22470883  0.1580352
  0.13244385 -0.05410701 -0.13990232  0.01384175  0.09424359 -0.05350171
 -0.10156959  0.11592216  0.07696784 -0.02923318 -0.16073066  0.07959616
  0.07915296  0.02534526  0.2942053  -0.04962264  0.01900007 -0.06295846
 -0.31818524 -0.0396558  -0.16052562  0.1240179  -0.00083276  0.19972864
 -0.28989187 -0.04408773 -0.01576461 -0.01706574  0.10263228 -0.14390202
 -0.05499016 -0.19747917  0.00171685  0.00156755  0.10453831  0.13015077
  0.19795376  0.12079937 -0.04244474 -0.07218807  0.06450047 -0.00462077
 -0.07861722 -0.02582075  0.07795776  0.20493226  0.335479    0.19233488
 -0.14152151  0.02287503 -0.13555597 -0.05058927 -0.20600449 -0.10326666
  0.07308868 -0.07603429  0.06565237  0.01230373 -0.12843317  0.02284777
 -0.00360429  0.08666963 -0.13413817 -0.00691559  0.10242397 -0.1370485
  0.00750892 -0.08377212  0.00808966 -0.08089194 -0.21479163 -0.02145221
 -0.16186559 -0.08188216 -0.19103731  0.07940388  0.06985096 -0.03282897
  0.22200774  0.09041471  0.19222404 -0.00551151 -0.10310227 -0.09868675
  0.02696876 -0.02805732 -0.06513855 -0.20012249 -0.05832921 -0.00306522
 -0.06999195 -0.27388284 -0.01434437 -0.01712073  0.17988071 -0.14682892
  0.01605573 -0.11361592 -0.04014368  0.12518169  0.25259295 -0.13960227
  0.1804995  -0.05881282 -0.1308322   0.08113685  0.08188328  0.05338915
 -0.06874775 -0.15665904 -0.22335586  0.07839812 -0.10584837 -0.03614878
 -0.0630693  -0.2212575   0.09127078 -0.11581388  0.02952972 -0.21059585
  0.08739414  0.03958465  0.08117588  0.03526914 -0.12614481 -0.19400825
 -0.26734886  0.00536367 -0.02238522  0.05157921 -0.08454589 -0.11818668
  0.27411664 -0.06945209  0.03538657  0.10470362  0.21427076 -0.26335523
  0.08930002  0.14516462 -0.04051821  0.04722    -0.06533234 -0.00836965
  0.11705392 -0.06888536  0.08829945 -0.27343217  0.19683945  0.13859063
 -0.00871283  0.06657969 -0.2079168  -0.05609362  0.20064251 -0.12778068
  0.05413673  0.0933976   0.05377677 -0.02768624 -0.10025751 -0.23228559
  0.10752255  0.06385795 -0.05209937  0.12829387  0.08560937  0.07020762
 -0.03662537  0.04326487 -0.03996611  0.01559638 -0.1298092   0.1195516
  0.03137333 -0.17253748 -0.03678614 -0.01169532 -0.14262898  0.15738523
 -0.17218181  0.07057125 -0.11020176 -0.15491931  0.21083464  0.06421051
 -0.15164688  0.07012116  0.00391618 -0.04952922  0.05245101 -0.11104863
 -0.06600287  0.05205009 -0.05264857  0.12854171 -0.00458306  0.07588178
 -0.10217191 -0.04496147  0.05513339 -0.10667733 -0.1654131   0.03439477
 -0.0329962   0.00874895  0.03035781  0.13898686 -0.05059044 -0.02091365
  0.16922396 -0.0407315  -0.12792005  0.12687525 -0.07208734  0.01771683
 -0.15107195  0.20030792 -0.02217345  0.18956533 -0.12029532 -0.2860398
 -0.03647743  0.00787546  0.1302298   0.04691813  0.05456078 -0.16835451
  0.06797307 -0.1705372  -0.01733858 -0.09524481 -0.00697522  0.05961124
  0.11148715  0.13662419  0.16019018 -0.17056878 -0.2102465  -0.11845518
  0.00557824 -0.0102051   0.01321156 -0.01975525  0.05045737  0.07056981
  0.00297404  0.01415134 -0.0269829   0.06652098  0.01525985 -0.05006713
 -0.06010885 -0.06537829  0.02776797 -0.07168338 -0.01718438  0.12855317
  0.04074301 -0.07783669  0.17108864  0.1037252  -0.00915237 -0.04884052
  0.04280701  0.14064485  0.08051959  0.18602875 -0.12229054  0.26162213
 -0.28180057 -0.00215974 -0.1578951  -0.16093485 -0.02464629  0.08340076
  0.07473828  0.11380727  0.09397951 -0.07733371  0.29179943  0.11346417
  0.04643049  0.02864214  0.09663367 -0.00605311  0.23297094  0.09308979
  0.12088174 -0.25832    -0.13498291  0.21388455 -0.07325818 -0.2325143
 -0.02552397  0.00336326  0.22510234 -0.0613872   0.3504397   0.15675709
  0.00066358 -0.15850808  0.13686556 -0.20851718  0.04775007  0.11689154
  0.0255522   0.13050918 -0.22304605  0.37314555 -0.06048848 -0.2436386
  0.1082986  -0.04307655  0.0732755   0.13872096  0.03310326  0.089049
  0.09972544  0.11949632  0.04587813  0.00390657  0.07028502  0.03920228
  0.00543127  0.16724731]