http://erau.edu/ontology/meme.owl#OMyRubberNenMeme
[-1.94908142e-01 -1.32181317e-01  9.03804749e-02  1.06033430e-01
 -6.75058812e-02  9.40394402e-02  1.87653378e-01  6.30739480e-02
  6.68629929e-02 -9.33568403e-02  1.33956239e-01 -6.35788217e-03
  2.21213531e-02  4.64091413e-02 -5.24898544e-02  7.28206933e-02
  1.52658582e-01  1.20730869e-01  1.29220456e-01  8.19944516e-02
 -2.24806160e-01  1.97138488e-02  1.21770702e-01 -9.79291499e-02
  1.91985413e-01 -1.74246773e-01 -9.59814191e-02 -1.20830588e-01
  3.55712861e-01  3.07423055e-01  1.63188338e-01  1.14006966e-01
  7.41531029e-02 -1.26789913e-01  4.13805665e-03  2.02343956e-01
 -7.35549033e-02  4.34606411e-02 -3.68909612e-02 -1.31508216e-01
  4.18334343e-02  2.46894389e-01 -2.00894207e-01  1.00188576e-01
  1.15428150e-01  3.61359790e-02 -9.66051593e-02 -7.93492571e-02
  1.80540327e-02  2.04800628e-03  6.59634992e-02  7.38080451e-03
 -1.06202461e-01 -1.88611731e-01 -1.41644150e-01  3.52087244e-02
  1.62818730e-01 -1.15233287e-01  1.83799446e-01  1.78123221e-01
  7.36119449e-02 -3.68814096e-02  1.95449024e-01  6.40731752e-02
 -1.05808191e-01 -1.61747728e-03  5.89516908e-02  5.76408431e-02
 -1.23110205e-01 -7.69571289e-02 -1.87240884e-01  4.17536460e-02
  6.81604818e-02 -6.64181029e-03  5.56434132e-02  4.14813459e-02
 -6.45160526e-02  9.64993984e-02  6.49437010e-02  3.25283110e-02
 -3.79016437e-02  3.40028182e-02  1.03871925e-02 -1.33363247e-01
  6.55502826e-02 -7.80049562e-02 -1.03836358e-01  5.58673032e-02
  1.19014375e-01 -3.39817675e-03 -1.22750541e-02 -1.36516824e-01
  1.21869370e-02 -1.08562663e-01 -1.00207657e-01  1.24709949e-01
 -1.17235146e-01 -1.37350261e-01 -1.56590462e-01 -2.80338433e-02
  9.20724049e-02  4.03781002e-03  2.95306832e-01 -1.78257897e-01
 -8.97087753e-02  3.48454416e-02  9.62209925e-02  1.92225433e-03
 -1.63457096e-02 -1.13657951e-01  8.13079700e-02 -1.05383337e-01
 -2.97353249e-02 -9.80505273e-02  1.06801905e-01  1.12422302e-01
 -2.41887286e-01 -1.28149256e-01  2.96485927e-02  2.10231878e-02
 -2.10725088e-02 -5.59809506e-02 -4.95669525e-03  2.05954447e-01
  1.64900601e-01 -5.53453080e-02 -2.76050046e-02 -2.30078381e-02
  1.55298943e-02  7.59651745e-03 -2.63295770e-01 -2.50818897e-02
 -7.41044506e-02 -1.01738989e-01 -1.29829213e-01  1.40616730e-01
 -3.15231606e-02 -7.20952004e-02 -1.73160702e-01  2.57721189e-02
 -3.04173738e-01 -1.94989219e-02  1.88344508e-01 -2.68649943e-02
  2.38653302e-01 -1.94719106e-01 -2.03691050e-03 -9.63102356e-02
 -8.87994245e-02  1.40492931e-01 -1.05976254e-01 -2.02104107e-01
 -3.59277427e-02  1.32942572e-01  1.48831159e-02  1.25616699e-01
 -1.30726710e-01  2.22818539e-01  4.92501669e-02 -7.06219599e-02
 -3.87566537e-02 -1.26923665e-01  6.20130971e-02  4.98923697e-02
 -2.23518476e-01 -1.69684649e-01 -3.78701463e-02  1.35791823e-01
 -2.98310250e-01  8.62211511e-02  4.25940454e-02  2.06596076e-01
  1.24836817e-01  6.99051023e-02 -9.59758461e-02  1.82038695e-02
 -9.66951847e-02 -8.62406641e-02  3.10106352e-02 -5.10655679e-02
 -5.59128448e-02  1.62259027e-01 -9.26449988e-03  1.38981208e-01
 -1.55754052e-02 -1.11434907e-01  1.56535327e-01  9.41844508e-02
  1.78057373e-01 -1.22873351e-01  5.42014614e-02 -6.60739392e-02
 -2.08153427e-01 -1.17826119e-01  1.05518453e-01 -1.04778200e-01
 -1.40795121e-02  1.25180334e-01 -4.50056791e-02 -3.46286185e-02
 -8.74723028e-03 -3.76307778e-02 -4.97889780e-02  3.20997350e-02
 -1.48369931e-02 -3.39540005e-01 -5.33717172e-03 -1.23416506e-01
  1.23323023e-01  1.56117663e-01  2.69356638e-01  9.93411168e-02
 -6.21241890e-02 -5.29373325e-02  1.40464544e-01  2.30484046e-02
 -6.90169409e-02 -1.51416510e-01  1.62582681e-01  8.68478939e-02
  1.38889877e-02  1.19294420e-01 -1.35555744e-01  2.16541681e-02
  1.19485781e-02  8.64018500e-02 -1.42288521e-01  1.81507934e-02
 -1.91277549e-01 -7.34327808e-02  8.57418589e-03  4.11540866e-02
 -4.46352214e-02 -2.07563341e-01 -6.29012510e-02 -7.78748840e-02
 -1.30303234e-01 -6.62240312e-02  1.34012317e-02 -2.59177350e-02
 -1.57006318e-03 -3.33680841e-03  7.72947818e-02 -4.17503081e-02
 -2.36475602e-01 -3.12564299e-02 -1.02298625e-01 -1.13599440e-02
 -9.24081951e-02  6.51846901e-02  9.44848210e-02 -7.95215890e-02
  1.88171789e-01  1.06031880e-01  1.96342275e-01 -1.33486807e-01
 -2.35806361e-01 -3.93368155e-02 -9.60957352e-03  6.65763766e-02
 -2.09709689e-01  2.40990985e-02  9.87236015e-03 -1.21319994e-01
 -6.95707509e-03 -4.54281121e-02 -3.00758034e-02  2.31033028e-03
 -6.42288523e-03 -1.41604722e-01 -1.47676812e-02 -9.00669396e-02
 -1.14015743e-01 -1.38723459e-02  6.15885109e-02  5.54167293e-03
 -6.42998144e-02 -5.87141998e-02  4.75218743e-02  8.31134841e-02
  4.63710092e-02  1.67748377e-01 -7.69352391e-02 -5.98479360e-02
 -2.00025454e-01 -9.27894842e-03 -5.39829768e-02 -7.58755533e-03
  7.89173990e-02 -5.88307492e-02  3.59620824e-02 -1.46621361e-01
  1.69380419e-02  5.31300670e-04  4.64027002e-03 -2.46739164e-02
 -3.54012921e-02  3.44714485e-02 -1.77611113e-01  1.79367065e-02
 -1.48628905e-01  1.12887047e-01  8.64187554e-02  7.40292445e-02
  5.71026467e-02 -9.56274010e-03  1.90162793e-01  2.32473016e-02
 -1.13287151e-01  8.23927019e-03  2.11021140e-01 -2.30430558e-01
  1.09465839e-02  7.20816776e-02 -4.16407399e-02 -2.68391799e-02
  3.68024851e-03  1.31109536e-01 -6.95258081e-02 -1.04172248e-02
  1.07523568e-01 -7.33112171e-02  1.76093340e-01  1.47541478e-01
 -6.24967590e-02 -3.00822803e-03 -9.32393894e-02  2.96876840e-02
  1.60411447e-01  2.47249007e-02 -2.38572457e-03 -1.11758433e-01
  5.96729219e-02 -3.82821038e-02 -2.08508596e-02 -1.25157237e-01
  4.98220958e-02  1.27096578e-01 -1.39553532e-01  3.86172086e-02
 -2.20446493e-02  2.38155544e-01 -1.36380196e-01 -9.39393193e-02
 -2.48645470e-01  4.09258716e-02 -1.26812309e-01  2.21541658e-01
 -3.17143053e-02 -6.18884675e-02  1.54713402e-02  1.45414069e-01
 -3.19604874e-02  1.20205306e-01 -1.60642087e-01  1.00553453e-01
  3.53355557e-02  2.07681097e-02  1.60352975e-01 -1.49259448e-01
 -1.14663512e-01  1.80359229e-01 -1.87062006e-02  3.97063680e-02
  3.19966227e-02  4.19876277e-02 -1.41391262e-01 -1.40587101e-03
  4.47724946e-02 -3.42156098e-04 -1.44118750e-02 -1.56469997e-02
 -2.81581283e-01  7.43640438e-02  7.21269399e-02 -1.23823166e-01
 -8.10214430e-02  4.78659570e-02  8.50854218e-02 -2.00840924e-02
  1.51354238e-01  2.10353091e-01 -3.35102342e-02 -6.05735295e-02
  1.81758665e-02 -1.42048895e-01 -1.22690253e-01  1.98933944e-01
 -4.65007685e-03 -1.14934824e-01  6.09689206e-02  1.00508995e-01
 -8.08457136e-02  1.44503355e-01  3.33037749e-02 -2.50548750e-01
  5.66654541e-02  8.37795064e-02  2.37552091e-01 -6.02969378e-02
 -1.26215443e-01 -9.55827609e-02 -3.04876622e-02 -2.62473613e-01
 -1.78122625e-01 -6.88970275e-03 -6.59721494e-02  2.31084108e-01
  1.78216323e-01 -1.91296265e-02  1.18412837e-01 -2.39768997e-01
 -2.31514156e-01 -4.70809359e-03 -5.46015762e-02  2.12708339e-01
 -1.62669659e-01 -2.54293568e-02 -6.21113740e-02  9.30777490e-02
  1.63987428e-01 -3.98877524e-02 -5.91502748e-02 -9.33196768e-02
  2.30881181e-02 -1.35082290e-01  5.74786477e-02  7.03487769e-02
  1.04013182e-01  3.47411111e-02  1.10312566e-01  1.91644669e-01
  1.74480617e-01 -1.68466523e-01  1.82753548e-01  1.35147035e-01
  7.09296316e-02 -1.65810287e-02  3.04802284e-02  1.35884658e-01
  1.50948018e-01  7.46080279e-02 -2.21432503e-02  2.64690280e-01
 -2.15814903e-01 -6.08334132e-02 -1.85815796e-01 -1.26264989e-01
 -1.26543730e-01 -1.36725241e-02  8.38172212e-02  1.43199086e-01
  1.16873272e-01  3.18085700e-02  2.02837348e-01  1.65476222e-02
  1.18616864e-01  5.64772747e-02  2.53645815e-02  2.00617015e-02
  1.83648214e-01 -1.40619949e-02  9.51697454e-02 -1.73337031e-02
 -4.26991545e-02  3.17849368e-02  1.00406535e-01 -1.08622797e-01
  4.78826053e-02  1.19800031e-01  1.41212970e-01  3.57323214e-02
  8.65363926e-02  5.91649972e-02 -6.66495562e-02 -1.12006888e-01
  2.34091431e-02 -1.77640110e-01 -1.13347434e-01  1.75532028e-01
 -1.21411204e-01 -5.20481803e-02  3.11948620e-02  2.55197883e-01
 -1.14047430e-01 -1.33172736e-01  2.19731554e-02 -7.74669126e-02
  1.28441170e-01 -8.05667788e-03 -1.06569111e-01 -7.13323727e-02
  8.89094770e-02  3.92330252e-02  3.80509570e-02  1.18576825e-01
  6.31818101e-02 -1.16160028e-01  1.71258986e-01  3.52141596e-02]