http://erau.edu/ontology/meme.owl#SnookieShopMeme
[ 0.01948252 -0.15883377 -0.0533885   0.01174579 -0.02937131  0.12922488
 -0.01316891 -0.01060813  0.06010742  0.09679768  0.10556158 -0.11328677
 -0.07647876 -0.02417563 -0.09626617  0.00195254  0.04285946  0.04516997
 -0.02063417  0.05205368 -0.11526483  0.06913673  0.06806164 -0.12303556
  0.15419966  0.01792394  0.05742006 -0.17292222  0.16833629  0.23570114
 -0.05069246  0.09109972 -0.01982787  0.01600056 -0.1232109   0.16732252
  0.00463336  0.03230194 -0.17254394 -0.09636327  0.15489067  0.16683084
 -0.15336609 -0.01748939  0.09128704  0.17804521  0.08750343 -0.20060632
  0.02952307 -0.0734545  -0.01795165  0.06821047 -0.00779332 -0.23126374
 -0.19979927 -0.0954722   0.02362106 -0.06139532  0.24902953  0.05183579
  0.06919518  0.0070882   0.21639448  0.11386284 -0.04103645 -0.09052613
 -0.09847487 -0.00386808 -0.06070056 -0.22596651 -0.20038557  0.01604689
  0.13590999  0.05544274  0.05221695  0.12315929 -0.02378375 -0.03377927
  0.20617996  0.06841074 -0.02662004 -0.19829756 -0.14870882 -0.16208
  0.05648973 -0.06058501 -0.04830874 -0.03864548  0.05767646  0.00384226
  0.0088872  -0.21205153  0.16576973 -0.05108077 -0.16540626  0.14318693
  0.07500961 -0.0107269  -0.09543693 -0.01330805  0.12072498 -0.04755142
  0.34462747 -0.13984321  0.05386949  0.12910268 -0.00279546  0.00454755
 -0.06019482 -0.17864701 -0.0573962   0.09694745  0.0322821  -0.1363114
  0.20705727 -0.02236111 -0.32692784 -0.20201162  0.09960825  0.02756465
 -0.20796196  0.04520166 -0.0984804   0.0583528   0.0155208  -0.05054339
 -0.0291502  -0.06288446 -0.0713016  -0.05848537 -0.23566224 -0.13334787
 -0.08636329 -0.01861217 -0.14974539  0.09113532 -0.03343772 -0.01973908
 -0.17697981  0.01968094 -0.30467105  0.15759557  0.06285349  0.03536064
  0.16282453 -0.1850075  -0.0775485  -0.09736916 -0.08026034  0.02264115
  0.0635421  -0.13914803  0.07390121 -0.0628912   0.05617207  0.10590673
 -0.27997905  0.09427544  0.0647276  -0.236159    0.07412409 -0.11539427
  0.02962584 -0.01882341 -0.24332945 -0.11062891 -0.04817993  0.28468448
 -0.28741753  0.05926516  0.09701285  0.08362546  0.12428497  0.08279561
 -0.00233128  0.01183422 -0.00429936 -0.00136447  0.04998779 -0.09562873
 -0.12910712  0.06758863 -0.04828389 -0.05419692 -0.02282308  0.02236813
  0.04126656  0.04760763  0.10596185 -0.08298181  0.21734667 -0.03627341
 -0.19654116 -0.07343451 -0.12483691 -0.08036831 -0.05873628  0.10149348
  0.01020975 -0.032564   -0.04012462 -0.05388617  0.03899474 -0.14383498
 -0.05987089 -0.19160406  0.04506254 -0.12561746  0.00771528  0.04437542
  0.05591604  0.10751764 -0.06147208 -0.01700789  0.07685686  0.02703893
 -0.1297365  -0.1248704   0.27762988 -0.01258846  0.11842536  0.13970524
 -0.15256019 -0.02271142 -0.00315693 -0.1514609  -0.2235033   0.04168754
 -0.00616025  0.06154682  0.04696092  0.08402501 -0.13515908 -0.16805077
 -0.17430541 -0.11328278 -0.06632818 -0.2070352   0.06644964 -0.09983902
  0.04590112 -0.11710674 -0.06172644  0.01245484 -0.18057221 -0.10153422
 -0.1227755   0.03222688 -0.04376631  0.12196715  0.16588302  0.06008862
  0.05645179  0.16406105  0.18339524 -0.03030888 -0.1465976   0.04035591
  0.03032794  0.06049568 -0.09400816 -0.07370153 -0.04423626 -0.24492729
 -0.05028367 -0.2820688  -0.08987029  0.04243566  0.14231208 -0.25766593
 -0.02117726 -0.15405609 -0.03544445  0.08403663  0.10716425 -0.0486054
  0.08228188 -0.04355796 -0.03579921  0.03714252  0.24338856 -0.07190788
 -0.11886578 -0.09191702 -0.18396814  0.06301919 -0.18892427  0.00632822
 -0.04839028 -0.02312953  0.15065031 -0.18982726  0.11466177 -0.10542945
  0.0495882  -0.03001202  0.14543615 -0.02968382 -0.21640849 -0.21527731
 -0.25481313  0.11284759 -0.11148771  0.07583836  0.0375425  -0.10700295
 -0.00349505 -0.04638698  0.02888183  0.12297422  0.19472553 -0.23629606
 -0.05040539  0.07973924 -0.01938996  0.06004746 -0.02379787  0.10897511
 -0.06400557  0.02139968  0.00641099 -0.1177826   0.236206    0.12051775
 -0.00459166  0.13200963 -0.04743502 -0.01505709  0.11223042 -0.02023654
  0.12206359  0.14533538 -0.04876362 -0.10189269 -0.04172642 -0.16314217
  0.1659591   0.09837174 -0.05882289 -0.03797771 -0.05980765 -0.00169363
 -0.00925092 -0.03513986 -0.05654924 -0.20518565  0.10875741  0.18838808
 -0.00745607 -0.15060121 -0.06367079  0.07901889  0.04648621  0.10287952
 -0.09580892  0.13495351  0.04016329  0.04022291  0.27783254 -0.01823517
 -0.09350633  0.09482574 -0.01042561  0.01359432 -0.04916503 -0.09860528
 -0.1086141   0.05369496 -0.09821261  0.04856113  0.05263249 -0.05423787
 -0.29641196  0.02222503  0.0436263  -0.05131692 -0.13403317  0.09201042
 -0.18258567 -0.00866905  0.18598865  0.16903195 -0.06869621 -0.04346685
  0.150809   -0.10182597 -0.06501843  0.21294355 -0.07781118 -0.16077326
 -0.1296796   0.05606628  0.0192025   0.2070843  -0.14716937 -0.20923845
  0.11067565  0.0939213   0.27068776 -0.08078003 -0.04557484 -0.24622406
 -0.03769093 -0.34028214 -0.05068002  0.0935845   0.03618294  0.4538611
  0.22774735  0.11777478  0.13691144 -0.19746344 -0.02041896 -0.12526412
 -0.03424514  0.15715727 -0.05110105 -0.10739095 -0.01524977  0.12546702
 -0.07705419 -0.03390246 -0.1565337   0.00932832 -0.012153   -0.1627061
 -0.06729534  0.1573343   0.06983436 -0.01115989  0.05770002  0.20684484
  0.01332295 -0.20553626  0.23350969  0.2160389  -0.07676342 -0.09081394
  0.09373014  0.09446628  0.09958057 -0.02255694 -0.04764458  0.18188705
 -0.15694256 -0.09733725 -0.13496378 -0.19060615 -0.09422839  0.09287123
  0.09182131  0.13661464  0.17643096 -0.09960369  0.28041124 -0.00584138
  0.13438286  0.06755157  0.04868928 -0.04700986  0.28328887  0.09475383
  0.15716985 -0.09791269 -0.10312174  0.04183932 -0.06313623 -0.12795013
 -0.09476221  0.11171369  0.22683874  0.14148122  0.17676635  0.01511315
  0.11066404 -0.08428632  0.06944221  0.04099445  0.01118631  0.03569816
 -0.04217521 -0.0271614  -0.08189537  0.14910398 -0.00546798 -0.09055496
  0.01009798 -0.02832095  0.01869762  0.01325241 -0.19359964 -0.06816033
  0.06005451 -0.03674183  0.02071956  0.01510904 -0.04844014  0.06624664
  0.12510258  0.01686576]