http://erau.edu/ontology/meme.owl#MarvelEditorInChiefJapanesePseudonymControversyMeme
[-6.52455986e-02 -1.15408488e-01  3.99347171e-02  1.95631627e-02
 -7.75007829e-02  5.52736446e-02  6.02010190e-02  4.63634655e-02
  4.09163311e-02 -2.63417494e-02  1.04875244e-01 -7.55221322e-02
  1.33411676e-01  1.21508539e-02 -3.85616869e-02  5.27208857e-03
 -3.43762785e-02  7.51358345e-02 -9.75505859e-02  5.02683632e-02
 -1.17312118e-01  7.00648502e-02  8.63673985e-02 -1.67145617e-02
  4.47389856e-02 -1.38267679e-02 -1.49511155e-02 -5.80882095e-02
  1.98693946e-01  1.71534643e-01  8.45871046e-02  1.55363053e-01
  9.32422429e-02 -1.42760500e-01 -3.61494124e-02  2.84664273e-01
 -6.95350170e-02  6.51561767e-02  3.15988436e-02 -1.89344153e-01
  3.90343666e-02  2.47625500e-01 -1.90123603e-01 -2.76862606e-02
  1.57852560e-01 -1.95245771e-03  8.11447948e-02 -6.40504435e-02
 -1.26540333e-01  1.07664973e-01  5.31056561e-02 -7.55802542e-02
 -8.18048865e-02 -4.66127135e-02 -2.16402411e-01 -1.40550271e-01
  8.12749714e-02 -2.49542505e-01  1.14854276e-01  6.86399033e-03
 -5.40959183e-03 -9.10749137e-02  1.43679097e-01  6.57058582e-02
 -2.92496476e-02 -2.04468086e-01 -2.10317038e-02 -1.55991375e-01
 -7.76610300e-02 -2.29382351e-01 -8.86525363e-02  1.49323821e-01
  4.90418151e-02  8.98715332e-02  5.09199239e-02  1.22525834e-01
 -1.43830672e-01 -2.82329060e-02  1.25326648e-01 -3.28471772e-02
 -7.88206607e-02 -4.15901095e-02 -5.86151630e-02 -2.27894172e-01
  1.75815552e-01 -6.81023076e-02  7.99569208e-03 -2.17422731e-02
  8.12383965e-02 -1.32193670e-01 -1.52149647e-01 -2.56989747e-01
  5.35045750e-02 -1.38330653e-01 -6.10699914e-02  1.52585283e-01
 -6.76620305e-02 -1.20255850e-01 -1.58323124e-01  4.60728444e-02
  1.03391096e-01  1.13423675e-01  3.94413382e-01 -1.27008125e-01
 -1.13969810e-01 -8.16731378e-02  2.87976265e-01 -6.84943497e-02
 -3.60556804e-02 -2.03659236e-01 -6.07557371e-02  9.93238017e-02
 -1.00582436e-01 -6.72640949e-02  6.10778518e-02  1.31495222e-01
 -3.82363290e-01 -2.25423142e-01  9.07063335e-02  1.53036276e-03
 -1.23577096e-01 -1.83347791e-01 -4.17363644e-02  1.27958804e-01
  1.14203073e-01 -4.50163595e-02  4.88592358e-03 -1.05739295e-01
 -1.09671522e-02 -9.19675827e-02 -2.78535098e-01 -8.77217129e-02
 -5.00429794e-02 -6.66354746e-02 -7.42272288e-02  1.43612782e-02
 -1.24668717e-01  2.91844551e-03 -9.43393558e-02  1.06763110e-01
 -1.92021251e-01  8.46334249e-02  2.03345612e-01  9.07527804e-02
  1.09489843e-01 -1.76776677e-01 -7.53952265e-02 -8.08100849e-02
 -2.32829511e-01  5.99328354e-02  4.51908968e-02 -8.75816271e-02
 -2.55576037e-02 -4.37481776e-02 -3.53421159e-02  4.18709591e-03
 -1.55847535e-01  2.47042283e-01  4.48285565e-02 -1.10749878e-01
  4.27184962e-02 -9.93556827e-02  1.05159525e-02 -8.92747566e-02
 -2.44435519e-01 -1.28986210e-01  4.57957946e-02  1.54595196e-01
 -3.38006049e-01  9.32892710e-02  4.77453135e-02  1.42976597e-01
  2.69836336e-01  2.02352270e-01 -1.15204588e-01 -4.47310768e-02
 -1.02774620e-01 -1.03034683e-01  6.01340905e-02 -6.44892082e-02
 -1.66581035e-01  2.05475628e-01  1.76058505e-02 -4.75579128e-03
 -1.65158227e-01 -1.49873160e-02  1.33948043e-01  3.59888747e-02
  5.48048019e-02 -4.01417799e-02  1.26870453e-01 -1.30599895e-02
 -2.14561462e-01 -4.66056392e-02 -2.65384875e-02 -5.31592071e-02
 -9.09663811e-02  1.99611649e-01 -1.79417983e-01 -3.57445329e-02
 -1.16221991e-03 -2.22438760e-02 -6.83044270e-02 -2.56336248e-03
 -6.50931299e-02 -2.68849432e-01 -8.68388638e-02 -1.85393989e-01
  1.39018163e-01  7.83790424e-02  1.97605491e-01  8.53921771e-02
  5.64695746e-02 -6.17256351e-02  4.34817336e-02 -7.59088807e-03
  7.39455521e-02 -1.23939909e-01  1.32833138e-01  5.56096286e-02
  6.33864105e-02  2.79402316e-01 -3.55757996e-02  9.04412121e-02
 -2.83875242e-02  1.36664072e-02 -1.35557443e-01 -7.56378844e-02
 -9.49238092e-02  3.06261685e-02 -2.10584626e-02  5.36270887e-02
 -7.21438304e-02 -1.98185042e-01 -1.19752981e-01 -6.14267169e-03
 -4.51853350e-02  5.42935655e-02  6.91552609e-02 -1.15579274e-02
 -4.67186570e-02 -4.36749272e-02  5.64772487e-02 -2.97457129e-02
 -3.25283855e-01 -8.28691944e-02 -1.37700617e-01  5.28560765e-02
 -6.39417991e-02  2.00105503e-01  4.43610102e-02  5.49114309e-02
  1.71983521e-02  3.04933973e-02  3.59529287e-01  3.65953753e-03
 -1.08189799e-01 -5.61253466e-02 -7.70668909e-02  1.05780318e-01
 -2.36684889e-01 -1.72232971e-01 -3.24890278e-02 -6.31766096e-02
 -1.02249794e-01 -2.04311535e-01  1.50616989e-01  1.85644120e-01
  1.15051091e-01 -1.23011582e-01 -4.43302169e-02 -2.23222181e-01
 -1.38951883e-01  4.63609248e-02  7.84057900e-02 -1.40557364e-01
  8.46879482e-02 -3.05377208e-02 -3.00026778e-02  6.27327487e-02
 -2.13771053e-02  8.74912888e-02 -1.40070051e-01 -1.29920185e-01
 -1.10506602e-01  7.76429102e-02 -1.62006482e-01 -1.20320637e-02
  5.14614172e-02 -2.19456613e-01  7.01936055e-03 -1.32822618e-01
  7.26754516e-02 -1.12043835e-01 -6.21661581e-02  1.41705535e-02
  2.19960921e-02  7.68113285e-02 -1.74077809e-01 -7.41037279e-02
 -2.83646852e-01 -1.76332984e-02  5.51142618e-02 -1.32427663e-02
 -3.10481004e-02 -3.82427312e-02  1.89702302e-01  2.16873363e-02
 -5.92269674e-02  2.90120356e-02  1.79773077e-01 -1.51127428e-01
 -8.53247046e-02  4.41798056e-03 -6.13589548e-02  5.23451976e-02
  3.55199538e-02  1.45263616e-02  4.83249798e-02 -9.31995139e-02
  8.43507424e-02 -1.24951199e-01  2.64575273e-01  6.52037188e-02
 -3.90274040e-02  6.60522357e-02 -2.33088076e-01 -2.73715914e-03
  1.20159931e-01  2.41997316e-02  6.07362203e-02 -4.63895909e-02
  8.58038366e-02 -5.64381555e-02  6.75214604e-02 -1.97224155e-01
  9.82346833e-02  2.31941976e-02 -3.95562872e-02  5.88791296e-02
  1.61369219e-02  7.08404705e-02 -9.54036638e-02 -5.89265302e-02
 -9.30600762e-02  3.68192978e-02  3.00987512e-02  2.03295308e-03
  6.54352084e-02 -2.53662523e-02  5.13023771e-02  1.44746885e-01
 -1.42968655e-01  1.33352736e-02 -9.18450654e-02  1.77344736e-02
  4.61882167e-02  2.62064692e-02  1.05336860e-01 -6.30508661e-02
 -7.16613457e-02  1.12744525e-01 -2.29467954e-02 -7.13633280e-03
  3.57948840e-02 -1.12143546e-01 -1.35222226e-01  5.41914674e-03
  4.36522663e-02  5.90459630e-02  1.81788113e-02 -7.12820292e-02
 -2.42623106e-01  8.30922499e-02  2.05377620e-02 -3.39459032e-02
 -1.15618497e-01  5.84739931e-02 -2.81345416e-02  4.23494074e-03
  5.75126447e-02  2.25506052e-01 -4.02587280e-02 -8.66077617e-02
  7.06143156e-02  1.83772616e-04 -3.18843164e-02  7.57985190e-03
  2.74237338e-03  5.06023094e-02 -6.32576719e-02  3.42069045e-02
  2.77192891e-02  1.34034768e-01 -4.89894710e-02 -1.20612383e-01
 -9.15195420e-02  1.27187138e-02  1.63934276e-01 -9.08701215e-03
 -3.97894606e-02 -6.12012763e-03  1.47993052e-02 -4.87019345e-02
 -9.61687788e-02  7.78490864e-03 -2.79011112e-02 -2.90844664e-02
  1.26397192e-01  4.33627963e-02  1.40657797e-01 -1.49067760e-01
 -6.07336722e-02 -5.24077713e-02 -7.15727452e-03  6.46286458e-02
 -1.21467642e-01 -5.26550040e-02 -3.36396769e-02  1.47118837e-01
  7.97428861e-02 -9.88124982e-02 -9.40528363e-02 -4.34712134e-02
  3.60922851e-02 -6.64897263e-02 -2.13099793e-02  9.01241973e-02
  1.75006807e-01 -3.82699003e-03  8.24069530e-02  1.42915532e-01
  1.12342216e-01 -1.41315302e-02  1.93822235e-01  1.84269220e-01
  5.68413921e-02 -8.40562806e-02 -1.41727151e-02  1.54753879e-01
  1.74837440e-01 -5.87608526e-03 -2.71120816e-02  2.18600795e-01
 -2.32590511e-01  1.41380709e-02 -2.31859162e-01 -1.77018538e-01
 -1.17697455e-01  1.19296513e-01 -9.36508551e-03  1.70200840e-01
  1.44352987e-01 -2.08830778e-02  2.84999579e-01 -4.30072993e-02
  1.12417594e-01 -3.40472572e-02 -6.87387437e-02 -3.50243086e-03
  1.15931332e-01  2.37924866e-02  5.46021834e-02 -2.64154579e-02
 -3.82813551e-02  4.58159000e-02 -6.93339258e-02  1.83842611e-02
  1.03315480e-01  2.96430103e-02  9.02397782e-02  2.73021217e-02
  4.59239334e-02  3.79409976e-02  4.78199311e-02 -1.13871142e-01
  7.13991597e-02 -8.77140090e-02 -1.09353311e-01  9.50860977e-02
 -2.33389456e-02  4.80946340e-02 -1.66584831e-02  3.13442171e-01
 -9.29657742e-02 -1.45098403e-01  1.69554260e-02 -1.04950294e-01
  7.59910420e-02 -1.84459258e-02 -1.04575031e-01  3.12176254e-03
  1.24667799e-02  1.15312882e-01  1.96045022e-02 -7.21911667e-03
  1.35236867e-02  2.54393555e-02  9.47898030e-02  2.43765544e-02]