http://erau.edu/ontology/meme.owl#KanyeWestFamousMeme
[ 1.63223557e-02 -4.11507748e-02  1.82405231e-04  7.61847422e-02
 -2.39563789e-02  5.97513355e-02  7.90869296e-02  4.41920497e-02
  2.58610193e-02 -8.84383768e-02  1.18162833e-01 -7.51687586e-02
 -4.99609523e-02  5.34716994e-02 -3.32789905e-02 -1.13480641e-02
  3.67651917e-02  8.57570469e-02 -5.56468368e-02 -9.83559713e-03
 -1.98052704e-01  1.65604219e-01  3.33603360e-02 -1.35537684e-01
  9.08961967e-02 -8.16755295e-02 -3.08638308e-02 -9.64061916e-03
  2.61150450e-01  8.46899375e-02  1.45451263e-01  1.46173194e-01
  5.14582731e-02 -5.92273548e-02 -5.72397113e-02  1.95751041e-01
  5.37043624e-02  5.83770163e-02  3.60092032e-03 -1.13347903e-01
 -6.33782297e-02  1.16343215e-01 -2.15489179e-01  4.04860871e-03
  6.42618686e-02 -1.79574471e-02  3.97189558e-02 -8.65043774e-02
 -4.78109485e-03  5.58600947e-02  8.26112106e-02  2.06170604e-02
 -1.64613783e-01 -1.33834004e-01 -1.07277893e-01  1.70739065e-03
  9.64923799e-02 -1.26202121e-01  1.11690611e-01  5.05354963e-02
  1.30123540e-03 -5.73332142e-03  1.55408839e-02 -5.00525674e-03
 -4.04273979e-02 -5.14034815e-02  1.74068566e-02  2.25437302e-02
 -4.57400866e-02  1.35095157e-02 -1.53046012e-01  8.28892812e-02
  4.32006977e-02  1.41461110e-02 -9.17953067e-03  1.72527790e-01
 -6.48469105e-02  9.44244862e-03  3.67242061e-02 -1.70095507e-02
 -2.41867043e-02 -6.53407127e-02 -1.31290162e-03 -1.32154167e-01
  3.36255506e-02 -3.78846787e-02 -1.30992949e-01  3.41090420e-03
  1.18363835e-02 -8.13918784e-02  5.94950505e-02 -1.40457720e-01
  2.34705582e-02 -4.58436161e-02 -2.01480705e-02  1.70751363e-02
 -2.68737506e-02 -1.28379157e-02 -5.56688383e-02 -3.93736809e-02
  1.18087947e-01  9.26257297e-02  1.87523022e-01 -9.30986404e-02
 -5.38211374e-04  5.97774982e-02  9.00790915e-02  2.75705047e-02
  9.96370567e-04 -4.76326495e-02  6.83265552e-02 -4.04543132e-02
 -5.58356903e-02 -5.10074273e-02  7.15969652e-02  4.76215445e-02
 -1.54969081e-01 -9.94077027e-02  7.75617436e-02  9.87724811e-02
  7.39698438e-03 -4.81770746e-02 -1.06426887e-01  6.79042935e-02
  1.43507168e-01 -7.83706456e-02  7.94095099e-02  6.25676885e-02
  1.22973584e-01  4.99668904e-02 -2.13281736e-01 -1.75570883e-02
 -1.49461264e-02 -8.64784196e-02 -6.88918978e-02  1.78512022e-01
  8.78310995e-04 -1.10327877e-01 -1.45831704e-01  1.50270700e-01
 -2.29116678e-01 -2.00431049e-02  1.74699128e-01  1.40349884e-02
  2.02323914e-01 -2.33629093e-01  3.35426852e-02 -9.19473618e-02
 -8.53960514e-02  1.45343930e-01 -7.09283575e-02  3.22315134e-02
 -1.04983591e-01  1.16382420e-01 -4.55125272e-02  1.08218953e-01
 -9.02746618e-02  2.53973275e-01 -2.47295741e-02 -3.88608649e-02
 -4.47945409e-02  2.81493030e-02  5.35203796e-03 -7.78132379e-02
 -2.27430582e-01 -6.86108917e-02  9.62076932e-02  1.18726008e-01
 -2.76780277e-01  1.22770675e-01 -3.70106064e-02  1.16794758e-01
  1.62108332e-01  1.57118767e-01 -5.18482104e-02 -5.20638973e-02
 -4.56327759e-03 -2.48250514e-02  6.36848882e-02  1.16977300e-02
 -7.52363130e-02  1.00227021e-01  2.49665659e-02  2.83664335e-02
 -4.22559213e-03 -7.89893866e-02  4.03681137e-02  5.84100522e-02
  1.77652299e-01 -5.24112470e-02  8.52221344e-03 -1.17850462e-02
 -1.04303099e-01 -1.29744843e-01  8.15845877e-02  2.39560269e-02
  3.48075926e-02  8.67939219e-02 -4.90980260e-02 -1.40109569e-01
  8.89319833e-03  4.55316231e-02  1.06468104e-01  4.40740734e-02
 -9.70899165e-02 -2.72425622e-01 -7.63301849e-02  1.65982340e-02
  1.29730701e-01  1.40723780e-01  2.68151373e-01  9.33033600e-03
  3.61735672e-02 -2.36234423e-02 -3.83559689e-02 -2.45099962e-02
 -8.39560032e-02 -5.02315024e-03  1.12208664e-01  1.40643820e-01
 -4.76915985e-02  1.03856958e-01 -2.61405706e-02  8.03852975e-02
  5.06521724e-02  9.04339179e-02  5.38550504e-02 -3.05456738e-03
 -5.68920895e-02  2.48749275e-02  1.26391307e-01  4.88223247e-02
 -4.54256423e-02 -3.97325270e-02 -1.48494923e-02  1.04391463e-01
 -2.05960348e-02 -1.02224417e-01  6.87985122e-02 -3.65254516e-03
 -8.30849633e-02 -7.92988613e-02  4.11995873e-02 -8.05878267e-02
 -1.27464935e-01 -6.53212843e-03 -1.36383653e-01 -3.19841541e-02
  8.99393559e-02 -6.64568543e-02  4.30491045e-02 -2.85424828e-03
  8.23283717e-02 -4.34151143e-02  1.03867158e-01 -2.47550048e-02
 -1.39319628e-01  3.67457308e-02  5.55494502e-02  2.79673263e-02
 -4.82122079e-02 -2.79763527e-02  2.65616877e-03 -7.16158450e-02
 -8.29089358e-02 -1.59436956e-01  2.83040828e-03  3.14466693e-02
  6.35840446e-02 -9.83783528e-02 -9.46369097e-02 -4.17112485e-02
  5.56601211e-02  3.45728546e-02  5.08092754e-02 -1.12074139e-02
  7.32762888e-02  1.53642390e-02 -4.05836739e-02 -7.27741234e-03
  8.37073699e-02  1.49252728e-01  5.83250821e-02 -1.10368049e-02
 -1.04835108e-01 -7.95248803e-03 -5.16610853e-02 -2.19332837e-02
 -1.56962462e-02 -1.10706136e-01  2.19155755e-03 -1.49857387e-01
 -2.63341586e-04  7.81736821e-02  6.41743978e-03  2.64287051e-02
  4.62061651e-02  4.39449698e-02 -1.84571892e-02 -4.84764166e-02
 -1.58476979e-01  5.78454062e-02  3.58708575e-02  1.05519012e-01
  5.64049091e-03  5.69314025e-02 -1.44713419e-02  8.77539162e-03
 -8.76659900e-02 -2.68361308e-02  1.94015861e-01 -1.54833645e-01
 -9.52086374e-02  3.80849652e-02 -1.22179396e-01  6.94000274e-02
 -1.00551300e-01  1.97369959e-02 -1.12869162e-02 -5.48812039e-02
  9.11597237e-02 -1.26042724e-01  2.35052481e-02  1.69584036e-01
  1.71230398e-02  2.55600717e-02 -1.57072499e-01 -1.37748318e-02
  3.26299034e-02  2.77576260e-02 -4.13902141e-02 -1.07208662e-01
  6.11389652e-02 -1.45395786e-01  1.92922708e-02 -1.16950326e-01
  1.57566398e-01  2.66897846e-02 -2.27528382e-02  7.91886672e-02
 -1.54242963e-02  1.01338729e-01 -8.51558223e-02 -1.52668625e-01
 -4.79296222e-02 -6.61119297e-02 -1.14869297e-01 -2.23194864e-02
 -6.04850240e-02 -8.77750516e-02 -1.03353135e-01  3.67817804e-02
 -1.24996163e-01  1.63291395e-01 -1.40259176e-01  7.49328136e-02
  3.66556924e-04 -3.25633176e-02  1.26486048e-01 -1.16080359e-01
 -6.53112680e-02  4.00593467e-02 -5.36270328e-02  2.74036825e-02
  3.73401158e-02  3.43189910e-02 -9.57941338e-02  5.36943860e-02
  1.13322653e-01  1.76814105e-02  1.64341908e-02 -1.31961018e-01
 -1.80077195e-01  1.33211330e-01  2.50883051e-04 -6.32353947e-02
 -4.81762774e-02  2.12303610e-04 -3.42081822e-02  1.06027899e-02
  4.01731282e-02  1.71187177e-01 -1.33078441e-01 -1.23034962e-01
  4.04244885e-02 -1.61757275e-01 -8.38593915e-02  1.63820282e-01
 -1.56308770e-01 -1.34320080e-01  4.63288613e-02  7.96064138e-02
 -1.08331345e-01  3.40101063e-01  4.49364260e-02 -1.43943965e-01
 -2.94501684e-03  7.75687397e-02  4.42204386e-01 -1.38465300e-01
 -6.46954924e-02 -2.60249496e-01  1.07925594e-01 -2.52750695e-01
 -1.54247925e-01  3.87531817e-02 -6.80831447e-02  3.75269890e-01
  5.92755452e-02  6.55662492e-02  6.25190735e-02 -1.01304710e-01
 -1.34910837e-01  2.19230596e-02 -6.77430257e-02  3.75405215e-02
 -5.92501797e-02 -1.64714620e-01 -4.07128297e-02  5.71719334e-02
  1.48340583e-01 -2.00111475e-02 -8.40378031e-02  3.78555804e-02
 -3.26405801e-02 -1.98733658e-01 -2.48284489e-02  1.57403797e-01
  1.11295767e-01  2.93278713e-02  2.76373215e-02  1.89472347e-01
  6.34557754e-02 -2.00111017e-01  8.25683177e-02  1.31335601e-01
  1.17764205e-01 -1.15087621e-01  5.58327176e-02  1.76725805e-01
  6.19508363e-02 -2.83963084e-02 -9.79138836e-02  1.91773772e-01
 -1.86717898e-01  1.65593810e-02 -1.74570471e-01  7.67456600e-03
 -8.73409435e-02  4.65448648e-02  6.75341859e-02  1.68816168e-02
  9.65405628e-02  5.54634146e-02  7.77331516e-02 -3.82375494e-02
  1.51542738e-01  7.51784071e-02 -2.18492257e-03 -3.18311229e-02
  4.35519256e-02  8.89216736e-02  1.20780975e-01 -9.64194909e-02
  9.53993052e-02  1.19244404e-01  3.59598994e-02 -1.77136004e-01
 -5.09027578e-02  3.59844752e-02  1.59917295e-01  1.22482004e-02
  1.40430361e-01  1.16074562e-01  2.66035404e-02 -1.86020836e-01
  1.11613803e-01 -1.28719479e-01 -1.36780590e-01  6.67868853e-02
 -8.30566734e-02 -5.85618317e-02 -3.62072103e-02  9.41162184e-02
 -1.50764823e-01 -8.90454501e-02 -1.30130604e-01 -4.67812121e-02
  9.23984870e-02  1.21338395e-02 -1.25126079e-01 -4.03319970e-02
 -7.88750574e-02 -3.10837664e-02  1.46498352e-01 -2.93573048e-02
 -1.73211191e-02 -5.33960946e-02 -3.36271822e-02 -3.88195142e-02]