http://erau.edu/ontology/meme.owl#OhLongJohnsonMeme
[-4.25697900e-02 -5.08600809e-02  1.01116402e-02 -3.96968517e-03
  6.46501184e-02  2.02392880e-02  2.16807216e-01 -1.95334349e-02
 -1.68491572e-01 -3.32030915e-02  8.23644549e-02 -5.27395681e-02
  1.06507707e-02  3.09574157e-02 -9.05138701e-02 -2.96483021e-02
  5.88502325e-02  1.44035280e-01  9.50690433e-02  3.63750383e-02
 -2.42541522e-01  3.91091108e-02  8.51086825e-02 -1.26000613e-01
 -2.34525483e-02  8.35294574e-02 -3.42442542e-02 -5.48426621e-02
  1.59323171e-01  7.06087276e-02  4.71299626e-02  8.38208795e-02
  5.80180325e-02 -1.17301836e-03 -5.51497042e-02  5.45415655e-02
 -4.52262275e-02  4.17195484e-02 -4.61340100e-02 -7.41801187e-02
 -1.63127966e-02  1.46445632e-01 -1.66507065e-01 -1.10139057e-01
  4.21191864e-02 -3.77719477e-02  9.13914070e-02  9.01876111e-03
  6.71592876e-02 -4.00540605e-02  5.19850999e-02  1.86489280e-02
 -4.28031236e-02 -1.22607760e-01  2.70803925e-02 -4.09190804e-02
  8.29191953e-02 -5.84446751e-02  5.43075465e-02  1.45726636e-01
 -1.26964062e-01 -5.39408922e-02  9.29402933e-02 -1.87550653e-02
 -2.67329931e-01 -9.03492346e-02 -1.24087520e-01 -4.11120355e-02
 -6.38304576e-02 -5.71959764e-02 -2.19809692e-02  7.09076598e-02
  1.06017239e-01  1.33772537e-01  8.44858885e-02  1.22589581e-01
 -9.10348296e-02 -6.14350438e-02  1.70223176e-01  7.47451782e-02
 -6.48805499e-02 -7.97743797e-02 -5.81020117e-02 -1.48516059e-01
 -1.10863419e-02 -1.02635540e-01 -1.18039712e-01  8.17875788e-02
 -6.60366798e-03  1.23223484e-01  2.19639000e-02 -2.76277721e-01
  1.42677814e-01  3.55236679e-02 -1.22267358e-01  6.11731932e-02
 -4.55881022e-02  9.32369232e-02 -2.41983030e-02 -1.38183087e-01
  9.09206048e-02  4.10335809e-02  2.54223019e-01 -4.23154272e-02
  1.13621518e-01  6.12935387e-02  1.85095415e-01 -4.13377350e-03
 -5.33248018e-03 -7.36043826e-02  1.03270803e-02  3.38788033e-02
 -6.53427243e-02 -4.30506133e-02  1.56886622e-01  3.40060778e-02
 -2.19392791e-01 -1.81703418e-01  1.15361527e-01  1.21434122e-01
  9.46674682e-03  1.86951254e-02 -2.45938008e-03  2.11593099e-02
  4.06427570e-02 -1.86695773e-02  3.82075571e-02  1.20731695e-02
  8.01347718e-02 -4.82400395e-02 -1.95028558e-01 -2.73979325e-02
 -1.85380820e-02 -2.68488303e-02 -1.39894793e-02  1.21921346e-01
  6.47192181e-04 -1.25888288e-01 -7.83566162e-02 -3.53583172e-02
 -2.34060884e-01 -3.26782763e-02  5.51496558e-02  1.88097805e-01
  1.51772067e-01 -3.74754630e-02  1.05616614e-01 -1.90462887e-01
  1.38856089e-02  1.77470773e-01  3.67200524e-02 -9.91633460e-02
 -3.93091068e-02 -6.28081635e-02 -1.16644637e-03  3.00437957e-02
 -1.63221791e-01  1.31844267e-01  6.07841015e-02 -9.94297266e-02
  6.93157315e-02 -1.74295172e-01 -1.44799992e-01  1.29475789e-02
 -2.26839364e-01 -6.09700754e-02 -6.06843829e-03  2.23487049e-01
 -2.74398059e-01  1.24032103e-01  4.64896671e-02  1.63361952e-01
  1.98013738e-01  1.40623748e-01 -6.56386316e-02 -1.41243964e-01
 -7.31480792e-02 -9.81080439e-03  1.98568866e-01  8.07827488e-02
 -1.55268505e-01  7.69919157e-02  2.51782611e-02 -5.61345592e-02
 -5.18410765e-02  5.21902889e-02  4.63793240e-03  1.58579513e-01
  1.76209375e-01 -2.38337144e-02  3.73981111e-02 -4.52835038e-02
 -1.66898996e-01 -8.98950547e-02 -2.98539102e-02  3.87400389e-02
  5.15786670e-02  2.67083913e-01 -6.01290949e-02 -1.32392393e-02
  4.75452207e-02 -1.11475121e-03  2.72871107e-01 -1.75908506e-01
 -1.22630872e-01 -2.64065266e-01  7.21570104e-02 -5.24183027e-02
  1.67243034e-01  1.13464125e-01  3.02951574e-01  1.55354679e-01
 -4.91126142e-02  5.40312752e-03  2.18675323e-02 -3.78598161e-02
 -1.52288258e-01 -1.21078938e-01  6.28314838e-02  1.18964441e-01
  3.02598059e-01  2.07193673e-01 -8.71358961e-02  4.00633067e-02
  1.81189030e-02 -7.24913105e-02 -1.74376965e-01  9.69829969e-04
 -4.70090285e-03  5.14639467e-02  1.46653235e-01  6.53056055e-02
  4.37132083e-02  9.17136390e-03  4.22052816e-02  1.03696428e-01
 -6.50673360e-02 -2.78983056e-03  1.11610174e-01  8.40524957e-03
 -2.39768326e-02 -9.95820239e-02 -4.39488981e-03 -5.70749212e-03
 -1.48986116e-01 -6.94709793e-02 -2.57276237e-01 -1.34925008e-01
 -1.12814061e-01 -1.69548225e-02  2.84421016e-02  4.30558249e-02
  1.67497724e-01 -7.67884776e-02  1.63308874e-01 -5.89047298e-02
  1.41042499e-02  2.34193895e-02 -1.39402030e-02  6.55907020e-02
 -4.09389697e-02 -7.55051449e-02  5.44028208e-02 -4.36256491e-02
 -9.78559628e-02 -1.12737857e-01  7.14882240e-02 -5.20133674e-02
  7.34978095e-02 -4.87088636e-02 -3.19492556e-02  6.66389661e-03
  4.90344837e-02  8.97993594e-02  1.87156826e-01 -1.05594374e-01
  1.06561571e-01  1.85580086e-02 -2.89179310e-02  1.10194199e-02
  1.51456803e-01  3.71525809e-02 -2.39951927e-02 -1.25681147e-01
 -1.63385928e-01  9.27501917e-02 -9.88556221e-02 -5.80894276e-02
 -1.85258221e-03  6.27866462e-02  8.88564959e-02 -1.89337563e-02
  6.49312325e-03 -6.68824390e-02  3.55296656e-02 -3.61558720e-02
  1.88484147e-01 -6.20015562e-02 -1.26278073e-01 -2.53607363e-01
 -7.04742596e-02 -5.26868701e-02  5.17524891e-02 -4.81670396e-03
 -4.87971567e-02  2.03664117e-02  1.75103009e-01 -3.47779579e-02
  1.51444981e-02 -3.89903188e-02  5.69250137e-02 -1.57130942e-01
  3.44658014e-03 -5.81974164e-03 -5.84289059e-02  4.15001623e-02
  3.52989025e-02 -3.79912853e-02  7.42690340e-02 -1.79941226e-02
 -6.85391994e-03 -8.25038478e-02  1.21047750e-01  7.66843334e-02
  1.10814245e-02  3.19209024e-02 -1.45645618e-01 -6.46987259e-02
  1.65613130e-01 -5.99879958e-02  2.19429191e-02  2.53229551e-02
  8.35175887e-02 -6.77354857e-02 -2.17322577e-02 -2.08256751e-01
  3.26677449e-02  9.91798788e-02 -3.54499817e-02  2.47871242e-02
 -5.25516504e-03  8.12732950e-02 -1.43034197e-02 -7.67551828e-03
 -7.87779689e-02  5.42782154e-03 -6.16728589e-02  1.30578056e-01
  3.84456515e-02 -2.16760933e-01 -1.31066218e-01  9.44465995e-02
 -1.52865767e-01  1.74469054e-01 -9.88309756e-02  6.34676516e-02
 -4.08590212e-02 -1.18362866e-01  2.46054769e-01  8.14826861e-02
 -9.04061943e-02  1.95712835e-01 -3.55635434e-02  7.58901890e-03
  6.47848323e-02 -1.76750794e-01 -6.20857440e-02  1.15845673e-01
 -5.79235554e-02  2.12201048e-02 -4.51562740e-02  5.38789853e-02
 -2.19951883e-01  1.72329484e-03  3.71795297e-02 -4.39330749e-02
 -5.29883504e-02  6.23598415e-03 -5.50757647e-02 -4.99017239e-02
  5.05103096e-02  2.30904534e-01 -1.71764299e-01 -1.36972427e-01
  1.59183696e-01 -1.21983781e-01 -1.49708137e-01  9.14586782e-02
 -1.42758474e-01 -1.19013451e-01 -7.73562416e-02  2.03093842e-01
 -9.62063000e-02  2.27742746e-01  1.05487704e-02 -2.16290250e-01
  4.90108058e-02  9.50861350e-02  1.79336041e-01 -6.80166483e-02
 -1.47815766e-02 -9.24640894e-02  3.11357882e-02 -6.99309558e-02
 -3.68450512e-03  2.01096496e-04 -2.01007500e-02  2.82248646e-01
  8.43404233e-02  4.57536243e-02  3.20274621e-01 -1.83415666e-01
 -1.66261613e-01 -4.87882048e-02 -5.57045527e-02  5.63539676e-02
 -5.18485345e-02 -4.67367582e-02  3.53643410e-02  6.91682696e-02
  2.93508079e-02 -2.20934744e-03 -1.54838562e-01  5.88647760e-02
 -6.46387786e-02 -2.39464611e-01 -4.92265187e-02  3.73594388e-02
  4.61553000e-02 -9.35046822e-02  1.58391625e-01  2.73667425e-01
  1.82060689e-01 -1.92271709e-01  9.48611349e-02  9.97297838e-02
 -2.79915165e-02 -7.83735141e-02 -2.55177189e-02  1.43848136e-01
  4.73521091e-02  1.42314896e-01 -5.25810644e-02  2.73599893e-01
 -1.55159891e-01  3.04755103e-02 -1.43816069e-01 -1.29627332e-01
 -2.83524431e-02  1.29669875e-01  8.44942704e-02 -5.56091815e-02
  1.11724868e-01  8.56486857e-02  1.67389780e-01  7.23123699e-02
  8.17377269e-02  5.14923641e-03  8.04707184e-02 -8.86851102e-02
  8.03263560e-02  1.14924408e-01  9.83209610e-02 -9.92889553e-02
  2.32375581e-02  1.99110940e-01 -9.57680568e-02 -1.73113197e-01
 -1.00462504e-01 -3.21163516e-03  1.26860797e-01 -4.48571779e-02
  2.24895939e-01  6.99440911e-02  2.25511901e-02 -1.84668466e-01
  5.21985181e-02 -2.26715773e-01 -3.01241991e-03  1.44172544e-02
  5.70925623e-02 -7.98385032e-03 -1.00529611e-01  1.86353549e-01
 -1.96081400e-01 -1.59115076e-01  6.65010465e-03 -1.42258182e-01
  2.16882288e-01  1.28014252e-01 -8.40826258e-02  5.35736792e-02
 -1.08521871e-01  6.46969154e-02  1.94866195e-01 -8.14502314e-02
  1.59033423e-03 -1.76258862e-01  9.81919691e-02  1.82974607e-01]