http://erau.edu/ontology/meme.owl#StopStaringAtMeWithThemBigOlEyesMeme
[-1.59757033e-01 -1.37100890e-01  3.72077450e-02 -1.22411530e-02
 -3.47614922e-02  5.33877499e-02  1.68105170e-01  7.54176378e-02
  5.89047000e-03 -9.24202874e-02  1.07393861e-01 -5.23215272e-02
  2.97709592e-02 -3.21128033e-02 -1.09618813e-01  9.50885750e-03
  1.04313493e-01  1.81838527e-01  1.96022809e-01  1.13996483e-01
 -2.81013370e-01 -2.10367702e-03  1.42076448e-01 -5.07539101e-02
  2.18006149e-01 -5.92067018e-02 -5.64541817e-02 -1.40616283e-01
  3.47581416e-01  1.53810844e-01  5.55324815e-02  5.58932014e-02
  5.12488037e-02 -1.75649270e-01  2.28064172e-02  8.23277012e-02
 -2.24686731e-02  5.24699502e-02 -1.02627285e-01 -1.73607752e-01
  5.97406961e-02  1.51453957e-01 -1.50807083e-01  2.45926529e-02
  3.29597713e-03 -6.98173046e-02 -4.55425680e-02 -2.07452774e-02
  1.06942244e-01  3.70223112e-02  3.78602035e-02  2.09157728e-02
 -7.44782612e-02 -1.09438814e-01 -3.74802873e-02 -3.55785713e-02
  1.25991628e-01 -2.96429675e-02  6.03706613e-02  1.49415061e-01
  1.08723827e-02 -8.35280567e-02  1.50324509e-01  2.21271440e-02
 -2.23319694e-01 -4.61273268e-02  5.37628829e-02  1.19026164e-02
 -5.91515712e-02 -6.18453696e-02 -1.81434788e-02  8.43420178e-02
  1.08265489e-01 -4.51255105e-02  3.29285227e-02  6.91237003e-02
 -9.52347219e-02  6.00840673e-02  1.37180150e-01  9.38371718e-02
 -1.06529742e-01 -9.74063873e-02  4.57222853e-03 -1.04075991e-01
  4.27136719e-02 -1.41793087e-01 -1.15846410e-01  1.64652124e-01
  1.44940943e-01  1.95201226e-02  3.44376974e-02 -2.68520653e-01
  2.53967084e-02 -1.79705545e-02 -7.53798112e-02  2.19062269e-02
 -1.17367767e-01 -1.19694453e-02  6.54834509e-02 -1.42887205e-01
  5.02072833e-02  6.36234805e-02  1.54655471e-01 -1.01802029e-01
 -4.04266492e-02  6.20231405e-02  1.34504259e-01 -9.91900563e-02
  5.86152375e-02 -5.57834329e-03  5.60909957e-02 -5.45558110e-02
 -1.33655861e-01 -3.49987336e-02  1.04926266e-01  9.57474932e-02
 -1.61006346e-01 -2.58437604e-01  5.09869047e-02 -3.51637267e-02
  1.31247431e-01 -8.41210261e-02 -5.23313181e-03  1.17264435e-01
  7.29329735e-02 -1.56814709e-01 -3.25574214e-03  1.49378730e-02
  3.07573806e-02  4.24721614e-02 -1.65453255e-01 -6.34867549e-02
  2.26828852e-03 -1.07496515e-01 -9.03103799e-02  8.88417587e-02
 -2.66936235e-02 -1.54282272e-01 -1.61224425e-01  2.28008870e-02
 -2.65886664e-01 -1.20259352e-01 -2.06180383e-02  4.30934206e-02
  1.82304278e-01 -1.01210259e-01  1.37986213e-01 -9.98608768e-02
  6.82989582e-02  1.46093562e-01 -1.00369595e-01 -1.84473902e-01
 -2.60258242e-02  9.49845184e-03 -5.10981567e-02  9.52752680e-02
 -1.38245657e-01  1.77337617e-01  7.91833997e-02 -2.73607560e-02
  6.71932474e-02 -1.30879551e-01  2.14370321e-02 -3.11643444e-02
 -1.70291692e-01 -2.07063153e-01 -1.76053494e-01  3.33266556e-02
 -1.23275787e-01  7.17263073e-02 -1.23763904e-02  1.82897195e-01
  1.65172487e-01  5.02473563e-02  2.29795910e-02 -5.98857217e-02
 -1.02723762e-01 -6.62960345e-03  1.46990716e-01 -4.00809497e-02
 -1.33840963e-01  7.61948749e-02  6.12994507e-02  6.97730929e-02
 -8.78988206e-02 -2.81187892e-02  1.87020861e-02  5.08593023e-02
  2.35281140e-01 -8.99585858e-02  3.69524397e-02  3.86336856e-02
 -1.62035123e-01 -1.07422449e-01  4.31592204e-03  5.28133288e-02
  4.07091007e-02  1.11120671e-01 -9.97317210e-02 -2.12153476e-02
  1.92419309e-02  3.89009801e-05  5.72609976e-02 -1.00010838e-02
 -7.13012144e-02 -2.28061169e-01  1.00291677e-01 -4.83597890e-02
  1.41555309e-01  1.58103779e-01  2.75378585e-01  1.25439510e-01
 -7.53386617e-02 -1.27541214e-01  1.66337103e-01 -2.74089668e-02
 -1.13075525e-01 -1.43300101e-01  2.42329221e-02  1.43735200e-01
  2.52440155e-01  7.21973851e-02 -1.63195044e-01 -5.82828224e-02
  4.99800704e-02 -8.21830183e-02 -1.50358275e-01  2.19082069e-02
 -4.23326865e-02 -7.46705458e-02  1.39195863e-02  1.04811136e-02
 -5.00879213e-02 -8.83085728e-02  5.29884435e-02  4.44649309e-02
 -1.15255877e-01 -6.29353076e-02  2.03824043e-01 -1.28501952e-01
  5.20154350e-02  7.38944635e-02  2.38775387e-02 -5.88364899e-02
 -2.75926352e-01 -8.92332569e-03 -1.48749456e-01 -7.18231574e-02
 -8.26149359e-02  9.36439559e-02  9.15741399e-02 -3.20914052e-02
  2.25708678e-01 -3.99677157e-02  1.70066610e-01 -7.92546272e-02
 -9.27839205e-02  6.21793466e-03 -5.47172725e-02  9.61056799e-02
 -6.19274415e-02 -1.13834515e-01  6.50936961e-02 -8.19576830e-02
 -5.71678504e-02 -4.62460220e-02 -8.44874419e-04 -4.98872474e-02
  4.15582843e-02 -3.96085940e-02 -4.25136313e-02  9.21892002e-03
  2.23514307e-02  5.27931787e-02  2.37378553e-01 -7.08055347e-02
  7.07210153e-02  4.31946628e-02 -3.03806607e-02  3.59875299e-02
  1.62783921e-01  1.30427077e-01 -1.08626112e-01 -1.20946877e-01
 -1.13847017e-01  2.75567104e-03 -3.85949276e-02 -1.09326374e-02
  5.41649610e-02  2.97630858e-02 -2.89502870e-02 -7.24667087e-02
  4.56718281e-02 -1.30717501e-01  8.34153965e-02  2.65946630e-02
  1.49506897e-01  2.97804251e-02 -1.66786700e-01 -1.38867259e-01
 -1.24885432e-01  5.65926433e-02  9.95783657e-02  1.01126544e-01
 -2.45156083e-02  7.34958202e-02  2.61577100e-01 -1.01714626e-01
  7.03823613e-03 -5.14498306e-03  1.41673967e-01 -2.62952864e-01
  8.44517425e-02  8.81216526e-02 -1.41762514e-02  6.48700446e-02
  5.98152122e-03  6.15967736e-02  3.76335643e-02 -1.03093773e-01
  1.15159385e-01 -1.69901401e-01  1.05123460e-01  1.51897192e-01
 -1.39985561e-01  4.32458445e-02 -1.56840876e-01  2.71844808e-02
  2.03225717e-01  1.50810182e-02 -3.93696278e-02  5.82872983e-03
  1.96438774e-01 -2.04888713e-02 -7.20272586e-02 -1.84336334e-01
  1.30614731e-02  1.46935627e-01 -1.03567697e-01  1.19385332e-01
 -9.65758972e-03  1.66202322e-01 -6.90524578e-02  1.44728832e-02
 -2.13128969e-01  6.94552436e-02 -2.08558142e-01  1.82906628e-01
 -3.15733105e-02 -1.37355968e-01 -5.80945797e-02  1.14171214e-01
 -1.67333141e-01  2.06421196e-01 -2.18860760e-01  1.08804688e-01
  6.28018305e-02 -1.04942441e-01  2.41847605e-01 -6.10718690e-02
 -1.56414166e-01  1.93590075e-01 -7.34789595e-02 -3.96683477e-02
  2.90763937e-02 -5.35748079e-02 -1.14411533e-01 -2.26912666e-02
 -5.11846766e-02  3.82974893e-02 -2.29253937e-02  7.59610310e-02
 -1.82553932e-01  6.40300736e-02 -1.84706617e-02 -4.65740487e-02
 -8.86186287e-02  3.86443771e-02  1.07535444e-01 -8.06320533e-02
  1.20312512e-01  2.22829491e-01 -1.08910307e-01 -7.01781288e-02
  1.78876281e-01 -2.26776510e-01 -2.40387365e-01  3.31442595e-01
 -1.26937702e-01 -2.63426870e-01 -5.89333624e-02  1.55538902e-01
 -7.96220973e-02  3.40516776e-01 -7.30233192e-02 -4.15309548e-01
  1.13717765e-01  1.24085307e-01  3.81868482e-01 -1.17722370e-01
 -1.16735503e-01 -1.19589590e-01  1.37929094e-03 -3.76927167e-01
 -2.45026350e-01 -6.56022877e-02 -2.52254829e-02  4.11512017e-01
  1.54609665e-01  7.12025091e-02  1.97533205e-01 -1.65113345e-01
 -3.19758177e-01 -6.49209693e-02  9.09847207e-03  5.53206578e-02
 -7.62726143e-02 -6.34869859e-02 -4.43760678e-02  5.89637421e-02
  1.27694204e-01 -1.14498511e-02 -1.00029737e-01 -5.95770292e-02
  6.69686031e-03 -2.20822886e-01 -2.61415280e-02  7.42372945e-02
  1.22011468e-01 -1.11728400e-01  1.14859939e-01  2.79852927e-01
  1.03252612e-01 -9.53231156e-02  1.67210147e-01  1.76393673e-01
  4.64876778e-02 -6.81084767e-02 -1.02621864e-03  7.50559345e-02
  7.82953650e-02  1.28524467e-01 -8.12331438e-02  3.65739793e-01
 -2.78802037e-01 -1.97205432e-02 -1.82080641e-01 -1.85666949e-01
 -4.48438479e-03  1.29458196e-02  6.25307336e-02  8.26800540e-02
  5.04201986e-02 -8.16269517e-02  2.18189597e-01  4.15877476e-02
  8.78662020e-02  5.89768328e-02  1.90656126e-01 -4.12134230e-02
  2.62605399e-01  1.52375534e-01  1.48034394e-01 -4.18786295e-02
 -4.72730137e-02  1.12028837e-01  9.30515155e-02 -1.66163310e-01
 -9.09144878e-02  8.63345489e-02  1.00306772e-01 -4.07311246e-02
  2.06214592e-01  1.43507093e-01 -4.08149920e-02 -2.30955273e-01
  8.13397840e-02 -2.72323400e-01  1.70608368e-02  1.66897401e-01
  4.23588902e-02 -3.90886329e-02 -8.56768861e-02  3.79853696e-01
 -1.15274921e-01 -2.82712430e-01  8.55271444e-02 -1.06280416e-01
  1.90981582e-01  1.04124703e-01 -3.63855548e-02 -3.07291048e-04
  4.89424281e-02  4.77769785e-02  1.29465312e-01  8.98544416e-02
  1.10169321e-01 -1.30996823e-01  1.29720017e-01  2.13299781e-01]