http://erau.edu/ontology/meme.owl#YoungDarthVaderMeme
[-0.09821825 -0.11785694  0.06654032 -0.00892233 -0.03260815  0.06316679
  0.18408854  0.14851919  0.01997048 -0.09245638  0.09649043 -0.0530733
 -0.09420063 -0.1170086  -0.19617584  0.05107585  0.13077722  0.06582329
  0.04567469  0.17485784 -0.19589712  0.03022057  0.13459128 -0.18623334
  0.21475416 -0.07167016  0.07072297 -0.14768086  0.31000668  0.03642778
  0.10481848  0.07391455  0.07271528 -0.12698938 -0.04489158  0.12917382
 -0.01217912  0.13386643 -0.08435457 -0.19125007  0.01211062  0.25365183
 -0.24700595 -0.06159782  0.05945328  0.03528772  0.01177547  0.02288192
 -0.03023173  0.08466281  0.10199463 -0.04077525 -0.08261078 -0.12819724
 -0.09205544 -0.13954993  0.09562446 -0.10178439  0.1684881   0.07297017
 -0.01589471 -0.16121234  0.11465363  0.09002032 -0.15933838 -0.1075649
  0.11207792 -0.05861115 -0.11643086 -0.11957474 -0.11245956  0.09228041
  0.23136182  0.06299611 -0.03903457  0.2017099  -0.06421086  0.13012627
  0.12443987  0.02866218 -0.03413619 -0.24630937 -0.09819244 -0.1554389
  0.08956605 -0.22115813 -0.11963085  0.03045665  0.07447982 -0.10861523
  0.01159456 -0.28869256  0.09293535 -0.0823779  -0.02899186  0.06034035
 -0.0322111   0.05432874  0.05791772 -0.14227214  0.11221217 -0.03674005
  0.26067123 -0.1292369   0.01091711  0.01652732  0.1129953  -0.14343579
  0.02300184  0.06085271 -0.0145606   0.14129193 -0.13619721 -0.16179952
 -0.01347698  0.04634057 -0.31536165 -0.17782341  0.05966809  0.04007513
 -0.05932627  0.00481087 -0.12752143  0.03322974  0.04032188 -0.19898678
  0.06032543 -0.03456242  0.04483075  0.03034318 -0.19403362 -0.04889305
  0.00279186 -0.00920755 -0.10435496  0.10942058  0.04818035 -0.03498782
 -0.21619512  0.11734769 -0.26963255 -0.05695417  0.04940328  0.06635699
  0.1639791  -0.27227923  0.15590934 -0.0916651  -0.00646692  0.13267837
  0.04263965 -0.05893834 -0.09063762 -0.09242223 -0.01701872  0.07859328
 -0.16106309  0.1094602   0.06393537 -0.13496448  0.16254869 -0.13235033
  0.05234316 -0.11537363 -0.17252177 -0.09763801 -0.09509109  0.1360453
 -0.22454852  0.1852864   0.01388286  0.2546532   0.22184525  0.16339444
  0.05062759 -0.09349176 -0.1879121  -0.04048776  0.10275411 -0.06527567
 -0.09365341  0.12242256  0.01514001  0.05267688 -0.11933041 -0.01428974
  0.1023632   0.00090933  0.21206981 -0.04990225  0.03529347  0.03820608
 -0.2454273  -0.09507608 -0.06715792  0.0364807   0.03795141  0.12356777
 -0.06797469 -0.03503506 -0.04409457  0.02925855  0.1617591  -0.06497362
 -0.06106896 -0.290482    0.0671439  -0.00764309  0.04920173  0.18233992
  0.27922025  0.10339808 -0.01601459 -0.11653898  0.15302514  0.06097873
 -0.19022158 -0.13629521  0.21580926  0.0880525   0.31576204  0.10915157
 -0.13246502  0.04986614  0.06150045 -0.058599   -0.21642457 -0.00547833
  0.04807337  0.0130748   0.16259824 -0.07680734 -0.11983789 -0.13626182
  0.02348688  0.0775428  -0.11973619 -0.04048811  0.05741809  0.01023108
 -0.02153919  0.03759159  0.10347793 -0.0260741  -0.20791914 -0.0772409
 -0.20089692 -0.01737568 -0.10158541  0.09741148  0.11845463  0.04719635
  0.12751614  0.07322525  0.11375047 -0.02736806 -0.11535895 -0.09635735
  0.01220497 -0.02383694 -0.02711212 -0.18389128 -0.00043594 -0.18830575
 -0.0788704  -0.16844434 -0.10851227  0.02358051  0.16899094 -0.0908046
  0.02251093 -0.1323462  -0.0287165   0.09361976  0.21059835 -0.05197674
  0.10068087 -0.09944993 -0.10048384  0.1092701   0.15978147  0.11178493
 -0.03574695 -0.10835025 -0.1846056  -0.02625821 -0.00722781 -0.06867437
 -0.04211185 -0.07171042  0.1481464  -0.11324389 -0.05177284 -0.12748514
  0.0157702   0.06511421  0.15990083 -0.06412356  0.05081763 -0.10747397
 -0.2555157   0.0430587  -0.04840878  0.08531863 -0.03694753 -0.06314973
  0.13319384 -0.08052472 -0.0855086   0.19252163  0.27350992 -0.1551951
 -0.00371722  0.07530175  0.03092304  0.038948   -0.02398997 -0.05922167
  0.14259845 -0.08997381  0.0581775  -0.1807785   0.13116048  0.1226024
 -0.03504414  0.03499185 -0.08851589  0.0429461  -0.00138554 -0.03940716
  0.03013256  0.08447859 -0.02864062 -0.08746384 -0.11644306 -0.1680228
  0.07901548  0.17185515 -0.1357479   0.01779701  0.07437292  0.13081846
 -0.06936146  0.03479761 -0.05637669  0.06527168 -0.11333781  0.08012298
 -0.03019744 -0.11407539 -0.06216982 -0.02013596 -0.07793075  0.16987169
 -0.23761605  0.04442092 -0.0867008  -0.10801619  0.14088117 -0.02390418
 -0.12242321  0.05605809 -0.04800238 -0.06602504 -0.06938817  0.09176406
 -0.09581531  0.04492756 -0.15115425 -0.03149971 -0.02156901  0.03805616
 -0.22198822  0.05931421 -0.02025765 -0.13286749 -0.22019674 -0.0259344
 -0.05133392  0.01381833  0.02834998  0.10724764 -0.14361443 -0.03635409
  0.06888124 -0.11144871 -0.1250155   0.14510538 -0.06596529 -0.06424025
 -0.01811944  0.09917832  0.01822711  0.22569124 -0.18495788 -0.25275412
  0.05425096  0.12710288  0.2415132  -0.03129338  0.00138171 -0.18258677
 -0.01604749 -0.20156564 -0.15754744 -0.03336591 -0.05994536  0.25245652
  0.17279188  0.15919052  0.04844248 -0.22200175 -0.13757217 -0.08121766
 -0.00118423 -0.03131941 -0.065414   -0.06530884 -0.01643188  0.01217394
  0.17525962  0.08944069 -0.13702612  0.09380107  0.00095641 -0.06972529
 -0.02620448  0.18082942  0.11935497 -0.14618441 -0.06215252  0.17360406
  0.10834696 -0.07101868  0.30610678  0.10177494  0.0586978  -0.10359287
  0.04969779  0.05609053  0.03038879  0.05552601 -0.12714839  0.24169321
 -0.17327534  0.04472583 -0.13886292 -0.12219432  0.04767918  0.02952149
  0.06187741  0.0502113   0.07318722 -0.05825223  0.23404627  0.00897882
  0.03977164 -0.08755115  0.08268928  0.02311791  0.13768388  0.11862276
  0.10425764 -0.02388804 -0.03657255  0.13841553  0.04292979 -0.03793659
 -0.010473    0.06367691  0.20304006 -0.00686591  0.28754395  0.17345165
 -0.01898679 -0.01793722  0.06662221 -0.1980038  -0.04460137  0.04713729
  0.05872541  0.063252   -0.09112643  0.3163217  -0.04949489 -0.18520896
  0.03864264 -0.01022449  0.06242627  0.07365397 -0.08715426 -0.01226302
  0.09567019  0.04969972  0.11032057 -0.0067645   0.06529222 -0.03003106
  0.06394637  0.11840476]