http://erau.edu/ontology/meme.owl#BinocularGuyMeme
[-0.08906244 -0.14096005  0.00474287  0.05163535 -0.07980282  0.10320579
  0.11878752  0.17319928 -0.04439967 -0.09853702  0.1571429  -0.10901614
 -0.0267285  -0.15409926 -0.02463074  0.13508768  0.04779848  0.12173229
  0.02836122 -0.00928148 -0.2500261   0.06084892  0.0252306  -0.09068875
  0.17556483  0.01863324  0.02970685 -0.1005668   0.174392    0.12833497
  0.1612699   0.07999405  0.0486683  -0.10245899 -0.04624592  0.15014507
 -0.08089247  0.09966465 -0.04330426 -0.16053052  0.13583776  0.3313209
 -0.16455692  0.04223005  0.1319172   0.05716159 -0.08343928 -0.15448503
 -0.04960404  0.08672334  0.12962922  0.0295123  -0.13208812 -0.22783417
 -0.15976058 -0.02821091  0.20744267 -0.19002004  0.01668264  0.22500585
  0.07641212 -0.10351142  0.13097021  0.01286936 -0.14943528 -0.21572196
 -0.01623018 -0.02720931 -0.11431139 -0.13351054 -0.11312808  0.04000914
  0.10228895  0.0559419   0.06131864  0.15194388 -0.2101567   0.08496136
  0.14778472  0.0717784   0.04483207 -0.04583404  0.01375882 -0.05954234
  0.15071927 -0.07273312 -0.16061294 -0.01324973  0.13432212  0.01479904
 -0.01515559 -0.19757003  0.08411326 -0.09699669 -0.06491042 -0.01212236
  0.04217304  0.09106667  0.03055126 -0.05378972  0.2391538   0.20262058
  0.35671744 -0.01487612  0.09536976 -0.03082073  0.21686873 -0.00063424
 -0.07360817 -0.04273123  0.05417692 -0.04732307 -0.13059597 -0.0824983
 -0.00179604  0.05992715 -0.3402747  -0.29246527 -0.04596002 -0.05948625
 -0.09569122 -0.02584533 -0.05994414  0.28479576  0.25097278 -0.18641032
 -0.08734038 -0.01849169  0.0383389   0.00652045 -0.3352652   0.03391337
 -0.07701525 -0.14828418 -0.1392484   0.12559596  0.05639584 -0.11400082
 -0.26300043  0.0179391  -0.32876155 -0.02018824  0.0374706  -0.05991937
  0.43658766 -0.23455508 -0.01804022 -0.15096225 -0.05299586  0.22339235
  0.01650612 -0.12150492 -0.00092191  0.16996217 -0.16603579  0.19329633
 -0.25204736  0.3212304   0.01492576  0.00309951  0.00700726 -0.16861907
  0.0065899  -0.03947411 -0.20711036 -0.22091743 -0.14302382  0.03173557
 -0.3627007   0.11982683 -0.00625243  0.19615163  0.27279523  0.17760834
  0.02948532 -0.09379369 -0.09403469  0.00525841  0.14666773 -0.1500903
 -0.12385556  0.12534419  0.1595777   0.12923247 -0.10213585 -0.1060143
  0.25131822  0.06728506  0.23068537 -0.08957474  0.0567016   0.0134341
 -0.14876123  0.02271122  0.09851072 -0.06940214 -0.04251292  0.11942262
 -0.12209549 -0.01978475 -0.01235295 -0.03210707  0.04789136 -0.04210491
 -0.13311052 -0.15545419  0.0320536  -0.03698414  0.09804837  0.11664971
  0.25984514  0.00668646 -0.15404287 -0.09246619  0.18530934 -0.0605548
 -0.11757688 -0.03692799  0.07893185  0.14915566  0.02392983  0.15030296
 -0.18739894  0.06931438  0.00811224 -0.0365382  -0.09521592  0.0659115
 -0.04534863 -0.09328137  0.12423855 -0.07395558 -0.23732276 -0.13803287
 -0.01169921  0.01122872 -0.12499912  0.02026965  0.09158015 -0.239506
 -0.09320946 -0.04425732  0.02928447 -0.00337565 -0.2570318  -0.05433193
 -0.1957649   0.0422565  -0.06905653  0.0502838   0.10403586 -0.03934082
  0.14170785  0.05734382  0.23180148 -0.11248325 -0.15391041  0.0525411
 -0.01490846  0.17754562 -0.10037653  0.00340699  0.05426571 -0.05376758
 -0.17358787 -0.17413694  0.02367349  0.02553827  0.05923849 -0.12046187
 -0.11512906 -0.1939236  -0.09222651  0.12684901  0.10713926  0.04349881
  0.251765   -0.03080806  0.06995051  0.1322784   0.12838517  0.09269193
  0.01408248 -0.09631358 -0.14179455  0.06107952 -0.0992128  -0.11869644
 -0.04715006 -0.09296956  0.08053631 -0.04185326  0.06576868 -0.05003629
  0.04709934  0.06803293  0.12437933  0.10528915 -0.2057498  -0.00626085
 -0.28043205  0.08274888  0.01609152  0.13929373  0.02816345 -0.00596287
  0.1979221  -0.060829   -0.01979116  0.07507943  0.23210259 -0.22155704
  0.08725084  0.02625993 -0.09019437  0.04364593 -0.08885805  0.11147805
 -0.01148997 -0.15456663  0.13755679 -0.07435144  0.19539149  0.07339286
 -0.05498645  0.07979613 -0.06565854  0.01643614  0.15442738 -0.00894729
 -0.03952058  0.01964433  0.09226869 -0.13391176 -0.11869667 -0.19674185
  0.1483922   0.10284405 -0.1270229   0.1369599  -0.0432539   0.23470868
 -0.04190259 -0.0908297  -0.10577988 -0.14312202 -0.14627875  0.15921229
 -0.1102322  -0.06557598 -0.13547626  0.09685477 -0.11274105  0.2236346
 -0.1842737   0.1813414  -0.00431226 -0.06419433  0.26814136 -0.10058664
 -0.1267273  -0.0279746   0.1009414  -0.05914322 -0.09647778  0.01645488
 -0.13756108  0.12932062  0.06414162  0.06014373 -0.03176734 -0.00437192
 -0.23079878  0.04078983  0.10863496 -0.1367496  -0.07507934  0.11623775
  0.09630889 -0.1115111   0.05696595  0.146389    0.04807471 -0.12256818
  0.05992066 -0.04054928 -0.12883908  0.20451373  0.07332968 -0.13976811
 -0.1241204   0.03991063  0.03600826  0.2081084   0.01300465 -0.26302826
 -0.02449751  0.02780188  0.29127568 -0.0143934  -0.05800235 -0.11349937
  0.09440695 -0.20986974 -0.21418393  0.02242403 -0.14594299  0.18701361
  0.15613718  0.01645139  0.03981368 -0.3138012  -0.14733756  0.04435431
 -0.09087986  0.02597052 -0.11467642 -0.18873677 -0.10653817  0.13674688
  0.03170056 -0.12315399 -0.16117427  0.06430838 -0.09597133 -0.02851955
  0.08640108  0.02250223  0.17648897  0.01647021  0.04031629  0.23063202
  0.09275249 -0.25259086  0.1062538   0.07569797  0.12001368  0.06974172
  0.04467129  0.20002815  0.2671911   0.01836563 -0.12107371  0.4299102
 -0.3507037   0.06932838 -0.23204508 -0.05181625 -0.04227683  0.14077751
  0.09724175  0.15417968  0.10048401 -0.0684663   0.22771136  0.04017278
  0.21870258  0.04468177  0.17551383  0.1518383   0.07866815  0.16598932
  0.15337509 -0.15244563 -0.07088904  0.07980345 -0.07865768 -0.14544965
 -0.08189056  0.12750117  0.20166276 -0.02528259  0.21148492  0.17303886
  0.02469645 -0.1354258  -0.00586097 -0.15671037 -0.00719567  0.14818104
 -0.10305049 -0.11882442 -0.15019965  0.23762783 -0.20215027 -0.28310177
  0.01097783 -0.15131792  0.00901299  0.08986087 -0.0987707   0.03976625
  0.0135864   0.09876076  0.08937935  0.10838418  0.00055159  0.021355
  0.05510111 -0.01553514]