http://erau.edu/ontology/meme.owl#TedCruzZodiacKillerMeme
[-0.15635398 -0.16999668  0.03383719 -0.02165416 -0.07344558  0.09281366
  0.17572634  0.23212156  0.02789041 -0.10602728  0.07649099 -0.08584316
 -0.01168562 -0.07119791  0.03466644  0.07507244  0.04439413  0.10044574
  0.06382819  0.05572255 -0.24017827  0.14127016  0.13518971 -0.07094365
  0.13511842  0.12488239  0.17559539 -0.07830589  0.19488928  0.06067018
 -0.00575665 -0.00317913 -0.03091985 -0.10598171 -0.10163855  0.07889124
 -0.06943291  0.06812607 -0.1184328  -0.12336042  0.0871011   0.15865757
 -0.11731156  0.06147831  0.09646007  0.05506112 -0.04364426 -0.12546283
  0.07488011  0.02969148  0.12321249 -0.02337833  0.01434461 -0.08318073
  0.03638058 -0.06546081  0.10161835  0.08198263 -0.05128868  0.06011982
 -0.08145957 -0.07622522  0.03890857 -0.02103739 -0.09358809 -0.03140139
  0.02893362  0.02020019 -0.05049457 -0.08866153 -0.05182977  0.07423808
  0.03285557  0.01734059  0.05093683  0.06193732 -0.16384533  0.01424129
  0.10894408 -0.01845024 -0.07207862 -0.04761939 -0.0529776  -0.15702498
  0.0169514  -0.1512918  -0.16693848  0.16352205  0.07290483 -0.01421983
  0.07734721 -0.22331099  0.1204619   0.0071641  -0.0251652   0.03447709
 -0.04489765  0.02612945  0.02290532 -0.1453919   0.09878277  0.01303128
  0.25287637 -0.07205097  0.09463353 -0.03342278  0.12592357  0.02999081
  0.03506181 -0.06454817  0.06211175 -0.00887952 -0.06832954 -0.09283529
  0.01156897  0.0633479  -0.2152712  -0.14115746 -0.02966582  0.01876375
  0.04712639 -0.04367528 -0.01782537  0.10652076  0.11556422 -0.15068677
  0.02715637 -0.00847099  0.16164082  0.07913083 -0.14393692 -0.0064196
 -0.03474484 -0.02891218 -0.12445273  0.10503937 -0.00533562 -0.11530185
 -0.13393138  0.05557333 -0.2244895   0.02014427  0.00679968 -0.01614335
  0.17441724 -0.10230337  0.08999036 -0.15463574 -0.02678103  0.14359194
 -0.11062509 -0.05207496  0.00488737  0.0892169   0.01312692  0.11327332
 -0.04086754  0.17733546  0.02155229 -0.10143901  0.04282378 -0.16188838
 -0.05126682 -0.06157126 -0.12953845 -0.2098635  -0.06724489  0.02409423
 -0.13663137  0.14834508 -0.0191412   0.09268158  0.0517275   0.09897594
 -0.01947185 -0.06667266 -0.06186887  0.02307408  0.13928032 -0.01944468
 -0.00273671  0.04031603  0.0142124   0.11339165 -0.0145355  -0.04243152
  0.0557132   0.06515895  0.2266051   0.01579511  0.07858689  0.01135023
 -0.08629223 -0.03523716 -0.05623007  0.11747566 -0.07326962  0.0518091
  0.03660142 -0.0651289  -0.09377111 -0.06035496  0.06230522 -0.11215503
 -0.03677581 -0.14138623  0.11862085  0.02924564 -0.07632221  0.04701648
  0.16962105  0.0197111  -0.00459797 -0.06649718  0.13464285 -0.02057142
 -0.10820554 -0.0540076  -0.00963718  0.08362842  0.21912701  0.05313312
 -0.10019507 -0.04783787 -0.0100762   0.01081508 -0.16010803  0.01420995
 -0.04066169  0.01635943  0.13476402  0.07805137 -0.08686616  0.0300688
  0.15294173 -0.01662694  0.00212847  0.09856542  0.21596888 -0.16422631
  0.04162102 -0.05803923  0.02279218 -0.02911766 -0.11067174 -0.00205834
 -0.18271102 -0.01264057 -0.03681865 -0.08493739 -0.0033927  -0.07845231
  0.1443512   0.02920504  0.10366762 -0.04423985 -0.09705261 -0.01591543
  0.08228422  0.09137032 -0.03075253 -0.05981499  0.01035643 -0.12199454
  0.02705552 -0.2597859  -0.17209604 -0.03933381  0.01841257 -0.01156909
 -0.00913117  0.06125117  0.00486098  0.10729155  0.08689728 -0.09172029
  0.07542004 -0.02522297 -0.06585618 -0.01812447  0.1040752   0.07165938
  0.00581958 -0.04289342 -0.17872275 -0.02077987  0.05655584 -0.0809112
  0.06547823 -0.03288689 -0.05316031  0.07234944  0.01860527  0.02354015
  0.04092606 -0.03153957  0.03695739  0.00373157 -0.06709579 -0.03898792
 -0.11180069  0.02804981 -0.06381928  0.22459254  0.00624809 -0.01773544
  0.2055503  -0.00635269  0.10392084  0.04651006  0.01638508 -0.17023279
  0.0659754   0.13463971 -0.02594781  0.04418029 -0.02040834  0.05406114
 -0.03574447 -0.06715918  0.05284474 -0.13438769  0.1855575   0.09394239
 -0.05819635  0.04097543 -0.10800148  0.01164725  0.15249364 -0.06999459
  0.00738955  0.02079045  0.14293185 -0.0511132  -0.18814701 -0.25576842
  0.13323428  0.04094125 -0.12127457  0.14068627  0.03845712  0.08038606
 -0.03157427 -0.0019345  -0.14869179 -0.04153209 -0.1004059   0.09042986
 -0.02121729 -0.11217822 -0.11069126  0.05916298 -0.23133473  0.24992679
 -0.15924078  0.1826686   0.03158853 -0.10509288  0.2308879  -0.06077724
 -0.19941145  0.08400039  0.02799181  0.06626984  0.04989055 -0.07650626
 -0.12594339  0.136684   -0.03829103  0.00333532 -0.03298029 -0.05719969
 -0.16204813  0.07255728  0.05031879 -0.08557168 -0.16205437  0.09762691
  0.03217084 -0.02193747 -0.01228401  0.1734505  -0.03535696 -0.11530683
  0.1007894  -0.09170492 -0.17113557  0.17375988 -0.09020576 -0.13639316
 -0.10787671  0.10079837 -0.00361046  0.27613088 -0.05302844 -0.29905167
 -0.01390037  0.03824158  0.28805128  0.0119963  -0.07977369 -0.03410257
  0.01642944 -0.24883325 -0.14893469  0.0460695   0.02672019  0.3076313
  0.15536164  0.09268001  0.18690713 -0.18968257 -0.17899595 -0.00267497
 -0.03669433 -0.0267736  -0.15440737 -0.07083184 -0.01773047  0.15036425
  0.16751328  0.02937071 -0.19470651  0.11007284 -0.04485554 -0.26372683
 -0.07056632  0.15467167  0.12427282 -0.10638016  0.07746463  0.34560782
  0.11605957 -0.21491475  0.16690493  0.20677152  0.02361767  0.02350858
  0.03657308  0.12650593  0.06084     0.0938465  -0.11928504  0.32844427
 -0.31539828 -0.02100577 -0.23573545 -0.12027908  0.00472692  0.08701119
  0.10089329  0.11899877  0.04598036 -0.06923626  0.13149777 -0.01753183
  0.03530351  0.08454569  0.08097617 -0.0106154   0.21811584  0.05261788
  0.15485065 -0.11572722 -0.1131591   0.18214138 -0.05833931 -0.18002681
 -0.07340282  0.04537835  0.19913274  0.00547884  0.24032396  0.18604207
  0.00298661 -0.18698509  0.06229434 -0.2565684  -0.02158344  0.06679142
 -0.00616284 -0.06169716 -0.14020224  0.4521129  -0.14629573 -0.19446485
 -0.01080235  0.00620529  0.16496235  0.14353397 -0.09074946 -0.0088208
 -0.01806596 -0.10669883  0.2424403  -0.0505511  -0.06809255 -0.09398188
  0.04488006  0.18145452]