http://erau.edu/ontology/meme.owl#JustineSaccosAIDSTweetControversyMeme
[-0.10135712 -0.15778169  0.03912973 -0.01449071 -0.01541596  0.11369339
  0.17260732  0.11528502 -0.07746928 -0.05550765  0.0939899  -0.06091305
  0.06439856 -0.03383824 -0.0490787   0.0679443   0.028693    0.08778333
  0.08288391  0.07453611 -0.20954141  0.02448379  0.08856657 -0.07119437
  0.11467218 -0.02304732 -0.00570419 -0.11217361  0.33318886  0.21588962
  0.08839545  0.17551576  0.01625501 -0.08905432  0.01515407  0.14346461
  0.02056502  0.05901054 -0.1266139  -0.18209529  0.08088559  0.11412466
 -0.01671785 -0.009151    0.10231815 -0.00724407  0.09890186 -0.04095531
  0.05166742 -0.00291122  0.10647947  0.04397818 -0.01947061 -0.1960571
 -0.15321656  0.05929453  0.10646675 -0.09238888  0.07092617  0.10716334
  0.00473663 -0.02321554  0.12955481  0.00972602 -0.11194215  0.03589718
  0.09789758  0.04643741 -0.01876063 -0.13621087 -0.10820505  0.12484389
  0.04454061 -0.05710067  0.02483259  0.01480484  0.04674287  0.07978189
  0.09864626  0.0463271  -0.05824922 -0.11112574 -0.05836819 -0.15916027
  0.02244936 -0.06186577 -0.12247587  0.17316331  0.16392486  0.05593714
  0.02302792 -0.08285862  0.02535785 -0.00480729 -0.1797867   0.01080683
 -0.05158406  0.02067306 -0.0393136   0.03833203  0.10856698 -0.00555704
  0.32816344 -0.03716182  0.02859046  0.08161996 -0.02063256  0.09550829
  0.05442866 -0.12152459 -0.05912647 -0.01976979 -0.03722367 -0.09165955
  0.18701647  0.06149678 -0.15222833 -0.08578837  0.04263755  0.07247645
  0.10496632 -0.02846493 -0.08730955  0.08442489  0.00225065 -0.07902627
 -0.01488524  0.02043699 -0.03492679  0.00116092 -0.21803613 -0.07864586
 -0.04249448 -0.0938772  -0.15612382  0.09498502 -0.05213552 -0.08352638
 -0.03229587  0.11213502 -0.28161535  0.01126557  0.03065598 -0.03969154
  0.16708642 -0.14573674  0.08480281 -0.0651399  -0.00746033  0.05936085
 -0.01033694 -0.12650739 -0.02017012  0.0169695  -0.01244494  0.09358549
 -0.15519957  0.16756362  0.01972642 -0.10436774  0.07895748 -0.08351475
  0.07500892  0.08501151 -0.25803006 -0.20962244 -0.06453046  0.20972617
 -0.20876133  0.15846221  0.01523451  0.19022551  0.21816407  0.0935811
 -0.04607726  0.05252242 -0.00899195 -0.05292753  0.01592919 -0.02906886
 -0.03879002 -0.03763817  0.03596993  0.0308948   0.0231492   0.00923973
 -0.02612605  0.07379822  0.13974054 -0.11660861 -0.02298734  0.04515374
 -0.12971945 -0.04037903 -0.04370497 -0.05147111  0.04928779  0.16435772
 -0.02296553 -0.05819623 -0.00441356 -0.05615483  0.01580086  0.02874974
 -0.01128679 -0.18219866  0.05766226 -0.09968385  0.08831669  0.03770042
  0.10830948  0.10272902 -0.01407376 -0.102803    0.12882285  0.05101014
 -0.15134482 -0.03883279  0.068814    0.06159671  0.10593136  0.06992106
 -0.10323828 -0.05003502  0.05004163  0.05455957 -0.14257611 -0.03190443
 -0.04943036  0.06670519 -0.05320463  0.04323054 -0.1233513   0.00563536
  0.0230138   0.01520697  0.03297376 -0.15282784  0.1487972  -0.1513559
  0.04737857  0.01916762  0.02241913 -0.00746231 -0.13338837 -0.04196395
 -0.03763451 -0.07081345 -0.02053195  0.02587017  0.07511169  0.02564171
  0.18384698  0.10185888  0.15337853 -0.09423245 -0.13250224 -0.02433952
 -0.01129477  0.02268934 -0.13274913 -0.10891717 -0.02375468 -0.2234931
  0.07259663 -0.22355318  0.10459602 -0.0182665   0.03381985 -0.08107821
 -0.08382018 -0.04947317  0.03328539  0.04330548  0.12367722  0.00469205
  0.12285501  0.00263514 -0.10258641 -0.06334186  0.16791871  0.03016129
  0.01821247 -0.04551597 -0.11514064 -0.02687449 -0.11120175  0.01314076
 -0.01433028 -0.09859273  0.04953941 -0.10487111  0.04261646 -0.0262981
  0.05845729 -0.029127    0.08569658  0.0377563  -0.2005759  -0.13304175
 -0.1905703   0.0371165   0.00886135  0.13985471  0.02752149  0.01046155
  0.26089978 -0.04623323 -0.00809212 -0.02139028  0.17705971 -0.24350062
 -0.03130333 -0.03574856 -0.06296678 -0.04441451 -0.01145886  0.06558359
 -0.09992284 -0.01028165  0.10504237 -0.08597111  0.08716037  0.17682663
  0.04389079  0.00310341 -0.09335036 -0.07042403  0.14646618 -0.02612221
 -0.00858268 -0.0662765   0.06295408 -0.07676305 -0.00831297 -0.2877332
  0.0828919   0.22433795 -0.06796303  0.00335852  0.02727309  0.09709697
  0.02089138 -0.00984015 -0.15000647 -0.02964217 -0.04069164  0.12983143
 -0.06365285 -0.11023545 -0.04925032  0.1055233  -0.02990275  0.14820968
 -0.19925626  0.19188663  0.10497094 -0.05652121  0.22933319 -0.04369348
 -0.15283002  0.14174119  0.00383246 -0.05154292  0.06075058 -0.0314125
 -0.03852621  0.11726384 -0.0089827   0.02619271 -0.0503897   0.02932479
 -0.19881669  0.01570598  0.11151396  0.0122043   0.03000612  0.02061052
 -0.08022448 -0.08170293  0.1411523   0.18130013  0.04849249 -0.0449385
  0.12588513 -0.08861719 -0.12366096  0.20288019 -0.0514979  -0.12003443
  0.02467681  0.0888955  -0.03973047  0.2862449   0.05732779 -0.2401624
  0.12236571  0.05836108  0.15768315 -0.0771094  -0.09050743 -0.2318779
  0.0550683  -0.20642771 -0.09222459  0.01321677 -0.05762763  0.37168872
  0.13864203 -0.00233569  0.09102491 -0.18416585 -0.11790896 -0.03819104
 -0.15832326  0.13980053 -0.06020002 -0.10279465 -0.06673979  0.13920438
  0.11302231 -0.0112395  -0.20249327 -0.01956729 -0.00175281 -0.11882797
 -0.08209425  0.0452341   0.04588962 -0.05763009  0.01922135  0.1755006
  0.00261895 -0.04761943  0.12359138  0.31723523  0.03638738 -0.1223727
 -0.00657281  0.09780407  0.1230785  -0.01411072 -0.05285021  0.22006874
 -0.17407332 -0.11614487 -0.20481145 -0.04291766 -0.01357747  0.01401562
  0.09319532  0.19096258  0.17675944 -0.12164533  0.16232595  0.06762452
  0.10060646  0.04566602  0.04692064 -0.04531259  0.14950296  0.07788204
  0.08259138 -0.06354212  0.05885443  0.10840519  0.00208469 -0.12743899
 -0.1403389  -0.0322974   0.12042066 -0.04548493  0.05872149  0.111395
  0.05439794 -0.16399884  0.04212555 -0.12324072  0.05521541  0.16146135
 -0.04260595 -0.02508779 -0.03993177  0.20225124 -0.07772727 -0.09701926
 -0.04606364  0.02427787  0.12158275  0.04909252  0.02234213  0.00875328
  0.03184523  0.0867508   0.1317003   0.04647352 -0.00048922 -0.05428796
  0.05010564  0.0072361 ]