http://erau.edu/ontology/meme.owl#BrianPeppersMeme
[-1.07302234e-01 -6.95650429e-02  5.96188866e-02 -3.61058302e-02
 -3.95250022e-02  1.69931591e-01  1.14448823e-01  2.89327633e-02
 -4.00805399e-02  1.00728152e-02  8.97441879e-02 -4.00178470e-02
  6.08998761e-02  7.35044060e-03 -1.10911503e-01  4.88114990e-02
  2.66897883e-02  6.65818825e-02 -2.77654864e-02 -8.47728085e-03
 -1.14987090e-01  3.46428677e-02  2.06309799e-02 -4.14476879e-02
  1.28852382e-01 -3.89720723e-02  7.00588990e-03  1.09058968e-03
  1.02624394e-01  1.47888079e-01  9.21706185e-02  1.69855088e-01
  5.43502718e-02 -9.04963985e-02 -4.42945883e-02  2.02463970e-01
 -5.88180050e-02  3.98747250e-02 -7.05464557e-02 -1.24236338e-01
  6.08883752e-03  1.19034857e-01 -1.45768866e-01 -8.46806020e-02
  7.06770122e-02  2.07055118e-02  5.88226020e-02 -2.86778733e-02
  1.97029184e-03 -3.28662209e-02  6.17719628e-02  5.33184037e-02
 -3.73999178e-02 -9.62136462e-02 -2.52558708e-01  5.11837341e-02
  8.32905546e-02 -2.32635349e-01  1.46626532e-01  8.83066058e-02
  1.14402138e-02 -7.69091100e-02  1.51080668e-01  6.79963902e-02
 -1.97796375e-01 -7.22987354e-02  1.00030251e-01 -1.62975248e-02
 -6.31430373e-02 -2.03422621e-01 -1.00832783e-01  1.57946676e-01
  9.58147943e-02  1.14587158e-01  5.18384762e-02  1.61304057e-01
 -1.60217211e-01  4.09185030e-02  1.20705478e-01  8.49987641e-02
 -4.31001186e-02 -1.06238134e-01 -7.75894299e-02 -2.22166568e-01
  1.19118340e-01 -7.86813498e-02 -5.94413355e-02  1.82106718e-02
  3.66873993e-03 -2.40114294e-02  2.32983902e-02 -1.62946925e-01
  1.47726551e-01 -4.10090424e-02 -1.48548722e-01  5.50611541e-02
  4.23597284e-02 -6.92866445e-02 -1.12024076e-01  1.16914057e-03
  1.41536072e-01  5.85662201e-02  3.92171085e-01 -8.47039074e-02
  6.79702125e-03  7.39133060e-02  1.87844619e-01 -2.57454365e-02
 -2.37237755e-02 -8.93100426e-02 -4.29671034e-02  3.35319601e-02
 -5.99132217e-02 -1.28871366e-01  1.05822131e-01  3.05995960e-02
 -2.35376582e-01 -1.84908211e-01 -7.09602237e-03  5.77257685e-02
 -6.16631694e-02 -5.55135645e-02 -7.34096244e-02  1.25309050e-01
  1.48436427e-01 -1.00398950e-01  1.86909977e-02  2.42265798e-02
  1.46564767e-01 -3.76036651e-02 -2.94913113e-01 -2.36229692e-02
  1.21843591e-02 -1.32188842e-01 -6.06194474e-02  7.05977008e-02
 -1.40405267e-01  1.51369395e-02 -1.60043344e-01  5.88517487e-02
 -2.83989847e-01  1.57185458e-02  9.73392278e-02  7.21125752e-02
  2.60497898e-01 -2.38730833e-01 -4.84162383e-02 -1.06017441e-01
 -5.79241700e-02  2.06039518e-01 -2.38472298e-02 -1.97211094e-02
 -5.70432469e-02  5.48102371e-02 -1.08048432e-01  6.40331060e-02
 -1.89960852e-01  1.35087848e-01  3.28175947e-02 -7.24138916e-02
  5.81950322e-02 -1.10472098e-01 -1.14666885e-02  8.38541985e-03
 -2.12089956e-01 -9.88160819e-02  4.14263159e-02  1.91454694e-01
 -2.85421282e-01  1.11889236e-01  5.86073548e-02  1.12397060e-01
  2.50721037e-01  2.49077857e-01 -7.55471736e-02 -2.66401866e-03
 -2.38099042e-02 -5.29289208e-02  1.38757646e-01  4.42431495e-02
 -9.40157473e-02  1.31275058e-01  1.22270145e-01  8.43835529e-03
 -8.83939117e-02  1.86326690e-02  6.07669447e-03  9.84590799e-02
  1.47033960e-01 -9.76651162e-02  1.03139341e-01  8.30248594e-02
 -1.56784475e-01 -3.74283418e-02  1.66088287e-02  2.40331404e-02
  2.69281715e-02  2.30736852e-01 -6.53797016e-02 -9.77884047e-03
  1.07140578e-02  6.33526593e-02  6.92563802e-02  3.92812863e-03
 -7.77177438e-02 -1.04433864e-01 -9.31867212e-02 -4.22824882e-02
  1.92207590e-01  7.10355267e-02  1.65067330e-01  1.07545227e-01
 -4.18376289e-02 -1.06188804e-01 -1.37853427e-02 -3.66912521e-02
 -1.47265553e-01 -2.38554813e-02  2.00003222e-01  1.36610165e-01
  8.91470462e-02  1.57665312e-01 -9.41524655e-02  6.86781034e-02
 -1.10348477e-03 -3.90297398e-02 -1.39222056e-01 -3.11403498e-02
 -4.05483693e-02 -5.79008367e-03  1.51164532e-02  3.13887224e-02
 -6.80964515e-02 -1.58954337e-01  2.51356754e-02  7.55844861e-02
 -7.14099109e-02 -9.76076573e-02 -2.06220732e-03 -1.13297738e-01
  9.38139670e-03 -4.58883680e-02 -1.14758341e-02 -6.62257522e-02
 -2.09601551e-01 -9.19446945e-02 -1.29362658e-01 -1.36116579e-01
 -1.05731316e-01  8.67015049e-02  7.91280717e-02  1.06273353e-01
  1.03082016e-01  2.08039843e-02  3.15349907e-01 -2.81460900e-02
 -9.01723653e-02 -2.22899951e-02 -7.01627880e-02  6.17232323e-02
 -1.34676710e-01 -8.81291553e-02  5.56496270e-02 -1.14362955e-01
 -1.36496305e-01 -2.22091615e-01  1.03529260e-01  9.75977406e-02
  1.90385103e-01 -1.17531516e-01 -1.30676791e-01 -8.22717845e-02
 -1.99205931e-02  3.18983905e-02  1.06092475e-01 -3.72726582e-02
  1.16056800e-01 -3.40615250e-02 -6.26435876e-02 -1.20225456e-02
  1.33727744e-01  1.71016723e-01 -1.30769191e-02 -1.61559388e-01
 -1.39124528e-01  7.26076439e-02 -1.14707842e-01 -4.20572385e-02
  2.00681500e-02 -6.78852424e-02  3.46493535e-02 -2.39323869e-01
 -8.89954506e-04 -1.10535517e-01  2.14408133e-02  7.84235727e-03
  8.64504501e-02 -5.53326495e-03 -1.37243792e-01 -1.19735040e-01
 -2.07999945e-01 -5.28780790e-03  4.03096303e-02  4.80223261e-02
  4.17670012e-02 -1.42631670e-02  7.98933506e-02 -3.85174975e-02
 -7.42020607e-02  6.04627058e-02  2.01468170e-01 -1.71865419e-01
 -1.04974829e-01  7.46243522e-02 -9.90219340e-02  7.32736215e-02
 -9.06087756e-02  8.54457077e-03  5.27200587e-02 -6.57991618e-02
  1.21727966e-01 -8.49748179e-02  2.66341448e-01  1.29230976e-01
  3.30192558e-02 -4.08020951e-02 -1.41134351e-01 -8.05850402e-02
  8.61045271e-02  3.76303382e-02  8.48151222e-02  5.45433536e-02
  3.60666811e-02 -9.62051824e-02 -2.58660261e-02 -3.08932245e-01
  1.20556287e-01  8.02567303e-02  1.62948985e-02  5.67936301e-02
 -5.56696719e-03  5.24503253e-02  9.57283750e-02 -1.05183117e-01
 -1.49079189e-01 -8.15862119e-02 -1.12510420e-01  1.11491695e-01
 -3.38220201e-03 -1.56233490e-01 -6.26427978e-02  7.45064840e-02
 -1.47243142e-01  1.22028068e-01 -2.23751098e-01  9.14152339e-02
  2.32549254e-02 -9.03135762e-02  2.93118626e-01 -1.04672447e-01
 -9.26197991e-02  1.73776105e-01 -6.02613427e-02 -2.37904117e-02
 -6.45007659e-03 -6.22494631e-02 -7.59386197e-02  1.59960583e-01
  5.13018779e-02  1.20076733e-02  6.09940849e-02 -4.20287549e-02
 -1.48161620e-01  1.41119823e-01  6.72843158e-02 -3.51163186e-02
  7.08570033e-02  4.24014637e-03 -1.31201133e-01 -4.73593213e-02
  7.51464441e-02  2.47460231e-01 -1.67584762e-01 -1.28033370e-01
  7.53075257e-02  1.78013835e-02 -7.85841122e-02  1.99275225e-01
 -1.20458946e-01 -2.25390382e-02  2.32416075e-02  9.64680612e-02
 -8.24919418e-02  1.33071393e-01  1.73366293e-02 -8.14980119e-02
  1.81193072e-02  4.26912606e-02  1.41743779e-01 -2.72821113e-02
 -5.73777333e-02 -1.33249894e-01  1.97026618e-02 -6.02572486e-02
  3.53611894e-02  4.56840582e-02 -6.80125803e-02  6.11772388e-02
  7.34839812e-02  5.07729016e-02  1.38376564e-01 -2.11259574e-01
 -1.58391520e-01 -5.97316287e-02 -1.04718193e-01  1.14189625e-01
 -4.61236499e-02 -9.25472155e-02 -6.32853657e-02  6.22873306e-02
  2.65010912e-03 -4.95184138e-02 -1.86759353e-01 -4.21878137e-03
 -6.27842993e-02 -2.42436916e-01 -4.03614305e-02  6.94397911e-02
  9.75842699e-02  1.49487369e-02  8.00485760e-02  1.51772574e-01
  2.79787686e-02 -1.03683792e-01  1.69546977e-01  2.03783378e-01
  7.17757717e-02 -1.52332351e-01  4.40564491e-02  1.31107569e-01
  1.50821313e-01  3.12110018e-02 -6.89474195e-02  3.34608227e-01
 -2.97222286e-01 -4.36300179e-03 -1.93846509e-01 -3.60274017e-02
 -7.87630826e-02  9.55842137e-02 -7.04181334e-03  1.84508711e-01
  1.66588426e-01 -6.03925884e-02  2.81842440e-01 -8.28034282e-02
  1.44968703e-01  3.01357135e-02  4.55312841e-02 -6.85010850e-02
  1.19135462e-01  1.37914896e-01  1.85498551e-01 -1.19841389e-01
  1.97310951e-02  8.67151320e-02 -3.37952897e-02 -1.72845274e-01
 -1.42741874e-01  4.72498797e-02  1.38271421e-01 -6.14116676e-02
  2.45236441e-01  1.09863766e-01  1.96438897e-02 -1.84099331e-01
  1.48984119e-01 -1.13285914e-01  4.92792726e-02  1.99908078e-01
 -3.17417197e-02 -8.42549577e-02 -1.52901411e-01  2.59894282e-01
 -1.83163330e-01 -2.55879760e-01 -2.05650125e-02 -1.39680877e-01
  1.46727279e-01  7.66748935e-02 -1.11342452e-01  5.22957416e-03
 -2.32437421e-02  8.59583914e-02  4.92301546e-02  7.64826536e-02
 -1.34562235e-02 -1.59859024e-02  4.14203815e-02  3.77198157e-04]