http://erau.edu/ontology/meme.owl#InstantSoundEffectsSitesMeme
[-6.97533786e-02 -1.13582812e-01  8.12176242e-02 -3.43761966e-02
 -3.44405919e-02  7.23661343e-03  1.21125579e-01 -2.06719767e-02
 -2.76194196e-02 -8.29173923e-02  7.97531381e-02 -6.06627762e-02
  6.62896484e-02  3.92321358e-03 -2.18429975e-02 -3.35445628e-02
 -7.27165714e-02  5.89117110e-02 -7.27672875e-02  2.57046837e-02
 -1.93581954e-01 -7.44831795e-03  1.42052263e-01 -8.56839940e-02
 -1.36358500e-01 -1.15462437e-01  4.80132513e-02 -3.50880134e-03
  1.76506564e-01 -1.37094846e-02  1.55717423e-02  1.26288403e-02
  5.41124642e-02 -1.48252457e-01 -1.71444491e-02  1.15013398e-01
  2.74250824e-02  8.14231411e-02  5.87993637e-02 -8.97218287e-02
 -6.71101063e-02  1.68467775e-01 -1.62401944e-01 -1.10763416e-01
  1.01102516e-01  1.90174337e-02  8.99495780e-02  1.14521161e-01
 -4.50375713e-02  7.01709092e-02  3.21325362e-02 -1.18582614e-01
  5.53854592e-02 -6.93463860e-03 -1.15685329e-01 -1.26615867e-01
  1.22706115e-01 -9.98720750e-02  1.00588456e-01  7.76897445e-02
 -1.24332748e-01 -1.11992531e-01  1.13724194e-01  6.26286492e-02
 -1.35016561e-01 -9.52617824e-02 -5.70177753e-03 -6.66433349e-02
 -1.30313009e-01 -1.72318667e-01 -3.41914333e-02  1.05184332e-01
  1.12931155e-01  6.81515485e-02 -4.48854407e-03  1.21390507e-01
 -9.77438092e-02  8.14331695e-02  1.85333490e-01  7.98279420e-02
 -8.57832283e-02 -1.21221440e-02  1.44067239e-02 -2.50019103e-01
  4.21966463e-02 -9.58302021e-02  1.65902227e-02  3.64655971e-05
 -3.83412553e-04  1.79366022e-02 -1.63452595e-01 -2.22538456e-01
  8.87955502e-02 -1.80487663e-01 -1.70671090e-01  5.26181348e-02
  8.44152924e-03 -7.18878731e-02 -3.13029662e-02 -6.13826178e-02
  9.14968774e-02 -7.15492070e-02  1.95729211e-01 -7.99184740e-02
 -1.25093862e-01 -7.22882450e-02  1.20884739e-01 -3.29498164e-02
 -7.84019474e-03 -1.02450341e-01 -2.49784812e-02  6.09366745e-02
 -1.37617692e-01 -1.15624063e-01  1.71827339e-02  8.43456686e-02
 -2.46529922e-01 -9.95076522e-02  1.14412837e-01  9.96774584e-02
 -1.27594853e-02 -1.35776758e-01 -1.13468438e-01  3.19406874e-02
 -6.59062415e-02 -6.46549761e-02 -1.37085840e-02 -4.60713208e-02
 -1.18225897e-02 -4.51423787e-03 -1.59486786e-01 -1.26467394e-02
 -8.27704929e-03  1.42374830e-02 -1.84667390e-02  7.06452802e-02
 -1.78263515e-01  5.11611924e-02 -6.53433427e-02  9.54039991e-02
 -1.76403880e-01  9.46963951e-03  2.65276562e-02  1.28177777e-01
  5.53854927e-02 -1.95269182e-01  9.90944058e-02 -4.88069430e-02
 -4.32591885e-03  7.81905651e-02  2.03918498e-02 -6.26551658e-02
 -6.08039573e-02 -8.20829645e-02 -6.12638406e-02 -4.16447148e-02
 -1.15506165e-01  8.54945108e-02  4.20309715e-02 -1.21610589e-01
  1.01994164e-01 -6.84270561e-02  2.51153596e-02 -1.34124923e-02
 -2.03634858e-01 -1.64739028e-01  1.78197073e-03  1.33723900e-01
 -2.48553038e-01  1.38251141e-01  1.12016760e-02  8.30420628e-02
  2.40904182e-01  1.57458529e-01  3.51461135e-02 -1.16279526e-02
 -1.45662993e-01  4.40163091e-02  2.51774397e-02 -1.93029107e-03
 -3.30204889e-02  1.26477331e-01  3.37884426e-02  3.48511748e-02
 -1.97272778e-01 -6.13068405e-04  7.73419440e-02 -1.05985943e-02
  1.51204616e-01 -6.27139211e-02 -2.10773032e-02  2.06516217e-02
 -2.80250847e-01 -4.50483188e-02 -1.59854129e-01  4.18923646e-02
 -5.26189432e-02  1.52265340e-01 -2.11778209e-01 -7.51167983e-02
 -8.64744931e-02 -4.80186194e-02  4.37015556e-02 -3.41898091e-02
 -4.04585488e-02 -2.71570385e-01 -5.53046912e-02 -1.02985859e-01
  1.48296848e-01  1.24683514e-01  2.38192096e-01  1.92919642e-01
  4.73190658e-02 -7.23543018e-02  2.21289843e-02  8.26502442e-02
 -2.97047682e-02 -2.35979296e-02  2.02913329e-01  1.70357630e-01
  3.42685848e-01  2.41869777e-01 -8.34672228e-02  9.37794670e-02
 -8.50929916e-02 -5.06479964e-02 -1.43516317e-01 -3.05543933e-02
 -2.63512246e-02 -3.41017023e-02 -3.34059633e-02  2.07737032e-02
 -7.93362409e-02 -4.12384383e-02 -6.36359453e-02  1.98707860e-02
 -9.76567417e-02 -2.35056002e-02 -4.71422356e-03 -1.32150035e-02
 -2.63607260e-02  5.17996363e-02  1.72688253e-02 -4.36754376e-02
 -2.21305490e-01 -4.99509349e-02 -6.07595779e-02 -2.00141245e-03
 -1.17993444e-01  1.04463227e-01  6.30765185e-02  1.10885836e-02
  7.29058236e-02  7.21538886e-02  2.19986498e-01  2.13097837e-02
 -1.25387475e-01 -1.33893386e-01 -2.51899213e-02 -1.21670440e-01
 -9.51396078e-02 -1.23825982e-01 -1.19389437e-01 -9.40277725e-02
 -2.29093470e-02 -2.00887889e-01  1.79994814e-02  7.17716217e-02
  1.01669446e-01 -2.01543998e-02 -4.36232761e-02 -5.41267991e-02
 -1.13607362e-01  1.40697956e-01  1.22451842e-01 -1.52040273e-01
  8.79138410e-02 -3.53687331e-02 -1.51205793e-01  1.66465752e-02
 -5.27113630e-03  1.00462541e-01 -7.66807795e-02 -4.59531657e-02
 -8.05827975e-02  2.39916369e-02 -8.46850052e-02 -7.39729591e-03
 -5.48522547e-02 -1.62331969e-01  1.01227947e-01 -7.03912899e-02
 -2.75776200e-02 -6.23054802e-02  5.34558259e-02 -4.51348573e-02
 -3.19229276e-03  5.56226335e-02 -4.34460379e-02 -1.17539585e-01
 -1.95564523e-01  1.18552917e-03 -9.58696008e-03  9.66045260e-03
 -5.74102551e-02 -4.93421629e-02  2.15939805e-01  8.17024428e-03
 -9.20613557e-02  3.05683091e-02  2.03704894e-01 -1.32438138e-01
 -1.20663885e-02 -8.32955819e-03 -7.70033896e-02  2.00110823e-02
 -7.10330717e-03 -7.42753446e-02  9.71296206e-02  8.05133395e-03
  3.78438868e-02 -7.56922290e-02  9.47881788e-02  2.23847069e-02
 -2.99198162e-02  1.32638654e-02 -5.93382381e-02  3.27110738e-02
  9.30588916e-02 -8.81457105e-02  2.97110677e-02  3.43532562e-02
 -2.30059959e-02 -1.87118109e-02  6.13246709e-02 -2.43402421e-01
  5.04148938e-02  1.48535639e-01 -1.06991287e-02 -1.68198645e-02
  5.52751236e-02  2.42524073e-02 -4.47914675e-02  4.11491692e-02
 -1.45262079e-02  1.54425904e-01 -7.10577238e-04  3.96263413e-02
  8.21819529e-02 -1.40636966e-01  1.12062432e-02 -2.72672046e-02
 -9.94749889e-02  1.20066859e-01 -7.58717507e-02 -2.26472244e-02
 -2.02306043e-02 -9.52835474e-03  9.25049260e-02  2.19007917e-02
 -5.03441840e-02  4.28339727e-02 -1.36988109e-03 -4.92493324e-02
 -8.49475060e-03 -5.00963926e-02 -6.26899675e-02 -8.12702626e-03
 -9.49057266e-02  1.51524665e-02  7.08090886e-03  1.60459988e-02
 -1.26475707e-01  6.16283193e-02  7.58193508e-02  2.36911885e-02
 -1.31190389e-01 -5.13133146e-02 -1.20950937e-01 -1.78905278e-02
 -3.66215892e-02  1.08748190e-01 -1.01561576e-01 -8.33988115e-02
  9.80191007e-02  1.10882549e-02  3.65162976e-02  1.28353275e-02
  4.93175257e-03  8.94326568e-02  2.17147786e-02  8.66160989e-02
  6.67318776e-02  1.08957544e-01 -1.25635281e-01 -9.52298641e-02
  7.11511495e-03  2.90026399e-03 -6.57492653e-02 -2.03076135e-02
  3.72330435e-02 -3.07761040e-02  2.96381805e-02 -4.58242483e-02
  3.40735875e-02 -8.40261579e-02  1.35478191e-02 -1.30797461e-01
  3.71808335e-02 -7.11143343e-03  1.47671476e-01 -7.64896944e-02
 -1.34121582e-01 -7.42864311e-02 -1.11764550e-01  6.40218556e-02
 -1.02072112e-01  1.02564022e-02 -2.87654549e-02  1.02810757e-02
  8.70509148e-02  2.47231368e-02 -1.49981573e-01  2.12995578e-02
  5.96091822e-02 -4.23141681e-02 -8.74170959e-02  4.21896670e-03
  4.03735824e-02 -9.93215442e-02 -2.12104004e-02  1.18283689e-01
  6.85875490e-02  1.76734887e-02  2.33972415e-01  2.10571602e-01
  6.58694133e-02 -1.43890932e-01 -3.82830054e-02  1.61172166e-01
  6.56279474e-02  8.12289491e-02 -8.90493691e-02  2.51792133e-01
 -1.75769970e-01 -2.48629823e-02 -1.49992317e-01 -1.26087040e-01
 -1.56249180e-02  8.57771710e-02 -3.03862169e-02  2.17778623e-01
  1.11098155e-01 -5.93899451e-02  2.39636943e-01  9.02601555e-02
 -3.06458422e-03 -9.12011191e-02  9.23144259e-03 -6.98954239e-02
  1.49325013e-01  2.39800084e-02  5.49343266e-02 -9.43474546e-02
 -8.19232613e-02  1.70957640e-01 -1.82314273e-02 -6.32564947e-02
 -1.26329940e-02  2.61129364e-02  1.42716348e-01 -4.59799916e-02
  2.51832366e-01  1.47632226e-01  8.73037577e-02 -6.22713566e-02
  1.70327067e-01 -1.26531333e-01  2.82958485e-02  1.60504371e-01
 -3.04598897e-03  2.12973237e-01 -1.13888450e-01  2.92234182e-01
 -6.53819442e-02 -2.17949241e-01  1.06781989e-01 -2.95650363e-02
  9.61038545e-02  1.05250567e-01 -9.90462899e-02  1.39711481e-02
  9.22763497e-02  1.08225562e-01 -6.06558211e-02 -3.71542722e-02
  6.64770184e-03 -2.58568041e-02  5.18375337e-02  6.05349131e-02]