http://erau.edu/ontology/meme.owl#WinniethePoohDancingVideosMeme
[-0.07525782 -0.15107082  0.06215316  0.03968595  0.01629786  0.08386155
  0.22949654  0.0986737  -0.18768063 -0.11145198  0.03592471  0.09109092
  0.00552642 -0.10441331 -0.10833238 -0.03627865  0.05344907  0.13509747
  0.13152021  0.06504896 -0.2614558  -0.03623913  0.04048977 -0.06137891
  0.07973839 -0.06129289 -0.04947923 -0.19407187  0.30355603  0.18415184
  0.04688025  0.17078207  0.07467869 -0.11402172 -0.08745822  0.20042907
  0.00743286  0.07656275 -0.10028356 -0.22292614  0.08514986  0.17469881
 -0.06465666 -0.04683748  0.09539597  0.05188348 -0.02948597  0.03833365
  0.01340585  0.08922717  0.0642727   0.00650393  0.03587605 -0.16033633
 -0.14830211 -0.08062775  0.16665258 -0.14383894  0.14010288  0.0976883
 -0.09939957 -0.05227094  0.09256936 -0.05740308 -0.17839801 -0.04743893
 -0.05390358 -0.00961374 -0.09152168 -0.15170032  0.05943815  0.08089609
  0.07576215 -0.02234827  0.10333224  0.05518187 -0.06043682  0.06478338
  0.24811722  0.10528263 -0.0391101  -0.10858843  0.05723584 -0.16064131
  0.0810509  -0.11954074 -0.09868868  0.10696606  0.18663168  0.00546685
 -0.01698293 -0.25542715  0.01122919 -0.17732044 -0.10227442 -0.01132663
 -0.06784865 -0.03973629  0.04651086 -0.12857072  0.11974782 -0.00919151
  0.31553385 -0.10127631 -0.0381916  -0.01272694  0.03887814 -0.02339535
  0.03529147 -0.15682562  0.07862007  0.00468572 -0.07299852 -0.09276475
  0.16277416  0.18167682 -0.21388718 -0.13974304  0.08781808 -0.05513345
 -0.02962256 -0.00487359 -0.08606472  0.05687111  0.0062993  -0.06715673
  0.06160596 -0.07057484 -0.02174109 -0.01885157 -0.2346545  -0.12116596
 -0.06716184 -0.12013803 -0.00989082  0.09474151 -0.05860778 -0.01918955
 -0.04396852  0.02410704 -0.22766739 -0.02908112  0.07388861 -0.02465259
  0.12261331 -0.10416559  0.07587134 -0.05975496  0.01892277  0.16549805
 -0.00875654 -0.19198595  0.00876171  0.00294479  0.03992571  0.02432547
 -0.13563256  0.11470129  0.16059917 -0.13191299  0.04675936 -0.21922685
  0.10092764 -0.02950643 -0.16879413 -0.09840108 -0.04823326  0.13633691
 -0.25374687  0.13417314 -0.00486611  0.1325326   0.28655073  0.10486645
  0.05084273 -0.01271093 -0.05832943 -0.11304289  0.10941149 -0.06899504
 -0.12151596  0.00977423  0.11167463  0.06273406 -0.15943737  0.03482978
  0.07927599  0.12478959  0.3337811  -0.01076817  0.04326885 -0.01549012
 -0.160929   -0.03130703 -0.14178677 -0.06967298  0.1081358  -0.00665933
 -0.07289017  0.02350667  0.02640077  0.07167977 -0.00728613  0.02796246
 -0.08137863 -0.1856488   0.10653301 -0.14270508  0.14474545  0.02985053
  0.1743506   0.19246742 -0.01956137  0.00680443  0.18873397  0.00787693
  0.01726539 -0.12316781  0.1370278   0.07748634  0.2961583   0.19402207
 -0.09645678  0.0703689   0.0501977   0.00964324 -0.15720001  0.02477344
 -0.01206837  0.02824922  0.03874274 -0.05907661 -0.06146378 -0.13079396
 -0.00831493  0.02708561 -0.06568113 -0.01607996  0.16929594 -0.08341144
  0.05995855 -0.04446995 -0.06934487 -0.01605189 -0.18076056  0.01228687
 -0.13836652  0.08454678 -0.06692633 -0.01002291  0.09960927 -0.07285171
  0.0983491   0.07523399  0.14219847  0.11258287 -0.11519321 -0.02733504
  0.06321099 -0.03413988 -0.04659221 -0.14955752  0.00527877 -0.09413338
  0.0584192  -0.115198   -0.11505229  0.0016438  -0.00578529 -0.06195513
 -0.03651128 -0.095285   -0.0897004   0.06005918  0.20522086 -0.06563627
 -0.0031242  -0.06881922  0.085935   -0.10403403  0.16101001  0.13295197
 -0.0545861  -0.02231034 -0.06323189 -0.00575681 -0.11386266  0.00349827
 -0.03869348 -0.11069863  0.14467472 -0.04243754 -0.02453432 -0.10920376
  0.07945518 -0.02786654 -0.0261678  -0.0259837  -0.11943289 -0.07297932
 -0.283571    0.01853268 -0.04820927  0.1439529  -0.05741268  0.04245758
  0.24315459  0.00686929  0.0660521   0.08613616  0.15795511 -0.11617746
  0.19037712  0.03192151 -0.01036276 -0.01904422  0.06755964  0.06817486
 -0.01561764 -0.08862137 -0.01791763 -0.16357543  0.12347732  0.16510522
 -0.08588599  0.1188971  -0.05525894  0.06314141  0.1294015  -0.10308893
 -0.0407884  -0.0295959   0.09683146  0.00080601  0.0234182  -0.16088414
  0.03280498  0.18527168 -0.05790027 -0.00767707  0.00968132  0.1102599
 -0.08767107 -0.05724805 -0.07682891  0.00752561 -0.04320254  0.06012309
  0.00052963 -0.11176128  0.00789387  0.01748171 -0.06198253  0.1058459
 -0.09438685  0.06374457  0.1074888   0.01117268  0.16180779  0.02374101
 -0.0769755   0.11841037  0.082205   -0.03083185  0.00879797 -0.1579979
 -0.03642466  0.01560179 -0.06373718 -0.07950633 -0.07221029 -0.13229795
 -0.18174164 -0.1044782   0.09030455  0.02229718 -0.09973251 -0.03142309
  0.05700077 -0.09154749 -0.00136683  0.22493221 -0.07400881 -0.13799648
  0.05019752  0.01307051 -0.08637701  0.06863264  0.15054303 -0.00281549
 -0.08363841  0.02947782  0.08400851  0.01029192 -0.08482123 -0.27136934
  0.08690651  0.03086688  0.24645539  0.05233919  0.05290075 -0.07690687
 -0.06470119 -0.1486064  -0.17243506 -0.03622165  0.00428579  0.12078825
  0.13469732  0.06838897  0.14248854 -0.22840595 -0.11102803 -0.11573697
  0.02816416  0.15191376 -0.01113601  0.07320553  0.01087353  0.04007894
  0.06854776 -0.00075476 -0.08386305 -0.04464614  0.04507945 -0.05120077
 -0.02666999  0.08824567  0.10365384 -0.08066988  0.01491988  0.17560728
  0.0825365   0.07415426  0.25832382  0.19222379  0.05215429 -0.08630888
 -0.03428078  0.12284352  0.18512087  0.09585859 -0.10831346  0.3048932
 -0.13828748 -0.08540166 -0.20487323 -0.08398238 -0.01551799  0.09935466
 -0.06441765  0.09093635  0.11970656 -0.08633357  0.08431437  0.04065308
  0.08903552 -0.01788212  0.06145498 -0.08596846  0.16524476  0.01051178
 -0.06719659  0.1138518   0.00918109  0.04144558 -0.00737874 -0.09125073
 -0.01711768  0.0984575  -0.02593854  0.00759151  0.00939447  0.12684105
  0.02524707 -0.06729849 -0.1362121  -0.19119035  0.04321412 -0.00609551
 -0.14138618  0.0894158   0.03565272  0.13205346  0.08103091 -0.12541124
  0.15787168  0.00357666  0.12383643  0.04025218  0.03599781  0.16132787
  0.05807466  0.01550267  0.13698071  0.07724665  0.12793508  0.05453172
  0.08274352  0.09416835]