http://erau.edu/ontology/meme.owl#YouCannotFastTravelMeme
[-2.06439495e-01 -3.02340776e-01 -8.87064543e-03  1.08158134e-01
  4.83736722e-03  6.41749427e-02  1.20176584e-01  6.98758885e-02
 -3.69890817e-02 -7.94646293e-02  1.53906062e-01 -1.08371973e-01
  1.00542031e-01 -9.69082713e-02  7.10522523e-03 -2.02414673e-02
  7.28844851e-02  1.75510064e-01  1.09762579e-01  1.26666203e-01
 -2.66788900e-01  8.58478546e-02  1.34508252e-01 -1.73781052e-01
  2.38968804e-01  7.38852546e-02  7.28346258e-02 -1.78125605e-01
  2.86359161e-01  1.43224224e-01  6.91230968e-02 -5.54716506e-04
  2.96398401e-02 -1.96063578e-01 -3.11687589e-02  2.77412653e-01
  3.76477949e-02  7.68111125e-02 -1.02123044e-01 -3.26371044e-01
  8.46406966e-02  1.09732412e-01 -7.24291988e-03 -3.77696194e-02
  4.02942002e-02  7.36597702e-02 -7.01617002e-02 -3.60182077e-02
 -3.48459668e-02  9.23504755e-02  6.71415254e-02 -3.58879603e-02
 -1.16120748e-01 -9.96686071e-02 -2.36419048e-02 -5.02965041e-03
  1.17182493e-01 -9.93993208e-02  3.64357680e-02  1.22154966e-01
 -5.62393665e-02 -1.15520440e-01  1.09862089e-01  2.16071960e-02
 -2.00352803e-01 -6.57937825e-02 -3.84804085e-02 -1.00261301e-01
 -1.96240336e-01 -1.91258267e-01 -6.14168160e-02  4.26532254e-02
  2.91890893e-02 -1.58689450e-02  5.05827367e-02  4.13609520e-02
 -2.36003220e-01 -3.19347456e-02  6.74815476e-02  3.07169892e-02
 -1.32709026e-01 -9.96419694e-03  4.07760665e-02 -2.88598090e-01
  1.55214727e-01 -1.57608554e-01 -1.61298797e-01  1.30969092e-01
  1.50093213e-01 -6.61202371e-02  7.70352315e-04 -2.78816968e-01
  8.16502422e-02 -1.65382355e-01 -1.58596188e-01  2.76649576e-02
 -2.09711269e-02 -7.07862526e-02 -1.53599987e-02  4.56262240e-03
  1.79618433e-01  1.29618585e-01  3.08184713e-01 -4.41698125e-03
 -7.55924881e-02 -6.00726455e-02  1.81193084e-01 -3.61074433e-02
 -3.71221565e-02 -2.07761317e-01  9.59389433e-02 -2.71876622e-02
 -6.41079843e-02 -1.38232023e-01  1.30421534e-01  2.25037001e-02
 -3.69089007e-01 -9.35767069e-02 -4.48901989e-02 -2.01393049e-02
 -1.11129303e-02 -2.19887182e-01  1.08133711e-01  1.49781764e-01
  2.12862324e-02 -1.60583377e-01  1.64028347e-01 -1.08381949e-01
 -4.09871712e-02  9.93789434e-02 -2.38875762e-01 -3.76140997e-02
 -1.42639773e-02 -1.51486680e-01 -2.42058765e-02  1.17709063e-01
 -1.55152738e-01 -1.45634279e-01 -1.39712378e-01  3.76099981e-02
 -3.04849416e-01 -2.22321898e-02  5.24812117e-02 -3.25315632e-02
  1.89092249e-01 -2.38881320e-01  2.24664509e-02 -1.75079107e-01
 -1.11969188e-01  1.43959597e-01 -6.96993917e-02 -1.86985090e-01
  3.46486387e-03  1.42267630e-01 -7.33708544e-03  1.06873438e-01
 -7.50578269e-02  1.95193321e-01  9.92668197e-02  1.69993248e-02
  2.86708549e-02 -2.18499243e-01  1.16705365e-01 -3.61111797e-02
 -2.63054669e-01 -1.46941975e-01 -7.30297342e-02  1.04963869e-01
 -3.03780019e-01  1.16499990e-01  1.15376683e-02  2.51125842e-01
  3.08351785e-01  2.09147632e-01 -7.94195980e-02 -8.44978541e-02
  7.14184809e-03 -1.88465700e-01  2.35979080e-01 -1.38337180e-01
 -1.04705840e-01  1.53315082e-01  1.13878079e-01  4.08278294e-02
 -1.39483243e-01  6.84643281e-04  7.92959426e-03  1.90828741e-01
  2.53451943e-01 -1.44121394e-01  1.41104862e-01 -5.60885109e-03
 -1.93626687e-01 -6.81636930e-02  1.21761393e-02  7.96508882e-03
  1.30388085e-02  2.04247981e-01  1.31752705e-02  1.32610248e-02
  4.37796041e-02 -2.68836524e-02  2.41516042e-04  6.38293847e-03
 -1.56814709e-01 -2.79002219e-01 -3.60077657e-02 -1.45637184e-01
  1.63176104e-01  2.04851627e-01  3.43512177e-01  1.34770542e-01
  6.66544773e-03 -1.05275825e-01  1.98073804e-01 -6.50502890e-02
 -1.17857561e-01 -1.50092080e-01  1.49902806e-01  3.73839363e-02
  1.29175782e-01  2.07200870e-01 -1.76679224e-01  3.83458734e-02
  9.33821425e-02  1.85911059e-01 -2.25191131e-01  5.72377592e-02
 -1.57052651e-01  6.76628482e-03 -6.98071346e-03  3.03780031e-03
 -1.34510979e-01 -2.70581454e-01  5.55497780e-02 -3.72234769e-02
  4.06623557e-02 -6.36379346e-02  1.99322701e-01 -1.75505459e-01
 -3.02859228e-02 -1.28522053e-01  4.52328734e-02 -5.52693941e-02
 -2.93203026e-01 -3.71426414e-03 -1.42773792e-01  1.13047056e-01
 -4.71030548e-02 -7.19940662e-02  4.40411642e-02 -2.33409554e-02
  1.86623648e-01  1.94796398e-02  2.79236704e-01 -1.16658350e-02
 -3.48386429e-02  6.37430474e-02  5.09517305e-02  2.85445511e-01
 -1.53033406e-01 -1.54450998e-01  1.08721234e-01 -2.10820232e-02
  3.42114605e-02 -2.26735324e-01 -1.31985405e-02 -6.17067069e-02
 -4.01346982e-02 -8.56320858e-02 -1.02118485e-01 -7.95581341e-02
 -6.71896264e-02  4.02899459e-02  1.21431895e-01 -7.10884780e-02
  4.58869152e-02 -9.06716008e-03  1.41942725e-02 -3.46982591e-02
  7.35741705e-02  4.02285457e-02 -3.43935452e-02 -7.49267191e-02
 -1.47963613e-01  3.53465527e-02 -1.97616983e-02 -6.61632195e-02
  3.78111713e-02 -4.41411044e-03 -5.67059815e-02 -3.47588360e-02
  1.22492956e-02 -6.01112582e-02  2.56557371e-02 -5.56045733e-02
  7.15796603e-03  3.34626585e-02 -1.73932612e-01 -3.50381956e-02
 -2.83006579e-01 -7.15550557e-02 -3.43289779e-04  2.27066591e-01
  1.34964529e-02  2.40246616e-02  2.23865315e-01 -5.58003746e-02
 -6.55113608e-02  9.57327485e-02  4.49891798e-02 -1.52308255e-01
 -9.10301786e-03  9.09348112e-03 -8.26138929e-02  4.86359112e-02
  4.78570201e-02  4.20561768e-02 -9.17310491e-02 -9.00934637e-02
  1.43022478e-01 -1.00085564e-01  2.35233590e-01  1.01920947e-01
 -7.81446472e-02  6.09971248e-02 -2.08993182e-01 -3.57984267e-02
  9.58768427e-02 -5.70350252e-02 -8.13694149e-02 -5.52595966e-02
  1.02530278e-01 -1.00941248e-01 -5.03190421e-02 -2.78215051e-01
  1.68136597e-01  9.68942195e-02 -9.70190540e-02  1.67280361e-01
  9.99565050e-03  9.76741984e-02 -8.53973404e-02 -7.92536288e-02
 -1.42120585e-01  8.78806263e-02 -2.08194405e-01  1.19493686e-01
 -1.09344169e-01 -2.01485053e-01  6.20091334e-02  3.60167660e-02
 -2.71255970e-01  1.83214560e-01 -2.06853539e-01  1.07350297e-01
  5.45901060e-02 -1.56720772e-01  2.69126892e-01 -9.48533937e-02
 -1.27489820e-01  1.18765153e-01 -4.25154343e-02  1.73193794e-02
 -5.28286286e-02 -1.52122289e-01 -1.04842015e-01 -4.13179398e-02
 -3.04194028e-03  1.51194830e-03 -2.32787933e-02 -4.92193438e-02
 -2.08487928e-01  6.47437125e-02  1.25524238e-01  1.79261528e-02
 -7.08282590e-02  3.11468486e-02  1.17469281e-01 -1.70052975e-01
  2.68101562e-02  1.84298635e-01 -3.81705165e-02 -2.39292651e-01
  1.15315765e-01 -6.52087033e-02 -1.74225405e-01  2.95856923e-01
 -1.67757824e-01 -2.01887354e-01 -1.37593091e-01  1.84861310e-02
 -7.09737390e-02  3.51849079e-01 -7.96260759e-02 -2.58892030e-01
  9.10173282e-02  1.66004300e-01  4.99732077e-01 -1.69203669e-01
 -8.29627067e-02 -6.82638139e-02  1.18274584e-01 -3.08992684e-01
 -2.85225540e-01  5.91326319e-02  1.68116745e-02  4.31004465e-01
  1.65036693e-01  3.35752927e-02  1.65245757e-01 -2.53910393e-01
 -1.74285039e-01 -1.11968294e-02  2.83116642e-02  5.42194918e-02
 -5.02535403e-02  1.31563179e-03 -2.20688172e-02  1.86987117e-01
  1.90475330e-01 -1.27847195e-01 -8.02134573e-02  3.26703638e-02
 -7.06439018e-02 -1.89086199e-01 -2.27558780e-02  2.00299487e-01
  1.63581550e-01 -1.08537272e-01  3.86139639e-02  2.30583519e-01
  9.87941921e-02 -1.46160617e-01  1.02940939e-01  2.16804415e-01
  1.16644859e-01  4.17328719e-03  1.17412396e-02  1.17638513e-01
  1.99725509e-01  2.98970640e-02 -5.47767915e-02  2.95248240e-01
 -1.95991665e-01  1.22961607e-02 -2.50586331e-01 -1.59944013e-01
 -9.85224023e-02  1.34012669e-01  1.66687742e-02  1.10411227e-01
  9.38705355e-02 -2.95627713e-02  1.47188902e-01  2.17067581e-02
  1.01913959e-01  1.27584860e-01  8.63741189e-02 -6.98897690e-02
  1.21254027e-01  1.45037724e-02  1.04747549e-01  7.23055229e-02
  2.58981455e-02  4.50762846e-02 -3.23125534e-02 -4.83193845e-02
  3.91718782e-02  1.21345595e-01  1.03108853e-01 -9.56257805e-02
  7.32215270e-02  1.51056975e-01  5.38011119e-02 -2.35898420e-01
  1.37585476e-02 -2.25450858e-01 -5.19315973e-02  1.14271037e-01
 -1.27665445e-01 -5.18037453e-02 -1.14235729e-01  3.54994982e-01
 -1.57667428e-01 -2.31165186e-01  6.09305799e-02 -6.16042092e-02
  8.97850320e-02 -1.84955895e-02 -1.14566758e-01 -6.68143928e-02
 -3.97695154e-02  5.20940684e-02  1.97638765e-01  4.83596437e-02
 -1.20538974e-03 -9.30160284e-02  6.66329563e-02  2.35660046e-01]