http://erau.edu/ontology/meme.owl#HighAltitudeBalloonVideosMeme
[ 9.49501321e-02 -2.16489241e-01  7.56703839e-02  1.12037547e-01
  6.36966014e-03  6.46743402e-02  2.21869782e-01  1.74739491e-02
 -7.99056070e-05  4.11707610e-02  2.25541040e-01 -1.74449850e-02
 -2.22345501e-01 -9.38305408e-02 -1.42416045e-01 -4.22782265e-02
  1.87847555e-01  1.64869606e-01  8.39910433e-02  2.58216001e-02
 -2.56466359e-01  1.43578604e-01  2.70031422e-01 -1.96423084e-01
  1.75103411e-01 -7.09496066e-02 -4.27555963e-02 -6.87729716e-02
  2.35559314e-01  1.08568728e-01  1.01514943e-01  7.60572627e-02
  2.19564945e-01 -1.18279181e-01 -1.53022632e-01  2.52424926e-01
  1.28634041e-02  2.39979222e-01 -1.48966089e-01 -1.74121603e-01
  6.69163615e-02  3.21241260e-01 -3.25547874e-01 -1.67068705e-01
 -4.94912267e-02  1.34102404e-01 -2.83859931e-02 -2.99014952e-02
  7.45037720e-02  4.82234843e-02 -1.10306060e-02 -1.57942921e-01
 -1.99856117e-01 -1.35698587e-01 -1.17503501e-01 -7.55147135e-04
  8.99344981e-02 -2.16819301e-01  3.49007666e-01  1.41491160e-01
  8.41275826e-02 -1.77838415e-01  1.71022624e-01  1.36983499e-01
 -2.76838422e-01 -4.49557193e-02 -9.13110375e-03  8.35767575e-03
 -1.18342750e-02 -2.03916035e-03 -5.97010739e-02  6.01315163e-02
  1.03980444e-01  1.38620079e-01 -1.15978774e-02  1.87846541e-01
 -1.98511645e-01  2.46290546e-02  1.26277268e-01 -1.08300298e-01
 -1.06335796e-01 -2.15749696e-01  9.22197069e-04 -1.71057895e-01
 -8.43199119e-02 -2.10284531e-01 -9.83841270e-02 -2.64780998e-01
 -1.50513211e-02  9.16478336e-02  6.15720563e-02 -2.99957812e-01
  3.66942994e-02  3.02781407e-02 -1.48605525e-01  5.26110157e-02
  6.68060705e-02  6.21213205e-02  9.74204913e-02 -4.74184863e-02
  1.53769448e-01  2.30837706e-02  2.91579127e-01  6.44714152e-03
  9.55391303e-02  9.45117176e-02  1.86775967e-01 -1.20731175e-01
 -2.06243955e-02 -6.93164617e-02 -1.21681847e-01  7.19948560e-02
  9.13942233e-02 -7.81057402e-02  1.38117865e-01 -7.97839686e-02
 -2.55381852e-01 -3.68550807e-01  4.35795113e-02  1.91204295e-01
 -7.13987872e-02  1.52133495e-01 -2.09474161e-01  1.36870116e-01
 -8.95969346e-02 -1.03398271e-01 -9.88566130e-02  1.68166801e-01
  1.50472328e-01 -6.11094385e-02 -2.71322519e-01  1.01229124e-01
  5.16735855e-03  5.76135376e-03  2.12041717e-02  3.68525892e-01
  1.25410974e-01 -9.05137882e-02 -1.98156402e-01 -3.61870453e-02
 -1.69307843e-01  1.81355793e-02  1.56604014e-02  4.70297858e-02
  3.87907922e-01 -3.63470584e-01  7.22003654e-02 -1.44767985e-01
  1.48640960e-01  2.47796476e-01  5.49317673e-02 -1.21431477e-01
 -1.85990855e-01 -1.47749484e-01 -8.92258286e-02  1.69662356e-01
 -2.06647515e-01  1.29577428e-01 -4.46801595e-02 -1.95498124e-01
 -1.47557002e-04 -1.50957271e-01 -1.20473176e-01  5.21726124e-02
 -3.32500100e-01 -1.45679027e-01 -9.37995315e-02  1.93852395e-01
 -2.28558406e-01  2.56470501e-01 -1.16561418e-02  1.75998643e-01
  2.75346279e-01  2.38941833e-01  7.31406733e-02 -1.38025254e-01
  6.44630790e-02  2.98976642e-03  1.56588718e-01 -7.84434229e-02
 -2.24111810e-01  7.16359317e-02  1.52302802e-01 -4.02102359e-02
 -1.80897966e-01 -3.29741947e-02  7.24900886e-02  1.92767635e-01
  2.35434681e-01 -7.01266378e-02 -6.79537207e-02  1.53614273e-02
 -9.99503210e-02 -5.55957705e-02  4.30678725e-02 -1.36702675e-02
  1.36610851e-01  3.41414474e-02  3.57814543e-02 -2.33007111e-02
 -6.78402632e-02  5.41913696e-02  1.49333000e-01 -8.88952427e-03
 -1.51337996e-01 -3.18847686e-01  8.86027366e-02  1.15887798e-01
  2.94866800e-01  3.46204400e-01  3.20469826e-01 -1.40341162e-03
 -1.66427389e-01 -1.31262496e-01  1.12670146e-01 -1.21079266e-01
 -6.55176044e-02 -1.72744524e-02  2.52462715e-01  2.07716241e-01
  1.32235140e-01  2.17704535e-01 -2.46719956e-01  1.87112242e-01
  5.90593256e-02 -4.62069251e-02 -1.13492750e-01  5.54054305e-02
 -8.05714875e-02 -1.81900635e-01  1.20385751e-01 -1.71773896e-01
  4.76783887e-02 -2.28817135e-01 -5.63988872e-02  8.82409662e-02
 -1.72017053e-01 -1.81188166e-01 -2.60330234e-02 -5.20394407e-02
 -5.33322580e-02 -1.01453267e-01  1.07360026e-02  8.82482752e-02
 -2.92796999e-01 -1.26605928e-01 -2.89440721e-01  1.01243950e-01
 -3.19765836e-01 -5.73498979e-02  1.32146686e-01  9.63492841e-02
  1.10440835e-01 -3.24579515e-02  1.01732068e-01 -2.43183225e-03
 -1.39503032e-01  9.92663354e-02  1.07972220e-01 -2.36215368e-02
 -1.67285174e-01 -1.46068305e-01 -5.67068420e-02 -1.04393773e-01
 -1.39699206e-01 -1.11089289e-01 -2.07810700e-01 -1.66392922e-02
  3.82464863e-02 -1.27746612e-01 -1.34590581e-01 -1.56110033e-01
  1.04499780e-01  5.37160970e-02  1.21011846e-01  9.26428065e-02
  1.28868476e-01 -9.49982405e-02 -4.96916706e-03  3.94188240e-02
  2.75188565e-01 -4.75477520e-03  4.75284718e-02 -1.05965979e-01
 -3.63101035e-01  1.65452465e-01 -1.39745027e-01 -1.92456275e-01
 -1.98962256e-01  3.02245859e-02  2.07718700e-01 -5.86183043e-03
  4.88821194e-02 -2.22578034e-01 -6.99306950e-02 -3.57309133e-02
  2.80905873e-01 -1.24710545e-01 -1.17803134e-01 -2.89670080e-01
 -2.03461602e-01  2.68370155e-02 -6.11384250e-02  5.71157262e-02
  7.67953247e-02 -7.62252733e-02  3.67770381e-02 -1.97359353e-01
 -3.21938866e-03  2.31561169e-01  2.63319880e-01 -2.58844763e-01
 -4.64222729e-02 -2.00120267e-02 -1.22608609e-01 -3.90400887e-02
 -1.55559093e-01  1.38161764e-01  1.08877912e-01 -1.15514537e-02
 -3.21378633e-02 -2.65753679e-02  1.41825765e-01  2.19772920e-01
  7.18572140e-02  1.10975310e-01  5.47350496e-02 -1.22776970e-01
  1.07232727e-01  4.09733579e-02 -1.32495621e-02  1.36081809e-02
 -3.31405215e-02 -1.70228228e-01 -7.74356574e-02 -2.85354760e-02
  1.57480404e-01  1.40971735e-01 -5.77952042e-02  2.81832337e-01
  7.60974810e-02  7.46139213e-02 -9.11705643e-02 -1.79591142e-02
  9.65585113e-02  3.75592746e-02 -2.63666391e-01  1.32771045e-01
 -3.57604283e-03 -1.44525856e-01 -7.56200850e-02 -3.07985336e-01
 -1.47403151e-01  1.93280846e-01 -2.73666412e-01  1.83110218e-02
 -5.45229837e-02 -1.76222976e-02  3.62389505e-01 -7.53001571e-02
  9.87437814e-02 -1.38193533e-01  3.31923626e-02 -1.57015279e-01
 -5.86218061e-03 -3.96758467e-02 -8.23712200e-02  1.39356866e-01
 -6.07053787e-02 -4.57408130e-02 -6.32069334e-02  1.87949010e-03
 -2.30680138e-01  9.69529971e-02  6.11962155e-02 -1.57150999e-01
 -1.95981726e-01  3.49804200e-02  8.65282305e-03 -1.75625369e-01
 -1.14867557e-02  1.20018922e-01 -2.82833338e-01 -1.69403449e-01
  1.09770462e-01 -9.08298120e-02 -1.47443905e-01  2.50674963e-01
  8.16944335e-03 -7.85324499e-02 -1.21314481e-01 -3.29644856e-04
 -2.04913273e-01  3.02621841e-01 -1.11714952e-01 -2.38710240e-01
  2.28481174e-01  5.80024458e-02  2.70849913e-01 -5.59607670e-02
  8.39754418e-02 -2.95114845e-01  6.36652112e-02 -1.07192464e-01
 -3.94051857e-02 -2.40891147e-02  2.13769265e-02  1.96642235e-01
  1.72428086e-01 -1.38558373e-01  1.21942028e-01 -1.72642708e-01
 -1.76096663e-01 -1.23501346e-01 -2.71824803e-02 -5.45779057e-02
 -5.11838198e-02 -5.59740365e-02  1.82908788e-01 -2.47815475e-02
  2.22355425e-01 -2.25242991e-02 -1.13376670e-01  1.51555195e-01
 -1.25434697e-01 -1.96085483e-01 -6.24394976e-02 -1.35422662e-01
  1.75188959e-01  5.96113242e-02  1.94654927e-01  2.26765811e-01
  1.42959520e-01 -9.85821560e-02  1.58843443e-01  8.02833587e-03
  9.89529639e-02 -3.00101209e-02  7.61665255e-02  9.73952934e-02
  8.54984764e-03  1.33769721e-01 -1.88281257e-02  3.17274392e-01
 -1.55302167e-01  1.07544512e-01 -5.70640340e-02 -1.20850220e-01
  1.56331882e-01  9.91508737e-02 -2.53522359e-02  2.95011140e-02
  1.96554631e-01 -3.04358285e-02  3.23777884e-01  2.76108503e-01
  2.56214619e-01  2.21970049e-03  9.94374231e-02  1.03048965e-01
  3.05335093e-02  2.59933352e-01  1.11551955e-01  2.46060384e-03
 -1.53186575e-01  2.32829347e-01 -6.25205114e-02 -1.26368776e-01
  8.23734328e-02  1.56402096e-01  2.42598593e-01  1.09161471e-03
  2.62776434e-01  1.13935143e-01 -4.81483750e-02 -4.43584248e-02
  3.56446579e-02 -5.47948256e-02  1.22266009e-01  6.96747229e-02
  9.45768878e-02 -1.49017628e-02 -8.80681276e-02 -2.81754844e-02
 -1.54578358e-01 -1.30779237e-01 -1.75001785e-01 -1.25130881e-02
 -2.95680258e-02  6.55928627e-02 -7.20675290e-02  1.55682210e-02
  3.51493061e-02 -2.81290011e-03  9.99881774e-02  8.73439312e-02
  1.49076715e-01  8.83658901e-02 -1.51176509e-02  8.21377486e-02]