http://erau.edu/ontology/meme.owl#BuzzkillingMeme
[-0.11279286 -0.13760826  0.02583396 -0.0364168  -0.0428904   0.03392456
  0.18106592  0.10022476  0.02146536 -0.00353475  0.17688796 -0.10686462
  0.07399097 -0.01607063 -0.08268391  0.10480926 -0.0065698   0.16890448
  0.02053034  0.04996203 -0.20098624  0.0687992   0.09516239 -0.08340065
  0.05632944  0.03927149  0.10182199 -0.18955988  0.18231523  0.17309055
  0.0025903   0.05313658  0.03940408 -0.09269308 -0.03581654  0.17332579
 -0.08532979  0.07195589 -0.00294482 -0.19488423  0.09315892  0.25235888
 -0.1168284  -0.04836477  0.10419168  0.11525831 -0.01391686 -0.08006394
  0.051501    0.02767589  0.11002792 -0.05134296 -0.02000794 -0.17835401
 -0.19503228 -0.12722231  0.04330112 -0.12893997  0.04721335  0.17661163
 -0.06133513 -0.162861    0.25802672  0.0466648  -0.15611115 -0.10725537
 -0.15425007 -0.02909181 -0.08945492 -0.34125674 -0.18549359  0.10961154
  0.14465983  0.06150299  0.06141625  0.14330788 -0.16654794  0.10894342
  0.24426253  0.11165214 -0.02182998 -0.0381163  -0.04061016 -0.18109827
  0.03329389 -0.05895543  0.00200613  0.00138958  0.16902094  0.11020532
 -0.09326308 -0.23304036  0.19102985 -0.08154038 -0.17190687  0.03848533
  0.06281208  0.01260153 -0.09612169 -0.04476818  0.10991488  0.02102816
  0.3772222  -0.15870427  0.02223921 -0.04966169  0.19600996 -0.01556506
 -0.05716602 -0.23299368  0.02111526 -0.05064198 -0.11315867 -0.10030302
  0.08886269  0.10510511 -0.3201758  -0.23611264  0.07356074  0.00147727
 -0.10221237 -0.07419914  0.01286341  0.17089333  0.08727366 -0.09513476
 -0.10036295 -0.10727493 -0.1346303  -0.12424745 -0.2291314  -0.05963603
 -0.02477576 -0.04927549 -0.08928546  0.06096277 -0.03155431 -0.07414265
 -0.12862974  0.02061814 -0.33143437 -0.00282321  0.03986224  0.05455176
  0.24738689 -0.13997838 -0.02792695 -0.12534155 -0.08126744  0.15601023
  0.08131369 -0.08829018  0.0405797  -0.00567442 -0.11908148  0.02895685
 -0.28068355  0.2553307   0.0569958  -0.1422768  -0.04148141 -0.181985
  0.01634597 -0.07052274 -0.1808799  -0.28851834 -0.11962805  0.08904342
 -0.27958593  0.01797709  0.10761632  0.15764245  0.3011098   0.20485874
 -0.04090358 -0.01596824 -0.03494633 -0.02093313  0.08726333 -0.08697119
 -0.12681742  0.11214712  0.07326707 -0.02180917 -0.02418951 -0.04060472
  0.11324567  0.0363384   0.19546025 -0.1030441   0.06595039 -0.03225608
 -0.30423108 -0.06500309 -0.08619564 -0.0247266  -0.01589358  0.24627607
 -0.18627858  0.04410853 -0.00336697 -0.05407653  0.00798455 -0.15396225
 -0.11503613 -0.15050839 -0.01994962 -0.13380146  0.18918067  0.08209381
  0.20873635  0.1965603  -0.14073189 -0.17366573  0.1606516  -0.07866737
 -0.1056777  -0.12809648  0.17302534  0.11567084  0.23936069  0.2365396
 -0.18110983 -0.01189791 -0.10524931 -0.11867779 -0.21826091  0.0083601
  0.05696144  0.00466973  0.04245103 -0.00942768 -0.13618472 -0.00693472
 -0.07962976  0.00774616 -0.06490611 -0.03279597  0.11288762 -0.15478842
  0.04956697 -0.04855544 -0.06149976 -0.03612863 -0.16899373 -0.03070442
 -0.16715217 -0.03994542 -0.11625253  0.1450534   0.13580948  0.01461274
  0.15746006  0.09377657  0.24941894 -0.11275404 -0.08338703 -0.04144822
 -0.06043119  0.11358488 -0.20541118 -0.04805832  0.02462522 -0.05088894
 -0.0660748  -0.14411192  0.10755873  0.01920522  0.17161061 -0.09054305
  0.00297951 -0.13485554 -0.07300251  0.17580913  0.19588484 -0.09516346
  0.15695797 -0.08296632 -0.04072244  0.0770458   0.08953993  0.0496265
 -0.07210826 -0.13723116 -0.04772025  0.05634407 -0.17499475 -0.05337873
 -0.03750562 -0.1282572   0.09699345 -0.0340829   0.2045619  -0.20443383
  0.07717378 -0.003589    0.11967537  0.08546691 -0.16008994 -0.21719158
 -0.18682483 -0.0087507  -0.0240669   0.02287564  0.00992412 -0.05225327
  0.25089222  0.02598274  0.13982826  0.03080071  0.07625428 -0.25854218
  0.07687614  0.0999506   0.01033066  0.02816142 -0.01654343  0.07973825
  0.01397462 -0.1085984   0.09653561 -0.10519971  0.22084378  0.06289748
 -0.02609825  0.074812   -0.1795459  -0.11616709  0.17983261 -0.03234968
  0.05069964  0.09026743  0.09597382 -0.0264346   0.00140276 -0.1955171
  0.06816404  0.20180684 -0.18928884  0.03822694 -0.00240852  0.11736447
  0.0327878  -0.03284184 -0.07761864 -0.09512791 -0.03104847  0.17832169
 -0.06056027 -0.16726762 -0.05958689  0.19827169 -0.08397218  0.03736038
 -0.20433748  0.07230222  0.02727031 -0.02677894  0.22280718  0.08542462
 -0.14813419  0.07858589 -0.00191863  0.00698361 -0.01246997 -0.20778503
 -0.0659162   0.10137153 -0.01632637  0.13645035 -0.04935157  0.10699113
 -0.22988205 -0.08080924  0.1131404  -0.09169009 -0.08501228  0.0363299
 -0.02100166 -0.03413121  0.04602328  0.22862689  0.00054845 -0.0254132
  0.18604164 -0.03984365 -0.07586401  0.1874141  -0.02998881 -0.00343825
 -0.18209095  0.1374543   0.01219351  0.12389303 -0.03383074 -0.22042242
  0.02040942  0.10273007  0.08539657 -0.02587489 -0.02427085 -0.04022845
  0.02260582 -0.10849257  0.01462973  0.02311708 -0.09022775  0.06459739
  0.21258433  0.10079414  0.15250923 -0.20483671 -0.13766    -0.04649406
 -0.01594158  0.00587565 -0.03833061 -0.10688427 -0.05109847  0.13188405
 -0.04739238 -0.15769315  0.06421228  0.07644879 -0.10798087 -0.14739849
 -0.03775023 -0.03717279  0.08781597 -0.10569303  0.04256041  0.21633466
  0.08944014 -0.04884968  0.15618664  0.18559824  0.05745355 -0.01361276
  0.09448191  0.16162178  0.12230609  0.08315065 -0.07866547  0.28984654
 -0.29164883 -0.03599734 -0.08934054 -0.17941299 -0.07990246  0.13859412
  0.02473578  0.10333895  0.14143763 -0.11720132  0.2580195   0.06406681
  0.11037057  0.02921315  0.04443667  0.04930915  0.16207285  0.10623325
  0.11700182 -0.19734746 -0.05506117  0.13630734 -0.01543162 -0.1146494
 -0.05271882  0.04714578  0.15984501 -0.06649143  0.22040397  0.09119268
  0.04927831 -0.09408021 -0.02519892 -0.09662054  0.09674224  0.1381651
  0.01028917 -0.02217487 -0.1475106   0.28599858 -0.14485493 -0.20863682
  0.17172797 -0.11667821  0.08442298  0.10057543 -0.05765431  0.05878807
  0.12185745  0.20101458  0.06634842  0.00455612 -0.06216719  0.08847868
  0.03512653  0.07517245]