http://erau.edu/ontology/meme.owl#YouAintGotNoPancakeMixMeme
[-1.56725898e-01 -1.85934886e-01  3.68257388e-02 -4.34033312e-02
 -6.74815252e-02  2.15368811e-02  8.70849490e-02  1.03945710e-01
  3.33952419e-02 -3.85137536e-02  7.05867410e-02 -1.57509550e-01
 -1.46894008e-02 -1.12919636e-01 -9.93724987e-02  1.06951676e-01
  6.76355660e-02  1.06124192e-01  8.34709480e-02  1.81394458e-01
 -1.58780903e-01  1.26100499e-02  1.32443845e-01 -3.94873992e-02
  1.47314206e-01  4.34853230e-03  1.17787242e-01 -6.63267374e-02
  3.27559710e-01  1.62354052e-01  3.20873000e-02  4.59523462e-02
 -5.45160770e-02 -1.14582859e-01 -1.02288894e-01  1.29919246e-01
 -2.06330009e-02  1.16945155e-01 -6.39599562e-02 -6.83961287e-02
  1.56155527e-01  1.72064662e-01 -1.38388425e-01  1.58421439e-03
  7.12437704e-02  3.66947837e-02  6.67328686e-02 -7.18742684e-02
 -5.66836772e-03  5.53725567e-03 -1.86493900e-02 -3.85088399e-02
 -7.67071592e-03 -6.90426081e-02 -1.11860745e-01 -9.02762562e-02
  6.05462193e-02  4.15513106e-02  1.99945718e-01  2.75651878e-03
  3.59993130e-02 -7.16586933e-02  1.24111421e-01  5.54149039e-02
 -1.13204017e-01 -4.16421518e-02  9.66746435e-02 -4.64916974e-02
 -1.22620165e-01 -1.58472896e-01 -1.79144427e-01  5.72239719e-02
  1.57419175e-01 -1.84579920e-02  4.80027229e-04  1.75259784e-01
  7.87317660e-03  6.76274672e-02  1.77974150e-01  2.96300650e-02
 -8.83788019e-02 -1.96568325e-01 -1.12368993e-01 -1.35010540e-01
  1.19639322e-01 -2.11932406e-01 -6.75646216e-02  3.99325527e-02
  7.05410242e-02 -4.00716513e-02  4.79968525e-02 -2.37421528e-01
  1.02253526e-01 -1.12626664e-01 -8.33172724e-02  5.51430285e-02
  3.70420842e-03 -4.60371971e-02 -7.27411360e-02 -1.20495975e-01
  9.99530777e-02 -1.10239938e-01  2.80327857e-01 -2.41362467e-01
  3.29305977e-02 -3.48174013e-03  9.06534791e-02 -9.24440771e-02
  1.39552495e-02 -4.63476069e-02 -4.76617739e-02  7.45796412e-02
 -1.61714971e-01 -1.49318621e-01  9.49361995e-02 -1.68621708e-02
 -3.60389441e-01 -2.71065712e-01 -1.44800905e-03  1.12722524e-01
 -6.78141117e-02  1.73369721e-02 -7.17788711e-02 -5.07637039e-02
 -4.47206236e-02 -2.01709718e-01  9.50838849e-02 -1.00135610e-01
  5.15835322e-02  7.69618303e-02 -2.23020092e-01 -3.10710240e-02
 -3.07337325e-02  5.56232072e-02 -1.68046609e-01  4.45184894e-02
 -5.42660244e-02 -1.28629401e-01 -1.27886862e-01  8.42090920e-02
 -2.48355582e-01  5.18492088e-02  8.39089230e-03  3.42518184e-03
  1.62852064e-01 -2.03629419e-01  6.97192699e-02 -1.26094356e-01
 -4.42163460e-02  1.41721547e-01  5.06448280e-03 -1.13302521e-01
  4.23073359e-02 -7.15039903e-03  7.65818506e-02  8.13446194e-02
 -1.87481627e-01  1.78093482e-02  2.56102737e-02 -1.88872129e-01
  1.32110298e-01 -1.09626614e-01  6.91309199e-02 -1.59066692e-01
 -1.49017379e-01 -1.93736747e-01 -8.28386918e-02  6.74693361e-02
 -3.36347997e-01  1.69648468e-01  7.10667893e-02  1.53637201e-01
  1.38145283e-01  1.10703208e-01  6.46734387e-02  1.70412119e-02
 -2.08756164e-01 -5.23831509e-02 -1.17655322e-02 -4.89202999e-02
 -3.99499424e-02  1.50193259e-01 -4.32556644e-02  2.78441925e-02
 -1.96969658e-01  6.89803585e-02  8.76581222e-02 -7.10764946e-03
  2.01889813e-01 -3.29711139e-02  6.94132000e-02 -5.85683715e-03
 -2.44855747e-01 -8.03831145e-02 -1.26021713e-01 -9.53103509e-03
  2.81863404e-03  9.20019299e-02 -9.15436596e-02 -7.25244582e-02
 -1.01380050e-01 -1.00141674e-01  6.06826693e-02 -8.31114054e-02
  6.52165711e-02 -3.14853132e-01  3.89099531e-02 -6.74870191e-03
 -5.60000166e-03  1.45794541e-01  2.42099702e-01  9.95128155e-02
  2.24219002e-02 -1.78269699e-01  1.25783667e-01  1.06472909e-01
 -1.23182736e-01 -8.28237683e-02  2.01523229e-01  5.03195897e-02
  2.99242675e-01  9.84614715e-02 -9.41270888e-02 -8.96925665e-03
  2.22098604e-02 -1.39896169e-01 -2.12455496e-01 -1.04484648e-01
  1.91905331e-02  5.89167662e-02  1.24222428e-01  1.10510617e-01
 -8.56989399e-02 -9.84728113e-02 -3.32826972e-02 -1.37389213e-01
 -8.90433863e-02 -9.90876630e-02  7.38767236e-02 -7.52865598e-02
  1.87942502e-03 -8.00466165e-03  2.21711192e-02 -6.95107579e-02
 -1.98968515e-01  4.78762574e-03 -6.02665469e-02 -8.14860314e-03
 -8.45694095e-02 -2.27201171e-02  1.23086236e-01  7.36159235e-02
  1.22835629e-01  1.37378588e-01  1.19678356e-01  7.66293705e-02
 -1.81187123e-01 -5.82640059e-02  5.83886057e-02 -7.15343952e-02
 -3.83227579e-02 -1.00295722e-01  2.53995936e-02 -1.81964040e-01
 -6.29700422e-02 -2.61979252e-01 -1.37642294e-01  1.13347307e-01
  1.02681361e-01 -1.28665954e-01  8.37874562e-02 -1.29661649e-01
 -9.70653668e-02  1.04782566e-01  1.38450846e-01 -4.70569804e-02
  8.90601054e-02 -9.35889781e-02 -1.95528626e-01 -2.65048686e-02
  1.17805161e-01  6.48139119e-02 -7.80835301e-02 -1.33010730e-01
 -2.09467575e-01  2.66526770e-02 -2.50399136e-03  6.46041706e-02
  3.59569378e-02 -1.15728136e-02  3.91891189e-02 -1.54089749e-01
 -4.97898422e-02 -7.92377368e-02 -2.28663650e-03 -4.77769859e-02
  8.81099477e-02  7.86820576e-02 -7.46470392e-02 -5.97578399e-02
 -2.19272658e-01  4.41313609e-02 -5.53276353e-02  4.19904217e-02
  2.24800110e-02 -1.04930192e-01  1.66147381e-01  1.01573276e-03
 -4.68930118e-02  1.13757268e-01  2.11614892e-01 -2.00742245e-01
 -6.28079008e-03  1.16301894e-01 -1.72847286e-02 -1.28976908e-02
  5.87817319e-02  4.71368525e-03  6.21180460e-02  6.23054206e-02
  4.17875759e-02 -1.48676991e-01  1.75344706e-01  1.04931936e-01
  2.95292735e-02  9.35185999e-02 -8.48946720e-02  5.60686626e-02
  9.69983116e-02  1.09418979e-04  8.14064145e-02  9.77438316e-02
 -1.91538595e-02  1.49280336e-02 -1.43972397e-01 -2.58396864e-01
  8.61117691e-02  1.04024196e-02 -5.20499386e-02  4.93027791e-02
  7.92765096e-02  8.17002207e-02  4.07857001e-02  9.31969509e-02
 -1.14765652e-02  8.62133317e-03  4.10903944e-03  1.36723503e-01
 -3.45199779e-02 -3.50163467e-02 -4.83208373e-02  1.06559796e-02
 -3.23875662e-04  1.26316294e-01 -1.26728296e-01  5.20977043e-02
 -1.26554266e-01 -1.29982263e-01  2.31797338e-01  1.78034957e-02
 -1.31428629e-01  3.55507284e-02 -1.25566283e-02  6.71159243e-03
 -7.22056478e-02  9.44420323e-02 -1.30770057e-01 -4.40737754e-02
 -1.44138992e-01  3.75208035e-02  1.20081026e-02  3.00654210e-03
 -4.08356637e-02  7.50342831e-02  2.83382628e-02 -1.08075671e-01
 -5.25817312e-02  2.98121534e-02 -8.42115954e-02  7.54633322e-02
  1.26226261e-01  9.54136625e-02 -2.62092277e-02  1.63349491e-02
  6.35301918e-02 -5.60324676e-02 -5.82115054e-02  1.35094881e-01
 -5.29685840e-02 -3.29717882e-02 -6.47921637e-02  6.10641576e-03
  1.83617715e-02  1.08443759e-01 -8.96846727e-02 -1.71983495e-01
  5.05198836e-02 -2.99795950e-03 -9.24147200e-03  2.15295646e-02
 -5.03240079e-02 -1.51145920e-01 -1.02267846e-01 -2.27493942e-01
 -5.92629947e-02 -1.41008183e-01  2.27274280e-02  2.01181144e-01
  1.51961640e-01  1.18748516e-01  8.02093744e-02 -8.16729516e-02
 -1.26649126e-01 -3.48380394e-02 -2.24236101e-02  7.18199536e-02
  1.39618274e-02  4.85517122e-02 -2.50306576e-02  3.97626758e-02
  8.33110213e-02  1.04770035e-01 -2.13608742e-01  7.02034980e-02
  8.44921321e-02 -8.08191299e-02 -3.96550111e-02  1.32283688e-01
  8.19218084e-02 -1.57547832e-01 -1.89934776e-03  1.36659995e-01
  4.17674370e-02 -1.51386261e-01  2.06605330e-01  9.39220712e-02
 -6.07034713e-02 -4.69373278e-02 -6.45709336e-02 -1.34283649e-02
  7.64729008e-02  6.17912225e-02 -4.55454066e-02  1.66184664e-01
 -2.00958490e-01 -5.24003208e-02 -5.07019982e-02 -2.19368845e-01
 -9.95460376e-02 -1.57081464e-03  6.30644336e-02  1.84549332e-01
  6.08476177e-02 -4.25716713e-02  2.34968230e-01 -1.80265699e-02
  8.11462775e-02  1.90846669e-03  1.00402355e-01  1.47030633e-02
  1.69499546e-01  7.17661008e-02  1.90841734e-01 -8.80951956e-02
 -1.26135424e-01  2.78077666e-02 -8.77117738e-03 -1.06087156e-01
 -7.86392465e-02  8.41520205e-02  1.24024466e-01  9.27301794e-02
  2.77779132e-01  3.04255579e-02  3.19305691e-03  2.03784537e-02
  1.52421951e-01 -8.00026655e-02 -2.32101232e-02  8.19155648e-02
 -2.59034876e-02  5.00363447e-02 -1.04481496e-01  2.71029353e-01
  4.91440818e-02 -1.89896956e-01  1.21002920e-01  2.89204959e-02
  9.77325886e-02  9.01657417e-02 -1.25365317e-01 -7.97467008e-02
  1.62922293e-01 -1.97445601e-03  5.09321690e-02  2.36628857e-02
 -1.43823326e-02  5.03421053e-02  1.06593572e-01  1.06588766e-01]