http://erau.edu/ontology/meme.owl#KnucklesSingsMeme
[-1.29943624e-01 -1.89868569e-01  6.77962005e-02 -2.51751244e-02
 -1.97032969e-02  6.08295240e-02  1.83474913e-01  1.89724192e-01
 -5.91419525e-02 -5.77512980e-02  1.69197973e-02  2.77147368e-02
  4.60385196e-02 -8.71750414e-02 -1.49028778e-01 -2.74887718e-02
  1.33556858e-01  4.26664539e-02  1.30447239e-01  1.75583541e-01
 -1.92503273e-01 -2.10132133e-02  3.59286703e-02 -8.01603720e-02
  2.00820118e-01  1.05917593e-02 -6.14890568e-02 -1.02590919e-01
  2.84943551e-01  1.74376130e-01  8.62295851e-02  1.82918012e-01
  8.85787383e-02 -1.33724898e-01  4.21203114e-02  1.50328055e-01
 -3.97242531e-02  1.39880404e-01 -6.19259104e-02 -1.86065793e-01
  2.46644802e-02  2.36773372e-01 -9.71542969e-02  2.97495667e-02
  1.23370938e-01  7.57721206e-03  2.29916498e-02  1.00089479e-02
 -3.90826762e-02  8.08083341e-02  5.90672642e-02  1.86698716e-02
 -1.04733989e-01 -1.47330254e-01 -1.05822757e-01 -1.15342505e-01
  1.07056700e-01 -4.80738431e-02  1.73559576e-01  6.22545779e-02
 -6.99756518e-02 -1.33476481e-01  8.54486749e-02  7.21646100e-02
 -1.36504889e-01 -4.26272675e-02  5.87529242e-02 -5.66967689e-02
 -1.06568448e-01 -1.93206832e-01 -7.71778375e-02  3.58446427e-02
  1.00621417e-01  1.39948446e-02 -2.52576023e-02  1.08135298e-01
 -1.10452272e-01  9.79420766e-02  1.19329758e-01  3.33230644e-02
 -1.07508056e-01 -2.10524440e-01 -1.00445345e-01 -9.76548493e-02
  6.71376213e-02 -1.65968984e-01 -1.23452306e-01  7.59856850e-02
  1.42442062e-01 -4.02529463e-02  2.14029923e-02 -2.43276015e-01
  3.75284478e-02 -6.52254000e-02 -1.34696963e-03  1.22692116e-01
 -7.59071633e-02 -1.70345809e-02 -3.43928635e-02 -1.61928505e-01
  7.05025420e-02  5.97198270e-02  2.70898461e-01 -1.65220752e-01
 -4.56041470e-02  1.91861484e-02  1.12477466e-01 -1.38303757e-01
 -1.08590517e-02 -1.07588917e-01  1.67409685e-02  7.04968572e-02
 -1.93193465e-01 -1.07782818e-01 -1.50666200e-02  1.87311694e-01
 -2.97150224e-01 -2.04262763e-01  4.71506193e-02  2.70244926e-02
 -3.96911204e-02 -3.99098871e-03 -6.53085187e-02  2.94916034e-02
  4.81580608e-02 -1.60611689e-01  1.02701522e-01 -8.48448724e-02
 -3.05884704e-02 -2.73107979e-02 -1.94030568e-01 -9.95676890e-02
  4.98191230e-02 -5.68145998e-02 -4.03113775e-02  7.59492666e-02
  4.76303846e-02 -4.30932790e-02 -1.24581158e-01  1.13922253e-01
 -2.35723451e-01 -5.35880215e-02  3.71712148e-02  5.77347875e-02
  1.44713610e-01 -1.76445559e-01  4.78551574e-02 -9.58399624e-02
 -9.82962102e-02  1.13786615e-01  7.84908012e-02 -1.24045968e-01
 -4.62513864e-02 -8.54917243e-03  9.91528295e-03  4.84220833e-02
 -1.26858294e-01  1.55820668e-01  1.66158810e-01 -1.05911911e-01
  1.40192717e-01 -1.20110437e-01  1.07889019e-01 -9.35506225e-02
 -1.44418165e-01 -1.06315054e-01 -1.31944632e-02  6.29459620e-02
 -2.38479584e-01  2.00461045e-01  5.89733617e-03  2.19828695e-01
  2.16952056e-01  1.88130498e-01 -3.69005837e-02 -5.92930615e-02
 -1.59103453e-01 -1.03385381e-01  8.80346522e-02 -1.58027411e-02
 -1.19240664e-01  7.23844543e-02  3.07726730e-02  1.79690085e-02
 -1.42999694e-01  3.94481570e-02 -3.55930626e-02  3.43631692e-02
  2.51060784e-01 -9.34858713e-03  2.23703869e-02  1.40658626e-02
 -2.32094243e-01 -4.14058678e-02 -5.93260154e-02 -3.32173780e-02
  5.02008758e-02  1.21690176e-01 -9.12818909e-02  1.97390728e-02
 -2.06417236e-02  3.60215679e-02  1.02865934e-01  5.47576929e-03
 -1.21446304e-01 -2.53475159e-01  6.31295592e-02 -1.08327553e-01
  1.50474682e-01  7.03650862e-02  3.27114135e-01  1.99867547e-01
 -2.09364127e-02 -1.28440142e-01  1.57313898e-01 -8.36254191e-03
 -7.03924149e-02 -1.71235725e-01  9.40493271e-02  1.34347111e-01
  2.88154334e-01  1.29288569e-01 -1.09427489e-01  4.03107591e-02
  7.34694451e-02 -4.11663316e-02 -1.79491162e-01 -5.98469675e-02
 -9.99197457e-03  4.02554050e-02  1.65915683e-01 -6.30814880e-02
 -6.39364347e-02 -1.34489357e-01  2.01989841e-02  6.98164925e-02
 -7.42158592e-02  4.40838896e-02  1.14356630e-01 -2.37792879e-02
 -1.29885310e-02  6.20648302e-02  3.67029011e-02 -5.13081327e-02
 -2.22644836e-01 -8.73791985e-04 -1.44132704e-01  1.34672783e-02
 -3.70100290e-02  6.55298308e-02  1.18055977e-01  2.84167603e-02
  3.54185589e-02  2.52989884e-02  9.32898670e-02 -1.81144085e-02
 -1.14147760e-01 -7.68234283e-02  4.39684838e-02 -1.04539962e-02
 -1.03496559e-01 -1.30978510e-01  8.65494087e-02 -1.19168796e-01
 -8.49294290e-02 -1.00689985e-01 -6.25061765e-02  6.66919351e-02
  1.34392411e-01 -9.27508175e-02  6.42234739e-03 -1.57338262e-01
 -8.64166319e-02  7.91543797e-02  1.25522062e-01 -2.31756233e-02
  6.63664844e-03 -5.61145954e-02 -1.03344694e-02  4.21725325e-02
  9.55125019e-02  1.32822096e-01 -3.60035151e-02 -7.01439604e-02
 -6.33702949e-02 -5.52906990e-02 -6.47405535e-02 -1.16200047e-02
  5.50827198e-02 -1.01455264e-01  1.23146631e-01 -1.14797659e-01
 -1.92434508e-02 -1.63852632e-01 -3.82572692e-03 -1.76533638e-03
  1.55512244e-01 -5.02791889e-02 -5.34944795e-02 -5.66282682e-02
 -2.74170786e-01  2.19361074e-02 -7.80735025e-03  3.90783977e-03
 -1.50465779e-02 -2.02903301e-02  2.26131737e-01  3.71743436e-03
  2.46859863e-02  8.74105394e-02  1.99334770e-01 -1.47132263e-01
  7.19227269e-02  8.93789232e-02  5.21829054e-02  3.33395414e-02
  2.70260219e-03  1.08717671e-02  1.48907557e-01 -1.07530825e-01
  2.74004564e-02 -1.28845364e-01  1.55649439e-01  1.58412054e-01
 -2.32612174e-02  3.20652463e-02 -1.64578021e-01  1.28994048e-01
 -3.72248236e-03 -4.80617620e-02  6.43726322e-04 -3.74133773e-02
  1.63293295e-02 -3.59827429e-02 -1.90161467e-02 -1.23637185e-01
 -4.07250077e-02  1.75130814e-01 -8.07097107e-02  2.71925777e-02
  7.11704642e-02  1.43358707e-01 -1.38335958e-01 -3.21423635e-02
 -8.35130140e-02  5.57009280e-02 -9.73370001e-02  2.41226647e-02
 -6.12295493e-02 -1.17131911e-01 -2.80022845e-02 -1.67888729e-03
 -6.39922470e-02  8.74707624e-02 -1.60569832e-01  5.50220115e-03
  6.36885688e-02 -1.09601118e-01  1.87487409e-01 -2.16750819e-02
 -1.15614377e-01  1.07178256e-01 -4.96236347e-02 -2.52286810e-02
 -4.03984711e-02 -9.26831216e-02 -1.58651143e-01  2.30755433e-02
 -6.99767321e-02 -9.20724589e-03 -1.03973411e-01 -4.13164496e-02
 -2.43252262e-01  9.79170203e-02  5.75890653e-02 -8.51834789e-02
 -9.49601158e-02 -3.14882083e-04 -7.44851725e-03 -1.80590302e-02
 -2.78017130e-02  2.73743987e-01 -1.16213746e-01 -1.15394719e-01
  8.35327283e-02 -1.05239496e-01 -1.48401603e-01  1.16354205e-01
  2.40431400e-03  1.70683917e-02 -6.75613508e-02  7.02519193e-02
 -7.11688353e-03  2.32159287e-01 -1.76352531e-01 -2.32587010e-01
  2.89521571e-02  1.30874813e-01  3.74361366e-01 -8.12146068e-02
 -2.74227709e-02 -1.03667051e-01 -8.94539207e-02 -1.59224629e-01
 -1.65242046e-01 -3.37054394e-02 -4.32723127e-02  2.97760487e-01
  1.96816608e-01  6.27499223e-02  1.33607775e-01 -1.79884538e-01
 -1.35943323e-01 -6.92037195e-02  6.05299044e-03  6.59188181e-02
 -9.01619121e-02  3.74744227e-03 -4.40539466e-03  2.04792637e-02
  1.23401560e-01  2.40892209e-02 -1.85392410e-01 -1.65102780e-02
  5.60951196e-02 -1.19727433e-01 -1.56212235e-02  2.05598205e-01
  8.99385437e-02 -1.27474517e-01 -1.00658918e-02  2.00062558e-01
  1.15178987e-01  5.25831804e-02  2.40588188e-01  2.15053290e-01
  1.33212164e-01 -4.93225381e-02 -2.06754990e-02  8.45352113e-02
  1.67971224e-01  3.32173146e-02 -9.51426700e-02  3.15474212e-01
 -1.55784979e-01 -1.64353475e-02 -2.26328120e-01 -1.59344956e-01
 -2.72394344e-02  8.49946961e-02  7.98756182e-02  6.82058111e-02
  6.69395998e-02 -8.24764837e-03  1.87739879e-01 -5.28517850e-02
  8.91011208e-02 -9.58799794e-02  7.79707134e-02 -4.16902788e-02
  8.31516236e-02  9.39345732e-02  3.73557545e-02  2.48078983e-02
 -1.49598224e-02  4.46986593e-02 -2.66385842e-02 -2.71046758e-02
  5.28160445e-02  8.17778111e-02  9.50967818e-02 -3.83568406e-02
  8.18220451e-02  1.59087837e-01 -2.02285810e-04 -7.64604583e-02
 -4.25977260e-02 -2.03893930e-01 -1.10783070e-01  4.63555083e-02
 -5.01524359e-02  1.46922981e-02  2.73050666e-02  2.79979110e-01
 -1.07820168e-01 -2.09736511e-01  3.82319875e-02 -2.98183169e-02
  1.70840159e-01  6.22873642e-02  1.63362036e-03  4.00233343e-02
  7.77055025e-02  5.09468354e-02  1.44712999e-01  9.59919114e-03
  5.81918210e-02 -8.06859955e-02  1.02446482e-01  6.92688450e-02]