http://erau.edu/ontology/meme.owl#PersuadableBouncerMeme
[-0.1039632  -0.19710378 -0.03484043  0.12531821 -0.01694515  0.02067184
  0.15958606  0.061051   -0.07943998  0.0178483   0.17266476 -0.14909758
  0.01241493  0.00787077 -0.05796948  0.0082008  -0.03148564  0.08633105
  0.02833587  0.07985575 -0.2019995   0.05043278  0.09738622 -0.17326231
  0.01699371  0.01179236 -0.01786844 -0.11203122  0.31669483  0.21826681
  0.0203606   0.09887055  0.11979576 -0.10329348  0.03249588  0.1517062
  0.00322688  0.11316859  0.0030397  -0.15460432  0.08755161  0.18349645
 -0.08796775 -0.0082764   0.07891136  0.06078675  0.04241731 -0.03629372
  0.08101487  0.01073374  0.03214398 -0.00541045 -0.0552737  -0.18884863
 -0.10785761  0.00314096  0.05276591 -0.09746184  0.15614213  0.09269556
  0.04142904 -0.11329296  0.12779698 -0.01754132 -0.13725631 -0.03496026
 -0.05275757  0.04121345 -0.07241558 -0.27559602 -0.17860226 -0.01774133
  0.07488006  0.02324249  0.05402457  0.01502029 -0.09044133  0.01007169
  0.12109999 -0.03419811 -0.0876914  -0.09965183 -0.04567497 -0.18092932
 -0.03431413 -0.10241734 -0.09707085 -0.00145632  0.0988644   0.08720072
 -0.03468161 -0.17536058  0.03129591 -0.01894708 -0.14410841  0.02343305
  0.02140581  0.02066787 -0.02133727 -0.04107329  0.03132221  0.02473556
  0.23889603 -0.07131708  0.05462823 -0.03419872  0.14736806 -0.03934104
 -0.03313137 -0.13355869  0.00406691  0.02058569 -0.05455788 -0.15680267
  0.11570852  0.04767847 -0.23074046 -0.12503254  0.07205391  0.08194039
 -0.02325914 -0.02678188  0.04557547  0.06626604 -0.00380044 -0.08094899
  0.01678196 -0.04502723 -0.00680664 -0.02298503 -0.18797752  0.04229708
  0.0775553  -0.09985421 -0.14552474  0.11599544  0.05924206 -0.09629294
 -0.0896108   0.00316406 -0.21791668  0.05384041  0.03736378  0.01018998
  0.1462774  -0.191301   -0.01160327 -0.0501537  -0.07699869  0.09464704
  0.08460952 -0.10404047  0.00670842  0.03383435  0.03383313  0.09266185
 -0.20289844  0.16126718  0.02925905 -0.0406111  -0.03691538 -0.08353414
  0.06106296 -0.0051052  -0.18846782 -0.11616911 -0.10686058  0.09194691
 -0.3195985   0.17441869  0.09104618  0.18015102  0.16489807  0.17099868
  0.00280778 -0.03581306 -0.0125383  -0.04695498  0.07388128 -0.08403342
 -0.0827045   0.12049428  0.03296881 -0.0184213  -0.00347556  0.07466663
  0.01702559  0.03551539  0.14431623 -0.0588521   0.07455336  0.00907488
 -0.20209183 -0.08640191 -0.02576636 -0.0372567   0.0389187   0.14293323
 -0.07090974  0.02521318  0.01748165 -0.10068345  0.03989713 -0.15200886
 -0.0995817  -0.19555694 -0.02804212 -0.0858973   0.07421096  0.13816369
  0.20129111  0.19239493 -0.09116715 -0.1689006   0.16798882 -0.03289614
 -0.13955829 -0.03583457  0.09440917  0.06966595  0.16473554  0.05276587
 -0.1948473  -0.03730021  0.11331328  0.05697298 -0.16368417 -0.03385025
 -0.05027184  0.01436068  0.04731605  0.06712227 -0.07600994 -0.10502297
 -0.07392365 -0.0917218   0.01504168 -0.03729812  0.00965684 -0.11142866
  0.01236007 -0.0333453   0.00068053 -0.00349079 -0.23503819 -0.0245944
 -0.03158722  0.00824036 -0.02854792  0.04511036  0.05627462  0.07525428
  0.11108008  0.07773578  0.13629374 -0.15368143 -0.07169339 -0.01304838
  0.0417668   0.10375039 -0.07112073 -0.11195981 -0.02116362 -0.08984689
  0.01737656 -0.08966751 -0.11536156 -0.06165713  0.02531029 -0.07314641
 -0.04660423 -0.14158797 -0.00370295  0.11508826  0.1856124   0.06074865
  0.03599912 -0.0463619  -0.01861061  0.0132416   0.09645713 -0.05613398
  0.01547084  0.01079567 -0.13004957  0.06220588 -0.06019585 -0.01411763
 -0.01458354 -0.03961178  0.03683278 -0.04826834  0.00169857 -0.03960335
  0.0588184  -0.02930481  0.08065633  0.02410631 -0.20278609 -0.15484418
 -0.23425184 -0.01492938 -0.01036668  0.07689101 -0.01668372 -0.01161407
  0.1703251  -0.0732947   0.01747095  0.11482998  0.160866   -0.23321374
  0.03238009  0.07010677  0.03901592  0.04309225  0.01016663  0.14515524
 -0.05224758 -0.04571431  0.15713064 -0.10168138  0.11065049  0.14273061
  0.00303086  0.02930703 -0.14051758 -0.02758534  0.11439452 -0.02242982
 -0.01378931 -0.04204425  0.06689421 -0.09199023 -0.07399196 -0.25081134
  0.08532103  0.12507306 -0.17787525  0.02773155  0.01952813  0.1406105
 -0.0704052  -0.03659549 -0.11540617  0.00121391 -0.0863891   0.17510302
 -0.08520886 -0.13091601 -0.00718036  0.05987997 -0.09749088  0.25897005
 -0.1589462   0.08699151  0.02496157 -0.11930422  0.24059118 -0.01235173
 -0.13292429  0.11650643 -0.01684863 -0.08218683  0.00319551 -0.06502114
 -0.08457877 -0.04341765 -0.02577601  0.0222808  -0.04127533  0.03784722
 -0.2342376   0.06790473  0.11012177 -0.08437481 -0.10299627 -0.00223773
  0.03088596 -0.13180263  0.16001227  0.1418361  -0.08909451 -0.13426213
  0.12502462 -0.03732317 -0.16978852  0.1637735  -0.06753562 -0.2036899
 -0.13095413  0.13133968 -0.06092175  0.27466375 -0.12406293 -0.24303718
  0.04166158  0.1252727   0.18567835 -0.09646467 -0.01479766 -0.12354764
 -0.00534552 -0.29376745 -0.13078205 -0.01876716  0.05758185  0.43590394
  0.13279757  0.02331773  0.0648095  -0.25491774 -0.20037551  0.04992632
 -0.04565195  0.09930959 -0.03692239 -0.17085096  0.02003438  0.21404313
  0.09786121 -0.03570608 -0.18051486  0.04977648 -0.037348   -0.14624819
 -0.08433355  0.15107587  0.15539674 -0.14433824  0.01500888  0.22935398
  0.05753523 -0.10664954  0.11558832  0.18534541 -0.01531979 -0.01192856
  0.0384723   0.14465724  0.18380503  0.04616624 -0.02706002  0.3042722
 -0.16772757 -0.08300838 -0.22896959 -0.13229251 -0.10413587  0.14043476
  0.18592413  0.135475    0.1119409  -0.02563698  0.27570832  0.06671053
  0.08619738  0.1075762   0.16312248 -0.02115062  0.1535837   0.10777272
  0.1042129  -0.18434098 -0.04681816  0.12077565 -0.0784747  -0.11495063
  0.01684247  0.04582165  0.20254987 -0.10786957  0.1876507   0.17271218
  0.05875473 -0.12631035  0.11800802 -0.12473314 -0.06068454  0.14847611
 -0.04722404  0.06617326 -0.14446603  0.31303227 -0.10464088 -0.2627543
  0.00265618 -0.06428626  0.08088793 -0.00878997 -0.16310692 -0.05972803
  0.1129829   0.08289082  0.08959681 -0.0334886  -0.14664048 -0.08911528
  0.08626275  0.17673156]