http://erau.edu/ontology/meme.owl#FeministsAreUglyMeme
[-1.12834722e-02 -1.58252537e-01 -8.29476416e-02  8.55512992e-02
 -3.83967236e-02  1.76236629e-01  1.61171965e-02  6.58387095e-02
 -8.65457207e-03 -9.48362797e-03  8.56508389e-02 -1.28588483e-01
 -7.89141953e-02  1.17958458e-02  6.98444396e-02  6.39986023e-02
 -8.52935910e-02  6.97519854e-02  7.79819721e-03  6.16138168e-02
 -1.03550069e-01  8.36897790e-02  4.47067879e-02  1.25567485e-02
  9.26146060e-02  5.91511950e-02  4.48815562e-02 -1.15216402e-02
  1.58796072e-01  1.87884569e-01  5.01182713e-02  2.04663113e-01
 -3.43762487e-02  3.87212224e-02 -1.09244272e-01  6.99033439e-02
 -8.22163094e-03  4.48994292e-03 -6.51274174e-02 -8.73500183e-02
  3.88557948e-02 -3.11845895e-02 -2.55876835e-02  5.41825704e-02
  9.51418877e-02 -4.00073715e-02  1.07832244e-02 -1.23311885e-01
 -4.38805334e-02  2.68530678e-02 -1.26515925e-02  7.72662461e-02
 -8.92513490e-04 -3.83514501e-02 -3.30295302e-02  1.20518930e-01
 -4.74308655e-02  9.96756554e-02 -3.43718603e-02 -3.48807685e-02
  1.58768017e-02  9.19019207e-02 -5.68130426e-02 -8.39606151e-02
 -9.67742279e-02 -5.56810386e-02 -1.21196844e-01  7.65104592e-02
 -4.42301780e-02 -9.46224779e-02 -1.81471944e-01  2.27426011e-02
 -4.43401597e-02  5.85403629e-02  7.35058933e-02  7.07542673e-02
 -7.92242438e-02 -3.62857394e-02  1.28846332e-01 -4.66799438e-02
 -5.25742993e-02 -1.89588964e-02 -3.71382982e-02 -9.58844274e-02
  3.60046104e-02 -1.00122273e-01 -2.00166732e-01  9.74049047e-02
  4.62000109e-02 -7.88917672e-03  5.00186160e-02 -1.67873666e-01
  4.77054305e-02 -4.52526771e-02 -2.24346984e-02  2.35306937e-02
 -3.17066982e-02  8.11777636e-02 -2.28669327e-02 -6.21125586e-02
  1.17280155e-01  6.24231026e-02  4.29618865e-01 -7.43212327e-02
  1.84982434e-01  2.58239266e-02  2.18564062e-03 -7.88424909e-03
 -5.13467472e-03 -2.28691369e-01  9.64795798e-02  1.07311904e-01
 -8.57182778e-03 -8.66097510e-02  5.52096479e-02  1.28894389e-01
 -1.53069600e-01 -1.59362871e-02  1.20980600e-02 -3.12342010e-02
 -1.74897611e-01 -3.43586206e-02  8.66683573e-03  7.92968273e-02
  1.21616736e-01 -1.04152197e-02  1.71485301e-02  2.31297258e-02
  2.58210674e-02  4.52568382e-02 -2.62080997e-01  1.15085952e-02
 -8.15351382e-02 -3.67303565e-02 -7.81381279e-02  6.03675134e-02
 -3.62140797e-02 -1.30001590e-01 -9.51725170e-02  3.32073197e-02
 -1.32527247e-01  7.34032840e-02  2.87315249e-02 -8.31240267e-02
  1.03698693e-01 -1.53731689e-01 -4.82083447e-02 -1.10152982e-01
  7.26027340e-02  1.38100907e-01 -8.45407620e-02 -8.88363048e-02
  1.82815511e-02  2.74215698e-01  9.32440311e-02  1.12292588e-01
 -8.06664526e-02  2.46935517e-01  2.70735584e-02 -8.21512714e-02
  5.47674671e-02 -2.13645309e-01 -6.18717931e-02 -3.68089601e-02
 -4.93289307e-02 -4.97516915e-02  5.13390526e-02  1.31157547e-01
 -3.93705934e-01  1.28495932e-01  1.07194046e-02  6.37192801e-02
  7.53012076e-02  1.72605991e-01 -1.08763896e-01  3.32030170e-02
  4.16039191e-02 -1.14426635e-01  1.24244086e-01 -9.12121013e-02
  1.81008559e-02  6.62614703e-02 -1.15029868e-02  1.06174558e-01
  1.35485204e-02 -2.79305466e-02  6.87591508e-02  5.75555600e-02
  2.30239645e-01 -6.52275234e-02  1.35155156e-01  8.38052258e-02
 -1.29091576e-01  4.32744734e-02 -9.89698768e-02 -3.34504545e-02
  5.54353707e-02  7.50675499e-02  2.84699146e-02 -1.55498207e-01
  6.28261687e-03  9.58552398e-03  5.82813323e-02 -1.32721975e-01
 -3.24955769e-02 -2.32748002e-01  6.61762292e-03  5.22917472e-02
  7.31171714e-03  2.18602754e-02  2.74123698e-01  1.68732703e-01
  5.90978488e-02  6.16474487e-02  1.61737017e-02  1.06800638e-01
 -1.05636597e-01  2.96753943e-02  1.14090696e-01  3.19926552e-02
  4.89347167e-02  3.12424265e-02 -6.36409596e-02  4.84024547e-02
 -1.74169950e-02  9.21544328e-04  2.61201467e-02 -7.72156790e-02
 -1.74691439e-01  8.57407600e-02  8.25589746e-02  1.51074141e-01
 -1.94950476e-02  1.87881626e-02  4.62054498e-02 -1.85186230e-02
 -7.54628284e-03 -3.46077722e-03  2.34455854e-01 -6.69562519e-02
 -8.11248831e-03 -1.48588106e-01  1.15005893e-03 -3.59822102e-02
 -2.49798685e-01 -9.75714847e-02 -1.97295725e-01  1.01937331e-01
 -2.48147380e-02 -1.69308975e-01 -1.26000829e-02 -2.65989453e-02
  1.05380856e-01  1.12402529e-01  3.06885213e-01 -5.56803271e-02
 -2.14098737e-01 -5.01715951e-02  4.89005186e-02  6.93726391e-02
  2.17876513e-03  3.77063602e-02 -8.34776983e-02 -1.64105579e-01
  2.42174789e-02 -3.28948379e-01 -1.78267121e-01  6.17249198e-02
 -5.36786579e-02 -2.58049928e-02 -1.15237013e-01 -1.28922015e-02
 -1.53802752e-01  1.39323622e-01  4.57576364e-02 -2.74613742e-02
  1.92918539e-01  5.67505602e-03 -6.72500208e-02 -8.62319171e-02
  8.09556693e-02 -2.16989107e-02 -6.38882909e-03 -5.02165854e-02
 -2.05217570e-01  5.55755682e-02 -1.00474790e-01  5.51968068e-02
 -8.35597366e-02 -1.12630978e-01  6.88299863e-03  2.28592008e-02
 -2.66119409e-02  1.46248147e-01  6.87420443e-02 -5.43725640e-02
  7.29777589e-02  8.34285170e-02 -2.18620405e-01 -4.21599746e-02
 -1.78355262e-01  1.27024129e-01  5.08492440e-02  1.25561535e-01
  7.43767321e-02 -1.07085548e-01  6.89686760e-02 -2.46255808e-02
  5.05271740e-03 -3.51570663e-03  1.57034606e-01 -7.04880059e-02
 -2.53078230e-02  5.81972823e-02 -1.10989049e-01  7.39158317e-02
  9.80360154e-03 -3.01590972e-02 -1.07245520e-01 -9.41666216e-03
  6.37193620e-02 -1.04190402e-01  1.34081081e-01 -9.35956545e-04
  3.07875294e-02  1.47814946e-02 -5.01369201e-02 -3.80542651e-02
  1.43869415e-01  4.36007269e-02  7.30399638e-02  9.94306523e-03
  8.26842338e-02 -9.69876498e-02  2.86925267e-02 -2.59964943e-01
  1.64139852e-01 -1.70988645e-02 -8.01448002e-02  2.82642003e-02
 -1.40673462e-02  1.05876371e-01 -9.70767438e-02 -6.89873993e-02
 -1.19302779e-01 -1.05554990e-01 -3.94392526e-03  5.70993274e-02
  5.36237769e-02 -1.91986382e-01 -1.12231143e-01  6.20377660e-02
 -7.80495480e-02  2.91714400e-01 -2.40193680e-04  2.11811259e-01
  7.73437098e-02 -3.53358611e-02  2.02903941e-01 -1.06399700e-01
 -1.04393311e-01  9.76337716e-02  7.52917752e-02 -7.35006183e-02
  1.05956882e-01 -1.04438074e-01 -5.85939698e-02  5.46423011e-02
 -4.78606997e-03  7.38041401e-02  5.85584491e-02 -1.35355875e-01
 -2.20245108e-01  1.89829543e-02  2.02328026e-01  2.19575781e-02
 -5.89205027e-02  6.90037981e-02 -9.39545557e-02 -9.06133354e-02
  1.48316637e-01  1.74994066e-01 -8.78140628e-02 -1.72609016e-01
  1.19073637e-01 -3.80053148e-02 -7.91315660e-02 -3.42218503e-02
 -3.33944820e-02 -1.43714666e-01 -9.35323909e-02 -8.54750816e-03
  9.66308638e-03  1.77589685e-01 -1.37461787e-02 -6.52533323e-02
  8.06395058e-03  8.13266449e-03  1.15786083e-01  3.46432179e-02
 -6.83918521e-02 -2.94876713e-02  1.13459483e-01 -2.24718317e-01
 -6.07420765e-02  6.05221614e-02  1.96098331e-02  2.41158813e-01
  9.65493694e-02 -3.69805470e-02  1.49880737e-01 -1.73590794e-01
 -7.86994845e-02  1.81665123e-02 -2.38387540e-01 -5.90181015e-02
 -1.49680898e-01 -1.26973540e-01 -5.77099174e-02  1.66103467e-01
  4.70123067e-02 -3.37523669e-02 -2.73978591e-01  4.04297337e-02
 -3.95414047e-02 -2.08219007e-01  3.80578116e-02  1.70705914e-01
  7.36339837e-02  1.23110283e-02  4.07397002e-02  2.75687456e-01
 -4.87505347e-02 -2.32025251e-01  2.16539931e-02  2.23358199e-01
 -3.76699530e-02 -7.91570693e-02  3.15877199e-02  2.47091010e-01
  1.86646357e-01 -5.36327958e-02 -8.10578614e-02  3.85342330e-01
 -2.81266093e-01 -1.82564735e-01 -3.06948304e-01 -4.49024476e-02
 -1.35570720e-01  7.48901963e-02  4.90426645e-02  1.52344957e-01
  1.13194115e-01  3.81539837e-02  1.74154565e-01 -7.37822652e-02
  1.27094820e-01  2.53658712e-01  3.01093180e-02 -1.04796633e-01
  4.83653061e-02 -4.84824227e-03  1.55172318e-01 -4.81903665e-02
 -4.12662923e-02  9.39441398e-02 -1.94449306e-01 -7.64106587e-02
 -1.06707558e-01  1.47535443e-01  2.34430805e-01  3.43009271e-02
  5.89074939e-02  1.42954648e-01  1.07199110e-01 -1.10856742e-01
  1.22601017e-01 -1.68307662e-01 -6.89639151e-02  1.05042085e-01
 -9.02708694e-02 -1.27559468e-01 -1.06900640e-01  2.65926450e-01
 -7.43824393e-02 -2.44863734e-01 -4.33503417e-03 -6.01876378e-02
  2.18759194e-01  1.69906795e-01 -1.78598866e-01  1.95204373e-02
 -6.41148686e-02 -1.42804086e-01  1.96620136e-01 -5.06218225e-02
 -9.25092176e-02 -1.20503061e-01  7.10480884e-02  3.55244353e-02]