http://erau.edu/ontology/meme.owl#OnanOpenFieldNedMeme
[ 0.05342875 -0.0244274  -0.10237266  0.05462823  0.12744538 -0.08602037
 -0.00603552 -0.08933594  0.18688937 -0.03604778 -0.06269241  0.11903237
 -0.2784373  -0.07389698 -0.12374182  0.02618242  0.24649353 -0.04141526
  0.12911886  0.10829203 -0.32573265  0.14894968 -0.02045623 -0.25470248
  0.34094504 -0.17473218 -0.04288923 -0.19628282  0.4697647   0.43692043
  0.09684131 -0.11073115  0.06059965  0.10520022 -0.18806513  0.18563727
  0.08402309 -0.06303487 -0.20572625 -0.11071529  0.03434167  0.24602693
 -0.2632706   0.10805438  0.00194951 -0.01437945 -0.12133971 -0.4208641
  0.29842886  0.03278923  0.0652049   0.0728898  -0.15842308 -0.27664733
 -0.04692219 -0.0716923   0.1541589   0.02107578  0.3128603   0.1265116
  0.16577445  0.03150808  0.09217326  0.13325097 -0.07127865 -0.01149976
 -0.06056344  0.02575037 -0.00376433  0.03197933 -0.19064677  0.03954336
  0.19600011  0.0430559  -0.00466577  0.18457292 -0.06449666  0.03427377
 -0.02394454  0.02378685  0.07147796 -0.1883913  -0.00764479  0.06797361
 -0.11280066 -0.08663955 -0.13013344 -0.00335713  0.06231781  0.10379748
  0.10388766 -0.25390065  0.15474556 -0.07964274  0.00563036  0.10798888
 -0.10751431 -0.01036622  0.10485666 -0.20944521  0.15201002  0.01238562
  0.05177689 -0.02063833 -0.04709745  0.21646342 -0.00812657 -0.06909146
 -0.06575042  0.08785088  0.16735399 -0.09057203  0.16721578 -0.1420864
  0.27550086 -0.05400919 -0.1260475  -0.15723467  0.01345759 -0.08431269
 -0.00453236  0.14352378 -0.15081172  0.01781026  0.17424878 -0.20230864
 -0.0175812   0.1166213  -0.02730325 -0.01115728 -0.22908843 -0.05372115
 -0.04006153 -0.27012548 -0.1273048   0.29059693  0.02579412 -0.04554756
 -0.4046784  -0.06832756 -0.5036932  -0.12937559  0.19118229  0.02592647
  0.36093053 -0.19951645  0.1991085  -0.04947557 -0.20211686  0.12806419
 -0.07690959 -0.04752957 -0.20465924 -0.09418693  0.00925845  0.11297179
 -0.22777776  0.2068372  -0.07843797 -0.30977687  0.04579177 -0.18518673
  0.0774434  -0.10804432 -0.20064172  0.16320139 -0.06065266  0.33471233
 -0.05895945  0.12251525 -0.11617509  0.36993676  0.2936258   0.04609037
 -0.03544369 -0.08655077 -0.09378605  0.00753875  0.20809436 -0.04285022
 -0.20711617  0.24434786 -0.18585104  0.17307651 -0.02391876 -0.16505818
  0.3007762   0.19420843  0.17941521  0.00827386  0.08637573  0.11780326
 -0.07121778 -0.3098327   0.16185886  0.00279783  0.14500943  0.04773492
  0.18933961  0.06774819  0.03691268  0.04533613  0.12845267 -0.04991253
 -0.2174834  -0.35580215 -0.00277798 -0.10285199  0.00169076  0.10627586
  0.21404073 -0.01611279 -0.07660548 -0.03091075  0.10852517 -0.03849882
 -0.12541062 -0.37685266  0.28051406 -0.04947726  0.25252652  0.02914448
 -0.19005069  0.15071057  0.22740147 -0.05110468 -0.18517324  0.22545008
 -0.07578928  0.09129633  0.21893975  0.08346631  0.00581564 -0.30700347
 -0.13600191  0.14059453 -0.14001258 -0.2767594  -0.01842044  0.04505428
  0.16181631 -0.12879106  0.05764016  0.08163358 -0.23735677 -0.06027343
 -0.40341148 -0.09326897 -0.07230141 -0.02489459  0.0337844  -0.00123208
  0.17232615 -0.03430869  0.25059104  0.03767287 -0.07506216  0.24864906
 -0.0453286   0.10510251 -0.04300892 -0.19296078  0.07831814 -0.18622616
 -0.21402302  0.02079386 -0.03040018 -0.01912123  0.05607405 -0.17097677
 -0.09081928  0.12287577  0.19052273  0.05623975  0.01020815 -0.0643032
 -0.02217955  0.02541229  0.25621682  0.03134264  0.36092308  0.1772348
  0.0956324  -0.00606504 -0.08852908 -0.0777522  -0.15018459  0.08484068
  0.08612843  0.18852757  0.11195394 -0.03038165  0.2477891   0.00901484
  0.0783465   0.09203268  0.11499497 -0.1358276  -0.05836322 -0.18025164
 -0.21141757  0.01228445 -0.11503877  0.1621567   0.0605732   0.28771082
 -0.08930489  0.0787148   0.10423797  0.03076512  0.00599855 -0.19144303
 -0.14677215 -0.04783883  0.12083065  0.07661903 -0.04964671  0.10383333
 -0.09381963 -0.21676575 -0.00128308 -0.00080895  0.08185202  0.22374094
 -0.23188773  0.1258409   0.09098524 -0.01699475  0.0112552   0.08300991
  0.04094668 -0.09495299  0.03282156 -0.21459563 -0.1760908  -0.07524417
  0.08143511  0.11085967 -0.25698787  0.11759192 -0.16024978  0.09271824
 -0.15807828 -0.05812029 -0.19623516 -0.13682073  0.07036338  0.10292137
 -0.1603446  -0.13671418 -0.1823596   0.11534201 -0.0746213   0.22298862
 -0.17282374  0.03720811  0.14838225 -0.12087011  0.12582819 -0.12134074
 -0.0869621   0.29565385 -0.03576818 -0.01039601 -0.09004767  0.00889574
 -0.16738823  0.11832782 -0.13019787 -0.0475478  -0.06945573  0.01202196
 -0.6014087   0.09848633 -0.14631447 -0.2984284  -0.20882505  0.01411119
 -0.01657569 -0.17405777  0.29840773  0.27497396 -0.2377362  -0.20342344
  0.0533171  -0.2416013  -0.25663644  0.22884898 -0.16142419 -0.45892915
  0.03198601  0.14667258 -0.01189074  0.07025141 -0.00639539 -0.32152456
  0.20159942  0.18451494  0.43990546 -0.15066233 -0.00343508 -0.14194074
 -0.15727532 -0.27827734 -0.33095828  0.23708043 -0.19124304  0.44327623
  0.17709197  0.24079417  0.10279896 -0.19605073 -0.15518774 -0.06667697
  0.08100796  0.04991872 -0.08163729 -0.0913742  -0.04029533  0.06479614
  0.15096198  0.06779213  0.02211774  0.0522384  -0.30545628 -0.31232393
  0.10936376  0.2978181   0.16995808 -0.05515255  0.23364426  0.4571204
  0.2582277  -0.27018413  0.16385366  0.1709677  -0.04741823 -0.00709415
  0.1892845   0.05142054 -0.13016723  0.14016163  0.01128324  0.32018703
 -0.12057787 -0.04573144 -0.17765693 -0.05234246 -0.10547728  0.1565787
  0.09203655 -0.24154258  0.11019409 -0.06287819  0.04055202  0.00992142
  0.04307335  0.03055795  0.19437541 -0.06155096  0.33353698  0.24009758
  0.05499345 -0.0682475   0.00658367  0.21803185  0.08952731 -0.08960252
 -0.06220795  0.19708328 -0.04020129  0.2080365   0.2526533   0.14120238
  0.06434111 -0.17320018  0.00729406 -0.17561805 -0.09204727 -0.15118629
 -0.01939276 -0.20562075  0.17129491 -0.08275621 -0.09568628  0.07444555
 -0.1158274  -0.01721137 -0.04625222 -0.11900834 -0.11817299 -0.11218864
  0.01190102 -0.15515052  0.254453    0.02174899 -0.10740564 -0.12292953
  0.07108913  0.1165453 ]