http://erau.edu/ontology/meme.owl#ShartinMartMeme
[-1.44580036e-01 -1.49831146e-01  1.81995649e-02  6.87979758e-02
 -2.44100336e-02  6.38684854e-02  1.34876624e-01  3.27653512e-02
  4.43177000e-02 -1.34902775e-01  2.77639329e-02 -1.21259928e-01
 -1.22800665e-02 -1.06488332e-01  7.76481442e-03  3.25017460e-02
  4.02295850e-02  9.92715452e-03 -4.89123724e-02  8.26185048e-02
 -9.12145525e-02  1.26037747e-01  3.88879552e-02 -1.73292264e-01
  6.86856210e-02  1.36048580e-02  1.77779584e-05 -1.47199538e-02
  2.17327893e-01  6.35737628e-02  1.33032918e-01  1.06302641e-01
  2.50750668e-02 -3.45216952e-02 -2.02624276e-02  1.09516658e-01
 -1.69126913e-02  1.12422153e-01  1.77358333e-02 -6.19059764e-02
 -4.57642153e-02  1.34846747e-01 -9.52267349e-02  3.30256345e-03
  6.52271509e-02 -1.59632564e-02 -2.28557661e-02 -1.52795054e-02
 -3.94291505e-02  3.93669158e-02  5.45508824e-02 -1.67667978e-02
 -1.71363652e-01 -1.66432098e-01 -1.39687047e-03  5.65934414e-03
  9.61130708e-02 -5.47526069e-02  1.57073423e-01  5.05677611e-02
 -1.62649229e-02 -2.34267898e-02  4.88218293e-02  8.86882469e-02
 -1.27166972e-01 -1.31393164e-01  3.31685729e-02 -4.83839102e-02
 -1.13452747e-01 -8.87034014e-02 -1.64012372e-01  1.98732968e-03
  4.97599915e-02  3.43550332e-02  1.38122654e-02  4.06041630e-02
 -1.82341948e-01  6.52029663e-02  7.32691139e-02  1.62663274e-02
  2.10162960e-02 -3.53027619e-02  6.82993187e-03 -1.42404392e-01
  5.70596009e-03 -5.59119061e-02 -1.32237628e-01  8.27551121e-04
  1.17851766e-02  2.14006882e-02  3.85804363e-02 -1.75356075e-01
  7.63711035e-02 -8.73689651e-02  2.13105511e-02  1.03686368e-02
  5.18169291e-02  3.93283665e-02  1.31795295e-02 -7.91000724e-02
  1.02195911e-01  8.95461589e-02  2.97443360e-01 -6.53714240e-02
  3.26404758e-02 -4.65616472e-02  1.40143991e-01 -3.56239937e-02
 -3.33813950e-02 -2.66026054e-02  2.73063499e-02  5.90633377e-02
 -1.58093378e-01 -1.20184496e-01 -3.19589376e-02  6.35430589e-02
 -2.77553082e-01 -9.32053551e-02 -6.81754723e-02  9.30120274e-02
 -5.76196983e-02 -6.82522729e-02 -5.56629002e-02  1.59632683e-01
  1.14039183e-01 -6.09382465e-02  2.15589982e-02  2.04363232e-03
  5.79765663e-02  1.21689737e-01 -1.90935731e-01  4.86331768e-02
  4.17689085e-02 -4.93494719e-02 -3.87617461e-02  9.42870677e-02
  3.64671722e-02 -2.61720493e-02 -1.93516597e-01  6.88534901e-02
 -2.17111573e-01  3.39111090e-02  7.30410069e-02  9.37028695e-03
  1.84731692e-01 -2.49887064e-01  3.66699919e-02 -1.19006388e-01
 -6.40064999e-02  1.28717557e-01  2.85717752e-02 -1.03004403e-01
 -4.67718132e-02  1.22020841e-01 -7.13850325e-03  8.41499418e-02
 -1.00149028e-01  2.08524182e-01  6.74506696e-03 -2.36772541e-02
  5.86975999e-02 -1.39870748e-01  2.82499846e-02 -4.53283526e-02
 -1.25339627e-01 -9.04118419e-02  1.31282285e-02  8.89611319e-02
 -2.88508505e-01  1.94750622e-01  3.17389667e-02  1.70368150e-01
  1.73937604e-01  1.79848999e-01 -3.44153196e-02 -3.48306186e-02
 -6.88271075e-02 -6.68129623e-02  1.72494248e-01 -4.16014791e-02
 -4.28126045e-02  1.32867709e-01  3.09347995e-02  8.18508118e-02
 -5.11711724e-02 -1.69847198e-02  9.89780203e-02  3.70036922e-02
  1.94529593e-01 -5.31964116e-02 -8.99921171e-03  1.82532705e-02
 -2.57924497e-01 -7.73465931e-02  3.29285860e-02 -1.26807913e-02
  5.77228963e-02  2.24197909e-01 -5.86510450e-02 -9.08396095e-02
 -3.28545488e-04 -9.94353816e-02  1.64972350e-01  7.64936965e-04
 -2.05628589e-01 -2.99103469e-01  6.12158282e-03 -3.83900739e-02
  7.65953735e-02  1.76391393e-01  3.72550488e-01  9.06347483e-02
 -4.48941961e-02 -7.12602139e-02  8.56786519e-02  4.99178506e-02
 -1.28486127e-01 -2.64109243e-02  1.73819572e-01  1.75268635e-01
  1.67269900e-01  1.12330593e-01 -1.76349938e-01  9.61120129e-02
 -2.58490760e-02  2.31504105e-02 -1.13476470e-01  6.85477455e-04
 -7.76418298e-02 -3.27190943e-02  9.88546535e-02 -5.04579432e-02
 -1.33675188e-01 -1.17971107e-01 -7.14193936e-03  2.93775052e-02
 -9.68066081e-02 -3.20030563e-02  1.76838890e-03 -8.14695507e-02
 -7.70144239e-02 -1.02256089e-02  8.55975747e-02 -8.60733911e-02
 -2.23903731e-01 -6.54837955e-03 -1.57659069e-01 -3.62571813e-02
 -6.60531074e-02 -4.81824093e-02  7.47295618e-02 -2.15992294e-02
  1.58546209e-01  2.91483440e-02  2.16598317e-01 -1.69665902e-03
 -1.24948561e-01  4.36510984e-03  1.00161768e-01  6.22358434e-02
 -2.44772397e-02 -1.17532127e-01 -5.84990717e-02 -1.37562692e-01
 -9.41977352e-02 -1.51591286e-01  1.90445818e-02  5.61140962e-02
  4.43048403e-02 -1.52209073e-01 -8.35619867e-02 -1.73922420e-01
 -1.06150664e-01  2.94037741e-02 -7.91857857e-03  5.90151139e-02
  9.17554423e-02 -2.55818423e-02 -5.34098372e-02  5.60646467e-02
  7.25133792e-02  6.09874316e-02  4.67019640e-02 -2.23533139e-02
 -1.17227204e-01  1.54485572e-02 -4.53460142e-02 -2.45624892e-02
 -2.84044184e-02 -1.11812346e-01  5.58104217e-02 -1.05723985e-01
  1.39423907e-02  9.70752686e-02  6.44238759e-03  4.79834788e-02
  1.09217837e-01  4.83496534e-03 -1.54707089e-01  1.36370340e-03
 -2.35717624e-01  5.46472110e-02  5.13738170e-02  6.09577075e-02
  4.74385880e-02 -6.80120941e-03  7.53725320e-02 -1.31119322e-02
 -2.66935751e-02  1.00938231e-01  2.15299010e-01 -1.53563395e-01
  1.29553294e-02  1.34731829e-03 -1.66788921e-02  4.95708175e-02
 -9.07301083e-02  2.62600053e-02  7.85255209e-02 -1.08732052e-01
  1.42321035e-01 -1.61761343e-01  1.43571287e-01  1.02145672e-01
  1.28064146e-02 -3.52953747e-02 -2.57363077e-02  1.39539251e-02
  3.74594219e-02  1.52861439e-02  1.06598006e-03 -4.50825840e-02
  1.35125108e-02 -8.98323730e-02 -1.25700440e-02 -1.37978017e-01
  9.23423693e-02  5.03456928e-02 -2.72592157e-02  1.22866325e-01
  3.32334675e-02  1.17623329e-01 -6.21424429e-02 -6.76424578e-02
 -2.83023156e-02 -6.13884404e-02 -1.22026131e-01  7.15881139e-02
 -8.94241259e-02 -8.34755972e-02 -2.55998988e-02 -9.05589685e-02
 -1.37517422e-01  1.43244401e-01 -8.67437273e-02  1.16658546e-01
  1.02736580e-03 -4.49758582e-02  1.58660650e-01 -2.18910705e-02
 -6.98992684e-02  1.09471241e-02 -7.13165328e-02 -6.92155510e-02
 -2.84088142e-02  6.34934194e-03 -6.45320788e-02  6.95712632e-03
  5.03757522e-02  8.60659778e-02 -7.69941583e-02 -7.43146911e-02
 -1.62450194e-01  7.00290948e-02  8.89638290e-02 -8.97966549e-02
 -3.42030302e-02 -1.60678290e-02 -5.68264127e-02 -5.34288138e-02
 -9.47092194e-03  1.46084428e-01 -9.08585414e-02 -1.55548587e-01
  5.46402186e-02 -9.41030085e-02 -7.92161599e-02  1.17708907e-01
 -3.97364199e-02 -3.31232860e-03 -1.91024859e-02  8.72269198e-02
 -6.24438599e-02  1.52205586e-01 -1.45900995e-01 -1.36080489e-01
  1.91561840e-02  6.97659552e-02  2.10644409e-01 -1.30810276e-01
 -4.16381769e-02 -4.54082452e-02  5.60032651e-02 -1.38862923e-01
 -5.17340116e-02 -1.69533715e-02 -4.54690307e-02  2.22685054e-01
  1.00927345e-01 -3.00006662e-02  6.47577122e-02 -1.46963537e-01
 -1.12495691e-01  6.63528517e-02 -1.51118353e-01  1.67433694e-02
 -1.75595716e-01 -8.21282044e-02 -8.27979594e-02  2.41174661e-02
  8.12127963e-02 -3.14827263e-02 -2.16255322e-01  8.84772912e-02
 -8.59820470e-03 -7.54024759e-02 -2.66684052e-02  2.97023933e-02
  1.06208853e-01 -2.66578756e-02 -6.41452074e-02  1.49402067e-01
  8.53988528e-02 -1.17349401e-01  9.39597189e-02  1.09156713e-01
  1.14602380e-01  4.45885211e-02 -1.31724477e-02  1.06452018e-01
  1.50652424e-01  2.04634219e-02 -1.01616636e-01  3.02198440e-01
 -1.87863797e-01  4.39947248e-02 -1.94080710e-01 -3.71151716e-02
  1.03711340e-04  1.25335947e-01  1.08821362e-01  1.37820810e-01
  1.35584595e-02  9.29431524e-03  1.19461559e-01 -4.72433213e-03
  1.10848248e-01 -2.69686989e-02  1.43888593e-01  3.51523347e-02
  2.00952627e-02  4.86186035e-02  8.07360113e-02 -1.27716213e-01
 -3.44046392e-02  1.23043567e-01 -5.75713031e-02 -6.60027564e-02
 -3.37208398e-02  8.85537043e-02  1.67059898e-01 -4.79905158e-02
  8.50781053e-02  1.25500679e-01  5.56818303e-03 -7.76328817e-02
  5.41516468e-02 -1.59774944e-01 -7.44882077e-02  4.06925753e-02
 -5.66892065e-02 -4.29413877e-02 -1.38999537e-01  1.89444438e-01
 -2.10178986e-01 -2.24226952e-01 -5.84194362e-02  2.53647510e-02
  1.77101064e-02  1.01923272e-01 -4.57895435e-02 -6.05733804e-02
  5.20202182e-02  6.21357486e-02  8.86535272e-02 -1.51222181e-02
 -2.17133630e-02 -5.35280444e-02  4.48543243e-02  4.47875774e-03]