http://erau.edu/ontology/meme.owl#ChappellesShowMeme
[ 0.01860586 -0.13625224  0.1233915   0.03595587 -0.08419452  0.00990314
  0.12777798 -0.05036306  0.01287715 -0.0425692   0.17734404 -0.00103233
  0.02974035  0.07265642 -0.04608959 -0.07788853  0.01007196  0.17260282
 -0.03119224 -0.00478696 -0.12046334  0.12262088  0.17114246 -0.12130714
  0.0008848   0.0570804  -0.03800838 -0.07365401  0.21610163  0.05575158
  0.0886246   0.16424513  0.0516126  -0.07380483 -0.00315597  0.16354638
 -0.05258282  0.12119492 -0.06334732 -0.09395161 -0.10680299  0.2034702
 -0.19377612 -0.04160554  0.13870603  0.05509311  0.10437816  0.00177869
 -0.07213012 -0.01464688  0.10113687  0.00212957 -0.11087137 -0.18166688
 -0.12148543 -0.02932696  0.1432593  -0.17138116  0.14466985  0.187034
 -0.08685152 -0.08855252  0.2086795   0.09466937 -0.10233122 -0.15307064
 -0.04804602  0.01981685 -0.08838797 -0.06790645 -0.03731703  0.07653432
  0.0825728   0.04700617  0.04855282 -0.00875904 -0.10810943 -0.01750938
  0.19974658  0.05498232 -0.01950392 -0.03718931 -0.08875897 -0.22997436
  0.12360007 -0.00106661 -0.08103448  0.07758029  0.09954038  0.06291796
 -0.03184234 -0.2239762   0.05817024 -0.07146595 -0.14065388  0.10438086
 -0.02094014  0.00529671 -0.04941962 -0.00361847  0.09970457  0.11175166
  0.20823297 -0.07751127 -0.03023262  0.02886258  0.04701426  0.05426502
 -0.02204928 -0.11398549 -0.02102464  0.0378643  -0.10772565 -0.04574801
  0.07355558  0.05635349 -0.15260856 -0.03263218  0.0887086   0.00515959
  0.01012727 -0.08162532 -0.0303651   0.10904226  0.14923021  0.01309901
 -0.05806414  0.05465264  0.01735447 -0.07984002 -0.24263574 -0.07334913
 -0.07851693 -0.06905497 -0.02539393  0.14367436 -0.01229464 -0.05816622
 -0.07152171  0.07652672 -0.25326458  0.01479958  0.19335411  0.07773333
  0.14539613 -0.15624863 -0.00540832 -0.13156527 -0.04527721  0.05932239
  0.08464852 -0.14230637 -0.05198853 -0.01446297 -0.01878115  0.01090992
 -0.13710342  0.21901451  0.0791432  -0.07203565  0.04517308 -0.02022919
 -0.0102679   0.07427821 -0.29306388 -0.18543528  0.02947574  0.17225884
 -0.17159155  0.11750109 -0.01855207  0.12589817  0.24019605  0.17751049
 -0.00682164 -0.00101656 -0.036148    0.01598627  0.12147404 -0.02262099
 -0.14491926 -0.0382522   0.08767499 -0.03493478  0.02762618 -0.02726671
  0.0491101   0.02536635  0.10217593 -0.14737721  0.0052388  -0.09859388
 -0.13555644 -0.0665389  -0.07792451 -0.04459551 -0.02805504  0.24052861
 -0.09775271 -0.01409767  0.01392481 -0.06215766  0.11256878 -0.00786005
 -0.07682984 -0.19276194  0.03137267 -0.07374266  0.22240812  0.13915652
  0.14037827  0.07511262 -0.06442133  0.04598156  0.00962346 -0.09150466
 -0.01876713 -0.06459825  0.00513203  0.18670382  0.07294473  0.25018594
 -0.07844742  0.05737862 -0.02833204 -0.03912593 -0.08367701  0.09747257
 -0.05612581 -0.05398374 -0.0210692  -0.02254828 -0.13533908 -0.05989584
 -0.10448335  0.00754531 -0.09098247 -0.04311167  0.10344072 -0.07641042
 -0.05089165  0.01469995  0.03123213 -0.01751041 -0.24279973 -0.02785687
 -0.0986325   0.00195849 -0.04218189  0.12171058  0.13608444 -0.05504526
  0.1521794  -0.04706524  0.20814219 -0.07101103 -0.10555296  0.07160123
 -0.0161756   0.09619371 -0.14634304 -0.04362298 -0.10176609 -0.13732846
 -0.06087115 -0.13860801  0.07773083  0.00078886  0.10524754 -0.17220661
 -0.06692059 -0.1292511  -0.03592788  0.02320419  0.04434614 -0.07059048
  0.10467388  0.08970181 -0.01007027  0.03223361  0.04269905  0.04097664
 -0.09662391 -0.07276416 -0.05196492 -0.05289043 -0.20853594 -0.09513479
 -0.07176138 -0.14562435  0.1702725  -0.12641115  0.02265381 -0.09881106
  0.06434586 -0.01981923  0.18400438  0.02552437 -0.25866172 -0.13906677
 -0.1929538   0.08365698  0.03856881  0.05280751 -0.03080256 -0.01783685
  0.1734224  -0.0549737   0.06111554 -0.05123094  0.18754405 -0.20890613
 -0.04926769 -0.04044058 -0.13831773 -0.03459188 -0.01587736  0.07211053
  0.03296527 -0.08699526  0.05337766 -0.07923219  0.14174792  0.16501097
  0.05305834  0.00701767 -0.11470646  0.00192404  0.18997654 -0.09158781
  0.01325896 -0.05119735 -0.01252993 -0.1415773   0.12291019 -0.16015355
  0.11691292  0.16772203 -0.02965725  0.0402762   0.00423479  0.06186111
 -0.13131109 -0.08037518 -0.10332517  0.00271304 -0.08483122  0.15954375
 -0.01629533 -0.12124607 -0.07278369  0.01766045 -0.07870726  0.07747757
 -0.03053305  0.11105262  0.04472772  0.11636658  0.23766133  0.02288498
 -0.07629971  0.05348795 -0.00264639 -0.05456443  0.06067975 -0.13282503
 -0.05295699  0.04307882  0.0400916   0.03825983 -0.08461908 -0.02116275
 -0.25793147  0.0426015   0.07472934 -0.04791488 -0.01830688  0.07052756
 -0.01414935 -0.02665299  0.04095421  0.23059806 -0.03761133 -0.06645201
  0.07886203 -0.20167117 -0.04661481  0.16483612 -0.03773759 -0.02191017
 -0.01757301  0.0658273  -0.04279603  0.31574702 -0.06953919 -0.33008596
  0.08598264  0.05910795  0.3237063  -0.1956571  -0.07385902 -0.16492191
  0.07445463 -0.19196528 -0.02514138 -0.03984332 -0.03270873  0.38724518
  0.149388   -0.02136301  0.20783907 -0.14692278 -0.13642706 -0.08779831
 -0.1222095   0.17477491 -0.15640773 -0.0751633  -0.08296821  0.05135666
  0.08702917 -0.11035041 -0.10472203 -0.04258943  0.03805261 -0.13676777
 -0.08375064  0.0128804   0.08851437  0.02423176  0.07492074  0.15534712
  0.06591757 -0.10030241  0.21477133  0.23936944  0.19602895 -0.03819687
  0.00643032  0.15825374  0.09208722  0.03092585 -0.06686025  0.22496052
 -0.20766078  0.00356339 -0.17850941 -0.06200409 -0.00735075  0.06504782
  0.11114697  0.10114872  0.19087686 -0.02888983  0.15486506  0.06924642
  0.0962441  -0.04444379  0.06833073 -0.00624679  0.13239294  0.04918099
  0.08824632 -0.13373268 -0.02576308  0.14104667 -0.01254419 -0.12934694
 -0.06982789  0.03061935  0.11721116 -0.04570388  0.06915947  0.06837874
  0.00127545 -0.17956032 -0.01909172 -0.0775505  -0.00220312  0.13195392
  0.00098282  0.00173282 -0.10051933  0.2114477  -0.18838106 -0.15111588
 -0.01818108 -0.02261197  0.11513034  0.05181798  0.00517494  0.03998925
  0.06278433  0.1360005  -0.01010223  0.00859015  0.11960901 -0.02142328
  0.08759318 -0.05675633]