http://erau.edu/ontology/meme.owl#DaveRubinAndTheRubinReportMeme
[-1.38158515e-01 -1.20530933e-01  6.79614991e-02  5.18291853e-02
  1.86431501e-02  8.21354389e-02  7.93463215e-02 -4.39530835e-02
  1.62088424e-02 -1.04750678e-01  4.33203317e-02 -7.39008933e-02
  4.85061370e-02 -5.59401661e-02 -4.34815288e-02  6.62505999e-02
  3.24676633e-02  8.86855461e-03 -1.74796917e-02  9.38274041e-02
 -9.49054286e-02  5.91985621e-02  6.15910776e-02 -1.09865472e-01
  9.00709555e-02 -5.41837998e-02 -1.81937534e-02 -3.60077247e-02
  1.96640372e-01  7.85084814e-02  1.33671418e-01  1.17858827e-01
 -3.51341069e-02 -7.53991157e-02 -7.76384473e-02  1.54932842e-01
 -1.36533128e-02  4.91410270e-02 -3.01464293e-02 -6.71440139e-02
 -3.15266997e-02  1.26499474e-01 -1.34858429e-01 -8.97591487e-02
  9.50544998e-02  4.06115092e-02  4.49164212e-02 -1.43583780e-02
 -3.69055048e-02  8.44183657e-03  4.93856221e-02  4.05023731e-02
 -1.15165606e-01 -1.08053640e-01 -7.97314644e-02  1.31937917e-02
  1.10927947e-01 -1.23940885e-01  2.03108832e-01  4.97771017e-02
  4.57496308e-02 -5.71783409e-02  1.35279730e-01  7.48275220e-02
 -4.88056652e-02 -1.23265281e-01  1.19324379e-01 -8.86341631e-02
 -6.07083626e-02 -1.10449798e-01 -1.07536003e-01  8.39393437e-02
  1.22474603e-01  1.89851820e-02  1.98631734e-02  1.33231312e-01
 -4.37039845e-02  5.12655824e-02  9.35522541e-02  3.27922814e-02
  4.41896729e-03 -9.39736739e-02 -3.63618731e-02 -1.70792356e-01
  6.53641969e-02 -4.99886721e-02 -9.21289399e-02  8.33299607e-02
  3.58508043e-02 -6.65635690e-02 -1.54425716e-02 -1.58951789e-01
  1.22951031e-01 -1.32505253e-01 -7.28852898e-02  8.53411481e-02
 -8.77573248e-03 -8.99335835e-03 -6.86824918e-02 -5.41773848e-02
  1.43455237e-01  3.97335179e-02  3.32723618e-01 -7.73168653e-02
  8.09189025e-03  7.66187310e-02  1.53324723e-01  3.32132131e-02
 -6.29445240e-02  1.26640983e-02 -7.19441026e-02  7.54414201e-02
 -1.49144873e-01 -4.13164087e-02  1.17954597e-01  9.49071348e-02
 -2.97071904e-01 -1.57888830e-01  5.16866781e-02  1.16600901e-01
  8.56528431e-03 -5.93334101e-02 -1.20958790e-01  8.94562602e-02
  6.01966344e-02 -9.72954482e-02  5.41567281e-02  4.31303121e-03
  2.88383123e-02  3.37084197e-02 -2.48067915e-01 -4.77561308e-03
 -7.89446160e-02 -2.99422722e-02 -7.84417465e-02  8.00613388e-02
 -8.56316388e-02  1.93619786e-03 -9.34297889e-02  9.00015533e-02
 -2.37012893e-01  1.01167883e-03  1.24708347e-01  3.15209068e-02
  1.63663596e-01 -2.19117820e-01  3.83869782e-02 -1.16845846e-01
 -1.05606295e-01  8.57108682e-02 -2.11905427e-02 -1.05957881e-01
 -7.68890530e-02 -6.82611857e-03 -5.36290705e-02  6.32023737e-02
 -1.57805443e-01  1.44812524e-01  6.87172636e-02 -1.13059573e-01
  1.22164942e-01 -1.06336094e-01 -1.30433850e-02 -6.58117887e-03
 -2.33473703e-01 -1.21395126e-01  2.29140166e-02  2.22148314e-01
 -3.06802243e-01  1.75774977e-01  1.64958904e-03  2.20488265e-01
  2.30827406e-01  6.90015256e-02 -2.69200224e-02 -9.39564593e-03
 -1.14840791e-01 -5.24126701e-02  9.43040773e-02  1.72743257e-02
 -5.19422516e-02  1.40744448e-01  1.25252744e-02  1.01238454e-03
 -8.53131637e-02  3.17448489e-02  1.14945866e-01  4.93539311e-02
  9.40184593e-02 -1.01771750e-01  1.94743518e-02 -6.95462013e-03
 -1.84397146e-01 -7.40151033e-02 -1.29434466e-03 -5.91113456e-02
  1.71658993e-02  2.23705396e-01 -9.29565951e-02 -1.12265557e-01
 -1.57572143e-02 -2.62399260e-02  1.65683448e-01  7.71332532e-03
 -6.34200498e-02 -2.99485326e-01 -2.61728070e-03 -8.60229433e-02
  7.75725171e-02  1.18539825e-01  2.29779437e-01  3.28916609e-02
  4.33464423e-02 -3.81291993e-02  2.98418347e-02  8.65717307e-02
 -7.69032687e-02 -3.28371376e-02  1.40221968e-01  1.05380453e-01
  1.37764290e-01  1.48310393e-01 -5.19709773e-02  1.55259175e-02
 -2.90536508e-02  1.34358276e-02 -1.73720986e-01 -5.97080290e-02
 -2.69017853e-02  1.03890775e-02 -9.57837421e-03 -9.01764072e-03
 -1.55430049e-01 -1.50789499e-01 -5.43272495e-03  6.91911066e-03
 -1.20135903e-01 -1.08763680e-01 -2.83988081e-02 -7.23050013e-02
 -5.52894883e-02 -3.60305421e-02  5.06470911e-02 -2.78324224e-02
 -1.88913152e-01 -1.14650242e-02 -1.21725529e-01 -1.04817986e-01
 -7.99097493e-02  1.50622129e-02  8.73427242e-02  3.22466008e-02
  1.26460642e-01  3.31535377e-02  1.69149220e-01 -2.25039274e-02
 -1.28215402e-01 -1.64489970e-02  3.25739235e-02  1.24732517e-02
 -4.27691564e-02 -1.87993556e-01 -4.36070114e-02 -1.61661640e-01
 -4.88221422e-02 -2.42935792e-01  1.01077303e-01  9.73493084e-02
  1.23876549e-01 -1.33307397e-01 -2.55584605e-02 -1.11629665e-01
 -7.13376403e-02  2.31379759e-04  3.82692218e-02  1.07389912e-02
  1.16962776e-01 -6.74418285e-02 -9.78527442e-02  8.51954625e-04
  1.28898501e-01  6.16148114e-02 -1.71842743e-02 -1.16738819e-01
 -1.32478148e-01 -4.03647572e-02 -9.22848508e-02 -1.90292783e-02
 -7.70837534e-03 -1.22877799e-01  7.47661069e-02 -1.99459046e-01
  2.77293921e-02  4.00547346e-04  2.78255399e-02  1.18921259e-02
  6.98877648e-02 -3.21251387e-03 -7.30550811e-02 -8.55983794e-02
 -2.23301843e-01  4.30752225e-02  1.46852564e-02  5.58600910e-02
  7.27800950e-02 -1.15348017e-02  9.71265510e-02 -5.62962368e-02
 -9.57784057e-02  5.76684773e-02  2.06719726e-01 -1.98199958e-01
 -1.09458819e-01 -7.38693774e-03 -1.01099156e-01 -1.77047886e-02
 -4.86735031e-02  1.42944399e-02  3.10201943e-02 -6.45005552e-04
  6.19538054e-02 -1.77657723e-01  1.22571729e-01  1.55667886e-01
  1.11817120e-04 -1.19449440e-02 -9.98837948e-02  4.27638665e-02
  4.99121323e-02 -9.16992202e-02  5.30469716e-02  3.09986249e-03
  1.94611866e-02 -1.12497926e-01 -4.13507856e-02 -1.70507371e-01
  1.00604348e-01  5.05836345e-02  1.77112967e-02  5.09466566e-02
  3.22575234e-02  5.70293963e-02  2.58307550e-02  1.53470403e-02
 -2.99329739e-02 -2.52232477e-02 -4.70331758e-02  5.95403910e-02
 -5.69655895e-02 -3.47515531e-02 -2.57525556e-02  2.28869636e-02
 -4.97120731e-02  9.14399698e-02 -1.37896806e-01  5.01487255e-02
 -1.22767976e-02 -1.25506409e-02  1.56764075e-01 -3.65255736e-02
 -7.22103864e-02  4.42452878e-02  1.77733768e-02 -5.71421012e-02
  9.44104698e-03 -1.23371892e-02 -9.34780091e-02  7.40720332e-02
  2.72365380e-02  4.62644361e-02 -7.89936855e-02 -1.51331937e-02
 -1.78885296e-01  7.44944662e-02  2.97943968e-02 -7.77761042e-02
 -8.45198147e-03 -9.80404485e-03 -1.08598314e-01 -3.29437926e-02
  6.41098395e-02  1.30117983e-01 -4.09658030e-02 -6.05676994e-02
  5.96701279e-02 -8.52731317e-02 -1.09736264e-01  1.58712685e-01
 -1.09807059e-01 -4.34517264e-02  7.69909173e-02  1.12796135e-01
 -1.99593771e-02  2.15342149e-01 -2.21328307e-02 -1.62428960e-01
  9.03266016e-03  2.81878058e-02  2.45813802e-01 -1.33493900e-01
 -7.77945518e-02 -2.32654124e-01  9.25052613e-02 -1.32483065e-01
 -5.06606996e-02  1.29143393e-03 -1.04488678e-01  2.52305835e-01
  9.45938900e-02  4.25685346e-02  7.20224455e-02 -1.17947131e-01
 -1.08166166e-01 -5.00673242e-02 -6.97270557e-02  9.85545591e-02
 -1.05900310e-01 -7.34396558e-03 -2.74285711e-02  6.84335232e-02
  6.22810870e-02  8.13775230e-03 -1.95058212e-01  2.71360707e-02
  4.67913747e-02 -8.02836120e-02 -4.04506512e-02  6.76264018e-02
  6.69402406e-02 -1.57511067e-02  1.49512142e-02  1.60558596e-01
  7.32871369e-02 -1.11256056e-01  1.77887216e-01  1.56157330e-01
  4.93110418e-02 -1.24243177e-01 -7.50239715e-02  9.65041518e-02
  8.88827294e-02  8.09532553e-02 -9.06795710e-02  1.90784380e-01
 -2.10861981e-01 -1.17216678e-02 -2.02606738e-01 -7.90807903e-02
 -5.17519005e-02  9.56602544e-02  9.23450813e-02  1.71361864e-01
  1.38297439e-01 -3.23144458e-02  1.67621359e-01 -1.30075840e-02
  1.26028582e-01 -8.10905769e-02  5.83984479e-02  3.48476619e-02
  1.76151425e-01  6.79689869e-02  8.76943544e-02 -1.08730651e-01
  4.70090955e-02  1.19573466e-01 -2.17210464e-02 -1.55730218e-01
 -6.70950785e-02  3.24944966e-02  1.59650981e-01  3.37341465e-02
  1.12866573e-01  9.95662287e-02 -8.95470008e-03 -1.16278552e-01
  1.27111942e-01 -1.38036102e-01 -1.04281195e-01  6.99757636e-02
 -7.69365728e-02 -2.68470403e-03 -7.58215785e-02  1.99652255e-01
 -1.41532853e-01 -1.34593323e-01 -7.41455033e-02  9.87577252e-03
  4.57041413e-02  3.28762382e-02 -4.20873538e-02 -3.09216026e-02
  2.28434373e-02  1.12177461e-01  5.57041131e-02  3.48046049e-02
  4.18301746e-02  4.90268618e-02  1.24124922e-01 -2.83640325e-02]