http://erau.edu/ontology/meme.owl#WhyTheFuckEverythingCostMoneyMeme
[-2.55795904e-02 -1.11113869e-01  5.22866808e-02  1.50894728e-02
 -4.97253947e-02  1.13009743e-01  8.86617824e-02  1.62974864e-01
 -5.97393475e-02 -6.34876341e-02  1.23295441e-01 -1.04739979e-01
 -5.37125207e-02 -7.32184649e-02 -1.04062706e-01 -1.83894997e-03
  1.07390165e-01 -1.80950724e-02  5.34940325e-02  4.16333936e-02
 -1.45255283e-01  6.42682314e-02  9.09726396e-02 -1.13494754e-01
  1.54455200e-01 -5.28190844e-02  2.37035472e-02 -6.02854304e-02
  2.63416141e-01  2.06832379e-01  6.72792569e-02  1.97475582e-01
  3.82957682e-02 -6.56797886e-02  5.14125712e-02  1.16312727e-01
 -5.88791110e-02  1.01030461e-01 -2.85025127e-03 -1.82890475e-01
  1.12591097e-02  1.13895305e-01 -1.24516614e-01  1.09349929e-01
  1.56787947e-01  2.36965474e-02  1.03153065e-01  3.72155942e-02
  1.49930781e-02  7.23645762e-02  3.23497653e-02  1.71419431e-03
 -6.55745789e-02 -6.78565800e-02 -1.11253530e-01 -1.69742815e-02
  6.97534252e-03  2.57264674e-02  1.39992878e-01  3.56293321e-02
 -1.45776775e-02 -4.62933965e-02  8.08389708e-02  4.12117466e-02
 -7.66693577e-02  1.76210925e-02  7.13101774e-02  7.29869157e-02
 -3.92417870e-02 -8.91377851e-02 -1.32485643e-01  4.84411716e-02
  4.79431339e-02 -1.53440796e-02 -5.87161370e-02  9.64871421e-02
 -3.26869376e-02  9.34362859e-02  3.43427733e-02 -3.30711156e-02
 -6.82569444e-02 -1.20384604e-01  1.46713220e-02 -5.94562702e-02
  8.23938027e-02 -7.93594047e-02 -2.87074093e-02 -6.25122190e-02
  8.30283836e-02 -1.94386058e-02 -3.66299320e-03 -1.01569064e-01
  6.13889061e-02 -5.25249913e-02 -7.21651018e-02  1.05685599e-01
  1.27442814e-02  3.47891706e-03 -2.94540860e-02 -1.43326551e-01
  5.56544662e-02 -1.07922358e-02  1.98753670e-01 -6.94889873e-02
 -3.44616473e-02  3.95901166e-02  8.45623389e-02 -7.93471113e-02
 -1.16162580e-02 -1.14625670e-01 -4.36483584e-02 -2.47934926e-03
 -9.25741792e-02 -1.54359326e-01 -2.01856066e-02  4.93050963e-02
 -1.88793689e-01 -1.31750301e-01 -1.43701229e-02  3.18105593e-02
  1.91824511e-02 -9.81514156e-02 -1.28832355e-01  4.89075780e-02
 -4.02314402e-02 -1.23252168e-01  1.31667210e-02  1.59930121e-02
  4.73073572e-02 -3.14408429e-02 -7.60654807e-02  2.50903610e-02
  6.99367002e-03 -4.07577679e-02 -1.49263367e-01  4.70312983e-02
  3.91994417e-02 -4.74055260e-02 -1.18926845e-01  6.68131039e-02
 -1.38149604e-01  5.74750267e-02 -3.50780529e-03 -9.79860127e-03
  9.95246097e-02 -2.60210425e-01  5.76643422e-02 -3.63967717e-02
  4.28956933e-02  1.33872554e-01 -7.70927817e-02 -1.17968731e-01
 -5.19729406e-02  5.69806546e-02  4.61466648e-02  3.72071490e-02
 -6.86274022e-02  1.28640920e-01  4.08591591e-02 -7.42437094e-02
 -7.94050191e-03  9.93087608e-03  6.86352327e-02 -3.23775262e-02
 -9.07781348e-02 -7.70520195e-02 -6.92266598e-02  4.04667333e-02
 -2.69222617e-01  1.72963485e-01  4.05869260e-02  1.53630644e-01
  6.45738542e-02  1.23326764e-01 -7.33377039e-02 -4.39402796e-02
 -4.41338681e-02 -5.70826195e-02 -7.83151165e-02 -4.29054238e-02
 -3.82752120e-02  4.59686145e-02  5.47230132e-02  8.21394473e-02
 -5.53450955e-04 -4.66497950e-02 -4.49116267e-02 -5.75109012e-02
  1.56438529e-01  1.08916322e-02  2.89471559e-02 -3.31649333e-02
 -1.94930911e-01  9.82096884e-03 -3.46316509e-02 -4.12053131e-02
  4.77518365e-02 -1.65647455e-02 -4.40927036e-02 -9.51602980e-02
 -7.89041445e-02 -2.68451478e-02 -1.51218511e-02 -8.17892551e-02
 -4.98195142e-02 -2.78349936e-01  2.27073189e-02 -5.67495897e-02
  6.46002144e-02  9.37705338e-02  2.59826988e-01  1.69901058e-01
  3.18692550e-02 -1.44721299e-01  3.22022960e-02  6.54950365e-02
 -1.20503545e-01 -6.13954291e-02  1.81162491e-01  1.41251683e-01
  9.35619175e-02 -2.64092106e-02 -1.47128880e-01 -2.21470259e-02
  3.64432745e-02 -7.15926653e-05 -8.98614898e-02 -3.17341909e-02
 -1.35978222e-01  2.54489705e-02  1.53767705e-01  6.84225792e-03
 -9.08775553e-02 -8.92876834e-02 -2.39501428e-02 -9.76228621e-03
 -5.66511415e-03 -8.64683464e-02 -8.82143853e-04 -4.00288915e-03
  3.27846408e-03  9.51699726e-03  8.91595930e-02 -4.74492013e-02
 -2.50854313e-01 -3.72706098e-03 -1.34371236e-01  6.45804629e-02
 -6.76708445e-02 -1.00979926e-02  1.36648297e-01  5.85230291e-02
  2.62661297e-02  1.60066277e-01  5.70885167e-02 -7.41365254e-02
 -1.81096286e-01 -1.17048763e-01  4.06264514e-02  8.74439441e-03
 -7.34585449e-02 -5.08493073e-02 -1.63199231e-02 -1.16453014e-01
 -7.05653429e-02 -1.07685648e-01 -1.58194914e-01  3.63035947e-02
  7.03406408e-02 -6.52045459e-02 -3.60732973e-02 -1.10911787e-01
 -5.92828207e-02  1.28743827e-01  1.02205873e-01  4.46072407e-02
  5.78421578e-02 -6.20260835e-02 -1.72023438e-02  5.50437793e-02
  8.93213078e-02  6.09600283e-02 -2.64201686e-02 -6.79952428e-02
 -2.07894176e-01  2.09278557e-02 -1.86564885e-02  2.06104741e-02
 -2.70769335e-02 -1.89947769e-01  9.84640568e-02 -1.17168829e-01
 -2.55927797e-02 -3.99195403e-02  9.72219103e-04  4.37737964e-02
  5.47917895e-02 -8.04224461e-02 -6.74100518e-02 -6.73453659e-02
 -2.12302193e-01  4.13598232e-02  2.05060411e-02  9.55715999e-02
  1.13204299e-02 -8.46669599e-02  1.11781955e-01 -8.51071998e-02
 -1.31745145e-01  1.31538153e-01  3.51543576e-01 -1.83058828e-01
  6.63220659e-02  1.57461807e-01  4.76411870e-03  2.53157411e-03
 -6.06086180e-02  9.41368341e-02  6.34077042e-02  6.63980544e-02
  1.74414709e-01 -1.56372279e-01  9.04830471e-02  1.34363309e-01
  4.35023271e-02  3.32760401e-02 -1.64184093e-01  4.65617999e-02
  5.65986298e-02  3.38322595e-02  3.65864784e-02 -4.02349420e-03
  4.39246930e-02 -2.05546916e-02 -1.15147479e-01 -1.57079443e-01
  3.28736156e-02  9.99183655e-02 -1.08840510e-01  6.78840932e-03
  2.27609091e-02  1.12196259e-01 -5.49111515e-02  1.11629339e-02
 -1.50427535e-01  2.41133999e-02 -2.92582456e-02  5.46327680e-02
 -4.06205989e-02 -7.79442936e-02  3.98345670e-04 -3.45937312e-02
 -4.41316562e-03  1.88175365e-01 -1.85492277e-01  4.65501547e-02
 -4.44394462e-02 -9.82666314e-02  1.61722153e-01 -1.27507553e-01
 -1.05855130e-01  3.92721258e-02 -1.83207374e-02 -1.53694972e-02
 -5.70509098e-02  1.04666807e-01 -1.18294492e-01 -2.21544001e-02
 -4.71466444e-02 -4.13778238e-02  6.91949502e-02 -6.86185667e-03
 -2.33462811e-01  1.50498196e-01  5.25127389e-02 -2.30766293e-02
 -1.38967678e-01  7.37499399e-03 -6.95713684e-02  3.48670073e-02
  4.10140380e-02  1.66947588e-01 -8.23278204e-02 -1.06234446e-01
  1.26116484e-01 -1.33322462e-01 -6.72987700e-02  1.37333035e-01
  6.85798144e-03 -1.49843663e-01 -7.28576556e-02  6.03160299e-02
 -7.32510611e-02  3.25794160e-01 -7.23284855e-02 -2.02017680e-01
  4.10138927e-02  4.57636453e-02  2.80962080e-01 -6.00590110e-02
 -4.80149277e-02 -1.72312230e-01  1.88060608e-02 -2.73570448e-01
 -7.41618425e-02 -1.06083462e-02  8.20678025e-02  2.78905511e-01
  1.61154479e-01  6.08343519e-02  5.65436147e-02 -1.65063053e-01
 -1.87272161e-01 -4.61642295e-02 -4.44226637e-02  9.65757817e-02
 -1.27469555e-01 -1.82213083e-01  7.94710591e-02  1.36707902e-01
  1.31179556e-01  2.84765363e-02 -2.40847275e-01  5.71931452e-02
  3.54834870e-02 -1.45496860e-01 -3.36588323e-02  1.96461573e-01
  1.27376273e-01 -7.90570006e-02 -2.04197299e-02  1.97463155e-01
 -1.81725509e-02 -8.76919776e-02  1.26187846e-01  1.54960319e-01
  5.32993674e-02 -2.35012285e-02  8.81308764e-02  1.01838082e-01
  1.69380739e-01 -1.01158945e-02 -1.00647822e-01  3.16450000e-01
 -2.44316339e-01 -8.18892717e-02 -2.17164829e-01 -1.75625801e-01
 -1.07701160e-01  2.05781609e-02  1.50630414e-01  1.91808283e-01
  1.53166890e-01  6.34083301e-02  1.82859778e-01 -3.75309587e-02
  9.54719856e-02  5.68117499e-02  5.98636977e-02 -9.54230428e-02
  8.54574442e-02  2.47276220e-02  1.26129135e-01 -4.92951646e-02
 -3.86423841e-02  1.33396639e-03 -5.58860600e-02 -1.11578599e-01
 -2.86531751e-03  4.81427722e-02  1.63482904e-01 -1.06414318e-01
  1.56748921e-01  1.02443695e-01  2.99265794e-02 -1.44708291e-01
  9.62523222e-02 -6.96414486e-02 -1.51749387e-01  1.34427726e-01
 -9.49316844e-02 -3.52393799e-02 -9.01423618e-02  2.28147432e-01
 -1.11452110e-01 -1.89701378e-01 -9.94331837e-02 -3.07036261e-03
  1.43176228e-01  6.79764450e-02 -1.41628116e-01 -3.42158042e-02
  2.04167217e-02 -9.30578858e-02  4.78804410e-02  4.03808244e-02
 -1.52923083e-02 -7.25315288e-02  7.13205896e-03  4.91231754e-02]