http://erau.edu/ontology/meme.owl#BehindTheMemeMeme
[-6.34953305e-02 -3.02581545e-02  3.67782004e-02  6.90820962e-02
 -3.30271795e-02  3.40804011e-02  1.52587280e-01  4.32376415e-02
 -1.12718061e-01 -9.75136757e-02 -1.28829246e-03  4.99729738e-02
 -4.62144352e-02 -2.57289633e-02 -2.28249468e-03 -1.82459049e-03
  1.25916287e-01  5.39242178e-02  4.47275899e-02  4.16244119e-02
 -2.11530462e-01  3.37179713e-02 -9.47830826e-03 -1.08246975e-01
  7.64341205e-02 -6.48772344e-02 -9.06866863e-02 -3.57121974e-02
  2.92361170e-01  1.82417005e-01  1.77973360e-01  1.90842479e-01
 -1.11071719e-02 -2.41305139e-02 -6.28476962e-02  1.05710477e-01
 -1.33633725e-02  6.11597113e-02 -5.26537560e-02 -9.19556171e-02
 -7.71078281e-03  1.55566424e-01 -1.67001441e-01  1.90440740e-03
  2.62696780e-02 -1.37186825e-01  5.81041090e-02  2.74995575e-03
  1.86785627e-02  4.17221785e-02  5.81607185e-02  9.52451974e-02
 -1.37743458e-01 -2.07511827e-01 -9.48073044e-02  3.75497788e-02
  1.59084797e-01 -7.13448748e-02  1.63809389e-01  1.44824371e-01
 -4.24278602e-02  7.06765056e-02 -1.14500765e-02  1.43473945e-03
 -1.48489013e-01 -6.79026823e-04  4.50090356e-02  1.17830206e-02
 -6.80223852e-02 -1.08144630e-03 -1.05188631e-01  5.00579812e-02
  1.33516490e-01  6.24704361e-02  4.25407439e-02  8.99838582e-02
 -2.22483557e-02 -1.39651494e-02  1.00971833e-01  1.10862724e-01
 -2.72929156e-03 -1.29613072e-01 -4.00701500e-02 -1.18356474e-01
  1.94791779e-02 -9.79849622e-02 -1.78608239e-01  1.34392679e-01
  3.99917364e-02 -3.64905735e-03  7.07584545e-02 -1.80501968e-01
  5.36605455e-02 -7.85180852e-02 -7.38078207e-02  2.13642381e-02
 -9.90991294e-02  7.04739615e-02 -5.11650704e-02 -1.51178986e-01
  1.18272729e-01 -1.04874773e-02  2.40092844e-01 -6.46749362e-02
  3.43043730e-02  1.13720655e-01 -3.25388163e-02  1.17449630e-02
 -4.46806401e-02 -2.82825958e-02  1.35326758e-01  2.48871669e-02
 -9.26223546e-02 -9.17178839e-02  1.64372295e-01  4.13693115e-02
 -1.48148581e-01 -5.61892092e-02  5.46868816e-02  9.36113298e-02
  6.57649115e-02  1.71194430e-02 -9.59531069e-02  1.45333223e-02
  1.00774474e-01 -7.87543952e-02  9.99778435e-02  6.34289458e-02
  8.64718407e-02  7.45323971e-02 -2.66276389e-01 -7.84741566e-02
 -2.94417292e-02 -1.03934705e-01 -2.58175191e-02  1.69649497e-01
 -1.73961334e-02 -1.50842324e-01 -1.48802772e-01  5.37078790e-02
 -3.28768194e-01 -1.02361865e-01  1.87967122e-01  7.62088150e-02
  2.05765888e-01 -1.31629169e-01  1.03370994e-01 -1.80420831e-01
 -7.58887008e-02  1.51121065e-01 -1.54339615e-02 -7.16356486e-02
 -1.35278016e-01  7.92252943e-02  3.66550907e-02  1.44481748e-01
 -1.64652705e-01  1.96317479e-01  2.98298020e-02 -1.07842438e-01
  1.32373676e-01 -6.89258799e-02  1.50583778e-02  1.91928986e-02
 -2.03358531e-01 -9.18717012e-02  5.28099798e-02  2.18041763e-01
 -3.16677570e-01  1.72796294e-01 -5.25547527e-02  1.77836791e-01
  1.79440066e-01  1.24475583e-01 -2.04771440e-02 -2.76640039e-02
 -1.67412937e-01 -4.05438431e-02  1.57985806e-01  4.81530540e-02
 -5.40619940e-02  1.01710141e-01 -1.05897039e-02  8.01471919e-02
 -7.68296719e-02  4.05935980e-02  1.25235924e-02  1.04873784e-01
  3.00032973e-01 -1.62506197e-02 -6.24103621e-02 -3.55151445e-02
 -1.53590113e-01 -9.50547084e-02  1.09817432e-02  7.16954693e-02
  7.04737380e-02  1.78516582e-01 -7.02361315e-02 -6.50103018e-02
  1.13970451e-02 -5.76407241e-04  1.87251598e-01 -1.93330308e-03
 -9.12114233e-02 -1.84450313e-01  1.97733622e-02 -5.03951032e-03
  5.60073033e-02  7.02865273e-02  2.90325850e-01  1.46207944e-01
 -9.59534291e-03  6.29338622e-02  1.67641998e-03  2.12024599e-02
 -1.31193340e-01 -9.20398012e-02  5.65202646e-02  1.36790708e-01
  1.90784588e-01  3.92114371e-02 -2.50831116e-02  6.89090788e-02
  1.24452159e-01  1.59277543e-02 -8.04046467e-02  3.21718224e-04
 -7.81834684e-03  6.44290149e-02  1.88419476e-01  5.23074158e-02
 -8.08281265e-03 -7.40498230e-02  7.07168803e-02  2.18869418e-01
 -8.96349996e-02 -8.95220414e-02  1.10569872e-01  6.19818494e-02
 -2.50960458e-02 -3.07556130e-02  4.13232669e-02 -4.25470881e-02
 -2.07901210e-01  1.02953445e-02 -1.78879023e-01 -1.09463684e-01
  5.21618091e-02 -7.34215230e-02  5.47032058e-02 -6.68029338e-02
  1.87785685e-01 -4.44261059e-02  1.14925012e-01 -8.91438406e-03
 -8.41422677e-02  6.75484445e-03  2.10346412e-02  1.31482081e-02
 -1.18956678e-02 -9.23636183e-02  8.87571350e-02 -1.36831790e-01
 -5.26207462e-02 -1.13270015e-01  4.44837809e-02 -2.92252488e-02
  9.32762548e-02 -9.91618931e-02 -5.25088049e-02  1.80661418e-02
  2.87199765e-03 -4.36547585e-02  9.33458731e-02  1.86804472e-03
  8.92765969e-02  6.10156320e-02 -4.41179331e-03 -4.86161821e-02
  1.55401021e-01  1.85545191e-01  8.93181562e-02 -8.66996273e-02
 -1.21524908e-01 -7.22995996e-02 -4.90162484e-02  8.76437798e-02
 -3.31064910e-02 -3.15149911e-02  1.36122257e-01 -1.36455387e-01
 -9.86061394e-02 -3.85470153e-03 -6.66710967e-03 -4.84659197e-03
  8.06351975e-02 -4.66751382e-02 -8.73811319e-02 -3.09382640e-02
 -1.40751123e-01  4.29578535e-02  5.77398762e-02  1.00512788e-01
 -7.66232517e-03  6.42729029e-02  8.13725516e-02  1.11585925e-03
 -5.27993217e-02 -6.83127418e-02  1.85516626e-01 -6.96574152e-02
  1.57076102e-02 -1.98690128e-02 -1.35613289e-02  3.71511802e-02
 -5.72914109e-02 -1.16308585e-01  5.42405769e-02 -1.01341374e-01
  3.84419598e-02 -1.19025722e-01  4.19382229e-02  1.07784703e-01
  1.18060419e-02 -4.92429808e-02 -4.63569462e-02  2.15192102e-02
  9.35147181e-02 -5.45886457e-02 -1.30914329e-02 -6.23256452e-02
 -3.38000692e-02 -1.57321438e-01 -4.96500321e-02 -1.74321070e-01
  1.69756096e-02  1.16717704e-01 -1.57974716e-02  2.70155049e-03
  8.58013052e-03  1.49495766e-01 -8.78078490e-02 -4.00196947e-02
 -1.08272932e-01 -4.41314168e-02 -6.70223981e-02  9.72972363e-02
 -7.63008147e-02 -1.93745553e-01 -1.13080837e-01  3.42990132e-03
 -1.80942938e-02  2.03684464e-01 -9.10259485e-02  1.21070072e-01
 -1.90194473e-02 -8.08913931e-02  1.20712295e-01 -5.67431673e-02
 -1.33762717e-01  2.31948540e-01 -2.55598556e-02  3.54558863e-02
 -5.25304116e-03  2.27639712e-02 -6.66162148e-02  1.06096484e-01
 -2.03657001e-02  9.69874952e-03 -6.04200028e-02 -3.05313487e-02
 -2.16752246e-01  7.52056390e-02 -2.14824267e-02 -7.35162422e-02
  4.98396680e-02 -4.55450416e-02 -4.94264662e-02 -6.85614273e-02
  1.36522964e-01  2.43397146e-01 -1.03154309e-01 -1.28392696e-01
 -3.87601182e-03 -1.07040890e-01 -1.21938206e-01  7.79094100e-02
 -1.10039525e-01 -6.44038394e-02  4.95601818e-02  1.52806059e-01
 -1.04398942e-02  1.65192112e-01  1.81017667e-02 -1.91791236e-01
  4.13247794e-02  6.24943711e-02  2.86458850e-01 -6.82817176e-02
 -4.91676703e-02 -1.42770126e-01  9.46003944e-03 -1.31717399e-01
 -8.04717019e-02 -1.31859034e-02 -5.47406524e-02  3.32129449e-01
  6.38408735e-02  1.41426355e-01  1.31966382e-01 -1.71052396e-01
 -1.25115618e-01 -5.00609241e-02 -1.31843925e-01  1.36905640e-01
 -5.16945496e-02 -1.38611682e-02 -6.40415922e-02  2.92720199e-02
  1.13444798e-01  1.06752381e-01 -2.09840536e-01 -1.92144103e-02
  1.05339882e-03 -1.37478650e-01  9.11601260e-02  1.90952793e-01
  4.26392928e-02 -2.92367712e-02  8.61307383e-02  1.95202887e-01
  3.89561951e-02 -1.33423522e-01  6.30646050e-02  1.38977855e-01
  6.53883219e-02 -1.23767465e-01 -5.71140833e-02  1.26760781e-01
  9.52019542e-02  4.45057005e-02 -1.74557231e-02  2.21686482e-01
 -1.39032096e-01 -5.03852293e-02 -2.10010886e-01  2.27751266e-02
 -9.05915722e-02 -8.33037682e-03  1.31428078e-01 -9.26600769e-02
  3.19898278e-02  7.43979365e-02 -1.72312874e-02 -1.25688817e-02
  3.64288613e-02 -1.03342244e-02  1.08325936e-01 -7.06593320e-02
  8.60356092e-02  4.31561098e-02 -2.94756424e-03 -9.30024385e-02
  4.79179956e-02  8.16077292e-02  3.13657150e-03 -1.74264550e-01
 -1.12564348e-01  6.45309240e-02  6.57175928e-02 -2.15948429e-02
  1.30011320e-01  8.25732201e-02 -1.74647961e-02 -1.29663765e-01
  3.75340842e-02 -3.08597445e-01 -7.59845152e-02  2.03854833e-02
 -1.24454454e-01  1.92808192e-02 -5.81912557e-03  1.41530007e-01
 -1.30235240e-01 -8.48714858e-02  8.56064260e-03 -5.36460727e-02
  1.51006326e-01  1.11840129e-01 -1.27978101e-02  3.15406583e-02
 -1.64111168e-03 -1.13345580e-02  1.72225878e-01  1.34513127e-02
 -3.80542427e-02 -1.48242235e-01  2.68175136e-02  1.21751413e-01]