http://erau.edu/ontology/meme.owl#AndThenASkeletonPoppedOutMeme
[-0.0973622  -0.0013424   0.07015583  0.12494252  0.04316995  0.04677247
 -0.07652607  0.03138927  0.09155803 -0.21799046 -0.11835791  0.27441552
  0.19676532  0.15767814 -0.06086078 -0.17912455 -0.09736373 -0.07296142
  0.03405464 -0.05201592 -0.01379699  0.16224673 -0.04042866  0.13786928
  0.02737055 -0.1835505  -0.00584709 -0.02573844  0.03967676 -0.07132907
 -0.2152981  -0.06773369 -0.15063694 -0.02719826 -0.12213378  0.04626108
 -0.14639322  0.12363253  0.04624255  0.23619227  0.07079841  0.02605217
 -0.26555762 -0.03118796 -0.21924822 -0.05537202  0.06740594 -0.17720395
  0.0460574  -0.17207277 -0.01340332  0.17338113  0.20761749  0.00825486
 -0.18155451  0.23806477 -0.07551126 -0.0198192   0.10599711  0.17550816
  0.18489975 -0.16913383  0.02235952  0.04207448 -0.06137663 -0.04744333
 -0.11320361 -0.07033118  0.10716045 -0.09809574  0.14529839 -0.02536798
 -0.02168251 -0.01276546 -0.21216622 -0.08287949 -0.04165007 -0.11628982
 -0.02853611 -0.11057331  0.14293155  0.18687291 -0.26700905 -0.10531736
 -0.05694231  0.00956992  0.12310579  0.05234006 -0.02778485  0.27009645
 -0.09888726 -0.00332686 -0.21086562 -0.01644924  0.05145625 -0.07747988
 -0.05822104  0.2636676   0.01327853 -0.02061898  0.10189775 -0.05411544
 -0.08401045  0.03067003  0.14162208 -0.00531714  0.07910767  0.18740667
  0.1129589  -0.02288188  0.1823011   0.1199215   0.02619638  0.01992182
  0.16570948 -0.12495418  0.03781945 -0.01357176 -0.12689075 -0.01431768
  0.0032988   0.14383237  0.01041579  0.00343464 -0.19889073 -0.23798227
 -0.01424878  0.14718112 -0.22588085 -0.14058931 -0.03689106  0.03909496
  0.02101032 -0.18026076  0.09414946 -0.10085717  0.11376698  0.02936924
  0.04205364 -0.004017   -0.08231605 -0.00894974 -0.06551717  0.06051862
  0.01368297  0.03244543 -0.05392581 -0.12853959 -0.10039594 -0.02367278
  0.07722313  0.04093022 -0.15470129 -0.12893918 -0.10284675 -0.12722905
  0.04038896 -0.009717   -0.0685449  -0.05525488  0.07090859  0.23415178
  0.10031659  0.0099135  -0.1102896  -0.10817976  0.00831066  0.13469349
 -0.17880541 -0.03567479 -0.03944946 -0.02237226 -0.02761485  0.18131454
  0.12396333 -0.01039273  0.05753698  0.03228303  0.0246764  -0.03372577
 -0.1775257  -0.08764642 -0.03259798 -0.03710638 -0.02385631 -0.02039183
 -0.17611478  0.03336426  0.12161034  0.1241864   0.00134047  0.24141242
  0.2015221   0.13259071 -0.11838812 -0.01646759 -0.07609329 -0.04748074
 -0.12760948  0.175777  ]