http://erau.edu/ontology/meme.owl#DuckingMeme
[-0.17586762 -0.12973645  0.06278947  0.02101131  0.03902386  0.03384467
  0.24704339  0.06051053 -0.08756424 -0.07073826  0.18297452 -0.13742302
  0.0358165  -0.02608326 -0.0828525   0.00391225  0.04983331  0.13005514
  0.00528847  0.08396141 -0.23774621  0.07946676  0.15730357 -0.20556013
  0.06843432  0.00819259  0.04229639 -0.17276967  0.29256806  0.0800716
  0.04150528  0.10322884  0.06115907 -0.14157665 -0.04814792  0.19553721
 -0.06794076  0.14305836  0.06072322 -0.17300795  0.01965261  0.24847426
 -0.23663211 -0.08464373  0.10447296  0.09535269  0.02416101  0.04556431
  0.04589165  0.0601537   0.06083446  0.00796661 -0.09274814 -0.12222176
 -0.09715515 -0.07240873  0.04038226 -0.1063581   0.1038138   0.13395824
 -0.04294635 -0.15232828  0.20328648 -0.00123324 -0.19447264 -0.10552274
 -0.09271714 -0.04685265 -0.12519778 -0.2265801  -0.11119674  0.12289546
  0.17641754  0.06558081  0.05378815  0.09889196 -0.07503919  0.05248164
  0.20964196  0.06677963 -0.05322164 -0.09702437 -0.07301447 -0.23744357
  0.03579055 -0.09969307 -0.08540895  0.02720663  0.09812033  0.01326853
 -0.09627312 -0.23111255  0.1422694  -0.05797474 -0.1347139   0.07101991
  0.02276842  0.01485952 -0.10633662 -0.10175008  0.03445759  0.00168695
  0.35068265 -0.14414366  0.06593138 -0.04919684  0.23882511 -0.03719304
 -0.00500646 -0.114311   -0.02797746  0.00928043 -0.18734409 -0.15523104
  0.05688678  0.09722782 -0.33337757 -0.19561608  0.08694674  0.13764319
 -0.06244711 -0.09576783 -0.00962261  0.11218424  0.01162438 -0.08928014
 -0.01617072 -0.03519317  0.02466344 -0.01343129 -0.1334667  -0.04165449
  0.00742508 -0.01387766 -0.07245713  0.09190472  0.0362803  -0.07292413
 -0.10462002  0.03297651 -0.20785762  0.0523162   0.06232974  0.1350653
  0.14889376 -0.18528625  0.04036814 -0.08870349  0.01091541  0.1513994
  0.0583287  -0.11161304  0.02468118  0.03427104 -0.05419061  0.03671264
 -0.188221    0.19191265  0.12580243 -0.06790314 -0.02370631 -0.14721312
 -0.03092118 -0.01795818 -0.20279017 -0.16370523 -0.05757542  0.08696795
 -0.3552504   0.08901247  0.12884408  0.17435326  0.20769924  0.17813562
 -0.0313565  -0.03644612 -0.0331419  -0.059822    0.07182384 -0.07984464
 -0.11379062  0.11154413  0.07406991 -0.06799366 -0.03453694  0.02193571
  0.05205911  0.04022916  0.22610858 -0.06653198  0.03653795 -0.10324343
 -0.24411549 -0.01352513 -0.04132226 -0.02360032  0.07461562  0.14106335
 -0.14769192 -0.01927039  0.03679949 -0.03288315  0.06837873 -0.15664588
 -0.02896449 -0.22432023  0.01678102 -0.05592294  0.16548632  0.12670733
  0.22952822  0.15626965 -0.05877702 -0.08894509  0.10226049 -0.00621289
 -0.15758094 -0.05477634  0.1697595   0.13024068  0.17550638  0.16318315
 -0.14995235 -0.02017908 -0.06925404  0.01355534 -0.1448168  -0.06608412
  0.02373881 -0.02497594  0.07954606 -0.00712206 -0.10587376 -0.00506736
 -0.01033068  0.03551931 -0.0647734  -0.00044033  0.04385418 -0.02063646
 -0.00639833 -0.07782518  0.01640741 -0.07600738 -0.17816807 -0.02079292
 -0.11400834 -0.0635163  -0.09645554  0.05920446  0.04642785  0.02008107
  0.14742129  0.09768745  0.11964581 -0.08381077 -0.04389058 -0.06560477
  0.04072648  0.03630314 -0.08698227 -0.06215616 -0.03899678 -0.01052899
 -0.05929303 -0.14312415 -0.00861334  0.00041984  0.06903227 -0.06281068
  0.00388712 -0.14112072 -0.05077399  0.08521108  0.245046   -0.00798932
  0.08639687 -0.08946735 -0.02738784  0.04446263  0.06706797  0.02876066
 -0.05460104 -0.12653908 -0.17500208  0.08163339 -0.0601826  -0.05638843
 -0.0503137  -0.1359715   0.05543248 -0.10617819  0.01320668 -0.09919041
 -0.00887624  0.02556465  0.0989821  -0.04902756 -0.13578217 -0.20812221
 -0.12771834 -0.02674353  0.01990581  0.04343111 -0.07366721 -0.09155018
  0.19614832 -0.08148459 -0.0301035   0.05479383  0.17771737 -0.21761227
  0.09260748  0.14708339 -0.01827031  0.05323916 -0.0127307   0.0531546
  0.0773631  -0.02766607  0.11470573 -0.16075139  0.16781947  0.11213487
  0.0449943  -0.00752434 -0.19922794 -0.05529546  0.11724791 -0.03880788
  0.04099004  0.07052977  0.03589925 -0.00275872 -0.06593179 -0.18840587
  0.06137148  0.10179249 -0.08637804  0.07455679  0.02823914  0.1064026
 -0.0280477   0.00130514 -0.08408473  0.00325412 -0.11833464  0.16177158
  0.00241529 -0.17160584 -0.01306309  0.05891507 -0.10436119  0.14716822
 -0.1947431   0.03512238 -0.02448335 -0.09906895  0.18122576  0.04140987
 -0.11846017  0.07310612 -0.0227845  -0.01889795  0.01426501 -0.0796572
 -0.04901097 -0.04030152 -0.0601071   0.04752603  0.04951301  0.04724219
 -0.1288356  -0.02427058  0.06937738 -0.02901517 -0.13361841  0.01480342
 -0.01181945  0.04845877  0.00560475  0.10583608 -0.06840773 -0.01038787
  0.11766908 -0.13203609 -0.09860352  0.14618288 -0.05195599 -0.10122045
 -0.08159094  0.13817994 -0.04883815  0.24362162 -0.10826308 -0.2095344
 -0.00741448  0.1086397   0.2151281  -0.04752444 -0.00337529 -0.12253492
  0.07052597 -0.18743719 -0.08684861 -0.04148379 -0.00302149  0.25031015
  0.11517881  0.06767744  0.09275506 -0.1711137  -0.14770433 -0.03901111
  0.01408498  0.01597096 -0.00182868 -0.1275938   0.02205259  0.11537061
  0.06675562 -0.04251404 -0.02434279  0.02793617 -0.0276139  -0.09994522
 -0.07385151  0.03692239  0.06712697 -0.09207742 -0.03218028  0.15800953
  0.04106926 -0.07852782  0.10674094  0.0525712   0.0493362  -0.02273498
  0.0975301   0.05532441  0.15117875  0.14785284 -0.12801217  0.19089241
 -0.15896252  0.00228706 -0.11808632 -0.15137088 -0.07374841  0.09320004
  0.10502961  0.06818975  0.1022505   0.01557541  0.2434375   0.07922014
  0.06625128  0.04058558  0.05783465 -0.01093116  0.088912    0.08343221
  0.164361   -0.12712857 -0.03720738  0.13451402 -0.05794577 -0.14903095
  0.00612281 -0.01972352  0.2084779  -0.08463688  0.19978856  0.13137151
  0.02795813 -0.15323877  0.07573173 -0.13228504 -0.03499003  0.1303815
  0.03364685 -0.00701356 -0.16445199  0.34509665 -0.17445537 -0.19232248
  0.01917423 -0.07787298  0.11996111  0.07586464 -0.101163    0.01667898
 -0.01005053  0.11583143  0.10348044  0.00323156 -0.01113363 -0.0806637
  0.04351127  0.1621475 ]