http://erau.edu/ontology/meme.owl#MyZombieApocalypseTeamMeme
[-8.28920081e-02 -7.58178607e-02  1.65954046e-02 -2.94106919e-02
 -1.83336195e-02  9.01934728e-02  8.62640217e-02  8.71089101e-02
  5.76866418e-02 -1.33497873e-02  1.44930184e-01 -8.95085856e-02
 -8.59205872e-02 -7.05234706e-02 -1.09307162e-01  3.68015096e-02
  1.48611590e-01  7.39521682e-02 -6.10967837e-02  2.03709248e-02
 -2.55627334e-01  6.04817830e-02  1.80402309e-01 -1.11784823e-01
  1.85641065e-01 -4.91456278e-02  3.10754813e-02 -8.20167810e-02
  2.44970337e-01  1.09608062e-01  1.16556488e-01  7.57040679e-02
  8.78898054e-03 -1.07888415e-01 -4.18637618e-02  2.14839682e-01
  2.20819507e-02  1.56615645e-01 -5.05408160e-02 -7.18081295e-02
  4.35848273e-02  2.08058536e-01 -2.43041709e-01 -8.43688250e-02
  2.54459102e-02  5.91314062e-02  9.62943863e-03 -2.71237306e-02
 -6.43955916e-02  3.04808058e-02  9.21742897e-03  3.89277712e-02
 -7.60070905e-02 -5.94222061e-02 -1.61809698e-01 -3.91073711e-02
  9.18469876e-02 -5.84234409e-02  2.43044332e-01  8.95628333e-02
  7.62980152e-03 -3.13612558e-02  1.17935702e-01  1.16390042e-01
 -1.34702623e-01 -9.83722508e-02  1.10782586e-01 -1.90023016e-02
 -1.10891692e-01 -4.58124653e-02 -8.93632621e-02  1.08850010e-01
  2.26389900e-01  1.18556015e-01  6.09359741e-02  2.05684662e-01
 -1.67091146e-01  1.11551275e-02  1.33541182e-01  6.45426586e-02
 -3.18646505e-02 -1.80076689e-01 -1.07819028e-01 -1.75897136e-01
  1.64779440e-01 -1.04339063e-01 -7.52371475e-02 -4.23882753e-02
  3.07763927e-02 -8.94605070e-02  4.67222668e-02 -2.45179102e-01
  1.06837533e-01 -2.90710516e-02 -7.95506164e-02  7.73660764e-02
 -4.66927362e-04 -5.33746332e-02 -1.48488497e-02 -1.23022802e-01
  1.39818192e-01 -2.88215466e-02  1.94868192e-01 -2.06135914e-01
  1.66610330e-02  5.68552390e-02  1.63215280e-01 -3.55513841e-02
  4.31258325e-03  4.09276560e-02 -6.94872960e-02  5.09703532e-02
 -1.33980080e-01 -1.35127082e-01  3.67722325e-02 -5.21012098e-02
 -4.02606905e-01 -2.26642206e-01 -7.63859227e-03  1.64871052e-01
 -6.72627166e-02  7.90509768e-03 -1.36026144e-01  6.44651577e-02
  1.34886026e-01 -2.28068143e-01  4.05148268e-02 -4.20698225e-02
  9.84237716e-02  1.06825180e-01 -1.41004220e-01 -7.51632378e-02
  2.61996477e-03 -3.56445275e-03 -9.03744847e-02  1.28934994e-01
  6.19675440e-04 -8.71165320e-02 -2.45208159e-01 -1.64500624e-02
 -2.52541721e-01  1.18121870e-01  5.44483811e-02  8.25828835e-02
  2.25027263e-01 -2.28490666e-01  6.41561076e-02 -1.70150667e-01
 -9.37660038e-02  1.40025154e-01  2.24412978e-02 -4.26824018e-02
 -2.14269739e-02  3.20040770e-02  6.75114319e-02  9.23231617e-02
 -1.76789865e-01  1.04102895e-01  1.70814954e-02 -1.92021474e-01
  9.78151187e-02 -5.23691326e-02  5.52422665e-02 -5.17855026e-02
 -2.37217307e-01 -1.73830941e-01  1.17752673e-02  1.40605435e-01
 -3.19297999e-01  1.22469470e-01  1.44816354e-01  1.76561534e-01
  1.61511630e-01  1.85537964e-01  4.51116897e-02 -6.35285750e-02
 -1.15787640e-01 -4.82667051e-02  8.50643888e-02  6.22769035e-02
 -1.11667134e-01  1.40476063e-01  2.97896694e-02 -7.16681853e-02
 -1.18637539e-01  3.65704894e-02  7.62941465e-02  3.23090218e-02
  1.48920611e-01 -2.95820124e-02  8.27348083e-02 -7.52229616e-03
 -1.73536450e-01 -1.49868950e-01 -2.50732321e-02  2.31146626e-02
  7.50499172e-03  6.02963045e-02 -6.14299588e-02 -4.74178642e-02
 -1.30128562e-01  2.91928891e-02  7.34778866e-02 -2.86002811e-02
  3.98900434e-02 -2.32470825e-01 -4.00655866e-02 -3.12097594e-02
  5.66263236e-02  1.07723303e-01  1.94382325e-01  2.42786016e-02
 -3.16177830e-02 -9.91222709e-02  2.33194232e-02 -4.17187959e-02
 -1.62112802e-01 -7.69545697e-03  1.53067723e-01  8.79134685e-02
  9.93312970e-02  8.79056975e-02 -9.44444463e-02  6.47604242e-02
 -3.20901908e-02 -3.61046456e-02 -1.31800741e-01  7.91667309e-03
  2.14641839e-02 -1.95972202e-03  1.66910380e-01  1.13755651e-01
 -1.28977045e-01 -1.45329967e-01 -3.69264483e-02 -1.21047068e-02
 -8.46471712e-02  2.74669379e-03  3.43906432e-02 -4.24564630e-03
 -2.08732206e-02 -7.32083246e-02  3.24949576e-03 -9.08398107e-02
 -2.01909050e-01 -4.88047563e-02 -1.49539277e-01 -5.26395552e-02
 -3.06663569e-02  5.12133501e-02  9.76482630e-02  6.97974265e-02
  1.04148000e-01  1.01407431e-01  1.53087303e-01  3.52089517e-02
 -9.57658365e-02 -5.57520427e-02  4.83286865e-02 -1.95523328e-03
 -6.80072084e-02 -4.80278172e-02  4.49075215e-02 -7.75057375e-02
 -1.07915170e-01 -2.21722409e-01 -1.00790687e-01  5.91552183e-02
  6.55282810e-02 -1.00759290e-01 -5.35619184e-02 -5.75560033e-02
 -2.52354909e-02  8.91022980e-02  1.21528693e-01 -1.29387993e-02
  7.32188970e-02 -9.96382982e-02 -7.00654984e-02  3.42135541e-02
  1.18068740e-01  1.33886740e-01 -9.35916156e-02 -1.08300582e-01
 -2.06712022e-01  4.74109016e-02  3.10580451e-02  2.02339441e-02
  4.33061458e-02  1.76701620e-02  7.41312876e-02 -2.54172504e-01
 -4.28349338e-02 -1.25239745e-01 -6.09716363e-02  6.71753194e-03
  1.04431830e-01 -4.29494120e-02 -9.37014446e-02 -9.42470506e-02
 -1.81410939e-01  2.67105866e-02 -2.41234861e-02  4.43134159e-02
  1.84848327e-02 -8.02723542e-02  5.83023913e-02 -9.66598913e-02
 -1.09379120e-01  8.70442539e-02  2.83611447e-01 -1.72440067e-01
 -5.97781278e-02  5.75499721e-02 -2.30209846e-02  5.62593937e-02
  7.46780075e-03  3.01357564e-02  1.75834671e-01 -1.82446260e-02
 -1.53268008e-02 -1.49712622e-01  2.02545509e-01  1.36913776e-01
  1.42420139e-02  9.40326005e-02 -8.40980783e-02  3.32783051e-02
  6.81068599e-02 -8.45790468e-03  7.89635256e-02  5.09412922e-02
 -6.80985972e-02 -2.56207343e-02 -1.52030200e-01 -2.27928564e-01
  9.20441151e-02  1.41011132e-02  1.09874941e-02  4.01615016e-02
  1.25507293e-02  3.53244096e-02 -5.54869212e-02 -1.84641394e-03
 -4.14861031e-02 -4.17216532e-02 -3.85681093e-02  9.80929881e-02
 -2.49614865e-02 -1.99390929e-02 -6.68582618e-02 -3.23454238e-04
 -4.65897322e-02  1.41343161e-01 -1.62452370e-01  5.28740808e-02
 -1.27175495e-01 -9.50345546e-02  2.30513826e-01 -9.86349359e-02
 -1.08981788e-01  1.47762280e-02 -6.44383803e-02  3.25231552e-02
 -1.08478695e-01  5.62682487e-02 -1.58046693e-01  4.56731068e-05
 -1.18580528e-01 -2.09785458e-02  7.62665123e-02 -4.48772572e-02
 -1.34676084e-01  1.70494601e-01 -3.92921753e-02 -1.29371196e-01
 -1.66757300e-01  1.25645041e-01 -1.27303779e-01  8.23070556e-02
  7.51548409e-02  1.25764668e-01 -9.13792625e-02 -3.41547765e-02
  5.46931215e-02 -1.38326824e-01 -7.57664889e-02  1.92915529e-01
 -8.23750943e-02 -1.21170841e-01 -1.88374966e-02  8.78465828e-03
 -3.83982621e-02  1.80033788e-01 -8.12935680e-02 -2.23155394e-01
  5.31214885e-02  3.87808457e-02  2.44574845e-01 -3.33410203e-02
 -2.95406356e-02 -2.13908240e-01 -3.68414409e-02 -2.69826144e-01
 -8.92099291e-02 -2.45345961e-02 -1.77787021e-02  2.83662200e-01
  1.77855626e-01  8.60025808e-02  5.13635576e-02 -1.53412223e-01
 -1.52401567e-01 -5.86715080e-02 -6.04497548e-03  8.19035545e-02
 -6.69883145e-03 -8.24597850e-02 -3.33007448e-03  2.29323953e-02
  1.07213296e-01  6.03778698e-02 -1.51058227e-01  1.62518434e-02
  4.34654020e-02 -1.13322347e-01  7.76332757e-03  2.14060828e-01
 -5.33946091e-03 -4.27192040e-02  4.93881740e-02  1.19575337e-01
  3.94038390e-03 -1.95156008e-01  1.83885157e-01  8.99023265e-02
 -2.55141687e-02 -3.43128368e-02  5.92874698e-02  3.10411379e-02
  5.42168543e-02  8.70995298e-02 -7.41017684e-02  2.04938665e-01
 -1.45054579e-01  7.11094588e-02 -8.34962800e-02 -2.06041664e-01
 -3.35072801e-02  3.69494446e-02  6.91993013e-02  9.22801644e-02
  6.34552538e-02 -3.09795211e-03  2.81866580e-01 -5.75302020e-02
  1.00934632e-01 -1.00120269e-02  1.33892924e-01 -1.88206453e-02
  1.49065405e-01  9.29531902e-02  2.16792941e-01 -2.20045238e-03
 -7.32818171e-02  1.22410864e-01  3.22824181e-03 -9.28302109e-02
 -7.84232765e-02  7.34483451e-02  2.34748185e-01  1.98210459e-02
  3.18739623e-01  5.31151034e-02 -4.81170863e-02 -1.26460448e-01
  1.73051834e-01 -1.89236596e-01 -1.11927129e-01  5.24322968e-03
  2.70556360e-02 -3.36182751e-02 -9.30172652e-02  2.39400953e-01
 -7.21560270e-02 -1.54472724e-01 -5.24231121e-02 -4.98723611e-02
  1.12038471e-01  1.26758307e-01 -1.03093170e-01 -6.69556558e-02
  6.28840923e-02 -4.10339981e-02  5.97529598e-02  4.13828529e-02
  4.49707322e-02  1.46886809e-02 -2.61238171e-03  9.00058895e-02]