http://erau.edu/ontology/meme.owl#StickFigureAnimationsMeme
[ 4.54596616e-02 -8.96078423e-02  6.09821901e-02  8.40663761e-02
 -1.18888041e-03  5.59768789e-02  7.15039447e-02 -4.80187275e-02
  1.34583846e-01  3.95226246e-03  1.39423802e-01 -1.95070747e-02
  3.54849622e-02  1.43784896e-01 -1.10000186e-01 -1.33940011e-01
 -2.30042432e-02  1.44169450e-01 -5.66608198e-02  1.77558195e-02
 -8.65030512e-02  1.41960979e-01  9.31589007e-02 -2.22809706e-02
  5.05160987e-02  1.59384981e-02 -1.96537022e-02  6.71523139e-02
  9.96426940e-02  7.67074525e-02  4.82831672e-02  1.45432979e-01
  2.08763584e-01 -8.78937729e-03 -8.56870599e-03  1.57717645e-01
 -3.59136797e-02  1.35439821e-03 -3.62194180e-02 -1.12170033e-01
 -9.80411917e-02  1.49280861e-01 -2.38755763e-01 -5.89329451e-02
  3.12619992e-02  1.70470439e-02  8.00296590e-02 -1.32420778e-01
 -6.05900101e-02 -4.98112515e-02  2.31820140e-02 -8.75717700e-02
 -1.21518239e-01 -7.27999657e-02 -1.31752715e-01 -8.76763985e-02
  3.83234546e-02 -1.80553600e-01  1.50649190e-01  2.97526158e-02
 -4.26330380e-02 -8.02100748e-02  1.30872190e-01  1.39531747e-01
 -1.30218729e-01 -1.25266388e-01 -1.02606326e-01 -4.16567586e-02
 -4.81317155e-02 -3.31446379e-02 -5.33565171e-02  5.49859665e-02
  3.50196399e-02  1.35766819e-01  6.82910979e-02  7.71117508e-02
 -2.34543771e-01 -7.93518350e-02  1.26438603e-01 -1.39784217e-02
 -9.03172866e-02 -5.93197420e-02 -1.04040489e-01 -1.90471545e-01
  4.33785394e-02 -2.54432671e-02 -3.46254073e-02 -2.69618388e-02
 -4.29110937e-02 -8.94751400e-03 -3.93287763e-02 -3.03135753e-01
  8.20857435e-02 -8.70639738e-03 -9.93897766e-02  1.02479972e-01
 -2.12598126e-02 -7.33415261e-02 -6.06534667e-02  7.09500238e-02
  5.39182201e-02  1.17310166e-01  2.61590272e-01 -1.05402641e-01
 -7.44283721e-02  5.82299046e-02  2.21788064e-01 -8.83628055e-03
 -3.36051993e-02 -1.86637729e-01 -3.39330845e-02  9.24166366e-02
  7.25755766e-02  9.94726364e-03  9.37741995e-02  7.62324408e-02
 -1.64175570e-01 -1.48549780e-01  1.30596489e-01  5.57098873e-02
 -6.97327033e-02 -4.74480391e-02 -3.42927277e-02  6.27037883e-02
  1.60001278e-01  8.84112641e-02 -4.55577523e-02  1.78875923e-02
  1.32974654e-01 -1.51705220e-01 -2.50004590e-01 -5.38248643e-02
 -3.90505753e-02 -3.79037894e-02  5.43494336e-02  1.83555737e-01
 -9.93671119e-02 -1.05576431e-02 -1.00161843e-01  2.64210142e-02
 -1.68083712e-01  2.33040880e-02  1.77376598e-01  1.25850171e-01
  1.32201120e-01 -1.35464042e-01 -4.51103672e-02 -1.05481282e-01
 -8.24064389e-02  3.54871042e-02  6.58204630e-02 -1.74627565e-02
 -3.89651246e-02 -9.14833248e-02 -3.92058305e-02  3.80864479e-02
 -9.76355001e-02  2.18423843e-01  5.06832600e-02 -1.66020200e-01
  3.67883593e-02 -1.15320086e-01 -1.11992098e-01  2.36499086e-02
 -2.83928722e-01 -5.66334054e-02  1.08223028e-01  2.42160529e-01
 -2.52580017e-01  1.04183815e-01  4.18004617e-02  7.43315667e-02
  2.40447640e-01  1.93734810e-01 -1.14733994e-01 -1.01227298e-01
  1.27710178e-02  1.98529437e-02  1.60040379e-01  4.18644436e-02
 -1.89840525e-01  7.20374286e-02  3.09049524e-02 -5.63438125e-02
 -8.88559893e-02 -5.39394170e-02  3.26684825e-02  1.05796017e-01
  6.25445247e-02 -7.43961111e-02  7.96386972e-02  2.12861528e-03
 -1.17209233e-01 -1.00805171e-01 -4.16869734e-04 -4.33869101e-02
 -7.37384409e-02  2.20262066e-01  1.67930759e-02 -1.35664377e-04
  3.45847718e-02  1.06607554e-02  9.22734663e-02 -2.54934411e-02
 -1.19798534e-01 -2.70478606e-01 -4.75574844e-02 -7.75110573e-02
  2.40060791e-01  1.58845156e-01  2.53356069e-01  1.02079593e-01
  1.37280067e-02 -2.25982368e-02 -2.31049787e-02 -4.97261286e-02
  8.77546892e-03 -5.78184240e-02  8.69281590e-02  1.48248672e-01
  1.44055203e-01  2.89328098e-01 -5.22174314e-02  1.21816307e-01
 -1.16852578e-02 -1.30985722e-01 -5.71697652e-02  2.67390646e-02
 -1.80722058e-01  3.18235427e-04  1.81345306e-02  3.42594534e-02
  4.36958112e-02 -1.76306725e-01 -1.25537872e-01  4.04733941e-02
 -7.34764710e-02 -2.55273748e-02  7.85802677e-02  3.55869085e-02
 -6.67467341e-02 -2.75660511e-02 -4.38316055e-02  3.50795314e-03
 -2.99036831e-01 -1.20711520e-01 -2.51479238e-01  3.79497930e-02
 -1.61362946e-01  9.90480259e-02  7.10681975e-02  3.72646265e-02
  7.07466528e-02 -6.70084283e-02  2.86537796e-01 -4.30034101e-03
 -1.13093413e-01  3.79074477e-02 -9.05243680e-02  6.00281358e-02
 -2.46572807e-01 -7.47881010e-02 -4.92458940e-02 -1.19115725e-01
 -1.05449490e-01 -1.16616480e-01  1.29445896e-01  9.16203931e-02
  1.58269510e-01 -5.40389828e-02 -6.75791577e-02 -9.51809883e-02
 -2.33944114e-02  4.00410146e-02  4.21252027e-02 -1.37223512e-01
  3.21177207e-02  1.85223278e-02 -3.24464962e-02  2.82643344e-02
  7.55303949e-02  7.50037730e-02 -1.35757998e-01 -7.27869347e-02
 -9.87267718e-02  1.04679815e-01 -2.37402231e-01 -6.50937408e-02
 -4.04086411e-02 -5.84890693e-02  1.00753747e-01 -7.32564330e-02
  9.18088183e-02 -5.39031066e-02 -1.48129007e-02 -8.48747864e-02
  2.30303243e-01  4.66717687e-03 -1.26389623e-01 -1.85051456e-01
 -1.09358095e-01  5.33097573e-02  4.60343584e-02 -1.10303760e-01
  3.53296809e-02  2.77015083e-02  6.68274239e-02  1.73125956e-02
  3.70835960e-02 -4.95950282e-02  1.16176195e-01 -1.75104797e-01
 -7.64817670e-02 -7.06350058e-02 -9.93267000e-02  3.03065218e-02
 -2.07020789e-02  3.80827002e-02  4.97728139e-02 -5.03946729e-02
 -1.83927957e-02 -3.79267335e-02  1.93344638e-01  9.79591608e-02
  5.40467687e-02  3.96239720e-02 -1.13162942e-01 -4.75506298e-02
  1.51094109e-01  6.52498379e-02  2.79213954e-02 -5.49858026e-02
  7.52941445e-02 -1.88558176e-01  1.94598034e-01 -1.60360470e-01
  1.17099293e-01  6.69565573e-02  2.14827992e-02  5.60372844e-02
 -8.97445064e-03  5.29643148e-02 -1.02019981e-01 -1.11066133e-01
 -8.62063617e-02  4.63547520e-02 -2.49967631e-02  8.72662216e-02
  9.98921618e-02 -1.85003832e-01 -8.63902867e-02  7.42820129e-02
 -1.68306246e-01  8.35620239e-02 -8.42323825e-02  3.68425138e-02
  1.18847117e-01  1.19576521e-01  2.42663354e-01 -5.70151545e-02
  3.82545330e-02  1.67550772e-01 -7.72683918e-02 -1.82054602e-02
  1.10368490e-01 -1.80838317e-01 -8.65675956e-02  1.29764467e-01
  5.64637259e-02  1.37859574e-02 -7.63823465e-02 -1.22147679e-01
 -3.61774445e-01  1.27857804e-01  5.35242073e-02 -1.07411761e-02
 -1.34127378e-01  4.56491672e-02 -1.06782757e-01 -5.41539192e-02
  7.87748322e-02  3.15164059e-01 -2.35393301e-01 -1.72199160e-01
  1.36400491e-01 -6.18163981e-02 -6.44924445e-03  1.92049667e-02
 -6.02216683e-02 -4.39602212e-04 -4.01876643e-02  1.12111099e-01
 -9.46772695e-02  1.08480103e-01 -4.07587551e-02 -9.93877351e-02
  5.32375462e-02  4.47980128e-02  1.57182261e-01 -1.27439082e-01
 -9.71340984e-02 -9.24566910e-02 -1.87017396e-02 -2.77133123e-03
  4.80039231e-02  3.17278244e-02 -5.21894591e-03  1.27431437e-01
  1.35892406e-01 -1.03696734e-01  3.74301642e-01 -1.62674055e-01
 -1.51903853e-01 -5.72461113e-02 -6.16401322e-02  5.90228811e-02
 -2.44570449e-01 -7.32418969e-02 -3.19118961e-03  3.10199838e-02
  8.48642439e-02 -1.17178015e-01 -1.98590949e-01 -9.95514356e-03
  2.87227798e-02 -3.20079803e-01 -1.05379313e-01  2.31412575e-02
  2.18653724e-01  2.79468689e-02  2.40070447e-01  2.59559959e-01
  2.30499670e-01 -9.85209942e-02  2.64292717e-01  2.87329823e-01
  8.22389647e-02 -1.62121296e-01  1.60043817e-02  2.60231167e-01
  1.82359032e-02  4.69246618e-02 -9.37476754e-02  3.71467769e-01
 -2.93495685e-01 -5.00872619e-02 -2.23627791e-01 -1.92733064e-01
 -4.97122891e-02  1.60523623e-01 -4.48012576e-02  7.44104087e-02
  2.06089079e-01 -3.41616804e-03  3.00703555e-01 -4.38103862e-02
  2.29991108e-01 -1.39772994e-02 -5.63511103e-02 -8.20494294e-02
  1.54970214e-01  1.34159938e-01  1.18407175e-01 -4.11799178e-02
  7.28780264e-03  2.34805971e-01 -6.45714253e-02 -1.38303265e-01
  4.42397669e-02  5.88718243e-02  2.29315430e-01  3.68213579e-02
  1.84893206e-01  1.27232268e-01  2.80135907e-02 -1.77107006e-01
  1.01485215e-01 -2.03930274e-01 -7.43107572e-02  1.44062072e-01
  7.00816885e-02  4.56589796e-02 -3.13670896e-02  1.88382432e-01
 -2.55525589e-01 -1.92885190e-01 -6.72983900e-02 -1.14677504e-01
  1.71968281e-01  4.63350229e-02 -2.18363091e-01 -1.14471875e-02
 -4.36349101e-02  4.66724709e-02  9.98453349e-02 -7.36883879e-02
 -1.11305052e-02 -1.83623493e-01  1.07744284e-01  1.66619644e-02]