http://erau.edu/ontology/meme.owl#InTheEndMeme
[-1.40080884e-01 -1.48511261e-01  1.63604632e-01 -4.37835753e-02
  2.63338890e-02 -6.75229281e-02  2.75176883e-01  4.25689556e-02
 -2.27569845e-02 -1.03569083e-01  1.54370993e-01 -3.08548529e-02
  1.03633190e-02  3.72795947e-02 -7.36340284e-02 -8.30824971e-02
  5.00880107e-02  1.60651535e-01  6.74754754e-02  6.90528452e-02
 -3.39346230e-01  1.28613338e-01  2.27907255e-01 -1.74770728e-01
  9.67554674e-02  4.93649114e-03  1.00255206e-01 -1.88600913e-01
  4.11952406e-01  8.57063383e-02  1.03620794e-02  1.80433132e-02
  5.03816903e-02 -1.25894964e-01 -4.58956696e-02  1.90203562e-01
 -6.20699823e-02  4.59527932e-02 -2.59846319e-02 -1.60340726e-01
 -2.83589680e-02  2.22478896e-01 -2.67345876e-01 -7.35466182e-02
  1.03802554e-01  7.40767410e-03  6.96752742e-02 -1.99971814e-02
  9.25750509e-02  1.36043690e-02  1.22424588e-01 -4.37105745e-02
 -1.97653333e-03 -1.14914551e-01 -4.40936983e-02 -1.12443507e-01
  7.42177442e-02 -1.91929378e-02  7.30272233e-02  1.71623036e-01
 -1.44875601e-01 -1.44999340e-01  2.09404662e-01  6.46170601e-02
 -2.48496577e-01 -7.36074820e-02 -6.50455654e-02 -3.53901112e-03
 -1.47572771e-01 -1.13060497e-01 -4.29052114e-02  1.31718829e-01
  2.02508256e-01  8.73364042e-03  6.53627813e-02  1.38685787e-02
 -9.96352360e-02  1.79655328e-02  2.59313881e-01  1.03874594e-01
 -3.36860791e-02 -5.49498349e-02 -1.37419909e-01 -1.94521070e-01
  3.97241488e-02 -3.92318144e-02 -9.34564918e-02  1.14102095e-01
  1.65409386e-01  5.04855067e-02 -9.12299082e-02 -2.74244845e-01
  1.68688118e-01 -6.44500135e-03 -2.10616454e-01  3.71591821e-02
 -4.61792909e-02  8.12816899e-03 -2.48277131e-02 -6.64670691e-02
  8.16841424e-02 -8.64273608e-02  2.07062125e-01 -3.44768241e-02
 -2.59221829e-02 -1.95798222e-02  7.50352293e-02  5.82760312e-02
  2.71035451e-02 -9.30586681e-02 -4.26762998e-02 -2.49920711e-02
 -1.23117752e-01 -1.69501439e-01  7.42216408e-02  2.21866034e-02
 -2.46744752e-01 -6.59981295e-02  1.13779463e-01  5.41204661e-02
  6.45670444e-02 -1.12794541e-01 -5.63006662e-02  2.71449387e-02
  6.29062671e-03 -5.89305796e-02 -1.13464527e-01 -1.34447841e-02
  7.46975541e-02 -1.93317961e-02 -1.28700912e-01 -4.31292951e-02
 -2.97637954e-02 -9.28504989e-02 -5.50711080e-02  9.04392824e-02
 -2.38700192e-02 -6.75864518e-02 -5.26416674e-02  1.82494577e-02
 -2.16999650e-01 -3.78675647e-02  3.63876484e-02  1.33407995e-01
  8.24835375e-02 -1.44565731e-01  1.50123000e-01 -8.85073319e-02
  7.35829696e-02  1.35989368e-01  4.41709086e-02 -1.01115182e-01
  2.17037015e-02 -2.66053807e-02 -4.27756123e-02 -2.45721824e-03
 -1.04488090e-01  2.12419763e-01  9.04465914e-02 -1.30100563e-01
  1.28654137e-01 -1.23812221e-01 -4.47326563e-02  1.00738414e-01
 -2.22355187e-01 -2.00878695e-01 -9.27529037e-02  1.39100745e-01
 -1.89395413e-01  9.75706354e-02  9.16769058e-02  1.62401006e-01
  2.30918124e-01  1.19712368e-01 -6.34688288e-02 -3.52319293e-02
 -9.46845487e-02  2.23791040e-02  1.22136787e-01 -1.60391014e-02
 -6.51536435e-02  3.78795899e-02  2.26718783e-02 -4.89326827e-02
  3.05943713e-02 -5.84595986e-02  9.83885974e-02  4.34097908e-02
  2.08959863e-01 -2.04809550e-02 -5.51341698e-02 -5.74295968e-02
 -2.22035214e-01 -3.57744955e-02 -8.61239955e-02 -5.42645082e-02
  2.68137846e-02  1.14259131e-01 -1.38693443e-02  4.88495417e-02
 -4.41094376e-02 -1.43750608e-01  1.23467613e-02 -1.82606459e-01
  7.96453580e-02 -1.74583346e-01  5.99956810e-02 -6.77180588e-02
  1.22903205e-01  5.21499738e-02  1.60027862e-01  9.24572349e-02
 -1.52991768e-02 -1.07795767e-01  1.76451549e-01  1.06910486e-02
 -1.38210073e-01 -1.06522158e-01  4.35203277e-02  9.56330746e-02
  3.09783220e-01  1.50538906e-01 -1.11691639e-01 -4.18182276e-03
 -5.14060110e-02 -4.42538112e-02 -2.48351395e-01 -4.43952531e-03
 -6.86952323e-02 -2.18192837e-03  2.91270074e-02  1.02424677e-02
 -1.69564739e-01  8.94076657e-03 -2.80097611e-02  8.19052628e-04
 -2.74831355e-02 -4.82435711e-02  8.39644596e-02 -3.79695110e-02
  5.96684963e-03  5.92259392e-02  4.86991219e-02  2.94112898e-02
 -2.23258212e-01 -2.60970350e-02 -1.18997298e-01 -1.08058132e-01
 -1.50203243e-01  8.20428506e-02  2.38764975e-02 -3.23907323e-02
  1.88793540e-01  3.24808471e-02  1.71359897e-01 -5.18563986e-02
 -5.10184020e-02 -4.87733930e-02 -1.08350806e-01  2.98902038e-02
 -1.76348925e-01 -4.36470881e-02 -1.23432636e-01 -8.73557180e-02
 -3.09655722e-02 -1.21710047e-01  7.40501583e-02 -7.97514841e-02
  2.23314147e-02  4.60335836e-02  4.32277657e-02 -5.83122410e-02
 -5.64495102e-02  7.77266845e-02  2.04985932e-01 -1.42891109e-01
  9.07989815e-02  1.57012418e-02  2.25279853e-02 -5.30318320e-02
  4.20008264e-02  1.28939062e-01 -7.09198788e-02 -1.11677743e-01
 -1.07903033e-01  6.09664470e-02 -4.84105386e-02  8.68905615e-03
 -5.61361648e-02 -8.18380117e-02  1.64509043e-01  1.54297426e-02
 -1.00970129e-02 -1.29510060e-01  3.36864553e-02 -3.23974788e-02
  1.91226318e-01 -4.21847329e-02 -1.67006209e-01 -2.61245042e-01
 -6.97081238e-02 -5.30812033e-02 -5.16764224e-02  1.18775435e-01
 -8.99239555e-02 -5.24200648e-02  3.14583242e-01 -3.64694558e-02
  4.61968593e-02 -9.91216823e-02  1.66835010e-01 -1.92699403e-01
  1.88247822e-02  5.66933565e-02  3.31668854e-02  9.82501358e-03
  5.10048121e-02  5.19565232e-02  3.79684344e-02 -8.14559013e-02
  7.44815171e-02 -1.25132531e-01  1.63725212e-01  1.59223765e-01
  1.36923892e-02 -7.73971379e-02 -1.16039284e-01 -6.88569844e-02
  2.29988903e-01 -2.82681827e-03  5.72904721e-02 -2.26429151e-03
  1.97754055e-02  2.35720563e-05 -1.67223085e-02 -2.93833882e-01
  4.67749424e-02  2.06449986e-01 -1.05725035e-01  3.60881770e-03
 -4.56094742e-03  1.03941768e-01 -6.10628352e-02  1.17635429e-01
 -1.50370643e-01  1.04117729e-01 -1.35910530e-02  1.63259313e-01
  4.62450013e-02 -1.90505981e-01 -6.50491565e-02  1.39316469e-01
 -1.02491856e-01  1.55587569e-01 -1.64227054e-01  7.86537156e-02
  2.72296946e-02 -1.79634467e-02  2.16103747e-01  4.13203910e-02
 -1.20746717e-01  1.75828248e-01  1.30933383e-02 -3.35284658e-02
 -2.34823264e-02 -7.64896199e-02 -2.21546851e-02  1.02428310e-02
 -1.62960172e-01 -2.71734651e-02 -7.85943866e-03  7.51227066e-02
 -2.46017754e-01 -6.67860955e-02  1.47358878e-02 -2.36499030e-03
 -1.53167352e-01  1.58905108e-02 -6.48545474e-02  3.71859856e-02
  3.84168364e-02  1.68786556e-01 -2.50008255e-02 -1.49627030e-02
  1.41022205e-01 -1.98193803e-01 -3.77536975e-02  1.13916039e-01
 -1.88963506e-02 -1.37941524e-01 -6.12505898e-02  1.38312429e-01
  5.80482818e-02  2.20805496e-01 -8.57193675e-03 -3.13531786e-01
  1.24295481e-01  7.26047382e-02  8.38207006e-02 -5.71577661e-02
 -1.59056503e-02 -8.04874599e-02  2.07411312e-02 -1.25969902e-01
 -5.60573079e-02 -4.90500294e-02  5.74687729e-03  1.88659459e-01
  1.02637902e-01  2.26674899e-02  1.55227870e-01 -1.48476005e-01
 -1.74892247e-01 -1.12253904e-01 -3.62873562e-02  4.83443663e-02
 -1.13114074e-01 -1.23544425e-01  5.83595559e-02  8.38780850e-02
  2.02682391e-01  1.34551758e-02 -7.59393871e-02  9.97298979e-04
 -2.31218245e-02 -1.09448820e-01 -8.31542537e-02  2.14768364e-03
  7.07127005e-02 -1.69571295e-01  6.88534975e-02  2.69843757e-01
  6.73680007e-02 -3.76819521e-02  1.98834240e-01  2.38374278e-01
  4.64947224e-02 -3.78878489e-02  8.96940753e-02  6.38659820e-02
  2.23432090e-02  2.02562630e-01 -1.58126518e-01  2.86943465e-01
 -2.47647285e-01 -1.10756382e-01 -1.98245257e-01 -2.06069499e-01
 -7.57733881e-02  5.42336926e-02  8.20078403e-02  2.99340114e-02
  1.47262022e-01 -4.36207540e-02  1.56991646e-01  1.55201629e-01
 -3.66153643e-02 -2.44273022e-02  1.04599304e-01 -6.10767938e-02
  1.72525838e-01  5.68038560e-02  2.04270631e-01 -6.64729625e-02
 -3.57021056e-02  2.43938997e-01 -2.72181928e-02 -1.01658352e-01
 -1.02209803e-02 -3.54429670e-02  1.58103883e-01 -4.63052243e-02
  1.76153824e-01  1.56880409e-01  1.22784707e-03 -1.88257232e-01
  8.32904726e-02 -2.93493330e-01 -2.32177712e-02  1.58692658e-01
  1.11651778e-01  4.69779819e-02 -1.00072481e-01  2.92367697e-01
 -1.87118620e-01 -2.07497224e-01  4.58090305e-02 -3.10084932e-02
  1.87582105e-01  1.54662400e-01 -5.69520630e-02  2.16117278e-02
  8.71919021e-02  1.39683485e-01  1.33072212e-01 -1.27233949e-03
 -1.22401183e-02 -9.79272947e-02  6.36843145e-02  1.80683658e-01]