http://erau.edu/ontology/meme.owl#EulYoungsStrikeMeme
[-6.83887899e-02 -1.78119481e-01  9.79119390e-02 -1.09576948e-01
 -5.28979525e-02  1.31802097e-01  1.67637557e-01  9.03525949e-02
  4.31374088e-02 -5.69321625e-02  1.32831827e-01 -1.03971228e-01
  9.35959537e-03 -2.46028565e-02 -5.10459468e-02 -1.73675008e-02
 -5.33202700e-02  1.40069038e-01  2.12570913e-02  9.30152759e-02
 -1.30322933e-01  2.31372975e-02  9.93412510e-02 -2.71254014e-02
  3.32288668e-02  1.11921281e-01  5.82104884e-02 -2.51313709e-02
  2.03383476e-01  6.77871481e-02 -1.42589100e-02  1.60169005e-01
  3.22361551e-02 -1.17935717e-01 -1.81968194e-02  2.02708647e-01
 -3.00391484e-02  1.27076462e-01 -1.20726731e-02 -1.44255415e-01
  8.70455801e-03  1.22832403e-01 -1.15310952e-01 -4.18007933e-02
  8.55107829e-02  7.95117673e-03  4.78988029e-02  6.16535451e-03
  1.34714087e-02  3.20368297e-02  3.08237020e-02 -8.34000111e-02
 -5.41063817e-03 -8.55115652e-02 -1.34143144e-01 -1.29082650e-01
  5.05893975e-02 -1.66858770e-02  1.72864363e-01  2.83975694e-02
 -1.14218079e-01 -1.08548664e-01  1.40789494e-01  6.81543425e-02
 -1.96983770e-01 -8.84246230e-02 -2.03239173e-02 -3.64576578e-02
 -8.92639309e-02 -2.09741578e-01 -2.31339093e-02  9.55486745e-02
  6.06868379e-02  6.23375699e-02  2.82259006e-02  9.11554694e-02
 -2.52404064e-01 -4.37815115e-02  2.09270388e-01  6.65953010e-02
 -9.37115848e-02 -3.42471004e-02 -1.03266001e-01 -2.70893067e-01
  9.38839763e-02 -7.80905113e-02 -7.28197992e-02  1.61713827e-02
  4.24168818e-02 -2.50298213e-02 -2.26373728e-02 -2.90064275e-01
  1.64157465e-01 -6.39751181e-02 -7.57887810e-02  7.86498412e-02
 -5.36439102e-03 -8.14319924e-02  3.48675810e-02 -7.38086700e-02
  1.12710349e-01  6.08344153e-02  2.83215910e-01 -1.89089492e-01
 -1.15400255e-02  2.05809437e-02  2.11406738e-01 -7.22420663e-02
  5.75704314e-02 -1.04785666e-01 -8.35390165e-02  5.72864860e-02
 -1.45111516e-01 -1.22416884e-01  9.13672820e-02  1.27684623e-01
 -2.96364576e-01 -2.73920983e-01  3.60079780e-02  1.16190657e-01
 -2.02265456e-02 -7.38888830e-02 -7.36901760e-02  5.59357069e-02
  6.47145584e-02 -6.77700937e-02 -9.17389151e-03 -3.34005058e-02
  5.75076267e-02 -5.63714020e-02 -2.25168690e-01 -1.05253123e-01
  4.60253172e-02 -7.39536015e-03 -8.80817100e-02  8.62005502e-02
 -1.30719244e-01 -8.53823405e-03 -1.19633198e-01  5.67237474e-02
 -2.57698059e-01  4.11573201e-02  2.82816077e-03  1.76482517e-02
  1.65443420e-01 -1.40663683e-01 -8.83976463e-03 -1.00572623e-01
 -3.93843129e-02  1.67342216e-01 -2.25045476e-02 -1.00419827e-01
  1.00685889e-02 -2.94954516e-02  5.91766962e-04  6.57891529e-03
 -1.38239756e-01  1.97358742e-01  7.74413571e-02 -1.72601268e-01
  9.18754861e-02 -1.05364926e-01  2.26919702e-03 -2.75882557e-02
 -1.86934128e-01 -1.54161304e-01  5.61934570e-03  1.40663564e-01
 -2.52241194e-01  1.27709344e-01  6.04049154e-02  8.28586593e-02
  1.71036988e-01  1.99149773e-01 -2.18903199e-02 -4.01560031e-02
 -4.96101193e-02  3.09484284e-02  1.32209882e-01  4.66164835e-02
 -1.28167078e-01  4.26830202e-02  1.32643670e-01 -1.99523307e-02
 -1.08952075e-01  5.30191921e-02 -7.60238171e-02  3.24946903e-02
  1.61631182e-01 -3.94345354e-03  5.41522056e-02  3.10861971e-02
 -2.11558610e-01 -3.72216813e-02 -1.21581659e-01  1.15465127e-01
 -1.14147402e-02  1.43668890e-01 -8.10599402e-02  2.94004055e-03
 -4.80428003e-02  5.49567211e-03  6.28365576e-02 -4.94000018e-02
 -6.98808432e-02 -4.78785001e-02 -2.00480036e-02 -3.62440422e-02
  1.18389525e-01  3.25130001e-02  2.03638077e-01  1.03834927e-01
 -3.86100225e-02 -5.02868704e-02  2.81977039e-02 -4.86471131e-02
 -8.37256014e-02 -5.27132256e-03  1.36889100e-01  1.79501802e-01
  2.73087263e-01  1.50704309e-01 -6.42327815e-02  9.78854895e-02
 -4.20836806e-02 -1.34923130e-01 -1.28433824e-01 -5.88388406e-02
 -6.95179999e-02 -3.37995365e-02  4.71460707e-02  2.61489097e-02
 -5.61353900e-02 -3.36518511e-02 -6.21868856e-03  2.04621367e-02
 -5.71572818e-02  2.56886128e-02  1.99496165e-01 -8.01721811e-02
  4.31762449e-03 -3.69890186e-04  9.44304559e-03 -7.80941769e-02
 -1.83210880e-01 -8.09935555e-02 -1.62018076e-01  3.21047157e-02
 -6.74417168e-02  7.07601905e-02  1.27647325e-01  3.49855423e-02
  4.98223566e-02  1.56667121e-02  2.23851934e-01 -1.58817992e-02
 -1.49416417e-01 -7.10588098e-02 -3.78231779e-02  8.31988454e-03
 -1.73885822e-01 -1.38390094e-01 -4.74580331e-03 -1.08670689e-01
 -8.47684219e-02 -1.78063586e-01 -1.16261421e-02  6.05010614e-02
  1.51506007e-01 -5.99841289e-02 -3.14908475e-02 -1.19215526e-01
 -7.83438757e-02  1.37192816e-01  1.70645624e-01 -1.04206637e-01
  3.68124098e-02 -4.48599830e-02 -1.07991889e-01 -2.48952787e-02
  3.09732556e-02  1.50764838e-01 -1.54640362e-01 -3.88547033e-02
 -1.40982047e-01  1.11191832e-01 -9.80647355e-02 -8.81225895e-03
 -1.22034329e-03 -7.55739063e-02  9.86676514e-02 -1.12311631e-01
  2.41781920e-02 -1.33384570e-01 -1.39973238e-02 -1.32921999e-02
  1.51871234e-01  6.14445210e-02 -1.10543117e-01 -1.52470320e-01
 -2.04924673e-01  1.88169349e-02  2.97843739e-02  4.28943448e-02
  2.00143959e-02 -2.31749490e-02  1.84714988e-01 -2.97051799e-02
  4.96149994e-02  3.76065411e-02  1.80881351e-01 -1.49670050e-01
  3.96054201e-02  9.82482359e-02 -7.57301077e-02  2.88612079e-02
  1.47482073e-02  2.75065303e-02  1.45890996e-01 -4.62011360e-02
  2.07216218e-02 -1.80892661e-01  2.03401327e-01  7.50827789e-02
  4.69833761e-02  5.14054894e-02 -1.65715158e-01 -4.63328734e-02
  1.31682158e-01 -9.59936902e-03  1.64861865e-02  3.75525877e-02
  7.93739781e-02  2.09266273e-03  6.82467893e-02 -1.81775168e-01
  6.58997968e-02  7.58309066e-02 -3.34770493e-02 -3.38777713e-02
 -2.43033804e-02  9.23082158e-02 -3.13579030e-02 -3.99152450e-02
 -4.46302965e-02  9.89829656e-03 -5.08418195e-02  1.38661824e-02
  5.16432663e-03 -6.70033470e-02 -3.25603075e-02  2.53909528e-02
 -1.23703219e-01  1.07193537e-01 -1.59056157e-01  8.15751031e-02
 -6.55099793e-05 -1.06929719e-01  2.55390465e-01 -1.03860833e-01
 -1.37190342e-01  8.10119659e-02 -7.31685981e-02  5.38347289e-02
  2.67385654e-02 -1.28329918e-01 -9.58063453e-02  6.78173527e-02
 -1.81092173e-02  3.96875180e-02 -1.43042654e-02 -8.33310410e-02
 -1.59067571e-01  1.32038295e-01  4.69374917e-02  1.04517713e-02
 -3.42996046e-02 -4.59642224e-02 -1.73607498e-01 -7.30242431e-02
  2.75048148e-02  2.70421356e-01 -1.71209574e-01 -1.17998607e-01
  1.85002252e-01 -4.36967090e-02 -5.52475005e-02  9.66466740e-02
 -4.75518927e-02 -6.88100979e-03 -9.37524587e-02  8.49168748e-02
 -6.83717504e-02  1.46540046e-01 -1.02919519e-01 -1.75861061e-01
  1.64835341e-02  7.07539842e-02  1.57533348e-01 -1.12926930e-01
 -1.03873432e-01 -1.45447195e-01 -6.95296004e-02 -1.05740644e-01
  5.68454713e-02 -5.25946990e-02  3.43463682e-02  1.01203188e-01
  1.19857363e-01  1.74356531e-02  2.77777016e-01 -1.40338197e-01
 -1.87817216e-01 -8.45675170e-02 -8.76046866e-02  8.28869864e-02
 -1.31534025e-01 -4.82344143e-02  2.32210960e-02  5.93153983e-02
  5.62964380e-03 -2.17169970e-02 -2.16680571e-01  3.31544541e-02
  6.85446262e-02 -1.96874022e-01 -5.11516370e-02  7.36344829e-02
  4.42425422e-02 -6.38520867e-02  7.75883347e-02  1.34893224e-01
  6.22639507e-02  1.98292024e-02  1.56757131e-01  2.42059723e-01
  2.51851548e-02 -1.34045348e-01 -5.92210889e-03  1.82322040e-01
  8.78896937e-02  4.22952957e-02 -1.00232981e-01  3.40651929e-01
 -2.12459818e-01 -5.82916476e-02 -2.22126320e-01 -2.10160106e-01
 -1.54995900e-02  1.36340857e-01 -1.15835238e-02  1.55209363e-01
  1.41173616e-01 -1.57493800e-02  2.66032875e-01 -8.37124363e-02
  1.15944058e-01 -2.08364446e-02  9.34730768e-02 -1.01293772e-01
  1.34286985e-01  2.07009502e-02  8.15789700e-02 -5.59914038e-02
 -4.26794402e-02  1.35755017e-01 -1.14540637e-01 -9.00385305e-02
 -5.75932115e-02  5.34319133e-02  1.11411072e-01 -5.19497618e-02
  1.81663945e-01  8.66135135e-02 -2.97021419e-02 -9.96840820e-02
  1.01430304e-01 -2.09777385e-01 -4.94482368e-02  1.19910106e-01
 -6.95026517e-02  7.20433518e-02 -1.14654452e-01  2.72213429e-01
 -9.73276272e-02 -2.38254741e-01  6.25091493e-02 -6.06345758e-02
  1.92553282e-01  1.50408417e-01 -5.00481687e-02  3.23129669e-02
  1.93302389e-02  8.28660466e-03  7.22529143e-02  1.37652894e-02
  5.30892387e-02 -3.07095572e-02  4.79101427e-02  4.30417508e-02]