http://erau.edu/ontology/meme.owl#IFeelThisonanEmotionalLevelMeme
[-2.02678263e-01 -1.49724454e-01 -1.09088691e-02  5.88630838e-03
  2.60490403e-02  9.09058750e-02  1.46668375e-01 -3.57807428e-02
 -7.59307966e-02 -1.39657613e-02  1.11088134e-01 -1.09598204e-01
  7.19617903e-02 -1.11730576e-01 -4.81808111e-02 -5.76777058e-03
  2.06222255e-02  5.16826473e-02  7.60106519e-02 -8.70806444e-03
 -2.64758229e-01  2.61841994e-02  1.01351723e-01 -1.76715344e-01
  8.49329457e-02  3.12356222e-02 -1.14924032e-02 -1.46096319e-01
  2.20788836e-01  1.20421834e-01  4.39522788e-02  3.58026735e-02
 -2.67764833e-02 -1.38211653e-01 -1.26979768e-01  1.20232284e-01
  6.44793808e-02  9.52591598e-02 -1.09930918e-01 -9.98821482e-02
  1.39930189e-01  1.88699484e-01 -9.99866650e-02 -7.00200647e-02
  1.14529796e-01 -5.88991027e-03 -4.38113324e-02 -3.09651550e-02
  6.69769570e-02  5.51227070e-02  2.70478558e-02  8.52412079e-03
 -2.17741504e-02 -1.58697203e-01 -6.87422156e-02 -3.92376557e-02
  7.91792497e-02 -9.18683931e-02  2.45114967e-01  1.01866543e-01
  1.48159890e-02 -6.54359087e-02  1.47559419e-01  8.38634819e-02
 -1.52175829e-01 -2.11761296e-02  3.35185379e-02 -5.51511869e-02
 -1.03321277e-01 -1.19774193e-01 -9.11281407e-02  1.50557891e-01
  1.08989246e-01 -5.78148961e-02  8.35788101e-02  7.16004446e-02
 -5.18746711e-02 -4.39660871e-05  1.67700097e-01  4.66383621e-02
 -7.00167269e-02 -6.26488477e-02 -3.39960083e-02 -2.83252537e-01
  3.24534290e-02 -1.26728833e-01 -1.42635569e-01  7.37600774e-02
  6.01389669e-02  5.64072430e-02 -4.51731347e-02 -1.68595895e-01
  1.19318932e-01 -8.18420276e-02 -9.45428535e-02  1.44992210e-03
 -3.68511640e-02  2.71067880e-02 -5.73851839e-02 -7.24271089e-02
  1.03501149e-01  4.34983000e-02  3.10699761e-01 -7.00854287e-02
 -2.36333199e-02  4.45127934e-02  1.51064083e-01 -8.44378024e-03
 -5.70264691e-03 -6.84826896e-02 -2.26754248e-02 -6.62460783e-03
 -1.51590619e-03 -9.16009545e-02  1.41990796e-01  6.81979507e-02
 -2.59514630e-01 -2.08339855e-01  2.50062291e-02  8.23317096e-02
  3.43929529e-02 -4.30367067e-02 -1.89799685e-02  1.16230004e-01
 -4.92192023e-02 -5.28834946e-02  3.86108533e-02  2.59070192e-02
 -2.35000085e-02  6.68259487e-02 -1.20341040e-01  3.17185223e-02
  3.88413370e-02 -9.16879401e-02 -8.68968070e-02  1.41874388e-01
 -4.61737737e-02 -6.65416121e-02 -1.49921194e-01  2.28322987e-02
 -2.28390917e-01 -2.56475154e-03  1.77609622e-02 -1.13317147e-02
  2.03308478e-01 -2.26546124e-01  1.03306800e-01 -6.18871860e-02
  2.28062328e-02  6.92735389e-02 -4.39651944e-02 -1.31756201e-01
  2.67532691e-02  6.82373047e-02  5.77628007e-03  1.28015310e-01
 -1.42226547e-01  1.18500553e-01  4.85398881e-02 -3.13952751e-02
  1.25302911e-01 -1.51812211e-01  6.07635863e-02  1.08492393e-02
 -2.31344372e-01 -1.31311789e-01 -6.67111874e-02  1.57307640e-01
 -1.58173531e-01  1.12438314e-01 -2.77881045e-02  1.39807478e-01
  2.55466193e-01  1.24156594e-01 -3.26084979e-02  2.46885177e-02
 -2.54512001e-02 -9.29226875e-02  1.02197386e-01 -3.17080915e-02
 -7.22032562e-02  6.64543435e-02  2.37097181e-02 -5.90553880e-03
 -1.07311681e-01  4.09600995e-02  2.93729696e-02  7.89620280e-02
  2.18251288e-01 -1.24196835e-01  2.03622803e-02  5.02886623e-02
 -1.84923738e-01 -4.52859886e-02  2.26128637e-03  4.52744076e-03
  1.22181788e-01  1.01915792e-01  3.95557545e-02 -2.69032493e-02
  5.12915663e-03 -5.59968054e-02  1.56325381e-02 -5.38126789e-02
 -3.61290984e-02 -2.09089175e-01  5.58703728e-02 -6.61406070e-02
  8.69752467e-02  1.03957012e-01  1.56698257e-01  1.01765834e-01
 -1.05218731e-01 -9.93303657e-02  1.64689511e-01  4.31265943e-02
 -1.89027727e-01 -7.54182190e-02  1.24912731e-01  8.27153772e-02
  1.63810089e-01  7.22949877e-02 -1.81699902e-01 -4.29368503e-02
  1.00752242e-01  7.99418464e-02 -1.85608804e-01  1.59849823e-02
  1.66501477e-02 -1.02565773e-01 -4.58592363e-03 -5.59488079e-03
 -1.26350179e-01 -8.65007564e-02  1.08824652e-02 -8.26653652e-03
 -6.12797327e-02 -1.54258013e-01  1.06670506e-01 -1.25570714e-01
  2.04833075e-02 -6.86763823e-02 -4.57316041e-02 -2.71370430e-02
 -2.12692201e-01 -1.82030573e-02 -9.79815423e-02 -5.15012704e-02
 -4.32767570e-02 -5.83061576e-02  9.38342884e-02  2.04967223e-02
  1.94232836e-01  1.02182753e-01  1.34730607e-01 -1.60275307e-02
 -6.96178079e-02  3.58623900e-02  1.25143617e-01  3.61959636e-02
 -6.00330643e-02 -1.89590991e-01  1.44210244e-02 -1.30336866e-01
 -2.50931643e-02 -2.20960438e-01 -3.77495550e-02 -1.51557354e-02
  4.21254430e-03 -9.87112075e-02  1.01174954e-02 -7.07477629e-02
 -4.57595512e-02  9.98503789e-02  1.93852767e-01  2.24683136e-02
  1.05701506e-01 -8.84323046e-02 -4.30325456e-02 -2.03584880e-02
  1.94750339e-01  3.74893146e-03  1.84606668e-02 -5.79602048e-02
 -1.79854318e-01  7.66822100e-02 -1.50475614e-02  1.99998487e-02
 -2.38075927e-02 -1.19549744e-01  5.78735843e-02 -1.09104499e-01
  1.86266992e-02 -7.97728002e-02  2.04840694e-02 -2.51201745e-02
  6.66470751e-02 -1.00543862e-02 -2.04322025e-01 -1.62140295e-01
 -2.14440227e-01 -3.35169993e-02  8.87250248e-03  1.40781060e-01
  5.20255789e-02  1.09266061e-02  1.94533527e-01 -4.46232446e-02
 -1.78812183e-02  9.07902718e-02  1.87377125e-01 -2.48211145e-01
 -8.23567715e-03  1.12449164e-02  3.82727152e-03  3.99494767e-02
 -4.27665859e-02  8.40644389e-02 -3.08278203e-02 -3.29078920e-02
  8.61600861e-02 -8.71341601e-02  1.32918403e-01  1.58996806e-01
  1.97197814e-02 -2.41611488e-02 -5.67463972e-02 -6.96179047e-02
  1.14584923e-01 -4.80786338e-02 -3.79353650e-02 -7.10086315e-05
  5.92564940e-02 -4.31891344e-02 -1.04399204e-01 -2.26779759e-01
  6.54440150e-02  1.30314991e-01 -6.60479367e-02  6.74816743e-02
 -6.39866246e-03  9.14630219e-02  6.08954055e-04 -3.61735635e-02
 -9.83526483e-02  3.48002240e-02  3.64350080e-02  1.48671597e-01
 -7.48876557e-02 -1.41362607e-01 -4.67538647e-02  1.16603076e-02
 -8.10805261e-02  1.63697660e-01 -1.37555897e-01  1.11143641e-01
  1.06289349e-01 -9.37212780e-02  2.06441298e-01  4.10127789e-02
 -9.21920314e-02  5.38210608e-02  3.11608538e-02 -1.44404620e-01
  6.35391101e-02 -4.01469320e-02 -4.86534350e-02 -3.16498056e-02
 -4.74867858e-02 -1.63515434e-02  2.22184099e-02  5.32856546e-02
 -2.04400346e-01  1.80066994e-03  1.29082158e-01 -8.83641932e-03
 -9.30008516e-02 -2.21579000e-02 -1.13598234e-03 -7.73135498e-02
  1.05171055e-01  1.05000786e-01 -2.12342478e-02 -6.87727854e-02
  1.48218080e-01 -1.41701400e-01 -6.97393119e-02  2.75059074e-01
  1.13913126e-03 -2.26578936e-01 -3.02765574e-02  8.58881027e-02
  3.82338949e-02  2.43470535e-01 -7.13229775e-02 -2.68539459e-01
  1.18582033e-01  1.74380645e-01  2.41899952e-01 -8.70015770e-02
 -2.09091678e-02 -1.90942034e-01  1.65104829e-02 -3.39313477e-01
 -2.44849920e-01 -3.32148075e-02 -7.09025282e-03  5.04326463e-01
  1.05055675e-01  9.55332816e-02  2.27997191e-02 -2.40639567e-01
 -1.04454532e-01 -5.00857905e-02 -6.68224990e-02  6.85810596e-02
  2.37042028e-02 -4.52500135e-02 -9.56129935e-03  1.07565597e-01
  6.02827631e-02  1.71627942e-02 -1.28363386e-01  3.36730890e-02
 -3.49589437e-02 -6.44658580e-02 -4.18828353e-02  5.93706891e-02
  6.80609718e-02 -1.00589618e-01 -3.88764963e-02  1.89807802e-01
  4.78190407e-02 -4.20219861e-02  1.51935816e-01  1.07405938e-01
  4.33416255e-02 -4.38955240e-02 -5.96775266e-04  3.23526002e-02
  1.50919244e-01  1.79898832e-02 -6.33882359e-02  1.97504967e-01
 -1.05864577e-01 -8.31257999e-02 -2.21469700e-01 -1.50203943e-01
 -3.56387571e-02  4.92588021e-02  8.55958909e-02  1.13320000e-01
  1.90021433e-02 -6.33037761e-02  1.67708680e-01  1.30883187e-01
  4.60720621e-02 -5.48906215e-02  1.22025155e-01  1.43117560e-02
  2.05246970e-01  5.47898039e-02  3.53570096e-02 -4.23508175e-02
 -6.79167211e-02  9.96650457e-02 -8.39427263e-02 -1.44149452e-01
 -1.20513655e-01 -9.00780037e-03  1.31590381e-01  1.59956049e-02
  1.37376890e-01  1.62210017e-01  9.48305205e-02 -1.36815146e-01
  3.10702808e-03 -6.64623678e-02  4.15804312e-02  4.96181287e-02
 -6.36552721e-02 -2.46143211e-02 -1.20993249e-01  2.26194978e-01
 -2.82497145e-02 -1.08350754e-01  6.14711270e-03  7.76205659e-02
 -3.89131941e-02  4.05018516e-02 -1.36711644e-02  2.78022792e-02
  1.06234312e-01  8.10305104e-02  8.66137818e-02  1.13897718e-01
  1.15376413e-02  2.15270910e-02  6.28278702e-02  7.47211799e-02]