http://erau.edu/ontology/meme.owl#AmenBreakMeme
[-0.03748872 -0.24769095  0.1476768   0.08115625 -0.07648703 -0.02880751
  0.28141233 -0.03639162  0.08149097 -0.12137539  0.20980498 -0.00235441
  0.00081483  0.10587788 -0.0903528  -0.24802946  0.06843766  0.2554667
  0.08798172 -0.03188648 -0.3800726   0.24140897  0.18024237 -0.28055587
 -0.05551029  0.06758158 -0.01175697 -0.2549125   0.2739482   0.04494447
 -0.02435243  0.20199928  0.06718975 -0.21611021 -0.1276584   0.39301094
  0.0208213   0.25229594  0.05013877 -0.1490195  -0.1254873   0.37803382
 -0.39251974 -0.1719232   0.1917123   0.11183924  0.13110092  0.0545835
 -0.03261135  0.17230268  0.1849744  -0.05637524 -0.27100146 -0.24869321
 -0.05699384 -0.08395198  0.20095766 -0.13987698  0.31012073  0.14628851
 -0.2535076  -0.17311668  0.14391655  0.17298375 -0.17066827 -0.11282232
 -0.17913878 -0.07049686 -0.18804547 -0.22044753 -0.18488313  0.18467389
  0.16039146  0.0956748   0.0615079   0.05450534 -0.03386683 -0.02112639
  0.36721703  0.02177573 -0.11935301 -0.12540162 -0.13176353 -0.35872123
 -0.04687935 -0.05463592 -0.24139816  0.11111046  0.1469198   0.08262902
 -0.01490951 -0.44494328  0.21318628 -0.09363668 -0.13854259  0.01630706
  0.01311633  0.05681986 -0.00989974 -0.00876264  0.1520932   0.06197044
  0.32682526 -0.05425325 -0.05293645 -0.09346741  0.09956763  0.0890145
  0.04051884 -0.17032376  0.06722748 -0.04190135 -0.2773943  -0.1502676
  0.12570365  0.17352144 -0.22968951 -0.11921017  0.27981934  0.2080713
  0.05473077  0.04378916  0.0374155  -0.02086352 -0.00432152 -0.06808081
 -0.0336889   0.14929987  0.0867984   0.00960603 -0.3105804   0.05576868
  0.09699617 -0.10819773  0.05045608  0.34320468  0.0288748  -0.11131686
 -0.03318407  0.2572119  -0.3604865  -0.09769089  0.08906909  0.19511032
  0.14632036 -0.39504027  0.08433738 -0.15169868  0.01718229  0.1596462
  0.19067347 -0.03980862 -0.04001315  0.07006712 -0.08359459  0.05764366
 -0.16516866  0.3280334   0.10049002 -0.0163096   0.14722213 -0.13096951
 -0.05358453  0.08699481 -0.27140135 -0.19616553  0.08117186  0.05683747
 -0.36266387  0.15721492 -0.08500077  0.04729678  0.36863628  0.26354507
  0.03110121 -0.04069224 -0.0806791  -0.08206435  0.15479472 -0.07121296
 -0.14800335  0.05256571  0.08733081 -0.03153449  0.00836847 -0.01714761
 -0.0138933   0.03083457  0.47938755  0.02959589 -0.03033738 -0.22338617
 -0.28854603  0.03324308 -0.0477144  -0.04056684  0.08475388  0.1228325
 -0.10843793  0.05107229  0.12825118 -0.02488034  0.03166959 -0.13820803
  0.0256228  -0.24649073 -0.04935787  0.07586714  0.25251383  0.2403981
  0.3086113   0.09619779 -0.08596964  0.05521279  0.18274963 -0.0299449
 -0.09729178 -0.01899726 -0.22117734  0.27545357  0.16307782  0.13164635
 -0.07575598  0.12993541  0.04731219  0.16139795 -0.1281244   0.01779307
 -0.006291   -0.145304    0.11222773 -0.04592355 -0.13755243  0.1259243
 -0.08315886  0.13233621  0.00686577  0.02056415  0.01600998  0.10006841
 -0.1236677   0.02478309  0.03963994  0.06622595 -0.14191431  0.01628706
  0.00518335 -0.03109672 -0.11287276 -0.09581834 -0.02011872 -0.17612855
  0.19094712 -0.08087463 -0.03694522 -0.0577007  -0.00813851  0.09816316
  0.10712271 -0.02115045 -0.09310889 -0.17494318 -0.15923715 -0.08440702
  0.01141434 -0.26113036 -0.06123752 -0.12123702  0.13558446 -0.12527613
  0.04189936 -0.18376891 -0.07132132  0.00095245  0.17839977 -0.14845578
  0.11281007  0.08932652  0.09633189 -0.02925155 -0.01644106  0.06849983
  0.11262102  0.02161902 -0.2017848  -0.08538274 -0.0384221  -0.03475841
 -0.2562575  -0.23894988  0.25720328  0.01266451 -0.22637062 -0.11108828
  0.08907707  0.02722292  0.20563376 -0.02976049 -0.08160663 -0.14376767
 -0.10662018  0.05947702 -0.04697567  0.09635852 -0.0743912  -0.02293848
  0.25955516  0.06255278  0.20737429  0.01187595  0.17523848 -0.11855646
  0.01502101  0.12414842 -0.01104991  0.05783688 -0.12107821 -0.06136322
 -0.01371348 -0.16994824  0.10703645  0.0119197   0.03851386  0.27040535
  0.20058651 -0.21978645 -0.12163844 -0.06212539  0.04454406 -0.15249138
 -0.14939544 -0.05864625 -0.03563169 -0.19970316 -0.02281849 -0.1429541
  0.10676377  0.14538395 -0.09030042  0.14798096  0.03754587  0.13297392
 -0.22047493 -0.02813885  0.03459242  0.16478463 -0.13096099  0.03907488
 -0.06173532 -0.2966007  -0.147606    0.00871222 -0.12439068  0.2154871
  0.00434089  0.02804467  0.08898953  0.01997697  0.22745673  0.19914334
 -0.11980597 -0.0747026  -0.00311871 -0.14466229  0.19519104 -0.17748931
  0.07831705 -0.06653827  0.04820082  0.0069426   0.01130419  0.13748431
 -0.15651254 -0.12499597  0.08713242 -0.05735003 -0.11784886 -0.02607875
  0.0933992  -0.02903712  0.09969903  0.08288536 -0.04053238 -0.14354518
  0.22270855 -0.28254932 -0.01416969  0.20162724 -0.01316577 -0.01190306
 -0.09677196  0.12767568 -0.00725438  0.47249067 -0.01431532 -0.44180056
  0.04444562  0.21566072  0.40525284 -0.15946475 -0.0099551  -0.2929655
  0.15596528 -0.32454064 -0.14979637 -0.0174724   0.07016148  0.5233024
 -0.04959101  0.1264447   0.05755005 -0.15329744 -0.11990381 -0.07933492
  0.04730957 -0.14985041 -0.03791959 -0.02837703  0.01101494 -0.01892614
  0.23104091 -0.0674178   0.05822272  0.05950128 -0.05587327 -0.19938804
 -0.08623032  0.04188738  0.07607479 -0.11723617  0.06709494  0.13536002
 -0.01144054 -0.10838843  0.15486492  0.0405865   0.19191922 -0.01286446
  0.01591223  0.21489078 -0.04079634  0.03240012 -0.14859775  0.2587947
 -0.17248514 -0.09726526 -0.22585374 -0.02498511 -0.17961898  0.0930523
  0.18183918 -0.11327387  0.01074459  0.06850102  0.0338943   0.20219904
 -0.03519898 -0.08167191  0.04040386 -0.03310303  0.06000835  0.16776362
  0.09798262 -0.24572425  0.01454842  0.20325817 -0.04485905 -0.18577908
  0.12991278 -0.05247908  0.31542465 -0.166463    0.15035643  0.19022286
  0.02695119 -0.24936743  0.00299491 -0.13786642  0.00741718  0.16811745
  0.08313675  0.08351659 -0.19485892  0.22932725 -0.21536355 -0.26444563
  0.05471954  0.04284648  0.05333767  0.14278424  0.0646949   0.03818878
  0.22459775  0.13846242  0.12413029 -0.00818109  0.06544217 -0.02720062
 -0.02535296  0.04445408]