http://erau.edu/ontology/meme.owl#ChabeloMeme
[ 7.39486739e-02 -8.78695846e-02 -1.66956820e-02  6.78740889e-02
 -8.46517459e-02  8.83349329e-02  1.66897941e-02 -1.50859863e-01
  9.79127884e-02 -5.64270020e-02  1.49814665e-01 -3.10485181e-03
  2.97988113e-02  8.45837966e-02  1.43508017e-02 -1.40260041e-01
 -5.54043660e-03  6.23109639e-02 -9.16258842e-02 -9.03183743e-02
 -2.13025622e-02  1.96722806e-01 -2.29165088e-02 -9.31453481e-02
 -9.17446688e-02  8.04064795e-02 -5.20306006e-02 -7.47978911e-02
  1.43987089e-01  8.99086520e-02  5.97213097e-02  1.34528756e-01
  8.40443000e-02  4.35485356e-02 -3.88521329e-02  3.06422055e-01
  1.30037442e-04  7.79658780e-02 -4.68284935e-02 -4.92879236e-03
 -6.76627643e-03  2.33953103e-01 -1.97323576e-01  4.79346886e-02
  1.30695269e-01 -5.99326789e-02  9.16734040e-02 -1.38661250e-01
 -7.11616203e-02  2.38684360e-02 -1.10471621e-02  4.23163213e-02
 -1.62578806e-01 -2.60430455e-01 -8.05086643e-02 -2.37100217e-02
  1.55824706e-01 -2.63150126e-01  1.90275058e-01  9.22959670e-02
 -5.28657548e-02  3.18937227e-02  1.12799250e-01  5.97059354e-02
 -9.90474895e-02 -1.30276904e-01 -1.02609888e-01 -1.81125179e-02
 -4.86671962e-02 -1.35232225e-01 -1.98625535e-01 -1.91308018e-02
 -1.34982970e-02  1.18394271e-01  9.00474116e-02  2.73838546e-02
 -2.16096207e-01 -6.28283769e-02  1.42749891e-01 -3.75151150e-02
 -5.39999269e-03 -2.08058711e-02 -1.03580557e-01 -3.02989870e-01
  4.01279377e-03  6.85183704e-03 -3.98700424e-02 -7.78283086e-03
  5.58782369e-02  3.28106282e-04 -3.85439694e-02 -2.44501516e-01
  7.16184974e-02 -7.44247213e-02 -2.57560872e-02  8.67234841e-02
  3.10645103e-02 -7.81007670e-03  1.01858890e-03  1.24950111e-01
  1.38399273e-01  2.71477014e-01  3.11450511e-01 -3.40040065e-02
  4.94694300e-02  2.22133491e-02  1.26746356e-01 -4.06730287e-02
 -8.41746852e-02 -1.61651045e-01  5.44681735e-02  1.31161446e-02
  9.46621448e-02 -1.47833884e-01  1.88123688e-01  9.42754671e-02
 -2.07253337e-01 -1.17799528e-01  7.24868402e-02  8.40451866e-02
 -1.04733452e-01 -5.71858510e-02  3.84497177e-03  1.09833635e-01
  1.86606884e-01  1.09466016e-01  2.33377405e-02 -2.02197973e-02
  7.49684572e-02 -2.97382995e-02 -2.81061530e-01 -1.57761164e-02
  8.21116939e-02 -1.77719787e-01 -8.80724266e-02  1.40323788e-01
 -1.56538263e-02 -7.90163223e-03 -1.38141006e-01  6.45727366e-02
 -2.48151168e-01  4.84835804e-02  1.99889615e-01 -1.59703312e-03
  2.06012428e-01 -1.64475620e-01 -8.55180398e-02 -5.11008911e-02
 -1.96471855e-01  6.81039393e-02  2.74885148e-02 -7.64314607e-02
  1.69477835e-02  4.94161099e-02  4.07551266e-02  1.16663463e-01
 -1.72304749e-01  2.95238256e-01 -2.93587148e-02  2.18846109e-02
  1.22089935e-02 -2.82881819e-02 -1.01140887e-03 -3.38489898e-02
 -2.58794844e-01  2.51075961e-02  1.06030367e-01  3.13838512e-01
 -2.33566225e-01  1.00425377e-01  1.34523809e-02  5.02518490e-02
  2.15576589e-01  2.74080753e-01 -7.59466588e-02  7.61442352e-03
  1.79103520e-02 -4.05436382e-02  2.50101864e-01 -8.74682441e-02
 -1.47373140e-01  1.03553504e-01  4.72616106e-02 -4.88559389e-03
  3.31017599e-02 -6.98239170e-03 -4.14783275e-03  5.68460599e-02
  1.69769570e-01  3.74843702e-02  7.00247511e-02 -1.15215465e-01
 -8.45472738e-02 -1.14875376e-01  9.49615762e-02 -1.53325321e-02
  8.32650810e-03  2.05885336e-01 -2.25179754e-02  7.14192763e-02
  7.84836262e-02 -3.12953442e-02  9.52089429e-02  5.09754866e-02
 -2.00425565e-01 -6.95041865e-02 -3.70848663e-02 -6.80776909e-02
  7.86929205e-02  5.91198169e-02  1.70491621e-01  9.94775742e-02
 -8.01616982e-02  7.63306618e-02  1.39184447e-03 -1.42198980e-01
  6.62732963e-03  2.27233842e-02  2.72675958e-02  1.51602358e-01
 -4.04822230e-02  1.35594591e-01 -1.47651151e-01  1.38590306e-01
  7.98623338e-02  8.53321180e-02 -1.84115171e-02  1.10291898e-01
 -6.26018792e-02 -5.95355406e-02  7.99786113e-03  3.37952636e-02
 -4.90031727e-02 -1.51815221e-01 -1.08163156e-01  3.49586271e-02
  1.61275249e-02 -9.66320373e-03  3.95103507e-02 -5.89270070e-02
 -9.78864059e-02 -1.28021821e-01  6.52984455e-02  3.34462114e-02
 -2.15672418e-01 -9.23933014e-02 -7.01688379e-02  6.04152642e-02
  8.74200016e-02  9.10037458e-02  6.72793481e-03 -6.19592592e-02
  1.22287899e-01 -1.05800465e-01  3.22133929e-01 -6.95492402e-02
 -1.21624798e-01  1.51032045e-01  3.47834565e-02  1.96861237e-01
 -2.04075083e-01 -1.31251827e-01 -7.71438703e-02 -1.34769335e-01
 -1.03947744e-02 -1.16908222e-01  1.57735385e-02  1.08501026e-02
  3.20311338e-02 -2.00783655e-01 -1.59809023e-01 -1.70748711e-01
 -4.26377691e-02 -1.10038081e-02  6.00295328e-02 -5.63300513e-02
  2.52279881e-02  9.18468460e-02  3.98026593e-02  3.42624150e-02
  6.06650263e-02 -3.72166559e-03 -1.46454442e-02  1.53097697e-02
 -4.68171909e-02  7.21006095e-02 -1.58001706e-01 -1.60616711e-02
 -4.13938798e-02 -6.00513034e-02  1.22297399e-01 -8.44728276e-02
  9.38038826e-02 -1.07876379e-02  4.03680950e-02 -6.28073420e-03
  7.84498155e-02 -6.44748211e-02 -2.27877825e-01 -1.14862308e-01
 -2.27072552e-01  3.09723727e-02  7.93066993e-02  7.11177662e-02
 -8.23947787e-02  1.71772242e-02  1.13427773e-01  3.83837000e-02
  6.68928325e-02  1.68608781e-02  2.16753900e-01 -1.71530843e-01
 -1.09380424e-01 -4.32865992e-02 -6.26738444e-02  8.42825174e-02
 -1.15042031e-01  6.51912913e-02 -6.73194826e-02 -1.85542852e-01
  1.73194036e-01 -2.91434973e-02  1.67652041e-01  1.94849968e-01
 -3.46277989e-02  1.32850315e-02 -1.25595674e-01 -3.56485248e-02
  1.71128988e-01  1.57081373e-02 -8.23110864e-02 -1.65610716e-01
  5.01051731e-02 -3.01644921e-01  1.72817990e-01 -1.86560586e-01
  2.08424211e-01  7.31010512e-02 -3.06011587e-02  1.59052297e-01
 -1.09005868e-02  5.78185767e-02 -1.44333005e-01 -2.70351589e-01
 -1.30777419e-01 -1.12082243e-01 -6.10164553e-02  5.00544757e-02
 -2.85531655e-02 -1.62157580e-01 -1.72132049e-02  8.26430991e-02
 -2.23119989e-01  2.59122610e-01 -9.29448828e-02  1.41051203e-01
  1.38669714e-01  8.85772333e-02  2.44894177e-01 -1.40749425e-01
 -1.04441367e-01  1.82037428e-01 -1.50647070e-02 -1.18085310e-01
  1.08668685e-01 -1.56587645e-01 -1.69853785e-03  4.45018671e-02
  1.38640881e-01  8.30981880e-02 -1.69802029e-02 -1.13589406e-01
 -3.26381862e-01  8.52075964e-02  8.55184272e-02 -1.03037007e-01
 -5.23163192e-02  5.22481054e-02  2.41522957e-02 -2.01260969e-01
  1.22695766e-01  2.27285430e-01 -1.58614621e-01 -1.33663327e-01
  1.04191802e-01 -1.24594033e-01 -5.26380762e-02  1.42857403e-01
 -2.02049618e-03 -1.03878230e-01 -1.03671752e-01  1.48795456e-01
 -1.07756453e-02  2.21092880e-01 -5.73331751e-02 -1.95359081e-01
 -1.29904840e-02  1.85738280e-01  4.36091393e-01 -1.53306067e-01
 -9.56461206e-02 -6.45052418e-02  8.85890145e-03 -2.62219518e-01
 -1.90834746e-01  9.70800221e-02 -2.21858490e-02  3.63229483e-01
  1.06873706e-01  1.93585474e-02  2.78861851e-01 -3.05656701e-01
 -7.41482601e-02  4.42231027e-03 -1.85504615e-01  1.59195229e-01
 -2.10725859e-01 -1.47278175e-01 -1.21380813e-01  7.35607222e-02
  1.49492487e-01 -1.22169808e-01 -1.76585957e-01  3.07729114e-02
 -4.96087447e-02 -1.90375596e-01 -7.04592392e-02  1.09823465e-01
  2.07880631e-01  2.43176911e-02  1.25599295e-01  2.47238800e-01
  1.44814312e-01 -1.30703762e-01  2.00394690e-01  2.69012868e-01
  2.70172097e-02 -7.27676004e-02 -2.41078134e-03  3.08156371e-01
  2.25129291e-01 -1.68271400e-02 -2.61110310e-02  3.80032301e-01
 -1.59485161e-01  1.50044018e-03 -2.82712579e-01 -7.16078728e-02
 -1.62457958e-01  1.65641561e-01  2.09899440e-01  2.11884305e-02
  1.03025220e-01  2.49841586e-02  2.58789957e-01  5.11468872e-02
  1.04602724e-02  3.80010344e-02  2.38655377e-02 -2.91909967e-02
  8.96996781e-02  1.09025270e-01  2.02443171e-02 -1.85260698e-01
 -4.53210389e-03  1.39496446e-01 -4.97502163e-02 -1.39199391e-01
  6.31166026e-02  3.83419357e-02  1.53114364e-01  3.36328731e-03
  5.64967915e-02  1.90706685e-01  1.28508553e-01 -2.00830594e-01
  3.47236916e-02 -1.28920645e-01 -6.74698427e-02  8.85947347e-02
 -9.96628627e-02  1.44434134e-02 -1.22230984e-01  2.49645799e-01
 -1.26470551e-01 -2.62424856e-01 -9.98415276e-02 -3.78729589e-02
  8.10965523e-02 -3.32419463e-02 -9.32847485e-02 -7.11443648e-03
  7.20100151e-03  4.47818004e-02  9.31701884e-02 -1.61569100e-02
 -5.33618070e-02 -1.31875053e-01  9.91016403e-02  3.54861729e-02]