http://erau.edu/ontology/meme.owl#LolInternetMeme
[ 2.19151869e-01  3.68575472e-03  1.44068869e-02  1.26054764e-01
  2.23578773e-02 -1.41919097e-02  1.57541946e-01 -1.85395256e-01
  1.47401899e-01 -5.34742214e-02  2.44535044e-01 -1.16202191e-01
  5.70645146e-02  2.91095883e-01 -1.16185218e-01 -1.00981623e-01
 -6.70857951e-02  5.90190776e-02 -2.43642122e-01  1.15129359e-01
  7.93702304e-02  2.92009443e-01  5.94246425e-02 -2.19844595e-01
 -2.39003375e-01 -1.29445001e-01 -1.45993978e-01  9.24629197e-02
  1.49828270e-01 -5.55682518e-02  6.53003231e-02  4.09415245e-01
  1.68036297e-01  7.56875379e-03 -6.62609786e-02  5.54053783e-01
 -1.45173386e-01  3.12282722e-02  2.01977849e-01 -1.75546229e-01
 -3.40299964e-01  2.81713992e-01 -5.55676341e-01 -1.52065560e-01
  1.48905903e-01  1.52574733e-01  1.66658968e-01 -8.27212110e-02
 -1.12309076e-01  1.14163004e-01  2.22306952e-01 -1.28839940e-01
 -3.65391076e-01 -2.22746983e-01 -1.97399750e-01 -9.87026691e-02
  2.18074933e-01 -5.01014888e-01 -7.92388692e-02 -5.62301278e-02
 -1.50152981e-01 -1.90369591e-01  1.15773484e-01  1.51138052e-01
 -1.27745122e-01 -1.96707770e-01 -3.99195135e-01 -1.05199099e-01
 -1.94833368e-01 -2.42502153e-01 -3.16639036e-01  2.16385305e-01
 -5.91911077e-02  2.53691405e-01 -3.43275745e-03  2.10921556e-01
 -1.11766525e-01  1.50515988e-01  1.90585524e-01  9.69812647e-02
 -4.02363874e-02  1.93010807e-01 -8.61111209e-02 -3.08220983e-01
 -3.51110585e-02  1.03285678e-01 -9.31278020e-02 -1.24937110e-01
  1.02671117e-01 -1.16680108e-01 -2.50127256e-01 -2.98222899e-01
  2.05484584e-01 -8.41951147e-02  2.77227610e-02  1.36472911e-01
 -2.32923683e-02 -3.26294899e-01 -2.57637531e-01  2.26955786e-01
  3.61127742e-02  4.53824922e-02  2.95661598e-01 -3.00971679e-02
 -1.66077137e-01 -1.83125779e-01  2.97879785e-01  1.37434080e-01
  8.47847611e-02 -3.03925902e-01  7.86953717e-02  2.94393394e-02
 -9.07245353e-02 -9.05416235e-02  2.37052813e-01  2.93197155e-01
 -1.34522051e-01  6.89673349e-02  3.75746131e-01  9.74478126e-02
 -1.84788734e-01 -1.72600552e-01 -1.08727708e-01 -4.80398312e-02
  2.01706126e-01  1.90429941e-01  6.32406920e-02  4.42703888e-02
  1.32204577e-01 -3.01268995e-01 -3.87326479e-01 -8.01796392e-02
  5.93391769e-02 -2.54573792e-01  4.87331394e-03  2.90083647e-01
 -2.61361152e-01  9.41564143e-02 -9.51218233e-02  2.68789560e-01
 -3.14259142e-01 -1.44689247e-01  4.21250284e-01  2.55653203e-01
 -6.02766834e-02 -2.41089165e-01 -3.65619510e-02 -1.63190469e-01
 -1.58936828e-01  3.76315147e-01  2.54007667e-01  1.13866761e-01
  1.94871604e-01  8.15490931e-02 -2.33993709e-01 -2.33773272e-02
 -2.43964791e-01  4.38015252e-01  3.20920604e-04 -1.03371099e-01
 -2.27541178e-01 -1.70652792e-01 -1.55979171e-01 -5.58657432e-03
 -4.08562988e-01  1.03223979e-01  2.87551582e-01  3.00966501e-01
 -5.24999022e-01  3.81210558e-02  2.25240681e-02  1.76193919e-02
  2.53557205e-01  3.42287123e-01 -3.11423361e-01 -1.80652067e-01
  1.14889368e-02 -1.84014812e-01  9.15537402e-02  1.33314610e-01
 -1.26368567e-01  1.32994533e-01  6.78989068e-02  1.72999613e-02
 -1.58306789e-02 -1.39481246e-01  8.39447081e-02  1.31134257e-01
  1.18348025e-01 -8.02367404e-02  8.79895538e-02 -2.25306004e-01
 -2.28139624e-01 -6.35197246e-03  6.23438172e-02 -1.36110350e-01
  7.12142065e-02  3.30258727e-01 -1.88127130e-01 -1.05082907e-03
  3.14042062e-01  1.50718957e-01  5.52715622e-02 -3.88532393e-02
 -2.53630370e-01 -2.94616044e-01 -4.42310482e-01 -6.22890592e-02
  2.11784527e-01  2.60901332e-01  2.61769325e-01  7.09826946e-02
  1.72813401e-01  4.26753350e-02 -1.61272317e-01  8.95944536e-02
 -6.54606298e-02 -1.76182181e-01  1.27213329e-01  1.12049326e-01
  2.65234634e-02  3.42502594e-01  1.46789864e-01  3.11101794e-01
 -1.80063650e-01 -1.32183908e-02  2.90730856e-02 -1.09754063e-01
 -2.86629707e-01  2.40047649e-01  8.20778534e-02  2.04734996e-01
 -2.85588950e-02  1.91625245e-02 -2.22339287e-01  2.03913152e-01
 -9.17341113e-02 -3.04411463e-02 -5.25187515e-02  2.10967943e-01
 -1.83803603e-01 -7.57211745e-02 -9.20768082e-02  2.66333614e-02
 -2.52214551e-01 -1.21000126e-01 -4.47531879e-01  1.54880881e-01
 -1.03648812e-01  1.46284448e-02 -2.22380266e-01 -3.54163093e-03
 -1.35024088e-02 -1.16597451e-01  2.75331020e-01 -1.45518214e-01
 -6.88229948e-02  1.19081810e-01 -6.61195591e-02 -1.28752202e-01
 -2.96410859e-01 -9.67387035e-02 -6.78863451e-02  9.36279893e-02
 -1.41501814e-01 -1.99791566e-01  2.68325895e-01  1.30718589e-01
  3.20059478e-01 -8.84802938e-02 -8.52607638e-02 -1.92907423e-01
 -1.47804365e-01  1.14957385e-01  1.51021615e-01 -3.51084620e-01
  9.80779827e-02  4.59016114e-02  6.04852214e-02 -6.80681467e-02
 -1.47864819e-01  2.85128981e-01 -1.49176061e-01 -5.05362488e-02
 -7.39534795e-02 -6.04210515e-03 -3.63055170e-01  6.35253489e-02
 -2.94838309e-01 -4.23334807e-01  1.10735126e-01 -2.76605412e-02
 -4.38912725e-03  1.21990182e-02  7.52478023e-04  5.82226366e-02
  2.67568737e-01  3.84651944e-02  1.23839125e-01 -1.85429752e-01
 -1.32599831e-01  3.77711393e-02  1.31810069e-01 -8.20474699e-02
 -2.27508992e-01 -7.78739974e-02  1.33421287e-01  2.71497518e-01
 -5.61801456e-02 -1.71918765e-01  1.79710075e-01 -7.80995861e-02
 -7.76459649e-02 -1.45919606e-01 -1.69353276e-01  1.46414906e-01
  9.08701774e-03 -6.16209246e-02  2.68954989e-02 -1.65356040e-01
  4.82981838e-02 -9.63273495e-02  1.44535735e-01  3.62959415e-01
  2.19617113e-01 -1.96738333e-01 -3.44750971e-01 -4.70989905e-02
 -3.19016399e-03  1.58182561e-01 -2.42343605e-01 -5.13902865e-02
 -2.37352960e-02 -3.03202152e-01  4.56570238e-01 -1.51116952e-01
  1.78451851e-01  6.75390288e-02  1.33746609e-01 -1.14087380e-01
  3.95773258e-03 -2.07803547e-02 -1.52783751e-01 -3.68616849e-01
 -1.24428302e-01  1.14971690e-01 -6.99764788e-02 -1.89862937e-01
  2.13957295e-01 -2.38624841e-01 -5.82954697e-02  3.52919370e-01
 -1.90398812e-01 -5.32390401e-02 -3.80858444e-02 -9.39116403e-02
  1.85080931e-01  1.83489129e-01  1.79039389e-02 -2.74698320e-03
  4.84426804e-02  3.13315272e-01 -5.50880618e-02  4.46435995e-02
  2.48188302e-01 -1.72971964e-01  8.70934948e-02  1.50989324e-01
  2.15577334e-01 -3.11263185e-02  6.41995519e-02 -2.09268019e-01
 -3.73147011e-01  6.56586662e-02  7.27536380e-02  1.43257961e-01
 -2.18365774e-01 -5.16398437e-02 -8.98843706e-02  2.71854065e-02
 -1.35050803e-01  3.76304179e-01 -2.65464306e-01 -1.96555957e-01
  8.15922245e-02 -8.55906960e-03  7.30265602e-02 -2.36980006e-01
 -1.73704267e-01  1.15031853e-01 -1.89529709e-03  6.27221614e-02
 -3.96990441e-02  1.15819678e-01  1.05452761e-01  1.89565510e-01
 -9.01712179e-02  7.90944248e-02  1.62412882e-01 -6.24896921e-02
  1.08299963e-03 -2.08807876e-03  5.77003621e-02  1.27042651e-01
  6.35885447e-02  1.83080390e-01  6.56675026e-02 -5.01836790e-03
  2.72683781e-02  1.79290220e-01  3.37424338e-01 -1.29792526e-01
 -1.49042800e-01 -5.03680948e-03  3.87965702e-02  2.65941583e-02
 -2.04345241e-01 -2.15816185e-01 -7.59383067e-02  4.12399583e-02
  1.24376573e-01 -1.95288181e-01  1.17830217e-01 -6.34777099e-02
 -6.13207519e-02 -2.86287755e-01 -1.83815897e-01  1.03056826e-01
  3.56894374e-01 -3.40771936e-02  2.56541938e-01  3.45004976e-01
  2.67104864e-01 -1.24351010e-01  2.31004372e-01  4.03063864e-01
  3.26630831e-01 -3.18205506e-01  2.37205148e-01  4.89978135e-01
 -4.37849611e-02 -4.53601442e-02 -3.28100771e-01  2.94095576e-01
 -4.58205849e-01 -2.37635121e-01 -2.17394382e-01  2.91077290e-02
 -3.41708839e-01  1.96000680e-01 -2.60654483e-02  2.61586439e-02
  3.08505535e-01  4.92147282e-02  3.00744921e-01 -1.73681632e-01
  2.70540982e-01  1.31011009e-01 -3.44506443e-01 -1.59303501e-01
  3.55170928e-02  1.11816019e-01  1.18769228e-01 -2.34581977e-01
  2.00316042e-01  2.17147619e-01  5.87202199e-02 -1.92376211e-01
  1.35782748e-01 -1.07211150e-01  2.68350244e-01 -3.68441381e-02
  2.68850714e-01  3.12203795e-01  2.33278871e-01 -2.06304774e-01
  2.94699103e-01 -1.55246735e-01 -1.58258200e-01  2.21507907e-01
  4.21672426e-02  7.48877600e-02  1.88325252e-02  1.99093507e-03
 -2.82292455e-01 -9.55026746e-02  4.69378643e-02 -1.33435085e-01
  1.99561492e-01 -1.97298024e-02 -2.35298187e-01  7.85577744e-02
 -1.88809246e-01  1.91622168e-01  8.36125985e-02 -3.14833343e-01
 -1.27096176e-01 -3.79933417e-01 -2.68197749e-02 -1.64218202e-01]