http://erau.edu/ontology/meme.owl#RatMovieRemixesMeme
[-3.85057405e-02 -1.18651628e-01 -6.13441109e-04  1.45153493e-01
  2.34338338e-03 -4.93580289e-02  2.02072844e-01  5.93833365e-02
 -7.61138424e-02 -5.56676500e-02  1.17898872e-02 -7.83842355e-02
 -8.76450837e-02  4.24111933e-02 -1.03109032e-01 -5.02060801e-02
  3.17838490e-02  6.21735044e-02  8.71678740e-02  1.30655110e-01
 -3.00478131e-01  9.18620899e-02  5.44503108e-02 -2.21459106e-01
  6.10778555e-02 -1.49608359e-01 -8.83971602e-02 -1.79758877e-01
  3.54280651e-01  1.11623555e-01  2.89244447e-02  1.45595670e-01
  1.27338663e-01 -1.17644645e-01  2.63373591e-02  2.32511938e-01
  5.47330976e-02  9.64498296e-02  2.77255923e-02 -1.30358055e-01
 -1.24748237e-01  1.24915421e-01 -1.63223624e-01 -6.36796001e-03
  8.21827501e-02  1.33549189e-02  6.68439195e-02  2.63030063e-02
  1.38137281e-01  1.18856676e-01  1.00406893e-01  5.03641106e-02
 -1.21978708e-01 -1.13151945e-01 -3.18689831e-02 -3.42972204e-02
  7.68960565e-02 -5.24492450e-02  8.15607309e-02  2.48938818e-02
 -5.71874678e-02 -1.11572005e-01 -2.74081565e-02 -6.90416321e-02
 -1.35968417e-01 -9.35169775e-03 -5.10224625e-02  2.99699660e-02
 -8.06238726e-02 -8.61748010e-02 -1.56284630e-01  3.42755690e-02
  1.43682212e-01  5.21733090e-02 -2.08273586e-02  1.08606942e-01
  2.03358624e-02  4.77216393e-02  2.88436953e-02 -3.04354355e-02
 -9.08188224e-02 -1.62032932e-01  1.36317005e-02 -5.86822145e-02
 -7.15317354e-02 -1.43394575e-01 -1.70976251e-01  3.06324810e-02
  7.45630488e-02 -3.60539481e-02  3.33231874e-02 -1.80280462e-01
  1.01988865e-02  5.51926950e-03 -2.83043031e-02  7.48279840e-02
 -9.38685760e-02 -7.85832480e-02  1.74370185e-02 -1.16653986e-01
 -3.40738371e-02 -7.45963305e-02  8.41382891e-02 -4.26780200e-03
  1.07314577e-03 -4.01319982e-03  6.69478998e-03 -6.57439828e-02
 -6.57648314e-03 -4.48955083e-03  1.34033218e-01  1.54978363e-02
 -1.28772333e-01 -1.60065308e-01  7.36244470e-02  1.17695816e-01
 -8.49683136e-02  7.80815864e-03  1.20672815e-01  7.74294063e-02
  5.36873527e-02 -5.51265441e-02 -2.56336387e-02 -4.86497171e-02
 -1.83421075e-02 -1.50406763e-01  1.82554081e-01  3.34905670e-03
  1.04374424e-01  2.44028363e-02 -6.33565784e-02  9.42927152e-02
  8.56829584e-02 -1.60930559e-01 -4.65852022e-02  8.33071619e-02
  5.51245138e-02 -5.96657284e-02 -5.33732586e-02  8.69520679e-02
 -2.14638263e-01 -1.16410062e-01  8.48323107e-02  8.33900720e-02
 -1.50372302e-02 -1.66995391e-01  1.04226448e-01 -7.02725425e-02
 -5.30732609e-02  2.37223402e-01 -2.16757096e-02 -7.94043541e-02
 -6.54920787e-02  3.40240188e-02  2.22788528e-02  5.02848662e-02
 -1.21302016e-01  1.77348509e-01  8.61701742e-02 -1.04984455e-02
 -4.43519093e-02 -5.96689694e-02  4.13932167e-02 -9.18237418e-02
 -6.74086735e-02  8.32125321e-02  6.51355321e-03  3.79230045e-02
 -1.87813476e-01  2.09062994e-01 -2.04145182e-02  1.69317409e-01
  1.08324684e-01  9.18810591e-02 -9.07634944e-03 -1.18841574e-01
 -1.23209000e-01 -1.27154529e-01  6.22519217e-02  2.72901282e-02
 -2.38497909e-02  1.67539150e-01 -4.48113792e-02  4.53912467e-02
  9.98684485e-03  1.66543163e-02 -2.99616624e-02  4.41008201e-03
  2.50464320e-01  2.09036395e-02  6.72124401e-02  1.85376555e-02
 -1.54211208e-01 -9.81986299e-02  9.31455195e-03 -1.72077632e-03
  1.28157437e-01  3.07100248e-02 -7.30514824e-02 -7.26745278e-02
  8.58982056e-02  2.45628376e-02  1.15177616e-01 -9.23083946e-02
 -1.75785646e-01 -2.97326982e-01 -4.00526337e-02 -7.18515217e-02
 -5.27703613e-02  8.33823159e-02  2.18459114e-01  1.82522878e-01
  2.17925962e-02 -8.54569823e-02  1.03809260e-01  7.21423468e-03
 -2.69354880e-02 -1.40353039e-01  2.53234915e-02  4.31803055e-02
  1.89842597e-01 -7.58534372e-02 -6.93210140e-02  2.80680545e-02
  1.60113141e-01  8.91731977e-02 -1.06691822e-01 -5.18181510e-02
 -9.64059308e-02  7.17281699e-02  1.43802762e-01  3.83103564e-02
 -2.45716851e-02 -8.16058517e-02  6.96224049e-02  6.61963299e-02
  1.25017464e-02 -1.78466644e-02 -2.95291115e-02  5.96016608e-02
  2.33475640e-02  1.40382173e-02  5.78337722e-02  1.25997029e-02
 -1.81717724e-01  1.11654669e-01 -1.36494473e-01  3.37948464e-02
  2.29061879e-02 -6.88493252e-04 -1.06175039e-02  1.23922620e-02
  7.12132901e-02 -1.04052527e-02  2.72523668e-02 -6.41601384e-02
 -4.50983271e-02 -1.29240919e-02  8.68609771e-02  2.03047623e-03
  9.03446525e-02 -1.63070545e-01  1.98532306e-02 -1.68298129e-02
 -2.19823234e-02 -7.14670643e-02 -1.93667978e-01 -9.52007398e-02
 -2.69015096e-02 -3.90285887e-02 -6.40884489e-02 -2.39626002e-02
  2.99894661e-02  4.76539545e-02  1.52734756e-01 -3.85907106e-02
 -4.90546711e-02 -3.32581624e-02  7.40948021e-02 -5.76543761e-03
  8.43938142e-02  8.74615535e-02  2.36896053e-02 -3.56260613e-02
 -1.26921102e-01 -4.77126539e-02  4.06400822e-02  5.49758822e-02
 -1.31385885e-02 -1.14403687e-01  4.72240224e-02 -6.25079796e-02
 -1.04458198e-01 -2.51462422e-02  7.84072131e-02  2.79968604e-02
  4.90497090e-02 -9.03344899e-02  2.03233622e-02 -8.45703855e-02
 -2.09128961e-01 -1.34151019e-02 -1.66324414e-02  1.05148256e-01
 -1.42487004e-01  3.54238711e-02  9.03427377e-02 -3.55203934e-02
 -8.74843821e-02  9.67326164e-02  1.74842402e-01 -9.18998718e-02
  5.46389893e-02  1.10736035e-01  7.50380829e-02  9.47426781e-02
  9.04276408e-03 -1.37960957e-02  3.02751567e-02 -9.18643475e-02
  1.33653417e-01 -1.56280831e-01 -3.19753885e-02  2.27066696e-01
 -1.31589800e-01 -5.79356141e-02 -1.77014619e-01  1.33270755e-01
 -3.09131034e-02 -3.40391845e-02 -7.21517801e-02 -1.63495652e-02
  5.83160184e-02 -7.57772103e-02 -8.43717754e-02 -1.53958306e-01
 -1.63049367e-03  1.26829654e-01 -1.30527526e-01 -1.82378534e-02
  6.41117766e-02  1.97371505e-02 -1.88351735e-01 -4.88556325e-02
 -9.43804607e-02  8.34611729e-02 -1.50002509e-01  9.24601853e-02
  4.41066083e-03 -1.96941480e-01 -1.24730114e-02  4.54238988e-02
 -1.33107111e-01  2.27418303e-01 -1.21251412e-01 -4.13078628e-02
  3.11134644e-02 -1.18103959e-01  8.46131891e-02 -1.06104091e-02
 -1.18875638e-01  1.60455033e-01 -7.93903917e-02 -8.29387233e-02
  7.04167336e-02 -8.19020122e-02 -6.68394566e-02 -9.65435579e-02
 -2.80942358e-02 -6.71650618e-02  1.63677037e-02 -3.21545545e-03
 -2.02359870e-01  4.73189466e-02  3.19444155e-03 -6.11567199e-02
 -1.84165820e-01  5.57176536e-04  8.33273754e-02  5.07273013e-04
  1.76609233e-02  1.78305224e-01 -1.76876888e-01 -1.85411721e-01
  9.45544541e-02 -1.01648837e-01 -2.35096395e-01  1.29817486e-01
 -1.43205494e-01 -2.14336097e-01 -2.34577265e-02  1.40624106e-01
 -5.74622490e-02  3.38464558e-01 -9.99794528e-02 -2.92262912e-01
  3.55206653e-02  1.65600151e-01  3.98039311e-01 -3.36237438e-02
  3.22440453e-02 -5.69898710e-02  2.58665960e-02 -3.22051138e-01
 -2.11869836e-01  9.98848751e-02  1.10567398e-01  4.19670731e-01
  4.34241667e-02  1.39132977e-01  3.22658233e-02 -1.40092432e-01
 -1.75593242e-01  8.62899981e-03  1.28239468e-01 -4.00035046e-02
 -1.35055359e-03 -8.25080574e-02  2.20525190e-02  9.67225209e-02
  1.55976191e-01  6.47317693e-02 -5.47787845e-02 -2.31745820e-02
 -8.85816813e-02 -1.99994877e-01 -6.17932491e-02  3.10286701e-01
  1.19233564e-01 -2.32478112e-01  6.09383807e-02  2.37216786e-01
  5.10519221e-02 -9.27726924e-02  1.09814227e-01  1.26683518e-01
  3.49396728e-02 -8.88671726e-02  6.27726018e-02  1.70148820e-01
  4.05199230e-02  1.02543429e-01 -9.94209349e-02  2.66085953e-01
 -7.40125328e-02 -3.27389427e-02 -1.69540167e-01 -8.65265541e-03
 -7.60114640e-02  3.54070477e-02  1.35046035e-01 -8.11557919e-02
  1.40469475e-02  2.02630559e-04  9.88791436e-02 -2.01071333e-02
 -2.91968472e-02  1.23288490e-01  9.25616547e-02 -7.80724138e-02
  1.13495417e-01  1.19245999e-01  8.85153264e-02 -3.93612385e-02
  7.18136653e-02  5.87505847e-02  5.37529066e-02 -1.29357457e-01
  1.91639061e-03  3.69932875e-02  9.87754464e-02 -7.80845433e-02
  1.71947032e-01  1.99230090e-01  1.17154688e-01 -2.18871951e-01
  1.07896164e-01 -2.06892744e-01 -8.02457929e-02  2.95870304e-02
  2.25679539e-02  3.33401114e-02  1.45464307e-02  2.11341292e-01
 -9.23908651e-02 -1.88824400e-01  1.97287649e-02 -4.47861403e-02
  2.05618605e-01 -1.87141709e-02 -1.10844918e-01 -4.75269556e-02
  5.16308881e-02 -4.39367630e-03  2.06435040e-01 -1.18996605e-01
 -2.90509760e-02 -1.82018176e-01  4.95531000e-02  1.98923141e-01]