http://erau.edu/ontology/meme.owl#MissHannahMinxMeme
[-1.03080057e-01 -1.41502619e-01  2.71854214e-02 -5.14065027e-02
 -5.36759831e-02  6.71607703e-02  1.69573545e-01  8.28389730e-03
 -4.03450103e-03 -7.83917531e-02  6.14671372e-02 -8.78205448e-02
  6.23958074e-02 -3.21480073e-02  2.48452779e-02 -8.41190480e-03
  2.28119045e-02  7.05206692e-02  8.63635466e-02  6.88108578e-02
 -1.55094936e-01  5.75947128e-02  5.18869758e-02 -8.21496919e-02
  4.47590165e-02  1.49070099e-02 -1.91732533e-02  6.00564480e-03
  1.84496954e-01  4.77246940e-02  1.82097964e-02  8.84955972e-02
 -2.52033304e-02 -9.17793661e-02 -7.82404318e-02  9.96295884e-02
  3.87066975e-02  1.22015439e-01 -9.23039243e-02 -5.10404631e-02
 -2.04957761e-02  1.03792235e-01 -9.20073017e-02 -7.58536309e-02
  4.29625735e-02 -7.28170350e-02  4.66785021e-02  7.12685147e-03
 -2.82142218e-02  4.47056405e-02  2.10230015e-02  1.85985130e-03
 -2.71363687e-02 -1.05554886e-01 -9.79336575e-02  9.42169968e-03
  8.98923203e-02 -2.06328388e-02  1.90754056e-01  2.86487956e-02
 -6.44772723e-02  2.30893940e-02  4.56869118e-02  3.46980765e-02
 -1.46370173e-01 -7.39272451e-03  9.15268213e-02 -1.87614821e-02
 -7.95363635e-02 -7.47359768e-02 -8.91318396e-02  1.04300849e-01
  1.05571836e-01  1.90040823e-02  2.31467504e-02  1.35588288e-01
 -3.63448821e-02  5.26030548e-02  1.42625749e-01  1.06886506e-01
 -7.80022293e-02 -9.96081457e-02 -1.03615098e-01 -2.44473666e-01
 -1.09269042e-02 -1.20128840e-01 -1.14439912e-01  1.40508264e-01
  3.60763003e-03 -5.81106078e-03  4.45444100e-02 -1.84810400e-01
  1.61399931e-01 -9.34564695e-02 -8.67269412e-02  4.25580628e-02
 -2.37108525e-02  3.23278196e-02  8.41081794e-03 -6.33167848e-02
  1.07475601e-01  1.61250699e-02  2.21169084e-01 -7.88620487e-02
  5.16853817e-02  6.08305112e-02  4.21074666e-02  5.20374104e-02
  4.05066423e-02  3.54732275e-02  2.39328910e-02  3.37879397e-02
 -1.33876845e-01 -9.50427204e-02  1.45388842e-01  7.00577274e-02
 -1.79278493e-01 -1.83981583e-01  8.79615545e-02  1.67489454e-01
  7.15900660e-02  3.34007181e-02 -9.31447074e-02 -1.37324650e-02
  5.15543334e-02 -7.44335279e-02  4.22808379e-02  6.46193326e-02
  2.67860219e-02  7.34529942e-02 -2.44967461e-01 -4.09631319e-02
  8.04376155e-02 -2.93036029e-02 -7.39369318e-02  9.83397216e-02
 -9.85665023e-02 -6.12679124e-02 -6.65651187e-02  1.40550569e-01
 -2.23731488e-01 -8.17149207e-02  3.19999014e-03  5.14119044e-02
  1.34717733e-01 -1.61333069e-01  1.16028115e-01 -1.62288383e-01
  5.88662066e-02  1.24305665e-01 -3.31076607e-02 -5.29604778e-02
  3.98628553e-03  4.31154184e-02 -9.97488275e-02  9.18970332e-02
 -1.06074698e-01  1.34837672e-01  5.06577035e-03 -1.03955477e-01
  1.21075206e-01 -5.42394109e-02 -9.32383165e-03  2.76790708e-02
 -1.86955228e-01 -2.02061757e-01  4.50448096e-02  1.27169609e-01
 -2.78379977e-01  1.39063746e-01 -3.10386866e-02  1.23043753e-01
  1.78827375e-01  1.22238226e-01  8.68474785e-03 -2.30880883e-02
 -8.41517672e-02 -7.75327720e-03  1.37949362e-01  9.61112231e-02
 -1.86521169e-02  5.51882870e-02 -3.08137224e-03  1.21734133e-02
 -9.09569561e-02  3.50212343e-02 -7.72182364e-03 -6.74263109e-03
  2.02420682e-01 -9.06381309e-02 -3.71040665e-02 -1.91323739e-03
 -1.88047066e-01 -3.98160852e-02 -2.67848019e-02  1.04337983e-01
  7.32744038e-02  2.14668900e-01 -4.11027186e-02 -3.92930508e-02
 -5.78237884e-03  5.92315104e-03  1.17849685e-01 -2.57576536e-03
 -1.08357109e-02 -1.47060439e-01 -7.13024801e-03  1.79633647e-02
  4.36125807e-02  9.91886929e-02  2.02210441e-01  6.39491454e-02
  1.89961791e-02 -2.77244821e-02  2.13586017e-02  7.44697228e-02
 -1.38942823e-01  6.64288737e-03  2.67429054e-02  1.51000336e-01
  2.04876676e-01  6.52993619e-02 -9.83825028e-02  6.22238442e-02
 -2.52617709e-03  1.28066503e-02 -1.40242308e-01 -5.76560199e-02
  3.52712758e-02 -6.17695926e-03  2.11741738e-02  7.67058283e-02
 -7.48276114e-02  3.97583768e-02  2.45883167e-02  1.00716107e-01
 -9.77635384e-02 -1.15735315e-01  1.25158668e-01 -7.25528821e-02
 -6.07329160e-02 -8.27312097e-03 -8.13944917e-03 -3.29032131e-02
 -1.20005108e-01 -5.74447364e-02 -9.44010168e-02 -1.47393733e-01
 -6.02255501e-02 -8.09330493e-02  8.85302480e-03 -2.46802252e-02
  1.78938404e-01 -5.72044030e-03  9.68970209e-02  1.19225560e-02
 -9.69167352e-02  2.08999845e-04  8.70385394e-03 -8.39211941e-02
 -1.29540125e-02 -1.17060319e-01 -5.21119274e-02 -1.40958801e-01
 -2.03929897e-02 -2.60648102e-01  1.47288302e-02 -1.24558220e-02
  1.17694952e-01 -4.29179743e-02 -3.72059084e-02  1.41691957e-02
 -1.45977959e-02  7.31352717e-02  1.28668368e-01 -2.27318965e-02
  9.73837897e-02  3.17842960e-02 -1.63102731e-01 -8.59682709e-02
  1.49314806e-01  1.05465263e-01  3.67648154e-02 -8.96050781e-02
 -2.01103672e-01 -2.42191134e-03 -4.39684503e-02  3.93418930e-02
 -1.87086165e-02 -3.68187241e-02  8.51442069e-02 -1.56060547e-01
 -7.79523551e-02  2.85518798e-03  6.44598678e-02 -4.19140644e-02
  1.41330361e-01  2.67491173e-02 -8.05245936e-02 -1.30606353e-01
 -2.22305745e-01  3.56543027e-02  6.05376251e-02  3.88962589e-02
  1.49473464e-02 -7.71090575e-03  1.83008611e-01 -1.21712452e-02
  1.30734928e-02 -2.50845347e-02  1.91125274e-01 -1.70407623e-01
 -4.68662530e-02  4.82117347e-02 -6.92425743e-02  4.73357067e-02
 -5.56177720e-02 -9.48448628e-02  7.39423335e-02 -6.36308119e-02
  2.46787407e-02 -1.39269844e-01  8.15686584e-02  1.44758061e-01
  5.45239821e-02 -2.12026350e-02 -4.07860503e-02 -2.08440721e-02
  6.11063652e-02 -1.92756783e-02 -1.19829802e-02 -3.61651443e-02
 -8.75546411e-03 -1.23190947e-01 -4.71765641e-03 -2.75762051e-01
  1.21531121e-01  4.53444868e-02  3.89341637e-02  2.49437541e-02
  1.52302291e-02  1.22451201e-01 -6.84806204e-04  2.06911527e-02
 -4.98165190e-02  1.21376151e-02 -3.96566615e-02  1.84544679e-02
 -3.95584069e-02 -8.60018134e-02 -7.13673085e-02 -4.70443629e-03
 -9.34956819e-02  1.85876206e-01 -1.26666173e-01  1.38251320e-01
  1.15476530e-02 -1.31962165e-01  2.00963274e-01 -3.26737724e-02
 -1.36412665e-01  1.26291350e-01  1.84858516e-02 -6.03371896e-02
  3.58933769e-02  2.39384193e-02 -6.44970685e-02  1.10616706e-01
 -4.11089398e-02  2.02516038e-02 -5.12099601e-02  4.31456428e-04
 -1.44952312e-01  6.02188967e-02  7.85006285e-02 -6.00316487e-02
  3.22833620e-02  4.87598218e-03 -1.36574000e-01 -8.39522779e-02
  8.91410783e-02  8.36575106e-02 -9.36736241e-02 -3.97864245e-02
  6.05334565e-02 -5.72182946e-02 -4.85966243e-02  1.05899930e-01
 -1.52936667e-01 -7.00548515e-02  2.58836653e-02  8.38064030e-02
 -4.80430797e-02  1.76918954e-01 -2.48514879e-02 -1.00959279e-01
  3.04474216e-02 -5.82711678e-03  3.17863971e-02 -5.24075776e-02
 -5.46609238e-02 -2.01497734e-01  6.43181205e-02 -1.25514880e-01
 -1.99642777e-02 -2.86531970e-02 -7.38666281e-02  2.17721000e-01
  2.58219298e-02  5.29293418e-02  1.03668556e-01 -5.62036857e-02
 -1.72470972e-01 -3.30149829e-02 -1.62097499e-01  4.69945893e-02
 -3.56805995e-02  1.64136216e-02 -7.79746426e-03 -3.18880193e-03
  1.07876159e-01  7.97954574e-02 -1.95691288e-01  4.94120941e-02
  3.73300873e-02 -1.14631765e-01 -4.10493538e-02  7.27050826e-02
 -1.95805002e-02 -2.90150587e-02  2.65760720e-02  1.52117968e-01
 -2.20051355e-04 -1.40540689e-01  1.02453403e-01  1.82686165e-01
  3.82035598e-02 -8.51626992e-02 -4.67107184e-02  1.06763229e-01
  6.83133453e-02  4.03131768e-02 -9.45757627e-02  2.31722653e-01
 -1.41234979e-01 -9.09691155e-02 -1.94804296e-01 -4.23460491e-02
 -2.79923826e-02  3.06811407e-02  1.17854521e-01  9.31224078e-02
  6.91516101e-02 -3.48790102e-02  1.19996183e-01  8.00386295e-02
  3.91967148e-02 -1.55030088e-02  8.36632177e-02 -5.05804382e-02
  1.50145397e-01  9.12469700e-02  7.21671954e-02 -1.77923650e-01
 -5.40759321e-03  1.54149219e-01 -7.61297494e-02 -1.61571279e-01
 -1.10389471e-01  1.67605318e-02  1.47320107e-01  3.18369046e-02
  2.21822545e-01  1.63132533e-01  1.77691542e-02 -9.07858387e-02
  1.82299837e-01 -1.53839558e-01 -4.12718654e-02  1.05415709e-01
 -5.32411411e-02  6.08420856e-02 -1.16442978e-01  1.60292208e-01
 -4.64054383e-02 -1.52189717e-01 -3.29904146e-02  4.58355471e-02
  8.08084086e-02  1.58967361e-01  1.26619115e-02  1.83053743e-02
  5.96432276e-02  4.15128283e-02  7.81243891e-02  2.80906446e-02
 -1.67465839e-03 -9.69276577e-02  1.82829089e-02 -2.24064905e-02]