http://erau.edu/ontology/meme.owl#EarthchanMeme
[-0.14946426 -0.09371245  0.10791218  0.02951372 -0.09152611  0.05139671
  0.12584428  0.2426539  -0.00597976 -0.13344684  0.10296148  0.03302767
 -0.00645957 -0.1640876  -0.05065975  0.03824935  0.23325668  0.05012514
  0.07066932  0.09251931 -0.37797242  0.00834324  0.20160627 -0.08653945
  0.3444964  -0.14520195  0.02422449 -0.10903738  0.46531698  0.29827774
  0.22687168  0.1364978   0.07035702 -0.21730065  0.01804086  0.16896689
 -0.08567557  0.2550859  -0.05595987 -0.16463627  0.08921138  0.31056896
 -0.21417539  0.00622498  0.07617144  0.04315989 -0.07541253 -0.06723454
  0.02665416  0.02714374  0.02905896  0.01983971 -0.04425438 -0.07324218
 -0.25693664 -0.10648621  0.23867889 -0.07013801  0.28768656  0.09435271
  0.05900503 -0.03113228  0.23221286  0.05611578 -0.11026096 -0.07265998
  0.19884276  0.03578528 -0.14979753 -0.05581111  0.04777273  0.13850877
  0.2398154  -0.00708042  0.08332679  0.09022957 -0.08894968  0.17771688
  0.15939075  0.1257545  -0.04231797 -0.14579111  0.01759576 -0.12005237
  0.15376557 -0.04325252 -0.13576193  0.09015752  0.04919305 -0.0442557
  0.02649269 -0.20204301  0.01879069 -0.15080717 -0.09369592  0.0454261
 -0.00551988 -0.07757142 -0.02995199 -0.24364506  0.19633102 -0.01469207
  0.20281681 -0.18333003 -0.10546744  0.01237469  0.11734943 -0.01513311
 -0.04016408  0.03593021 -0.04204115 -0.04788447 -0.21185347 -0.12471355
 -0.02149932 -0.01285543 -0.34130275 -0.19950126 -0.04573678  0.0639355
 -0.02028868 -0.06034226 -0.1871015   0.19544813  0.19342245 -0.3539342
 -0.07451291 -0.04210679  0.08045051  0.12561035 -0.30075663 -0.08753923
 -0.06710834 -0.06737974 -0.13431719  0.1765138  -0.02717806 -0.13147567
 -0.1893837  -0.04578343 -0.27268782  0.05964046  0.13180698  0.05113753
  0.32683745 -0.32025108  0.14046411 -0.12410665 -0.07259225  0.13988845
  0.06222731 -0.12709013 -0.06258789  0.11234819 -0.08218855  0.0863566
 -0.09729429  0.11923177  0.09249876 -0.14372669 -0.02036512 -0.00817088
  0.15114267  0.04523079 -0.31703672 -0.30589238 -0.07053156  0.01352633
 -0.33636323  0.23460445  0.06782601  0.23828603  0.22031847  0.12688366
  0.13723348 -0.02274033 -0.15515599 -0.03063     0.05488146 -0.00511815
 -0.13903765  0.03289845  0.06583965  0.0383004  -0.18174179  0.03058801
  0.25983143  0.04125698  0.14945349 -0.09653703  0.01407411 -0.06578918
 -0.13123906 -0.06320717 -0.008615   -0.08338321 -0.04518674  0.03707091
 -0.128724   -0.02253915 -0.1178463   0.00653509 -0.07296814  0.05345316
  0.10420416 -0.380608    0.06084106 -0.10918783  0.22564049  0.21211678
  0.3203949   0.0149464  -0.05176155 -0.1017801   0.09283127 -0.03180911
 -0.12497219 -0.1097645   0.20235957  0.18467052  0.24826978  0.17371221
 -0.16224672  0.03125323 -0.02058804 -0.06440382 -0.16618676 -0.01987193
  0.02356743 -0.06326583  0.11030331  0.07826915 -0.16282879 -0.2460299
 -0.13586767 -0.07823793 -0.18416323 -0.05685732 -0.00396453 -0.17643236
  0.03061533 -0.03142587  0.03878787 -0.15071341 -0.2506625  -0.00810612
 -0.03704283 -0.07078245 -0.05712252  0.13253276  0.17251535  0.02505318
  0.06582189  0.07615948  0.09864017  0.054327   -0.15948862  0.00125328
  0.03524305  0.02581091 -0.12287394 -0.01171421  0.02249167 -0.14761835
 -0.14455391 -0.12412076 -0.07470411  0.05376151 -0.01162767 -0.11894308
 -0.02642661 -0.026905   -0.02279451  0.03497849  0.14211029  0.04591233
  0.04470254 -0.02382941  0.07931823  0.00974669  0.14078045  0.25334984
 -0.07782115 -0.05777339 -0.17400591 -0.11922091 -0.0179991  -0.01722424
  0.06799674 -0.03027949  0.06010717 -0.23036689 -0.11141683 -0.17997843
  0.00632992 -0.04621083  0.08889927  0.01660205 -0.14676046 -0.01071009
 -0.13835528  0.10659465 -0.0190706   0.13362302 -0.02392271 -0.06373283
  0.16697882 -0.16945848 -0.1198937   0.05840451  0.33961987 -0.17863773
  0.06334957  0.04206615 -0.11037826 -0.03669151  0.01854802  0.21530704
  0.09334815 -0.07049881  0.01037777 -0.09023073  0.1774989   0.20602994
  0.0153653   0.07466108  0.02195038  0.14316739  0.15580374 -0.09916518
  0.04108853 -0.08448634 -0.07617812 -0.01771974 -0.23075706 -0.31016085
  0.06523967  0.10469443  0.04028586  0.07793345 -0.04328154  0.23088813
 -0.11900575  0.06536821 -0.17060351  0.03877453 -0.07869601  0.21756363
 -0.08534389  0.06909573  0.0381929  -0.04264627  0.00983436  0.15736756
 -0.15659949  0.0580673  -0.05300102 -0.00227895  0.23298328 -0.19101475
 -0.15925968  0.07324033  0.0708859   0.08018258 -0.15806691  0.16211025
 -0.2667979   0.02866067 -0.10947111 -0.02722836 -0.07996803 -0.06546056
 -0.17650512  0.2183716  -0.00890154 -0.12315381 -0.10624667  0.15814099
  0.04642718  0.05634116  0.01740933  0.06088606  0.00710132 -0.0875635
 -0.04810232 -0.11726081 -0.18707961  0.19624804  0.07262915 -0.1683634
  0.01839615  0.00646964 -0.0364051   0.16814    -0.0328654  -0.39510787
  0.08211074 -0.08127265  0.35651788 -0.02154851 -0.08906368 -0.22809553
 -0.06259292 -0.273601   -0.2599902  -0.09944237 -0.02485823  0.38823542
  0.19869143  0.04070343 -0.03826226 -0.12514882 -0.29882726 -0.10108747
 -0.03871653  0.2286718  -0.12642352 -0.0278082  -0.00337354  0.126843
  0.24856322  0.05857125 -0.16240388 -0.02964175  0.1847937  -0.02565785
  0.0593559   0.15895858  0.06846032  0.03814512  0.01987651  0.11343469
  0.07960647 -0.15432091  0.3004444   0.13582128  0.0922659   0.04300025
  0.02631959 -0.03283057  0.07867279  0.18996389 -0.1591329   0.26802632
 -0.19914591  0.0413186  -0.17085202 -0.18436211 -0.01011527  0.03264437
  0.11174643  0.21736369  0.12648138 -0.09037397  0.30428344 -0.0074976
  0.20432752 -0.03216663  0.2540085   0.0231968   0.30506197  0.09947798
  0.20846806 -0.02774091 -0.10105259  0.11367653  0.0631546  -0.15703918
 -0.02724354  0.08116273  0.1587926   0.0365071   0.27518874  0.1184149
 -0.04208204 -0.0887141   0.15181403 -0.20067115 -0.1465087   0.16351096
 -0.09701854 -0.03787123 -0.04430216  0.33205554 -0.02722818 -0.21594493
 -0.10621324 -0.02061439  0.09241531  0.05601808 -0.0592804   0.05160322
  0.04856402  0.01348482  0.07945786  0.16931191  0.07271922  0.01499267
  0.02283138  0.03847237]