http://erau.edu/ontology/meme.owl#AutisticScreechingMeme
[-0.13501233 -0.1383859   0.04526519  0.06520101 -0.06363788  0.09070065
  0.05891707  0.05846776  0.00850332 -0.01534344  0.0941272  -0.04356866
 -0.03304595 -0.08134693 -0.09875479  0.08416571  0.07532627  0.05272489
  0.06372533  0.04767238 -0.06564458 -0.02931183  0.05514078 -0.02778233
  0.1782647  -0.05310581 -0.01240528 -0.05160926  0.24161106  0.2591798
  0.09565382  0.06776571  0.02010285 -0.00537784 -0.01920143  0.06219925
 -0.04092615 -0.00201342 -0.05487177 -0.06585097  0.11496995  0.14480646
 -0.09358283  0.14448135  0.09193537 -0.05409759 -0.00881713 -0.09587613
 -0.01530381 -0.00850555 -0.02394873  0.01601229 -0.03520006 -0.13385004
 -0.13040863  0.00046452  0.06457377 -0.02525227  0.18286704  0.12320711
  0.02216835  0.01235408  0.12850514  0.07008897 -0.10252654 -0.10867273
  0.09090483  0.02812944 -0.04679667 -0.11965243 -0.13363679 -0.03063541
  0.06035443 -0.03401584  0.02569529  0.0448217  -0.07589124 -0.01557919
  0.08422051  0.02147794 -0.08974931 -0.11009887 -0.01420951 -0.08473545
  0.1810387  -0.07835431 -0.08731864  0.0711204   0.03059001  0.01665362
 -0.03271381 -0.14589776  0.03863032 -0.10457176 -0.10833883  0.09737734
 -0.01665051  0.02508442 -0.05384655 -0.11703389  0.10890985  0.07010035
  0.29479215 -0.13071804  0.0342056   0.09091935  0.13481691 -0.13626559
 -0.08794296 -0.05327218  0.01615538  0.05949971 -0.0980576  -0.04302686
  0.08358965  0.01372566 -0.27534312 -0.22168265 -0.04174713 -0.02883558
 -0.09138041 -0.05170386 -0.02942931  0.11704241  0.12110912 -0.09872284
 -0.02903267 -0.05360923  0.05987696  0.02953976 -0.27734995 -0.03401342
 -0.09234055 -0.0457527  -0.1618053   0.07935394 -0.01920041 -0.11302429
 -0.22498284  0.02811053 -0.29433656  0.05087158  0.1148439  -0.05780479
  0.27745575 -0.17285962 -0.00072076 -0.07453528 -0.10635776  0.09849592
 -0.01715843 -0.15877543 -0.04122162  0.10738455  0.07932252  0.1544539
 -0.21899758  0.13001063  0.06380363 -0.08398578  0.09314413 -0.07459099
  0.05585851 -0.04039908 -0.17985865 -0.12299068 -0.09072968  0.18045864
 -0.35039893  0.17305696  0.04699629  0.19922699  0.13554046  0.0891888
 -0.02125587 -0.00399655 -0.11279555  0.0126857   0.05026808 -0.06514644
 -0.04523577  0.14100063 -0.01037924  0.0510964  -0.1134117   0.03259752
  0.15703288  0.04264718  0.14199668 -0.04235661  0.06133033 -0.00243003
 -0.15434223 -0.08940151  0.02464113 -0.06385185 -0.05670445  0.14593962
 -0.00195532 -0.07353382 -0.08469963 -0.08946592  0.06687793 -0.05994385
 -0.03505823 -0.26869595  0.04560282 -0.09661581  0.02732407  0.14834946
  0.26218572  0.16634785 -0.02241089 -0.02994496  0.04641836  0.03150813
 -0.09661091 -0.09356008  0.15433072  0.06891628  0.13439459  0.08081459
 -0.13324477 -0.01897694  0.04957778 -0.05999605 -0.11865317  0.0526313
 -0.1005283   0.02651241  0.03903076  0.03865669 -0.03528977 -0.21454793
 -0.05561441 -0.05156571 -0.146081   -0.08629136  0.00420943 -0.13933696
  0.01367222 -0.01299485  0.0228716  -0.06328676 -0.31242487 -0.02916024
 -0.11111654  0.00709076 -0.05534166  0.06225556  0.08951227  0.03800417
  0.1544856   0.05527771  0.17594025 -0.03761809 -0.16083801 -0.04084684
 -0.04975347  0.1248306  -0.11488631 -0.06071381  0.00876099 -0.20342971
 -0.0857785  -0.15213682 -0.08048084  0.07160167  0.04091996 -0.1391298
 -0.06889047 -0.11033311 -0.10374618  0.02475618 -0.00285949  0.01205934
  0.08633455 -0.03111667 -0.01284325  0.06020723  0.16193363  0.07358591
 -0.05796418 -0.12549    -0.22430822  0.04811139 -0.05626774 -0.01870072
  0.00250673 -0.00655687  0.05054852 -0.12989499  0.0218188  -0.02539065
  0.00613637 -0.04178972  0.03447107  0.0414563  -0.22990121 -0.03138969
 -0.20570567  0.08655903 -0.02223598  0.07907858  0.07981583  0.00314027
  0.06561442 -0.05311027 -0.07535744  0.08193751  0.26738605 -0.10254637
 -0.01098354  0.03116093 -0.04684318  0.00328015 -0.01980007  0.04647959
 -0.01466532  0.00719016  0.08899386 -0.09556533  0.18956271  0.03895181
 -0.06314726  0.0554254  -0.01886432  0.01501936  0.1206199   0.01464759
  0.09446856  0.02961132  0.04482097 -0.11471234 -0.0982598  -0.16719157
  0.05371828  0.05706317 -0.0516885   0.05652547 -0.00579153  0.16330428
 -0.07902422 -0.01843773 -0.13089238 -0.05385377 -0.03277071  0.2521742
 -0.04812138 -0.09268673 -0.06973323  0.02626428 -0.03503678  0.18517469
 -0.07226259  0.1187237  -0.01866639 -0.00122646  0.2325134  -0.09222955
 -0.06987061  0.10460621  0.02062903  0.01403264 -0.05217878  0.07011828
 -0.14121266  0.03103727 -0.04875102  0.06287161 -0.03068207 -0.014378
 -0.22903262  0.131731    0.02939102 -0.109171   -0.00660575  0.03365544
 -0.03020554 -0.05870898  0.20534773  0.16518062 -0.05904341 -0.10270717
  0.06519762 -0.09023741 -0.13839987  0.1406952  -0.00653008 -0.18277425
 -0.03082247  0.04983796  0.00484123  0.18385372 -0.10324077 -0.26442292
  0.07710822  0.06270874  0.24952067 -0.0489933  -0.08018839 -0.09546763
 -0.07542927 -0.31333047 -0.10250656 -0.03519404  0.02169666  0.30978605
  0.12481681  0.03382665  0.10388017 -0.21901791 -0.1481984   0.00294066
 -0.07842556  0.14486296 -0.12426417 -0.05023266 -0.04908892  0.13132966
  0.05859585  0.01852549 -0.29799062 -0.05507575  0.0410515  -0.12965065
  0.04633149  0.11862105  0.12551837  0.00985695  0.02624083  0.20141691
  0.09269595 -0.16446936  0.133944    0.10139957 -0.04090888  0.01976317
 -0.06210779  0.08608633  0.18788499 -0.01277613  0.01958546  0.31369075
 -0.21929114 -0.03577007 -0.17050384 -0.19662516 -0.03717037  0.05821858
  0.04606545  0.16919053  0.03039044  0.01433661  0.22961159 -0.02429477
  0.10357446  0.06579841  0.15711704 -0.0286961   0.18209518  0.10246778
  0.10608886 -0.02751645 -0.10947131  0.03482356 -0.04571862 -0.07662586
 -0.06496488  0.08720838  0.06969107  0.00887638  0.13730557 -0.01177487
  0.00722089 -0.05459144  0.05669535 -0.11598717 -0.05953666  0.10382731
 -0.13943236 -0.02519506 -0.04664169  0.31357166 -0.05681982 -0.18199344
  0.033137   -0.0676384   0.09910554  0.04509737 -0.14095466 -0.05327933
  0.11252609 -0.01265174 -0.00543735  0.06324636 -0.02535645  0.00656878
  0.15136647  0.13159433]