http://erau.edu/ontology/meme.owl#SomeoneWhoIsGoodAtTheEconomyPleaseHelpMeMeme
[-0.18273781 -0.14010137  0.07216185  0.01253109 -0.00683065  0.15276442
  0.11496809  0.21146894  0.04001572 -0.0127901   0.11676504 -0.07073852
  0.03229829 -0.01453055 -0.05641222  0.07576318  0.06323952  0.06784014
  0.06422335  0.1213506  -0.35227364  0.0229038   0.13807182  0.00664025
  0.22820286 -0.04595593  0.03447525 -0.08459903  0.2191202   0.21179156
  0.13747162  0.12680756  0.023791   -0.07865653  0.03489574  0.078451
 -0.05062786 -0.03116451 -0.1022633  -0.22491762  0.0407865   0.09232717
 -0.02819953 -0.04479932  0.03761757 -0.00242488  0.02105534 -0.0821051
  0.02170699 -0.00128751  0.10238618 -0.0417153   0.01571383 -0.02605552
 -0.14315078 -0.04197965  0.01157793  0.11077023  0.05717754  0.07226632
  0.00608014 -0.03662292  0.15143213  0.01953165 -0.06464747 -0.04315803
  0.0629328   0.01008047 -0.0283397  -0.13053684 -0.07914175  0.16780493
  0.10855064  0.00598727  0.05464879  0.08540323 -0.07844318  0.01021274
  0.08471148  0.0351033  -0.0436791  -0.08656054 -0.04855541 -0.13765714
  0.03555558 -0.07594182 -0.11411734  0.14130765  0.14895485 -0.09914909
 -0.04435825 -0.24740323  0.07923849 -0.01646103 -0.16883408  0.05025918
 -0.13298176 -0.04417334 -0.09265386 -0.02280687  0.16068508 -0.04995844
  0.31208822 -0.03415465 -0.0801125   0.06989948  0.10576676  0.05850403
  0.0343021  -0.12797633 -0.02088415  0.00218881 -0.03254814 -0.09866983
  0.13461001  0.05710737 -0.2299758  -0.15803893  0.03486286 -0.02547574
  0.0955202  -0.1285614  -0.09585617  0.09381548  0.01079246 -0.17786172
 -0.04692678  0.00253856  0.00225532 -0.06637221 -0.17237552 -0.08905453
 -0.10893146 -0.03574885 -0.05348512  0.08349311 -0.15182596 -0.08854516
 -0.05072472 -0.02043706 -0.2666665  -0.0412052   0.10041936  0.05921488
  0.17874873 -0.14680047  0.09246126 -0.1530362  -0.11754778  0.04554162
 -0.07969146 -0.07978612 -0.08025949  0.00562823 -0.04245693  0.06258803
 -0.09280185  0.24573742  0.02782993 -0.19913693  0.15895772 -0.15578523
 -0.00445924  0.0042375  -0.21242839 -0.29672715 -0.10499834  0.1614199
 -0.20333336  0.17617175 -0.03706383  0.17464416  0.25047594  0.08825547
 -0.13063174 -0.02041811 -0.04042095 -0.06263904  0.05558253  0.07050795
 -0.07501997  0.04777409 -0.01747167 -0.00497869 -0.03330012 -0.09231946
  0.0495181   0.0554725   0.0968712  -0.07683429  0.02108312  0.05794575
 -0.09024521 -0.05951163 -0.01320439 -0.01926832 -0.06301899  0.1312829
 -0.0343707  -0.01916749 -0.13058837  0.00840268 -0.10046504 -0.00760948
  0.05487549 -0.2715458  -0.01324922 -0.14184302  0.07116372  0.05573555
  0.28133494  0.12339325  0.01729926 -0.17954826  0.11472821  0.02562735
 -0.0872677  -0.12292737  0.12086394  0.10064511  0.22675778  0.06002277
 -0.07150412 -0.09132615  0.00583908 -0.05269158 -0.17040065 -0.05005484
 -0.06545866 -0.00072017 -0.00404027  0.06655663 -0.08085928 -0.061862
  0.05189498 -0.0544567   0.01354658  0.01638826  0.16366968 -0.07581665
  0.06206604  0.0596658   0.013033    0.03589647 -0.21900453 -0.0302715
 -0.11957081 -0.06621261 -0.15071686  0.10479189  0.05891794  0.08976236
  0.09140449  0.08128317  0.1585213  -0.04418564 -0.12133004 -0.06441597
 -0.12924884  0.01778769 -0.1782807  -0.12416985  0.04034946 -0.16869733
 -0.01547009 -0.16663097  0.13660173  0.05587862  0.05706921  0.04009058
  0.05647133  0.06625853  0.02332249  0.04019978  0.11959452 -0.06244577
  0.1011399  -0.06066307 -0.05620998 -0.04384264  0.09964126  0.15903156
 -0.10234172 -0.0935692  -0.06763141 -0.02864178 -0.06462035  0.02004557
  0.08545142 -0.06139705  0.05305585 -0.04021065  0.09589086 -0.10247853
  0.03753299 -0.03495475  0.09878948  0.07858986 -0.01855464 -0.11337461
 -0.10015842  0.02202559 -0.00474724  0.01651504  0.11061755 -0.0037346
  0.16777803 -0.02686068 -0.02677185 -0.04871441  0.09949093 -0.2084351
 -0.02752628 -0.03502004 -0.0515354  -0.04235349  0.01816935  0.06374834
 -0.03015639 -0.02756505 -0.04169216 -0.07409749  0.04595108  0.09511375
  0.00913008  0.10369156 -0.060773   -0.03811522  0.17923824  0.02807529
  0.02408162 -0.03948275  0.09496476 -0.01463592 -0.11165719 -0.23674276
  0.0213841   0.16317132 -0.10309853 -0.02646191 -0.01076332  0.11696958
 -0.04287822  0.05674903 -0.15890001  0.08292551  0.08534547  0.10916731
 -0.00885124 -0.06031843 -0.02666484  0.17444721 -0.04275698  0.0721309
 -0.19563216  0.0129247   0.01355902 -0.16018154  0.11929286 -0.1056403
 -0.11940493  0.12379754  0.04356657  0.08129294 -0.00444145 -0.06684576
 -0.15937077  0.09214582 -0.06390282  0.03005774 -0.09302659 -0.01095361
 -0.29231864  0.10018504  0.01939461 -0.03094311 -0.09576806  0.01604694
 -0.07327377 -0.07513162  0.13739562  0.22159709  0.01153295 -0.08206943
  0.1653568  -0.07658608 -0.1600505   0.19996297 -0.11062585 -0.16270444
  0.07087428  0.09483881 -0.05532482  0.24372965  0.10897876 -0.18841843
  0.07450068  0.03958718  0.26111427 -0.1460029  -0.23448727 -0.26370302
  0.01258248 -0.13762762 -0.11278556  0.03676605 -0.08755697  0.29538876
  0.17172332  0.04836074  0.12687662 -0.11987185 -0.11012657 -0.05791994
 -0.05971956  0.06388938 -0.14248493 -0.06439998  0.05447759  0.15853079
  0.10020291 -0.02744473 -0.2066581  -0.03825793  0.05195528 -0.18741019
  0.0816952   0.09445558  0.0164436  -0.10037207  0.14052244  0.19701257
  0.08233786 -0.02263909  0.09430721  0.2551165  -0.06819394 -0.12417308
 -0.02791364  0.17393015  0.00795217  0.0383477  -0.08089022  0.19526649
 -0.23504113 -0.13023879 -0.20269385 -0.22504179 -0.06230597 -0.02515576
  0.01125607  0.18515238  0.17809695 -0.08077168  0.2043972  -0.06690097
  0.12818603 -0.01593783  0.05015486 -0.01234882  0.20691212  0.00286154
  0.15937513 -0.0042664   0.06069792  0.1314976  -0.04488363 -0.06631063
 -0.07253417  0.01582289  0.18328732  0.01464892  0.10225344  0.04546509
 -0.04219002 -0.08167898  0.13650344 -0.2554734  -0.10753994  0.1651586
 -0.01202726 -0.08356583  0.07365282  0.2726119  -0.11104094 -0.11228959
 -0.01674847 -0.05837852  0.1470723   0.04372862 -0.05640965 -0.03598346
  0.05302651  0.00740673  0.17221548  0.0561131  -0.02982692 -0.01406595
  0.09439309  0.02035794]