http://erau.edu/ontology/meme.owl#TuckerCarlsonMeme
[-3.38617638e-02 -9.57994238e-02  1.08381212e-02  1.21021047e-02
 -1.54155679e-03  2.89156046e-02  6.20912015e-02  1.63002685e-02
  2.97292583e-02 -1.10531151e-01  9.41219032e-02 -4.32061590e-02
  5.89226780e-04 -1.42378677e-02 -4.00562845e-02 -9.04798433e-02
  7.88519755e-02  6.60143886e-03  3.94081976e-03  3.23383533e-03
 -1.74782887e-01  1.57169670e-01  4.96075340e-02 -1.38774067e-01
  7.16333762e-02 -3.88556384e-02 -4.58255261e-02 -8.88262913e-02
  1.86561838e-01  5.02185412e-02  1.25387728e-01  1.26934007e-01
 -1.29295914e-02 -6.58844188e-02 -7.96868056e-02  1.88449457e-01
  5.04143536e-02  1.57600045e-01  1.18968235e-02 -9.68981832e-02
 -1.26582421e-02  2.09696740e-01 -1.68563232e-01 -4.21013199e-02
  1.09051794e-01 -1.86418295e-02  8.99997205e-02 -2.31898241e-02
 -3.69166993e-02  5.89232780e-02  2.43053250e-02 -6.04207860e-03
 -1.59549728e-01 -1.43047422e-01 -8.25734138e-02 -4.74626664e-03
  9.66257900e-02 -1.14381962e-01  2.18717352e-01  3.42946313e-03
 -3.11500696e-03 -1.11933956e-02  1.01972915e-01  7.06381500e-02
  3.21778492e-03 -8.29837397e-02  5.33999465e-02 -8.35904628e-02
 -4.50435877e-02 -7.18540922e-02 -1.44842580e-01  7.82992318e-02
  6.32944331e-02  5.57637727e-03 -8.55205674e-03  1.08094953e-01
 -7.06149116e-02  3.13511007e-02  8.83756205e-02 -7.83763230e-02
 -4.32087369e-02 -1.41999602e-01 -2.37390604e-02 -1.57533452e-01
 -1.26942014e-02 -2.63554379e-02 -4.75228205e-02  1.32027091e-02
  3.55076753e-02 -8.35325643e-02 -1.92742478e-02 -1.64030865e-01
  6.65058494e-02 -8.88552889e-02  6.33151783e-03  6.14698008e-02
  5.58173237e-03  4.76504974e-02 -3.63517851e-02 -1.27449986e-02
  1.44242629e-01  1.17082842e-01  2.48215407e-01 -6.66287765e-02
 -8.97262990e-03  3.20387408e-02  1.17784202e-01  3.33933309e-02
 -1.07339555e-02 -4.52357791e-02 -8.91041011e-02  5.83100431e-02
 -1.39855519e-01 -6.60335422e-02  9.23220515e-02  7.68058449e-02
 -2.74395555e-01 -1.70554012e-01  3.12702842e-02  1.68952987e-01
  1.91051280e-04 -1.03436345e-02 -1.52245507e-01  1.01583764e-01
  6.02487214e-02 -9.96551737e-02  5.73672280e-02  4.37880158e-02
  4.39565405e-02  4.82337847e-02 -1.72743738e-01  3.15280296e-02
 -3.69284898e-02  2.45132130e-02 -4.71374467e-02  1.84954271e-01
  4.59002890e-02 -3.39761935e-02 -1.43347740e-01  1.40771016e-01
 -1.49721861e-01  5.03731444e-02  1.35108247e-01  7.73531199e-02
  2.21022606e-01 -2.74058908e-01  8.73396546e-02 -9.64275748e-02
 -1.13379493e-01  6.98089749e-02  6.14059158e-04 -6.66398928e-02
 -1.11512668e-01  2.34396476e-02 -2.16241442e-02  1.02763556e-01
 -1.02023438e-01  2.21267864e-01  5.78566901e-02 -6.42629266e-02
  7.46720731e-02 -2.81135589e-02 -1.76295098e-02 -3.97109725e-02
 -2.31096178e-01 -1.78346068e-01  6.20057434e-02  1.70151174e-01
 -2.77046412e-01  1.43569738e-01 -2.11356655e-02  1.27362281e-01
  2.06752449e-01  1.57645404e-01  1.93750691e-02 -4.85183345e-03
 -5.20362556e-02 -8.34002048e-02  1.06274411e-01 -4.01635468e-02
 -1.36404559e-01  6.48257211e-02  1.24824271e-02 -2.22804639e-02
 -2.12316681e-02 -8.90524779e-03  3.72679904e-02  3.40605415e-02
  1.55864269e-01 -4.12689596e-02 -2.36089644e-03 -9.93560553e-02
 -1.19437359e-01 -7.14910403e-02  9.38088223e-02  1.69710871e-02
  7.03512058e-02  1.42456859e-01 -6.67434707e-02 -1.06100962e-01
  3.30230407e-02  1.22191561e-02  1.09365501e-01  5.22849299e-02
 -8.73975605e-02 -3.05902153e-01  1.13171916e-02  2.58067343e-02
  1.24567442e-01  1.59534574e-01  2.87220925e-01  1.69784855e-02
  1.58066340e-02  1.93628855e-02 -1.68522224e-02 -6.49061101e-03
 -5.05496562e-02  5.75544462e-02  4.18882743e-02  1.57286763e-01
  5.06976135e-02  5.41962460e-02 -9.77908075e-02  5.35784625e-02
  1.07344743e-02  8.29504430e-02 -5.93380779e-02 -2.30000839e-02
  1.86888017e-02 -4.15392779e-03  4.34095562e-02 -4.09666002e-02
 -1.36936218e-01 -3.56447361e-02 -7.15539828e-02  8.47341716e-02
 -3.74281928e-02 -8.36586505e-02  1.39582474e-02 -3.05804815e-02
 -1.19089514e-01 -1.09046020e-01  5.95621318e-02 -3.10108848e-02
 -1.97017789e-01 -9.88731347e-03 -1.25726208e-01 -7.00794831e-02
  4.35656169e-03 -3.35270427e-02 -3.59891518e-03  1.92559266e-03
  7.02788606e-02 -1.94908883e-02  7.56345168e-02  1.80963799e-02
 -1.25799298e-01  6.96736500e-02  1.34939969e-01  1.91682111e-02
 -7.25183487e-02 -1.50869355e-01 -1.01297043e-01 -1.24992065e-01
 -7.81652182e-02 -2.32824311e-01  5.34717999e-02  7.09347874e-02
  8.61177593e-02 -1.61106437e-01 -1.02129661e-01 -1.08575337e-01
  6.04859041e-03  2.13971362e-02  7.66834319e-02  3.51274163e-02
  1.42273426e-01 -1.42635184e-03 -7.77644143e-02  1.96651649e-02
  1.26635611e-01  2.13574897e-02  7.80193582e-02 -6.63406178e-02
 -1.45022586e-01 -2.65406892e-02 -9.17007402e-02 -5.93063794e-03
 -6.90106004e-02 -1.54272497e-01  4.22970988e-02 -1.98481485e-01
  4.11049537e-02  4.55613481e-03 -4.05646786e-02  2.55541671e-02
  1.05079591e-01 -2.61515863e-02 -6.40190244e-02 -1.22620367e-01
 -2.02467322e-01  2.79369429e-02  1.82082467e-02  4.98603359e-02
 -5.85073158e-02 -4.10742685e-02  5.87525144e-02 -1.91935822e-02
 -4.87785190e-02  6.96799681e-02  2.13903993e-01 -1.85565948e-01
 -1.21244512e-01 -4.74719889e-02 -1.26973748e-01  6.09408095e-02
 -1.08708240e-01  1.50887426e-02  4.15256210e-02 -1.00437693e-01
  8.57097376e-03 -1.34787992e-01  1.00496851e-01  1.65511653e-01
  6.60292283e-02  1.83944646e-02 -9.95257646e-02 -1.76057611e-02
  1.87586807e-02 -5.14061227e-02  2.80822311e-02 -1.11599296e-01
 -1.20250927e-02 -1.97765052e-01 -2.46842671e-02 -9.06233490e-02
  1.44222632e-01 -3.28902379e-02  8.48216414e-02  1.59486622e-01
  3.56101803e-03  3.80367115e-02 -5.26132733e-02 -8.53623375e-02
  4.63798903e-02 -9.93982553e-02 -7.64670298e-02 -9.86882523e-02
 -1.84840839e-02 -3.29287276e-02 -2.64579393e-02 -8.67377594e-02
 -1.67114854e-01  1.40401527e-01 -1.14254914e-01  4.81394976e-02
  6.29253015e-02  1.27619077e-02  9.22734514e-02 -4.57804613e-02
 -8.67114738e-02 -5.50134145e-02 -1.60882976e-02 -3.68217528e-02
  2.36401223e-02 -3.87210003e-03 -5.61395176e-02  3.41018140e-02
  7.79078603e-02  9.19844136e-02 -6.61003869e-03 -9.58636850e-02
 -1.88861862e-01  1.15616061e-01 -2.06000265e-02 -6.47806898e-02
 -7.50849321e-02  1.45372329e-02 -8.10734406e-02 -6.62211478e-02
  5.34839462e-03  1.34456098e-01 -3.75690460e-02 -1.10274285e-01
  1.08444899e-01 -1.43227667e-01 -8.27121288e-02  1.56832814e-01
 -5.47512025e-02 -5.41366600e-02  1.51654333e-02  1.35086766e-02
 -6.16275035e-02  2.92278081e-01 -5.05678169e-02 -1.17039397e-01
 -6.74220384e-04  3.38939838e-02  3.51715982e-01 -1.48563504e-01
 -6.08879626e-02 -2.15476170e-01  1.57966539e-01 -1.66798577e-01
 -1.69716612e-01  2.11801976e-02 -7.61253834e-02  3.42629522e-01
  1.17402174e-01  2.08824407e-02  7.59518892e-03 -6.78484961e-02
 -5.09625264e-02 -1.32258385e-02 -9.73886549e-02 -2.76365709e-02
 -1.08119808e-01 -1.16261803e-01 -8.54117703e-03  1.80365480e-02
  1.56345367e-01 -8.13914388e-02 -1.53418928e-01  8.18713605e-02
  5.10011353e-02 -1.00399368e-01 -8.69937167e-02  7.41756409e-02
  4.73076329e-02 -3.76419388e-02  2.78905593e-02  1.41408205e-01
 -1.50112640e-02 -1.20134756e-01  1.21597826e-01  1.36549741e-01
  1.53880298e-01 -5.78434318e-02  2.69462336e-02  1.21174060e-01
  1.97548326e-02 -1.05273323e-02 -1.09114900e-01  1.61180332e-01
 -1.25716299e-01  7.38938758e-03 -1.38510644e-01 -4.66498546e-02
 -5.35077564e-02  3.77633609e-02  1.28856689e-01  7.63081908e-02
  1.09582998e-01 -2.66062934e-02  1.26949236e-01  4.83144335e-02
  9.25729647e-02 -5.80664463e-02  2.76507773e-02  2.44190712e-02
  6.41319081e-02  9.85859036e-02  5.80769703e-02 -1.70083895e-01
  4.85898629e-02  1.65009812e-01 -2.30367444e-02 -1.16356485e-01
 -5.07339742e-03 -1.54430708e-02  2.17348740e-01  3.07409577e-02
  9.18155536e-02  1.41185582e-01 -1.59113097e-03 -1.09812945e-01
  1.42460778e-01 -6.82248697e-02 -1.28643066e-01  6.39653429e-02
 -2.51952801e-02 -5.79365306e-02 -8.40847492e-02  1.08299404e-01
 -1.90764084e-01 -6.86716735e-02 -1.76473573e-01  3.00014764e-02
 -3.68234888e-03  4.56613302e-02 -6.73503652e-02 -4.23190668e-02
 -3.36415470e-02 -2.15791855e-02  1.09306045e-01  3.52097116e-02
 -3.14197280e-02  5.08593842e-02 -1.15732371e-03 -6.41117468e-02]