http://erau.edu/ontology/meme.owl#DowntonAbbeyMeme
[ 1.04797363e-01 -7.11486861e-02  3.50631736e-02  3.19735035e-02
 -5.03650866e-02  2.71341484e-02  7.83375055e-02  5.30565158e-02
 -1.24930386e-02 -1.79628190e-02  2.05718920e-01  9.39822290e-03
 -5.18210381e-02  6.93653375e-02 -1.62542149e-01 -1.41967073e-01
  9.32231247e-02  1.54109716e-01  3.20953168e-02  6.31469116e-02
 -2.58349329e-01  1.38499528e-01  1.15216158e-01 -1.16680540e-01
  1.27272815e-01 -4.47268412e-02 -2.85855960e-02 -7.64272884e-02
  2.66176701e-01  1.30896926e-01  1.61041379e-01  1.90645933e-01
  7.01337606e-02 -2.04412919e-02 -4.00200561e-02  1.93130374e-01
  5.24380524e-03  1.27051786e-01 -5.21204062e-02 -1.25603989e-01
 -4.63748239e-02  2.02924490e-01 -2.41532117e-01 -3.27054597e-02
  1.33461848e-01  2.59528104e-02  9.61987600e-02 -7.96312839e-02
 -6.53723031e-02  1.86229348e-02  5.55710085e-02 -2.42440104e-02
 -1.36014625e-01 -1.51799932e-01 -1.15696624e-01 -3.53157781e-02
  1.34492323e-01 -8.88636634e-02  1.83620274e-01  5.94344288e-02
 -4.09170054e-02 -1.29548321e-02  1.41293272e-01  3.37640196e-02
 -1.19846307e-01 -1.61585703e-01  1.84305180e-02  2.00097971e-02
 -9.69309211e-02  9.34081431e-03 -9.00795236e-02  1.15936331e-01
  1.29767448e-01  3.13815102e-02  3.70620713e-02  1.17872201e-01
  4.35546227e-03  5.29683456e-02  1.94192931e-01 -1.83990672e-02
 -3.24854255e-02 -1.27048269e-01 -7.92991817e-02 -1.79494232e-01
  1.12239406e-01 -2.22624615e-02 -8.40325132e-02  2.50214413e-02
  7.57102817e-02 -2.90485322e-02  5.36930263e-02 -2.78111041e-01
  6.40198067e-02 -7.18223006e-02 -1.12650178e-01  2.06873566e-02
 -1.50533044e-03 -1.94090717e-02 -1.18944924e-02 -1.39247803e-02
  2.03257352e-01  3.14259008e-02  2.63448030e-01 -7.77821168e-02
 -4.77486365e-02  8.48256126e-02  5.13168536e-02  4.66423156e-03
  1.00668026e-02 -7.14617521e-02 -3.30720958e-03 -8.33284575e-03
 -7.79120326e-02 -1.03364289e-01  1.33267626e-01  6.62256870e-03
 -2.02601969e-01 -1.41524270e-01  1.23787150e-01  8.39210153e-02
 -2.30078455e-02 -1.14116563e-04 -1.58309087e-01 -4.66197822e-03
  8.25323761e-02 -8.42352435e-02 -1.44715765e-02  6.95175305e-02
  1.22892581e-01 -3.86438854e-02 -2.59325027e-01 -9.04577672e-02
 -8.43120739e-02 -4.04300615e-02 -4.56123129e-02  1.60706848e-01
 -3.34564410e-02 -9.12629515e-02 -9.34940949e-02  1.20516635e-01
 -2.36829579e-01  1.71260945e-02  1.81398362e-01  1.11636639e-01
  1.97310045e-01 -3.00144255e-01  1.07381210e-01 -1.55645907e-01
 -5.24168722e-02  1.37562528e-01  6.28877282e-02 -5.69674633e-02
 -3.94849330e-02 -3.60518694e-02 -2.39381343e-02  6.99292645e-02
 -1.80660695e-01  2.18685821e-01  2.26801075e-02 -8.24633688e-02
  1.90766249e-02  9.05349199e-03 -1.17284423e-02 -4.95814085e-02
 -3.23791742e-01 -1.70134857e-01  2.76258998e-02  1.48300812e-01
 -3.29205930e-01  2.10596919e-01 -5.71885286e-03  1.05871834e-01
  2.51060426e-01  1.72646686e-01 -2.29673218e-02 -7.14458674e-02
  2.15044711e-02 -1.98011398e-02  6.84553310e-02 -3.32514495e-02
 -1.52841941e-01 -2.28780285e-02  1.97080076e-02 -5.71689196e-02
 -8.28791503e-03 -7.01889023e-02  9.70686078e-02  2.47382652e-02
  1.77025452e-01 -4.22115512e-02  1.32881384e-02 -1.09900758e-01
 -9.15690437e-02 -1.05612747e-01  1.50264967e-02 -6.89814538e-02
  1.07768485e-02  9.18550938e-02 -3.20760980e-02 -2.87581179e-02
 -3.24377678e-02  6.74734041e-02  7.42350519e-02 -8.47870298e-03
  1.44448662e-02 -3.31726342e-01 -1.68329477e-02  3.77801768e-02
  2.37954170e-01  1.88122332e-01  2.87328660e-01  1.58772599e-02
  2.55488474e-02 -2.69190110e-02 -1.93952967e-03 -2.12204130e-03
 -4.30744290e-02 -5.25205508e-02  8.13599527e-02  1.63701639e-01
  6.38059974e-02  1.67317972e-01 -1.01646483e-01  4.77140434e-02
  1.07040126e-02 -4.36765552e-02 -3.42747830e-02  4.20894548e-02
 -1.15636270e-02  1.64423920e-02  1.28042594e-01  6.11799099e-02
 -5.18283509e-02 -7.40188658e-02 -1.56868488e-01  8.02780688e-03
 -4.40816320e-02 -1.16981521e-01  4.17773053e-02 -1.16360625e-02
 -9.19134170e-02 -2.97003314e-02  2.91868728e-02  2.51546316e-02
 -1.67923823e-01 -2.59307567e-02 -9.21886414e-02 -2.28706542e-02
 -7.99664482e-03  4.64454442e-02  6.93212822e-02  4.50417809e-02
  6.16037473e-02 -1.09637611e-01  4.55437973e-02  4.53046858e-02
 -1.23028070e-01  1.30670413e-01  8.69718194e-03 -4.14983071e-02
 -7.57215321e-02 -2.06189230e-02 -6.70966059e-02 -1.75189838e-01
 -1.05950892e-01 -1.62622839e-01  3.14444527e-02  1.38477469e-02
  9.09320861e-02 -1.27880171e-01 -3.63775417e-02 -3.41960974e-02
  6.09258972e-02  1.58346295e-02  1.44809648e-01 -6.79932088e-02
  1.03850029e-01  6.33251518e-02  1.04393903e-02 -1.91311929e-02
  1.11786030e-01  1.05951853e-01 -4.08883207e-02 -5.13579585e-02
 -1.50199339e-01 -1.56198004e-02 -1.33361578e-01 -1.37822833e-02
 -5.70605509e-02 -2.35725623e-02  1.66019484e-01 -1.41698137e-01
 -2.69743111e-02 -4.62915897e-02  5.75052276e-02 -1.02391131e-02
  1.82515770e-01  2.12534685e-02 -6.70641363e-02 -1.08319968e-01
 -9.73475724e-02  6.62965178e-02 -3.44179422e-02  6.37614131e-02
 -3.86757478e-02 -4.12723981e-02  7.37389550e-02  1.42393950e-02
 -1.77364442e-02  8.07472505e-03  2.38270834e-01 -1.65071547e-01
 -6.20540306e-02 -9.31903906e-03 -1.40468210e-01 -9.12402011e-03
 -2.41095060e-03  5.49352728e-02  2.00835075e-02 -2.82520317e-02
  1.46977063e-02 -5.40546775e-02  6.42299876e-02  2.00211361e-01
  9.74543691e-02  8.71736929e-02 -7.10545108e-02  4.00833338e-02
  1.27844393e-01 -2.73442902e-02 -1.76841374e-02 -9.47830305e-02
  1.98123064e-02 -1.79574102e-01 -1.88869517e-02 -1.72487602e-01
  2.08462954e-01  5.58931865e-02  1.12193953e-02  6.85964078e-02
 -8.60654097e-03  1.04497798e-01 -1.27763420e-01 -6.09873421e-02
 -5.41223101e-02 -3.42058986e-02 -1.11475391e-02  4.30990793e-02
 -1.12722572e-02 -7.02250749e-02 -8.11554492e-02  2.20421888e-02
 -7.19070956e-02  1.63242206e-01 -1.33019313e-01  3.65821691e-03
 -3.42580341e-02  4.54132818e-02  2.06902787e-01 -4.68767360e-02
 -7.05156848e-02  3.13366577e-02  1.35155050e-02 -2.30384562e-02
  8.16339068e-03  8.32476281e-03 -2.76815817e-02  4.42371517e-02
  5.02677746e-02  2.56584462e-04 -1.59111284e-02 -8.57446119e-02
 -2.39577219e-01  7.80501515e-02 -1.53403487e-02 -7.76200145e-02
 -8.98320898e-02  6.77087829e-02 -2.88152862e-02  1.03226965e-02
  1.14584126e-01  1.33388519e-01 -9.69039351e-02 -8.76562223e-02
  8.20751935e-02 -2.28751272e-01 -1.17171973e-01  2.29560599e-01
 -6.58481196e-02 -1.44726872e-01  1.10053001e-02  1.87598336e-02
 -8.26106444e-02  3.74395967e-01  3.63480896e-02 -2.97151089e-01
  1.18499354e-01  1.49216168e-02  4.29186493e-01 -1.29764006e-01
 -1.20581023e-01 -3.46002519e-01  7.33784884e-02 -2.75028795e-01
 -1.72739476e-01  4.27772384e-03 -4.41086516e-02  5.14879405e-01
  1.41754285e-01  6.01937324e-02  1.44952372e-01 -5.83457239e-02
 -1.24164954e-01 -4.40586284e-02 -7.45508075e-02  8.90681073e-02
 -1.03557520e-01 -1.26301438e-01 -7.20030675e-03  3.59855667e-02
  2.17403814e-01 -2.62170639e-02 -1.30532131e-01  3.17347571e-02
  6.12574853e-02 -1.24478780e-01 -2.84284782e-02  1.00487806e-01
  1.21107280e-01 -3.67264524e-02  9.42758843e-02  1.64377138e-01
  7.27124363e-02 -2.33356446e-01  1.96995676e-01  1.42865911e-01
  1.03620201e-01 -1.39498189e-01  7.75171677e-03  1.79414839e-01
 -1.38845872e-02  2.04504859e-02 -8.93395469e-02  2.13188320e-01
 -1.94093287e-01 -3.72039480e-03 -7.58599788e-02 -9.21204612e-02
 -1.08688757e-01  1.57078053e-03  6.50972500e-02  2.99115144e-02
  2.17272758e-01  1.36141786e-02  1.79877266e-01  8.87160301e-02
  1.38848379e-01  1.28730228e-02  3.31972651e-02  2.56073028e-02
  1.10370278e-01  1.55234024e-01  1.60835132e-01 -9.18762311e-02
  5.39316572e-02  1.37388274e-01  3.31526548e-02 -1.94535583e-01
 -5.20542227e-02  2.98887175e-02  2.34203920e-01  2.00209115e-03
  2.00381666e-01  7.60011598e-02 -1.10903103e-02 -1.57330915e-01
  1.14539519e-01 -9.21779573e-02 -9.77442116e-02  1.29146993e-01
  5.67798056e-02 -1.40848092e-03 -4.69189472e-02  9.69566479e-02
 -7.58984983e-02 -1.44492343e-01 -8.41682851e-02 -1.72596592e-02
  1.01283848e-01  3.14282775e-02 -8.94306526e-02 -1.30529015e-03
  2.38229446e-02 -2.54423805e-02  7.59924650e-02  4.78763990e-02
  6.74559847e-02  1.70252158e-03  8.88883602e-03 -2.29658708e-02]