http://erau.edu/ontology/meme.owl#RoysOurBoyMeme
[-1.34802207e-01 -2.29769975e-01  1.69871494e-01 -7.40393996e-02
  4.94220331e-02 -1.95509374e-01  2.36311883e-01 -1.49813071e-01
  8.17405730e-02 -1.24416113e-01  1.84168443e-01  2.73966067e-03
  9.46098268e-02  4.37241495e-02 -8.49485621e-02 -1.27379015e-01
  1.19536631e-01  2.16979355e-01  1.30292460e-01  8.39681625e-02
 -3.25448275e-01  2.66494542e-01  2.45632112e-01 -2.33515233e-01
  1.44730955e-01 -2.65571201e-04  9.27663743e-02 -3.12234640e-01
  4.70019221e-01  1.02479160e-01 -7.04718530e-02 -7.78147876e-02
 -5.20823114e-02 -1.58631369e-01 -1.31676361e-01  3.34066272e-01
  5.87485032e-04 -2.45321896e-02 -8.43004063e-02 -1.42062023e-01
 -8.11643302e-02  2.87913442e-01 -3.10368299e-01 -6.43427074e-02
  2.03877673e-01  3.84177417e-02  8.71658847e-02 -7.39491284e-02
  1.68007404e-01  1.90038979e-02  1.32154316e-01 -1.51183782e-02
 -5.45347817e-02 -1.44937560e-01  4.73019406e-02 -1.39239877e-01
  1.03576988e-01 -2.58417074e-02  1.69075474e-01  1.92566231e-01
 -1.51819870e-01 -1.76867113e-01  2.50421494e-01  1.18684918e-01
 -1.97772652e-01 -8.18090811e-02 -9.91147235e-02 -6.51838034e-02
 -1.27918705e-01 -7.73257613e-02 -6.25638887e-02  1.10375285e-01
  2.05205202e-01  1.80907212e-02  4.23307531e-03  4.04678471e-02
 -3.60460281e-02  7.51043204e-03  2.87706167e-01  1.04375266e-01
 -4.69259247e-02 -7.14509748e-03 -1.37845084e-01 -2.05474794e-01
  1.70691684e-02 -2.28633173e-03 -2.63323970e-02  1.21134840e-01
  2.37106785e-01  5.00395745e-02 -7.98910037e-02 -2.71744609e-01
  2.48655409e-01 -9.25441924e-03 -2.03642502e-01  1.05177283e-01
 -2.70548202e-02 -6.30262792e-02 -2.74287704e-02 -4.19924371e-02
  1.01811476e-01 -4.91729453e-02  7.35066831e-02  1.21318898e-03
 -6.38318062e-02  6.08861540e-03  6.33223504e-02  5.05901501e-02
 -2.80607678e-02 -3.14642452e-02 -1.73735041e-02 -1.25361964e-01
 -1.09804071e-01 -9.63738263e-02  1.79114804e-01  5.80783188e-02
 -1.89487219e-01 -8.22962523e-02  1.52642876e-01  1.35625973e-02
  1.57716125e-01 -7.58270547e-02 -1.02670481e-02 -2.76236646e-02
 -9.79534164e-03 -2.10405998e-02 -1.31930977e-01 -3.98535170e-02
 -5.44477844e-05 -9.05169100e-02 -9.23333541e-02 -5.11664525e-03
 -5.11631370e-02 -1.62026390e-01 -6.78125769e-02  8.94691199e-02
 -6.45366982e-02 -9.18140449e-03 -3.99689712e-02  3.55716534e-02
 -2.73551971e-01 -1.34317130e-01  6.40124753e-02  1.31764337e-01
 -1.52581290e-03 -1.18674271e-01  1.88801363e-01 -7.95329511e-02
  2.14626286e-02  1.40177876e-01 -2.38492656e-02 -1.88077405e-01
  3.75887044e-02 -1.30844399e-01 -9.98429507e-02 -4.02727611e-02
 -1.29597470e-01  1.74521163e-01  1.09181963e-01 -1.13851622e-01
  1.23306833e-01 -1.05611399e-01 -4.91109714e-02  4.79514301e-02
 -1.83216587e-01 -1.90704808e-01 -1.10320613e-01  1.27588868e-01
 -1.31279342e-02  3.17892584e-04 -1.05703557e-02  1.47863254e-01
  2.22369596e-01  1.41261248e-02 -6.98488876e-02 -4.54411237e-03
 -8.18137452e-02 -1.09167984e-02  1.56961694e-01 -1.78410821e-02
 -8.67457017e-02  8.89158025e-02 -4.41036932e-02 -1.61091127e-02
  2.76034903e-02 -8.29082876e-02  1.17815405e-01  5.13237379e-02
  2.20039710e-01  9.25601833e-03 -4.40301374e-02 -1.16194412e-01
 -2.85863250e-01 -9.47782174e-02 -3.35158221e-02 -7.10765570e-02
  4.02204022e-02  1.50770366e-01 -6.89050602e-03  1.03424154e-01
  1.15008745e-02 -1.82725519e-01  3.50806043e-02 -2.33276233e-01
  1.74812246e-02 -2.21619964e-01  4.68532182e-02 -1.23223566e-01
  1.44548759e-01  5.83533682e-02  1.55348942e-01  4.76542786e-02
 -5.66267706e-02 -8.76998678e-02  2.36391395e-01 -2.86521018e-03
 -8.55343714e-02 -2.44392261e-01 -4.88552544e-03  7.47452900e-02
  3.63561541e-01  1.95167676e-01 -1.61539838e-01  1.24591710e-02
 -2.81383600e-02  2.46235430e-02 -3.49672556e-01  6.33602589e-02
 -7.66754746e-02 -1.64517220e-02  7.02723488e-03 -4.51533645e-02
 -1.87395409e-01 -4.40084413e-02 -4.38545980e-02  1.53185604e-02
 -7.34668747e-02 -1.44116521e-01  5.88837415e-02 -3.08013465e-02
  5.35871014e-02 -4.64692758e-03  7.78048113e-02  1.01904087e-01
 -2.40962744e-01  3.92575338e-02 -1.97528869e-01 -1.13465235e-01
 -1.53517559e-01  6.83981553e-02  8.10298547e-02 -9.63400230e-02
  2.35668644e-01  7.36136048e-04  1.83113664e-01 -8.73380080e-02
 -1.87489614e-02  5.71846478e-02 -1.26022995e-01  1.90635651e-01
 -1.68133616e-01 -1.04553252e-01 -1.23195700e-01 -9.79467854e-02
 -5.06437430e-03 -9.38865095e-02  1.05870552e-01 -1.22040167e-01
  6.23539463e-02 -2.00620946e-02  7.26068392e-02 -2.62584388e-02
 -9.45430100e-02  4.98324335e-02  1.58770785e-01 -2.47420236e-01
  6.71000555e-02  5.55531271e-02  1.04956277e-01 -5.00051193e-02
  6.83368668e-02  7.04180598e-02 -5.46893813e-02 -1.76731437e-01
 -1.05724633e-01  5.99006331e-03 -8.33151639e-02  3.35629471e-02
 -2.63479259e-02 -6.67215586e-02  1.44806013e-01  6.37248233e-02
  5.95237687e-02 -2.12012634e-01  7.08551258e-02  7.51748914e-03
  2.05174401e-01 -1.03433117e-01 -1.60288945e-01 -3.37169141e-01
 -7.26101473e-02 -9.49022546e-02 -9.58031937e-02  1.64739355e-01
 -1.42121479e-01  7.74880778e-03  3.87171835e-01  6.63674297e-03
  1.47569254e-01 -9.37295854e-02  6.21626042e-02 -2.58632511e-01
 -8.55169669e-02  8.60894248e-02  8.85920525e-02  3.02023832e-02
  3.43308747e-02  8.03640857e-02 -5.19339964e-02 -1.33705169e-01
  9.97062102e-02 -1.37305811e-01  1.94446847e-01  2.17495829e-01
 -8.28322768e-02 -1.12119079e-01 -1.85558438e-01 -6.73583671e-02
  2.50703901e-01 -5.23847230e-02  8.35113823e-02  2.27121897e-02
  8.22898597e-02 -7.23062009e-02 -3.75868604e-02 -2.22807273e-01
  1.04642682e-01  1.88828140e-01 -1.74086034e-01  2.47044787e-02
 -3.80355455e-02  4.39249575e-02 -5.98987900e-02  1.44413039e-01
 -1.65345535e-01  1.00960165e-01  1.40899913e-02  1.48724765e-01
  1.12482579e-02 -2.02942565e-01 -6.31818399e-02  1.64920613e-01
 -1.30565792e-01  1.04673833e-01 -1.71768174e-01  6.32669777e-02
  1.51459634e-01  3.68315801e-02  1.74845338e-01  8.06324780e-02
 -1.15782581e-01  1.92104906e-01  4.44344506e-02 -7.76351616e-02
  5.18246926e-02 -1.54180855e-01  3.53489034e-02 -9.09176469e-03
 -1.52161464e-01 -3.12652104e-02 -3.66276354e-02  1.93604082e-01
 -3.95018488e-01 -1.60752654e-01 -4.54181917e-02 -8.58307034e-02
 -1.62689477e-01 -1.22989928e-02  1.97738241e-02  7.54207978e-03
  7.09766448e-02  1.97640270e-01  4.47068550e-03  4.33014892e-02
  1.76753059e-01 -3.24451149e-01 -3.41537781e-02  1.78619787e-01
 -1.01342700e-01 -2.07365811e-01 -9.71578732e-02  1.67050645e-01
  1.22848451e-01  1.76013872e-01  5.10906009e-03 -3.88778418e-01
  1.85462579e-01  1.32078603e-01  1.46882668e-01 -8.10404494e-02
  1.98262446e-02  2.43474524e-02  8.15821905e-03 -1.92110062e-01
 -1.32034808e-01  2.49153581e-02  2.71680951e-02  1.84556499e-01
  1.13689229e-01  1.62928283e-01  1.63415745e-01 -1.39934793e-01
 -2.20286548e-01 -2.07550630e-01  7.51395077e-02  2.80920044e-02
 -4.83726189e-02 -9.26621035e-02  5.28997518e-02  8.31626430e-02
  1.90272450e-01 -1.21575389e-02  1.33326635e-01  3.03650815e-02
 -1.75252393e-01 -1.26717210e-01 -1.07498527e-01  5.73956706e-02
  1.17663890e-01 -2.72752374e-01  1.85376629e-01  4.19222891e-01
  6.17201775e-02 -7.91358650e-02  2.49734372e-01  2.78813809e-01
  8.52970928e-02 -1.38835255e-02  1.11177683e-01  4.78633977e-02
 -3.35309729e-02  2.67589152e-01 -1.34154692e-01  2.88085282e-01
 -3.05880755e-01 -1.75990775e-01 -2.18753323e-01 -2.50307232e-01
 -1.80174977e-01  4.07114923e-02  1.32305399e-01 -5.33999726e-02
  1.74623534e-01 -6.11704998e-02  9.20090377e-02  2.58504510e-01
 -1.50359094e-01 -1.16505250e-02  9.72918198e-02 -6.81236163e-02
  2.95912325e-01  1.02577947e-01  1.70331791e-01 -1.01571932e-01
 -4.82381731e-02  1.95054814e-01  5.89548685e-02 -1.23670250e-01
  4.03842777e-02  9.66798700e-03  5.42568453e-02 -1.78509653e-02
  1.87150970e-01  1.40633598e-01  4.14472520e-02 -2.96337098e-01
  1.30504230e-02 -1.95510253e-01 -9.23252851e-03  4.30328250e-02
  1.18319742e-01  3.67121547e-02 -1.14729770e-01  2.39017099e-01
 -1.79702774e-01 -1.37450814e-01  9.55138505e-02  4.87447754e-02
  5.10086454e-02  1.33841887e-01  3.35767940e-02  2.17414573e-02
  1.54376805e-01  1.81697384e-01  8.57644975e-02  6.33899719e-02
  3.05613093e-02 -3.06345839e-02  1.35913059e-01  2.85508782e-01]