http://erau.edu/ontology/meme.owl#WitnessfromFryazinoMeme
[-5.06544709e-02 -2.28842214e-01  9.59457736e-03  2.10058466e-02
  3.49031240e-02  1.11346796e-01  1.88732237e-01  6.34574741e-02
  7.33253956e-02 -4.03247438e-02  9.71420780e-02 -1.76973715e-01
 -6.91825226e-02 -1.00477859e-02 -3.53572108e-02 -5.59008792e-02
 -1.27918273e-01  7.49709830e-02  4.88019176e-02  1.87886983e-01
 -1.55345827e-01  5.73479384e-02  1.33158311e-01 -1.42488137e-01
  4.81421985e-02  1.59649774e-01  6.67092949e-02 -4.20519430e-03
  3.56147408e-01  1.26883641e-01 -8.77018124e-02  1.72186360e-01
  9.92895812e-02 -9.91160199e-02 -1.02685414e-01  3.16690654e-01
 -1.24064758e-02  1.78830147e-01  5.60922138e-02 -1.20457523e-01
  4.89969961e-02  1.70104355e-01 -1.28801614e-01 -6.29431903e-02
  4.23523523e-02 -1.37837203e-02 -2.08696015e-02 -5.46592996e-02
  8.20834339e-02  1.48355305e-01 -4.17999588e-02 -1.18414484e-01
 -1.09912619e-01 -1.38346732e-01 -7.56789446e-02 -1.35378316e-01
  3.02589964e-03  4.54067532e-03  2.93208927e-01 -8.94989371e-02
 -7.59545192e-02 -1.62600145e-01  4.55006175e-02  1.28431529e-01
 -3.58446449e-01 -7.48775452e-02 -1.11292824e-01 -1.01907067e-01
 -8.68150666e-02 -2.99234986e-01 -1.99848607e-01  9.85128805e-02
  1.04219362e-01  3.06649413e-02  4.68560383e-02  1.37160420e-01
 -2.98725277e-01  1.33632133e-02  2.45027661e-01  2.70659998e-02
 -1.57948434e-01 -7.97823891e-02 -1.17446840e-01 -3.42159957e-01
 -2.93621793e-02 -1.17326461e-01 -1.42323121e-01 -2.45947135e-03
  7.86042660e-02  3.56577784e-02 -6.61886260e-02 -4.12923843e-01
  1.84111476e-01 -1.03831723e-01  1.14211794e-02  3.09038125e-02
 -2.11949516e-02  2.35041399e-02  5.77447601e-02 -9.87489522e-02
  2.11754553e-02  8.11372548e-02  4.09130454e-01 -2.35898063e-01
  3.02188490e-02  2.67981309e-02  3.27860177e-01 -1.23105846e-01
  5.55257015e-02 -1.71232685e-01 -2.67935768e-02  5.69110066e-02
 -1.80626005e-01 -1.96673036e-01  1.74350232e-01  2.36135617e-01
 -4.21625614e-01 -3.38899910e-01  1.34573311e-01  2.86728829e-01
 -4.55276780e-02 -7.82127120e-03 -9.51917246e-02 -3.91332619e-02
  3.36223631e-03 -2.99338605e-02  5.89093119e-02  3.28603722e-02
  4.93578538e-02  3.50068808e-02 -1.86998755e-01 -5.35079874e-02
  2.13140264e-01 -7.16429278e-02 -1.15306593e-01  1.64591566e-01
 -5.50371334e-02 -8.54861736e-02 -1.70040578e-01  1.44408822e-01
 -2.30929673e-01  3.73596027e-02 -4.70002852e-02  3.32161617e-05
  1.56636938e-01 -2.39812419e-01 -3.52940522e-03 -7.70295039e-02
  7.15282410e-02  2.31900200e-01  5.18119819e-02 -6.17552176e-02
  9.48585421e-02  4.84308824e-02 -5.73097437e-04  3.73574346e-02
 -1.92202508e-01  2.43344992e-01  6.02065548e-02 -1.26808122e-01
  3.08933537e-02 -1.75607607e-01 -9.04726330e-03 -7.05156475e-02
 -2.10915431e-01 -8.61356854e-02 -2.32408978e-02  1.00348264e-01
 -4.37970638e-01  1.73207998e-01  1.08869597e-01  1.53983131e-01
  2.41196960e-01  3.01593512e-01 -1.02055788e-01 -4.33771312e-02
 -4.06415609e-04 -7.83822685e-02  1.85974658e-01 -1.73624009e-02
 -1.08030148e-01  1.28972456e-01  7.32099637e-02 -4.14066724e-02
 -1.41478598e-01  7.48621821e-02 -5.50870225e-02  3.53693701e-02
  3.21279079e-01  1.15438132e-03 -1.19404234e-02  8.80887657e-02
 -3.37991923e-01 -7.17861438e-03 -9.02833268e-02  1.47125885e-01
  2.11517394e-01  1.35411099e-01  3.34624876e-03  4.90695946e-02
  7.99741372e-02 -1.36369383e-02  1.47390485e-01 -5.06513603e-02
 -1.54114574e-01 -1.30698025e-01 -4.59600985e-02  7.50988126e-02
  1.27460226e-01  8.08545873e-02  2.56775826e-01  1.06303573e-01
 -3.33497114e-02 -1.69981271e-01  1.33129299e-01 -4.01675403e-02
 -1.81885302e-01  7.72788674e-02  1.68951139e-01  2.11180359e-01
  2.41703719e-01  1.13200106e-01 -9.04958621e-02  1.16987325e-01
  2.05956735e-02 -1.04403794e-01 -5.88512644e-02 -1.41261891e-01
 -5.92579134e-02 -7.16206804e-02  8.11411589e-02  1.01195790e-01
  2.32437439e-02  2.19765604e-02 -1.48490649e-02  7.54833519e-02
  4.58644284e-03  4.61859070e-03  1.65832072e-01 -1.56022701e-02
 -2.37267856e-02  3.87242921e-02  8.46645609e-03 -3.11464947e-02
 -1.63279250e-01 -5.09483144e-02 -1.76714286e-01  8.00988302e-02
 -1.17481209e-03 -1.32275984e-01  8.20365455e-03  5.21138459e-02
  6.49811774e-02 -6.98911250e-02  1.30675271e-01 -2.80326400e-02
 -2.82854401e-02 -3.12758610e-03  9.40822288e-02 -7.86940530e-02
 -1.45080879e-01 -1.71567902e-01 -3.24008092e-02  3.64336595e-02
 -7.64523000e-02 -1.59709722e-01 -4.68722023e-02  7.19163120e-02
  1.39262825e-01 -1.24477539e-02  1.45021286e-02 -1.37057424e-01
 -5.76906353e-02  2.17429966e-01  2.29646906e-01  2.70416904e-02
  3.01646702e-02 -1.64139476e-02 -1.57557353e-01 -5.47483116e-02
  2.71043088e-02  1.00921959e-01 -2.78229471e-02  8.86931196e-02
 -1.44334391e-01  1.80903763e-01 -1.17749520e-01  8.54834467e-02
 -1.86074711e-02 -5.29823378e-02  6.80477172e-02 -5.15467720e-03
 -1.27100870e-02 -4.88386154e-02 -4.78688143e-02 -4.54676896e-02
  1.88418597e-01  7.73415491e-02 -1.10988319e-01 -2.02150434e-01
 -1.91228405e-01 -3.22804935e-02  8.97598937e-02 -6.30162880e-02
  2.91802771e-02  5.80600603e-03  1.67262793e-01  2.97131925e-03
  1.19469434e-01  4.09330018e-02  1.43233463e-01 -1.74979642e-01
  2.89813820e-02  1.06369980e-01 -1.24045676e-02  1.13111496e-01
  2.97128335e-02  8.15039352e-02  1.75624371e-01 -1.02277048e-01
  5.26675507e-02 -1.84965849e-01  1.49849758e-01  1.87757835e-01
  1.15815885e-01 -1.82738937e-02 -2.13331684e-01 -2.89097559e-02
  1.88728720e-02  6.12314492e-02 -1.68132216e-01 -8.89929980e-02
  1.40261546e-01 -6.96409866e-02  1.61154315e-01 -1.13210395e-01
  5.88346571e-02  1.42909065e-02 -1.57499779e-02  5.00970073e-02
 -3.99874225e-02  1.61657065e-01 -2.73432881e-02 -3.50273177e-02
  4.03581634e-02  1.43766142e-02 -6.57843277e-02 -1.42207086e-01
 -7.49279112e-02 -1.24873361e-02 -7.77568743e-02 -1.07755102e-02
 -1.53844163e-01  2.43172735e-01 -1.91480830e-01  8.59623477e-02
  5.29792793e-02 -1.92676514e-01  2.40366533e-01 -1.90973300e-02
 -4.03377712e-02  3.94692719e-02 -7.54785389e-02 -7.72608966e-02
  1.02800764e-01 -8.74072611e-02 -7.82056972e-02  7.12305075e-03
 -1.32061867e-02  5.53998910e-02 -7.51519725e-02 -8.62035602e-02
 -1.05832912e-01  1.21043541e-01  1.68763489e-01  3.99571750e-03
 -5.75288013e-02 -1.07663527e-01 -1.76096275e-01 -1.81462958e-01
  4.15100604e-02  1.74431518e-01 -2.35567391e-01 -2.13783309e-01
  1.66407004e-01 -3.27439569e-02 -7.84919038e-03  4.26876396e-02
 -4.70409729e-02 -2.81859469e-02 -1.84713721e-01  6.16349392e-02
 -1.37224540e-01  1.62887603e-01 -1.45870239e-01 -3.91393416e-02
 -1.58090051e-02  1.13055125e-01  6.16331622e-02 -1.56866238e-01
 -7.49523565e-02 -1.66398942e-01 -4.78503183e-02 -1.10646859e-01
  5.12929680e-03 -1.06508888e-01 -3.99331329e-03  2.32390046e-01
  8.17930847e-02 -7.71267759e-03  1.89578980e-01 -8.07815194e-02
 -1.75665751e-01  5.72424680e-02 -1.04886249e-01 -5.07501662e-02
 -6.69385269e-02 -4.70567755e-02  5.93885817e-02 -1.78720930e-03
  8.50780830e-02  4.46574315e-02 -2.48626038e-01  1.31792426e-01
  8.07405189e-02 -1.63804755e-01 -1.17181875e-01  4.41201665e-02
  1.17497548e-01 -6.23408742e-02 -1.38667109e-03  1.71307549e-01
  7.34272227e-02  9.65245292e-02  6.60249889e-02  1.95099637e-01
  8.10838398e-03 -1.25850201e-01 -3.54630277e-02  1.12566680e-01
  1.30630925e-01  2.16142703e-02 -1.50268212e-01  3.63459170e-01
 -1.94483474e-01 -1.25229731e-01 -2.55454093e-01 -1.67873025e-01
 -9.12110060e-02  2.53415376e-01  5.95530309e-02  5.29966429e-02
  1.17541574e-01  4.99239285e-03  2.17143893e-01 -9.34350193e-02
  1.26758114e-01 -3.47713195e-02  7.17861801e-02 -5.26114739e-02
  4.37640510e-02  1.01322301e-01  2.70180833e-02 -1.05802163e-01
 -5.41909300e-02  2.41518825e-01 -1.75951660e-01 -1.21609963e-01
  1.01131024e-02  3.87302190e-02  1.73255146e-01 -3.46588045e-02
  1.90210089e-01  2.48409852e-01 -5.30962553e-03 -6.44116774e-02
  1.83721766e-01 -2.65668154e-01 -1.12763397e-01  4.63950261e-02
 -4.88710888e-02  1.11582533e-01 -1.12808049e-01  1.41895443e-01
 -1.12146765e-01 -2.42982388e-01 -1.20681860e-02  3.42418589e-02
  1.20701745e-01  1.20731927e-01 -6.44589886e-02 -5.10132983e-02
  8.73976499e-02  1.21844467e-02  1.58426359e-01 -2.63201483e-02
 -1.60973251e-01 -1.10484391e-01 -7.06115812e-02  8.45183507e-02]