http://erau.edu/ontology/meme.owl#WindowsXPBlissWallpaperMeme
[-0.13129023 -0.2541437   0.09231532 -0.01589825  0.01388362 -0.0745954
  0.22824931 -0.10639443  0.08121333 -0.09155209  0.19955575 -0.06042539
  0.10418603  0.06280345 -0.00053449 -0.1873236  -0.00235014  0.25040525
  0.0299565   0.05228845 -0.30533358  0.23528798  0.2146112  -0.18472846
  0.05808712  0.05003188  0.06108279 -0.16857694  0.40328243  0.08498692
 -0.02232767  0.02260316 -0.03481734 -0.13713783 -0.07950901  0.24385028
  0.04673623  0.0148812  -0.0773169  -0.16504075 -0.08028503  0.20845118
 -0.26481315 -0.06874432  0.12031543  0.04208197  0.06222017 -0.08741521
  0.07241213  0.05063359  0.09018522 -0.06333971 -0.03394455 -0.20225732
 -0.00305984 -0.07792923  0.09630229 -0.04154751  0.1693886   0.14352642
 -0.22286935 -0.13392815  0.1574626   0.087708   -0.21982172 -0.0762706
 -0.14397708 -0.03689301 -0.15910879 -0.13073075 -0.10264772  0.10340944
  0.17140853  0.05375515  0.07602903 -0.02977299 -0.07961269 -0.04714875
  0.32988232  0.08205602 -0.11438975 -0.04311083 -0.16952853 -0.2958953
 -0.00777123 -0.02954105 -0.14148183  0.1665831   0.18518986  0.03302648
 -0.08790378 -0.29116583  0.18796544  0.00745105 -0.22433947  0.04702054
 -0.04781493 -0.05664077 -0.04811043 -0.00167495  0.08574604 -0.01048559
  0.2051382  -0.08246272 -0.043694   -0.03838825  0.08074518  0.0786947
  0.00771916 -0.13872339  0.03590534 -0.04923118 -0.10550599 -0.15470944
  0.18704224  0.03528244 -0.23141234 -0.04244358  0.14729631  0.07931202
  0.10087623 -0.08189243  0.04497334 -0.05817149  0.0267069   0.01939525
 -0.05950528 -0.03178283  0.04197207 -0.01698626 -0.12361034 -0.07666257
  0.01754605 -0.1093196  -0.01750524  0.14703763 -0.08760502 -0.07143758
 -0.01830234  0.05182504 -0.30302045 -0.09360795  0.09242569  0.14819074
  0.02125318 -0.12745342  0.11897741 -0.14876978 -0.01791915  0.09099454
  0.04174978 -0.10992642  0.09460869  0.01140849 -0.06344854  0.00917764
 -0.11464244  0.26084608  0.08537561 -0.13765611  0.16013542 -0.10378372
 -0.02622104  0.07845514 -0.25401747 -0.22319062 -0.02000145  0.15188813
 -0.16921206  0.0875105   0.03161961  0.11164022  0.27291268  0.13029791
 -0.10402322  0.0026222  -0.05128932 -0.02762171  0.20786858  0.02011192
 -0.07894247  0.02718201 -0.0221199  -0.03826793 -0.00259897 -0.04752173
  0.04108649  0.0647119   0.2479652  -0.03412469  0.00141654 -0.0939691
 -0.24418879 -0.10791579 -0.07652784  0.00527463  0.01385559  0.19537966
 -0.00445425  0.0776067   0.04962329 -0.12183741  0.01990931 -0.1869503
  0.03085335 -0.128601   -0.00791553 -0.08963131  0.08198435  0.08124791
  0.16265318  0.09709737 -0.03065831 -0.05138879  0.16640735  0.02185198
 -0.1500902  -0.12823127 -0.04425191  0.08043541  0.31515285  0.12962404
 -0.10176855  0.00067991  0.0370409   0.05578984 -0.20195925  0.03275588
 -0.06833033 -0.03253302 -0.02652126  0.0161538  -0.15000631  0.04156259
 -0.04620196  0.00203032  0.03835494 -0.09822737  0.14482683 -0.04582896
  0.00994182  0.02045727 -0.01294221  0.0186076  -0.18306887 -0.01400321
 -0.11699751 -0.08999646 -0.05509218  0.0135752   0.04230451 -0.08184574
  0.2227449  -0.0207109   0.15614268 -0.04665269  0.00348942  0.05691632
 -0.11196585  0.12326626 -0.16374756 -0.0621277  -0.09763119 -0.10712813
  0.05979444 -0.14980218  0.08301927 -0.10948931  0.08224854  0.03350448
  0.03548744 -0.02901276 -0.05533144  0.04510093  0.1548651  -0.20246899
  0.05522577  0.06750748  0.00319534 -0.11138847  0.04928914  0.02443661
 -0.05202839 -0.04494746 -0.07042749  0.03258431 -0.0666122   0.03450495
 -0.03573166 -0.05720928  0.0968949   0.06368671  0.00424422 -0.07346082
  0.0678461  -0.04152225  0.2159338  -0.0072783  -0.16835757 -0.24920712
 -0.07518304 -0.08635234 -0.03709498  0.13864248 -0.10224833  0.02570998
  0.3121814   0.00860639  0.18886429 -0.12814479  0.02971181 -0.17499405
 -0.02516183  0.01624936  0.06495176  0.04636002  0.04867487  0.02734283
 -0.03843731 -0.1248607   0.05999019 -0.10350171  0.14825916  0.15598856
 -0.01089857 -0.07114922 -0.12802932 -0.12605412  0.21022138 -0.0338399
 -0.00274708 -0.03101213  0.08665753 -0.06246817  0.02122826 -0.27192214
  0.11502523  0.1788686  -0.10088711 -0.00949083 -0.05324958  0.05065219
 -0.09780169  0.0520226  -0.10900339  0.08939297  0.05015293  0.14736511
 -0.00724855 -0.20768249 -0.09508722  0.14705977 -0.14947183  0.1589683
 -0.10135642  0.11625896  0.11281554 -0.01782386  0.20809385  0.09234084
 -0.10958728  0.19800782 -0.02950903 -0.06603621  0.08213741 -0.17045337
  0.01456769 -0.00195632 -0.11619033  0.00974153 -0.04353135  0.08736606
 -0.279859   -0.09355369  0.00274292  0.00806663 -0.10633333  0.021971
 -0.01956065 -0.05280333  0.08752292  0.17703636 -0.04787256  0.00490835
  0.19272977 -0.22911552  0.02395125  0.14875871 -0.11419399 -0.16091116
 -0.08131052  0.14961913  0.03997616  0.17177571  0.00394724 -0.30188048
  0.16284719  0.11543093  0.1411467  -0.13512315 -0.0667123  -0.04506992
 -0.00621453 -0.18677515 -0.05587006 -0.02836346  0.02162548  0.29949668
  0.08048988  0.05924792  0.21381533 -0.14117852 -0.18048723 -0.10206218
 -0.03818554  0.05054804 -0.04196432 -0.09538452  0.01317596  0.07230864
  0.15374826 -0.023178    0.00999563  0.01356173 -0.07044724 -0.17157242
 -0.11023445  0.05001647  0.06456741 -0.21495397  0.11897963  0.2997111
  0.06749931 -0.03711927  0.15533175  0.25243664  0.044126   -0.04254717
  0.04093212  0.09353773 -0.0215519   0.1654932  -0.10268114  0.24912156
 -0.18582259 -0.14088753 -0.16297391 -0.18761554 -0.14071839  0.03788771
  0.08818285 -0.04359696  0.06550615 -0.01901048  0.06196969  0.1746883
 -0.09085737  0.00732171  0.1107958  -0.09551099  0.21837686  0.05457353
  0.16806637 -0.10737169  0.00647775  0.18453796 -0.04004104 -0.13604815
  0.01012123 -0.02903262  0.11433037 -0.03001027  0.15857069  0.11696209
  0.04462288 -0.2530528   0.03412307 -0.2278131   0.00769314  0.0918354
  0.09551071  0.05852067 -0.10206801  0.25539833 -0.15651397 -0.16743839
  0.08170608  0.05020164  0.09573434  0.15094095 -0.02268739  0.01045847
  0.13268845  0.10982108  0.12282915 -0.00055072 -0.02565028 -0.12585059
  0.0723059   0.20188574]