http://erau.edu/ontology/meme.owl#DoorBurstingOpenDoorSlamGashunkMeme
[-0.1387821  -0.17122239  0.12141107 -0.10846519  0.0010726  -0.01083454
  0.11845671 -0.03014764  0.1008986  -0.03842995  0.1129789  -0.04277365
  0.1697409   0.01720822 -0.08990862 -0.0283466   0.0505619   0.04802382
  0.01289209  0.08143093 -0.09166431  0.13403961  0.07744314 -0.09095827
  0.17026523  0.0561078   0.09854138 -0.1200693   0.23464763  0.1550599
 -0.06861456  0.06399351 -0.0585574  -0.10592178 -0.06093872  0.2635254
 -0.0821884  -0.0060433  -0.06912111 -0.13888781 -0.06229658  0.1649569
 -0.15610805 -0.03616032  0.2043689   0.03485653  0.10973641 -0.09694332
  0.03173546  0.0096294   0.08104539  0.02222489 -0.00032894 -0.13945654
 -0.13886693 -0.10949304  0.07229647 -0.0995719   0.21020642  0.05219858
 -0.11350142 -0.0965559   0.22889285  0.16841121 -0.15998971 -0.09001059
  0.02589198 -0.06787322 -0.11289888 -0.27594838 -0.17035916  0.13716449
  0.16818511  0.09004731  0.01213175  0.10438659 -0.1276784   0.05883858
  0.2459128   0.16360182 -0.08742022 -0.05053879 -0.15433122 -0.24112847
  0.09969684  0.00919759  0.00599829  0.1418767   0.1394638   0.01986028
 -0.08024438 -0.17992426  0.29445177 -0.05306499 -0.1656046   0.14725009
  0.09471208 -0.08188608 -0.13615097 -0.03958853  0.11855935 -0.00537513
  0.26652768 -0.07303753 -0.04726345  0.05128426  0.15079643  0.03268055
 -0.08086249 -0.14064841 -0.06111337 -0.00387545 -0.182501   -0.1599161
  0.15880634  0.07148567 -0.27385175 -0.14664201  0.08006157  0.0548617
  0.02318705 -0.10773592 -0.06469002  0.02398624  0.1064152  -0.06339118
 -0.09014401 -0.03850222 -0.01524817 -0.08163216 -0.19781654 -0.07651825
  0.03108759 -0.13925931 -0.10701969  0.02199659 -0.15096143  0.07510529
 -0.10334934  0.07556845 -0.31304088  0.007909    0.06984479  0.10914085
  0.08663716 -0.18179421  0.05394144 -0.08677903 -0.10874283  0.11497508
  0.03699284 -0.04504359  0.03436985 -0.05690393 -0.12694374 -0.03780213
 -0.1327693   0.16950648  0.10410147 -0.13280116  0.1253342  -0.01373406
  0.02454922 -0.0207471  -0.16883856 -0.19261028  0.00192814  0.1688527
 -0.2015694   0.0603964   0.05742227  0.15053134  0.2734498   0.13089287
 -0.12370984  0.05397279 -0.06505282 -0.00500691  0.13952778  0.06908104
 -0.07842773  0.11464287 -0.03359393 -0.02326321 -0.03728832 -0.00427512
  0.02513969  0.01303178  0.13092728 -0.01599975  0.05908344 -0.03018509
 -0.25744012 -0.02994714 -0.0763246   0.0218885  -0.06207946  0.27119648
 -0.04298211  0.07226703 -0.03225617 -0.08600834  0.02500943 -0.14189449
 -0.02721398 -0.08167107 -0.0825496  -0.1345038   0.11959231 -0.03746618
  0.04146866  0.07710364 -0.03599768 -0.0830506   0.0274919  -0.03126687
 -0.15559286 -0.15409972  0.07208878  0.08999272  0.24937628  0.13515988
 -0.09568389  0.03107917 -0.06681259 -0.05351341 -0.26915625 -0.00073124
 -0.00443678  0.04257163 -0.0152188   0.04294879 -0.13517767 -0.0705014
 -0.06340517  0.06439382 -0.03045062 -0.14288273 -0.02730902 -0.11892094
  0.07981044 -0.01315437  0.01474062 -0.02371974 -0.15431432 -0.02929607
 -0.11789839 -0.17177378 -0.0746746   0.11884751  0.09955807  0.03544256
  0.1040578   0.05149019  0.23620738 -0.05754946 -0.02164    -0.00659284
 -0.15626702  0.10369173 -0.20809405 -0.09475484 -0.04131409 -0.13177107
 -0.07879201 -0.18836632  0.15666394  0.01811908  0.20936352 -0.06552771
 -0.01318822 -0.05567581 -0.05657792  0.08430933  0.04768716 -0.17132875
  0.02003735  0.00831799 -0.03484889 -0.02094409  0.129732    0.07497637
 -0.04932344 -0.13143605 -0.05038548  0.01128504 -0.11583365  0.0432899
  0.01761018 -0.05326162  0.11741855 -0.11035038  0.0820176  -0.13608888
  0.05180807 -0.01489513  0.13401414 -0.05319565 -0.10095572 -0.22061034
 -0.1259296  -0.05695602 -0.04044074  0.02952786 -0.0285429  -0.00809424
  0.20430206  0.01561913  0.0911496  -0.03117702  0.08906607 -0.17522639
 -0.10096665  0.04258864  0.03138005  0.03357633 -0.0176862   0.04545044
  0.02861326 -0.09451699  0.09251451 -0.08746148  0.24619682  0.1410386
 -0.02554997 -0.09357604 -0.15878168 -0.09819916  0.08265956 -0.03233463
  0.07520942  0.08005498  0.01159004 -0.08219827 -0.00130197 -0.2536931
  0.08884794  0.13313383 -0.02864877 -0.06276885 -0.05888825  0.01634214
  0.07575724  0.0547782  -0.14768901 -0.02785437  0.07388681  0.07911907
 -0.01198768 -0.1241029  -0.04819598  0.1493373  -0.12658669  0.04888245
 -0.19562973  0.0756111   0.13225853 -0.01754021  0.18159163  0.00844178
 -0.08496315  0.20727961 -0.0130063  -0.01296197 -0.02557888 -0.12807284
 -0.0424655   0.13104929 -0.09792892  0.05013142 -0.04455574  0.08258149
 -0.294285    0.02338538  0.02055437 -0.00721725 -0.03120254 -0.02202046
 -0.21829978 -0.05873133  0.02477558  0.17013983 -0.04219546 -0.03942823
  0.19195254 -0.18021639 -0.01782963  0.17801364 -0.17201172 -0.10892343
 -0.03290595  0.13959073  0.03797188  0.20060688 -0.04250517 -0.22716583
  0.09837447  0.1096708   0.19512935 -0.17941141 -0.09768257 -0.09186471
 -0.02747638 -0.19318081  0.00308293  0.07198051 -0.04855423  0.22174473
  0.11768816  0.14149618  0.09740373 -0.14045164 -0.15147358 -0.12643169
 -0.0252699   0.10965315 -0.09544931 -0.05866709  0.00073021  0.13123438
  0.00778096 -0.03803766 -0.07613428  0.02930516 -0.07004979 -0.14919008
 -0.07020798  0.08705638  0.0600738  -0.09685964  0.06149402  0.2530782
  0.02444991 -0.027313    0.21480396  0.29226565  0.06451527 -0.07152105
  0.08836321  0.00733554  0.04001819  0.05982628 -0.10093316  0.26462898
 -0.24742319 -0.10517983 -0.1805154  -0.17595764 -0.16593142  0.14702941
  0.06300806  0.13621041  0.13439222 -0.07217191  0.19147082  0.00732045
 -0.01528276 -0.05051285  0.05106084 -0.11467017  0.2272437   0.10124453
  0.12373143 -0.16612643 -0.03892436  0.10889895 -0.02265988 -0.11526286
 -0.04671453 -0.02270997  0.03890823 -0.00972506  0.19109951  0.0574675
  0.06513991 -0.17642815  0.11735191 -0.07996639 -0.01227051  0.13961074
 -0.02402566 -0.00383889 -0.11132204  0.24421203 -0.18296167 -0.20158346
  0.03783565  0.0154077   0.03925276  0.08835286  0.02121902  0.02496351
  0.09886599  0.19875912 -0.01687831  0.07392871 -0.09869976  0.00802827
  0.07971198  0.06630379]