http://erau.edu/ontology/meme.owl#MyDadJustTextedFromAcrossTheTableMeme
[-1.76109150e-01 -1.42865360e-01  2.01897100e-02  5.52636161e-02
 -5.80842160e-02  7.80871585e-02  6.41473904e-02  1.29897863e-01
  9.71873999e-02 -1.04625717e-01  8.60634670e-02 -2.27990821e-02
 -1.08485306e-02 -1.22753769e-01  2.61149812e-03  1.12669423e-01
  1.24938548e-01  2.83918101e-02  6.53302670e-02  1.47198468e-01
 -2.32761741e-01  9.96654034e-02  9.33268517e-02 -7.15023503e-02
  2.47150719e-01 -7.72431493e-02  8.47321898e-02 -1.44480720e-01
  3.42608362e-01  2.49004245e-01  1.32829025e-01  9.28958785e-03
 -9.71407536e-03 -5.68393357e-02 -4.79758158e-02  1.43206045e-01
 -1.21345706e-01  1.11817168e-02 -1.43399999e-01 -1.67930230e-01
  8.91210809e-02  1.73984542e-01 -1.48376793e-01  1.58869535e-01
  8.59701857e-02  8.42780224e-04 -5.14693633e-02 -1.59326196e-01
  9.06225145e-02  4.96874005e-02  8.14414695e-02  1.01256771e-02
 -9.80980545e-02 -1.17029071e-01 -3.45943458e-02 -2.88466830e-02
  1.42462939e-01  1.11758495e-02  1.75584946e-02  9.53842923e-02
  1.06035434e-01 -8.73795338e-03  1.53063923e-01  2.66623013e-02
 -5.73987477e-02 -5.11472709e-02  4.72065657e-02  4.05076072e-02
 -3.85341309e-02 -1.09725021e-01 -1.25410944e-01  5.64809814e-02
  2.27433797e-02  1.83163991e-03  1.14182718e-02  5.74362241e-02
 -8.86021182e-02  1.28891096e-01  4.76935729e-02  3.31994779e-02
 -3.21852006e-02 -3.11000086e-02  3.92553136e-02 -6.61979765e-02
  9.82516445e-03 -3.08357105e-02 -1.19033433e-01  1.39699876e-01
  1.16337210e-01 -4.31121252e-02 -3.05021927e-02 -2.05219850e-01
 -1.16721867e-02 -8.55581388e-02 -6.59003481e-02  6.11555837e-02
 -4.07686569e-02 -6.01841100e-02 -4.61867750e-02 -8.20430145e-02
  1.22701310e-01  3.19962241e-02  2.84966230e-01 -7.01349750e-02
  1.23765673e-02 -3.77600710e-03  1.12317421e-01 -3.19523341e-03
 -5.71227670e-02 -8.02226886e-02  6.84351772e-02 -3.72586437e-02
 -4.89086322e-02 -9.88124534e-02  5.16130179e-02  8.20522010e-02
 -2.02704936e-01 -1.45887539e-01 -4.67142798e-02 -9.60657820e-02
 -1.59262717e-02 -1.77760750e-01 -9.32900384e-02  1.91214547e-01
  1.28702834e-01 -1.56371981e-01 -5.55064157e-02  7.52289081e-03
  4.20046374e-02  5.17497910e-03 -2.12803513e-01 -3.91978957e-02
 -1.11089431e-01 -1.26729369e-01 -1.53168052e-01  1.58118874e-01
 -8.34514648e-02 -8.06470662e-02 -1.55434832e-01 -3.05510480e-02
 -3.00349265e-01  1.33559965e-02  1.28206328e-01 -2.70065051e-02
  2.43364647e-01 -1.82979003e-01  8.35429728e-02 -1.06896706e-01
 -9.00493488e-02  1.50227085e-01 -1.15008228e-01 -1.53334051e-01
 -1.83022954e-02  9.70295146e-02 -8.55735764e-02  1.06172465e-01
 -1.12316951e-01  2.77833253e-01  3.31780687e-02 -1.23385549e-01
 -5.99466218e-03 -1.52782038e-01  2.63359435e-02  9.36677959e-03
 -2.00171441e-01 -1.83952317e-01 -1.74440995e-01  9.90466103e-02
 -1.51649699e-01  1.34633362e-01 -5.26668951e-02  1.83487400e-01
  1.21526189e-01  5.85022457e-02 -8.58591422e-02  2.56807078e-02
 -5.27075082e-02 -2.97411643e-02  8.51000994e-02 -9.96059328e-02
 -4.56196889e-02  9.16212946e-02 -9.38945217e-04  1.57259911e-01
 -4.36989293e-02 -1.12744667e-01  1.40516818e-01  9.15854946e-02
  9.58050787e-02 -9.85344723e-02  2.10093185e-02 -2.76180822e-02
 -4.04651463e-02 -3.82786840e-02  7.36332163e-02 -2.73062568e-02
 -6.04782775e-02  4.86456752e-02 -3.31736319e-02 -6.09491728e-02
 -6.00522049e-02 -2.97304522e-02 -3.73169407e-02 -1.04518561e-02
 -5.58877587e-02 -2.32578009e-01  8.45268518e-02 -5.71895204e-02
 -1.74460541e-02  1.14634931e-01  2.40466714e-01  1.02096967e-01
  3.97749692e-02 -9.62344408e-02  9.58613530e-02 -6.29870570e-04
 -9.23953652e-02 -1.60974905e-01  1.62396073e-01  5.01249135e-02
  1.65865898e-01  2.79806592e-02 -1.22758873e-01 -7.16615096e-02
 -2.11754739e-02 -5.01146913e-02 -7.56473914e-02 -7.43218604e-03
 -1.13506697e-01  4.42637736e-03 -1.64937004e-02  1.02071911e-02
 -1.10875092e-01 -1.67899713e-01  3.22058909e-02 -5.03198840e-02
 -8.79957303e-02 -4.14247476e-02  7.75237083e-02 -1.65230662e-01
  6.67282343e-02  6.07892616e-06  7.11053908e-02 -1.42353987e-02
 -2.62817264e-01 -5.89404674e-03 -1.42746136e-01  3.31391618e-02
 -9.21430588e-02  7.50341341e-02  6.35151193e-02 -3.38123702e-02
  1.08113363e-01  5.71926609e-02  1.94863334e-01 -7.64255896e-02
 -1.36634350e-01  5.66772139e-03 -3.14065367e-02  1.32975459e-01
 -9.66729224e-02 -4.67428342e-02 -1.49716123e-03 -1.36481136e-01
 -6.97388947e-02 -6.39524311e-02  7.24677183e-03  4.47244337e-03
 -9.02236719e-03 -7.11695552e-02 -4.46525365e-02  2.89062168e-02
 -5.71251214e-02  3.34033184e-02  8.26220587e-02 -2.05011070e-02
  8.91805291e-02  5.34059340e-03  2.20179558e-02  6.47657588e-02
  9.46270451e-02  1.30419493e-01 -1.03036106e-01 -6.21767379e-02
 -1.02843828e-01 -9.42672193e-02 -8.35963488e-02 -3.84319536e-02
  4.54162918e-02 -1.04812466e-01 -4.85706665e-02 -5.63918240e-03
  8.91165733e-02 -2.49754451e-02  7.61172771e-02  1.35129299e-02
  7.16068372e-02  1.17887640e-02 -1.22840628e-01 -1.18177347e-02
 -9.13926736e-02  9.13341418e-02  4.33826484e-02  1.71455026e-01
  2.28851587e-02 -2.56817285e-02  1.52867332e-01 -9.81356129e-02
 -7.75182247e-02  2.24068649e-02  1.34193674e-01 -2.33052596e-01
  3.35245556e-03  2.53237709e-02 -8.28109309e-02 -1.41997086e-02
 -7.54148187e-03  1.66092888e-01 -1.17251225e-01 -5.29233888e-02
  1.11700304e-01 -1.53600276e-01  1.31098017e-01  1.48514375e-01
 -9.73713323e-02  2.61183213e-02 -6.25271127e-02  1.78123601e-02
  1.78026184e-01  5.53238858e-03 -3.28340265e-03 -5.51609285e-02
  1.02861993e-01 -7.99473748e-02 -1.23358935e-01 -1.90010041e-01
  8.48992839e-02  1.27110884e-01 -8.85264426e-02  1.36913702e-01
 -1.82789937e-02  1.28531411e-01 -9.06658173e-02 -7.53077343e-02
 -2.53661036e-01 -1.14768595e-02 -1.21274218e-01  2.14854300e-01
 -4.18935530e-02 -9.56496224e-02  4.85978741e-03  1.08130708e-01
 -1.07574940e-01  1.91515535e-01 -1.91161677e-01  1.07596643e-01
  8.13527927e-02 -2.70573422e-02  1.82154909e-01 -1.31135091e-01
 -1.47315800e-01  2.05754817e-01  3.32439952e-02  4.86363284e-02
  1.36463400e-02  1.88470650e-02 -1.51563376e-01  7.91471153e-02
 -1.32958675e-02  3.54487747e-02 -5.86111583e-02 -6.90352097e-02
 -2.73822874e-01  1.20685346e-01  4.44136597e-02 -8.71457681e-02
 -1.10403001e-01  8.84921923e-02  8.19617063e-02 -8.49605501e-02
  1.03400201e-01  2.31804758e-01 -3.85987945e-02 -9.12087560e-02
  1.09192804e-01 -1.33665323e-01 -2.98821718e-01  2.20299512e-01
 -9.86548513e-02 -2.30538696e-01 -1.97695997e-02  9.27815065e-02
 -4.92468178e-02  2.57575035e-01 -1.16428178e-04 -2.86900431e-01
  1.09841883e-01  2.97762994e-02  4.60424900e-01 -8.09199214e-02
 -1.28867850e-01 -1.13756269e-01  8.38958193e-03 -3.05115074e-01
 -2.84076512e-01  1.67026445e-02 -2.62757502e-02  3.94557506e-01
  2.15077430e-01  8.97921473e-02  1.59383506e-01 -1.83486909e-01
 -2.07361832e-01 -6.31378666e-02 -4.24432307e-02  1.25511363e-01
 -2.38012612e-01 -1.17159322e-01 -5.14666438e-02  1.60861522e-01
  1.64001241e-01 -3.99733447e-02 -1.68022305e-01 -8.09774641e-03
  2.07471773e-02 -2.19800442e-01 -1.69976312e-03  1.06692679e-01
  2.02213615e-01 -3.78361195e-02  1.17472671e-01  3.29348385e-01
  1.71976089e-01 -1.36589363e-01  1.46894440e-01  2.74622440e-01
  7.82803725e-03 -4.37261686e-02 -5.23503311e-03  1.42731488e-01
  7.45793730e-02  9.44448709e-02 -1.28536552e-01  3.43201607e-01
 -3.96684617e-01 -5.61059304e-02 -2.20338672e-01 -1.47004679e-01
 -3.76470126e-02  6.28110692e-02  1.36414066e-01  1.76482573e-01
  1.50260195e-01 -1.04873635e-01  2.57360309e-01 -6.93480447e-02
  1.35011986e-01  1.14522122e-01  1.34039000e-01  7.45578669e-03
  2.91198820e-01  6.28619641e-02  1.79258764e-01 -8.02083388e-02
 -3.49067971e-02  1.19141452e-01  6.26410246e-02 -1.81934357e-01
 -5.90261072e-02  8.76859948e-02  1.30914345e-01  1.98190343e-02
  1.20541021e-01  1.54818401e-01  1.02121755e-02 -1.62753880e-01
  1.32465884e-01 -1.94414243e-01 -5.76864779e-02  1.70642257e-01
 -2.75146961e-02 -1.58176005e-01 -1.89507920e-02  3.87224853e-01
 -1.75975084e-01 -1.81205377e-01 -6.21670224e-02 -5.96888214e-02
  1.32124260e-01 -3.18748988e-02 -1.30364269e-01 -6.02179542e-02
 -5.47406934e-02 -3.90851535e-02  1.64893031e-01  3.78295444e-02
 -6.29169941e-02 -1.46583706e-01  1.10609703e-01  1.32254317e-01]