http://erau.edu/ontology/meme.owl#TheHoldernessFamilyMeme
[ 7.27876574e-02 -3.17457691e-02  1.35505348e-01 -2.81383432e-02
  6.35526795e-03  9.19981822e-02  2.37529963e-01  5.98952686e-03
  8.54067225e-03 -8.03173035e-02  7.80041367e-02 -1.28026993e-03
 -2.11744711e-01  2.26580035e-02 -8.62254724e-02 -1.18015893e-02
  4.47031762e-03  1.66657865e-01 -1.51277333e-01  9.51498151e-02
 -1.72504470e-01  5.53621948e-02  1.91688254e-01 -8.50952789e-02
 -2.43594707e-03 -2.02569924e-02  8.69634897e-02 -4.57285941e-02
  2.50040561e-01 -1.27635330e-01  3.75818685e-02  1.28288627e-01
  1.65290192e-01 -4.87112962e-02 -9.55858752e-02  2.60029435e-01
 -1.31265581e-01  8.66924599e-02 -2.56716870e-02 -2.91141346e-02
 -9.55131650e-02  2.22583354e-01 -3.99224669e-01 -7.22036436e-02
 -1.78371817e-02  2.09991839e-02  6.33964688e-02 -5.84395453e-02
  1.31154852e-02 -3.98005499e-03  1.23039521e-01 -6.92001879e-02
 -5.31419404e-02 -8.42918828e-02 -1.61761642e-01 -1.09380528e-01
  1.59651458e-01 -2.06434205e-01  1.20352823e-02  6.15625419e-02
 -9.03119221e-02 -1.00478359e-01  1.13501996e-01  1.08082175e-01
 -2.74616688e-01 -1.71229005e-01 -4.07707691e-02 -2.91531086e-02
 -8.90850201e-02  5.84673509e-02 -3.87240015e-02  1.85863689e-01
  1.90899819e-01  2.45021269e-01 -5.93921682e-03  1.13860726e-01
 -1.57459244e-01  1.42333796e-02  1.93950862e-01  9.49403495e-02
  1.58668961e-02 -1.37836695e-01 -1.74443588e-01 -2.39665017e-01
  3.75692137e-02 -9.46401581e-02 -8.68944973e-02 -4.44596447e-02
  7.76185393e-02 -4.63298038e-02 -7.59307444e-02 -3.90697151e-01
  9.20051336e-02  7.76614202e-03 -1.89882405e-02  1.81603467e-03
 -7.70292357e-02 -8.79597198e-03  6.23676330e-02 -8.09866264e-02
  6.98485374e-02 -8.08168054e-02  3.34938437e-01 -6.60158172e-02
  9.43835527e-02  9.08769518e-02  1.28112152e-01  4.54826914e-02
  1.71544284e-01 -3.92550677e-02 -4.86596376e-02  1.81105673e-01
 -5.53344190e-03 -1.66841134e-01  7.46917725e-02  8.10330454e-03
 -1.98063493e-01 -6.54275864e-02  6.90907612e-02  1.00361958e-01
 -1.26452312e-01 -1.94187218e-03 -1.82444587e-01  6.13827631e-02
  1.03453606e-01  2.93446723e-02  1.02726491e-02  1.12102076e-01
  2.45400071e-01  4.89233434e-03 -2.04938889e-01 -1.18218869e-01
 -3.96031439e-02 -2.52619735e-03  6.74013514e-03  1.98609367e-01
  4.77958992e-02  5.94696477e-02 -1.63604975e-01  2.00059172e-02
 -2.04287603e-01  1.22858614e-01  1.18621156e-01  1.49660498e-01
  1.65757731e-01 -9.66485813e-02  1.07133880e-01 -1.08027473e-01
  1.22936718e-01  2.09420249e-01  3.23767178e-02 -5.77058680e-02
 -4.40880656e-02 -1.85680717e-01 -2.49229595e-02  4.48967516e-02
 -1.82226419e-01  1.67220250e-01 -1.86606683e-02 -2.12534159e-01
  8.39237943e-02 -1.76789656e-01 -2.02281252e-01  7.37844082e-03
 -2.53564954e-01 -1.23689890e-01 -4.13948856e-02  2.68567473e-01
 -2.43014336e-01  1.16167910e-01  1.73342135e-02  7.27596357e-02
  1.55037507e-01  2.30773672e-01 -2.78806314e-02 -1.30437717e-01
 -6.21614270e-02  6.63275495e-02  2.25877658e-01 -4.04754542e-02
 -1.00036412e-01  1.24507322e-04  1.46222860e-01  1.41090131e-03
 -4.61029932e-02 -6.69284016e-02  1.09923415e-01  1.29918993e-01
  1.86109349e-01  7.41601959e-02 -6.75807223e-02 -1.94101762e-02
 -1.23260714e-01 -1.63310394e-02 -1.50109321e-01  5.41759171e-02
 -1.36047378e-02  5.85818402e-02 -5.87070808e-02 -4.99551520e-02
 -1.47829289e-02 -9.07827821e-03  1.35098100e-01 -1.51639720e-02
 -7.16963038e-03 -1.50975153e-01  1.22938968e-01  1.17552049e-01
  7.58868754e-02  8.38332251e-02  1.78574622e-01 -1.78166516e-02
  5.05394943e-04  2.76002754e-02  4.30103391e-02 -7.15917721e-02
 -7.37959892e-02  3.64761762e-02  1.56455338e-01  1.21872656e-01
  2.03184634e-01  2.14395538e-01 -6.25500572e-04  1.73018724e-01
 -5.29427640e-02 -1.31696716e-01 -6.85491338e-02 -2.26751249e-02
 -7.96310827e-02 -7.57376477e-02  1.17153183e-01 -1.19047742e-02
 -5.55722937e-02 -7.99888521e-02  5.54096103e-02  1.50546551e-01
 -1.23600878e-01  3.91226523e-02  1.11282945e-01  5.82056567e-02
 -7.44578466e-02  4.73006628e-02  6.94438964e-02  6.48515001e-02
 -2.21241385e-01 -1.34145707e-01 -3.33075225e-01  1.00093506e-01
 -1.46271840e-01  1.73658758e-01 -1.65814292e-02  2.40382887e-02
  1.20535992e-01 -2.39761621e-02  2.64647126e-01 -2.44693495e-02
 -9.34180170e-02 -6.19354956e-02 -4.46887687e-03 -1.38752341e-01
 -1.85935453e-01 -1.42935142e-01 -1.65577993e-01 -1.65798366e-01
 -1.01088308e-01 -2.01706380e-01  1.78094991e-02  8.42726529e-02
  1.14208795e-01  7.73366727e-03 -3.75514440e-02 -7.87286609e-02
  2.88147107e-02  5.83850965e-02  2.19687656e-01 -8.60678405e-02
  1.61243260e-01  1.51883615e-02 -7.86853582e-02  1.38173327e-02
  1.08281545e-01  1.98110595e-01 -1.75575003e-01 -1.45352140e-01
 -1.84954077e-01  9.16599780e-02 -8.90159234e-02 -6.94984347e-02
 -1.12321027e-01 -7.62453973e-02  1.90727130e-01  1.22652017e-02
 -6.75324649e-02 -1.40557319e-01 -4.02369574e-02  4.81844917e-02
  2.22808614e-01 -4.90069650e-02 -3.22927237e-02 -2.23365232e-01
 -8.03395659e-02  5.89107089e-02  2.06932295e-02  1.70843974e-02
 -1.53106973e-01 -1.27430752e-01  1.40453726e-01 -8.35729390e-02
 -5.16757891e-02 -1.63345132e-02  2.22727373e-01 -1.51751950e-01
  4.26839106e-03 -6.44144118e-02 -1.49112538e-01  1.18910642e-02
 -1.80519577e-02 -8.54225084e-02  1.72558114e-01 -1.26541167e-01
 -2.20328104e-02 -1.74291477e-01  1.79731593e-01  1.74643502e-01
  3.27659100e-02  3.92871201e-02 -8.49273428e-02 -4.66088485e-03
  2.60616481e-01  1.19842842e-01 -1.34721082e-02  3.03333569e-02
 -3.38098779e-02 -5.10631241e-02  1.26602739e-01 -1.57482833e-01
  1.32996678e-01  1.39604449e-01  7.11606666e-02  4.04732972e-02
  6.23452365e-02  4.92004529e-02 -6.07058927e-02 -5.81669137e-02
  1.89465396e-02 -4.47099023e-02 -1.20319493e-01  2.01920979e-03
  2.31636316e-01 -1.89682588e-01 -7.94791132e-02 -1.49446148e-02
 -2.24327803e-01  1.57227933e-01 -2.55443722e-01  1.22694701e-01
  2.79483125e-02  8.91010165e-02  1.92905113e-01 -8.47991928e-02
 -2.40440816e-02  6.88767731e-02 -6.23946078e-02 -2.52362583e-02
  8.64073038e-02 -4.32912707e-02 -2.01316923e-02  1.95049480e-01
 -5.16196415e-02 -6.90360367e-02  7.54252672e-02 -1.75585255e-01
 -1.50278687e-01  8.62186849e-02 -3.53801809e-02 -2.54647550e-03
 -2.19228834e-01  1.39315031e-03 -1.72036812e-01 -2.45039165e-02
 -7.11375400e-02  2.52476901e-01 -2.08429784e-01 -1.21516630e-01
  6.19743913e-02 -6.35647848e-02 -1.35185122e-01  4.28542569e-02
 -4.20146249e-03 -3.97111895e-03  3.25875767e-02  3.21490429e-02
 -3.24529596e-02  1.96348935e-01 -1.11293636e-01 -2.18287528e-01
  2.76356339e-02  1.74327027e-02  2.14201793e-01  4.64475006e-02
  4.77710739e-02 -1.36549428e-01  5.32564037e-02 -6.46114573e-02
 -4.64999536e-03  1.03533361e-02  1.15662976e-03  1.27943888e-01
  1.38438210e-01  2.32007056e-02  2.42244333e-01 -1.91935331e-01
 -7.42521137e-02 -7.06542134e-02 -1.10092774e-01 -1.73049886e-02
 -2.11479440e-01 -1.31066233e-01  8.02240148e-03 -8.23149923e-03
  1.54810056e-01 -1.34883346e-02 -2.78198123e-01  1.71678199e-03
  2.93817185e-02 -1.72839522e-01 -7.28822425e-02 -2.35522427e-02
  1.34629279e-01 -3.26079726e-02  2.06671432e-01  1.91138074e-01
  1.39333263e-01 -4.47328128e-02  3.15262288e-01  2.22722590e-01
  9.07166526e-02 -2.18629688e-01  7.28520527e-02  1.63109645e-01
 -8.15798528e-03  1.83195129e-01 -1.70945585e-01  3.55551392e-01
 -3.07264715e-01 -2.30909176e-02 -1.97733074e-01 -9.02646333e-02
  7.66436383e-02 -1.64498610e-03 -7.64804259e-02  5.68007827e-02
  2.26629108e-01 -4.49868292e-02  2.37624168e-01  3.02540418e-02
  1.27993166e-01  3.33479582e-03 -3.98147143e-02 -4.52269763e-02
  5.18368594e-02  1.25218913e-01  1.17848366e-01 -3.84844765e-02
 -6.37380853e-02  2.71907598e-01  5.76611571e-02 -5.94670735e-02
 -5.07506728e-02  1.03418253e-01  2.63764739e-01  7.78886527e-02
  2.92763412e-01  1.77828982e-01 -3.50189172e-02 -2.17649043e-02
  8.02456588e-02 -3.54366779e-01  6.84469044e-02  9.98346806e-02
  2.24783480e-01  1.16331831e-01 -6.57046735e-02  2.34738097e-01
 -1.97659999e-01 -2.37984851e-01 -2.44096387e-03 -1.01062901e-01
  2.16444388e-01  9.60690230e-02 -1.37669310e-01 -7.48033775e-03
 -7.16705769e-02 -1.36891827e-02  1.69827446e-01 -4.96957488e-02
  3.16824913e-02 -1.53399214e-01  1.80441216e-02  1.31046519e-01]