http://erau.edu/ontology/meme.owl#KimPossibleMeme
[-1.25732776e-02 -1.23207077e-01  1.10668980e-01  2.26884242e-02
 -9.51809660e-02 -3.47367190e-02  9.45425332e-02 -3.56743596e-02
 -1.89502873e-02 -4.60381135e-02  2.23182529e-01  3.63391675e-02
  7.76802152e-02  7.61332065e-02 -9.47648138e-02 -9.89756063e-02
  1.07363649e-01  1.43214017e-01  1.13681264e-01  1.23565914e-02
 -2.05531895e-01  1.31231979e-01  2.42036983e-01 -8.97957310e-02
  6.50815889e-02 -1.71360709e-02 -9.78684425e-02 -9.09866020e-02
  3.12242180e-01  1.19028963e-01  4.63786982e-02  1.56613201e-01
  8.90841782e-02 -1.21497616e-01 -2.88528968e-02  2.11017385e-01
 -4.60639559e-02  9.95317996e-02 -4.57207449e-02 -1.85964584e-01
 -4.62607853e-02  2.48560712e-01 -2.12700248e-01 -1.33845815e-02
  1.35398164e-01 -4.15662713e-02  1.29635796e-01  6.15407303e-02
 -4.43323515e-02  7.82479942e-02  3.09699457e-02 -1.77882910e-02
 -1.36714876e-01 -1.17634743e-01 -3.02053988e-02 -7.30609000e-02
  1.69578835e-01 -1.08447976e-01  1.57822907e-01  1.91576049e-01
 -1.00552462e-01 -9.58056599e-02  1.81349367e-01  1.64014071e-01
 -1.39006823e-01 -7.95457289e-02  1.04554202e-02  6.15179213e-03
 -6.41542897e-02 -4.82246280e-02 -7.31158927e-02  8.90797451e-02
  2.32449640e-03  1.32753933e-02  6.81058913e-02 -7.12749315e-03
 -5.93052283e-02  3.42899337e-02  1.59452125e-01 -2.50754994e-03
 -1.36098966e-01 -7.94525370e-02 -2.56809872e-02 -1.47924662e-01
  6.19296581e-02 -3.09207756e-02 -2.33834842e-03  9.62309316e-02
  1.32130370e-01  5.21911345e-02 -6.31244928e-02 -2.36658484e-01
  1.72980838e-02 -8.57814550e-02 -1.57466948e-01  1.08938009e-01
 -8.76747966e-02 -5.14314957e-02  1.39724240e-02 -2.10433756e-03
  9.76731479e-02  1.10923648e-01  1.18954852e-01 -7.02919587e-02
 -8.64679143e-02  3.38282436e-03  1.43973142e-01 -6.50068521e-02
 -3.83467530e-03 -1.42499998e-01 -4.13367152e-02 -3.49677205e-02
 -1.25619724e-01  1.02742587e-03  1.42008007e-01  6.48133084e-02
 -1.41836822e-01 -2.12158531e-01  1.82291776e-01 -1.52532652e-03
  7.46253356e-02 -1.21245280e-01 -9.10672545e-02  2.90013105e-02
  3.79560329e-02 -6.91733807e-02 -7.39419535e-02  5.98780289e-02
  9.11717862e-02 -4.85822186e-02 -2.09915236e-01 -6.66159466e-02
 -1.27843767e-01 -9.63103995e-02 -7.47311711e-02  2.15109378e-01
 -3.15773785e-02 -1.02311142e-01 -1.02716804e-01  1.02973290e-01
 -1.80488706e-01 -1.07069209e-01  1.35066405e-01  1.01888031e-01
  1.34420112e-01 -2.29961514e-01  1.05142273e-01 -1.24506228e-01
  1.11961439e-02  8.06266963e-02  6.41373470e-02 -1.47301033e-01
 -1.55266058e-02 -1.04000056e-02 -3.36208753e-02  5.65157831e-02
 -1.21816322e-01  2.39287257e-01  6.59879893e-02 -1.45795690e-02
  3.72426286e-02 -1.02796247e-02 -1.02549437e-02  7.28547573e-02
 -3.09890896e-01 -1.55784413e-01 -1.37872836e-02  1.42438397e-01
 -2.09714144e-01  1.13658682e-01 -4.45491858e-02  8.59289765e-02
  2.52036214e-01  1.34716183e-01 -1.78670399e-02 -1.71222072e-02
 -7.20351189e-02 -5.62676564e-02  6.69970438e-02 -3.20162252e-02
 -1.48473829e-01 -3.90262008e-02  2.54690591e-02  1.74701661e-02
 -9.80368406e-02 -3.94129716e-02 -1.02545256e-02  2.44550314e-02
  2.26360515e-01 -1.07054740e-01  7.65974261e-03 -1.48705900e-01
 -1.33920088e-01 -6.14179410e-02 -1.40880735e-03 -5.72227500e-02
  2.52889190e-02  1.73166275e-01 -1.21517465e-01  1.98268667e-02
  3.76782008e-02 -3.66186611e-02  1.00162216e-01 -1.94683135e-03
 -5.93735799e-02 -2.98789054e-01  2.85345316e-02 -4.98046502e-02
  2.44350478e-01  1.79830194e-01  2.36506999e-01  1.31227612e-01
 -1.93403754e-02 -1.26051586e-02  3.34542356e-02 -5.41529022e-02
 -3.79918031e-02 -1.26207411e-01 -2.58887056e-02  2.34713480e-01
  1.24609977e-01  2.10992992e-01 -1.24094360e-01  5.67144938e-02
 -1.33809401e-02  1.75398439e-02 -9.68661681e-02  6.96615875e-02
 -1.28341064e-01 -2.89230831e-02  2.74257199e-03  4.33101170e-02
 -1.25470683e-01 -6.52272776e-02 -1.36996567e-01  2.90105268e-02
 -9.07411054e-02 -4.02724259e-02  8.97722542e-02 -5.66337556e-02
 -9.56813693e-02 -5.50104014e-05  4.56540771e-02 -7.35333469e-03
 -3.67252558e-01  4.01778333e-03 -1.06082663e-01  3.26846465e-02
 -8.26584473e-02  5.12021743e-02  1.95646342e-02 -5.19663393e-02
  1.27207577e-01 -1.08745724e-01  1.43220738e-01 -4.68503423e-02
 -1.20397285e-01  5.65352030e-02 -2.33299541e-03  4.58108224e-02
 -1.68446586e-01 -3.71490419e-02 -2.58314405e-02 -2.96047889e-02
 -4.28024754e-02 -9.99482647e-02  3.57345045e-02 -5.31655923e-02
  8.77278745e-02 -1.79735690e-01 -8.25073570e-02 -7.86022618e-02
 -4.38070744e-02  3.31917703e-02  1.28135592e-01 -1.49962351e-01
  8.43902603e-02  1.46456152e-01  8.63567274e-03  3.01243737e-02
  6.55182675e-02  7.47437477e-02 -7.16187358e-02 -7.77900368e-02
 -1.49672300e-01 -1.78536326e-02 -2.29862988e-01 -5.30980621e-03
 -5.46234995e-02 -1.52632654e-01  9.41845402e-02 -9.67855081e-02
 -1.03676701e-02 -1.25703022e-01  6.05568551e-02 -3.03415563e-02
  1.86273038e-01 -4.19199392e-02 -2.32142434e-01 -1.39478132e-01
 -1.21055894e-01  5.77728786e-02  7.54065812e-02  6.76180720e-02
 -7.36622363e-02 -1.05403308e-02  2.58031040e-01 -1.84392296e-02
  1.21621042e-02 -3.82379144e-02  2.22483665e-01 -2.63981462e-01
  8.86039529e-03 -4.26242761e-02 -1.14107378e-01 -1.29576016e-03
 -1.81067642e-02  1.08072884e-01  4.14038487e-02 -7.73833469e-02
  7.32793584e-02 -8.15486684e-02  1.01239048e-01  2.08749935e-01
  6.33422285e-02 -3.88989076e-02 -1.89082012e-01  3.73362489e-02
  1.47818774e-01 -6.30487502e-02 -1.39762219e-02 -1.03314996e-01
  7.07812607e-02 -1.90227956e-01  7.49746263e-02 -1.69571623e-01
  7.66146109e-02  1.37210011e-01  8.23432393e-03  1.69110879e-01
  6.59281462e-02  8.13522562e-02 -1.91603571e-01 -8.56470466e-02
 -2.13345036e-01  1.40092283e-01 -1.91810399e-01  5.26886769e-02
  3.35093029e-02 -1.22298673e-01 -5.56767322e-02  2.86635458e-02
 -1.03310734e-01  2.26252899e-01 -5.72521724e-02  3.62138674e-02
  8.02368373e-02 -1.34290010e-02  1.91524878e-01  1.07559608e-02
 -6.47740811e-02  1.79319277e-01  3.66491415e-02 -9.08341929e-02
  8.37398618e-02 -7.04931915e-02 -7.90628567e-02 -7.69830048e-02
 -3.26777995e-02  1.03582041e-02 -8.18878636e-02  1.67460006e-04
 -3.12069744e-01  8.91284198e-02  4.53714021e-02 -1.73902977e-02
 -1.68308005e-01  7.09949806e-02  6.70439824e-02 -7.23838583e-02
  1.25757262e-01  2.16658399e-01 -6.11604638e-02 -1.29503712e-01
  1.31477609e-01 -2.81386852e-01 -1.07268795e-01  1.54752791e-01
 -9.60800126e-02 -1.17280953e-01 -6.82181641e-02  1.08734347e-01
 -4.58658449e-02  4.33855265e-01 -6.88952208e-02 -3.45598549e-01
  1.11302294e-01  9.84303057e-02  4.28969115e-01 -2.07201302e-01
 -7.18449876e-02 -1.44305035e-01  5.10232374e-02 -2.69490808e-01
 -1.63085416e-01 -5.02820946e-02  6.43694028e-02  4.14521426e-01
  1.56675771e-01  7.75909470e-03  2.58249104e-01 -1.23169258e-01
 -1.48969650e-01 -1.13221563e-01 -2.75715012e-02  1.59111053e-01
 -1.83437064e-01 -4.49475273e-02 -4.29062508e-02  2.55337618e-02
  2.03807622e-01 -6.14122860e-02 -6.73724338e-02 -6.76340833e-02
  1.01232961e-01 -1.58829436e-01 -1.01130202e-01  2.99586635e-03
  1.22979403e-01 -4.10199538e-02  1.06943555e-01  2.01886684e-01
  9.96715054e-02 -4.21282612e-02  1.72072589e-01  2.68416077e-01
  1.06109634e-01 -1.82311032e-02  6.15523604e-04  1.65898323e-01
 -1.63366497e-02 -1.30360099e-02 -9.56757367e-02  2.37720743e-01
 -2.52397060e-01 -4.98915464e-02 -1.58810675e-01 -1.86101794e-01
 -8.38767216e-02  8.23630467e-02  1.29581124e-01  6.68835193e-02
  1.59386337e-01 -3.96297127e-02  2.27493793e-01  1.17121652e-01
  5.09483702e-02 -4.53080572e-02  4.18832712e-02 -5.31703345e-02
  1.65121421e-01  9.73829776e-02  7.83571750e-02 -4.11139280e-02
 -2.82052010e-02  1.60033777e-01  1.24156196e-02 -1.99764088e-01
  2.32352950e-02 -1.64655112e-02  9.08640251e-02 -1.02688916e-01
  9.44204926e-02  1.54770106e-01 -1.73548481e-03 -2.18921199e-01
  1.04114309e-01 -9.93494093e-02 -4.21676375e-02  1.56570151e-01
  2.84371413e-02 -2.05866359e-02 -4.65681925e-02  1.73394501e-01
 -1.31221846e-01 -1.21277943e-01 -5.66095337e-02 -4.38059978e-02
  9.36946273e-02  5.65650202e-02  8.81255139e-03  2.36580931e-02
  6.24892823e-02  3.63312811e-02 -2.27949321e-02  6.43255338e-02
  9.75854471e-02 -9.92587358e-02  1.00594066e-01  4.16393355e-02]