http://erau.edu/ontology/meme.owl#Nintendo64KidsMeme
[-1.89708658e-02 -2.24973008e-01 -2.98268721e-02  7.25141391e-02
  1.90784801e-02  1.13119185e-01  1.84587553e-01 -5.49333952e-02
 -1.61890555e-02 -5.74583113e-02  1.29247040e-01 -6.94803670e-02
 -4.52889539e-02 -4.10744175e-02 -9.36243776e-03 -4.57483679e-02
  6.92504942e-02  1.68945223e-01  6.01879805e-02  1.54841483e-01
 -2.80929595e-01  6.59182370e-02  1.51461452e-01 -1.77113995e-01
  4.18248922e-02 -2.23683156e-02 -1.05561808e-01 -6.66068643e-02
  2.96912998e-01  1.26394391e-01  1.32301301e-01  1.45377383e-01
 -4.76319483e-03 -7.29104578e-02 -1.03579320e-01  2.27651164e-01
  7.59739876e-02  7.81233609e-02 -1.31540701e-01 -2.39303008e-01
 -3.32453288e-02  9.29311439e-02 -1.50607318e-01 -1.34204328e-01
  3.35198939e-02 -2.96677034e-02  4.37539108e-02  1.36288088e-02
 -5.28882071e-02  1.43660218e-01  2.62888689e-02 -4.28397655e-02
 -1.44095778e-01 -1.83761284e-01  1.67421624e-02  3.34813930e-02
  1.57720730e-01 -8.68199617e-02  1.56123027e-01  8.57744887e-02
 -1.13222100e-01 -1.59625094e-02  2.57033389e-02  5.07608503e-02
 -2.89348632e-01 -1.19556323e-01 -5.29426858e-02 -5.89506328e-02
 -1.00343168e-01 -7.72554055e-02 -6.85832798e-02  1.01928540e-01
  6.30809292e-02  1.26218349e-01  3.52135040e-02  1.58765942e-01
 -9.99335498e-02 -4.47499603e-02  1.78562790e-01  1.01595268e-01
 -9.53761563e-02 -4.74634729e-02 -2.44926214e-02 -2.76713282e-01
  2.16181315e-02 -1.27483562e-01 -2.04612851e-01  1.14888452e-01
  7.51179308e-02 -3.92424390e-02  1.32860569e-02 -3.63359660e-01
  1.21188298e-01 -8.46800059e-02 -1.25672907e-01  4.90876585e-02
 -8.87208581e-02 -5.13056107e-03 -2.05826364e-03 -2.54921056e-02
  1.71942830e-01  4.20606211e-02  3.19151193e-01 -3.63758914e-02
 -1.87315891e-05  3.90501842e-02  9.38657150e-02  3.24062258e-02
  6.04548901e-02 -8.91514793e-02  5.94886951e-02  6.63422346e-02
 -8.73820633e-02 -1.01402886e-01  2.81577080e-01  7.64793158e-02
 -2.98756659e-01 -1.27234221e-01  1.15223534e-01  9.57071632e-02
  4.54454422e-02 -3.39893103e-02 -7.80745745e-02 -2.37444080e-02
 -8.41598772e-03 -4.90385816e-02  1.09860480e-01  5.95096126e-02
 -5.40010706e-02 -1.65790301e-02 -2.78590083e-01 -1.12422623e-01
  1.04407845e-02 -7.87100270e-02 -3.69936530e-03  2.12729007e-01
 -2.01263517e-01 -1.57221645e-01 -7.60348290e-02  1.10354591e-02
 -3.61002237e-01 -7.52538592e-02  1.09972380e-01  1.31449476e-01
  1.13376699e-01 -1.73435688e-01  1.41314492e-01 -3.01104784e-01
 -4.32063043e-02  1.71553373e-01 -2.98958607e-02 -1.34077370e-01
 -3.22512500e-02 -1.93966515e-02 -5.19679580e-03  6.38435632e-02
 -1.62030011e-01  2.45180622e-01  4.75867186e-03 -1.64758578e-01
  1.67220131e-01 -1.95346415e-01 -2.33718771e-02  2.43779030e-02
 -3.24823290e-01 -1.45606130e-01  1.18300896e-02  2.38200963e-01
 -3.31591994e-01  1.83018923e-01 -5.95487580e-02  2.80767590e-01
  3.37116987e-01  1.59150288e-01 -1.18435144e-01 -1.28844336e-01
 -4.50881347e-02 -9.52386111e-02  2.33652309e-01  7.04093501e-02
 -1.53935567e-01  1.05879731e-01  7.35493153e-02  1.96702275e-02
 -1.53870568e-01  1.02890851e-02  6.43906603e-03  1.83811262e-01
  2.22448796e-01 -1.20280318e-01  1.61920507e-02 -5.60368178e-03
 -1.66903287e-01 -1.07833065e-01 -2.62588933e-02  9.13485736e-02
  7.81783387e-02  2.26282656e-01 -3.65271866e-02 -3.69191766e-02
  5.08229099e-02  7.09910467e-02  1.84398830e-01  6.52367715e-03
 -1.06132388e-01 -1.88794956e-01 -4.11443338e-02 -3.78645062e-02
  8.07269886e-02  1.36606142e-01  3.11313570e-01  9.49881300e-02
  4.37054597e-02  9.64218471e-03  4.36085090e-02  3.29152308e-02
 -1.41917497e-01 -1.06263272e-01  7.68948868e-02  6.95830584e-02
  2.38401890e-01  1.67811871e-01 -2.57841963e-02  1.14648685e-01
  5.34847230e-02  1.92173403e-02 -1.06779926e-01 -1.24687636e-02
 -8.30242112e-02  3.01303044e-02  2.84154098e-02  4.07691821e-02
 -1.57644823e-02 -8.27254578e-02  5.15445471e-02  1.21856570e-01
 -4.18860838e-03 -1.26278490e-01  2.14572743e-01  2.34033242e-02
 -7.18947873e-02 -1.39733655e-02  1.20272329e-02  1.49444537e-02
 -2.23205224e-01 -9.11306441e-02 -2.50122339e-01 -8.03350238e-04
 -6.88015595e-02 -9.90569443e-02  3.31844017e-02  2.95336470e-02
  1.71069473e-01 -7.43778870e-02  1.95422232e-01  1.70942936e-02
  2.17262283e-03  7.81657323e-02 -8.76564824e-04  7.66032981e-03
 -4.16866168e-02 -1.73556253e-01  1.96317639e-02 -8.39143991e-02
 -5.82861667e-03 -2.10206434e-01  8.82236660e-02 -4.35836762e-02
  7.13251159e-02 -1.42585123e-02 -7.17523247e-02  1.39957434e-02
 -9.64065362e-03  5.23131229e-02  1.44212276e-01 -8.79101679e-02
  9.48129892e-02  1.28443856e-02 -7.63617679e-02 -8.13322812e-02
  1.18980207e-01  5.77080250e-02 -6.07418343e-02 -4.90368195e-02
 -1.62175268e-01 -4.34357021e-03 -9.89148915e-02  5.06122457e-03
 -4.68434393e-02  4.58469102e-03  1.30393356e-01 -1.00981984e-02
 -5.75603582e-02 -8.88202898e-03  2.15391312e-02 -3.76173817e-02
  1.85182169e-01  2.05813292e-02 -7.39681646e-02 -1.77294686e-01
 -1.97236121e-01 -3.91463302e-02  9.62286219e-02  6.86573014e-02
  1.67760346e-02  4.33383361e-02  1.72748089e-01 -4.70698141e-02
 -3.16856354e-02 -4.34672795e-02  8.75107124e-02 -1.52637675e-01
 -8.45982134e-02 -1.34671673e-01 -1.29658774e-01  1.74834058e-02
  6.59901425e-02 -1.05206288e-01  3.62267792e-02 -2.73057781e-02
 -1.88206919e-02 -1.38612419e-01  5.87545335e-02  1.50626481e-01
  1.48604000e-02  5.17295823e-02 -7.41615668e-02 -8.90595168e-02
  1.11167714e-01 -1.36070959e-02 -1.34525523e-01 -3.86792012e-02
  4.85590287e-02 -1.15586244e-01  1.69436000e-02 -1.81472644e-01
  1.17230199e-01  1.25440165e-01 -2.13567186e-02 -1.24870222e-02
 -2.74695624e-02  6.88210577e-02 -1.08340792e-01 -3.45645100e-02
 -5.95945353e-03  9.43204463e-02 -3.55903655e-02  6.37469664e-02
 -4.29949649e-02 -1.41787797e-01 -5.41944467e-02  3.31532024e-02
 -1.29622772e-01  1.62749752e-01 -1.33146584e-01  8.22197497e-02
 -2.83175353e-02 -1.29071340e-01  2.17218980e-01  2.33635511e-02
 -6.95362762e-02  1.55727029e-01 -4.76325490e-02 -2.54403073e-02
  7.17989132e-02 -1.35809660e-01 -4.21700105e-02  7.08421022e-02
 -2.47265566e-02  1.61416624e-02 -5.84475026e-02 -3.34471054e-02
 -2.40280733e-01  5.69301210e-02  3.23613398e-02  1.51910130e-02
 -2.34170053e-02 -5.28639667e-02 -7.25011975e-02 -1.96030587e-01
  1.13062181e-01  2.26522565e-01 -1.84170470e-01 -1.75488919e-01
  1.89507499e-01 -1.30998626e-01 -1.56057864e-01  1.96405888e-01
 -2.54083455e-01 -1.18724786e-01 -3.29744518e-02  6.34753630e-02
 -1.22817948e-01  3.01786691e-01  3.05316281e-02 -2.19645172e-01
  1.63032800e-01  7.27098286e-02  3.16683322e-01 -1.73669517e-01
 -8.96283165e-02 -2.33250499e-01  9.60784629e-02 -1.74019098e-01
 -6.79832697e-02 -3.29503417e-02 -4.29479629e-02  3.98438692e-01
  9.84181315e-02  7.40526915e-02  2.71830857e-01 -1.15563333e-01
 -1.79336667e-01 -4.84868027e-02 -9.10548940e-02  4.86004166e-02
 -6.10144883e-02  1.08324178e-02  7.46522099e-03  4.01896201e-02
  1.34631306e-01 -4.20728792e-03 -1.81019649e-01  4.55481037e-02
 -2.44248472e-02 -2.03604504e-01  1.12437764e-02  1.03311814e-01
  6.86488226e-02 -6.42106086e-02  1.47762001e-01  2.49292612e-01
  1.16233706e-01 -1.23718716e-01  1.64438318e-02  1.98385060e-01
  2.90171970e-02 -2.13786036e-01 -1.04565501e-01  1.89652234e-01
  1.52660673e-03  3.45891975e-02 -4.34364267e-02  2.47008413e-01
 -1.42353341e-01 -4.48485538e-02 -1.60273761e-01 -6.87134638e-02
 -2.79349629e-02  8.58363807e-02  4.35915478e-02 -1.86813027e-02
  1.29013464e-01  4.71234135e-02  1.11802645e-01  6.20207340e-02
  1.17941484e-01  2.03942247e-02  8.71294588e-02 -8.56191814e-02
  8.81235600e-02  5.71411289e-02  4.58078012e-02 -2.86577530e-02
  9.73571539e-02  1.51762918e-01 -7.69964829e-02 -8.24609995e-02
 -7.72574097e-02  8.54440629e-02  1.19905941e-01 -3.35262083e-02
  1.25797272e-01  8.55497494e-02 -3.42084914e-02 -1.54112086e-01
  1.28721982e-01 -2.63753265e-01 -1.45515623e-02  5.38200848e-02
 -2.27095913e-02  2.82376632e-02 -1.08857788e-02  5.36882170e-02
 -1.09777592e-01 -1.30581200e-01  5.72654279e-03 -4.51239981e-02
  1.05395064e-01  1.17771275e-01  2.32775041e-04 -3.67872906e-03
 -4.40516099e-02  3.62013131e-02  1.75598696e-01 -4.44778837e-02
  5.55223487e-02 -1.36954635e-01  3.55411991e-02  1.26401186e-01]