http://erau.edu/ontology/meme.owl#DropTheCaneOldManDancingMeme
[-0.14488883 -0.13306707  0.01474657 -0.05791792  0.06451619  0.0470654
  0.10047152  0.12910055  0.01791555 -0.09382524  0.01296527 -0.0765915
  0.02145331 -0.05945302 -0.15441006  0.06273911  0.08848933  0.00491485
  0.05306111  0.14189556 -0.10813312  0.02824245  0.04399382 -0.03258093
  0.17567657  0.03000937  0.04238281 -0.02796772  0.17863028  0.03367289
  0.04944101  0.10878123  0.01300617 -0.1184779   0.02250268  0.18094487
 -0.00032511  0.11572257  0.02703967 -0.1340422   0.02798152  0.19608893
 -0.09354076 -0.01191003  0.09955136 -0.03484093  0.07093664  0.00105299
 -0.04702051  0.07224215 -0.01235016  0.02009803 -0.12836948 -0.04730975
 -0.06751744 -0.15318766  0.0262974   0.05475817  0.15365656 -0.00705559
 -0.05994263 -0.12177003  0.05513081  0.0855103  -0.08838012 -0.03393575
  0.10967505 -0.1353062  -0.08140941 -0.1527533  -0.11661885  0.05753135
  0.13891266  0.01545163 -0.04924459  0.21232176 -0.13671622 -0.00488776
  0.06142672 -0.02010452 -0.11017657 -0.24270867 -0.12902169 -0.10684149
  0.12314784 -0.23164801 -0.07655859  0.08972973  0.03501064 -0.10342024
  0.03526684 -0.26003295  0.10175232 -0.07466748 -0.00442656  0.11476418
 -0.03025861 -0.03773809 -0.0492415  -0.14242342  0.07176684  0.06423152
  0.21400107 -0.19070831 -0.02350667  0.0426294   0.1863101  -0.13438202
 -0.00377687 -0.01080678 -0.04498594  0.06073727 -0.18740316 -0.04512892
  0.00194729  0.13318363 -0.2610953  -0.24266     0.01688961  0.12479735
  0.03425663 -0.00826481 -0.04502539 -0.03081182  0.01422021 -0.18164293
  0.18459795 -0.0892045   0.01524312  0.03277723 -0.12707691 -0.0379627
  0.04558059 -0.00691862 -0.06098466  0.03042171 -0.02834129 -0.08893467
 -0.11619085  0.14838794 -0.23124301 -0.05107255  0.04026757  0.06635105
  0.12357301 -0.13594794  0.06001955 -0.05893545 -0.14678007  0.10397055
 -0.00823911 -0.03936304 -0.05868888 -0.01807762  0.03348521  0.03983522
 -0.10373215  0.07101275  0.16250454 -0.13081177  0.1473969  -0.08206398
  0.08016396 -0.23664173 -0.06897812 -0.05528107  0.02104958  0.07750238
 -0.29616228  0.13397686  0.02099712  0.24203861  0.15889093  0.14358635
 -0.02153055 -0.07329005 -0.2040381  -0.11251576  0.03197838  0.03731067
 -0.09179477  0.18254562 -0.02409944  0.00294658 -0.19196752  0.09725596
 -0.0533038  -0.00205505  0.23792836  0.04519122  0.02087085  0.02983398
 -0.21684253 -0.07825085 -0.02330449  0.092958    0.02483399  0.10876437
 -0.08704147 -0.02665479 -0.03049275  0.02638409  0.17813352  0.01826357
 -0.07000681 -0.24020132 -0.01095693 -0.06027431  0.02180388  0.04070497
  0.27015507  0.15519811  0.01979857 -0.15791634  0.06450094  0.03326388
 -0.09736323 -0.08001906  0.11191682  0.14232574  0.29036814  0.07960863
 -0.04084865  0.03652494  0.05544068 -0.04478979 -0.15616308 -0.13274454
  0.0512111   0.08091227  0.17387332  0.01772273 -0.05710213 -0.0941768
  0.10750356  0.10299049 -0.06192535  0.04985603  0.08132744  0.02886467
 -0.02904349 -0.01343825  0.03551729 -0.07028909 -0.22225799  0.01753375
 -0.18405929  0.0089149  -0.01998551 -0.01711648  0.08040608  0.09813689
  0.07611682  0.07405052  0.06229283  0.01274277 -0.10013546 -0.10178545
  0.05809585 -0.01249842 -0.06034528 -0.20181379  0.10903789 -0.07916683
 -0.10784676 -0.22697772 -0.07925797  0.1232798   0.18825269 -0.09319875
  0.03010964 -0.08835077 -0.04227207  0.08446286  0.09723616 -0.02698125
  0.01916159 -0.12228236 -0.11805128  0.04499226  0.06849496  0.11319146
 -0.01355656 -0.11948971 -0.09759983 -0.02148889  0.00075733  0.02738053
  0.08476055 -0.0729871   0.028412   -0.16553855 -0.00919116 -0.10139611
 -0.07311315 -0.02607342  0.08280718 -0.04877401  0.06616083 -0.09132744
 -0.25166786  0.00702374 -0.04176438 -0.03927767 -0.02298746 -0.02594033
  0.1350627   0.05394803 -0.08707096  0.09556416  0.17328621 -0.10172305
 -0.01623802  0.144196    0.03035856  0.0839446  -0.03475635 -0.09100861
  0.1789621  -0.01439407  0.02501094 -0.12103675  0.12119421  0.09270992
  0.00502043  0.05439528 -0.22507659  0.1138895  -0.06396844 -0.01839887
  0.02807164  0.0316059   0.02936549 -0.12039357 -0.09701204 -0.15380462
  0.01086243  0.00562828 -0.03072299  0.04478656  0.10027926  0.05849795
 -0.00909877  0.02715554  0.01597863  0.01955523 -0.0686268  -0.02834319
 -0.05585403 -0.06396145 -0.06591117  0.00109442 -0.09708815  0.09042412
 -0.19770348 -0.03332558 -0.04186068 -0.20305169  0.12734541 -0.03996368
 -0.1121869   0.02822853 -0.06336138  0.03589373 -0.02635513 -0.00597909
 -0.1947602  -0.00644381 -0.0912454   0.05850462 -0.04274933 -0.03199038
 -0.16464515  0.16023768  0.00918673 -0.08027182 -0.11596211 -0.03780162
 -0.07687817 -0.01692804  0.02440215  0.19935268 -0.11513223 -0.07902105
  0.07574815 -0.03853421 -0.0715179   0.08862869 -0.06676     0.01089692
 -0.03091081  0.05600096  0.01933434  0.15526032 -0.1254647  -0.09949294
 -0.0463051   0.1286475   0.26152048 -0.0494982  -0.04695901 -0.08186956
 -0.10213168 -0.15432915 -0.13662544 -0.00415312 -0.02565403  0.16146845
  0.1069726   0.1751045   0.11496449 -0.12598458 -0.12289296 -0.03351451
  0.08591519 -0.02318197  0.00421118  0.0154549   0.00161092  0.03427285
  0.08380981  0.09611148 -0.21609317  0.02158873  0.03058312 -0.16953652
 -0.01493738  0.31521195  0.08126158 -0.17436329  0.01100501  0.2256797
  0.06636891 -0.06324106  0.19089913  0.17989539 -0.01005096 -0.0826344
 -0.03360862  0.06109704  0.15201512  0.03674253 -0.07748323  0.20004447
 -0.1416071  -0.04167685 -0.22747228 -0.2377192  -0.11534537  0.07072517
  0.12586378  0.0705209   0.00597084  0.01862982  0.199855   -0.15225488
  0.04994438 -0.08032764  0.03645176 -0.08389394  0.08687402  0.0881981
  0.11241832 -0.0223352  -0.06149585  0.04465511 -0.03003002 -0.09635428
  0.01023208  0.02735266  0.1100532   0.01672328  0.26486376  0.15230699
  0.01854311 -0.09594738  0.11627021 -0.21028352 -0.17507075  0.03082757
 -0.08887861  0.01132825 -0.05213382  0.30244666 -0.09994819 -0.15315546
  0.02806616 -0.04921134  0.13590807  0.08511302 -0.13760993 -0.046333
  0.0942349  -0.02965751  0.17117897 -0.02491773 -0.08124388 -0.05516969
  0.11381847  0.16415115]