http://erau.edu/ontology/meme.owl#KevinMacleodMeme
[-8.91714767e-02 -1.13018297e-01  9.44844410e-02  9.29660127e-02
 -2.38125902e-02 -3.01793180e-02  2.29990661e-01 -1.34429589e-01
  6.79146722e-02 -8.96777511e-02  1.97234571e-01 -1.81598123e-02
  4.45997119e-02  1.72081217e-01  6.61298633e-03 -2.34891295e-01
  9.21007805e-03  2.16706634e-01 -1.33098364e-02  7.22162649e-02
 -3.18003923e-01  1.46745041e-01  1.56865776e-01 -1.52151361e-01
 -3.36589888e-02 -9.73813534e-02 -3.37074287e-02 -4.05446924e-02
  4.51787174e-01  1.19743481e-01  7.88104683e-02  1.08586378e-01
  3.62892784e-02 -1.22743256e-01 -5.27009368e-02  1.99239790e-01
  3.91203016e-02  1.46899521e-02  9.32066329e-03  4.79829917e-03
 -1.95050940e-01  2.59880900e-01 -3.42817426e-01 -6.56343400e-02
  1.40650913e-01 -1.98655836e-02  5.63408388e-03 -1.25579447e-01
  5.72781377e-02  4.21364792e-02  1.46275684e-01 -3.94308977e-02
 -1.91577673e-02 -2.06453308e-01 -1.45228744e-01 -2.20160075e-02
  1.46253288e-01 -1.80966660e-01  1.38016433e-01  1.10658668e-01
 -9.68819186e-02 -8.47275481e-02  1.17958970e-01  6.27833977e-02
 -2.22246975e-01 -3.15193199e-02 -1.37428328e-01  5.55129200e-02
 -1.89817518e-01 -3.27359475e-02 -1.55735090e-01  1.72411531e-01
  2.28840873e-01  1.06003448e-01  7.74815455e-02 -1.62677504e-02
  2.53883302e-02  3.78978290e-02  2.97812551e-01  1.32069796e-01
 -9.31032896e-02  5.62777631e-02 -1.19788408e-01 -3.08691412e-01
 -6.23741113e-02  6.17795484e-03 -2.24037871e-01  1.55959487e-01
  1.16071209e-01  6.84828535e-02 -8.61450061e-02 -2.37810940e-01
  1.28151789e-01 -4.42278609e-02 -1.95836976e-01  1.00501738e-02
 -8.34519640e-02 -1.41338706e-01 -1.87929198e-01  2.05606595e-03
  4.62526493e-02 -8.12899098e-02  2.66875744e-01 -8.41375366e-02
 -7.72964507e-02  5.69937658e-03  1.72132310e-02  1.24335706e-01
  9.64897685e-03 -1.40470609e-01  1.47397608e-01 -7.79092684e-02
 -7.60842264e-02 -1.85082287e-01  1.98114306e-01  6.82383925e-02
 -8.63884464e-02  7.55686089e-02  2.08749548e-01  1.15133524e-01
  5.17022572e-02 -8.31821635e-02 -1.68482140e-02  2.59063696e-03
  1.65265888e-01  7.14767203e-02 -2.02272907e-02  9.49553773e-02
  1.24855846e-01  1.92276817e-02 -2.19135970e-01 -7.18154907e-02
  3.81492591e-03 -1.57289416e-01 -1.84006989e-02  2.19781980e-01
 -1.41334146e-01 -3.67684960e-02 -8.95326436e-02  9.04634073e-02
 -3.18945706e-01 -8.30127522e-02  2.34918296e-01  1.58731326e-01
  5.59632517e-02 -2.12641776e-01  1.30819842e-01 -1.16637029e-01
 -5.38099208e-04  1.05497852e-01  6.05272055e-02 -2.96651442e-02
  5.02325259e-02  1.31853521e-01 -9.09672379e-02  8.82529989e-02
 -1.41688213e-01  3.19453388e-01  1.24121793e-02 -3.03823277e-02
  4.51717600e-02 -4.64593396e-02 -4.39646728e-02  1.15777791e-01
 -3.18077028e-01 -1.70635700e-01  1.22509845e-01  2.12373644e-01
 -2.37020358e-01  9.90843847e-02 -1.89995915e-02  2.64589954e-02
  1.91965476e-01  1.26499891e-01 -1.10153489e-01  9.35272053e-02
 -2.32373811e-02  4.38223220e-02  1.35891184e-01  8.74810964e-02
  3.29258367e-02  2.24915184e-02 -6.68420345e-02  1.46640642e-02
  1.73227824e-02 -9.21742544e-02  1.35088935e-01  5.61623126e-02
  1.84605315e-01 -1.26116246e-01 -6.85218349e-02 -1.03649490e-01
 -1.42136320e-01 -1.20806053e-01  1.37829138e-02 -6.19439185e-02
 -2.70359237e-02  2.24906981e-01 -4.66736183e-02  9.70820989e-03
  4.69597615e-02 -1.05507180e-01 -1.80880371e-02 -8.50499570e-02
  3.44269425e-02 -1.69141963e-01 -6.29790351e-02 -8.56276043e-03
  1.58323526e-01  1.15684919e-01  2.13347912e-01  1.04061678e-01
 -4.36307723e-03  1.41895534e-02  6.61518844e-03  8.83093178e-02
 -8.26752335e-02 -3.03712394e-02  2.72735953e-02  1.67267784e-01
  1.80430129e-01  1.06259622e-01 -5.83636500e-02  5.60204349e-02
  3.01519153e-03  1.19298454e-02 -2.84488425e-02  3.65510397e-02
 -1.11827865e-01 -7.38002062e-02 -3.28179449e-02  7.42988214e-02
 -4.82899211e-02  4.30142656e-02 -8.99196193e-02  6.29472733e-02
 -6.75058737e-02 -1.52212694e-01  1.68200769e-03  1.49060246e-02
 -3.33667397e-02  7.52740726e-02 -3.66261229e-02 -4.07136865e-02
 -1.33892059e-01 -5.81014641e-02 -2.79167555e-02 -1.21697985e-01
  6.50054738e-02  9.33245942e-02 -5.06570190e-02 -6.55273199e-02
  1.97738647e-01 -1.10939644e-01  1.57147557e-01 -8.33777785e-02
 -7.60371909e-02  6.30070344e-02 -9.77701098e-02 -7.87759498e-02
 -1.60119191e-01  2.71734297e-02 -1.34350792e-01 -1.76346272e-01
  2.77024857e-03 -1.05568245e-01  1.52241424e-01  3.16205900e-04
  7.08440244e-02  8.09366032e-02 -2.48343367e-02  7.60998800e-02
 -4.46618199e-02 -2.42697597e-02  1.30531415e-01 -1.28694817e-01
  1.78772714e-02  1.55699089e-01 -3.61199095e-03 -1.35498211e-01
  1.20451106e-02  1.67390093e-01 -2.20754114e-03 -4.14660200e-02
 -9.91805494e-02 -6.01225384e-02 -7.56266415e-02  1.00755438e-01
 -8.42475742e-02 -1.03082344e-01  1.27360418e-01 -1.18090794e-03
 -8.75493884e-02  2.71615982e-02  8.85864273e-02 -4.07147631e-02
  1.31889552e-01  6.79692030e-02 -9.20028016e-02 -1.55062228e-01
  8.71535167e-02  3.62676987e-03  8.78472477e-02  6.40026554e-02
 -1.40712276e-01  2.96611339e-02  1.61867574e-01  1.24697350e-01
  4.18824516e-02 -2.42148310e-01  1.36264160e-01 -1.03050373e-01
 -1.97903980e-02 -4.86609414e-02 -7.71288052e-02  5.09699024e-02
  1.13089625e-02 -2.96998452e-02 -6.92636222e-02 -1.06316514e-01
  1.28395438e-01  1.91567792e-03  2.62588151e-02  1.41725436e-01
  4.29434888e-02 -1.86432615e-01  4.94515244e-03 -6.82204068e-02
  2.22421452e-01  3.69787253e-02 -1.00026116e-01 -9.48314667e-02
 -2.81889513e-02 -8.32851529e-02  1.15409955e-01 -2.77722001e-01
  9.04536545e-02  1.97954923e-01  1.19004464e-02 -6.21207431e-02
 -8.05677623e-02  1.63209602e-01 -1.50842413e-01 -7.66954795e-02
 -1.35286808e-01  9.75770950e-02  3.85219119e-02  2.18178824e-01
  6.83357865e-02 -2.59010583e-01 -8.41559246e-02  2.16496661e-01
 -5.14869466e-02  1.92832291e-01 -6.52004108e-02  6.68746680e-02
  1.97829902e-01  1.40089720e-01  7.41294324e-02  2.49552801e-02
 -6.86166212e-02  2.79420763e-01  1.17498795e-02 -1.02998100e-01
  1.70360848e-01 -4.24435139e-02  2.25157477e-02  6.26279563e-02
  1.22689707e-02 -7.11240396e-02  2.11110972e-02 -3.57468650e-02
 -2.41337895e-01  7.88819883e-03  5.85445352e-02  1.90788377e-02
 -3.89117450e-02 -5.36534062e-04 -4.97356020e-02  4.58042026e-02
  6.08199649e-02  1.37197152e-01 -7.16996193e-02 -7.30554238e-02
  1.18401088e-01 -3.07631463e-01 -5.11392355e-02  1.56842947e-01
 -1.09977916e-01 -2.32958764e-01  1.42369255e-01  1.67498738e-01
  1.14037897e-02  3.07428122e-01  4.86232378e-02 -2.81618565e-01
  1.05913967e-01  1.13506310e-01  2.61825740e-01 -1.51585594e-01
 -1.44388855e-01 -1.57854035e-01  7.84816965e-02 -3.33759785e-01
 -1.12331457e-01 -4.78667058e-02  7.35066878e-03  5.03064513e-01
  2.17710286e-02  5.25699370e-02  1.24433808e-01 -5.75351827e-02
 -1.46338135e-01  3.25143486e-02 -2.18192816e-01  1.05757676e-01
 -1.41981348e-01 -1.15860797e-01 -8.30996335e-02  6.04128540e-02
  1.94642901e-01  2.60686651e-02 -4.17446420e-02 -5.48979267e-02
 -2.75906976e-02 -1.66651741e-01 -5.04446514e-02 -2.22914480e-03
  5.55508472e-02 -1.07661828e-01  9.66426730e-02  2.22233310e-01
  1.36650488e-01 -7.74049386e-02  1.93625793e-01  2.44596571e-01
  1.43881276e-01 -1.48710623e-01  5.80622181e-02  1.75392583e-01
 -4.36021853e-03  1.05126962e-01 -1.07194789e-01  2.17473671e-01
 -1.94147453e-01 -1.60471633e-01 -1.70634240e-01 -6.59358734e-03
 -1.75803602e-01 -7.26268440e-02  3.59367654e-02  1.19125824e-02
  6.39312491e-02  5.97148994e-03  1.14996567e-01  1.66675553e-01
 -9.46085621e-03  1.17542613e-02 -3.47952731e-03 -6.54739961e-02
  2.17980504e-01  5.69577478e-02  1.36017323e-01 -2.30399266e-01
  6.25236481e-02  2.05341965e-01  8.72414336e-02 -2.22004473e-01
 -4.69876118e-02 -9.35145002e-03  2.37364665e-01 -2.95966510e-02
  1.80520520e-01  1.84203789e-01  9.31601599e-02 -2.14784816e-01
  1.38007015e-01 -2.50484347e-01  2.98433169e-03  2.11406037e-01
  6.73791841e-02  1.05677187e-01 -8.08324814e-02  2.56619364e-01
 -1.73555285e-01 -2.15859368e-01  7.62517378e-02  3.32690068e-02
  2.01870903e-01  5.66006303e-02 -5.63088767e-02  4.94904183e-02
  4.34160084e-02  1.75415397e-01  2.21193843e-02 -8.45999550e-03
 -4.84978482e-02 -2.37285480e-01  7.36551806e-02  5.04181236e-02]