http://erau.edu/ontology/meme.owl#MicroaggressionMeme
[ 5.34970872e-02 -2.61187285e-01 -6.89301938e-02  3.52788344e-03
  5.56642786e-02  2.86094189e-01  2.39384994e-01  1.12388380e-01
 -2.64385551e-01  1.71714891e-02  7.80200884e-02 -1.57938376e-01
 -2.04110101e-01 -1.79732636e-01 -6.93776682e-02  1.46142393e-01
 -7.48587400e-02  1.49657682e-01  1.07602021e-02  1.36040419e-01
 -1.62043199e-01  3.45077999e-02  9.32791010e-02 -8.77380595e-02
  7.87659958e-02  6.63001835e-02  1.87790729e-02 -1.89275190e-01
  2.76412815e-01  1.00042805e-01 -1.95727907e-02  2.51427740e-01
  4.14777659e-02 -1.71686355e-02 -1.47154704e-01  2.26857662e-01
  4.73141186e-02  8.77637640e-02 -1.97103679e-01 -2.11530313e-01
  1.36622861e-01 -2.65092980e-02 -3.79314944e-02  1.25919105e-02
  5.34520149e-02  6.88255811e-03  1.13674968e-01 -5.02424724e-02
  9.34958905e-02  1.35022644e-02  5.28295897e-02  8.59914422e-02
  2.04268415e-02 -1.23331688e-01 -1.46808624e-01  9.27636921e-02
  3.76211591e-02 -8.83905813e-02 -3.10961101e-02  2.13392377e-02
  1.82540982e-03 -1.09908339e-02  6.13543838e-02 -1.58047453e-01
 -2.11653903e-01 -3.61499377e-02 -6.55756891e-02  8.26187804e-02
  6.22182153e-02 -1.70078874e-01 -1.23927966e-02  7.81103270e-03
 -3.60601284e-02  2.68242918e-02  1.10026573e-04  3.98584828e-02
  1.36613119e-02 -1.80637196e-03  1.32606372e-01  1.78235732e-02
 -6.53968602e-02 -1.77650034e-01  7.30477367e-03 -1.01233423e-01
  6.17684945e-02 -1.63314819e-01 -1.38175622e-01  2.79735420e-02
  1.14862189e-01  4.15712260e-02  1.15774632e-01 -1.52437061e-01
  1.28281163e-02 -7.05451984e-03 -3.84181291e-02 -7.68831223e-02
  4.91613857e-02  1.24676824e-01  1.19050860e-01 -1.66613668e-01
  5.60167395e-02  3.07908151e-02  3.31170321e-01 -3.67799066e-02
  3.34954470e-01  1.43892065e-01 -2.00071894e-02 -3.26113962e-02
  1.59284934e-01 -5.50006144e-02 -3.68851908e-02  1.13461643e-01
 -2.01340839e-02 -4.30917405e-02  2.07032338e-01  4.28782478e-02
 -8.49537998e-02 -1.61655158e-01  4.28128466e-02  2.33218763e-02
 -9.02378932e-02  1.00076862e-01 -1.14714973e-01 -5.94856450e-04
 -3.53193134e-02  8.20657425e-03  1.32313445e-01  7.56215900e-02
  1.48582496e-02  4.94265114e-04 -3.07344764e-01 -1.26111493e-01
 -7.43537918e-02 -6.11814260e-02 -1.25575110e-01  1.21730752e-01
  5.87538108e-02 -1.48861140e-01 -8.69519562e-02  4.67868000e-02
 -1.85007572e-01  1.02519460e-01 -4.83082645e-02 -1.19414531e-01
  2.24316761e-01 -5.23262583e-02 -2.76975110e-02 -5.51869497e-02
  1.69791862e-01  2.61216491e-01 -3.07743289e-02 -1.71223253e-01
  3.85734141e-02 -4.47926950e-03  7.00001791e-02  1.10656567e-01
 -2.13834330e-01  1.29864857e-01  3.06717530e-02 -1.99524283e-01
  2.63396390e-02 -2.19346762e-01 -3.10875494e-02 -5.47861643e-02
 -1.33257762e-01 -2.26233006e-02 -1.31283045e-01  2.38888264e-01
 -3.18666101e-01  2.04030454e-01  1.36053804e-02  1.34198800e-01
  1.31302655e-01  2.08789602e-01  5.01916697e-03 -1.14166267e-01
  7.70614296e-02 -8.17848369e-02  1.36201397e-01 -7.12454319e-02
 -9.73851085e-02 -6.18153811e-02  1.75677881e-01  2.99671795e-02
 -5.63261583e-02  7.61629567e-02 -4.89410944e-02  1.45688847e-01
  1.63426772e-01 -4.08482887e-02  5.79161271e-02  1.09431341e-01
 -2.38459140e-01 -9.10407584e-03 -2.16424942e-01  3.58125567e-02
  2.11148486e-01  1.03068940e-01 -3.90795805e-02 -1.75984025e-01
  4.71081436e-02  8.01690519e-02  2.59982347e-01 -1.40319049e-01
 -2.40165561e-01 -3.04937422e-01  1.35060385e-01  3.59811895e-02
  4.73463535e-02  1.17139697e-01  2.56023139e-01  2.62196004e-01
  1.57700237e-02 -5.61726540e-02  1.15810573e-01 -3.62853101e-03
 -1.73864648e-01 -1.15234246e-02  2.67500401e-01  8.50496143e-02
  2.46099636e-01  8.80308598e-02 -1.28098950e-01  4.97391634e-02
  9.74685103e-02 -7.05319047e-02 -4.28378731e-02 -1.04414508e-01
 -7.13318959e-02  1.26356721e-01  7.43741766e-02  1.31372800e-02
 -1.02123693e-01 -4.10499200e-02  1.06024571e-01  1.15088791e-01
 -5.15686274e-02 -1.48814484e-01  3.01237345e-01 -1.83915943e-01
  3.42374891e-02 -1.32256657e-01 -9.40668397e-03 -7.39294151e-03
 -2.37249047e-01 -5.19552156e-02 -3.11314076e-01  1.67013511e-01
 -1.34989033e-02 -1.23683304e-01  1.01676911e-01  1.21511020e-01
  1.42264843e-01  9.98156816e-02  2.26158261e-01 -1.49351880e-02
 -1.49556547e-01 -7.55307358e-03  1.12159446e-01  3.75028215e-02
  5.97733334e-02 -1.46268576e-01 -3.52292955e-02 -1.92022815e-01
  4.25849892e-02 -2.86662608e-01 -2.20082030e-01  1.40828788e-02
  6.41796291e-02 -8.80548507e-02 -1.66748583e-01 -1.01313137e-01
  2.38855146e-02  1.67746291e-01  2.30337888e-01  4.98485714e-02
  3.17943633e-01 -2.44280957e-02 -1.21203110e-01 -1.44125700e-01
  2.79176593e-01 -5.77633791e-02 -1.94247663e-02 -1.06745340e-01
 -2.61128306e-01  4.97742482e-02 -1.23102896e-01 -5.68513311e-02
 -1.51135474e-01 -1.29019022e-01  5.18612899e-02  2.72763520e-02
 -2.14316193e-02 -2.52076034e-02  1.15721554e-01  4.17802716e-03
  2.10009634e-01  3.85022461e-02 -2.45008171e-01 -2.34304994e-01
 -4.16373432e-01  9.68949422e-02 -4.24095104e-03  2.36732185e-01
 -3.87023352e-02 -4.91630547e-02  1.39227346e-01 -2.05443293e-01
  1.55647220e-02  1.48159966e-01  2.07371369e-01 -1.52192622e-01
  1.44040242e-01  5.04416563e-02 -1.95402563e-01 -3.54601927e-02
 -1.58861410e-02  1.00582996e-02 -4.57401015e-02 -2.97764819e-02
  1.14222087e-01 -3.17606062e-01  1.03622101e-01  1.65113330e-01
  5.13343047e-03  1.79596528e-01 -1.50814757e-01 -4.13383879e-02
  2.17223004e-01  4.52839732e-02  1.87206846e-02  5.69022447e-02
  1.34626716e-01 -1.06709763e-01  1.16383443e-02 -2.09438190e-01
  1.90065756e-01  1.16815262e-01 -6.57579154e-02 -2.38105208e-02
  5.60463406e-02  1.84221156e-02  1.32111926e-02 -1.10454932e-01
  5.79822715e-03 -1.88392296e-01 -1.53324455e-01  5.22993132e-02
  3.88700254e-02 -2.34206483e-01 -9.51460749e-02 -7.65370131e-02
 -9.47083235e-02  2.48397648e-01 -2.49128103e-01  2.74812192e-01
  7.89185613e-03 -7.91620761e-02  3.99201661e-01 -2.67383037e-03
 -1.16252288e-01  1.00140169e-01  7.80489445e-02 -1.43176854e-01
  9.19085443e-02 -1.64062843e-01 -7.92731494e-02  1.41041592e-01
  7.88608473e-03  8.31855182e-03 -4.90934995e-04 -1.37833089e-01
 -1.20904215e-01  3.32578868e-02  1.54605716e-01  2.00175885e-02
 -7.26363659e-02  2.16967072e-02 -7.71801621e-02 -1.90996692e-01
  9.48847011e-02  3.12985569e-01 -1.81168899e-01 -1.29331470e-01
  1.24256879e-01  9.09794867e-02 -2.75008142e-01  9.15493369e-02
 -5.93486540e-02 -1.86692998e-01 -1.54470041e-01  2.42780577e-02
 -8.66779163e-02  2.86639512e-01 -1.54929578e-01 -2.25493476e-01
  1.00505829e-01  2.31655227e-04  3.20618361e-01  6.67326003e-02
  1.20570801e-01 -2.34229743e-01  3.10469586e-02 -3.02929461e-01
 -6.66463599e-02 -1.85999181e-02  7.23648667e-02  4.21641588e-01
  1.65162489e-01  8.54403302e-02  1.57248467e-01 -2.69502491e-01
 -1.45329416e-01 -8.54198039e-02 -6.62273243e-02  1.42188035e-02
  4.11178963e-03 -1.49441063e-01  3.00880522e-02  1.60276473e-01
 -3.16060632e-02  3.99898225e-03 -3.36214155e-01  4.16384526e-02
 -5.35539091e-02 -1.93128586e-01 -1.07753918e-01  1.76544785e-01
  2.17056185e-01 -7.03207180e-02 -1.70185324e-02  2.98178166e-01
 -4.41446118e-02 -1.33330330e-01  1.60471618e-01  2.89405793e-01
 -3.06047704e-02 -1.83145136e-01 -4.35211230e-03  1.95001498e-01
  2.20632941e-01 -1.09392079e-02 -1.11602597e-01  3.85819972e-01
 -2.96343267e-01 -1.42684236e-01 -2.49213412e-01 -1.50058893e-02
  8.59359950e-02  7.11060017e-02  5.10619730e-02  1.53191790e-01
  2.55730391e-01 -1.80123840e-02  2.07342237e-01 -3.52771319e-02
  2.23063469e-01  2.92817146e-01  1.33072004e-01 -1.87270314e-01
  3.50505151e-02  1.68186262e-01  1.03311621e-01 -3.18189524e-02
  3.10838781e-02  8.88953283e-02 -1.09287925e-01 -9.53498408e-02
 -2.06325755e-01  1.07455887e-01  1.03822976e-01  1.27966527e-03
  1.57679379e-01  1.64388061e-01  6.50202632e-02 -7.73752555e-02
  1.18405074e-02 -1.56156957e-01  8.84387642e-02  7.70352334e-02
 -7.26158172e-02 -4.10456359e-02 -9.59480256e-02  1.38783470e-01
  4.33157533e-02 -1.80123806e-01  3.73206213e-02 -1.31392583e-01
  2.25409359e-01  1.01436473e-01 -1.23542093e-01  8.02108347e-02
 -1.38345510e-01 -1.18379325e-01  2.74903774e-01 -1.17854409e-01
 -2.48364620e-02 -4.57817130e-02  1.26777180e-02  1.12806536e-01]