http://erau.edu/ontology/meme.owl#ABCsDirtyDancingRemakeMeme
[-5.22452481e-02 -1.14141449e-01  1.38541078e-02  7.11118802e-02
 -5.71334474e-02  4.39224474e-04  7.08437413e-02 -2.94916946e-02
  6.45475090e-02 -7.75711313e-02  1.60138365e-02 -4.05586474e-02
 -4.46574733e-04 -4.45392355e-02  2.84893401e-02 -8.81800950e-02
  5.11036627e-02  5.03236391e-02 -3.81902717e-02  1.44118264e-01
 -2.23330945e-01  1.47387266e-01  1.76099539e-02 -1.07553825e-01
  9.34761912e-02  1.43683248e-03 -2.42879689e-02 -1.46411538e-01
  4.35905516e-01  1.46492362e-01  8.86577740e-02  1.22984365e-01
 -1.94333717e-02 -4.58248658e-03 -1.13372512e-01  2.08068997e-01
 -5.69046736e-02  1.25468886e-02 -5.23015969e-02 -9.34683904e-02
 -1.27606047e-03  7.07551762e-02 -2.32268080e-01  8.36969465e-02
  6.78250119e-02 -1.23754323e-01  1.24339446e-01 -1.00968324e-01
  3.39015722e-02  1.15946524e-01  2.89329160e-02  2.51893178e-02
 -1.29510298e-01 -1.36835918e-01 -5.03058583e-02 -1.03476107e-01
  1.42113581e-01 -7.20783845e-02  9.75146443e-02 -2.70543322e-02
 -5.46000525e-02  4.45938781e-02  4.73409742e-02  7.07167536e-02
 -7.38663375e-02 -1.07728079e-01 -7.75194690e-02 -3.69542167e-02
 -1.76873356e-02 -1.79451462e-02 -1.73484027e-01  1.15777269e-01
  4.70281541e-02  9.83005390e-03 -9.69661959e-03  2.25091837e-02
  4.95591350e-02  6.40312731e-02  1.37224704e-01  6.31833822e-02
 -6.95769563e-02 -2.38222945e-02 -1.06867226e-02 -7.21374005e-02
 -3.30802277e-02  1.07019730e-01 -1.07409552e-01  1.16542220e-01
  8.78459066e-02 -7.21465275e-02 -8.75002146e-02 -1.95929661e-01
  6.08232524e-03 -5.65419719e-02  9.77256000e-02  1.02874227e-01
 -7.05120340e-02  6.82630017e-03 -5.71808312e-03 -9.14248228e-02
  4.51584235e-02  7.45512620e-02  1.80255249e-01 -4.96864244e-02
  4.15507006e-03  5.97533286e-02  9.49959606e-02 -2.12774109e-02
  1.06137535e-02 -6.45464733e-02  4.28073704e-02  9.50979218e-02
 -1.40039474e-01 -6.84235021e-02  9.08274427e-02  1.08927704e-01
 -1.84831634e-01 -9.68510509e-02  8.33872110e-02  1.89116076e-02
 -3.47453021e-02 -1.33324727e-01 -1.53554663e-01  6.74927980e-03
  7.65406489e-02 -5.35136275e-03 -3.64829190e-02  5.17701905e-04
  9.47607011e-02  4.33560684e-02 -1.50214866e-01 -1.01828426e-01
 -5.86422943e-02 -1.36058003e-01 -6.98407814e-02  1.85130686e-01
  1.00240679e-02 -6.68730885e-02 -1.32962897e-01  7.34960660e-02
 -1.72185376e-01  3.91820297e-02  1.40982613e-01  9.20284614e-02
  7.78588206e-02 -1.43962204e-01  1.15585759e-01 -8.68072361e-02
 -2.49118954e-02  8.93669054e-02  6.42237766e-03 -1.02035865e-01
  2.58831233e-02  9.18953586e-03 -1.07771596e-02  5.71580790e-02
 -1.30310014e-01  2.82251805e-01  2.04202589e-02 -1.02045260e-01
  1.02231711e-01 -3.58387046e-02 -1.81930512e-02  2.29787081e-02
 -2.13451177e-01 -5.69005609e-02 -1.20543251e-02  1.57555193e-01
 -1.70112655e-01  1.12511910e-01 -6.91644177e-02  2.63900794e-02
  1.77458853e-01  8.82560313e-02 -7.32360259e-02  8.52487516e-03
 -1.05671100e-01 -9.80988983e-03  1.26907825e-01 -7.00042844e-02
 -1.12776354e-01 -1.23372925e-02 -6.46894947e-02  7.37875253e-02
 -4.90115359e-02 -1.94131620e-02  1.05377719e-01  8.14740956e-02
  1.65294766e-01 -1.70539394e-02 -1.88494883e-02 -2.76067350e-02
 -1.14606969e-01 -1.90974176e-02 -5.97511455e-02  2.06448585e-02
  9.51850265e-02  1.08745396e-01 -8.18469375e-02 -1.08125068e-01
  8.42020288e-02 -4.59450521e-02  4.94369864e-02 -4.17640954e-02
 -6.78993165e-02 -2.34934121e-01  4.33059856e-02  1.90430097e-02
  5.66288363e-04  4.98116538e-02  1.81671441e-01  7.04803839e-02
  1.23510212e-01  9.72422063e-02 -4.18532416e-02  1.02759060e-02
 -7.59179816e-02 -8.92399698e-02  1.73767675e-02  4.20734771e-02
  1.69270456e-01  6.75651506e-02  6.63990155e-02  4.00689878e-02
  4.16860171e-02 -4.62301075e-02 -3.07994112e-02 -3.54057066e-02
 -1.39898181e-01  6.27895743e-02  6.83203414e-02  9.22540948e-02
 -6.02105670e-02 -3.15394029e-02 -7.41933584e-02  1.04875475e-01
 -2.86783837e-02 -7.60848522e-02  9.79538783e-02 -1.66107453e-02
  5.41677000e-03  2.24070400e-02  1.27445817e-01 -4.25443873e-02
 -2.31481478e-01 -1.09482529e-02 -1.64045468e-01 -2.20667031e-02
  2.90171504e-02 -8.49117339e-03 -1.53038409e-02 -4.80903685e-02
  8.04610401e-02 -5.76252602e-02  2.13088840e-01  1.11249024e-02
 -2.85429396e-02  2.89630126e-02 -1.62775069e-02  5.20874886e-03
 -6.91316370e-03 -9.83085632e-02 -6.88486025e-02 -3.71445231e-02
 -1.10553779e-01 -7.96519145e-02  9.82717797e-02  5.06374724e-02
  4.39756922e-02 -1.03202298e-01 -6.35343194e-02 -3.88907269e-02
 -3.46732512e-02  2.85157561e-02  9.00717825e-02 -8.68662894e-02
  1.33643031e-01  1.19080327e-01 -5.10146059e-02 -4.17898297e-02
  1.06129311e-01  9.04229209e-02 -5.64634204e-02 -4.13629301e-02
 -6.81362748e-02 -4.01383229e-02 -1.31757274e-01  1.33889169e-01
 -4.23292369e-02 -1.66087776e-01  2.95738596e-02 -4.69431616e-02
  7.45935272e-03 -1.02489358e-02  3.16626951e-02  4.12639380e-02
  1.74567491e-01 -1.70663241e-02 -1.44897938e-01 -7.67517984e-02
 -1.00694664e-01  7.38121197e-02  7.38380700e-02  2.52004862e-02
 -7.16177002e-02  5.95121607e-02  4.79154289e-02 -4.24711294e-02
 -2.90610548e-02 -1.07912108e-01  1.95584908e-01 -1.27776563e-01
 -3.88863236e-02 -1.45689294e-01 -4.71690260e-02  2.04100814e-02
 -9.86114703e-03  7.13870078e-02 -1.52666662e-02 -1.28567502e-01
  4.13826294e-02 -2.28885725e-01  4.49501425e-02  2.13145062e-01
 -2.53180731e-02 -2.78682783e-02 -1.00990839e-01  7.08353333e-03
  9.54888910e-02 -1.46491881e-02  1.87114179e-02 -7.56438300e-02
  5.80246411e-02 -1.09963872e-01  1.12459324e-01 -7.83788264e-02
  4.81540859e-02  8.78027827e-02  8.23681355e-02  5.04215211e-02
 -4.56855074e-03  2.80280709e-02 -1.69941172e-01 -7.34181777e-02
 -1.05274223e-01 -6.77211955e-03  3.24860364e-02 -2.97570154e-02
  5.00883460e-02 -1.51719853e-01 -8.40152502e-02  8.98953620e-03
 -6.66495189e-02  1.44350156e-01 -2.63694283e-02  7.25786611e-02
  1.56933993e-01  3.63919884e-02  7.69880190e-02  1.82506610e-02
 -1.79908719e-04  2.41051525e-01 -6.72193468e-02 -6.93734884e-02
  7.86534995e-02 -3.08422092e-02 -4.20330092e-03 -3.96105386e-02
 -9.04685352e-04  1.01174340e-01 -8.15957561e-02 -1.53100431e-01
 -2.21573085e-01  4.08327579e-02 -1.09338500e-02  2.06527393e-02
 -4.25762199e-02  3.64094302e-02 -7.49682337e-02  1.02819141e-03
  5.99936284e-02  2.58236766e-01 -1.04102522e-01 -9.15874168e-02
  1.02904201e-01 -1.90537244e-01 -9.38397944e-02  6.48917770e-03
 -9.52673331e-02 -8.41071531e-02 -1.90927237e-02  6.66743219e-02
 -2.46528424e-02  1.86576277e-01 -1.20931678e-02 -1.52920276e-01
  4.24647145e-02  3.69991548e-02  3.15941125e-01 -1.47301689e-01
 -3.74554321e-02 -1.27313882e-01  3.99988815e-02 -1.73140317e-01
 -1.03001356e-01 -4.88865860e-02  1.31175015e-02  3.69484544e-01
  1.18737034e-01  4.39475961e-02  1.30272940e-01 -8.12812522e-02
 -2.15101503e-02 -6.49280176e-02 -1.11920223e-01  3.82712558e-02
 -1.93617135e-01 -1.13153666e-01 -8.35303068e-02 -1.91542250e-03
  8.09953660e-02 -9.90240648e-03 -2.08643079e-01 -3.76242138e-02
  7.89476186e-02 -1.06463484e-01 -8.59559253e-02  6.40830845e-02
  1.39051571e-01  1.55207636e-02  4.28109989e-02  2.13700145e-01
  3.10656335e-02 -2.07212530e-02  8.33123401e-02  2.42693946e-01
  8.64196047e-02 -8.17367956e-02 -2.21855398e-02  1.26279995e-01
 -5.23889326e-02 -2.69573592e-02 -1.70027763e-01  2.37578511e-01
 -2.74089038e-01 -4.80329618e-02 -1.62160516e-01 -3.09351701e-02
 -7.94865340e-02  5.71371838e-02  9.51089710e-02 -5.31789614e-03
  7.80612305e-02 -3.06447651e-02  6.29175454e-02 -6.81308806e-02
  4.81725857e-02  6.98541701e-02  8.29573646e-02 -1.06351964e-01
  1.26019612e-01  5.19599728e-02  5.93846105e-02 -1.06351413e-01
  1.25236452e-01  1.80949956e-01  2.36164834e-02 -1.18038386e-01
 -4.43378165e-02 -2.50335876e-02  6.02170527e-02  4.44168337e-02
  4.58991900e-02  5.42603284e-02  2.84488816e-02 -1.55038998e-01
  1.20957524e-01 -1.70706153e-01 -8.58592987e-02  3.57363150e-02
  6.17608987e-02 -6.09462634e-02  4.10945639e-02  1.26541764e-01
 -1.44587636e-01 -9.55939591e-02 -7.19674602e-02  1.24502871e-02
  1.34055421e-01 -1.57984346e-02 -4.56537073e-03  1.31051056e-03
 -6.79425299e-02 -2.00367924e-02  1.90564498e-01 -6.79874718e-02
 -2.03144513e-02 -1.42997831e-01 -4.27158289e-02  4.04460803e-02]