http://erau.edu/ontology/meme.owl#FreeTheNippleMeme
[-4.87088934e-02 -1.65553123e-01 -7.92294145e-02  8.60658661e-02
 -2.57445294e-02  1.63582042e-01  2.52781287e-02  1.62825063e-01
  8.32620338e-02 -6.78891093e-02  1.24902979e-01 -1.19472355e-01
 -7.15789795e-02 -9.88922194e-02  2.20836513e-02  1.22418791e-01
  3.89448367e-02  1.56126730e-02 -3.60591039e-02  1.46660194e-01
 -1.50280511e-02  1.16587393e-01  8.24263170e-02 -4.65623662e-02
  1.37509122e-01  4.72591296e-02  1.03265055e-01 -5.96063659e-02
  1.28001407e-01  1.45740852e-01  1.29537314e-01  1.88858002e-01
 -1.11086324e-01  3.50527912e-02 -8.89357552e-02  1.63337901e-01
 -9.83287990e-02  6.61644414e-02 -4.46399823e-02 -1.97452217e-01
  6.92309514e-02  9.38295200e-02 -1.09001182e-01  3.31031755e-02
  1.29346445e-01  5.35127185e-02 -2.31035668e-02 -8.81125927e-02
 -8.19004998e-02  5.18775210e-02  5.79543971e-02 -2.64063813e-02
 -1.41144022e-01 -1.31473154e-01  1.12228305e-03  6.24723807e-02
  3.41200493e-02  5.38066179e-02 -2.53517721e-02 -1.50778573e-02
  1.60880368e-02  3.24104093e-02  1.11215282e-02  2.31528888e-03
 -5.73191941e-02 -9.93607864e-02 -4.25586998e-02  3.86202568e-03
 -6.40551522e-02 -2.21797541e-01 -2.12838292e-01  7.25392029e-02
 -2.23247316e-02  7.36259073e-02  3.28032970e-02  1.07812047e-01
 -8.03061277e-02  5.90077080e-02  1.21556491e-01 -5.52378185e-02
 -2.37774476e-02 -1.56414080e-02 -2.61953324e-02 -1.30510733e-01
  8.15887377e-02 -9.02000964e-02 -1.92386389e-01  1.19823858e-01
  1.25634015e-01 -8.66694972e-02  7.40039954e-03 -2.17981979e-01
  7.52640069e-02 -8.60398859e-02  1.01175648e-03  4.21340838e-02
  4.10138164e-03  5.24305403e-02 -8.32000375e-02  1.02051124e-02
  2.03221783e-01  2.64919605e-02  5.10572195e-01 -7.96048194e-02
  1.07731357e-01 -8.46834481e-02  1.05715230e-01  3.05080339e-02
 -7.53611280e-03 -2.17182934e-01  2.83701960e-02  9.37533900e-02
 -9.18516964e-02 -1.07152142e-01  6.46597296e-02  1.49752304e-01
 -3.03271055e-01  5.40029258e-03 -2.98848543e-02 -7.11322064e-04
 -1.37276560e-01 -5.42380661e-02 -3.56633179e-02  1.10806614e-01
  1.06638230e-01 -7.30708018e-02 -1.22698955e-02 -4.84878523e-03
 -4.73488420e-02 -1.43833514e-02 -2.75306255e-01 -4.28107791e-02
 -8.05790350e-02  2.04581264e-02 -1.25056282e-01  1.25068828e-01
 -7.39252195e-02 -1.11062191e-01 -1.23212948e-01  4.85850982e-02
 -2.52992988e-01  8.14194903e-02  1.43524542e-01 -5.64279072e-02
  1.45477012e-01 -2.38091171e-01  4.68109176e-03 -1.70376822e-01
 -1.00867867e-01  1.38866603e-01 -2.29227431e-02 -9.96003971e-02
  1.26920044e-02  1.95989132e-01  7.00035393e-02  1.08776167e-01
 -1.42511472e-01  2.69837826e-01  2.90036295e-02 -1.47809908e-01
  7.26583824e-02 -2.62622327e-01 -2.83993445e-02 -6.62832037e-02
 -1.30354121e-01 -1.63766116e-01 -5.32730557e-02  1.15817480e-01
 -4.19747829e-01  1.42197356e-01  1.70257650e-02  1.74841344e-01
  1.12181634e-01  1.52415201e-01 -1.27111703e-01  1.93746127e-02
  5.32920146e-03 -1.70512572e-01  7.66689032e-02 -1.14080526e-01
 -3.28657180e-02  9.69334543e-02  1.10120457e-02  1.53298303e-01
  8.12795758e-03 -4.48612161e-02  1.26239136e-01  8.88774693e-02
  1.67750508e-01 -6.21406771e-02  1.20303594e-01 -3.34885605e-02
 -1.40818968e-01  4.42294441e-02 -3.53593491e-02 -2.81279031e-02
 -1.65162850e-02  9.11412761e-02 -3.58914882e-02 -1.20629072e-01
 -2.34584250e-02 -9.65986168e-04  2.97451690e-02 -1.21725202e-01
 -2.53078118e-02 -2.16501176e-01 -4.99611013e-02  4.55918089e-02
 -6.56041950e-02  8.34891349e-02  2.86855578e-01  9.40314382e-02
  7.13794753e-02 -1.41848084e-02  5.34204543e-02  1.61053225e-01
 -1.67631164e-01 -3.56343612e-02  1.35359213e-01 -2.94725597e-02
  5.84125966e-02  1.92892905e-02 -6.27424791e-02  2.94003752e-03
 -7.20279291e-02  2.59394962e-02 -6.59539178e-02 -9.81651768e-02
 -1.25722438e-01  1.24679655e-01  8.65961388e-02  7.24227056e-02
 -8.85894150e-02 -4.68920730e-03  7.02723637e-02 -3.07443067e-02
 -5.18574670e-04  2.42508017e-03  1.89390674e-01 -4.21620198e-02
 -3.47384959e-02 -1.13750406e-01  3.68151404e-02  4.92127473e-03
 -2.47024000e-01 -9.98766124e-02 -2.43757635e-01  1.02397889e-01
 -9.17585641e-02 -1.39956355e-01  1.46766817e-02 -2.47141998e-02
  1.18354656e-01  1.45468920e-01  2.02346012e-01 -1.09174766e-01
 -1.61844373e-01 -3.16000618e-02  7.35928565e-02  1.00245588e-01
 -4.34147157e-02 -8.51458833e-02 -6.54443875e-02 -2.27524772e-01
  4.15489972e-02 -3.41982484e-01 -7.16456622e-02  6.94666579e-02
  6.43614009e-02 -3.90300341e-02 -6.78458111e-03 -7.71530271e-02
 -2.00373381e-01  8.47385228e-02  5.09732887e-02 -5.84555827e-02
  2.22033963e-01 -7.91334659e-02 -4.93005998e-02 -1.68332979e-02
  3.48540582e-02 -1.98643785e-02 -3.88635658e-02 -2.74554938e-02
 -1.82397842e-01 -5.70401885e-02 -6.97455034e-02  7.08592730e-03
 -1.15476243e-01 -1.79958537e-01  1.54982582e-02  5.19221947e-02
  1.32024586e-02  9.51338932e-02  1.23983799e-02  2.13883687e-02
  1.06417336e-01  7.60785416e-02 -8.15120563e-02  1.97260231e-02
 -1.30589500e-01  1.04171239e-01 -7.02702891e-05  1.77866831e-01
  4.87974808e-02 -1.76113173e-01  1.44362792e-01 -2.77407803e-02
 -2.51690578e-02  9.81666297e-02  1.32952675e-01 -9.94958058e-02
 -2.53149793e-02 -7.55423773e-03 -7.42818937e-02  3.64163443e-02
  4.14652377e-02  9.13590952e-07 -1.14878975e-01  3.10373772e-03
  4.46889959e-02 -1.02235861e-01  1.47787437e-01  2.31919624e-02
  1.04979843e-01  5.26369596e-03 -5.61741628e-02 -9.37515050e-02
  9.93426293e-02  3.94046074e-03 -2.09751283e-03  5.13612367e-02
  2.65165083e-02 -1.29849330e-01 -9.92064625e-02 -1.95829242e-01
  1.96846530e-01  8.80719256e-03 -1.14183970e-01  2.20150333e-02
  4.72477004e-02  9.25091356e-02 -5.08130081e-02 -3.09268180e-02
 -9.17829499e-02 -9.35035497e-02 -1.05853509e-02  8.79603177e-02
 -5.05693667e-02 -8.27666968e-02 -7.55237937e-02  7.34808594e-02
 -4.20279503e-02  1.86069861e-01 -8.66939425e-02  1.93965405e-01
  1.43421302e-02 -3.20600830e-02  1.09773561e-01 -1.06219389e-01
 -1.37263447e-01  6.45168647e-02  7.13571087e-02  4.12056483e-02
  7.79875591e-02 -5.67366788e-03 -1.84012614e-02  1.14086762e-01
  1.02853421e-02  9.99449864e-02  2.87979580e-02 -7.22677037e-02
 -2.08674461e-01  2.38144156e-02  1.22769438e-01  9.41205863e-03
 -1.01577193e-01 -2.39995518e-03 -4.23204824e-02 -1.31732255e-01
  1.34686455e-01  1.31333292e-01 -2.36725411e-03 -1.14137791e-01
  1.33275375e-01 -4.19063978e-02 -1.07632525e-01  1.37558728e-02
 -3.43345553e-02 -5.05490899e-02 -9.81615186e-02 -6.12012260e-02
  5.51558621e-02  9.38404799e-02  9.24603827e-03 -3.87685075e-02
  2.35618390e-02  9.95631423e-03  1.50512218e-01  4.51503396e-02
 -1.16667204e-01 -3.95809226e-02  8.94493461e-02 -1.55054942e-01
 -9.95749533e-02  2.77187303e-02 -1.12608261e-03  2.35923290e-01
  1.78146899e-01  1.13633372e-01  1.30997926e-01 -2.07931355e-01
 -8.41659904e-02 -1.26209650e-02 -1.64098382e-01 -5.65385856e-02
 -1.62051395e-01 -1.34242520e-01 -4.69080880e-02  1.73275173e-01
  1.10529393e-01 -3.35656926e-02 -2.05412418e-01  1.07430711e-01
 -2.70623285e-02 -1.36820957e-01  5.42550571e-02  1.66683286e-01
  1.50516391e-01 -4.46347743e-02  3.32486853e-02  2.84973502e-01
 -9.31442622e-03 -1.87879607e-01  4.04747054e-02  1.78704441e-01
  1.13819009e-02 -1.10098414e-01  4.36276533e-02  2.15125903e-01
  1.18838377e-01 -3.77898514e-02 -1.16700031e-01  2.52494365e-01
 -3.27134430e-01 -1.85468510e-01 -2.23544180e-01 -6.06460087e-02
 -1.34935647e-01  4.58061434e-02  8.94559473e-02  1.79235309e-01
  8.65857527e-02 -1.96962710e-02  1.83066458e-01 -1.03015222e-01
  1.30597830e-01  1.56635880e-01  1.04715107e-02  1.33228619e-02
  1.05792686e-01 -4.82369810e-02  1.16120741e-01 -9.40058082e-02
 -2.94617433e-02  6.80251569e-02 -1.08547240e-01 -6.17759451e-02
 -4.28842008e-02  7.51104727e-02  2.71745294e-01 -1.04965493e-02
  5.77448048e-02  1.24432266e-01  3.42625231e-02 -6.15763217e-02
  8.01274851e-02 -1.65605649e-01 -5.50397262e-02  9.31159779e-02
 -9.31232944e-02 -9.97205675e-02 -1.14644885e-01  2.96063930e-01
 -9.60849375e-02 -1.42600283e-01  3.28694880e-02  1.04085973e-03
  3.83105539e-02  1.33717522e-01 -1.20034292e-01  1.61598809e-03
 -3.55071686e-02 -7.86406174e-02  1.82740435e-01 -3.89990099e-02
 -1.23818554e-01 -5.11320569e-02  5.82292788e-02  1.06214203e-01]