http://erau.edu/ontology/meme.owl#InternetStoryMeme
[-1.24259308e-01 -1.42005369e-01 -1.97119880e-02  3.97658125e-02
 -6.02959879e-02  1.37079626e-01  1.75304741e-01  2.51599878e-01
  1.06310315e-01 -2.80482229e-02  7.72390589e-02 -2.19837889e-01
 -1.15215577e-01 -1.46537632e-01 -6.96771294e-02  5.83764873e-02
 -4.87289615e-02  6.56804144e-02 -6.46096319e-02  2.22844511e-01
 -1.74377084e-01  1.51036084e-01  1.06973343e-01 -1.31407008e-01
  2.09766313e-01  1.10328168e-01  8.52013826e-02 -3.50388587e-02
  3.21075171e-01  1.69632584e-01  1.17368892e-01  1.92775831e-01
  1.09004028e-01  5.10407463e-02 -3.39687773e-04  1.48190975e-01
 -1.01203114e-01  2.99601518e-02 -5.35568856e-02 -1.76770553e-01
  3.83063219e-02  1.07502624e-01 -2.54113764e-01  1.02182664e-01
  5.68863004e-02 -1.36611924e-01  1.10554740e-01 -1.74571931e-01
  1.11118220e-02  5.17963618e-02  7.43458644e-02 -1.40904427e-01
 -1.51338220e-01 -1.68758228e-01 -9.17763039e-02 -1.34062529e-01
 -1.17934821e-02  1.26773298e-01  1.86985359e-02 -5.68365939e-02
 -5.06468341e-02  2.06789952e-02  5.74131198e-02  1.10834576e-01
 -6.09054118e-02 -1.01559825e-01 -2.01595630e-02  7.83300679e-03
 -1.02920262e-02 -7.15651438e-02 -2.40895659e-01  7.93841332e-02
  5.00380620e-02  7.74442330e-02 -7.09830225e-02  3.93016897e-02
 -2.02809259e-01 -5.56443352e-03  1.76392160e-02 -2.70440858e-02
 -7.97059461e-02 -2.28411019e-01 -1.58413887e-01 -6.83257505e-02
 -6.56509027e-02 -4.27020006e-02 -2.27104038e-01 -8.34350195e-03
  2.30408320e-03 -1.03048071e-01  3.45632322e-02 -3.34554315e-01
  7.54267797e-02  9.95219126e-02  4.19320092e-02  2.47451477e-02
 -3.83289866e-02  8.32511857e-02  8.38666558e-02 -5.69570139e-02
  3.81792523e-02  1.15583027e-02  3.30670953e-01 -1.12875320e-01
  1.37339264e-01  4.22232524e-02  1.60890251e-01 -3.37048173e-02
  9.53395516e-02 -1.09063774e-01 -8.07628632e-02  1.89747274e-01
 -4.13159542e-02 -1.70812622e-01  2.33013220e-02 -2.44210078e-03
 -2.59135008e-01 -1.90470010e-01 -1.96833350e-02  4.32119966e-02
 -8.43917355e-02 -7.69437402e-02 -1.66653156e-01  6.41491711e-02
  1.73752367e-01 -1.00241020e-01 -1.33973761e-02  2.44396161e-02
  1.94921866e-01  5.44264577e-02 -1.89617038e-01 -9.67943072e-02
  2.24526809e-03 -1.92495491e-02 -1.50221094e-01  1.95608065e-01
  1.42400652e-01 -1.29836559e-01 -2.29020372e-01  7.22684488e-02
 -2.27253631e-01  1.17385313e-01  4.81378101e-02  2.14113574e-02
  2.24251106e-01 -1.68646187e-01  1.54670328e-01 -1.44481719e-01
  1.68858711e-02  1.10969417e-01  5.88650107e-02 -3.89105082e-02
  5.49199171e-02  2.53922809e-02 -2.20057406e-02  8.31786543e-02
 -1.40829131e-01  3.57675403e-01 -5.84541075e-02 -1.85756564e-01
  1.18049949e-01 -9.84607115e-02 -5.22166528e-02 -4.77984175e-02
 -1.38253599e-01 -1.52679577e-01 -9.69076008e-02  1.69628710e-01
 -3.31396520e-01  2.64825493e-01  4.55210023e-02  9.11257789e-02
  8.25380906e-02  1.59574687e-01 -1.15695044e-01 -1.66810289e-01
 -9.27793309e-02  2.50187088e-02  1.07272267e-01 -2.85190567e-02
 -1.09523095e-01  4.89252098e-02 -2.75626406e-02  3.80735248e-02
 -2.98146270e-02 -6.26736740e-03  5.55444583e-02  1.97288562e-02
  1.32371858e-01  2.09305156e-02  1.46993119e-02  4.87087630e-02
 -1.37740508e-01 -3.16455439e-02 -4.24244665e-02  1.18193224e-01
 -3.81572396e-02  1.55065253e-01  7.15869665e-02 -1.09561838e-01
 -8.19175467e-02 -7.67609105e-02  3.89534682e-02 -8.26608166e-02
 -8.41719881e-02 -2.64482230e-01  2.85680015e-02  4.46306989e-02
 -1.14055514e-01  1.21701762e-01  3.16952229e-01  1.11145049e-01
  3.78957838e-02 -1.19427189e-01 -5.53943496e-03 -8.22887849e-03
 -2.24510685e-01  4.40568291e-02  9.97004285e-02  7.46559277e-02
  2.46516153e-01 -3.47485244e-02 -3.94648798e-02  4.44754809e-02
  1.04688006e-02 -1.34426400e-01 -4.31023128e-02 -7.78361559e-02
 -1.59923822e-01  1.04530223e-01  1.65648624e-01  8.34243894e-02
 -5.22868559e-02 -3.02215526e-03 -3.05966809e-02  6.32748008e-02
 -1.38212424e-02  2.26756707e-02  1.92786232e-01 -8.07509646e-02
 -7.84815028e-02  4.72039953e-02  1.32614717e-01 -7.24065751e-02
 -2.70487309e-01 -7.52647668e-02 -2.43638754e-01  3.72880027e-02
 -1.28095731e-01 -9.17058613e-04 -2.66584754e-02  9.73408893e-02
  5.90019450e-02  2.91574523e-02  2.14112088e-01 -2.10619275e-03
 -1.05554938e-01 -3.77576947e-02 -9.35961157e-02  9.55570582e-03
 -8.84458050e-02 -1.06806301e-01  2.57682726e-02 -1.69399858e-01
 -1.39861122e-01 -1.33634850e-01 -2.46488377e-02  1.66045763e-02
  1.19558677e-01  6.17460581e-03 -4.25363295e-02 -8.81716534e-02
  7.81316832e-02  1.02163017e-01  1.20549865e-01  4.17743996e-02
  1.25641033e-01  7.71317780e-02 -1.35106519e-01  7.10417703e-02
  1.00880459e-01  9.11916122e-02 -9.30394903e-02 -1.87933706e-02
 -1.94349155e-01  9.92698818e-02 -3.41863856e-02 -2.58937776e-02
  7.14339688e-03 -1.06009200e-01  1.04110350e-03 -3.28480243e-03
  3.87171321e-02  5.46355322e-02 -3.68411280e-02  4.80441842e-03
  3.12102765e-01  3.87751423e-02 -7.40482509e-02 -1.09640189e-01
 -1.95487350e-01  1.08823404e-01  4.38047610e-02 -3.08939070e-02
  8.59449059e-02  2.08188314e-02 -4.73782271e-02 -7.87608400e-02
 -1.66936405e-02 -1.46216927e-02  2.28890866e-01 -1.01921827e-01
  4.22906838e-02 -1.16757281e-01  7.72498641e-03  4.56073647e-03
  1.41480854e-02  4.78906594e-02  4.38143425e-02 -6.88789412e-02
  3.79322865e-03 -3.46922755e-01  9.69042182e-02  7.99659565e-02
  8.13211128e-02  8.29423144e-02 -6.73213601e-02 -9.75122973e-02
  1.25745341e-01  1.73448592e-01  2.40813233e-02 -7.88087323e-02
  9.50754359e-02 -1.13481589e-01 -2.41949465e-02 -1.61714941e-01
  1.05528846e-01  2.65535340e-02 -7.78820086e-03  2.58990936e-02
  1.08058527e-02  1.63146272e-01 -1.35425687e-01 -7.71413073e-02
 -8.69893506e-02 -6.09964505e-02 -2.64008306e-02  4.32393420e-03
  1.77487209e-02 -9.58233327e-02 -1.28503755e-01 -8.20361357e-03
 -1.55788362e-01  2.54731894e-01 -1.06314085e-01  2.00561792e-01
 -3.78842875e-02 -1.99271008e-01  2.28716850e-01 -8.78097340e-02
 -7.88918734e-02  1.74086243e-01 -1.53318390e-01  7.27828443e-02
 -1.25470739e-02  9.34733897e-02 -2.16905609e-01  9.38900039e-02
 -4.83842455e-02  7.90327713e-02 -4.59747501e-02 -2.35567778e-01
 -2.99347639e-01  2.44694605e-01  2.33392250e-02 -8.10762867e-02
 -1.54247120e-01  1.33049982e-02 -2.43620723e-01 -9.64590833e-02
  1.54906318e-01  2.98582345e-01 -1.66589245e-01 -1.47563428e-01
  2.18315542e-01 -1.12597495e-01 -2.30024546e-01  9.79328901e-03
 -1.85925931e-01 -2.51641631e-01 -4.97030057e-02  8.22710693e-02
 -1.44192964e-01  3.41952682e-01 -1.51944011e-01 -1.63138375e-01
  5.80228642e-02  4.65324186e-02  3.44432265e-01 -2.30228946e-01
 -1.88710451e-01 -3.42978776e-01 -5.60149327e-02 -3.03860873e-01
 -8.53743032e-02 -2.31269319e-02 -5.26941288e-03  5.90429306e-01
  1.76362544e-01  2.20972002e-02  1.64745778e-01 -1.72193289e-01
 -5.30251600e-02  8.86995569e-02 -1.38873264e-01 -6.95023164e-02
 -3.22592050e-01 -2.62780517e-01  1.27896862e-02  1.18915454e-01
  1.16059229e-01 -2.58427542e-02 -5.11046052e-01  8.34245682e-02
  1.41738638e-01 -3.16740990e-01 -4.49868031e-02  1.49480507e-01
  1.85830951e-01 -3.29217240e-02  4.64408658e-02  2.44910359e-01
  1.39805213e-01 -1.09234177e-01  8.09513405e-02  3.36835355e-01
 -7.76901096e-03 -3.01344600e-02  4.70417142e-02  2.21238673e-01
 -3.46959457e-02 -1.18149102e-01 -1.94623217e-01  4.17161077e-01
 -3.46694827e-01 -4.73883636e-02 -2.36285791e-01 -2.26471066e-01
 -1.01910690e-02  1.10822633e-01  1.19168945e-01  1.66427627e-01
  9.12432745e-02 -1.05753355e-02  2.43040949e-01 -1.95738241e-01
  2.49563381e-01  8.25964063e-02  1.64661378e-01 -1.86053559e-01
  7.77819976e-02  1.00648135e-01  2.14188978e-01 -5.90937138e-02
  4.58709858e-02  2.74326652e-01 -1.07093513e-01 -5.16184643e-02
 -9.21911597e-02 -8.65236484e-03  3.13548774e-01  2.83322018e-02
  2.43009612e-01  1.47511929e-01 -1.18293390e-02 -5.23822568e-02
  3.15794706e-01 -3.32651466e-01 -1.88605905e-01  1.45258203e-01
  6.62810430e-02 -9.19810459e-02 -1.92825831e-02  3.01991820e-01
 -2.85212904e-01 -1.51627228e-01 -1.48406968e-01 -3.55240144e-02
  1.82876170e-01  7.72864744e-02 -2.66850054e-01 -1.65783986e-01
 -8.06722194e-02 -1.51500642e-01  3.32797438e-01 -1.66081831e-01
 -1.91233590e-01 -3.27971935e-01 -5.11241630e-02  8.43696445e-02]