http://erau.edu/ontology/meme.owl#ItRunsDoomMeme
[-0.12426976 -0.22132593  0.04513531 -0.02673845 -0.0038482   0.00817138
  0.25975636  0.05490531  0.05907721 -0.05101491  0.1550484  -0.08801779
 -0.0128887  -0.00890969 -0.11817914  0.01909898  0.05792379  0.23472968
  0.15143214  0.07494824 -0.3193679   0.10963944  0.22025004 -0.1802622
  0.10418177  0.0153462   0.01714632 -0.15860246  0.28048718  0.10799609
  0.01473129  0.08590229  0.09170062 -0.18807648 -0.09275067  0.24746181
  0.0819951   0.1512115  -0.08291826 -0.19562489  0.0307799   0.24134444
 -0.24051735 -0.1339935   0.021947    0.07265557 -0.02809387  0.00446578
  0.07817876  0.07285764  0.08516853 -0.09207743 -0.11341926 -0.16383675
 -0.10801541 -0.06105154  0.09091103  0.01046942  0.19040133  0.13925892
 -0.09082374 -0.21910864  0.11393294  0.06967328 -0.1876948   0.01823565
 -0.07759561 -0.04325879 -0.12332483 -0.17026311 -0.13243552  0.08630081
  0.16069782  0.05266536 -0.0018553   0.11881969 -0.12690926  0.03363443
  0.17377256  0.02719527 -0.10727677 -0.17687608 -0.11021836 -0.20886998
 -0.0434447  -0.19678928 -0.1782387  -0.01971461  0.07716021  0.00874061
  0.02018973 -0.30299532  0.14545016  0.0182433  -0.10904658  0.02947455
 -0.05413258 -0.03189456  0.02281064 -0.05993291  0.05283878  0.04625991
  0.20471321 -0.16100457  0.023193   -0.018265    0.16124535 -0.04546687
  0.09350045 -0.01270836  0.05781173 -0.04377138 -0.08438725 -0.1012761
  0.15630937  0.07903323 -0.27373296 -0.29521775  0.12846993  0.14399803
  0.03981577  0.07542811 -0.00790215  0.01438539  0.04178632 -0.12244331
  0.06369158 -0.01387226  0.02542333 -0.02276965 -0.2016581  -0.01278929
  0.08163074 -0.02337871 -0.04526685  0.24007778 -0.01837704 -0.13597716
 -0.11819658  0.11949176 -0.28487882 -0.13751414 -0.01923401  0.0634449
  0.19806285 -0.1625092   0.06488891 -0.17895748  0.03641116  0.21768543
  0.02014876 -0.10392534  0.02346706  0.01756695 -0.09422847  0.07900621
 -0.18324515  0.1705457   0.0420237  -0.1477432   0.07647371 -0.19431497
 -0.01129383 -0.01989804 -0.1968574  -0.22239052 -0.06173603  0.05308262
 -0.22467773  0.06793948  0.0088862   0.1583911   0.21428445  0.16888486
  0.01214286 -0.09864181 -0.09061655 -0.08762923  0.13001661  0.00853448
 -0.11057977  0.11155123  0.07235254 -0.02337321 -0.10515509 -0.00856465
  0.00866906  0.06674907  0.3226126  -0.08763397  0.01863736  0.00850016
 -0.2692895  -0.12273756 -0.02864534  0.0683228   0.07793324  0.14667848
 -0.02902491  0.03251057  0.06436446  0.03193057  0.09831844 -0.06475173
 -0.05493246 -0.19656207  0.01490518  0.01161297  0.14173509  0.21666539
  0.28419238  0.10945611 -0.09889184 -0.12681952  0.24176323 -0.05452971
 -0.15823925 -0.02935332  0.05190253  0.12958704  0.2885999   0.14338098
 -0.14485107  0.08830867  0.05562452  0.00136563 -0.15008923 -0.02896634
  0.00558557 -0.04846681  0.09812839 -0.03001668 -0.06312817  0.00339832
  0.0256546   0.06063533 -0.0609035  -0.03598904  0.16076145 -0.00036298
 -0.06117241  0.00724265 -0.06540138  0.00852071 -0.12170242  0.00857432
 -0.14075838 -0.00044714 -0.14726648 -0.06282065  0.06625891 -0.06212353
  0.14643215 -0.02150319  0.05367814 -0.02791001 -0.03648115 -0.00212054
  0.0049232   0.04136824 -0.07594077 -0.09593842  0.03591646  0.01102218
 -0.00277241 -0.10061862 -0.07480097 -0.07718115  0.13097657 -0.05417271
  0.05225897 -0.07249286  0.00980795  0.09309383  0.20368694 -0.05140237
  0.05104249 -0.00567545 -0.05189343  0.00051295  0.05238743  0.09987514
  0.00318964 -0.03512013 -0.13820125  0.04496187 -0.04958263 -0.06047896
 -0.03801088 -0.03427145  0.07529099 -0.02075099 -0.02968717 -0.17271805
  0.03474853  0.00841262  0.17841198  0.0254185  -0.01177937 -0.16734928
 -0.18220958  0.00741256  0.00243851  0.02516745  0.04750372  0.02598341
  0.2152265  -0.01874202  0.1527693   0.01729356  0.04507079 -0.18310389
 -0.00055268  0.13971029  0.03335142  0.06243566 -0.01089113  0.0047144
  0.07291992 -0.11222073 -0.00763027 -0.09383769  0.1093534   0.12578648
  0.03499063  0.00060055 -0.12206838 -0.05424663  0.01733802 -0.01310661
 -0.02934508 -0.02260982  0.06882244 -0.05727392 -0.0312174  -0.10521055
  0.05928751  0.07571765 -0.116347    0.10448164 -0.01528364  0.11638751
 -0.09593292 -0.05097927 -0.02758804  0.08774178 -0.17156276  0.04647497
 -0.06486335 -0.11291754 -0.10720116  0.02411692 -0.10518716  0.11443483
 -0.1026297   0.04878206 -0.09019617 -0.156025    0.25544453  0.0851382
 -0.10375524 -0.00771918 -0.06675529 -0.01929037  0.03803067 -0.10307038
 -0.08868943  0.02587011 -0.05614512  0.01356913 -0.04886949  0.08083636
 -0.10095195 -0.01121097  0.04052272 -0.10750093 -0.0740248  -0.01248627
  0.04931492 -0.04563331  0.0734299   0.12030856 -0.12496029 -0.01091424
  0.10274529 -0.05946805 -0.0496643   0.16694123 -0.08268178 -0.03068177
 -0.12008639  0.0852026  -0.0658085   0.17143698 -0.02662577 -0.17502934
  0.06440218  0.10464752  0.11158668 -0.055619   -0.0052487  -0.14927888
 -0.02699878 -0.12055412 -0.06431471 -0.02113587 -0.02817131  0.11952832
  0.077272    0.0316699   0.16959529 -0.12629697 -0.15802836 -0.0518499
  0.07267269 -0.05855278  0.05361452  0.02017418  0.03480099 -0.05022801
  0.08926394 -0.01475991  0.06853378  0.05281159 -0.07843982 -0.18402444
 -0.02428791  0.06887554  0.01225335 -0.12081525  0.11081409  0.13421029
  0.0745698  -0.06646375  0.07035474  0.09746777  0.02977189 -0.01707002
  0.00095614  0.09358951  0.01513219  0.0897591  -0.07741626  0.19180606
 -0.10267355 -0.00758086 -0.06709989 -0.1338512  -0.03062297  0.05213526
  0.07334132 -0.09189906  0.04953364 -0.04730054  0.12109839  0.06014143
  0.08063755 -0.02602428  0.09365395  0.00847947  0.07391854  0.13476329
  0.11643164 -0.05063643 -0.00718594  0.15388633 -0.019525   -0.0966844
  0.01276458  0.06555674  0.1445917  -0.04383841  0.2306865   0.15964366
 -0.06889728 -0.07578605  0.03220474 -0.16324776  0.0388606   0.05895189
  0.05700954  0.03774706 -0.06030204  0.14163394 -0.0867859  -0.11816463
  0.01298629 -0.03833166  0.10402201  0.15937485 -0.01128621 -0.02986795
  0.13977644  0.02979371  0.15391782  0.01070199  0.08160142 -0.05623337
 -0.01653145  0.07414494]