http://erau.edu/ontology/meme.owl#DeleteThisNephewMeme
[-0.21475147 -0.19409302  0.06783945  0.00107346  0.02325137 -0.06725285
  0.0828616   0.09258603  0.04226888 -0.13571413  0.02999301 -0.03126267
  0.02818327 -0.1675951  -0.09678144  0.07049093  0.15997168  0.00956128
  0.1689511   0.15664957 -0.23996471  0.02429275  0.0670647  -0.07267342
  0.29412687 -0.09471831  0.03808701 -0.11980963  0.40069446  0.23977725
  0.11093767 -0.06920508 -0.0048149  -0.10570007 -0.05611251  0.06193141
 -0.02418158  0.05725878 -0.07924004 -0.15759747  0.09827952  0.18160686
 -0.12883475  0.06464614  0.0964358  -0.03073892 -0.10161133 -0.0869984
  0.05865552  0.05045401  0.01852632 -0.00375746 -0.06429036 -0.14011078
 -0.07656404 -0.13009067  0.16465296  0.01976517  0.20789051  0.09504538
  0.06792174 -0.07059065  0.1026895   0.09544162 -0.05816852 -0.03563021
  0.17244579 -0.00850088 -0.12225026 -0.10496984 -0.03229169  0.0305088
  0.13244909 -0.13976218 -0.00643643  0.07633825 -0.05797403  0.14577873
  0.06967661  0.06958619 -0.05341828 -0.11547159  0.01544518 -0.04974756
  0.10136325 -0.15488239 -0.06001037  0.10959065  0.12922329 -0.0101691
 -0.02097298 -0.16545817  0.01921115 -0.14418498 -0.04506253  0.04587993
 -0.0050726  -0.03419209 -0.01694797 -0.19894063  0.11616127  0.02580237
  0.14769219 -0.05329408 -0.0789621   0.01668265  0.08582137 -0.10948214
 -0.05028906  0.07692451  0.00848397 -0.01717618 -0.15917148 -0.06934445
  0.0694567   0.06267404 -0.26346266 -0.23332156 -0.08926328 -0.04244702
  0.08141053 -0.06247514 -0.08481626  0.09619492  0.02194092 -0.26102182
 -0.0149548  -0.06972615 -0.02324274  0.02475895 -0.19257776 -0.00566227
  0.00268513 -0.09801865 -0.1265801   0.0613618  -0.07207809 -0.04055451
 -0.22084841  0.02350926 -0.26120314 -0.0662456   0.04651991 -0.05234975
  0.18580253 -0.2157156   0.17681275 -0.02730439 -0.08003879  0.11059188
 -0.05368499 -0.14784168 -0.10248902  0.01064133  0.01281817  0.08921955
 -0.099964    0.06908325  0.06758697 -0.10485441  0.12569961 -0.09162902
  0.12104092 -0.10563601 -0.1092282  -0.1689613  -0.1735646   0.05298943
 -0.15986909  0.15313078 -0.05880914  0.27464902  0.19790411  0.03848527
  0.03606879  0.0195728  -0.14524193 -0.00966737  0.05108523 -0.05888491
 -0.08748259  0.16469805 -0.05492236  0.14853974 -0.17504618 -0.00510338
  0.17080155  0.00295384  0.20180129 -0.02510933 -0.03351421  0.04143787
 -0.18137625 -0.11627424  0.05308691 -0.0348276   0.01304459  0.06505128
 -0.04965939 -0.0033728  -0.07762571 -0.1024233   0.00454784 -0.00994738
 -0.07822821 -0.3006305   0.06683024 -0.09248249  0.10249822  0.14456949
  0.30469346  0.1045766  -0.02353657 -0.16533679  0.17638075  0.10137989
 -0.09158345 -0.16611041  0.20784605  0.07228287  0.3401869   0.1062966
 -0.17755204  0.02315375  0.05134014 -0.04917618 -0.22988574  0.0431334
 -0.02292565  0.06908751  0.08881597 -0.03236631 -0.08319551 -0.24054587
 -0.00342695 -0.04089924 -0.17373428 -0.16957422  0.02699398 -0.12029573
  0.05660779  0.03324736  0.05608884 -0.05395222 -0.2939942   0.01232728
 -0.12454579 -0.06712756 -0.0999756   0.00073956  0.0931049  -0.00291467
  0.15045616  0.07310402  0.17693819  0.03355448 -0.14541997  0.00505156
 -0.03178819  0.06798891 -0.07724769 -0.20147423  0.01363816 -0.16858137
 -0.11182281 -0.0994301  -0.03302324  0.05117845  0.04641185 -0.08488374
  0.00160311 -0.07964489 -0.07385467  0.03881745  0.07267111 -0.01189765
  0.02861921 -0.07513232 -0.00055063  0.00807303  0.16828312  0.168143
 -0.00656241 -0.109332   -0.09509938 -0.09455912 -0.02644711  0.04059026
  0.0777657  -0.03975998  0.01774044 -0.11766086  0.06627136 -0.10342152
  0.06248625  0.01770508 -0.02518016 -0.02114319 -0.07933394 -0.06046477
 -0.22929344  0.06000086 -0.07760396  0.13975681  0.03045712  0.04777687
  0.18468839 -0.01876802 -0.03262301  0.06688894  0.19482729 -0.17705962
 -0.00943492  0.061338    0.03762838  0.04179638 -0.01720989  0.0890992
  0.01790339 -0.07916882  0.13282259 -0.12059213  0.14890952  0.13969842
 -0.0892355   0.06167529  0.00557805  0.079425    0.09491736  0.00231467
  0.06489757 -0.03591429  0.03412989 -0.07979707 -0.15288754 -0.16852988
  0.02832319  0.08511864 -0.1040994   0.07797234  0.02542669  0.14660037
 -0.04043618  0.07905377 -0.13845854  0.05550719 -0.02211774  0.18218128
 -0.10474809 -0.04327962 -0.02950504 -0.01587659 -0.06573466  0.15023176
 -0.16262937 -0.01231662  0.03981601 -0.08724892  0.1206204  -0.1040161
 -0.09605747  0.11262187  0.01909869  0.00450691 -0.11836275  0.1421906
 -0.12570366 -0.01349583 -0.06544431  0.01854067 -0.11598096 -0.00979163
 -0.22282529  0.1339435  -0.01110666 -0.13519195 -0.07349414 -0.05551507
  0.04452361 -0.06891991  0.09885867  0.09933332 -0.02928277 -0.10551711
 -0.02996298 -0.08110404 -0.11939166  0.15924372  0.00389678 -0.1118977
  0.03541927  0.03473091  0.10525303  0.03312542 -0.08820219 -0.19399169
  0.10459924  0.06108424  0.1544257  -0.01491696 -0.0315933   0.00795391
 -0.08234511 -0.19220336 -0.18531638 -0.06473548 -0.06024141  0.10456671
  0.13112363  0.11961142  0.06070361 -0.15034054 -0.18589151 -0.03774629
  0.00526078  0.12482035 -0.08599506  0.04389029 -0.03191294  0.06988253
  0.18845253  0.11041933 -0.16095906  0.03722404 -0.01988497 -0.04512751
  0.01410845  0.14481612  0.14979163 -0.12195827  0.01239995  0.23836985
  0.11159524 -0.06192362  0.22680303  0.15696321  0.02531353 -0.0020697
 -0.0147483  -0.01914217  0.13685374  0.10753593 -0.06944871  0.274539
 -0.20242995 -0.02674131 -0.17208107 -0.16360582 -0.07358814  0.03366524
  0.05462448  0.14462774  0.04280307 -0.11197883  0.15065894  0.03216168
  0.02794832 -0.03980204  0.18471998  0.02073614  0.25293502  0.1030679
  0.06181399 -0.04968311 -0.10295395  0.03545026  0.06651957 -0.05695143
  0.04413321  0.11630711 -0.0046742   0.03310132  0.12744313  0.13389827
 -0.01293374 -0.03050937  0.04406222 -0.1696193  -0.09884541  0.08476242
 -0.10688071  0.01985874 -0.0167211   0.26505676 -0.0309946  -0.16967805
  0.04602463  0.04426351  0.01897651 -0.01576637  0.00058818  0.01456487
  0.12003057  0.03201474  0.0273228   0.10474662 -0.03037127  0.04939334
  0.11553308  0.17688607]