http://erau.edu/ontology/meme.owl#LoveChunibyoOtherDelusionsChuunibyoudemoKoigaShitaiMeme
[-0.01185307 -0.1113506   0.04167898  0.04959845  0.02065256  0.01485058
  0.02408849  0.01937088  0.10749029 -0.09266614  0.11010095 -0.02337589
  0.01163927 -0.02883869 -0.04933551 -0.0206637  -0.06460997  0.04435713
 -0.05699268  0.25069618  0.00787999  0.14220648  0.1489486  -0.05775123
  0.12355278 -0.0309639   0.03881701  0.03224941  0.35414827  0.04869838
  0.12201729  0.10147169  0.04422321 -0.0150434  -0.03358712  0.14773187
 -0.0478213  -0.01007369 -0.07839005 -0.18140206 -0.07810413  0.03354316
 -0.17423014 -0.02620516  0.04431977 -0.04876409  0.0433902  -0.07733741
 -0.06184445  0.01850505  0.07204874 -0.10341714 -0.12980323 -0.06369911
 -0.02262908 -0.10336988  0.05647782 -0.096906    0.0719711  -0.04052311
  0.04319742 -0.08092688  0.02994328  0.16180088 -0.07219675 -0.06573153
  0.14031492  0.01685267 -0.03157202  0.01782203 -0.0333693   0.12131462
 -0.01289451  0.01292472 -0.03533079  0.02048425 -0.03292237  0.09737867
  0.01528097 -0.05615885 -0.0219292  -0.04819089 -0.11566473 -0.07439337
  0.05298511 -0.05187116 -0.0052917   0.10332292  0.04886742 -0.06991481
 -0.0108564  -0.17294756 -0.03412289 -0.07866839  0.03325049 -0.02305413
 -0.08792064 -0.05625145  0.06772071  0.06221055  0.06894467  0.03099154
  0.19837472 -0.06898744 -0.09125292 -0.01037182  0.10420159  0.01842958
  0.09349373 -0.05121896 -0.09336352  0.10393371  0.05990562 -0.04120158
  0.0369737   0.04776489 -0.10109361 -0.01727464  0.05103485 -0.0547598
  0.02824635 -0.06104677 -0.12690708 -0.02945348  0.03282655  0.01051564
 -0.02432529  0.03870258  0.06662014 -0.02637517 -0.17834    -0.08306009
 -0.05089681 -0.0596787  -0.1078801   0.10252539 -0.07663114 -0.03504531
 -0.0393065   0.0976684  -0.08713359 -0.06998029  0.14222638 -0.04445782
  0.01764438 -0.22329268  0.14496858 -0.00048761 -0.00351933  0.00319498
  0.01356091 -0.02558444  0.00653851 -0.08876538 -0.04973721 -0.03547424
  0.02675458  0.18533084 -0.06621066 -0.12680565  0.11334826 -0.04599795
 -0.01006942 -0.02707488 -0.19841482 -0.04455389 -0.01152784  0.12736624
 -0.10522322  0.08657897 -0.04845348  0.15523255  0.20821199  0.0961257
 -0.13666105 -0.01314761 -0.03042904 -0.01083603  0.05689318 -0.08274959
 -0.05180539 -0.03796784 -0.00643548  0.0977253  -0.08024124 -0.05028947
  0.08015054  0.03012485 -0.01648562 -0.10516863 -0.06637166  0.02657699
 -0.04241645 -0.11008154 -0.05465409  0.01334244  0.0180219   0.12001967
  0.03274425  0.0162687   0.0361114  -0.04944742  0.03282749  0.01351446
  0.01534148 -0.20776874 -0.04246819  0.07635342  0.10619871  0.10446837
  0.18819441  0.00913728  0.12347354 -0.0951322   0.03339671  0.15064646
 -0.10788016 -0.05015299  0.16462636  0.03408945  0.15528756  0.14899088
 -0.01373234  0.07524258  0.03300013 -0.04862386 -0.03777141 -0.0683789
 -0.13894938  0.05550195 -0.01472289  0.01776473 -0.12169148 -0.12959778
 -0.07641082 -0.04074704 -0.05277364 -0.12765232  0.13055603 -0.04490054
 -0.05625204  0.03741207  0.08615146 -0.01655566 -0.22219999 -0.12261306
 -0.13841863  0.02559685 -0.09957188  0.03378468  0.03721314  0.0653741
  0.08086211 -0.03332173  0.24632792  0.01611945 -0.15275301 -0.01126137
 -0.1019951   0.00788627 -0.14620495 -0.15827695 -0.07121176 -0.17416884
 -0.02701745 -0.09057083  0.15012695  0.04294707  0.09124591  0.02323248
  0.04085482 -0.0600405  -0.0576495   0.02530496  0.15473399 -0.12744723
  0.06833916  0.01748736 -0.09220689 -0.06291866 -0.0321742   0.09098221
 -0.09775144 -0.01194631 -0.06200401 -0.05349637 -0.18123549  0.00473085
  0.00208691 -0.15881027 -0.00556763 -0.02366704  0.01689387  0.01248546
  0.04615066  0.02871236  0.19894446  0.08333689 -0.0357793  -0.03576651
 -0.10612598 -0.00715732  0.04584122  0.0781865   0.04281665 -0.02801889
  0.15574308 -0.008052   -0.03025857 -0.04502282  0.15742648 -0.23099019
 -0.10136275 -0.10960924 -0.1075303  -0.01396431  0.06017309  0.0752584
 -0.01936327 -0.06252821  0.09597106 -0.18778053  0.08605503  0.20934114
  0.08438593 -0.04710869 -0.10868645 -0.04948881  0.15693462  0.02452462
 -0.00374485 -0.1313812   0.09015228 -0.09673477  0.07609067 -0.23836559
  0.17962036  0.10029273 -0.01275413  0.0130485   0.02763349  0.1025079
 -0.1070521   0.00640376 -0.16807862  0.10808008  0.00624665 -0.01590418
 -0.00082737 -0.0387123  -0.02022362  0.0896638  -0.05464579  0.17403954
 -0.15566204  0.06806817  0.05006757 -0.03930429  0.10277224 -0.13318112
 -0.01350595  0.27333185 -0.03236533 -0.12660477  0.05275886  0.07881635
 -0.07568388  0.04315967 -0.00924024 -0.06267024 -0.12473905 -0.12775926
 -0.26657322  0.11049765  0.05258948 -0.00172245 -0.10975006 -0.04305844
 -0.05208869 -0.07252562  0.15448147  0.16936074 -0.12245984 -0.04634177
  0.04514225 -0.12506886 -0.09647528  0.04887161 -0.13269806 -0.08475584
  0.04458023  0.05800866 -0.01692501  0.13764486 -0.01149083 -0.1006511
  0.12055907  0.01711341  0.15310545 -0.11984657 -0.13637234 -0.20228294
 -0.01730513 -0.10267844 -0.11639446 -0.1161693  -0.06402296  0.27507222
  0.12553874  0.01459765  0.23835045 -0.09370278 -0.11726744 -0.06618381
 -0.11802535  0.0760583  -0.19944379 -0.10233136 -0.0043145   0.02526871
  0.25788864  0.04848494 -0.15226682  0.04364954  0.09220857 -0.10479298
 -0.1455242  -0.00628637  0.19066085 -0.06081547  0.0018664   0.16869205
  0.19909455  0.03790916  0.21608357  0.284086    0.02583881 -0.2019654
  0.03750807  0.15109743 -0.0680703   0.04769165 -0.16307792  0.25040555
 -0.2916449  -0.1099738  -0.192013   -0.09924291 -0.06989013  0.00916204
  0.00304492  0.10331342  0.22862828 -0.08097925  0.22126108 -0.07120479
  0.12255342 -0.04179455  0.02744435 -0.0449665   0.14625391  0.00977763
  0.08711403 -0.03407874  0.09657975  0.22419612  0.01430762 -0.0921673
  0.03357178  0.00092992  0.1371446  -0.0015715   0.06369725  0.2315043
 -0.03488323 -0.08440517  0.14368446 -0.23987874 -0.07424554  0.12005947
  0.11933722  0.03655079  0.01160905  0.12850665 -0.07410986 -0.08533903
 -0.03733879  0.04490229  0.03314022 -0.04049538 -0.05736068 -0.01355772
 -0.00987683  0.02155175  0.14595032 -0.02859669  0.01349888 -0.16557376
  0.02348238  0.01373091]