http://erau.edu/ontology/meme.owl#ApuApustajaMeme
[-0.2460325  -0.17772198 -0.03157489  0.11582766 -0.01349905 -0.00660987
  0.181526    0.0313501  -0.05229125 -0.01358937  0.13407189 -0.16721031
  0.05702651 -0.08419667 -0.07408193  0.09471376  0.05137252  0.07817021
  0.03695561  0.11039278 -0.18637408  0.07993642  0.10039406 -0.19843394
  0.13080715 -0.03060675  0.00417476 -0.1385405   0.2687985   0.1407118
  0.08980945 -0.04555291  0.07578785 -0.14375179 -0.08388509  0.1331393
 -0.02317836  0.07890079 -0.07513601 -0.15117109  0.10239037  0.19107816
 -0.11917654 -0.0105708   0.05042581  0.0477925  -0.07052473 -0.0400719
  0.06276637  0.02256533  0.03171382  0.01329918 -0.07020586 -0.12221291
 -0.04168388 -0.03156155  0.05620959 -0.15034442  0.13800283  0.1235363
  0.09671704 -0.14940399  0.13916574  0.0309762  -0.0944758  -0.05400774
  0.0406155  -0.0430439  -0.06761667 -0.20308347 -0.13657446  0.02050653
  0.06377794 -0.04582401  0.03097517  0.08985309 -0.14208263  0.00825709
  0.02282833 -0.07097507 -0.06545394 -0.10547741  0.01777045 -0.17235
  0.04087004 -0.23167273 -0.10103291  0.05232216  0.06641223  0.01919296
 -0.01005661 -0.15662381  0.01798229 -0.06638719 -0.05244865  0.02878738
 -0.02763506  0.00434054 -0.08950324 -0.0595919   0.03346636  0.06396405
  0.24546148 -0.09453212  0.03028209 -0.05722995  0.20729655 -0.11774651
 -0.06732752 -0.04489669  0.01319812  0.02874644 -0.05610431 -0.07390141
  0.10399257  0.01302062 -0.28262648 -0.15776953 -0.05836787  0.00834341
 -0.02168101 -0.04980896  0.08074523  0.12691136  0.01198407 -0.14359462
  0.10056169 -0.07021554 -0.00659443  0.00811193 -0.15466613  0.0726058
  0.04668648 -0.10060501 -0.10737298  0.07975248  0.01979829 -0.10961985
 -0.18026617  0.049845   -0.20439906 -0.02923727  0.09348422 -0.02315928
  0.19116156 -0.19337983  0.02651534 -0.02394774 -0.08550917  0.09008988
 -0.02900905 -0.12579176 -0.02537536  0.06621205  0.01237393  0.109877
 -0.16484505  0.08567204  0.03177562 -0.01235953 -0.00205831 -0.15954606
  0.05373433 -0.09040948 -0.14208408 -0.09136919 -0.15807357  0.06707744
 -0.18005875  0.12915352  0.02598003  0.25925678  0.20207766  0.13000964
  0.00722624 -0.02755117 -0.07598506 -0.09238925  0.05768974 -0.05858688
 -0.09192492  0.23129864 -0.01770035  0.04093026 -0.10624525  0.0785558
  0.09334722  0.06124522  0.12339398 -0.13412474  0.07208745  0.05826767
 -0.19319294 -0.12636253  0.05363726  0.0061265   0.06401552  0.1895524
 -0.04911581 -0.02232281  0.00164341 -0.10980748  0.05924572 -0.08630849
 -0.1568204  -0.28267905 -0.03963126 -0.0605107   0.06124914  0.20628372
  0.21783385  0.15403408 -0.08634859 -0.18897983  0.1727323   0.02630994
 -0.12186503 -0.11630795  0.19616263  0.02629241  0.1710094   0.10972168
 -0.18312116 -0.05167935  0.10559668  0.07954368 -0.21583144 -0.00318425
 -0.00225653  0.01308537  0.0216209  -0.00746722 -0.09777412 -0.19788292
  0.031909   -0.08337726 -0.09881939 -0.09372344  0.07116368 -0.16083975
  0.0131005  -0.08959261  0.01107334 -0.06054698 -0.2916288  -0.01257776
 -0.11818289 -0.04622329 -0.05678318 -0.01442162  0.06113464  0.08605888
  0.20227969  0.09806133  0.22566633 -0.06162057 -0.07388416  0.0258626
  0.05447626  0.13558058 -0.03636235 -0.19055636  0.07897612 -0.07674825
 -0.02704988 -0.187107   -0.09973194 -0.00112458  0.01459987 -0.1279485
 -0.04221652 -0.1044112  -0.04107927  0.05976677  0.13530801  0.02998186
  0.11582308 -0.10955676 -0.05573646  0.05897596  0.12177912 -0.02592689
  0.03894142 -0.1149783  -0.12579782  0.01282749  0.00313913 -0.06883314
  0.05123022 -0.08839031 -0.09589169 -0.10229449  0.0566557  -0.05444136
  0.02117953 -0.01836624 -0.00681499  0.03659577 -0.17517333 -0.09970775
 -0.2965299  -0.04286738 -0.03398222  0.11791179 -0.02644625  0.00874267
  0.13818058 -0.04651744 -0.07593695  0.15159522  0.08920043 -0.2192861
 -0.03293916  0.06150286  0.0105124   0.10247416 -0.00768149  0.08672272
 -0.0577822  -0.06899773  0.17598042 -0.12341344  0.1980746   0.12134743
 -0.05736554  0.03426985 -0.1382773  -0.04365193  0.09716514 -0.00289075
  0.03308517  0.01102592  0.08301094 -0.0948682  -0.17811882 -0.2497956
  0.09608646  0.07173983 -0.19191653  0.12307091  0.0791765   0.10068508
 -0.00964129 -0.01545952 -0.12949032  0.01942061 -0.1234374   0.21672834
 -0.09073403 -0.13684052 -0.0053119   0.03872717 -0.17747073  0.16490422
 -0.1463403   0.05899631  0.02218146 -0.15604536  0.20567982 -0.00173607
 -0.11072795  0.10094208 -0.01342175 -0.06129533 -0.02354134  0.01843156
 -0.09440572 -0.04086255 -0.03054572  0.02366252 -0.032866    0.04081395
 -0.16534719  0.05673567  0.09432462 -0.12823845 -0.08648054 -0.00970889
  0.1360082  -0.09461159  0.08645747  0.12986445 -0.05543698 -0.09077781
  0.04200291 -0.02744533 -0.17466491  0.21357693 -0.11021179 -0.16939037
 -0.07200312  0.08088849  0.00123457  0.18443923 -0.14977555 -0.20648576
  0.01697232  0.1523237   0.19949448 -0.01053145  0.03100167 -0.011499
 -0.0098746  -0.2808909  -0.2099203  -0.03545403 -0.01353449  0.32833782
  0.14224154  0.07100732  0.0415228  -0.2634554  -0.1864363   0.05923191
  0.01708054  0.05439196  0.04303024 -0.05219728 -0.04526833  0.17510079
  0.083718   -0.00075627 -0.08251955  0.03956111 -0.13670732 -0.1271676
 -0.07102639  0.12721336  0.19866413 -0.17140009 -0.02997234  0.24388595
  0.09748489 -0.12013667  0.16546987  0.09353095  0.05323831  0.01153466
  0.06215915  0.02753098  0.21220882  0.06019665  0.00147641  0.21035114
 -0.19115917  0.00335214 -0.16771166 -0.09808749 -0.06412747  0.07978306
  0.09697548  0.15065114  0.01006964 -0.072006    0.24308228  0.06929319
  0.07056857  0.06685522  0.12154827  0.04862177  0.1729122   0.09718268
  0.11809616 -0.11802506 -0.14244251  0.05502185 -0.02963792 -0.07240024
 -0.02072196  0.06276131  0.12585157 -0.03918884  0.19918261  0.18368322
  0.04017723 -0.11238724  0.01249564 -0.08526412 -0.01354983  0.07572276
 -0.04178498 -0.0176554  -0.12589954  0.34270602 -0.0661256  -0.13855354
  0.08851133 -0.06411029  0.02277546 -0.02203553 -0.10437431 -0.07516854
  0.09710637  0.10187906  0.06080315  0.00242637 -0.078451    0.02299076
  0.14549571  0.22694562]