http://erau.edu/ontology/meme.owl#StarbucksRedHolidayCupControversyMeme
[ 7.04812706e-02 -7.29046315e-02 -1.59973428e-01  3.64808105e-02
  6.52661920e-02  9.05619562e-02 -4.94562499e-02  6.00818694e-02
  4.78389673e-03 -9.42584593e-03  5.29314540e-02 -1.57123014e-01
 -2.42623128e-02 -1.23309560e-01 -3.35033499e-02 -1.03448689e-01
 -1.72263309e-01 -5.07793576e-02 -1.74775943e-01  1.56162083e-02
 -1.28962740e-01  2.14699224e-01 -5.12513630e-02 -1.23630866e-01
 -3.24009033e-03  2.89692879e-02  1.41757041e-01 -9.27452871e-04
  1.40201017e-01  1.57012399e-02  1.30370244e-01  1.65291935e-01
 -1.33741498e-01  3.80468778e-02 -1.41992867e-01  1.82785541e-01
  9.63507369e-02  1.38685405e-01 -3.42049077e-02 -5.81615940e-02
 -1.03501514e-01 -8.48696679e-02 -3.34661216e-01 -5.61351404e-02
  1.54071689e-01 -7.31039345e-02  4.68077213e-02 -1.49580538e-01
 -1.81104615e-02  9.56043825e-02  1.56809062e-01 -2.75606643e-02
 -7.44763836e-02 -1.65764958e-01 -1.89786598e-01 -8.01214427e-02
  4.55897488e-02 -6.59328625e-02  8.25401247e-02 -2.02692404e-01
 -3.98464277e-02 -3.75895109e-03 -1.97765678e-02 -7.34219998e-02
  3.46490666e-02 -1.73032090e-01  1.17605552e-02  2.43559908e-02
 -1.39890194e-01 -1.30568445e-01 -9.19113532e-02  1.57402962e-01
  1.92415565e-01  2.12061517e-02 -2.11843234e-02  1.16299734e-01
 -8.12237933e-02 -6.16116403e-03  1.95952415e-01 -2.49851272e-02
  5.35266139e-02 -1.04502805e-01 -3.08660977e-02 -1.86453745e-01
  1.81441188e-01  1.15557835e-02 -1.92477301e-01 -5.13999835e-02
 -4.11211699e-02 -1.00133203e-01 -4.14567553e-02 -1.70580730e-01
  2.19610542e-01 -1.53502226e-01  2.98495870e-02 -8.08605775e-02
  1.64504901e-01 -7.37902299e-02  2.07266286e-02 -1.02984689e-01
  2.07355261e-01 -5.35243899e-02  3.44793439e-01 -3.09978947e-02
 -3.42223570e-02  7.85120670e-03 -4.00286820e-03  7.94437528e-02
 -3.66909020e-02 -5.30373864e-02  9.17972159e-03  6.85858279e-02
 -3.79468799e-02 -2.75930792e-01  1.47066697e-01  1.95167512e-02
 -2.52830952e-01  3.16664763e-03  3.06904931e-02  2.26032972e-01
 -1.07633965e-02 -1.62396997e-01 -2.38402590e-01 -2.11693179e-02
  4.65153754e-02 -4.07739468e-02  8.48672837e-02  6.55796751e-02
  1.17120437e-01  6.23316765e-02 -2.93785065e-01 -6.36351258e-02
  7.20275491e-02 -9.30517092e-02 -6.45245090e-02  1.07147492e-01
 -1.92718804e-01 -2.29424760e-02 -1.41102269e-01  1.85310423e-01
 -1.70718998e-01  9.45697948e-02  1.69914186e-01 -2.98317652e-02
  1.68991521e-01 -3.24528158e-01  1.14562005e-01 -8.73614550e-02
  1.88798551e-02  2.16662034e-01  1.49556510e-02  9.71735641e-02
  6.66826442e-02  1.11374572e-01 -7.76079744e-02  6.74754009e-02
 -1.16155520e-01  3.16981554e-01 -1.05552971e-02 -1.76034555e-01
  9.14231911e-02  1.32538341e-02  1.63743235e-02 -1.34908065e-01
 -2.56298691e-01 -6.97351173e-02  1.23169474e-01  2.71779865e-01
 -4.98465955e-01  1.82063192e-01  2.04249676e-02  1.17189966e-01
  2.96790510e-01  2.53740162e-01 -1.25032693e-01 -3.91487330e-02
 -4.57789972e-02 -7.07331672e-02  1.39293626e-01 -1.56017311e-03
 -8.99982974e-02  8.42858180e-02 -1.34753445e-02  3.64775583e-02
  1.19316317e-02  3.89226340e-03  1.60047382e-01 -4.91475351e-02
  1.28407687e-01 -7.29250070e-03  4.70721982e-02  7.20028430e-02
 -1.11414716e-01 -5.23619205e-02 -4.68182378e-02  1.04302011e-01
  5.90073317e-02  8.77257735e-02  6.69013485e-02 -1.52168050e-01
 -8.44406933e-02  2.88567003e-02 -2.68729478e-02 -1.25482872e-01
 -9.31849331e-02 -1.89176410e-01 -1.59657493e-01  1.14410572e-01
 -4.77251336e-02  7.49796703e-02  1.93457454e-01  5.85051961e-02
  1.24399208e-01  5.43046929e-02 -1.13101192e-01  9.70802680e-02
 -9.35450494e-02  1.41527653e-01  1.66258767e-01  5.31375920e-03
  1.17713556e-01 -9.13037583e-02 -4.85536410e-04  6.63730949e-02
  3.13901231e-02 -3.55287269e-02  5.40405661e-02  1.08214002e-02
 -7.06649274e-02  1.70369223e-01  1.05093502e-01  9.57019255e-02
 -1.90052226e-01  1.59341022e-02 -1.03699043e-01  1.57316402e-01
  1.41983097e-02 -2.59452611e-01  7.61566758e-02 -7.44549707e-02
 -9.56587493e-02 -1.00245416e-01 -4.81837206e-02 -1.27980098e-01
 -1.97936371e-01 -2.10143756e-02 -1.84647188e-01  7.13118687e-02
  3.66598442e-02 -8.12249929e-02  1.13430880e-02  7.61149079e-02
  6.66122437e-02 -4.23814207e-02  1.97070390e-01  2.15580761e-01
 -7.21071288e-02  1.65698066e-01 -1.39874527e-02  2.13097390e-02
  3.33226807e-02 -2.50972360e-01 -1.42737716e-01 -2.03062937e-01
 -6.51009977e-02 -3.87627602e-01 -7.74699729e-03  8.98478627e-02
  1.22768633e-01  4.69656736e-02 -1.52282715e-01 -6.92752823e-02
 -1.06036675e-03  1.41801596e-01  2.14882135e-01 -1.44331492e-02
  2.18596920e-01  2.84230076e-02 -8.49681124e-02 -2.09425911e-01
  1.70054227e-01  1.57198772e-01  6.18468001e-02 -2.17651967e-02
 -1.89535961e-01  3.29968929e-02 -1.73902477e-03  1.72920957e-01
 -2.18546838e-01 -2.30512783e-01  8.68318379e-02 -1.61400393e-01
  4.66762558e-02  1.09884463e-01  6.76771179e-02  4.65312600e-02
  8.09035897e-02 -1.22162746e-02 -2.23282427e-02 -3.20867933e-02
 -2.97189593e-01 -5.13598025e-02 -5.26383780e-02  2.66120493e-01
  1.78960897e-02  5.13573783e-03  9.27618053e-03 -8.71853456e-02
 -1.46784894e-02  1.58193875e-02  3.41668189e-01  9.90596116e-02
 -6.16732500e-02 -5.27869985e-02 -1.14256866e-01  6.08704090e-02
 -1.47587834e-02 -6.32227361e-02 -1.42307784e-02 -7.77111501e-02
  1.37529105e-01 -1.61078200e-01  1.21330075e-01  1.50311038e-01
  7.24051297e-02 -3.25927064e-02  7.36371875e-02 -6.01627938e-02
  7.68295899e-02  2.52721142e-02 -5.59105389e-02 -1.84688438e-02
  3.39634046e-02 -1.80080205e-01 -4.65615802e-02 -2.49049723e-01
  2.78744847e-01 -1.21935800e-01  7.92927369e-02 -8.32118168e-02
 -1.35864481e-01 -5.86354174e-02 -5.75545989e-02 -8.43798369e-02
  2.68867780e-02 -8.37238654e-02  1.70717090e-01 -5.60373552e-02
 -1.71675850e-02 -4.13541049e-02 -1.36347041e-01 -1.75850596e-02
 -1.37954280e-01  1.97443143e-01 -1.48423836e-01  8.60105380e-02
 -7.28746727e-02  7.42079765e-02  1.11011691e-01 -1.01924829e-01
 -8.25185254e-02  6.46458492e-02 -1.83264278e-02 -1.17925748e-01
 -2.98029948e-02  8.33511874e-02 -2.20196787e-03  1.09523870e-01
  5.85965328e-02  4.03064303e-02  7.48966709e-02 -1.83340177e-01
 -1.56776249e-01  1.47171170e-01  3.41730788e-02 -1.63467124e-03
 -5.22765182e-02 -4.21679541e-02 -1.60536423e-01 -8.56539682e-02
  5.70791960e-02  1.78782437e-02 -1.08677149e-01 -1.48341700e-01
  1.17324263e-01 -2.75887200e-03  3.48603539e-02  7.13223144e-02
 -5.18258698e-02 -2.00440064e-01  3.26157361e-02 -1.19926848e-01
  6.22285269e-02  2.11011976e-01  5.65678813e-02 -9.42059830e-02
  1.25997886e-01  1.24667343e-02  2.79146463e-01 -5.43939210e-02
 -1.38599932e-01 -3.06759447e-01  1.27477139e-01 -2.88565159e-01
 -1.06927417e-01  2.19378201e-03 -6.28158450e-02  3.68313402e-01
 -8.05401057e-03  2.24746510e-01  2.39186753e-02 -1.38162121e-01
 -2.41804551e-02 -3.75244468e-02 -1.13560699e-01 -7.75540918e-02
 -1.01489998e-01 -2.00253025e-01  8.92947055e-03  1.08194456e-01
  1.32150427e-01  3.19759808e-02 -2.84957796e-01  9.38753188e-02
 -1.81270819e-02 -6.13581426e-02 -3.40011455e-02  2.87057817e-01
  1.94346264e-01 -2.10207552e-02 -5.16801253e-02  1.89442903e-01
 -7.66855925e-02 -1.94562793e-01  1.60544515e-01  2.00231254e-01
  9.97483879e-02 -1.68621451e-01  7.06068352e-02  1.96267247e-01
  4.63831089e-02 -2.50168443e-02 -1.52973920e-01  2.70617962e-01
 -2.03903198e-01 -7.72084519e-02 -1.61988437e-01 -9.29209497e-03
 -1.37257412e-01  3.93992700e-02  5.36956862e-02  4.58260104e-02
  6.76587895e-02 -3.54258679e-02  5.31769730e-02 -7.97854513e-02
  1.01039946e-01  1.09337352e-01  1.17345393e-01 -1.18976377e-01
  9.80364904e-02  6.93269297e-02  1.29317865e-01 -9.53227282e-02
  1.55511349e-01  1.27282858e-01 -2.64972635e-02 -1.29901335e-01
 -1.17762834e-01 -3.52091379e-02  1.62872687e-01  8.84449035e-02
  2.13683710e-01  1.90397784e-01  1.55070886e-01 -1.34636655e-01
  2.13467315e-01 -2.26255402e-01 -5.80520853e-02  7.94571042e-02
 -3.74360308e-02  1.87195931e-02 -1.39960021e-01  1.38431594e-01
  1.73831005e-02 -1.65144682e-01 -6.31948337e-02  6.45200908e-02
  1.35301888e-01  6.04058020e-02 -1.19527414e-01  1.01985507e-01
 -8.59119445e-02 -3.97303775e-02  2.51087457e-01 -8.55430290e-02
 -8.54422748e-02  1.02520093e-01 -2.34210506e-01 -6.44189417e-02]