http://erau.edu/ontology/meme.owl#ZoobileeZooMeme
[-0.11054412 -0.12383014  0.10773305  0.03954167  0.02506631 -0.08110695
  0.10964183 -0.04264675  0.04862927 -0.09467596  0.09870692 -0.00988157
  0.10079034  0.0621336  -0.04594658 -0.13063738 -0.00886938  0.10283756
 -0.02961184  0.0686183  -0.27640498  0.17938225  0.12478378 -0.08208113
  0.0358741  -0.0398962   0.04660501 -0.05186467  0.40540156  0.14348423
  0.06330263  0.12350031  0.05275265 -0.12404562 -0.06059472  0.20873505
  0.00074985  0.03580894 -0.00671881 -0.05547599 -0.1375818   0.09851178
 -0.2098553  -0.00421178  0.12900625 -0.04103556  0.11440884 -0.02853647
 -0.03497721  0.04142981  0.08129809 -0.02145823 -0.07867409 -0.01869546
 -0.12710705 -0.09532987  0.10169175 -0.01876285  0.1990153   0.01766175
 -0.0974071  -0.01817884  0.08834644  0.0887982  -0.08259851 -0.08424962
 -0.01292967 -0.04907506 -0.14736195 -0.09677564 -0.12330073  0.19442263
  0.14331415  0.04750432  0.04704185  0.07293082 -0.02542733  0.08726005
  0.19744122  0.04586594 -0.09859365 -0.06741919 -0.12747134 -0.26081774
  0.05700533 -0.01732656 -0.07581178  0.11347537  0.08012003  0.03293891
 -0.09012329 -0.27449477  0.03476299 -0.14433078 -0.10173912 -0.01104318
 -0.03235927 -0.1046534  -0.04236237 -0.09133971  0.08122418  0.00560428
  0.28971747 -0.1359345  -0.12112562 -0.04714005  0.12513399  0.01884844
  0.01861542 -0.16516535  0.08806393 -0.01060136 -0.11748524 -0.15030208
  0.07671474  0.10165837 -0.20940876 -0.05295165  0.08979175  0.08224786
  0.01367864 -0.17376222 -0.0679921  -0.02295655  0.03376085 -0.05431115
 -0.00506604  0.03104144  0.14760369  0.01898887 -0.16726965  0.01880478
  0.01124298 -0.11702601 -0.00613023  0.1625659  -0.13157156 -0.04058578
 -0.08645064  0.10145181 -0.21927102  0.0425331   0.13781328  0.10391011
  0.0895742  -0.2658485   0.10113408 -0.03060943 -0.08514986  0.08332445
  0.02982382 -0.03033477 -0.023698    0.02828071 -0.07071421 -0.03672433
 -0.10114764  0.19766232  0.02468159 -0.09987181  0.0683783  -0.04735817
 -0.00174869 -0.08008975 -0.22144057 -0.13881862  0.03005782  0.08919486
 -0.23858549  0.14230248 -0.03477919  0.05858854  0.31686762  0.20265818
 -0.08718053  0.07261764 -0.06996798 -0.02951034  0.08878066  0.01981198
 -0.00335517  0.09859117 -0.07333184  0.01295182 -0.12625396 -0.07091892
  0.08523387  0.02258127  0.19182089 -0.04264548 -0.03894459 -0.01099186
 -0.06609042 -0.0429333  -0.1001749  -0.04974445 -0.0537275   0.05381914
 -0.06666415  0.02576669  0.01322533 -0.07029642 -0.09562409 -0.01058764
  0.08511028 -0.22215822 -0.07247722  0.00514902  0.13679412  0.05512744
  0.10941275  0.09221692  0.12416764 -0.04432385  0.00062954  0.03864142
  0.04479148 -0.03908874  0.01914481  0.10107048  0.20698202  0.1255496
 -0.01746306  0.03519569  0.01025946  0.00055772  0.02080094 -0.05458425
 -0.03728282 -0.01097838  0.00820132  0.08480948 -0.02500972 -0.01930007
 -0.08073241  0.02679664  0.00325745 -0.03611359 -0.02834069 -0.00381695
  0.05418907  0.02953088 -0.00215397 -0.11844458 -0.1440244   0.05523037
 -0.01459447 -0.06460749 -0.02876856  0.06677821 -0.01479378  0.01165505
  0.07150398 -0.03325449  0.20941256  0.11945288 -0.05427587 -0.01044375
 -0.05526786 -0.05673297 -0.06733976 -0.08318576 -0.11340892 -0.06732346
 -0.0768208  -0.10813337  0.07473701  0.07693335  0.01066475 -0.03228297
 -0.00777367  0.01887514 -0.02911006  0.08199861  0.09431637 -0.17563735
  0.05757412  0.06536704 -0.05123919 -0.07505214  0.03537797  0.14795658
 -0.02424013 -0.00171641 -0.02246231 -0.02451511 -0.1296168   0.13976799
  0.0025349  -0.15565708  0.02004911 -0.06463127 -0.05303061  0.00158527
  0.10295392 -0.00291933  0.0121729   0.04473564 -0.05915058 -0.03472741
 -0.06026809 -0.03846894  0.034597   -0.01280108 -0.03665222  0.05453327
  0.12126357  0.05558432  0.03867572 -0.07514644  0.15414894 -0.1178417
 -0.07878201  0.01887764 -0.07866366 -0.00265093  0.00069454  0.03714115
 -0.00312321 -0.09928329  0.10095453 -0.0484115   0.06022038  0.1610561
  0.05410782 -0.02962126 -0.09564986  0.02773325  0.10303988 -0.0298793
 -0.0142462  -0.1561343   0.04877589 -0.06323043  0.06185957 -0.2961148
  0.04800567  0.04171902  0.04809069  0.08823162 -0.01398128  0.0676823
 -0.17096965 -0.07237567 -0.14832994  0.15931226  0.00997892  0.03399428
  0.05986207 -0.16806638 -0.01440857  0.08265805 -0.14521427  0.17128293
 -0.02922409 -0.09190214  0.10841681 -0.02855459  0.12552814  0.04809627
 -0.05059583  0.16221121 -0.06505259 -0.10928728  0.14868814 -0.12104192
 -0.01140485 -0.03917206 -0.05709254 -0.00837544 -0.0528555  -0.09377467
 -0.18730925  0.05043307  0.06662624 -0.02799746 -0.06115386  0.02418356
 -0.08853658  0.0376678   0.12871496  0.18229108 -0.08533226 -0.14588553
  0.12143434 -0.23476365 -0.09163015  0.1410542  -0.11391436 -0.13939439
  0.04112213  0.09214321 -0.02238156  0.35084987 -0.01267926 -0.29545876
  0.06331117  0.07452591  0.3702979  -0.12352486 -0.06725636 -0.1932743
 -0.00164544 -0.2790966  -0.2138016  -0.04352273 -0.01148455  0.399978
  0.06551602  0.0132105   0.13817644 -0.0962121  -0.08869339 -0.01752039
 -0.10519899  0.11209583 -0.12291374 -0.03451967 -0.01615756  0.07302038
  0.14798728 -0.0194548  -0.16359994 -0.03050744  0.06429769 -0.15874724
 -0.11107921  0.11722698  0.14025868 -0.09012172  0.06366745  0.1996783
  0.09383292 -0.04781839  0.20831183  0.29922646  0.03370436 -0.10962303
 -0.01713251  0.109879    0.04747026  0.08956585 -0.09848469  0.32748064
 -0.28543693 -0.10894002 -0.17990246 -0.1274484  -0.17334181  0.08379731
  0.04375152  0.07668702  0.1689235  -0.04391203  0.1900071   0.042189
  0.05686577 -0.01037804  0.03220238 -0.12239026  0.15676387  0.11350806
  0.15026183 -0.16899818  0.0363619   0.17444552 -0.02955181 -0.16618422
  0.01794113  0.02714491  0.17615247 -0.02320343  0.17091337  0.16978614
  0.04895896 -0.17099477  0.14623533 -0.18756007 -0.07843579  0.13132943
  0.09197103  0.06981193 -0.05342328  0.32526785 -0.13987418 -0.25559193
 -0.03201425  0.03342557  0.2226515   0.01409634 -0.03936376 -0.00269007
  0.06554618  0.06580829  0.1056028   0.01839294 -0.06091152 -0.11251754
  0.03853783  0.06003048]