http://erau.edu/ontology/meme.owl#SamanthaBeeMeme
[-4.48453091e-02 -1.65884942e-01  1.20477051e-01  6.52192682e-02
 -1.73228215e-02  9.35266167e-03  1.37216315e-01  6.01967685e-02
  1.57760158e-01 -1.40093833e-01  1.34696648e-01  1.31141488e-03
  4.46769223e-02  1.42971978e-01 -4.42596674e-02 -7.13261515e-02
  1.12702288e-01  1.37610614e-01  4.24116179e-02  1.11656852e-01
 -2.08619475e-01  2.06666961e-01  8.20274428e-02 -6.95519969e-02
  1.81828171e-01 -4.31418605e-02  1.98856983e-02 -7.69012794e-02
  3.63429666e-01  2.06099808e-01  1.78754270e-01  1.35028049e-01
  1.23762310e-01 -3.21048647e-02  5.22815473e-02  2.60286212e-01
 -2.77040768e-02  2.18377411e-02 -2.53663752e-02 -1.31685495e-01
 -1.50510639e-01  1.66530028e-01 -1.76652834e-01  4.55060042e-04
  1.09873742e-01 -2.08942983e-02  5.39065003e-02 -1.73141420e-01
 -3.09025962e-02 -3.76992002e-02  8.38615820e-02  1.54114487e-02
 -1.34947285e-01 -1.54735163e-01 -9.71032530e-02 -1.33965230e-02
  1.09111838e-01 -7.70957544e-02  1.59933612e-01  9.72299725e-02
 -2.40086894e-02 -1.93262901e-02  1.20464027e-01  5.96705899e-02
 -8.69891420e-02 -4.33426313e-02 -3.94349685e-03  5.63374273e-02
 -9.64264870e-02  5.72069641e-03 -1.23192027e-01  5.74299581e-02
  1.21075615e-01  3.10080759e-02  5.20587265e-02  2.79503036e-02
 -1.75700158e-01 -1.87368318e-02  9.60694253e-02 -1.03349146e-02
 -2.25312337e-02 -2.34200004e-02 -1.10761315e-01 -1.63259789e-01
  5.18751033e-02 -1.41143557e-02 -1.36331007e-01  1.55376807e-01
  7.67723694e-02 -3.84651050e-02  8.25300291e-02 -2.46264249e-01
  7.21723512e-02 -2.41403654e-02 -1.09293506e-01  6.80173263e-02
 -2.51508560e-02 -9.74643156e-02 -4.11345437e-02  4.25346009e-02
  1.36180788e-01  8.88098851e-02  2.69309223e-01 -4.32160608e-02
 -4.31302451e-02  9.20331925e-02  6.08733781e-02  5.36183044e-02
 -4.54841442e-02 -9.04673934e-02  2.32985597e-02 -4.31890786e-02
  7.64184631e-03 -9.11158100e-02  1.39245927e-01  5.33276722e-02
 -1.67374432e-01 -4.99629565e-02  5.11457250e-02  5.65545261e-02
  5.08705825e-02 -6.44903332e-02 -2.57205181e-02  7.26407766e-02
  2.13797688e-01 -5.12185991e-02  1.66554693e-02 -2.58429218e-02
  1.10999718e-01 -3.34022343e-02 -2.93522179e-01 -1.56649062e-03
 -5.08033969e-02 -1.04764879e-01 -5.46124727e-02  1.36653364e-01
 -1.07865609e-01 -7.29753673e-02 -8.20127130e-02  7.27139562e-02
 -2.81950265e-01 -4.05517519e-02  2.40724415e-01  6.95039555e-02
  1.53001532e-01 -1.70069262e-01  5.52374609e-02 -1.23633556e-01
 -1.68308482e-01  7.75240958e-02 -7.89579935e-03 -3.53571661e-02
 -8.56886730e-02  3.47829647e-02 -1.97770051e-03  6.42913207e-02
 -8.19531381e-02  2.74848640e-01  5.04122376e-02 -9.11338404e-02
  2.69392021e-02 -2.48406231e-02  1.22194886e-02  1.21836062e-03
 -2.23764241e-01 -1.53879613e-01  1.09857172e-01  2.31572032e-01
 -2.42779985e-01  1.32479802e-01  1.54391546e-02  1.93432748e-01
  2.32533857e-01  9.56237465e-02 -1.02657788e-01 -3.09198275e-02
 -2.46066730e-02 -1.94117762e-02  1.60909608e-01  4.64070998e-02
 -9.75523442e-02  9.14486572e-02 -1.17331780e-02 -7.35701178e-04
  4.69000526e-02 -7.01696575e-02  1.16790913e-01  7.90760890e-02
  1.26005366e-01 -3.26497443e-02 -4.89113247e-03 -7.08339363e-02
 -6.76238835e-02 -1.58318922e-01  7.47179911e-02 -8.91551524e-02
 -8.76589864e-02  2.19529703e-01  2.94207763e-02  2.89472863e-02
 -2.91725751e-02 -4.82840277e-02  8.27628449e-02  2.92735789e-02
 -2.07951106e-02 -2.32686937e-01 -3.13978978e-02 -9.55444723e-02
  1.71618462e-01  5.77673875e-02  3.00300121e-01  3.73707302e-02
  8.28643795e-03  1.57745543e-03  2.17568316e-02 -5.42814285e-02
  4.22807150e-02 -5.26503846e-02  7.25732651e-03  1.58828899e-01
  8.21429938e-02  1.58915237e-01 -7.22129270e-02  9.29988921e-02
  2.13127621e-02  2.65199263e-02 -1.12222075e-01  2.54671946e-02
 -1.22195125e-01  4.30635884e-02  4.59708199e-02  1.67392287e-02
 -3.87465321e-02 -1.20371737e-01 -5.93362190e-02  2.10249461e-02
 -1.57548599e-02 -5.55095524e-02  3.59679163e-02 -1.56191569e-02
 -2.50163451e-02 -1.66146792e-02  6.76731765e-02  2.42179558e-02
 -1.25757977e-01 -2.70071793e-02 -9.55587178e-02 -1.16284065e-01
 -2.65382342e-02  9.76711735e-02  3.53904478e-02 -5.38534783e-02
  1.27389506e-01 -1.08519025e-01  2.43808568e-01 -4.75163609e-02
 -1.30630910e-01  8.21285769e-02 -9.84988734e-02  1.24516204e-01
 -2.13403240e-01 -6.57684878e-02 -5.54066673e-02 -1.69409573e-01
 -3.31432223e-02 -6.54279813e-02  1.75733581e-01  1.46839134e-02
  2.40122597e-03 -3.26936208e-02 -7.27176368e-02  3.44112486e-05
  2.64860336e-02 -9.42878649e-02 -3.11706010e-02 -9.07627791e-02
 -6.15668260e-02  4.98478226e-02  7.79821128e-02 -3.71209979e-02
  7.92337283e-02  1.26266629e-01 -2.36326605e-02 -4.61647362e-02
 -6.83847442e-02 -3.83956321e-02 -9.04655755e-02  1.81336571e-02
  5.94727434e-02  4.16841432e-02  1.20668516e-01 -6.55087307e-02
  8.13432261e-02  1.28247729e-02  2.70879902e-02 -5.91448769e-02
  1.31769419e-01  1.41761999e-03 -3.84498499e-02 -5.92495799e-02
 -4.24168818e-02  4.27102633e-02 -8.93238976e-05 -6.94905594e-03
  3.12282108e-02  5.74350692e-02  8.25306550e-02  6.32846728e-02
 -2.56265257e-03 -1.36746705e-01  1.25916630e-01 -1.22915477e-01
 -1.01044372e-01 -6.27311543e-02 -8.96381810e-02 -1.09436726e-02
  1.52709661e-02  6.04397617e-02 -7.17968121e-02 -7.39673227e-02
  7.08955303e-02 -2.89086509e-03  6.20844401e-02  1.38287708e-01
 -1.89877413e-02  1.60119974e-03 -5.25183603e-02  1.44740976e-02
  1.86404243e-01  3.09631210e-02 -6.03024894e-03 -1.51033193e-01
  1.67424288e-02 -1.94026932e-01  5.27672842e-02 -1.97853759e-01
  1.13566831e-01  1.10945210e-01 -7.03964941e-03  3.79989073e-02
 -4.73595262e-02  1.38197571e-01 -1.60739914e-01 -6.30565211e-02
 -1.44438550e-01 -4.82913892e-05 -5.64441308e-02  1.43387899e-01
 -2.30261050e-02 -1.24035068e-01 -6.42550830e-03  1.64336622e-01
 -1.05387323e-01  1.53379768e-01 -1.22433595e-01  3.29790637e-02
  1.07499167e-01  9.15797278e-02  1.65055424e-01 -1.32416442e-01
 -9.36384574e-02  2.03785464e-01 -2.82553732e-02 -2.01386716e-02
  3.51238288e-02 -1.15763821e-01 -9.78516042e-02  1.35880575e-01
  7.57321939e-02  5.50407497e-03 -1.65135548e-01 -7.58026019e-02
 -3.71892065e-01  6.87793493e-02  1.48470821e-02 -1.11123674e-01
 -4.38835360e-02  8.14140961e-02 -3.24291848e-02 -4.68984768e-02
  1.09257184e-01  2.21425444e-01 -6.55610710e-02 -1.22253560e-01
  9.45155993e-02 -2.66847610e-01 -1.58546269e-01  2.15836450e-01
 -1.53337836e-01 -1.30376860e-01  5.24473824e-02  1.83323070e-01
 -7.08759204e-02  3.33501041e-01  8.93165022e-02 -3.54458898e-01
  6.05057031e-02  1.26815930e-01  5.01253605e-01 -2.27881953e-01
 -2.29854017e-01 -2.22660795e-01  4.56284098e-02 -2.54599601e-01
 -1.45298228e-01  1.19883381e-01 -8.68547633e-02  4.44381416e-01
  1.23943694e-01 -8.88132397e-03  2.38491803e-01 -1.44199163e-01
 -1.36463985e-01 -9.73234884e-03 -6.47984296e-02  9.09559354e-02
 -2.66238928e-01 -3.18630934e-02 -4.76191007e-02  9.39117968e-02
  2.19897240e-01 -8.30772147e-02 -1.26227126e-01 -3.19148088e-03
 -1.74803310e-03 -2.72318214e-01 -7.00328639e-03  1.21413805e-01
  9.59623829e-02 -1.01505714e-02  2.24316120e-01  2.50940949e-01
  1.82744890e-01 -2.20116481e-01  2.11603150e-01  2.67576396e-01
  1.06959306e-01 -9.38068852e-02  1.05766738e-02  2.25234523e-01
  2.88073085e-02  8.13422278e-02 -1.01727165e-01  3.43646586e-01
 -2.36572191e-01 -4.31926809e-02 -2.51749665e-01 -1.58650085e-01
 -1.82826310e-01  8.04271623e-02  5.91411889e-02  2.89333183e-02
  2.12029383e-01  2.79049315e-02  1.99289054e-01 -5.89904701e-03
  1.27079681e-01  6.05505938e-03  4.39752899e-02 -3.63289304e-02
  1.24847956e-01  1.21722952e-01  1.32801726e-01 -1.10435411e-01
  1.28683776e-01  2.18771175e-01  5.83469570e-02 -1.56056792e-01
  5.60333319e-02  5.88906705e-02  2.11429670e-01  1.01066404e-03
  1.19770616e-01  1.17679760e-01 -1.54741788e-02 -2.18978986e-01
  1.10235639e-01 -3.20999056e-01 -2.05757469e-01  1.58566535e-01
  9.51005379e-04 -4.66141365e-02 -1.17086899e-02  2.49065325e-01
 -2.47568473e-01 -2.38061011e-01 -1.30207852e-01 -3.13233212e-02
  2.44284973e-01  5.18438928e-02 -3.64299379e-02 -4.19502817e-02
  2.00904552e-02  8.73008892e-02  1.98411345e-01  3.81270461e-02
 -1.62414424e-02 -1.71195179e-01  1.28890350e-01  8.12596977e-02]