http://erau.edu/ontology/meme.owl#BertoBragaqvadraMeme
[ 6.51045814e-02 -3.22408751e-02 -4.09748107e-02  1.08303070e-01
 -2.42766552e-02  9.20356438e-02  4.11456302e-02  6.21294649e-03
 -2.74130087e-02 -4.26262654e-02  8.85118321e-02 -8.11597183e-02
 -8.30773041e-02 -3.12866196e-02 -5.75957373e-02 -7.72068873e-02
  7.15128630e-02  6.83494136e-02 -1.08641043e-01  1.81668494e-02
 -2.00180009e-01  1.87614232e-01  3.43595557e-02 -1.57904729e-01
  1.16611950e-01 -3.72201614e-02  1.27162999e-02 -1.33447304e-01
  2.21279323e-01  1.45883664e-01  1.39732137e-01  1.50758982e-01
 -1.71802677e-02  4.54337205e-05 -1.34491116e-01  1.72474504e-01
  5.21942489e-02  1.28319085e-01 -8.37456286e-02 -1.01401530e-01
  4.27607484e-02  1.87188849e-01 -1.76383987e-01 -5.40742166e-02
  5.38787395e-02  6.57647029e-02  1.97876748e-02 -1.47957861e-01
  8.92729592e-03  8.12374405e-04  3.50401103e-02 -4.24108421e-03
 -6.51120842e-02 -1.70815557e-01 -1.96436450e-01 -5.75312153e-02
  9.33071300e-02 -1.30579025e-01  2.72842228e-01  8.46289657e-03
  7.64813051e-02  3.27963531e-02  1.45466119e-01 -5.84026352e-02
  1.01818899e-02 -1.00046426e-01  3.83629836e-03 -2.60662641e-02
 -2.61690728e-02 -7.48493671e-02 -1.05550513e-01  1.18201144e-01
  1.59977004e-01  3.27152922e-03  1.04155503e-01  1.28843740e-01
  5.46542890e-02  3.28292139e-02  1.47362426e-01 -5.84216528e-02
  3.07613630e-02 -1.36595845e-01 -4.59844433e-02 -1.81090608e-01
  8.67469162e-02 -1.75560787e-02 -5.57911322e-02  4.99608228e-03
 -4.28238288e-02 -7.38131031e-02  4.90979478e-02 -1.25933871e-01
  5.10363467e-02 -1.33604333e-01 -6.47725984e-02  2.02011708e-02
  2.11700648e-02  3.30397137e-03 -6.66162968e-02 -3.33161540e-02
  2.36511320e-01  5.37257977e-02  3.37397665e-01 -1.03880063e-01
  6.06680708e-03  5.50104044e-02  6.27049729e-02  5.09710461e-02
 -5.97251691e-02 -3.89763191e-02 -8.11564922e-03  3.04798409e-03
  4.07053679e-02 -9.00234729e-02  1.47075295e-01 -3.66679057e-02
 -2.45978966e-01 -1.55977473e-01  6.34627715e-02  1.16227888e-01
 -7.74668604e-02  4.13918830e-02 -1.67031184e-01  2.86033042e-02
  6.53139055e-02 -5.92323206e-02 -1.12120453e-02  3.31161581e-02
  6.20498024e-02  1.77678596e-02 -2.53054619e-01 -7.86723047e-02
 -1.11282617e-01 -4.06139472e-04 -8.05275515e-02  1.43209353e-01
 -4.21498977e-02 -7.09205270e-02 -8.73628110e-02  6.39318675e-02
 -1.97023734e-01  6.85053766e-02  2.24258915e-01 -5.10797137e-03
  2.26707369e-01 -3.36826801e-01  1.53313922e-02 -8.94232243e-02
 -1.66607663e-01  9.62450281e-02  3.36639881e-02 -6.10586703e-02
 -6.08285144e-02 -5.49267139e-03 -3.43127623e-02  9.84595343e-02
 -1.73686475e-01  1.77750215e-01 -1.45051582e-02 -1.52529344e-01
 -3.99464704e-02 -2.75933743e-03  4.74847443e-02 -7.63293803e-02
 -3.06138009e-01 -1.05575167e-01  1.95031185e-02  2.39657491e-01
 -3.19868863e-01  1.68560982e-01 -1.29444627e-04  1.26743287e-01
  2.18504459e-01  1.16145521e-01  1.17815491e-02 -1.95864365e-02
  1.38937635e-02 -1.33219799e-02  4.45935018e-02 -8.32716972e-02
 -1.29094645e-01  2.96922214e-02 -1.85157266e-02 -5.85077517e-02
 -3.96765545e-02 -3.88479680e-02  1.71270177e-01  5.64931892e-02
  1.06128670e-01 -1.04814306e-01  9.38915312e-02 -7.00970441e-02
 -7.87817016e-02 -1.11124329e-01  2.02138498e-02 -5.67710027e-02
  6.89969584e-02  8.03906694e-02  8.89738929e-03 -8.60770941e-02
  2.12037433e-02  4.19475436e-02  3.39026041e-02  1.90076174e-03
 -1.88804790e-02 -3.23737502e-01  5.36764460e-03 -3.05848718e-02
  7.90875778e-02  1.73031822e-01  2.01462701e-01 -2.01897323e-03
  5.45192603e-03 -1.41939125e-03 -8.90244450e-03  6.93573728e-02
 -4.81221676e-02 -3.49934138e-02  2.34305784e-01  5.95143773e-02
  1.22681297e-02  1.05614260e-01 -1.15766212e-01  2.93878466e-02
  6.27490059e-02  5.46850525e-02 -1.07126363e-01 -1.02630369e-02
  1.26589844e-02 -9.44753643e-03  7.55284280e-02  3.13998163e-02
 -1.15347803e-01 -1.65783793e-01 -1.67127907e-01 -9.17713274e-04
 -2.59164628e-02 -2.07308844e-01 -8.17346200e-03 -3.99183594e-02
  2.30574682e-02 -1.91522762e-01  1.75275598e-02  2.54613743e-03
 -1.16538286e-01 -2.56875902e-02 -9.34568718e-02 -5.43186851e-02
  4.52651503e-03  1.19068376e-04  1.33169428e-01  6.05826490e-02
  6.56021982e-02  1.46792484e-02  1.12259194e-01  8.28812942e-02
 -1.47283211e-01  1.77436084e-01  6.54240996e-02  7.92342201e-02
 -4.04626615e-02 -9.07640159e-02 -7.80303329e-02 -2.31354743e-01
 -8.36155191e-02 -2.14795917e-01  5.72265200e-02  9.41089988e-02
  5.69889843e-02 -2.49446660e-01 -1.77035425e-02 -1.10080510e-01
  5.32734618e-02 -2.13068351e-02  1.25063986e-01 -9.10429657e-03
  1.38705656e-01 -1.93920322e-02  1.72408260e-02 -6.34405985e-02
  1.87668219e-01  1.47200665e-02  5.90276830e-02 -2.50987224e-02
 -1.93767607e-01  1.79486163e-02 -1.43138841e-01 -8.38945899e-03
 -7.20407888e-02 -8.94016251e-02  1.19002268e-01 -2.36405000e-01
  3.60663868e-02 -2.28555892e-02  4.65975553e-02  1.12690125e-02
  1.11415550e-01  2.81234775e-02 -7.79763833e-02 -8.27001110e-02
 -2.06809640e-01  6.94329813e-02 -9.59338397e-02  1.08305320e-01
  1.72379483e-02 -3.09927296e-02 -3.99902575e-02 -2.70210430e-02
 -2.83285808e-02  1.11624531e-01  2.38367915e-01 -2.00893968e-01
 -9.46127921e-02  2.65905038e-02 -8.22944343e-02  3.68617172e-03
 -5.33889644e-02  1.08853355e-01 -4.96600904e-02 -5.71406782e-02
  5.37752882e-02 -6.93868995e-02  1.07635565e-01  1.92723900e-01
  3.72056626e-02  1.32882223e-01 -5.93449175e-02 -3.02619878e-02
  1.02515809e-01 -4.01714593e-02  7.61930943e-02 -7.15803131e-02
 -5.26937703e-03 -1.73623294e-01 -7.25932568e-02 -2.05182493e-01
  2.55843937e-01  1.02941636e-02  1.15716979e-02  7.67318383e-02
 -4.36169542e-02  7.59186372e-02 -3.95775959e-02 -5.45151234e-02
 -4.51803347e-03 -1.65979028e-01  6.07406199e-02  1.06226541e-01
 -1.17946535e-01 -7.23459870e-02 -2.15358660e-02 -1.11079337e-02
 -7.80516362e-04  1.09609582e-01 -1.52154714e-01  7.35243633e-02
 -4.60189879e-02  4.54191901e-02  1.92249313e-01 -6.96702972e-02
 -6.24116957e-02  4.80693877e-02  4.02701758e-02 -3.95518430e-02
 -6.23695785e-03  1.15977647e-02 -8.69583040e-02  5.96571006e-02
  5.74048758e-02  5.74130192e-02 -4.88198884e-02 -8.57488215e-02
 -2.41923839e-01 -1.80502981e-02  2.17683092e-02 -1.03236690e-01
 -1.52345365e-02  8.31369013e-02 -4.61200327e-02 -2.24548741e-03
  1.42161533e-01  8.30928013e-02 -1.22107230e-01 -2.28622444e-02
  2.31999755e-02 -1.46935299e-01 -9.97625366e-02  2.35403463e-01
 -4.74645160e-02 -1.25170305e-01 -6.52231127e-02  9.98172015e-02
 -7.91312158e-02  2.13336334e-01  2.90288292e-02 -2.10072786e-01
  5.24350367e-02  1.21367327e-03  4.25786078e-01 -8.04838315e-02
 -8.83127227e-02 -3.84621203e-01  5.10447696e-02 -2.59558976e-01
 -1.97093189e-01  5.62800243e-02 -9.06345546e-02  4.87414390e-01
  1.56472445e-01  1.09662607e-01  4.12267447e-02 -1.00188956e-01
 -9.39502642e-02 -1.17957033e-01 -5.54824248e-02  1.40429616e-01
 -4.71879495e-03 -1.11369073e-01 -3.03349439e-02  3.86093408e-02
  1.33591399e-01  2.53988598e-02 -5.34784198e-02  5.30871153e-02
  6.61968207e-03 -1.06697835e-01 -2.72881743e-02  1.57925129e-01
  1.39691368e-01  6.69846311e-02  2.37141065e-02  1.33237913e-01
  1.97739583e-02 -2.79320747e-01  1.74313679e-01  5.79259060e-02
  3.16228345e-02 -1.20054051e-01  5.22304289e-02  1.21852361e-01
  6.35707080e-02  6.91440105e-02 -7.43944943e-02  1.03225149e-01
 -1.73338220e-01  3.41514312e-02 -9.68219936e-02 -3.33236083e-02
 -1.05640285e-01 -1.40100187e-02  1.12346575e-01  2.26870738e-02
  1.83898449e-01  2.02544336e-03  1.89568773e-01  5.11686616e-02
  1.59356847e-01  2.05971412e-02  3.70958485e-02  6.14057668e-02
  1.81961402e-01  1.23780325e-01  1.49463519e-01 -1.53649539e-01
  6.00979030e-02  1.34585381e-01 -2.19585653e-02 -2.39088640e-01
 -5.77571094e-02  2.69010179e-02  1.81347072e-01  1.19483449e-01
  1.83437422e-01  4.33958694e-02  3.43188159e-02 -1.77032679e-01
  5.35673387e-02 -1.71894003e-02 -8.29268321e-02  4.29348052e-02
 -6.10173903e-02 -3.63228731e-02 -4.08938080e-02  9.55846682e-02
 -1.03135016e-02  1.49868662e-02 -1.64082974e-01  5.13162911e-02
 -2.10060086e-02 -2.25570481e-02 -1.48096815e-01  6.98845461e-03
  2.51516234e-02 -2.19861530e-02  1.44876108e-01  3.14206071e-02
  1.98471621e-02  1.13710277e-01  3.50868963e-02 -3.41994800e-02]