http://erau.edu/ontology/meme.owl#GrembloMeme
[-1.34616539e-01 -2.11420298e-01  5.13384640e-02  5.82144037e-02
 -8.28496143e-02  1.54206842e-01  1.78593934e-01  2.31280074e-01
 -4.32272702e-02 -1.24833830e-01 -2.70404713e-03 -1.66953765e-02
 -1.89274419e-02 -1.29054472e-01 -5.73085025e-02  3.09526399e-02
  1.21535785e-01  2.53567081e-02  1.16382167e-01  1.64239928e-01
 -1.31144166e-01  8.36965628e-03  2.35423595e-02 -5.72985299e-02
  1.82319239e-01  1.72784179e-03 -2.01779902e-02 -1.21214025e-01
  2.22527623e-01  1.40196532e-01  7.26516023e-02  1.63632378e-01
  4.23969813e-02 -1.42214999e-01 -4.24296074e-02  1.08422220e-01
 -4.41430509e-02  1.18182883e-01 -9.56510305e-02 -2.06311151e-01
  1.07775085e-01  1.84485510e-01 -1.93725731e-02  5.67281358e-02
  1.63512975e-01  1.96100865e-02 -7.08503462e-03 -2.42085550e-02
 -5.59325293e-02  1.26075044e-01  6.59730658e-02  2.91913245e-02
 -9.24824923e-02 -1.11728624e-01 -1.40587799e-02 -7.00942278e-02
  1.32969782e-01 -3.75041999e-02  5.10377400e-02  6.39548749e-02
 -4.10279781e-02 -9.65679809e-02  2.52948888e-02  3.16812247e-02
 -1.46173552e-01 -1.04314283e-01 -4.29843962e-02  3.43743595e-04
 -1.31940395e-01 -1.51121020e-01 -7.57921711e-02 -1.76757686e-02
 -1.69434380e-02 -1.74975581e-02  4.64561731e-02  9.53344479e-02
 -1.47779420e-01  9.18027088e-02  1.38261393e-01  6.64060339e-02
 -6.03339747e-02 -8.97627622e-02  4.19821143e-02 -8.75231773e-02
  9.09900591e-02 -1.54716894e-01 -1.34711266e-01  8.71673971e-02
  1.24481820e-01 -5.39126582e-02  3.85036953e-02 -2.81864285e-01
  4.22182158e-02 -1.83465704e-01  1.24524422e-02  4.79682758e-02
 -5.07728606e-02  6.59515187e-02  4.23538014e-02 -1.44431502e-01
  1.16417050e-01  1.04814619e-01  3.49601209e-01 -4.98948097e-02
 -6.16087811e-03 -6.02948964e-02  5.83663806e-02 -1.02162503e-01
 -7.31081003e-03 -1.17236301e-01  1.02119014e-01  4.16195169e-02
 -1.38688356e-01 -9.20743421e-02 -1.23075834e-02  2.47175768e-01
 -2.42678657e-01 -1.78618535e-01  5.04329521e-03 -9.58626494e-02
 -7.40977600e-02 -3.79709825e-02 -4.06230688e-02  1.39398023e-01
  6.98747486e-02 -1.07861608e-01  6.86537847e-02 -4.24781069e-02
 -6.10117130e-02  2.65829079e-02 -2.62880564e-01 -3.69425081e-02
 -2.25443039e-02 -9.31502357e-02 -3.51334140e-02  5.14542460e-02
 -7.13701360e-03 -1.02012672e-01 -1.66992962e-01  8.78323913e-02
 -2.24586442e-01 -8.66485238e-02 -7.95924850e-03 -6.43341094e-02
  1.64332107e-01 -1.88451245e-01  6.04507625e-02 -1.43848851e-01
  2.86672954e-02  1.68880627e-01 -1.80692654e-02 -1.61347032e-01
 -1.13624074e-02  1.08694360e-01  3.09395734e-02  1.12512276e-01
 -7.66576007e-02  1.80750936e-01  1.34861797e-01 -4.60408852e-02
  1.10369571e-01 -2.44433835e-01  9.35930237e-02 -6.80428445e-02
 -9.28977281e-02 -1.01481587e-01 -5.17498069e-02  2.19149403e-02
 -2.82567471e-01  1.97138593e-01 -3.74085009e-02  1.86110750e-01
  2.13087633e-01  1.67242527e-01 -6.01047836e-03 -4.14733067e-02
 -1.09404847e-01 -1.30787283e-01  1.15937352e-01 -1.09835304e-01
 -1.12727650e-01  4.58632559e-02  9.17185768e-02  1.67513490e-01
 -1.72854975e-01 -2.94092037e-02  4.59915847e-02  7.46358559e-02
  3.48072559e-01 -5.73336631e-02  5.56636192e-02  2.66122655e-03
 -1.84723094e-01  4.18340489e-02 -6.58624694e-02 -6.20546341e-02
  1.07897185e-01  7.29309693e-02 -5.31243011e-02 -3.92460376e-02
  3.55194882e-02  3.36533636e-02  9.85641181e-02  3.61171477e-02
 -1.86937481e-01 -2.14036480e-01  1.12847343e-01 -3.55994515e-02
  9.60684046e-02  8.73976350e-02  3.52402210e-01  2.01185331e-01
 -3.96774188e-02 -6.88427314e-02  2.09102511e-01  3.51933464e-02
 -6.24539964e-02 -1.29038975e-01  1.37380242e-01  1.69071704e-01
  2.68536389e-01  1.32305533e-01 -1.47778779e-01  9.17656422e-02
  3.98013555e-02 -6.06579818e-02 -1.45826444e-01  1.38217164e-02
 -5.71386404e-02  3.18921506e-02  1.59034774e-01 -8.70353281e-02
 -1.13092512e-01 -1.65490061e-01  4.58559506e-02  1.92885287e-02
 -1.36689648e-01  7.67542347e-02  2.08030626e-01 -1.17082506e-01
  3.25260870e-03 -2.00176388e-02  3.98543850e-02 -1.28063336e-02
 -2.28793487e-01 -2.31395382e-03 -1.55614361e-01  1.33261651e-01
 -4.87400182e-02 -5.80434985e-02  1.30145386e-01 -5.88972680e-02
  6.46457970e-02  6.14762306e-02  1.73478127e-01  3.47430967e-02
 -1.92283645e-01 -5.43536767e-02  9.02051330e-02  5.08773252e-02
 -3.27219479e-02 -9.66496766e-02  2.56846473e-02 -1.02343298e-01
 -3.78657505e-02 -1.33956164e-01 -1.22505106e-01  4.86314520e-02
  3.59022245e-02 -1.14937775e-01 -4.22601327e-02 -1.27149284e-01
 -1.81206256e-01  7.57590011e-02  1.20165460e-01 -2.82986760e-02
  5.73991500e-02 -3.21133360e-02 -3.11903213e-03  1.48750478e-02
  9.58383679e-02  1.12797707e-01  1.01178316e-02 -3.82505320e-02
 -1.11713111e-01 -4.44476381e-02 -5.91320172e-02 -3.06240991e-02
 -2.83385739e-02 -1.28354296e-01  9.70988721e-02 -1.37234256e-02
 -4.11860645e-02 -3.67445759e-02  3.76003422e-02  3.70533788e-03
  8.42585638e-02  5.92050201e-04 -9.49564651e-02  7.56824715e-03
 -3.09764802e-01  1.09578826e-01 -3.01702251e-03  1.03697427e-01
  4.42427695e-02  1.33250607e-02  1.85383499e-01  9.89294518e-03
  8.29350483e-03  1.34691820e-01  1.86417475e-01 -1.38114706e-01
  1.93503037e-01  8.50125477e-02 -9.82509460e-03  4.87523302e-02
 -2.56816950e-02  5.37139773e-02  4.65025343e-02 -9.05328020e-02
  6.59170821e-02 -1.92879975e-01  1.34379521e-01  1.31580487e-01
 -6.37370571e-02  4.11011651e-02 -1.11296766e-01  1.20429888e-01
  6.17841035e-02 -7.90361986e-02 -4.65466157e-02  7.61200208e-03
  8.32042620e-02 -9.47411135e-02  2.47502569e-02 -1.39156386e-01
 -1.79290434e-03  1.50662705e-01 -7.34850615e-02  5.68114743e-02
  4.86248247e-02  1.61017999e-01 -1.05151497e-01 -6.69789389e-02
 -8.43739882e-02  9.07081179e-03 -1.23380147e-01  3.83805223e-02
 -4.57217135e-02 -1.44656181e-01 -3.76258753e-02 -3.27266264e-03
 -4.57484163e-02  1.54135168e-01 -1.07888617e-01  1.23195224e-01
  5.19333221e-02 -5.26661910e-02  1.62057757e-01 -2.91910712e-02
 -1.11187495e-01  8.81489068e-02  5.59410267e-02 -2.12523490e-02
 -3.40494104e-02 -9.72158462e-02 -1.08907573e-01  1.89662576e-02
 -1.60206165e-02  1.49322674e-03 -1.12481192e-01 -9.63675305e-02
 -2.05108702e-01  1.64886210e-02  1.72161222e-01 -5.03498781e-03
 -1.00044899e-01  1.89366732e-02  8.87108147e-02 -7.77364671e-02
 -5.93608618e-02  2.78043747e-01 -6.49223775e-02 -1.82192251e-01
  3.60356234e-02 -2.03680899e-02 -1.09043159e-01  1.17389046e-01
  5.75203188e-02 -1.05963694e-02 -1.51391760e-01  8.53762999e-02
  3.65796350e-02  1.32764146e-01 -1.60707504e-01 -2.46736541e-01
 -1.14287110e-02  6.57468885e-02  3.74114096e-01 -3.01529411e-02
 -5.01912348e-02 -5.36404699e-02  2.77822968e-02 -1.82047099e-01
 -1.76814467e-01 -2.03281064e-02 -1.68943275e-02  2.45609194e-01
  1.56976074e-01  4.05579023e-02  1.19186066e-01 -2.03667104e-01
 -1.32289261e-01 -3.15867923e-02 -4.06376161e-02 -5.26746735e-03
 -1.40954301e-01  4.01865467e-02 -7.22001567e-02  4.03931625e-02
  8.56484398e-02 -1.40772713e-02 -2.04870731e-01  5.23476675e-02
  4.42055985e-02 -9.67193469e-02 -1.48625420e-02  1.13404624e-01
  1.55801073e-01 -8.44250694e-02 -4.15820144e-02  1.93828821e-01
  1.14334971e-01 -1.90928709e-02  1.76341861e-01  1.58613563e-01
  1.05627194e-01 -2.06365194e-02 -1.58070512e-02  1.56661630e-01
  2.09841117e-01 -2.82822568e-02 -1.72318891e-01  4.10457700e-01
 -2.29616627e-01 -2.48955861e-02 -2.80305296e-01 -7.22287223e-02
 -8.19120556e-03  1.17998838e-01  5.18510751e-02  1.22230098e-01
  4.21674699e-02 -5.14838472e-02  1.39440149e-01 -9.33943465e-02
  1.27808481e-01 -4.43154313e-02  8.20333287e-02 -1.18409023e-02
  8.13604891e-02  2.29742136e-02  1.83381401e-02  1.27268257e-02
 -3.65044773e-02  3.95759046e-02 -6.35494739e-02 -6.28744140e-02
 -2.35431697e-02  1.48209810e-01  9.59082842e-02 -5.03597111e-02
  3.97401638e-02  2.07835555e-01  2.64057070e-02 -4.71766740e-02
 -6.56334162e-02 -2.20316410e-01 -8.13014507e-02  7.35669285e-02
 -1.38544813e-01 -7.11332783e-02 -3.07283103e-02  2.55185872e-01
 -8.67528096e-02 -2.41063669e-01  1.03594869e-01 -3.38410810e-02
  1.24789365e-01  1.06180578e-01 -2.14683730e-02  3.88455577e-02
  5.51919937e-02 -8.58935702e-04  1.56547293e-01  2.63128672e-02
  6.96790814e-02 -2.67167855e-02  8.00824836e-02  4.13203835e-02]