http://erau.edu/ontology/meme.owl#CalleBorjessonQuentinMeme
[ 5.80013543e-02 -1.73768029e-01 -4.42568772e-02  9.13563371e-02
  1.21225432e-01  2.37166971e-01  7.97898397e-02 -7.19131669e-03
 -7.46062770e-02 -1.05261141e-02  4.23495024e-02 -1.97588563e-01
 -1.32123262e-01 -1.38571203e-01 -9.34078619e-02  1.42725930e-02
 -3.64156701e-02 -1.89782947e-01 -9.77079272e-02  1.27254933e-01
  8.25761408e-02  2.83410400e-02 -1.50026726e-02 -1.54231220e-01
  3.63519192e-02 -1.76689029e-02  3.12411301e-02  8.99199694e-02
  1.96812034e-01  8.75012949e-02 -5.06154113e-02  2.29722545e-01
  5.45533262e-02 -3.14451903e-02 -1.35660976e-01  2.24896535e-01
 -1.44025430e-01  1.31693646e-01 -2.67350650e-03 -7.67998546e-02
 -2.40564737e-02  1.44157588e-01 -1.91226244e-01  7.74323419e-02
  1.94411680e-01  1.67098761e-01  4.36762124e-02 -8.29689801e-02
 -8.00533891e-02  2.28587762e-01 -2.60721575e-02  6.13689907e-02
 -8.77377763e-02 -9.28044170e-02 -7.46579245e-02  2.48550754e-02
  9.71156135e-02 -2.33863771e-01  4.88048606e-02 -1.45314470e-01
  3.94335352e-02 -1.38022378e-01 -1.77913867e-02  1.13635525e-01
 -2.68509060e-01 -2.41730079e-01 -1.57761946e-01 -1.48753598e-01
 -1.58922225e-01 -2.84425676e-01 -1.90073967e-01 -4.23392467e-02
 -2.85526868e-02  1.15954004e-01  5.31498455e-02  1.25873908e-01
 -1.79740563e-01  6.50094822e-02  2.08477169e-01  4.43888567e-02
 -1.39808893e-01 -1.13090038e-01  5.82154319e-02 -2.44140744e-01
  1.09469563e-01 -1.78425491e-01 -1.63861230e-01 -5.58472462e-02
  2.03211918e-01 -2.07631215e-02 -1.92256510e-01 -3.64023238e-01
  1.24253534e-01 -1.65202901e-01  4.38246317e-02  1.12108499e-01
  5.68282157e-02 -7.11704344e-02 -4.89056520e-02 -1.77830845e-01
 -2.53418777e-02 -6.93772882e-02  5.58993936e-01 -4.44462858e-02
  5.93578955e-03 -8.63553435e-02  1.50317252e-01 -2.02166215e-01
 -3.78579721e-02 -2.56443828e-01 -7.97448978e-02  2.48890236e-01
 -2.58661985e-01 -2.88323641e-01  4.79866564e-02  1.93578929e-01
 -3.78257275e-01 -4.45625558e-03 -4.10671011e-02  5.90775460e-02
 -2.91340828e-01 -9.96450037e-02 -1.03812061e-01  2.58931108e-02
 -1.25830621e-01 -3.52976471e-02  1.07095882e-01 -1.11892289e-02
  4.61976454e-02  1.69276670e-02 -2.06252486e-01  5.92861325e-04
  4.74737063e-02 -1.28640905e-01 -9.43285823e-02  9.45956111e-02
 -2.09546722e-02  1.83702379e-01 -2.68611789e-01  1.69433445e-01
 -1.65328413e-01  2.02185944e-01 -7.78669585e-03  6.48335144e-02
 -3.70044224e-02 -2.48012841e-01 -1.77295022e-02  3.55546214e-02
  1.39130235e-01  2.14958951e-01  7.59774745e-02 -1.07274584e-01
  1.07302368e-01  1.27132356e-01  1.56748921e-01  1.29202440e-01
 -2.21612915e-01  4.84003946e-02  2.31570914e-01 -9.10016373e-02
  5.23521425e-03 -2.56269693e-01  5.01853712e-02 -3.33306938e-02
 -1.51668176e-01  1.84878558e-01  5.73576763e-02  2.16206640e-01
 -5.42319655e-01  2.52545208e-01  9.63685364e-02  8.54429454e-02
  1.18117273e-01  2.78335720e-01 -1.45527765e-01 -3.39196287e-02
  6.44547073e-03 -2.16176063e-01  1.06026202e-01 -1.10236622e-01
 -1.25188068e-01  1.81092277e-01  8.49878937e-02  1.57473698e-01
 -1.63441926e-01  7.67613128e-02  9.99137983e-02  2.46639382e-02
  2.38171786e-01  7.39993453e-02  1.18211500e-01  6.86021745e-02
 -2.75161743e-01  2.37145916e-01 -8.72137919e-02 -1.57688603e-01
  2.01812103e-01 -3.53364572e-02 -1.00915201e-01 -8.54586512e-02
  5.41971400e-02 -1.51551114e-02  1.52031541e-01 -6.11890182e-02
 -2.66121715e-01 -1.77731410e-01 -2.84048356e-02 -7.34474808e-02
 -2.10799929e-02  7.45280311e-02  1.80055216e-01  1.99144721e-01
  6.62607923e-02 -7.79761896e-02  3.24350148e-02  1.84424818e-01
 -9.32984650e-02 -2.79774107e-02  3.06901336e-01  7.87601918e-02
  1.13866441e-01  7.69321918e-02  9.89502482e-03  9.38978940e-02
 -4.66070808e-02 -7.69171938e-02 -7.89541453e-02 -9.00531858e-02
 -1.30432025e-01  1.02661960e-01  1.07227869e-01  8.63246322e-02
 -2.24320814e-02 -1.25521466e-01  3.07830255e-02  4.02242318e-02
 -1.27391383e-01  7.26460144e-02 -3.28013599e-02  4.58199456e-02
 -3.77264991e-02 -4.37239371e-02  2.26430371e-02 -3.60053405e-02
 -3.74764353e-01 -1.29243791e-01 -3.21491987e-01  2.99532980e-01
 -6.14128783e-02 -9.68234539e-02 -1.00832162e-02  9.60995778e-02
 -5.77425510e-02  2.00590536e-01  1.79497167e-01 -5.89690432e-02
 -1.43077940e-01 -7.82246143e-02  2.66141564e-01 -2.11032704e-01
 -7.58985570e-03 -1.70836121e-01 -8.27090219e-02 -1.51435748e-01
 -7.33605474e-02 -3.50478113e-01 -2.54708678e-01  2.71255106e-01
  9.21645984e-02 -5.50046749e-02 -1.79696992e-01 -2.72439361e-01
 -2.95887589e-01  1.86444268e-01  1.00131668e-01  3.67575549e-02
  8.73669982e-02 -1.93818480e-01 -9.33810100e-02  4.80576418e-03
  1.39968574e-01  3.36887278e-02 -9.25225541e-02 -5.25711030e-02
 -1.82330161e-01  1.19587824e-01 -9.61003900e-02  1.18312441e-01
 -2.13125035e-01 -1.64175883e-01  9.47736949e-02 -3.11724711e-02
 -5.32838851e-02  8.60489532e-02 -9.63015556e-02 -5.23409480e-03
  8.90695006e-02 -1.58592850e-01 -1.45049050e-01 -7.12148175e-02
 -2.56611466e-01  8.51795375e-02  1.54530094e-03  6.67976402e-03
 -1.37660563e-01 -1.67523801e-01  1.09222308e-01  6.71710027e-03
 -1.49074391e-01  2.76266068e-01  3.23073894e-01  6.43548667e-02
  1.31802529e-01 -6.04381692e-03 -5.43503277e-02  1.46418080e-01
  4.54855226e-02 -5.83692491e-02  1.27913862e-01  3.01119639e-03
  6.53405935e-02 -9.25578102e-02  1.65697515e-01  7.43261874e-02
  3.43823582e-02 -2.14599799e-02 -4.82605249e-02  1.44749627e-01
 -2.09398977e-02  9.50477421e-02 -8.05568546e-02  1.70336172e-01
 -4.00506817e-02 -1.63938388e-01  1.28450632e-01 -1.52544394e-01
  4.13367376e-02  1.02004188e-03  1.59479007e-02 -2.61597373e-02
  8.27328116e-02  3.43072563e-02  9.19404477e-02 -5.27200326e-02
  4.32007425e-02 -4.66967449e-02 -3.09350546e-02 -1.19071044e-01
  8.46061334e-02 -1.25826463e-01 -3.85473706e-02 -1.08557925e-01
 -1.49345011e-01  2.05654010e-01 -1.15562126e-01  7.17540383e-02
  2.08510607e-01  6.04193322e-02  1.25980765e-01 -2.38053184e-02
 -1.32799689e-02 -1.96512621e-02  5.79696819e-02 -1.12061389e-01
  1.80526040e-02  6.10373951e-02  9.85979196e-03 -6.81873038e-02
 -7.64339939e-02 -5.68893254e-02  1.32611796e-01 -2.26859286e-01
 -1.40257537e-01  1.29584774e-01  2.27421343e-01  1.43274918e-01
 -2.48677820e-01 -3.81243899e-02 -1.84368968e-01 -8.37394446e-02
 -1.40812069e-01  1.88675746e-01 -1.56015083e-01 -2.77996689e-01
  7.44554102e-02  6.41836673e-02  8.09622929e-02 -1.55070439e-01
  2.01503277e-01  8.14610254e-03 -2.15591062e-02 -1.81991979e-01
  9.30459648e-02  2.93604806e-02 -3.36886555e-01  6.76521957e-02
 -7.10431412e-02  1.14177749e-01  2.50019617e-02  3.78946178e-02
  1.65507048e-01  2.53041029e-01  5.03578298e-02 -5.16292043e-02
 -2.51930207e-02 -1.64382774e-02  1.06944799e-01 -2.44205236e-03
  1.01245195e-01  9.02418271e-02  1.34576652e-02 -2.18147635e-01
 -7.46218711e-02  2.71830615e-02 -5.90344183e-02 -5.37777804e-02
 -1.07218772e-01 -8.76216069e-02 -1.00935891e-01  1.00374363e-01
  7.71450158e-03  1.98733937e-02 -4.70809937e-01  5.94385266e-02
 -6.59231422e-03 -8.75890628e-02 -1.58386528e-01  2.23598436e-01
  3.50544155e-01 -1.32136390e-01 -2.75037978e-02  3.44170183e-01
 -3.64415012e-02 -2.19402444e-02  2.86629200e-01  2.18316615e-01
  2.02467248e-01 -1.50928319e-01  7.52125680e-02  1.03487961e-01
  3.23475152e-01 -3.56389023e-02 -1.87362507e-01  4.78195667e-01
 -2.98024565e-01 -1.71117812e-01 -3.26486319e-01 -7.81095326e-02
 -1.11954749e-01  2.77482361e-01  4.60926443e-02  3.73533338e-01
  1.45677954e-01  5.96839993e-04  3.04314941e-01 -1.26058221e-01
  1.11079343e-01  5.09964526e-02 -6.24766387e-02 -1.02084793e-01
  1.47899467e-04  1.06647626e-01  6.17598593e-02  5.57772741e-02
 -1.20155439e-01 -6.52775615e-02 -1.41043827e-01 -3.52455536e-03
 -3.44198383e-02  8.52496177e-02  1.50322273e-01  2.49678213e-02
  1.80615827e-01  2.26842746e-01  2.00541273e-01  4.39951979e-02
  1.06886506e-01 -5.94410300e-02 -4.17854078e-02  5.76898940e-02
 -7.62043148e-02  1.08104094e-03 -2.54439771e-01  2.95047671e-01
 -7.73634464e-02 -3.25419068e-01  1.16490580e-01 -1.91331860e-02
  1.17706954e-01  6.77681938e-02 -2.50607759e-01 -1.91632658e-02
 -5.84521405e-02 -1.91139393e-02  4.38382775e-02 -1.07899681e-01
 -1.35421753e-01 -1.01406887e-01  7.73510188e-02  1.70683131e-01]