http://erau.edu/ontology/meme.owl#StealHerLookMeme
[-5.01859002e-02 -1.64378569e-01 -9.30713788e-02 -3.31917941e-03
 -4.44949307e-02  6.61771521e-02  1.56144395e-01  3.10672130e-02
 -4.53668498e-02  9.92094725e-02  1.36955991e-01 -1.04240172e-01
 -2.05811504e-02 -7.41625354e-02 -4.39565368e-02 -6.93385676e-02
 -5.92245013e-02  1.33932501e-01 -7.53350034e-02 -3.58172655e-02
 -1.73069671e-01  5.71915060e-02  1.01288995e-02 -1.88684732e-01
  1.23789132e-01  5.76807447e-02  6.11153878e-02 -1.52667463e-01
  1.35652721e-01  1.08391292e-01 -7.49377236e-02  6.26820847e-02
  1.12189792e-01 -2.58618556e-02 -1.00190423e-01  2.59872317e-01
  5.10190167e-02  6.84197471e-02 -6.41990900e-02 -1.04831308e-01
  1.19578786e-01  1.61496922e-01 -1.66547492e-01 -9.18554980e-03
  7.58566260e-02  4.93941717e-02  8.02046095e-04 -1.19377300e-01
  5.67193925e-02  2.49725543e-02 -3.10995914e-02  5.12783080e-02
 -1.85263157e-02 -1.74947873e-01 -2.06213325e-01 -3.92671563e-02
 -5.10109626e-02 -1.88878208e-01  1.64313197e-01  2.35866457e-02
 -3.51639166e-02 -5.78382574e-02  4.53207791e-02 -2.44621076e-02
 -1.81771815e-01 -1.05972797e-01 -2.37496905e-02  2.00135564e-03
  2.88329311e-02 -1.15152560e-01 -8.59389603e-02  6.51277900e-02
  1.16948150e-01  1.24609187e-01 -1.71158370e-02  1.36311352e-01
 -1.48495719e-01 -5.24600595e-02  8.57327208e-02 -2.22567320e-02
 -1.30739316e-01 -2.11403698e-01 -1.15044057e-01 -2.06256628e-01
  3.67086381e-02 -1.07946925e-01 -6.25868365e-02 -3.98298725e-02
 -8.89640301e-02 -5.44565544e-03 -1.43406764e-02 -1.46801680e-01
  8.40172023e-02  3.73609774e-02 -3.82609814e-02  8.03888738e-02
  8.06111842e-02  4.84419465e-02  1.08944084e-02 -6.74975216e-02
 -2.65428852e-02  1.06207222e-01  3.38734806e-01 -1.53612673e-01
  1.88385248e-01  1.06482089e-01  1.84291273e-01 -6.91444203e-02
  9.07834992e-03 -7.94224292e-02 -8.58957134e-03  1.32937372e-01
  3.39025296e-02 -1.27098739e-01  3.60087790e-02 -1.68922618e-02
 -2.91880310e-01 -2.83993244e-01 -4.56109308e-02  1.12954274e-01
 -2.50640213e-01  5.41393310e-02  1.14556551e-02  1.05112396e-01
  1.07204929e-01 -1.56576699e-03  9.24662277e-02 -8.13901573e-02
  1.13259144e-01  7.97255859e-02 -9.89164263e-02 -2.86872443e-02
  1.39737502e-01 -5.37143983e-02 -8.24726671e-02  3.95102985e-02
  1.33714214e-01 -1.35660889e-02 -1.56095594e-01  3.57813612e-02
 -1.80773512e-01  1.96689993e-01 -2.39987578e-02  3.94952670e-02
  1.96595356e-01 -1.52643889e-01 -8.98721069e-02 -5.01604602e-02
 -9.21859581e-04  1.63887039e-01  8.11553281e-03 -6.43557385e-02
  7.61021301e-02  3.22787985e-02  2.72605289e-02  1.06520012e-01
 -2.25311249e-01  1.23436943e-01  4.73188534e-02 -5.40541150e-02
  1.09153688e-02 -6.00503422e-02 -3.79606858e-02 -5.59913255e-02
 -9.33728144e-02 -4.78047058e-02 -5.24413511e-02  9.99629050e-02
 -2.32828826e-01  7.01149106e-02  1.19026072e-01  6.66644424e-02
  1.00285374e-01  2.30011031e-01 -1.47070140e-02 -7.73208663e-02
  1.92579776e-02 -1.89206637e-02  1.69040114e-01 -9.74643677e-02
 -1.27631813e-01  1.27363890e-01  8.72488022e-02 -1.43251300e-01
 -2.23090053e-02  1.19052298e-01  4.01806179e-03  8.11632797e-02
  1.37318656e-01  2.31641699e-02  1.51172683e-01  7.43627697e-02
 -1.23041213e-01 -3.97417508e-02 -3.03406715e-02  1.19427510e-01
  6.04446195e-02  1.18066072e-02  1.08795837e-01 -7.61670321e-02
  2.73344736e-03  3.50370556e-02  1.81632098e-02 -1.79748103e-01
 -6.35722876e-02 -5.86331710e-02  3.83910723e-02  6.61181426e-03
 -6.52479827e-02  2.21238472e-02  3.70213129e-02  1.22604810e-01
 -7.66667351e-02 -1.72133557e-03  3.57254446e-02 -1.01622842e-01
 -1.69742867e-01  3.86763550e-02  1.13184236e-01 -3.14940549e-02
  3.14124976e-03  6.01892807e-02 -1.66113183e-01  2.16335747e-02
  6.39792681e-02  4.26882543e-02 -8.72886479e-02 -2.27849670e-02
 -1.57249030e-02 -5.61619364e-02  8.57872963e-02 -6.14502747e-03
 -1.91080365e-02 -1.33641720e-01 -8.30901670e-04  2.51365229e-02
 -7.53149437e-03 -7.25919232e-02  8.31345320e-02 -1.39628276e-01
  1.58378482e-02 -1.24310672e-01 -5.08285575e-02 -4.56291698e-02
 -2.20378906e-01 -1.03921726e-01 -1.57868505e-01 -6.55804761e-03
  1.59013439e-02  3.99948098e-02  3.75529565e-02  5.03997318e-02
  8.85981396e-02  7.51578808e-02  1.68482602e-01  7.93157890e-03
  6.95658429e-03 -4.74573113e-03  6.92329332e-02  1.10333122e-01
 -5.01420684e-02 -6.85376376e-02 -5.44248633e-02 -1.00339085e-01
 -1.16256617e-01 -2.42469728e-01 -2.08015338e-01  1.12593058e-03
  4.27150987e-02 -9.26596895e-02 -1.16904542e-01 -1.38356358e-01
 -1.51606910e-02  7.15478510e-02  1.68928444e-01  1.27402302e-02
  8.16519782e-02 -8.58460814e-02 -3.27905267e-02  5.06588742e-02
  1.91438660e-01 -6.94252104e-02 -4.25081179e-02 -1.55114532e-01
 -2.39502460e-01  2.38065913e-01  3.11011844e-03 -7.55814686e-02
 -1.01524293e-02 -4.80665267e-02  1.41818486e-02 -1.44139975e-01
  1.52751263e-02 -1.32413000e-01 -5.90673350e-02 -3.86893675e-02
  1.41533479e-01 -3.75265554e-02 -2.57985681e-01 -2.59264588e-01
 -3.06797028e-01 -3.44828218e-02 -6.09812625e-02  7.46460557e-02
 -3.63466479e-02 -3.42968181e-02  1.81681830e-02 -1.42582595e-01
 -5.79579063e-02  1.07800320e-01  2.30949849e-01 -1.63881540e-01
 -3.40903178e-02  1.22203089e-01 -2.82135978e-03  1.45801395e-01
 -3.50795463e-02  6.97039254e-03  3.09605133e-02 -5.83328791e-02
  9.16840285e-02 -2.22400740e-01  2.85335481e-01  6.93659484e-02
 -4.77986820e-02  7.62094483e-02 -1.17977396e-01 -9.54153687e-02
  9.14814994e-02  5.52492030e-02  6.18040301e-02  9.98054817e-02
  1.22196125e-02 -7.93631524e-02 -9.63862389e-02 -2.09463745e-01
  2.20093384e-01  4.20873538e-02  1.85233969e-02  6.64571524e-02
  8.79979506e-03  9.09047015e-03 -2.65761856e-02 -9.37454179e-02
  3.58422287e-02 -2.25957558e-01  2.39696205e-02  1.26596183e-01
  5.56869842e-02 -2.62665480e-01 -4.97254282e-02 -7.51245245e-02
 -1.77915156e-01  1.80686548e-01 -1.72207236e-01  2.06642255e-01
  1.02891289e-01 -3.42239067e-02  3.58452320e-01 -9.20397863e-02
 -3.62329930e-02  4.90459390e-02 -8.90551880e-02 -1.01159744e-01
  1.43225826e-02 -7.11826682e-02 -8.98805335e-02  4.52894792e-02
 -1.74600910e-02  7.85709638e-03  1.56732872e-01 -1.17190629e-01
 -1.70562133e-01  6.79351836e-02  7.02728108e-02 -2.17773188e-02
 -1.03008278e-01  9.42480490e-02 -1.19046710e-01 -3.47655788e-02
  1.14937983e-02  1.63380653e-01 -1.99771047e-01 -3.63178737e-02
  1.29112199e-01 -1.75358582e-04 -1.10553376e-01  1.26310855e-01
 -2.90319677e-02 -2.05101699e-01 -1.77652746e-01  2.60000746e-03
 -3.75690535e-02  1.78880945e-01 -2.16246217e-01 -1.68571711e-01
  5.04291728e-02  8.12159181e-02  1.82011798e-01  5.57305664e-02
  9.23177078e-02 -1.10056624e-01 -4.63379323e-02 -3.35243553e-01
 -1.23561747e-01  4.47066799e-02  3.93873155e-02  3.69290441e-01
  9.90660191e-02  2.74554789e-02  8.04194659e-02 -2.28828147e-01
 -1.03202760e-01 -1.61148459e-02 -6.37335479e-02 -6.82682544e-02
  3.83493938e-02 -2.31716439e-01  2.67481245e-02  1.17992751e-01
 -4.71583828e-02  3.52654653e-03 -2.43807107e-01  3.43382992e-02
 -1.01734787e-01 -1.50189638e-01 -1.19869195e-01  1.56177387e-01
  1.31860763e-01  1.54955806e-02 -1.53737068e-02  2.37470955e-01
 -2.69037951e-02 -1.33823350e-01  1.58377558e-01  1.00881204e-01
  6.34519607e-02 -1.85377970e-02  1.09327041e-01  8.78371671e-02
  1.91717610e-01  3.58299986e-02 -6.21287525e-02  3.60897750e-01
 -1.30912602e-01  3.13732214e-02 -1.98665559e-01 -1.03318252e-01
 -1.17156217e-02  7.54666775e-02  1.54591706e-02  6.44529685e-02
  3.55501622e-02  1.61521230e-02  2.78626502e-01  2.34936662e-02
  9.40868631e-02  1.57180294e-01  1.21549420e-01 -1.10211805e-01
  1.22058205e-01  1.58837274e-01  1.56003594e-01 -4.07958589e-02
 -8.11321437e-02  1.30639359e-01 -1.51785985e-01 -1.27214909e-01
 -8.82411078e-02  8.08464736e-02  2.21846282e-01  6.07377030e-02
  2.69700944e-01  1.16778336e-01  1.43427625e-01 -2.32882798e-01
  6.78059384e-02 -6.68376833e-02  7.23605230e-02  4.23321687e-02
  5.23277186e-02  2.45965610e-04 -1.84543833e-01  3.10035825e-01
 -6.64652437e-02 -2.38418400e-01 -3.87566574e-02 -6.92613795e-02
  7.33206943e-02  3.88222300e-02 -2.38100424e-01 -3.05801164e-02
 -3.05000544e-02 -2.74088979e-02  1.77594453e-01  6.76232412e-06
 -6.16091900e-02 -2.33788770e-02 -3.26720998e-02  2.11913928e-01]