http://erau.edu/ontology/meme.owl#OverlordMeme
[ 4.23908904e-02 -4.55824025e-02  1.03178225e-01  8.23420286e-02
 -2.06262395e-02  7.27477763e-03  1.89308554e-03 -1.48400106e-02
  1.47734154e-02 -1.15473449e-01  7.35317841e-02  8.90836418e-02
  1.95649825e-03  6.89506903e-02 -5.67328110e-02 -7.03820288e-02
  6.04663007e-02  1.39367834e-01  1.21090561e-01  1.55434072e-01
 -1.95629746e-01  1.16834573e-01  1.53177738e-01  1.08158346e-02
  1.66177109e-01 -1.01867266e-01 -5.89231998e-02 -2.19608843e-03
  3.84852469e-01  2.11746112e-01  1.66671470e-01  1.98117554e-01
  8.39142576e-02 -4.18836810e-02 -3.77630442e-02  1.65614367e-01
 -4.35901359e-02  1.64295696e-02 -5.26493080e-02 -1.18262038e-01
 -5.26854023e-02  1.73220798e-01 -9.88362357e-02 -8.44462961e-03
  1.39315575e-01 -7.08905831e-02  2.20938791e-02 -7.49422088e-02
 -4.11934927e-02  1.93108320e-02  5.46893515e-02 -1.79684628e-02
 -9.56566706e-02  7.55975582e-03 -4.79249209e-02 -9.37041640e-03
  1.65256992e-01 -7.11810365e-02  8.22417140e-02  2.88630035e-02
  8.00494701e-02 -1.31388884e-02  1.04440577e-01  3.94424647e-02
 -1.50470898e-01 -6.17887154e-02  6.44066408e-02  4.78408823e-04
 -1.01883017e-01  1.21216394e-01 -1.80990323e-02  1.36363193e-01
  2.87673622e-02 -4.18248735e-02  8.66709352e-02  1.72874760e-02
  2.91812811e-02  1.45361155e-01  1.36835963e-01 -6.62810053e-04
  1.16395308e-02  3.05957776e-02  1.20533463e-02 -7.34877735e-02
  1.56362846e-01 -1.54214101e-02 -1.08658522e-02  1.46936566e-01
  1.46359369e-01  7.47591630e-03  4.69435304e-02 -2.19240814e-01
 -2.48658713e-02 -1.68099120e-01 -1.00832775e-01  1.88222565e-02
 -1.38046041e-01 -1.54805347e-01  3.32777910e-02  5.38617261e-02
  1.82354242e-01  2.15753876e-02  2.34937042e-01 -5.95614538e-02
 -1.61159039e-01  3.18458602e-02  3.62031572e-02  5.60297221e-02
  5.34117979e-04 -1.45781696e-01 -1.58697534e-02 -6.93498626e-02
  2.84883063e-02  8.57744180e-03  7.34311938e-02  1.30866960e-01
 -7.52645209e-02 -3.56650278e-02  1.04700066e-01 -8.27405378e-02
  1.06404528e-01 -6.43498600e-02 -1.52158961e-01  1.26820626e-02
  8.30307677e-02 -2.79615428e-02 -7.98997656e-02  4.68138084e-02
  8.30062553e-02 -7.19644800e-02 -2.14859113e-01 -4.06805836e-02
 -2.39879742e-01 -1.22151770e-01 -7.67095536e-02  7.21755028e-02
 -1.58634603e-01 -1.23079745e-02  3.97015288e-02  2.33878866e-02
 -1.13650836e-01 -8.61984342e-02  1.64353997e-01  1.33417430e-03
  1.20464386e-02 -2.45884642e-01  1.20535381e-01 -4.01171520e-02
 -5.36164176e-03  8.35311040e-02 -6.19712807e-02 -1.46016881e-01
 -2.07994692e-02 -9.60739423e-03 -1.82144176e-02 -3.43732871e-02
 -2.22060177e-02  1.96635947e-01  2.17188466e-02 -5.11799976e-02
 -2.09384728e-02 -9.68478173e-02  4.39252295e-02  3.16400896e-03
 -2.51920432e-01 -8.30992833e-02  6.47882894e-02  8.31470490e-02
 -1.87603697e-01  9.10203159e-02 -4.64226939e-02  8.01633075e-02
  2.12772518e-01 -1.68274976e-02 -8.08777139e-02  1.41056199e-02
  1.58443917e-02 -4.53281626e-02  3.60542387e-02 -1.03073850e-01
 -2.47374475e-02 -7.70945325e-02  4.52808924e-02  8.52535814e-02
 -8.86431113e-02 -1.29554644e-01  1.68424323e-01  2.12217551e-02
  1.33752048e-01 -1.18840575e-01 -4.79835980e-02 -4.22268361e-02
 -3.95140573e-02 -9.24996585e-02  2.54998617e-02 -1.91671610e-01
  7.42446855e-02  1.44512942e-02  2.85238661e-02  3.28443269e-03
  5.02010481e-03  8.79786070e-03 -2.17834581e-02  8.69840086e-02
  7.16361254e-02 -3.63796443e-01  9.84978024e-03 -5.68547137e-02
  2.75211662e-01  1.08864687e-01  2.89082319e-01  2.49189651e-03
  8.49122703e-02 -7.31795132e-02  9.17272344e-02  1.21103905e-01
  4.21879478e-02 -1.12214439e-01  9.55124199e-02  1.27905875e-01
  5.48078455e-02  2.27439106e-01 -8.74630734e-02  8.69509205e-02
 -3.19425650e-02 -3.88903804e-02 -8.84073898e-02 -3.00731640e-02
 -2.18862399e-01 -9.93028050e-04 -7.26254750e-03  8.49000737e-02
 -7.48171508e-02 -1.64119095e-01 -1.05296008e-01 -9.40809846e-02
 -8.57148618e-02 -9.34159607e-02  8.04029927e-02  3.63277867e-02
 -7.55790574e-03  1.95739325e-03  7.54684359e-02  8.05876926e-02
 -2.34276265e-01  1.34261297e-02 -8.85452703e-02  2.41188444e-02
 -1.12022430e-01 -1.34937605e-02  8.08884203e-02 -7.16836229e-02
  6.11725226e-02 -3.75212617e-02  1.84206903e-01  4.20630015e-02
 -2.15771496e-01  7.89969638e-02 -4.34652232e-02 -4.78245225e-03
 -1.58014297e-01  4.71771508e-02 -4.40883487e-02 -1.54470667e-01
 -5.85213006e-02 -4.70736995e-02  1.74954712e-01  2.55008861e-02
 -3.91155146e-02 -3.71879600e-02  1.56742539e-02 -2.32160725e-02
 -8.58895928e-02 -1.83765795e-02  9.10586193e-02 -9.07740742e-02
 -1.55656440e-02  3.03329173e-02  8.55621323e-02 -1.08097591e-01
 -3.38348523e-02  1.52108327e-01 -9.43478793e-02 -5.94067574e-02
 -8.19315165e-02 -4.77806516e-02 -2.60327399e-01  6.30641952e-02
  3.26931588e-02 -3.16436477e-02  8.66124779e-02 -5.24002612e-02
 -1.77293476e-02  4.04590033e-02  3.51171643e-02 -5.45125008e-02
  1.31473899e-01  8.48049596e-02 -1.22354791e-01  8.20819568e-03
  3.25567052e-02  5.25229685e-02  4.37132716e-02  6.89804703e-02
  3.57545614e-02 -5.11600170e-04  2.25306958e-01  8.65279734e-02
 -4.90289256e-02 -9.68155488e-02  2.07546949e-01 -2.68182844e-01
 -2.94103734e-02 -2.05082037e-02 -1.32185712e-01 -6.27830997e-02
  1.23517640e-01  1.38375014e-01 -4.59353626e-02  2.28059627e-02
  4.93964627e-02 -8.26074858e-04  6.02665395e-02  1.82568699e-01
  2.85479948e-02  2.25850362e-02 -7.37328902e-02  1.17132075e-01
  2.07637236e-01 -1.23743117e-02  1.19192488e-02 -1.42333999e-01
  1.39786616e-01 -7.59307519e-02  9.73090306e-02 -2.59691924e-01
  1.46698788e-01  6.94854558e-02 -1.42558059e-02  7.33674988e-02
  6.67468831e-03  1.72299877e-01 -1.01407930e-01  2.24191081e-02
 -2.31876686e-01  6.80621415e-02 -3.35902087e-02  3.86402309e-02
 -1.12651875e-02 -2.42813993e-02  4.27432731e-03  1.24265887e-01
 -1.86718497e-02  1.64307207e-01 -9.66029838e-02  7.32833473e-03
  1.28933758e-01  8.49175453e-02  1.34176120e-01 -1.40392751e-01
 -5.92717119e-02  1.86248764e-01  1.01020373e-01 -1.26357540e-01
  7.87602365e-02 -2.63414085e-02 -3.74995060e-02 -9.46643576e-03
  4.03136872e-02 -6.36630207e-02 -8.79480094e-02 -8.83134305e-02
 -3.69907826e-01  1.70807441e-04  1.03921227e-01  8.82005226e-03
 -8.54189917e-02  6.98083192e-02  8.75714608e-03 -1.39454054e-02
  1.91248715e-01  2.01585546e-01 -4.24078144e-02 -1.25382677e-01
  1.57961659e-02 -2.30248764e-01 -1.45083308e-01  1.21786572e-01
  3.22971232e-02 -9.23688412e-02  2.21859198e-02  5.47895692e-02
  1.77216735e-02  1.85648873e-01  1.19807065e-01 -2.53020227e-01
  1.61490411e-01 -7.07667917e-02  2.43797183e-01 -6.13359585e-02
 -1.79954559e-01 -1.48416847e-01  5.98085709e-02 -1.56357616e-01
 -2.57297367e-01 -9.05758515e-03 -7.80813247e-02  2.39547685e-01
  1.85683176e-01 -3.87068614e-02  2.63376176e-01 -8.51138961e-03
 -2.00985298e-01 -9.37318653e-02 -1.03093833e-01  1.43656358e-01
 -2.32729629e-01 -3.93919796e-02 -6.58220276e-02 -3.18576791e-03
  3.03608298e-01  1.94779187e-02 -8.54175836e-02 -4.98078279e-02
  1.43205047e-01 -1.45357490e-01 -5.62715828e-02  2.73246597e-02
  2.12073520e-01 -1.80214997e-02  1.85205102e-01  2.72360951e-01
  1.29605934e-01 -1.36981815e-01  2.56093174e-01  3.32219541e-01
  1.55408293e-01 -2.18046501e-01 -5.57824522e-02  2.36262068e-01
  7.33679384e-02  1.28742069e-01 -1.70013204e-01  3.71176094e-01
 -4.01577860e-01 -1.51415467e-01 -2.69981056e-01 -1.53671652e-01
 -2.56502420e-01  3.18767093e-02  1.41403647e-02  1.35168880e-01
  3.95064175e-01 -3.33862230e-02  2.25323752e-01  6.35365173e-02
  1.78655088e-01 -4.79694083e-03 -5.75836822e-02  5.10735251e-02
  1.80996090e-01  9.54144746e-02  1.25153393e-01  5.08543588e-02
  9.41195264e-02  1.69959724e-01  6.71786740e-02 -2.45256126e-01
 -3.83658819e-02  7.67700970e-02  1.30442396e-01  4.43516225e-02
  6.19708635e-02  1.70792758e-01  1.12451436e-02 -2.31332600e-01
  1.48702055e-01 -2.07722679e-01 -1.31303281e-01  1.82192370e-01
 -1.96561236e-02 -3.28238867e-02  4.50573005e-02  1.33093715e-01
 -8.22591111e-02 -1.71309933e-01 -4.68136035e-02  4.98642214e-02
  1.53695345e-01  5.10521792e-02 -1.06712371e-01  2.24207211e-02
  3.94957662e-02  4.42946004e-03  1.14287458e-01  1.29582316e-01
  1.12129539e-01 -1.60332412e-01  1.31081611e-01  1.63112544e-02]