http://erau.edu/ontology/meme.owl#RealmoftheMadGodMeme
[-1.08788706e-01 -8.20044130e-02  5.95334284e-02 -1.45202884e-02
  3.95624712e-03  3.79532687e-02  1.06124632e-01 -9.44242813e-03
  2.82573514e-02 -1.12068303e-01  4.09239866e-02 -4.39663380e-02
  6.49318174e-02 -2.33453326e-02 -7.42786005e-03  1.87816434e-02
  1.89985111e-02  2.54487284e-02 -3.47695127e-02  8.23037699e-02
 -6.76137432e-02  5.99878207e-02  7.94321969e-02 -1.45774558e-01
  7.80381262e-02 -5.27776927e-02  1.41918715e-02 -6.19977228e-02
  2.01315120e-01  5.50414361e-02  4.74664792e-02  1.31809965e-01
  4.21596644e-03 -8.75236765e-02 -5.37197366e-02  2.22617269e-01
 -7.89025351e-02  9.29735377e-02  4.79600094e-02 -5.39330021e-02
 -5.48883602e-02  2.15533599e-01 -1.52029693e-01 -6.64840043e-02
  9.16073695e-02  2.74637658e-02  3.27825285e-02  3.35393660e-02
 -4.37698932e-03  1.77135728e-02  3.23154442e-02  3.45654339e-02
 -1.07897170e-01 -6.00325614e-02 -1.13087021e-01 -2.69687753e-02
  9.26236734e-02 -1.32948637e-01  1.11026540e-01  1.52365202e-02
 -1.96433533e-02 -5.45064434e-02  1.10771284e-01  6.47252277e-02
 -9.35581475e-02 -1.05482601e-01  4.46839184e-02 -7.34777600e-02
 -8.12984109e-02 -1.07111976e-01 -1.11376278e-01  1.40575022e-01
  1.30368680e-01  1.01098761e-01 -2.14915797e-02  1.72842100e-01
 -6.41005263e-02  1.34771273e-01  9.75990593e-02  8.74457359e-02
 -7.63237709e-03 -6.15468770e-02 -7.29060322e-02 -2.20522836e-01
  3.81152965e-02 -5.36606349e-02 -3.02499924e-02  9.58918184e-02
  7.40920156e-02 -4.72731143e-02 -4.33764458e-02 -1.77548230e-01
  1.72118425e-01 -1.08440317e-01 -3.15689966e-02  9.72965136e-02
 -1.87521689e-02 -1.69392005e-02 -6.07939847e-02 -4.59734797e-02
  5.64341731e-02  8.90017767e-03  2.94820249e-01 -1.12102091e-01
 -1.00455284e-02 -9.09674505e-04  1.85583398e-01  2.53599603e-02
  2.14583818e-02 -6.10623769e-02 -3.32567655e-02  7.13636801e-02
 -1.81532219e-01 -1.09100774e-01  7.55973011e-02  1.70742974e-01
 -2.71945745e-01 -1.57685190e-01  4.92537208e-02  1.12570524e-01
 -3.02314293e-02 -1.00620702e-01 -1.18059948e-01  1.04004234e-01
  9.71591473e-02 -9.37370136e-02  5.23515195e-02 -1.70097407e-02
  2.25027613e-02  4.19821441e-02 -1.47807166e-01 -2.77540721e-02
  1.99811179e-02 -4.93600555e-02 -9.51772854e-02  2.78350208e-02
 -6.87318519e-02  5.58570251e-02 -1.00287624e-01  8.63248929e-02
 -2.05911949e-01  4.93892431e-02  8.35659653e-02  1.14455186e-01
  7.56598115e-02 -1.67526320e-01  4.82734852e-02 -1.04718871e-01
 -4.58037928e-02  1.23564392e-01 -1.38041358e-02 -9.62378085e-02
  9.48782824e-03  3.08645004e-03 -7.84328133e-02  1.50448701e-03
 -1.55135736e-01  1.42622828e-01  6.60736933e-02 -6.38228133e-02
 -1.50556513e-03 -1.15539052e-01 -2.66302135e-02 -5.71323633e-02
 -1.60265118e-01 -1.40108213e-01  4.57508899e-02  1.09151877e-01
 -2.71473467e-01  6.92618713e-02  3.99685279e-02  1.42925560e-01
  1.56113833e-01  1.29866526e-01 -1.44910729e-02 -9.77051072e-03
 -8.66933465e-02 -6.61306232e-02  9.36717466e-02 -4.10084762e-02
 -5.06669022e-02  1.42098740e-01  5.22241257e-02 -8.00391659e-03
 -8.04871991e-02  2.07800698e-02  9.75697562e-02  1.58326905e-02
  1.67891338e-01 -2.57605854e-02  2.55142245e-02 -7.89720714e-02
 -1.98578000e-01 -3.43916385e-04 -2.41576545e-02 -1.46642514e-02
  3.08883581e-02  1.36224255e-01 -1.40267551e-01 -3.33654024e-02
  5.04367985e-02  9.14406125e-03  6.26609400e-02  3.24796326e-03
 -1.84909161e-02 -1.68963775e-01 -2.33912934e-02 -3.79051156e-02
  6.67486712e-02  6.23449534e-02  1.48076400e-01  1.35241272e-02
  3.76218818e-02 -1.32549498e-02  9.71945934e-03  2.72661541e-02
 -8.34877118e-02 -1.45241739e-02  7.27707669e-02  1.01197831e-01
  1.13448255e-01  1.52260244e-01 -6.85538277e-02  3.54459323e-02
 -1.07066818e-01  1.17432261e-02 -1.47938147e-01 -7.18433484e-02
 -1.79532554e-03 -1.38767725e-02  3.80228199e-02  4.92712371e-02
 -1.08797997e-01 -6.80945590e-02  1.79102756e-02  5.80861121e-02
 -1.17472202e-01 -2.35937070e-02 -1.36560537e-02  7.67740421e-03
 -3.69866975e-02 -5.63465878e-02  4.14441377e-02 -3.10500935e-02
 -1.55077562e-01 -2.16034073e-02 -1.48932025e-01 -7.55436420e-02
 -7.91089386e-02  5.43561801e-02 -9.15634166e-03 -3.23877223e-02
  1.07770041e-01  7.45015889e-02  1.84493035e-01 -4.75299321e-02
 -8.29939246e-02 -5.28615974e-02  6.52436689e-02 -4.23589684e-02
 -6.99097887e-02 -1.35404438e-01 -8.22751448e-02 -6.24183789e-02
 -5.97395077e-02 -2.22933784e-01  7.77978450e-02  7.58552402e-02
  9.80816931e-02 -8.99369866e-02 -1.11296708e-02 -8.60405341e-02
 -9.11329463e-02  7.75634870e-02  1.38195068e-01 -5.46475574e-02
  8.71641561e-02 -6.64151013e-02 -7.41366073e-02  3.72251496e-02
  8.07478428e-02  8.70823115e-02 -6.79747984e-02 -1.55209109e-01
 -1.34836569e-01  1.84856914e-02 -1.19845405e-01 -5.07800002e-03
  4.84258262e-03 -1.49892509e-01  4.85260822e-02 -1.78490251e-01
 -3.46719497e-03 -4.47105914e-02  2.24046223e-03  2.44807284e-02
  4.19298075e-02 -4.15003253e-03 -8.21910873e-02 -1.46463647e-01
 -1.55873179e-01  1.99193805e-02  6.98276982e-02  2.28418212e-04
 -7.44602308e-02 -6.77939281e-02  1.91381603e-01 -3.57583957e-03
 -6.21295124e-02  2.57605277e-02  2.04632908e-01 -2.17563123e-01
 -4.73557152e-02  5.91129921e-02 -6.19207062e-02  8.06737021e-02
 -2.73759980e-02 -2.86830273e-02  7.19913989e-02 -8.08910504e-02
  6.99248463e-02 -1.97000012e-01  1.92144528e-01  1.57453164e-01
 -7.32885441e-03 -1.77690294e-02 -1.84696108e-01  3.94214541e-02
  7.87323713e-02 -3.91867906e-02 -9.87764541e-03  1.80807374e-02
  1.80930663e-02 -6.29803315e-02  1.52872847e-02 -2.23117396e-01
  9.71818492e-02  3.69431973e-02  6.39861375e-02  6.37555867e-02
  1.22668007e-02  6.79868087e-02  1.83986593e-02 -6.79821614e-03
 -1.05457768e-01 -2.79194955e-02 -6.88241795e-02  1.28770096e-03
  2.82138269e-02 -8.04743543e-02  1.39797535e-02  4.68183346e-02
 -1.62814081e-01  1.29374504e-01 -1.61554903e-01  8.18924755e-02
  7.89948404e-02 -7.45784584e-03  9.87498835e-02 -4.52570580e-02
 -1.01549342e-01  7.60236084e-02 -7.44426483e-03 -3.01483739e-02
  5.29352464e-02 -4.98745404e-02 -3.73433977e-02  8.12223330e-02
  2.59177778e-02  2.63085850e-02  3.75793204e-02 -3.70933115e-02
 -1.81259274e-01  4.28039394e-02  4.01646271e-02 -2.84912065e-02
 -8.44032243e-02 -6.74176379e-04 -1.09393053e-01  1.01608476e-02
 -2.51810737e-02  1.46091804e-01 -3.28752287e-02 -6.59192204e-02
  9.12259817e-02 -1.14831410e-01 -1.08942255e-01  1.01642139e-01
 -8.13873559e-02 -7.25157484e-02  1.17023671e-02  1.12712674e-01
 -1.12598920e-02  1.99481651e-01 -7.14567751e-02 -1.53310582e-01
 -4.37054969e-02  8.10763054e-03  1.63998440e-01 -4.72806580e-02
 -3.96610983e-02 -1.01178072e-01  1.04834482e-01 -1.38408333e-01
 -1.12627976e-01  3.76443118e-02 -5.77889718e-02  2.05345690e-01
  8.81545544e-02  1.02110364e-01  8.68542194e-02 -8.64547417e-02
 -1.40952706e-01 -1.75821502e-02 -7.73378760e-02  2.62152199e-02
 -7.82812610e-02 -6.57644793e-02 -3.85419317e-02  7.13973418e-02
  8.12072977e-02 -1.25775253e-02 -1.34708941e-01  1.81277003e-02
  2.49563381e-02 -8.37891325e-02 -6.13692813e-02  6.98829517e-02
  6.54797629e-02 -4.65086401e-02  4.30309437e-02  1.91265151e-01
  5.41298604e-03 -9.26417783e-02  1.90659404e-01  2.00596318e-01
  1.04606248e-01 -1.24908857e-01  4.05608490e-02  1.12834804e-01
  1.21386059e-01  1.41281798e-01 -1.80145845e-01  2.91165382e-01
 -2.51613945e-01 -7.77634680e-02 -2.30749235e-01 -7.71319494e-02
 -1.25063747e-01  9.78927985e-02  8.46534446e-02  1.64359674e-01
  1.80070743e-01 -7.72695318e-02  2.13718057e-01  1.16578834e-02
  8.41559246e-02 -1.55786006e-03 -1.52237937e-02 -2.31992621e-02
  1.82132244e-01  8.17461014e-02  9.46651176e-02 -1.74407765e-01
  2.74640392e-03  1.58645794e-01 -1.11182304e-02 -1.66468948e-01
 -5.29960208e-02  2.17867568e-02  2.20721707e-01  2.36974638e-02
  2.27620348e-01  2.00860128e-01  6.21907786e-02 -1.42846152e-01
  1.85719728e-01 -1.62898734e-01 -5.73680103e-02  8.50511938e-02
 -1.81646030e-02  4.42112796e-02 -1.44784823e-01  3.02972227e-01
 -1.72937691e-01 -2.22635999e-01 -4.65426594e-02 -3.65885557e-03
  8.11483338e-02  7.94742852e-02 -5.27743772e-02 -1.32780699e-02
  5.35991555e-03  9.17191058e-02  6.95882514e-02  4.13410850e-02
 -1.22590084e-02 -7.26647675e-02  4.59120907e-02  3.41278911e-02]