http://erau.edu/ontology/meme.owl#BoatyMcBoatfaceMeme
[-2.33412743e-01 -2.42780760e-01  6.61469251e-02  1.20285295e-01
 -9.92758572e-03 -7.05467537e-02  2.01384440e-01 -3.48731223e-03
 -2.98960321e-02 -4.41626199e-02  1.91402406e-01 -1.55195460e-01
  1.14764959e-01 -1.30303577e-02 -2.70077772e-02 -3.33101377e-02
 -2.55306326e-02  1.00346781e-01  1.23942837e-01  1.23187222e-01
 -2.74031669e-01  1.00636326e-01  9.57961828e-02 -2.50774533e-01
  5.84066547e-02 -2.35650875e-03  7.86825549e-03 -2.06444517e-01
  4.32246089e-01  2.34119117e-01  2.37270985e-02  5.18293642e-02
  6.68974370e-02 -1.36390105e-01 -4.40242104e-02  2.13437349e-01
 -1.40668424e-02  8.16344991e-02 -3.10412385e-02 -1.48106068e-01
  7.24793375e-02  1.84159592e-01 -1.49317786e-01  3.10723819e-02
  1.29038170e-01  1.99639387e-02  1.86708048e-02 -3.32468860e-02
  1.16819799e-01  3.39669958e-02  3.92029844e-02 -5.14259795e-03
 -7.97498226e-02 -2.20748678e-01 -2.56220121e-02 -3.19904797e-02
  7.02195317e-02 -3.35362665e-02  1.99516520e-01  1.38428286e-01
 -2.33165585e-02 -1.18816793e-01  1.39789402e-01  1.76187605e-02
 -1.12854347e-01 -1.21625680e-02 -6.38314635e-02 -3.16973263e-03
 -1.09697200e-01 -2.45417580e-01 -2.37957165e-01  3.79847623e-02
  8.28891620e-02 -8.52170885e-02  3.70682292e-02 -6.24459004e-03
 -9.10771042e-02  3.86685170e-02  1.23779856e-01 -8.34784955e-02
 -1.28989264e-01 -5.47569431e-02 -5.26700690e-02 -2.59619355e-01
 -4.21249233e-02 -1.00341447e-01 -1.54898465e-01  9.17882398e-02
  1.34237960e-01  5.30643314e-02 -9.74447653e-02 -1.78975776e-01
  3.48754823e-02 -4.59025204e-02 -1.18823349e-01  3.92073803e-02
 -6.02594465e-02  5.38527444e-02 -7.53706619e-02 -4.87232618e-02
  4.90083620e-02  8.46639201e-02  3.40869963e-01 -7.47030824e-02
  2.11673211e-02 -8.86410289e-03  1.80481970e-01 -7.52471611e-02
 -8.03293586e-02 -1.26705423e-01  3.54532972e-02  1.42046169e-03
 -1.04551002e-01 -1.87241226e-01  1.49921283e-01  1.01652212e-01
 -3.89085710e-01 -2.06652418e-01  4.91565689e-02  1.15630813e-01
 -1.96787547e-02 -1.41043782e-01  5.84885776e-02  1.18866533e-01
 -1.95006803e-02 -6.39792979e-02 -7.64682842e-03 -5.59636056e-02
  4.04638834e-02 -1.52836191e-02 -1.84212878e-01  6.28058612e-02
  1.23748966e-01 -1.41082406e-01 -1.59187391e-01  1.32492781e-01
  7.19934255e-02 -1.00788206e-01 -1.06314778e-01  1.13790296e-01
 -2.40293980e-01 -2.56748330e-02  5.90224229e-02 -1.09315692e-02
  1.62050799e-01 -2.67213583e-01  4.37874645e-02 -3.15447189e-02
 -1.80456992e-02  1.20922036e-01  4.92272293e-03 -2.03974724e-01
  7.54323602e-02  1.47009254e-01 -4.95326929e-02  1.23469457e-01
 -1.92410201e-01  2.49487430e-01  6.53419867e-02  1.03335790e-02
  3.05287279e-02 -1.15781635e-01  4.14545275e-02  1.13565172e-03
 -2.44558826e-01 -1.89328387e-01 -1.92000598e-01  1.21796809e-01
 -2.90063798e-01  1.85793266e-01  5.56020848e-02  1.95197046e-01
  1.97286814e-01  1.51280418e-01 -9.32288319e-02  1.77308656e-02
 -3.43789384e-02 -9.00004059e-02  8.43661875e-02 -7.56448805e-02
 -2.43576560e-02  1.49189159e-01 -5.26396409e-02 -5.55662904e-03
  1.52142877e-02  6.22800216e-02  4.11716439e-02  1.50592905e-02
  2.45286360e-01 -7.10898638e-02  8.79254285e-03 -2.92038582e-02
 -2.26597518e-01 -5.22861741e-02  1.20140715e-02 -1.48127135e-02
  7.24401325e-02  1.76237568e-01 -1.27542717e-02  9.52592678e-03
  4.41387296e-02 -1.99542880e-01  8.58574454e-03 -1.62267789e-01
 -7.23513886e-02 -2.64166415e-01 -5.67474053e-04 -4.16079499e-02
  3.09205316e-02  1.49055853e-01  2.18801126e-01  2.07721218e-01
 -3.00804023e-02 -1.29672959e-01  2.15214029e-01  3.90490256e-02
 -1.69067174e-01 -5.49535826e-02  9.04334038e-02  4.20426540e-02
  1.95373282e-01  6.12889901e-02 -2.10570186e-01 -1.07418686e-01
  1.30343542e-01  1.25809506e-01 -2.11113766e-01 -4.50770743e-02
 -7.02479035e-02 -5.63309016e-03 -1.21686319e-02  5.15872473e-03
 -1.02035299e-01 -9.07066390e-02 -1.69559140e-02 -1.23538345e-01
 -1.52097223e-02 -1.24690600e-01  4.42976020e-02 -1.79833516e-01
 -9.21560731e-03 -7.07588159e-03  5.82612082e-02  6.40731631e-03
 -2.76264310e-01  3.50434333e-02 -2.93342546e-02 -8.34566057e-02
 -4.78186347e-02 -3.68394740e-02  1.25922225e-02  2.57148873e-03
  1.86315209e-01  3.83259766e-02  1.71684876e-01 -1.91735119e-01
 -1.01285085e-01 -9.91988648e-03  1.34186689e-02  1.45278826e-01
 -1.02551401e-01 -1.75789312e-01 -5.82256392e-02 -8.53506923e-02
  2.38726866e-02 -1.44876078e-01 -1.13502905e-01 -6.62236661e-02
 -3.50305662e-02 -5.80810793e-02  1.35587808e-02 -1.25095293e-01
 -7.14160129e-02  9.16112959e-02  2.02549919e-01  7.44433515e-03
  6.45720437e-02 -5.15096709e-02 -3.05299927e-02  2.07467061e-02
  1.04329683e-01 -9.79815982e-03  2.19840091e-02 -3.46012712e-02
 -1.44644871e-01  8.27736706e-02  2.70214211e-03  6.16707699e-03
 -1.55081379e-03 -1.40117273e-01  6.23894855e-04 -6.38705269e-02
 -8.65411572e-03 -6.74012154e-02  9.60072204e-02 -1.94532163e-02
  5.88079095e-02  4.82847393e-02 -2.14402139e-01 -1.41170740e-01
 -2.26018906e-01 -5.04991785e-03 -8.95295572e-03  1.06600218e-01
  1.28259184e-02 -3.19730863e-02  2.31803864e-01 -6.77717626e-02
  1.58377632e-03  9.17086080e-02  2.03149617e-01 -2.45806783e-01
 -3.34953256e-02  9.58059803e-02  5.87102212e-02  6.55832365e-02
 -1.50937894e-02  1.52133346e-01 -1.38234377e-01 -6.07984811e-02
  1.86898857e-01 -1.38101324e-01  1.31642312e-01  2.14325950e-01
 -3.86902653e-02 -7.60343671e-02 -1.30792230e-01 -1.28588174e-02
  1.28476083e-01 -7.51926750e-02 -6.12666877e-03 -1.19067185e-01
  1.39908329e-01 -6.20604828e-02 -9.43263024e-02 -2.44825497e-01
  7.17447549e-02  1.17661133e-01 -1.43807054e-01  5.75983822e-02
  3.12681384e-02  1.67970762e-01 -1.24427475e-01 -1.32151144e-02
 -1.76401794e-01  6.67523742e-02 -6.70301393e-02  1.67136297e-01
 -9.86317545e-02 -1.77468717e-01 -3.27552967e-02  4.52741273e-02
 -1.51000664e-01  2.73312181e-01 -1.09280385e-01  7.11829290e-02
  7.49964267e-02 -1.49694920e-01  2.12303177e-01 -1.26227119e-03
 -1.33684605e-01  1.28310308e-01  1.38908648e-03 -9.24370587e-02
  4.90692556e-02 -2.76664291e-02 -2.12110616e-02 -3.26379873e-02
 -1.59805212e-02  3.59434709e-02 -7.77911842e-02  5.81703782e-02
 -2.21618354e-01 -3.40905390e-03  1.27578288e-01 -6.56165630e-02
 -4.14301306e-02  6.28925441e-03  1.12609312e-01 -1.05455667e-01
  1.12371691e-01  1.02766626e-01 -4.02216539e-02 -8.40347707e-02
  1.15220569e-01 -1.29468858e-01 -1.53324872e-01  1.88859642e-01
 -7.22255111e-02 -2.22686127e-01 -1.02407284e-01  1.40179828e-01
 -9.43401828e-03  3.33473474e-01 -9.77172554e-02 -2.59254247e-01
  3.28122824e-02  2.28540361e-01  2.06834927e-01 -1.08261384e-01
 -3.76137011e-02 -1.04869202e-01  9.17516742e-03 -3.31509680e-01
 -2.00385734e-01 -1.84808969e-02  6.40272647e-02  5.26802838e-01
  7.82818943e-02  3.97747941e-03  8.35591778e-02 -2.54797846e-01
 -1.88065648e-01  3.96359973e-02 -8.63408297e-02  8.87561813e-02
 -3.30746435e-02 -1.29899636e-01  3.94004919e-02  1.72689185e-01
  1.47238329e-01 -1.70577259e-03 -1.62631750e-01  2.04503462e-02
 -5.38393296e-02 -9.43887979e-02 -9.96933952e-02  7.53118768e-02
  1.30340666e-01 -1.57087132e-01 -4.65296954e-02  2.24578515e-01
  6.59031868e-02 -5.37691675e-02  6.89157099e-02  1.19372532e-01
 -1.60630494e-02  1.13137579e-02 -2.29947921e-02  1.14415914e-01
  2.18823031e-01  7.94383660e-02 -6.27172664e-02  3.16434771e-01
 -1.82057738e-01 -1.35271415e-01 -2.30420947e-01 -1.30433410e-01
 -1.43359140e-01  9.54994932e-02  1.77349493e-01  1.02874011e-01
  1.56647917e-02 -4.68637757e-02  1.76165298e-01  1.18846826e-01
 -4.56372229e-03  7.77957290e-02  1.85044229e-01  8.72807286e-05
  1.62768647e-01  9.32764187e-02  8.40028822e-02 -1.73374221e-01
 -7.00553507e-02  1.19248651e-01 -1.01899616e-01 -1.23550043e-01
  1.97163448e-02 -2.77685351e-03  1.69745311e-01 -1.03536822e-01
  8.68291631e-02  2.03813851e-01  9.09193084e-02 -1.34349272e-01
  2.06069741e-02 -1.40095249e-01 -5.36572300e-02  1.14061505e-01
 -2.75272503e-02  5.61490133e-02 -1.13153316e-01  3.29911798e-01
 -1.23319045e-01 -2.26231053e-01 -1.34455517e-03  3.36912721e-02
  9.58520249e-02  3.18388036e-03 -4.80669849e-02 -3.37800682e-02
  1.77776724e-01  1.22329205e-01  7.88496360e-02  3.68651785e-02
 -7.16873705e-02 -5.29299825e-02  9.31364521e-02  1.60681754e-01]