http://erau.edu/ontology/meme.owl#IWishICouldTalktoPoniesMeme
[-1.08263694e-01 -1.62438244e-01  1.74586967e-01 -1.51005564e-02
 -4.81002852e-02  5.79274409e-02  1.65653273e-01  6.53707888e-03
  9.57471610e-04 -2.13673674e-02  1.51173264e-01  3.01024243e-02
  6.73531368e-03 -4.09196652e-02 -1.59752890e-01  2.07048729e-02
  1.54085875e-01  1.17628910e-01  9.52975228e-02 -3.47789228e-02
 -1.05931513e-01  1.47687513e-02  1.37133300e-01 -9.60302874e-02
  1.69154644e-01 -8.84043705e-03 -2.89045717e-03 -5.70178516e-02
  2.41784081e-01  2.53435344e-01  5.48694879e-02  1.28373429e-01
  8.46333429e-02 -4.33153473e-02  5.22157848e-02  1.75226316e-01
 -6.86565340e-02  6.66696206e-02 -4.68650088e-02 -1.12876572e-01
  1.88893396e-02  2.34952584e-01 -1.47623405e-01  3.66821662e-02
  1.15049824e-01  6.56608120e-03  5.02298437e-02 -2.31590890e-03
  1.78830810e-02 -8.92210007e-03  3.67575069e-03 -1.05140051e-02
 -1.56723373e-02 -1.83084488e-01 -1.35815784e-01  3.86587679e-02
  1.53440654e-01 -8.90073031e-02  2.58148998e-01  2.58005023e-01
 -1.34180307e-01 -1.00513712e-01  2.14166015e-01  1.24355853e-01
 -3.13293546e-01 -1.43559128e-01  8.57133120e-02 -1.10339187e-03
 -1.01762943e-01 -2.06261426e-01 -6.35702088e-02 -1.28249489e-02
  1.63561389e-01  4.40042727e-02  1.12834640e-01 -1.37691852e-02
 -2.31566131e-01 -1.57889035e-02  1.95486039e-01  1.36234149e-01
 -9.64418203e-02 -1.29874602e-01 -5.17033264e-02 -2.14470878e-01
  2.29302704e-01 -2.70754118e-02 -4.87335064e-02  7.86606595e-02
  1.06178187e-01  8.77740756e-02 -3.86923254e-02 -2.21946567e-01
  1.68232143e-01 -6.15139008e-02 -2.61808574e-01  1.25633702e-01
  7.00995922e-02 -7.59714749e-04 -1.37761636e-02 -1.16998009e-01
  1.49917558e-01  9.69907641e-02  2.75410950e-01 -1.00639716e-01
  1.10772196e-02  8.71475711e-02  2.17599198e-01 -1.32151261e-01
 -1.27838269e-01 -3.99970189e-02 -7.15912879e-02 -3.32255438e-02
 -1.81739733e-01 -1.17390998e-01  8.72634724e-02 -3.77023220e-02
 -3.35492253e-01 -2.37105593e-01 -4.74206230e-04  4.67278808e-02
  2.16050586e-03 -3.97951789e-02 -3.19088809e-02  1.17003128e-01
  1.83728755e-01 -1.10466868e-01 -1.09734058e-01 -5.29270619e-02
  1.26564115e-01 -5.51301576e-02 -2.82761574e-01 -4.20384072e-02
 -3.29562239e-02 -8.26101974e-02 -1.67994723e-01  9.29113925e-02
 -1.95136741e-02 -5.26915444e-03 -2.00883523e-01 -1.81613828e-03
 -3.95779401e-01  2.50222553e-02  9.51502174e-02  3.24897431e-02
  2.95156628e-01 -2.08805099e-01  1.85637008e-02 -1.26203746e-01
 -7.61626139e-02  2.00981393e-01  6.18878119e-02 -1.70988798e-01
 -6.84013367e-02  4.02867869e-02  2.67144619e-03  7.50414878e-02
 -2.52088040e-01  1.07242130e-01  1.17783062e-01 -1.19913489e-01
  1.08523555e-01 -5.89587688e-02  8.46717060e-02  6.66510090e-02
 -2.56117553e-01 -1.62416279e-01 -6.86186627e-02  2.35251680e-01
 -3.72379303e-01  1.91291168e-01  1.28901124e-01  2.37502262e-01
  2.30610996e-01  1.58490926e-01 -4.31126691e-02 -3.36331129e-02
 -7.81095475e-02  9.37586650e-03  1.83297604e-01  9.01058782e-03
 -1.20172396e-01  1.44021228e-01  1.41059041e-01 -3.79159711e-02
 -9.35963690e-02  5.48713617e-02  9.36034992e-02  4.39863689e-02
  2.39168152e-01  7.57829146e-03  7.33189061e-02 -4.29102927e-02
 -2.67564476e-01 -8.19509476e-02 -8.13958794e-03 -7.39831254e-02
 -3.13638896e-02  2.57789880e-01 -2.82872878e-02  8.22629780e-02
 -4.56431918e-02 -3.81647386e-02  1.29398137e-01 -1.01131156e-01
 -5.50325811e-02 -1.54999912e-01  1.74719933e-02 -2.07504958e-01
  1.67299747e-01  1.50979474e-01  2.23614588e-01  1.44583479e-01
 -1.00612693e-01 -9.54980329e-02  7.94060454e-02 -6.64199665e-02
 -1.69608772e-01 -1.40114054e-01  9.24769938e-02  1.69272706e-01
  2.22689554e-01  2.11730838e-01 -2.28096157e-01  5.94699942e-02
 -1.10861836e-02 -3.17771104e-03 -2.99972177e-01  1.18377216e-01
 -1.05939686e-01 -2.80383583e-02  6.51533455e-02  4.26726900e-02
 -1.03488199e-01 -2.23772049e-01 -7.49988481e-02 -2.33008508e-02
 -1.08107947e-01 -6.94565400e-02 -9.51045826e-02 -1.46482378e-01
  3.78842652e-02 -3.30885436e-04  5.71312569e-02  2.84748580e-02
 -3.16199273e-01 -5.56947850e-03 -1.46700054e-01 -1.38403505e-01
 -1.45811930e-01  1.02621347e-01  1.60130456e-01 -1.11559080e-02
  2.05609739e-01  9.25531553e-04  1.74688026e-01 -9.13336724e-02
 -7.09674656e-02 -5.84568977e-02 -1.21921577e-01  2.16617942e-01
 -1.92271277e-01 -1.10897589e-02  2.94478945e-02 -1.60335839e-01
 -8.63637030e-02 -5.42765856e-02 -2.50726342e-02 -5.62723354e-02
  1.30648792e-01 -1.36725798e-01 -8.96584094e-02 -1.55753866e-01
 -8.07483867e-02  1.59330778e-02 -9.97932535e-03 -5.12765441e-03
  1.00169191e-02 -2.07426958e-03  8.82767886e-02  1.60939284e-02
  1.40828639e-01  1.41028553e-01 -5.45058772e-02 -1.28293619e-01
 -1.69905543e-01  1.04162164e-01 -1.15718402e-01 -8.11159387e-02
 -9.06594843e-03  1.13055572e-01  1.68160394e-01 -1.51454657e-01
  2.00671162e-02 -1.46999985e-01  8.03047605e-03 -4.30030823e-02
  1.40588060e-01 -1.21863954e-01 -2.86664665e-01 -1.28851116e-01
 -1.86353549e-01  2.12292653e-02 -5.37645705e-02  7.54372329e-02
  3.35957706e-02  2.39243042e-02  2.03961521e-01 -9.57487300e-02
  5.89250512e-02  9.35182199e-02  2.35420555e-01 -1.36468872e-01
  2.10123248e-02  9.75956246e-02  8.23439211e-02 -1.87671706e-02
 -6.56369925e-02  9.36997384e-02  1.10402972e-01 -8.54734331e-02
  8.10691342e-02 -5.83897084e-02  2.90631741e-01  9.89929587e-02
 -6.96587712e-02 -5.13910055e-02 -1.15194514e-01 -1.05934637e-02
  1.11662023e-01 -7.21656233e-02  1.56060204e-01  2.87868790e-02
  5.13313003e-02 -1.04892716e-01 -7.04064667e-02 -2.86028057e-01
  8.09466839e-02  1.55054644e-01 -9.34723020e-02  1.05477594e-01
  8.83518346e-03  1.32602751e-01  1.94171090e-02  6.19472750e-02
 -2.32661545e-01 -4.15947214e-02 -1.29020095e-01  2.47534350e-01
 -1.67907715e-01 -1.27225012e-01 -7.03836679e-02 -1.54962996e-02
 -1.04337312e-01  1.96017683e-01 -1.52677894e-01  1.32165909e-01
 -4.69738059e-02 -7.17163160e-02  4.23731953e-01 -7.79901370e-02
 -8.49125683e-02  1.40814185e-01 -3.39728668e-02  1.84013858e-03
 -1.56883255e-01 -5.80984075e-03 -9.95495096e-02  4.74116169e-02
 -8.75821561e-02  2.03757025e-02 -1.04881473e-01  1.50179431e-01
 -2.99899578e-01  7.79975653e-02 -2.44719349e-02 -1.22834168e-01
  3.56005318e-02  3.98428962e-02 -7.35457912e-02 -1.00233346e-01
  1.48264393e-01  1.60830110e-01 -1.45347118e-01 -6.00458011e-02
  7.30163977e-02 -1.14970684e-01 -6.98128715e-02  2.07759634e-01
 -8.56871437e-03 -1.26551360e-01 -1.29370064e-01  1.36357263e-01
 -5.18268980e-02  1.89300865e-01 -1.12633467e-01 -3.59052420e-01
  1.23107426e-01  9.01555941e-02  2.29969636e-01 -1.23978697e-01
 -6.14026338e-02 -4.57176268e-02 -1.27803966e-01 -1.56240404e-01
  2.90319733e-02  3.15277465e-02  1.47464694e-02  1.32500872e-01
  1.26043752e-01 -7.31544429e-03  2.08902583e-01 -2.55040258e-01
 -2.68542290e-01 -1.22389719e-01 -1.60879306e-02  2.43605405e-01
 -1.31536648e-01 -3.58245857e-02 -2.39235442e-02  4.58582193e-02
  7.99077526e-02 -1.53421415e-02 -2.37848818e-01 -3.40879634e-02
 -6.21896014e-02 -2.03385234e-01  2.10738555e-02  7.98150823e-02
  1.15830190e-01  5.04335808e-03  1.07963711e-01  2.40124911e-01
  5.89918122e-02 -1.36312321e-01  1.49545416e-01  1.22862607e-01
  1.07224323e-02  1.05565086e-01 -2.92535704e-02  4.34237309e-02
  1.93704098e-01  1.19272009e-01  3.13549116e-02  3.86359751e-01
 -1.89309970e-01  8.47893730e-02 -1.12730570e-01 -2.42194399e-01
 -4.39049713e-02  1.67377725e-01  1.09310456e-01  1.12982541e-01
  8.59684274e-02  3.65312546e-02  2.37317666e-01  2.23885290e-02
 -4.79953643e-03 -6.58914968e-02  2.23663345e-01 -6.28087223e-02
  1.35669053e-01  1.73117816e-01  1.25326127e-01 -9.46544670e-03
 -1.14945464e-01  9.04568285e-02 -5.10156192e-02 -1.17069192e-01
 -4.72120531e-02  6.88643605e-02 -5.83137348e-02 -1.52627453e-01
  1.95458353e-01 -4.09423076e-02 -7.89439157e-02 -1.57240093e-01
  8.83463398e-03 -1.03756763e-01  2.51098033e-02  1.11020528e-01
 -9.96785611e-02 -2.10009366e-02 -1.48322776e-01  3.21984291e-01
 -2.14274913e-01 -2.76085734e-01 -4.21962142e-02 -7.17869326e-02
  9.94631946e-02  1.69111863e-01 -6.10686876e-02 -2.46875472e-02
  1.57217711e-01  9.84464362e-02 -2.57998370e-02  1.18227683e-01
  6.92711696e-02 -3.42616290e-02  1.21446721e-01  1.65061370e-01]