http://erau.edu/ontology/meme.owl#GlennBeckMeme
[ 8.19291845e-02 -1.67530864e-01 -5.71892671e-02  9.16208401e-02
  3.03753186e-02  1.28079936e-01  7.43944496e-02 -2.67635584e-01
  4.84414026e-02  1.13325687e-02  7.50516802e-02 -1.12797476e-01
 -1.59378812e-01  6.26725107e-02  7.62463436e-02 -1.27645522e-01
 -2.14761514e-02  8.83982033e-02 -1.81058630e-01  1.17186077e-01
 -2.03156099e-01  1.74349800e-01  1.51004776e-01 -1.39983237e-01
 -2.35257111e-02 -9.44232568e-02 -4.86908555e-02 -1.39101580e-01
  3.28111589e-01  6.17501587e-02  4.30058967e-03  1.13810353e-01
 -2.93317977e-02  9.76984203e-02 -2.00182110e-01  2.32022658e-01
 -3.48289497e-02 -1.26582444e-01 -1.62551537e-01  2.88783908e-02
 -2.20822897e-02  4.98385727e-03 -3.70208561e-01  5.27988747e-02
  2.15748623e-02 -6.67549148e-02  1.67566851e-01 -2.04095781e-01
  1.07186712e-01 -6.24650232e-02 -1.97942946e-02  7.35074803e-02
 -1.73144117e-02 -1.94578260e-01 -6.01384975e-02 -4.56696637e-02
  1.09582290e-01 -1.08420141e-01  2.01068353e-02 -5.07712178e-03
 -1.57907642e-02  5.90930767e-02  1.11797638e-01  3.04687731e-02
 -9.45534706e-02 -1.27311066e-01 -2.40043730e-01 -1.92164164e-02
 -8.81116744e-03  1.65776778e-02 -1.98085636e-01 -1.49017582e-02
  2.94268169e-02  2.24680454e-01  1.31154596e-03 -4.29375656e-02
  8.32920745e-02 -1.51241928e-01  1.58627540e-01 -3.02761346e-02
 -1.02405898e-01 -6.82024136e-02 -6.26972541e-02 -8.51278156e-02
 -8.63494575e-02  5.11412360e-02 -1.13177352e-01 -6.81481212e-02
  2.67311595e-02 -7.55047500e-02 -9.36026424e-02 -1.82925805e-01
 -5.39836008e-03  9.92750376e-02 -2.69616675e-02  1.65972993e-01
 -7.73849040e-02 -9.54230130e-02 -5.20597808e-02  2.00675707e-03
  6.90064728e-02 -1.07784420e-02  2.69452780e-01  3.97700444e-02
  1.38088569e-01  1.27936497e-01 -4.46740128e-02  5.77199794e-02
  7.25020617e-02 -9.70160589e-02 -5.32803498e-02  2.00034514e-01
  9.92278606e-02 -8.64338577e-02  2.88336933e-01 -6.94896728e-02
 -1.32144138e-01 -5.87054789e-02  1.17756844e-01  2.50365846e-02
 -1.75648868e-01 -3.84763740e-02 -1.74147159e-01 -1.36988778e-02
  2.27005277e-02  1.44816950e-01  8.14518984e-03  8.24495926e-02
  1.37202889e-01 -2.10822299e-02 -1.74194530e-01 -1.28250211e-01
 -1.54084846e-01 -7.70151094e-02 -4.72235791e-02  1.60464928e-01
  3.45054711e-03  4.20712382e-02 -1.24172181e-01  5.37059130e-03
 -1.62918016e-01  1.60411805e-01  1.66955397e-01  1.66321874e-01
  7.86378887e-03 -7.35168606e-02 -4.19914722e-03 -8.38109180e-02
 -8.01447500e-03  1.39577225e-01 -1.21304758e-01 -2.16841504e-01
  3.14925909e-02 -8.18481743e-02  5.41414320e-02  1.24519303e-01
 -1.89805508e-01  2.86409169e-01 -2.76845507e-02 -2.56759644e-01
  1.00181587e-01 -1.17684528e-01 -1.98007107e-01  6.11762777e-02
 -2.67458975e-01  5.09082004e-02 -1.54792890e-02  4.40016836e-01
 -2.12012202e-01  5.47603443e-02  1.37252901e-02 -6.12643473e-02
  3.57193947e-02  2.11039116e-03 -1.52239263e-01  5.53489476e-03
 -9.65893362e-03  7.42210746e-02  1.46677524e-01 -8.45930278e-02
 -1.38269931e-01  3.39551382e-02 -1.01625510e-01  1.37925651e-02
 -7.93365907e-05 -2.32981462e-02  1.21002428e-01  1.72962889e-01
  3.41637880e-02  6.19176403e-02  1.07234575e-01 -6.97725043e-02
 -1.06272958e-01 -1.06223457e-01 -7.95917884e-02  2.42150412e-03
 -8.77610780e-03  1.17035575e-01 -3.30629237e-02 -2.08969310e-01
  3.66923660e-02 -9.92411524e-02  8.42178762e-02 -1.35440499e-01
 -1.25111416e-01 -2.55568713e-01  9.95494127e-02 -2.34651882e-02
 -1.58684880e-01  8.09195489e-02  1.99059218e-01  1.53419614e-01
  7.46399611e-02  1.59998611e-01 -6.41840845e-02  7.01130405e-02
 -3.12792175e-02 -5.11174016e-02  1.73734963e-01 -1.05128087e-01
  1.40127048e-01  7.73285851e-02  3.23157087e-02  7.19492808e-02
  7.45013878e-02 -5.97387515e-02 -7.84234777e-02 -8.43862258e-03
 -2.80617952e-01  7.96104074e-02 -4.61507440e-02  7.41239414e-02
 -5.55466302e-02 -1.52813792e-01 -7.12968260e-02  3.28922085e-02
 -8.96639526e-02 -1.84500620e-01  1.17079794e-01 -7.74887623e-03
 -3.90375555e-02 -8.82081166e-02  7.32354745e-02  9.15803388e-02
 -3.68671924e-01 -1.13776021e-01 -3.11636686e-01  9.27322432e-02
 -7.27642179e-02  1.05731331e-01 -3.59283760e-02  2.54518762e-02
  8.50056782e-02  2.50633862e-02  3.59626979e-01 -4.22661416e-02
 -1.68283910e-01  6.52710721e-02 -6.57209605e-02  9.61571336e-02
 -9.28843692e-02 -1.55654192e-01 -2.28036091e-01 -2.29472309e-01
 -3.73028517e-02 -2.29154438e-01 -1.66009227e-03  4.83673327e-02
 -5.36744948e-03 -1.42184913e-01 -1.66805670e-01 -3.69077697e-02
  3.16230841e-02 -5.27247563e-02  7.97044411e-02 -1.49974883e-01
  1.23113930e-01  6.77205697e-02 -5.45698032e-02 -9.54055190e-02
  1.90746978e-01 -3.13008614e-02 -1.47097453e-01 -1.65523887e-01
 -2.39948988e-01  9.77746472e-02 -1.76907927e-01  2.11226605e-02
 -7.90896788e-02 -1.28039747e-01  2.66212528e-03  9.87937395e-03
  8.15405175e-02  2.00419743e-02  2.65367534e-02  3.75741720e-02
  2.29816630e-01 -7.78270438e-02 -2.19459683e-01 -2.84856081e-01
 -1.44292489e-01  1.12682223e-01  1.66302398e-02  7.54254684e-02
 -1.17864214e-01 -3.36371958e-02 -4.68839332e-02 -7.04347342e-02
 -1.03397161e-01 -1.07536696e-01  1.85387090e-01 -1.63311049e-01
 -1.14268944e-01 -1.16779245e-01 -1.54502362e-01  5.85101210e-02
 -1.42179513e-02 -2.01508459e-02 -1.09061830e-01 -6.22120276e-02
  5.30019067e-02 -1.95610762e-01  1.53474897e-01  1.67609707e-01
 -1.20042637e-01  8.13008100e-02 -4.55743186e-02 -8.63891542e-02
  2.86397785e-01  1.50360420e-01  1.44277081e-01  2.82756030e-03
  3.40437368e-02 -1.67364672e-01  1.42575249e-01 -1.39549002e-01
  1.69038564e-01  5.29997908e-02  1.18719473e-01 -3.32497321e-02
 -1.98663920e-02 -1.27952531e-01 -1.50744215e-01 -1.47131413e-01
 -5.04490398e-02 -1.63130015e-01  1.72766875e-02  7.75633380e-02
  2.82332659e-01 -2.94405669e-01 -9.41156447e-02  2.70776935e-02
 -1.13331214e-01  2.00048313e-01 -6.71780184e-02  1.44977748e-01
  1.61024392e-01  1.29653454e-01  2.13687345e-01 -1.10783033e-01
  4.49615195e-02  2.54808038e-01 -5.74099794e-02 -6.01250231e-02
  1.44366160e-01 -1.43489718e-01 -3.06630805e-02  3.43494676e-02
 -5.97227423e-04  6.24383688e-02  1.07082784e-01 -2.27460936e-01
 -3.14420074e-01  5.35126179e-02 -3.03444732e-02  9.26531255e-02
 -1.52740255e-01  6.49181008e-02 -1.76110685e-01 -8.89512822e-02
  1.22481823e-01  3.10228765e-01 -2.27979228e-01 -1.29148632e-01
  2.14430556e-01 -1.88256621e-01 -2.35891670e-01  1.17055669e-01
 -1.78935900e-01 -3.34187269e-01 -5.49573544e-03  1.06092609e-01
 -7.42215961e-02  4.01451439e-01 -9.54955146e-02 -2.16857344e-01
  1.47550359e-01  1.17805257e-01  5.75504601e-01 -1.53231397e-01
 -7.27795064e-02 -2.04232976e-01  1.00500382e-01 -3.91912371e-01
 -7.50181824e-02  1.58438042e-01  1.11655213e-01  5.81620216e-01
  1.32344380e-01  1.07285995e-02  3.39545459e-01 -1.81254953e-01
 -7.37730833e-03 -8.76958668e-02 -1.29285082e-01  1.14836022e-01
 -2.68838972e-01 -2.19426155e-01 -5.14408723e-02  9.02457237e-02
  2.11940929e-02 -1.19520044e-02 -3.25582474e-01 -1.25963703e-01
 -5.58619350e-02 -2.94789344e-01 -1.17492281e-01  7.37245828e-02
  1.69613406e-01  1.51511477e-02  2.55520999e-01  3.78091931e-01
  5.98618947e-02 -1.75348148e-01  1.44499436e-01  2.90589780e-01
 -1.10059790e-01 -2.12896973e-01  1.96830910e-02  2.24795192e-01
 -1.23165203e-02  8.89943764e-02 -9.86377895e-02  2.86800802e-01
 -2.57418662e-01 -1.36210814e-01 -2.26317927e-01 -1.36218488e-01
 -1.07931107e-01 -4.64002304e-02  7.00893551e-02  6.81954622e-02
  1.56956613e-01 -3.98362894e-03  2.03845665e-01  4.93028201e-02
  1.27983049e-01  2.54433930e-01  2.04390436e-02 -2.26638705e-01
  1.43891081e-01  7.17852414e-02  1.83405071e-01 -6.50353357e-02
  5.89254759e-02  1.37909830e-01  8.12984537e-03 -1.54305130e-01
 -4.15380746e-02  9.00386199e-02  1.74205601e-01  2.40764916e-01
  7.46002048e-02  2.88445391e-02  1.37621015e-01 -1.60810575e-01
  1.60285443e-01 -1.41268253e-01  1.74388010e-02  1.04641177e-01
  1.39079586e-01 -6.78102523e-02  4.01268937e-02  8.23725536e-02
 -1.26528665e-01 -1.20703459e-01 -7.74958581e-02 -8.60700980e-02
  2.12545529e-01 -2.65904441e-02 -2.75219053e-01 -9.76477563e-02
 -2.00662136e-01 -1.62901983e-01  1.52447596e-01 -1.43756002e-01
 -2.48777121e-02 -1.61211222e-01  1.52668148e-01  8.80557150e-02]