http://erau.edu/ontology/meme.owl#BibleThumpMeme
[-2.73755491e-01 -1.90208733e-01 -9.88732055e-02 -3.52200344e-02
  7.33847590e-03  9.04914662e-02  2.29878783e-01  1.69853583e-01
  9.67468098e-02 -3.12495753e-02  1.90061986e-01 -1.49905786e-01
 -6.90691397e-02 -1.01706177e-01 -1.25451073e-01  5.26569202e-04
  2.04639480e-01  8.35907459e-02  1.10318787e-01  6.88064843e-02
 -3.59298229e-01  2.77395342e-02  1.40769213e-01 -1.85270384e-01
  1.68021902e-01 -1.20914437e-01 -3.48503981e-03 -2.31891930e-01
  3.21925789e-01  2.59344608e-01  1.60792340e-02 -5.71099818e-02
 -4.36252505e-02 -1.17962293e-01 -4.20062020e-02  2.75908768e-01
  8.94752666e-02  1.82953387e-01 -8.57213959e-02 -2.27169529e-01
  1.55557021e-01  2.45301932e-01 -2.38774031e-01  7.01201633e-02
  1.11563444e-01  9.03191417e-02 -1.75670952e-01 -9.20343101e-02
  6.20420389e-02  1.23365402e-01 -1.19771459e-04 -5.24468087e-02
 -4.55213226e-02 -2.58291483e-01 -1.34590909e-01 -4.52771336e-02
  1.21567376e-01 -3.81414704e-02  2.86505282e-01  1.48703724e-01
 -5.47913499e-02 -3.63651663e-02  1.41887248e-01  1.02839746e-01
 -5.58945090e-02  5.64652942e-02  6.47158101e-02  1.94281917e-02
 -1.41600341e-01 -2.05265373e-01 -1.83824465e-01  7.92486295e-02
  1.74007699e-01 -1.40904626e-02  3.60555872e-02  1.34813592e-01
 -1.24829501e-01  2.99655665e-02  9.01163071e-02 -4.79193404e-03
 -6.58422410e-02 -5.97015694e-02 -8.56585950e-02 -2.79485047e-01
  1.01854675e-01 -2.33510435e-01 -1.00813448e-01  5.50793437e-03
  1.44636542e-01 -2.65988633e-02 -6.13229647e-02 -2.01696306e-01
  1.28709599e-01 -9.74829495e-02 -5.09435460e-02  1.16365887e-01
 -1.00287430e-01 -2.24028453e-01 -9.71697420e-02 -8.22510868e-02
  1.14128761e-01 -1.10532895e-01  2.58119553e-01 -2.22143695e-01
 -4.33940962e-02  8.47566407e-03  1.30406171e-01 -2.32056230e-02
  1.05121933e-01  2.60297842e-02  8.76229480e-02 -5.52003123e-02
 -6.79463446e-02 -2.46822447e-01  2.14970708e-01  6.42846078e-02
 -4.12679434e-01 -2.36023620e-01 -2.92594321e-02  1.50548220e-01
  6.51587208e-04  3.35209928e-02 -1.60257164e-02  6.14342429e-02
  6.98429272e-02 -1.11255348e-01  5.70305474e-02 -5.74757718e-02
 -7.99575001e-02  6.09347261e-02 -1.31879866e-01 -1.39478832e-01
  1.16040707e-01 -5.55920415e-02 -1.73998922e-01  1.88961610e-01
 -7.19086304e-02 -6.15143888e-02 -3.32406014e-01  4.08900566e-02
 -4.02813464e-01  7.42691904e-02  8.19484070e-02 -5.89737557e-02
  2.61955172e-01 -2.06882879e-01  6.81489706e-02 -1.11393675e-01
 -1.85740516e-01  1.66849747e-01 -1.01870939e-01 -1.89211428e-01
  5.25643192e-02  1.02577448e-01  1.39591575e-01  1.90356985e-01
 -2.39085764e-01  2.03629300e-01  4.64853309e-02 -2.65072137e-01
  9.38559473e-02 -1.28416792e-01  1.44452602e-01 -5.10636494e-02
 -2.03023180e-01 -2.55237460e-01 -1.28871381e-01  1.62219435e-01
 -3.25513452e-01  7.03950152e-02  1.18240796e-01  2.88928002e-01
  1.35603637e-01  1.56396106e-01 -6.20251633e-02 -2.20138952e-02
 -8.31364840e-02 -1.31680936e-01  2.27336586e-02  3.71413529e-02
 -6.00015000e-02  2.35405639e-01 -7.27217793e-02  9.89348590e-02
 -2.54156869e-02 -8.10790434e-02  3.22440863e-02  9.06293169e-02
  2.31395438e-01 -4.82734591e-02  9.12427455e-02 -2.53997166e-02
 -2.74341971e-01 -2.06264675e-01  1.07682146e-01  9.10769105e-02
  2.93474481e-03 -4.14130166e-02  2.98356302e-02  2.67453827e-02
 -1.54509425e-01  9.50486213e-03 -1.36942372e-01 -3.78883183e-02
 -4.01884951e-02 -1.23394035e-01 -7.21842200e-02 -5.14812469e-02
 -1.71341375e-01  8.10306743e-02  1.25336319e-01  1.05424702e-01
 -2.80630905e-02 -1.38041958e-01  1.49164528e-01  6.80312365e-02
 -1.43018126e-01 -1.37068793e-01  2.06368104e-01 -4.75166179e-03
  5.68079613e-02 -1.03650764e-01 -1.96543798e-01 -1.73043068e-02
  9.50570032e-02  1.43238217e-01 -1.76359311e-01  5.47489300e-02
 -8.09310302e-02 -2.71333046e-02  8.44328180e-02  6.02478907e-02
 -1.02991134e-01 -1.85129508e-01 -1.72990025e-03 -2.46579628e-02
 -1.85108986e-02 -8.63374397e-02  1.58355162e-01 -2.57256720e-02
  5.92736714e-02 -3.62391816e-03 -3.49415764e-02 -8.98515806e-02
 -2.25170329e-01 -9.24108699e-02 -1.56651556e-01  3.86137478e-02
 -3.00085973e-02 -3.51879299e-02  3.17899734e-02 -1.78114176e-02
  2.58159816e-01  2.44238079e-01  8.21489170e-02 -7.63596520e-02
 -1.86946884e-01 -7.86546394e-02  7.58684725e-02 -5.11202365e-02
 -1.73475221e-01 -1.64795518e-01  2.70459633e-02 -1.77056432e-01
  5.20249084e-02 -1.71219647e-01 -2.65797377e-01 -3.15479860e-02
  9.85282566e-03 -8.51957202e-02 -3.55078131e-02 -2.09628828e-02
 -7.57251903e-02  9.43805873e-02  1.82577327e-01 -2.19933875e-02
 -4.95336764e-02 -1.98873028e-01 -5.09712957e-02  4.59298529e-02
  1.33382529e-01  1.34621724e-01 -8.21601078e-02  8.16167146e-03
 -2.82718867e-01  4.09758985e-02  1.37913585e-01  1.22750975e-01
  4.85354438e-02 -3.34994085e-02  7.68307596e-02 -1.68796733e-01
  4.82252575e-02 -4.79587242e-02 -1.06937634e-02  3.73491086e-02
 -9.16811749e-02 -2.21428666e-02 -9.97988880e-02 -2.68318411e-02
 -3.27883840e-01  2.25257650e-02 -7.81241581e-02  2.11989358e-01
 -3.50931361e-02 -6.25741854e-02  1.88957930e-01  4.27921787e-02
 -7.15941787e-02  1.33176044e-01  2.21683368e-01 -2.06112117e-01
  2.40000207e-02  1.75578311e-01  1.77138194e-01  2.39940900e-02
  2.11371668e-03  6.59612715e-02  2.36750275e-04 -2.20069420e-02
  7.75376558e-02 -1.30954117e-01  2.51739383e-01  1.51339233e-01
 -2.72027291e-02  1.33488223e-01 -9.13473964e-02 -9.09587592e-02
  8.38152692e-02  1.24925256e-01 -2.92742960e-02 -3.47211361e-02
 -2.56087985e-02  4.97269351e-03 -2.45110005e-01 -1.50003627e-01
  9.49013829e-02  5.73735051e-02 -2.42669463e-01 -3.45536917e-02
  1.12453941e-02  1.51218370e-01 -1.97685957e-01 -7.78183267e-02
 -1.17249317e-01  5.42528778e-02  3.61002237e-02  2.21127525e-01
 -4.37526889e-02 -5.71225099e-02 -3.72880092e-03  1.02092050e-01
 -3.54558490e-02  1.34754419e-01 -2.62947977e-01  1.23150401e-01
 -1.27218040e-02 -1.82021111e-01  1.41917601e-01 -1.52196780e-01
 -2.30587661e-01  1.65613413e-01 -7.66440555e-02  1.21591203e-01
 -2.06534173e-02  1.38207883e-01 -6.27760813e-02 -6.41722754e-02
 -1.09220482e-01 -4.80262488e-02  1.05956808e-01 -3.60519588e-02
 -2.19683662e-01  1.03884742e-01 -4.29238044e-02 -1.51056752e-01
 -2.26687044e-01  2.79456563e-02 -7.44715659e-03 -2.08711084e-02
  2.27856904e-01  1.62251279e-01 -8.00401419e-02  4.78790849e-02
  1.10962093e-01 -1.42686486e-01 -1.05283059e-01  3.12824726e-01
 -1.84880067e-02 -2.41495639e-01  1.31922886e-02  2.64538015e-04
 -5.44042736e-02  1.43004566e-01 -1.17496260e-01 -3.02521318e-01
  1.16968296e-01  1.30331501e-01  3.74437332e-01  1.57071538e-02
 -1.11744739e-02 -1.41655415e-01 -1.38006285e-01 -4.97553885e-01
 -2.81060785e-01  1.33072501e-02 -4.92529524e-03  3.71605784e-01
  2.54634738e-01  1.28499240e-01  1.03714786e-01 -3.72524112e-01
 -2.10486993e-01 -5.03674075e-02  3.85564715e-02  1.97049588e-01
  2.16776133e-02 -1.93779990e-02  4.48301621e-02  1.29001498e-01
  1.51178896e-01  1.00276202e-01 -8.46058279e-02 -4.29832526e-02
 -3.06641348e-02 -9.50250402e-02  8.10497925e-02  2.86614984e-01
 -3.24356300e-03 -1.65043563e-01  4.34859619e-02  2.01720834e-01
  7.29981363e-02 -1.59532398e-01  1.14980638e-01  7.49017596e-02
 -1.05963446e-01 -1.30317667e-02  1.56869859e-01  8.26489851e-02
  1.30442277e-01  2.62724422e-02  1.00973018e-01  1.40562102e-01
 -2.52797604e-02 -1.24580897e-01 -1.65673375e-01 -2.21156821e-01
 -2.99178734e-02 -7.50696510e-02  5.67424223e-02  1.48169324e-02
 -6.61104321e-02  1.44684529e-02  2.09176347e-01  3.21864262e-02
 -5.77253848e-02  6.71459436e-02  1.23325244e-01 -4.32590060e-02
  2.71010756e-01 -2.50521861e-02  6.37596995e-02  2.39588767e-02
 -1.78793639e-01 -1.45608569e-02  1.82972476e-02 -1.02461511e-02
  6.03339374e-02  1.23350054e-01  1.70977324e-01  8.63151699e-02
  2.17920199e-01  6.90676048e-02 -1.17536023e-01 -1.10821761e-01
 -9.36469994e-03 -2.44356811e-01 -1.23441473e-01  2.13374943e-03
 -1.29310921e-01  6.72786012e-02  5.24425097e-02  2.39597186e-01
  8.77926573e-02  1.02264648e-02  1.01212583e-01 -2.09988356e-02
  4.18239795e-02  6.85858959e-03 -4.88621220e-02 -8.82612541e-02
  2.08928108e-01 -1.22398444e-01  1.28689343e-02  8.60156268e-02
 -1.46822166e-02 -4.95574139e-02  9.02447626e-02  2.13263497e-01]