http://erau.edu/ontology/meme.owl#FreakyTheScarySnowmanMeme
[-1.28759295e-01 -4.94918339e-02  8.76072794e-02 -2.69188620e-02
 -4.28104848e-02  3.96644436e-02  1.66599929e-01  1.13183461e-01
 -2.34417543e-02 -1.04727969e-01  8.57855156e-02 -2.32958165e-03
 -1.15440891e-03 -1.22395352e-01 -1.85548693e-01  9.15471762e-02
  1.53873801e-01  6.36035800e-02  7.54751563e-02  1.78544506e-01
 -5.42294234e-02  2.65763588e-02  1.21281527e-01 -1.83717459e-01
  1.59997925e-01 -4.57598232e-02  4.83428240e-02 -1.41377747e-01
  2.64454991e-01  7.77033195e-02  1.25016823e-01  1.42717823e-01
  4.76870723e-02 -8.62837583e-02 -1.76079199e-02  1.47058249e-01
 -1.00597553e-01  1.13302089e-01 -4.91604209e-02 -2.01399520e-01
  4.63854223e-02  2.74869710e-01 -1.94381237e-01 -2.57510561e-02
  1.08362541e-01  2.27949824e-02  5.01088016e-02  7.55258054e-02
 -2.90564746e-02  7.74079636e-02  8.19640830e-02 -4.31250595e-02
 -1.27324715e-01 -1.32196248e-01 -3.88420708e-02 -6.81844652e-02
  1.37374893e-01 -1.11668080e-01  8.20256770e-02  8.44349191e-02
 -1.54020926e-02 -1.16961382e-01  1.71720132e-01  7.25644529e-02
 -1.26140907e-01 -9.26375985e-02  1.27950296e-01 -6.89110085e-02
 -8.35590363e-02 -1.37687057e-01 -1.33577213e-01  1.39728308e-01
  1.47085100e-01  2.68651787e-02 -4.87011299e-02  1.63125604e-01
  2.81898119e-02  1.83777288e-01  1.03496671e-01  5.86814471e-02
 -2.39317529e-02 -1.84905648e-01 -1.27514020e-01 -1.71265006e-01
  8.45537484e-02 -1.39655516e-01 -1.07482187e-01  1.29350469e-01
  9.65549573e-02 -8.72368291e-02  1.98662002e-02 -2.36899704e-01
  9.00254250e-02 -6.94184750e-02 -2.64760777e-02  9.77337286e-02
 -3.38448882e-02  3.76408137e-02 -1.05799697e-02 -3.99201065e-02
  1.01769410e-01  2.62296264e-04  3.28432947e-01 -1.26836613e-01
  3.96635346e-02 -5.51288649e-02  1.68918937e-01 -8.15535560e-02
  4.55673300e-02  1.26153398e-02 -3.26718092e-02  1.28962308e-01
 -1.31285399e-01 -1.16795488e-01  2.49649119e-03  9.44382399e-02
 -2.77289510e-01 -1.32009074e-01  6.42278939e-02 -2.15903372e-02
 -7.75393993e-02 -4.87272851e-02 -1.01751938e-01  4.62618917e-02
  6.64759949e-02 -1.37187883e-01  5.44135459e-03 -5.25603481e-02
  5.46219014e-02 -1.44231878e-02 -2.03291580e-01 -6.06258847e-02
 -4.37972583e-02 -3.23983580e-02 -1.77563131e-01  9.01020616e-02
  1.12617491e-02 -5.23391180e-02 -1.15127206e-01  1.01261094e-01
 -2.58836448e-01 -2.99563538e-02  9.29549485e-02  5.69631495e-02
  9.59340408e-02 -2.45737687e-01  1.62197575e-01 -1.02119431e-01
 -1.12406574e-02  1.25687361e-01  6.06590472e-02 -1.25175849e-01
  1.43379932e-02 -3.57990675e-02 -6.76047802e-02  1.62225775e-02
 -1.78431779e-01  9.83833745e-02  5.44370636e-02 -4.57994081e-02
  7.57197291e-02 -1.39492020e-01  6.59907684e-02 -3.06990948e-02
 -1.93385094e-01 -7.57199973e-02 -9.17943120e-02  1.36635244e-01
 -2.27917582e-01  1.52462557e-01  2.21814290e-02  2.50933498e-01
  1.50450841e-01  1.02460571e-01  8.94777756e-03 -8.04148912e-02
 -1.46506011e-01 -9.40503925e-02  4.43203487e-02 -1.09823823e-01
 -3.17255817e-02  6.85871914e-02  6.10729009e-02  3.90003286e-02
 -7.71391019e-02  9.26498137e-03  1.01033598e-01  2.36867331e-02
  1.83202893e-01 -9.21698287e-02  2.61875764e-02 -9.68984440e-02
 -1.84806556e-01 -2.61642933e-02 -3.14241573e-02 -5.54356799e-02
  3.89511697e-02  1.47504792e-01 -7.35738724e-02  3.27869691e-03
  3.24546359e-02  2.57088859e-02  1.17314346e-01 -3.93016487e-02
  3.77372019e-02 -2.50948966e-01  6.58805817e-02 -3.11589222e-02
  5.24160042e-02  1.81788683e-01  2.21257046e-01  6.86907917e-02
  5.28881103e-02 -5.33091612e-02  1.22685902e-01  1.27259910e-01
 -2.11433098e-01 -1.52426377e-01  1.59913689e-01  3.80651429e-02
  2.14699492e-01  1.26248658e-01 -1.11723535e-01 -1.07012913e-02
 -2.16133576e-02  1.57985222e-02 -2.12188810e-01 -4.49871719e-02
  1.60157569e-02  5.31329550e-02  9.85238105e-02 -3.19426460e-03
 -1.12932138e-01 -7.35344514e-02  2.17661262e-02  2.99796350e-02
 -1.04889207e-01 -3.89978252e-02  1.54060805e-02  1.40438788e-02
 -2.30935309e-02  6.08425634e-03  1.13806501e-01 -1.43847056e-02
 -1.59371853e-01 -6.71499521e-02 -1.25763550e-01 -4.66678031e-02
 -1.36508122e-01  7.10456967e-02  3.20739970e-02  1.21067837e-02
  1.45342126e-01  8.89963880e-02  9.14001539e-02 -8.61328021e-02
 -9.07165259e-02 -9.11816880e-02  8.74041300e-03  3.41402076e-04
 -2.92868093e-02 -1.02361545e-01 -3.32662952e-03 -1.77795425e-01
 -3.88971120e-02 -1.19720995e-01 -1.99041553e-02  2.94775330e-03
  1.20025679e-01 -1.18345365e-01  6.97252229e-02 -1.33936822e-01
 -8.35275352e-02  4.53321896e-02  1.80402920e-01 -8.58150274e-02
  9.39114615e-02 -6.49833456e-02 -3.97056453e-02  1.04292244e-01
  7.14871734e-02  6.69060498e-02 -6.14382662e-02 -8.90287533e-02
 -1.84910610e-01 -3.91019136e-02 -6.49682060e-02 -1.08781710e-01
 -3.86105776e-02 -1.24334686e-01  1.04917087e-01 -1.24009088e-01
 -8.65792707e-02 -8.52240026e-02  3.46136764e-02  6.54914156e-02
  1.42410874e-01 -4.78595383e-02 -6.58815168e-03 -7.54095167e-02
 -1.79675072e-01  3.90565135e-02 -8.82086437e-03  9.88750458e-02
 -4.14515138e-02 -1.18703730e-01  2.17880562e-01 -6.34633005e-02
 -1.06298722e-01  1.38779655e-01  2.70442992e-01 -1.92341492e-01
 -3.87831479e-02  7.51351118e-02  4.08806726e-02 -1.39700749e-03
  2.84795035e-02 -2.23394157e-03  3.11491750e-02 -3.31757255e-02
  9.27433297e-02 -1.87370196e-01  1.50489390e-01  1.69188395e-01
  1.89639293e-02 -6.87274560e-02 -1.85872018e-01  1.93567656e-04
 -1.57681992e-03 -6.62831739e-02  4.02439982e-02  4.80888933e-02
  3.06557701e-03 -3.71226519e-02 -1.07590728e-01 -2.31663913e-01
  9.37638953e-02  1.70088127e-01 -9.93963778e-02  7.46715218e-02
  8.53623152e-02  1.82450101e-01 -6.15426078e-02  4.74857390e-02
 -1.87718406e-01  8.20363015e-02 -1.24275789e-01  1.22061156e-01
 -6.08223118e-02 -9.83783007e-02 -8.90066754e-03  6.57719448e-02
 -6.46102950e-02  1.63602084e-01 -1.75683543e-01  9.35185328e-02
 -5.37099354e-02 -9.96291488e-02  1.60691157e-01 -1.67495608e-02
 -1.37668222e-01  1.56674206e-01 -3.32558230e-02 -2.81200614e-02
 -9.16931406e-03  1.12270959e-01 -5.21614403e-02  3.70224640e-02
 -1.12167746e-01 -1.81042869e-02 -1.65726785e-02  7.69174919e-02
 -2.30149180e-01 -2.89135687e-02 -2.09879875e-03 -8.97476524e-02
 -1.39009044e-01  1.57681182e-02 -2.98341271e-03  4.22929265e-02
  1.01092346e-01  1.03220761e-01 -9.04458091e-02  4.73691523e-02
  6.52437508e-02 -1.64507508e-01 -1.59855947e-01  1.04163647e-01
 -5.94466925e-02 -5.62386401e-02 -3.69350016e-02  1.21250875e-01
  5.09811565e-03  2.10458755e-01 -9.09777656e-02 -2.33344272e-01
  6.97210282e-02  7.93725327e-02  1.76367104e-01  1.04473662e-02
 -4.50346014e-03 -1.73264936e-01 -2.75850855e-02 -1.69872954e-01
 -1.51007369e-01 -1.94414463e-02 -2.28732750e-02  2.48502061e-01
  1.50424421e-01  1.39020413e-01  9.91111174e-02 -1.89962119e-01
 -1.51757538e-01 -9.03814957e-02 -2.62409169e-02  9.45180133e-02
 -7.15685114e-02 -6.53320551e-02 -3.64969112e-02  1.57350469e-02
  2.26251394e-01  5.29102311e-02 -8.93098116e-02  3.61501724e-02
  4.39929776e-02 -8.91957581e-02 -6.03569970e-02  1.25913367e-01
  1.01717211e-01 -8.02584514e-02 -4.78014387e-02  1.76949844e-01
  1.36899263e-01 -8.66338089e-02  2.25330561e-01  1.24469601e-01
  3.86094414e-02 -8.19653794e-02  3.05421501e-02  6.74147755e-02
  5.66693246e-02  7.04374909e-02 -1.43009916e-01  2.25770593e-01
 -2.30367482e-01 -9.55819897e-03 -1.48671210e-01 -1.21529341e-01
 -1.01403156e-02  5.21140248e-02  1.34812862e-01  9.74519327e-02
  1.32579535e-01 -4.66991775e-02  2.75957763e-01  1.71887930e-02
  5.84455281e-02 -4.56788279e-02  4.65470366e-02 -1.04313120e-02
  1.78617731e-01  8.79892409e-02  1.27477065e-01 -5.03095612e-02
  4.81266109e-03  1.62540615e-01  3.69293950e-02 -1.03741013e-01
 -1.24711562e-02 -2.23273803e-02  1.60441548e-01 -6.87948391e-02
  2.21977398e-01  1.70506820e-01  8.10750946e-03 -7.71671385e-02
  1.03206776e-01 -1.14468724e-01 -2.36695800e-02  8.31650868e-02
  1.75888222e-02  1.86203439e-02 -9.50923562e-02  3.59870464e-01
 -8.28812942e-02 -1.28649026e-01 -3.42160948e-02  1.89924482e-02
  4.59375009e-02  7.07417056e-02 -4.72524352e-02 -1.19024646e-02
  5.42612784e-02  7.08086267e-02  1.33698359e-01  1.32846171e-02
  8.59869942e-02 -1.65720120e-01  1.01197034e-01  1.29843503e-01]