http://erau.edu/ontology/meme.owl#HiddenCashScavengerHuntMeme
[-0.09434255 -0.12423249  0.02773442  0.02886269 -0.0803475   0.09365895
  0.0775138   0.08951728  0.07415961 -0.1234051   0.08107568 -0.07220925
  0.04043185 -0.06316529  0.00706304  0.03801532  0.04307818  0.02181971
 -0.04165097  0.06092291 -0.06708683  0.1340454   0.06177169 -0.08939234
  0.11591992  0.02903593  0.01299839 -0.03042243  0.15195599  0.0725783
  0.16009806  0.14945106  0.00195133 -0.05136226 -0.05760276  0.14772509
 -0.06233531  0.12813972 -0.02621956 -0.14265066 -0.03022418  0.21396166
 -0.17459738 -0.01777091  0.07620941 -0.03847088  0.02497501  0.01057231
 -0.09454773  0.03527703  0.06289574 -0.00987677 -0.18713011 -0.14287072
 -0.05612706 -0.01260855  0.07916835 -0.05574475  0.13839374  0.08004086
 -0.06092366 -0.03398129  0.05558692  0.10458221 -0.0339661  -0.10203179
  0.0317506  -0.04272596 -0.09254079 -0.13406073 -0.19099559  0.0962714
  0.03362685  0.05674636  0.04675891  0.1345101  -0.17062803  0.05445354
  0.0607545  -0.03716092 -0.0181386  -0.06367053 -0.07642293 -0.17694
  0.04059251 -0.06079465 -0.13751239  0.05777788  0.06680957 -0.08970476
 -0.00178223 -0.20051256  0.07540319 -0.07922    -0.01069052  0.02856121
 -0.02291543  0.11615683 -0.01811144  0.00781741  0.17691481  0.1319782
  0.36347076 -0.04849429  0.02122008 -0.06889732  0.17466503 -0.0080074
 -0.05209098 -0.09408579 -0.02013271  0.08038595 -0.11209625 -0.06359619
  0.00303244  0.13853146 -0.30660194 -0.10952885 -0.00457896  0.05450323
 -0.04595043 -0.05306171 -0.0858888   0.1379071   0.1796591  -0.07531139
 -0.01067428  0.04204371  0.03353198  0.01538399 -0.22921772  0.00654478
  0.00106194 -0.01749503 -0.06226856  0.10428292 -0.00978152 -0.0432199
 -0.1574365   0.09908076 -0.21485671 -0.02209547  0.11027468  0.0071479
  0.17579713 -0.23462276  0.03153212 -0.177065   -0.09740222  0.11758508
  0.0380349  -0.05242532 -0.04608974  0.10848194 -0.05793564  0.09611438
 -0.11584435  0.2888314  -0.00832944 -0.08911658  0.09911477 -0.13085449
 -0.02273128 -0.02956608 -0.16764165 -0.22199179  0.0176274   0.10638802
 -0.31220472  0.15787478  0.00365723  0.17656206  0.20508963  0.18266778
 -0.07111064 -0.02069962 -0.0866767  -0.0922633   0.12186015 -0.03962258
 -0.09263045  0.10335939  0.02976216  0.07639297 -0.03741115 -0.02027618
  0.07523108  0.02590833  0.19225597 -0.0573842   0.00828089 -0.06451428
 -0.15629067 -0.0043645   0.02872423  0.01932796  0.00837707  0.17567621
 -0.05189523 -0.06298935 -0.00148309 -0.0221016   0.07581183 -0.00353005
 -0.07181393 -0.15846281 -0.02453003  0.02999626  0.04146021  0.10787747
  0.28549305  0.04431006  0.01464103 -0.04195898  0.03213182  0.05699342
 -0.11788999  0.01046427  0.07529238  0.13596545  0.07805897  0.06965763
 -0.11776223  0.06280611 -0.02067995  0.0643877  -0.08908448 -0.03261697
 -0.01694146  0.03057636  0.08523142 -0.06899196 -0.15792254 -0.06507578
  0.01920357  0.04005827 -0.0484047   0.01381553  0.1128378  -0.05576563
 -0.09682745 -0.06978208  0.07203378  0.00721199 -0.19261166 -0.06460433
 -0.1839737  -0.03440635 -0.09421095 -0.03610681  0.07365905 -0.03972334
  0.11390541  0.03335567  0.22291736 -0.08018321 -0.12395636 -0.01368978
  0.00449307  0.09072182 -0.09757499 -0.12939836 -0.04936862 -0.15616408
 -0.05185749 -0.19800463  0.06757402  0.05177742  0.08520057 -0.10014115
 -0.04168528 -0.12870294 -0.10371552  0.06590465  0.02305713 -0.00090382
  0.19192398 -0.02538326 -0.05861731  0.05335015  0.0386963   0.06694333
  0.0547766  -0.06834555 -0.12452485 -0.00604378 -0.07951956 -0.04494299
 -0.0411385  -0.18341967  0.05700239 -0.06640892  0.03298554  0.01029505
  0.00886634  0.06634276  0.13387585  0.0315822  -0.10744134 -0.02478375
 -0.208552    0.05541211  0.05659723  0.06027055  0.05431255 -0.07038908
  0.1557293  -0.01479794  0.01656856  0.05750602  0.18759152 -0.18911484
 -0.06861489  0.00448534 -0.01491897  0.04941922 -0.07815032  0.00420691
  0.02615831 -0.1241301   0.10086707 -0.14639558  0.1448593   0.10481793
  0.06963179 -0.03026479 -0.11617307 -0.04888314  0.0794888   0.01532201
  0.01242377 -0.08832069  0.0278754  -0.14423715 -0.01959654 -0.16281042
  0.10385503  0.04442877 -0.03784208  0.09017039  0.02628189  0.11010272
 -0.06042163 -0.04166792 -0.105887   -0.03464716 -0.08834434  0.01606801
 -0.08199015 -0.05023771 -0.07717809 -0.00177294 -0.11340369  0.14054264
 -0.10860784  0.13629161  0.00977361 -0.0546256   0.1189771  -0.05005343
 -0.09262985  0.0454643   0.02834861 -0.04067451  0.02362415 -0.01438163
 -0.08364611  0.13162452  0.03959027  0.09226583 -0.07279667 -0.05446945
 -0.22779486  0.01612733  0.08689728 -0.08770677 -0.04954496  0.02217881
 -0.02186769 -0.07836837  0.0465229   0.149881   -0.03278763 -0.08728953
  0.08503431 -0.10509434 -0.07022496  0.07821506 -0.06597792  0.02558495
 -0.05883984  0.08378747  0.00689684  0.1998969  -0.02302137 -0.11385958
 -0.02506775  0.04551625  0.24192941 -0.08280215 -0.09139189 -0.09159826
  0.08447464 -0.10571012 -0.09321266  0.03624238 -0.05949773  0.20847218
  0.1086316   0.02970365  0.10191533 -0.18332371 -0.08987511  0.00045865
 -0.1609821  -0.0042455  -0.16564228 -0.09572545 -0.02508884  0.06821663
  0.11212876 -0.04862071 -0.15654403  0.09196442 -0.0050249  -0.1131544
  0.01361516  0.02740571  0.08192176 -0.00658019  0.00563951  0.14617355
  0.06053623 -0.08755687  0.04679164  0.14273389  0.05513719 -0.00197211
  0.01124501  0.17239442  0.13347022 -0.0186633  -0.10793528  0.283009
 -0.24053074 -0.03020194 -0.22198051 -0.06215612 -0.03976256  0.07933977
  0.09980223  0.10856603  0.03243124 -0.01322459  0.13246962 -0.03509642
  0.0961064  -0.04776342  0.04959691  0.03827979  0.0331122   0.05063659
  0.04613482 -0.12142237 -0.01915822  0.13840951 -0.08567019 -0.07197072
 -0.01484337  0.02331802  0.19943692 -0.04639215  0.05801161  0.14798379
 -0.01038632 -0.09963588  0.01573261 -0.16765314 -0.10306355  0.03792202
 -0.04899615 -0.03186004 -0.09337477  0.22489594 -0.18551503 -0.14412215
 -0.09851672  0.00138163  0.01080443  0.14093633 -0.00476018  0.01764899
  0.08711308  0.04414166  0.08795281  0.0167385  -0.03958961 -0.00995225
  0.05499811 -0.02488514]