http://erau.edu/ontology/meme.owl#LickIconsMeme
[-1.88681856e-02 -1.08973555e-01  4.49717417e-02 -8.22100714e-02
  1.90242194e-03  1.61500260e-01  4.14683521e-02  1.31272942e-01
  1.23498000e-01  1.23823486e-01  6.00442290e-02 -5.11734001e-02
 -1.79072157e-01  7.25871101e-02 -1.55519754e-01  2.52986085e-02
  9.91205946e-02  1.10215239e-01 -4.36463393e-02  5.78474589e-02
 -2.38918900e-01  2.07317062e-02  2.40295351e-01 -6.92468276e-03
  2.30763987e-01 -6.04111925e-02  3.69316936e-02 -4.34766337e-02
  1.03419580e-01  5.84867783e-02 -2.68768482e-02  1.13033913e-01
  1.42548069e-01 -2.27925360e-01 -5.99462651e-02  2.77466267e-01
  1.05512634e-01  1.93195626e-01 -1.49786532e-01 -9.37524810e-02
  1.06372505e-01  1.26794294e-01 -2.38443419e-01 -1.62362054e-01
 -1.19913220e-01  1.80040449e-01  5.59440255e-02 -7.78045505e-02
  8.63573551e-02 -7.38860965e-02  4.33756644e-03 -1.87930744e-02
  6.18502172e-03  4.20212671e-02 -2.75583118e-01 -3.69261280e-02
 -2.28306130e-02 -2.75769569e-02  2.65342087e-01  1.84612889e-02
  8.98939297e-02 -1.36798710e-01  1.19815283e-01  1.78500876e-01
 -8.47645625e-02  4.35896255e-02  4.47516479e-02  5.35145663e-02
  1.55155519e-02 -1.87491681e-02 -1.90760661e-02  1.58494964e-01
  2.10508004e-01  1.92190289e-01 -4.03538495e-02  3.01745176e-01
 -2.15957612e-01 -3.27478945e-02 -2.56306939e-02 -2.98807700e-03
 -9.99088436e-02 -2.99580693e-01 -1.57167912e-01 -1.73406407e-01
  1.51601806e-02 -2.32065558e-01  1.36744464e-02 -1.87916175e-01
 -3.96839604e-02 -1.42963797e-01  1.53704301e-01 -2.91455865e-01
  9.68863368e-02  7.04418421e-02 -8.36465433e-02  8.76749232e-02
 -8.24579895e-02 -1.09466843e-01 -8.81296247e-02 -4.86783087e-02
  3.23623568e-02 -3.54924761e-02  1.81766436e-01 -2.32208729e-01
 -7.62924403e-02  1.56975642e-01  1.44164547e-01 -8.00461248e-02
  1.54891625e-01  9.54510833e-05 -9.60151181e-02  7.34728202e-02
  1.36035785e-01 -9.25904587e-02  9.22641605e-02 -1.74513552e-02
 -2.32242316e-01 -3.19897830e-01  5.92395253e-02  1.95911765e-01
 -6.97472692e-02  1.31304890e-01 -1.12244017e-01  1.33216335e-03
  6.26275018e-02 -1.82937562e-01  1.34887874e-01  9.96793509e-02
  1.51744008e-01  1.24243079e-02 -1.22114606e-01 -8.50603729e-02
  1.26057059e-01  6.03704453e-02  2.78223678e-02  2.17253700e-01
 -1.89921428e-02 -1.15489319e-01 -2.01405048e-01 -2.59469040e-02
 -1.70919955e-01  5.33248819e-02  1.01359682e-02  7.04220235e-02
  2.56728202e-01 -1.42141387e-01 -4.40852046e-02 -1.65635809e-01
  4.61367927e-02  1.40852123e-01 -8.00947025e-02  1.77179230e-03
 -1.04594685e-01 -1.28487781e-01 -2.84133796e-02  3.76145951e-02
 -1.13450766e-01 -1.32386561e-03 -3.46149653e-02 -2.99054593e-01
  8.25688541e-02 -1.27374202e-01 -6.41347542e-02 -3.68402675e-02
 -1.90089509e-01 -1.44071326e-01  4.94078584e-02  1.47086680e-01
 -1.63288116e-01  9.96043831e-02  4.49852273e-02  1.34014547e-01
  1.33945137e-01  2.62336224e-01  3.10921818e-02 -1.06165022e-01
 -2.29126420e-02 -8.87527093e-02  4.81064655e-02  8.17023665e-02
 -2.35274822e-01  1.51489764e-01  1.12015218e-01 -1.21831827e-01
 -1.84635311e-01  1.49082998e-02 -1.44879982e-01  1.34621099e-01
  1.57592282e-01 -4.74662893e-02  1.29564434e-01  9.77741480e-02
 -1.03404619e-01 -1.54610723e-01 -9.74526405e-02  8.06208476e-02
  1.23163402e-01  3.77526358e-02 -2.06197221e-02 -1.51401144e-02
 -3.96834724e-02  1.10873140e-01  5.24522439e-02  8.25655311e-02
 -6.67704493e-02 -3.02894026e-01 -8.32407735e-03  6.55085891e-02
  2.44285211e-01  1.88012064e-01  1.98098883e-01  6.47850856e-02
 -6.88534155e-02 -2.29190469e-01  7.27151781e-02 -1.95741519e-01
 -1.04404084e-01  5.91685576e-03  3.44277054e-01  2.00797632e-01
  1.44241124e-01  1.73338890e-01 -1.17545292e-01  1.00256890e-01
  1.51286898e-02 -1.76642090e-01 -5.29808477e-02 -5.33384196e-02
  9.83387046e-03 -8.64927992e-02  1.86201498e-01  1.01996772e-01
 -2.72847470e-02 -2.69727021e-01  7.41365540e-04  1.38910096e-02
 -1.00284025e-01 -6.01334274e-02  1.61890894e-01  2.11311541e-02
  1.44639453e-02 -6.46513030e-02 -8.99431556e-02 -3.37401815e-02
 -2.61789352e-01 -1.15644842e-01 -1.88396350e-01  4.40173522e-02
 -8.34864527e-02  8.63720030e-02  1.20190568e-01  1.50124788e-01
  3.37823629e-02  4.51512709e-02  1.64225057e-01  3.47077549e-02
 -1.40574411e-01 -6.92203119e-02  7.81819522e-02 -5.91326281e-02
 -2.02985004e-01 -1.73522472e-01  7.73495585e-02 -5.32449037e-02
 -1.02553718e-01 -2.35879481e-01 -1.79625750e-01  1.79096624e-01
  2.08860874e-01 -8.56811553e-02 -2.44262498e-02  2.93927919e-02
  7.41751939e-02  1.20994084e-01  1.89229712e-01 -7.01708859e-03
  9.24101695e-02 -3.65314893e-02 -1.75375938e-01 -4.61825775e-03
  1.39737278e-01  2.25909561e-01 -1.28881916e-01 -1.69156015e-01
 -1.75182879e-01  9.28744748e-02 -4.13096175e-02 -5.24143875e-02
  6.99708462e-02 -1.81467374e-04 -6.64673932e-03 -3.22645068e-01
 -9.06828427e-05 -3.18830669e-01 -2.72336155e-02 -6.06928393e-03
  1.40060827e-01 -3.70069668e-02 -4.61106002e-02 -2.46852666e-01
 -2.92995393e-01  9.46601927e-02 -1.73178259e-02 -2.94961855e-02
  9.06498879e-02 -1.09513074e-01  4.31130221e-03 -1.10585362e-01
 -2.02512126e-02  1.16941713e-01  1.78149804e-01 -3.00885171e-01
 -1.18982121e-01  1.68416649e-01 -8.42705891e-02  1.34184331e-01
 -1.36565551e-01  4.77129892e-02  1.79909572e-01 -7.03886524e-02
 -1.00795165e-01 -1.68287098e-01  2.36954451e-01  2.67193079e-01
  4.23762649e-02  1.00580812e-01 -2.25852266e-01  2.18882002e-02
  8.40725377e-02  8.08913708e-02  1.37252331e-01  6.72978954e-03
 -1.81958750e-02 -6.49393396e-03 -4.80652265e-02 -2.27255806e-01
  9.81197059e-02  1.58691891e-02  2.80675758e-02  1.31827429e-01
 -9.90568381e-03 -5.26464507e-02 -3.26173306e-02 -5.57023771e-02
 -5.10279229e-03  1.40507603e-02 -1.15682289e-01 -2.76260823e-02
  6.96243942e-02 -8.83328095e-02 -7.80297667e-02 -2.76449472e-02
 -1.12360716e-01  8.43993053e-02 -2.56210625e-01  4.49265540e-02
 -7.98352137e-02 -1.74082637e-01  3.30400378e-01 -1.87179700e-01
 -2.76750028e-02  3.55318971e-02 -1.46909073e-01  5.57231940e-02
 -3.18868682e-02 -5.59875481e-02 -3.04294795e-01  8.92129019e-02
 -1.10233612e-01 -1.35425106e-01  1.33718640e-01 -1.14243321e-01
 -7.54759610e-02  2.82720208e-01 -3.56801450e-02 -1.21348597e-01
 -1.60907775e-01  8.61052722e-02 -9.28405896e-02  1.25862300e-01
  2.88146324e-02  3.01676601e-01 -2.57452846e-01 -7.51355588e-02
  1.38235176e-02  3.74717414e-02 -5.33556864e-02  2.09534183e-01
 -1.14945613e-01 -5.90359867e-02 -6.72620684e-02 -4.37202211e-03
 -1.61796302e-01  8.46470818e-02 -8.30065757e-02 -2.96388529e-02
  7.62097677e-03 -3.95103469e-02  1.66542500e-01  6.59203529e-02
  2.75873858e-02 -2.55131841e-01 -7.97828212e-02 -1.40335202e-01
  1.66084766e-02  3.21106203e-02  3.14914770e-02  9.34155807e-02
  1.56755522e-01  4.39138785e-02  1.24210291e-01 -6.43131733e-02
 -1.63899690e-01 -1.91061825e-01  4.91212420e-02  1.62676666e-02
  1.44452110e-01 -1.37061002e-02  1.22811869e-01 -7.61647001e-02
  1.07746206e-01  4.08464782e-02 -1.13702916e-01 -3.99111360e-02
 -5.79951517e-02 -3.12759787e-01 -2.53627189e-02  1.89060420e-01
  6.52643200e-03 -4.98655997e-02  2.07829386e-01  8.40969831e-02
  4.46875803e-02 -3.56195122e-02  1.97639838e-01  1.71473846e-01
 -2.74366159e-02 -1.42806709e-01  1.44461378e-01  3.50039080e-02
 -7.23481504e-03  1.12280823e-01 -2.21995637e-02  1.95430130e-01
 -1.52254701e-01  1.98768936e-02 -1.11431330e-01 -1.71824157e-01
  8.86480063e-02 -2.37140916e-02 -7.27174282e-02  3.25180814e-02
  1.34564847e-01 -1.63241401e-01  2.80128092e-01 -1.84903696e-01
  1.53286457e-01 -2.97340825e-02 -5.05435886e-03 -8.07099491e-02
  1.65318057e-01  9.21485499e-02  2.32826605e-01  3.00179049e-02
 -1.10544905e-01  1.54137105e-01  1.50193472e-03 -6.85077235e-02
 -4.28645499e-02  1.70893937e-01  1.97692066e-01  4.23316620e-02
  3.24123710e-01  1.51707456e-01 -5.47559634e-02 -1.04915239e-01
  1.72271237e-01 -1.58714026e-01 -2.15827953e-02  4.26883288e-02
  1.13597900e-01 -3.80333215e-02  1.79308932e-02  1.32884115e-01
 -1.06669635e-01 -7.95978680e-02 -1.13020159e-01 -1.20255925e-01
  1.39869958e-01  5.45398928e-02 -1.72340676e-01 -1.07859403e-01
  3.60705554e-02 -1.49448857e-01  1.10237114e-01  3.67909856e-02
  6.84067309e-02  2.46216636e-02 -7.72376731e-02  5.32957679e-03]