http://erau.edu/ontology/meme.owl#NoCopsAtPrideMeme
[-1.22687712e-01 -1.18152671e-01  7.22183585e-02  5.14013991e-02
 -6.92916885e-02 -2.78846994e-02  1.65774561e-02  1.15510099e-01
  4.23799194e-02 -1.07474618e-01  8.43354166e-02  4.95041013e-02
  6.48311898e-02 -4.38103043e-02 -1.69393960e-02 -5.58765493e-02
  1.99780479e-01  8.54025874e-03  1.43449038e-01  9.64018032e-02
 -1.76300302e-01  1.27533510e-01  1.25441492e-01 -3.80008630e-02
  3.10805440e-01 -7.50878602e-02  7.03258589e-02 -1.02533422e-01
  3.10498804e-01  2.66893476e-01  8.57341364e-02 -2.94180196e-02
 -6.72512874e-02 -1.60615250e-01 -4.11562994e-02  1.04829080e-01
 -5.84565923e-02  2.27003600e-02 -1.10774219e-01 -1.51506275e-01
  4.20886017e-02  1.63673446e-01 -1.36514544e-01  9.28755105e-02
  1.56160623e-01  4.01814282e-03 -4.79858406e-02 -9.25662145e-02
  2.67989598e-02  6.16843030e-02  1.15674727e-01  2.11444255e-02
 -6.13999404e-02 -5.17372452e-02 -7.99204595e-03 -4.28983010e-02
  9.98971909e-02  1.44452453e-02  6.64152652e-02  1.05651096e-01
  1.25089772e-02 -5.39433733e-02  1.02583423e-01  3.32882404e-02
 -4.27624993e-02 -5.24865044e-03  6.65012822e-02  3.77789326e-02
 -1.53710306e-01 -7.50785321e-02 -1.16229825e-01  8.78457204e-02
  1.34592742e-01 -6.09542318e-02  6.00329079e-02  5.39622605e-02
 -4.98715416e-02  7.41875470e-02  8.40199292e-02 -2.81667002e-02
 -1.08608156e-01 -6.11487404e-02  7.05441879e-03 -9.35787931e-02
  1.35278642e-01 -1.30441159e-01 -9.08367261e-02  1.45117491e-01
  1.59924895e-01 -5.33337332e-02  8.34563281e-03 -1.73485011e-01
  6.18190244e-02 -1.75162852e-01 -1.42632306e-01  1.05032220e-01
 -5.81145212e-02 -8.23011994e-02 -2.66458876e-02 -1.33371696e-01
  1.82491437e-01 -3.74746062e-02  2.61717588e-01  2.48196516e-02
 -1.46698713e-01 -5.62390201e-02 -1.66161228e-02 -5.19305728e-02
 -1.36838675e-01 -1.50513679e-01  1.14471555e-01 -9.15544182e-02
 -5.62414229e-02 -1.70553982e-01  3.21863107e-02  6.76744357e-02
 -1.82656124e-01 -3.65609527e-02 -9.39055532e-03 -7.05552176e-02
  7.99567699e-02 -1.77012280e-01 -4.50228229e-02  1.05615169e-01
  5.74657097e-02 -2.05910429e-01 -3.63983102e-02  1.09377224e-03
  3.58757265e-02  7.76724964e-02 -1.80132449e-01 -4.12049470e-03
 -8.05746242e-02 -1.41362250e-01 -9.01316851e-02  3.44721489e-02
 -7.75043070e-02 -1.17897332e-01 -1.32652596e-01  8.61559436e-02
 -2.07229093e-01 -1.36432335e-01  8.54628831e-02 -4.74104621e-02
  1.30454928e-01 -2.80426353e-01  1.52021110e-01 -8.85033309e-02
 -6.11447804e-02  1.03558093e-01 -7.27846250e-02 -8.91954303e-02
 -8.11123103e-02  1.34401664e-01 -3.26995440e-02  1.24505438e-01
 -2.81853452e-02  1.89993903e-01  6.41888902e-02 -1.26465671e-02
  3.10756844e-02 -6.75278828e-02  1.10352598e-01 -5.13931252e-02
 -1.62651524e-01 -1.43071666e-01 -5.46286143e-02  4.20959219e-02
 -1.92157254e-01  1.31992608e-01 -5.37969433e-02  1.83749810e-01
  1.80766895e-01  6.62692562e-02 -8.05361271e-02  5.10581061e-02
 -9.19102132e-02 -9.28238034e-02  6.17701933e-02 -8.56742859e-02
 -2.91961450e-02  7.22936243e-02 -8.26483220e-02  1.77273810e-01
 -7.81988353e-02 -1.07760258e-01  1.38492242e-01  2.44168602e-02
  2.39539936e-01 -7.16259480e-02  6.51147366e-02 -6.02821894e-02
 -5.78603968e-02 -6.51943684e-02  5.08323126e-02 -7.09098652e-02
 -7.26987189e-03  6.63816109e-02  3.06762122e-02 -2.56287474e-02
 -7.01040775e-02 -6.29178509e-02 -6.12950251e-02 -3.16214301e-02
 -2.11831219e-02 -2.84289509e-01  5.27929291e-02 -8.92098546e-02
  7.76750147e-02  9.96987075e-02  2.50643969e-01  8.94072503e-02
  5.00078034e-03 -9.73150209e-02  1.11198157e-01  7.11895302e-02
 -3.21898647e-02 -1.96998835e-01  1.03927456e-01  8.37484598e-02
  1.26410320e-01  4.18036953e-02 -1.63910359e-01 -2.02387720e-02
  4.04361822e-02  7.32302070e-02 -1.73296168e-01  9.30559039e-02
 -8.57349113e-02  6.84016049e-02  6.50522411e-02  1.26070082e-02
 -9.57163125e-02 -1.86875015e-01  2.69466010e-03 -1.62329394e-02
 -5.91506548e-02 -7.92788565e-02  4.45095003e-02 -1.26030743e-01
  9.02831107e-02 -4.58988026e-02  8.23042542e-02 -3.16014024e-03
 -2.22591996e-01  2.84464452e-02 -5.68429679e-02  2.30270714e-04
 -3.05346660e-02  2.22740974e-03  3.79200466e-02 -6.99107051e-02
  9.40873548e-02  8.22598580e-03  1.46711722e-01  2.92964149e-02
 -1.60387874e-01  1.89349130e-02 -4.58450355e-02  1.73596337e-01
 -1.26669571e-01 -6.97738081e-02  4.04238589e-02 -1.09204762e-01
 -1.90156661e-02 -1.23101667e-01 -5.19227348e-02 -1.58276372e-02
 -1.49263032e-02 -7.07598478e-02 -6.26089945e-02  4.69652265e-02
 -2.86942292e-02 -3.18322600e-05  3.36084664e-02 -1.09784499e-01
 -1.54047254e-02  8.67272913e-03  6.43064082e-02 -5.90343494e-03
  1.03566974e-01  1.48923829e-01  7.04650134e-02 -1.03701808e-01
 -1.62664041e-01 -7.84360170e-02 -2.45644189e-02  8.64845738e-02
  3.63315120e-02 -3.88133638e-02 -1.13797961e-02 -3.88070419e-02
  5.97975701e-02 -2.69710496e-02  6.66091591e-02 -1.08807976e-03
 -4.48622629e-02 -6.95186332e-02 -9.11018550e-02  4.39622067e-02
 -1.14573203e-01 -8.45576730e-03 -4.21885438e-02  2.29673356e-01
  1.95338726e-02  2.12105224e-03  1.88841403e-01  1.30200312e-02
 -1.11603206e-02  5.71509227e-02  1.52557611e-01 -1.07279822e-01
  9.50046722e-03  1.23134248e-01  2.84540709e-02  3.41469869e-02
  5.38477488e-03  9.21569243e-02 -7.40595832e-02 -5.59560582e-02
  1.65129483e-01 -4.34266962e-02  1.50089130e-01  1.25181779e-01
 -1.36274502e-01  1.52484921e-03 -7.03903437e-02  5.23835123e-02
  9.12872553e-02 -5.80303222e-02  4.17145155e-02 -4.33467664e-02
  7.01629668e-02 -1.63926601e-01 -1.50783673e-01 -2.43233502e-01
  6.29194155e-02  6.87846243e-02 -1.23696789e-01  1.59373865e-01
 -7.99217913e-03  9.78764594e-02 -1.12225346e-01  5.27861202e-03
 -2.60616004e-01  9.28081200e-02 -1.20885804e-01  1.37148872e-01
 -3.56017612e-02 -1.12501010e-01 -3.44792046e-02  1.08837135e-01
 -1.11642115e-01  2.13137627e-01 -1.64003506e-01  2.46583186e-02
  5.17731085e-02 -8.34601000e-02  1.03635706e-01 -1.52091742e-01
 -1.63414717e-01  1.85220823e-01  9.08681005e-02 -1.34375487e-02
 -3.66297700e-02  4.34726216e-02 -1.02165535e-01  1.31588001e-02
 -1.01990022e-01 -1.05129380e-03 -4.85390238e-02  1.56798996e-02
 -3.06386918e-01  7.38294721e-02  5.57319522e-02 -9.58289206e-02
 -1.48019150e-01  9.88659114e-02  9.56223980e-02 -3.45129259e-02
  8.69443789e-02  1.07186206e-01  2.13836804e-02 -1.54475763e-01
  7.44608231e-03 -2.02915326e-01 -1.32997125e-01  2.28797823e-01
 -8.25105384e-02 -2.14605913e-01 -4.83529419e-02  6.42214492e-02
  5.05822711e-02  2.80787796e-01  2.73291138e-03 -3.13751698e-01
  1.04956053e-01  1.19774006e-01  4.43989098e-01 -5.21358289e-02
 -1.28237233e-01 -3.21604125e-02  3.92343141e-02 -2.97189295e-01
 -2.72742242e-01  6.42867163e-02 -2.24581379e-02  3.13445002e-01
  1.67217940e-01  1.23690762e-01  7.37325549e-02 -1.44327596e-01
 -1.50044844e-01 -5.28961010e-02 -2.61571538e-03  5.59804738e-02
 -1.46606266e-01 -7.71486526e-03 -3.90473977e-02  1.47132948e-01
  2.89543122e-01  2.74846945e-02 -6.48717880e-02  1.75709557e-02
 -1.03481887e-02 -1.78730845e-01 -2.57172808e-02  1.93980262e-01
  1.56259894e-01 -1.07927978e-01  8.11006501e-02  2.76584595e-01
  1.21235557e-01 -1.37057841e-01  1.90378934e-01  2.36648560e-01
  7.84048885e-02  4.62986007e-02  8.11839178e-02  3.20435725e-02
  8.05336684e-02  7.85796270e-02 -8.18371102e-02  3.14888835e-01
 -2.77210534e-01 -4.26886640e-02 -2.13631958e-01 -1.70341998e-01
 -1.73264861e-01  6.39825165e-02  8.26088563e-02  8.85346830e-02
  7.98971727e-02 -7.47556388e-02  1.68926328e-01  5.78300357e-02
  6.13248488e-03  4.71758284e-02  3.88654955e-02 -3.62431188e-03
  2.51605302e-01  6.20915070e-02  1.65531129e-01 -9.58501734e-03
 -4.76341620e-02  2.80976668e-02  7.00788572e-02 -1.88621148e-01
  5.43033481e-02  7.04249889e-02  9.16036591e-02 -3.34349051e-02
  1.27593905e-01  1.68963999e-01  6.20988645e-02 -2.12138891e-01
  8.78086165e-02 -2.31962308e-01 -1.30190283e-01  1.46941945e-01
 -7.53422603e-02 -1.48463309e-01 -4.66830060e-02  4.09972578e-01
 -1.07063450e-01 -1.80659294e-01 -2.25763675e-02  4.17521186e-02
  1.31350756e-01 -2.97785401e-02 -6.86017573e-02 -1.50165362e-02
  7.29564503e-02 -2.42332257e-02  1.13640368e-01  1.28400043e-01
 -2.57303547e-02 -4.32762206e-02  1.02970414e-01  1.95058271e-01]