http://erau.edu/ontology/meme.owl#ExilePitbullMeme
[-6.02603778e-02 -2.50451416e-01  2.93174349e-02  1.10934399e-01
  2.13300586e-02  2.46571407e-01  4.05754857e-02  1.05201397e-02
  2.40022540e-02 -2.56830230e-02  1.55119568e-01 -1.61118656e-01
  1.29907494e-02 -5.67143485e-02  8.09932649e-02 -5.61161060e-03
  4.27213684e-03  5.89352474e-02 -1.55544356e-01  2.05623675e-02
 -1.30186200e-01  1.33453742e-01  1.96446061e-01 -8.15106407e-02
  4.92689870e-02  4.45258394e-02 -4.24334593e-03 -8.21097270e-02
  2.37734422e-01  1.97419867e-01  1.12431116e-01  2.71562517e-01
 -8.30686018e-02 -1.19823299e-01 -1.97174013e-01  2.38214463e-01
  2.08264813e-02  8.77476111e-02 -1.74900442e-01 -3.00952017e-01
  1.09605677e-01  8.16618204e-02 -9.26462933e-02 -6.33460730e-02
  4.15897556e-02  3.99569348e-02  1.38800502e-01 -9.42399800e-02
 -8.12725499e-02  2.61126719e-02  1.76423285e-02 -3.74001041e-02
 -7.71112069e-02 -2.23591298e-01 -1.59629047e-01  3.39870974e-02
  4.40621004e-02 -1.67592183e-01  2.68981785e-01  7.86775798e-02
 -5.96850999e-02  9.43054073e-03  1.05106242e-01  8.41657817e-02
 -9.36907008e-02  3.34981792e-02 -3.08260694e-02 -3.26586142e-02
  5.33899553e-02 -2.44956091e-01 -1.58749342e-01  8.21150094e-02
 -1.69898942e-02  1.52762486e-02  1.96379200e-01 -6.81488030e-03
 -8.80064666e-02 -1.12012543e-01  1.37355804e-01 -1.04219258e-01
 -1.54259622e-01 -1.29127517e-01 -3.27888019e-02 -2.20155254e-01
  7.51463845e-02 -6.27244562e-02 -1.60782829e-01  1.00456700e-01
  1.29256800e-01 -6.86409920e-02 -1.40795170e-03 -1.33642226e-01
 -1.52218193e-02 -6.08570315e-02 -1.99505538e-01  4.28307317e-02
 -1.21354915e-01  6.08432479e-02 -1.65989190e-01  1.20933563e-01
  2.03708500e-01  1.23143688e-01  5.68315864e-01 -1.22731775e-01
  2.62918249e-02  1.40916258e-02 -4.16596793e-03  1.32357165e-01
 -1.95425749e-02 -2.72772878e-01 -1.90167010e-01  1.02407545e-01
  3.87185104e-02 -1.63646303e-02  2.83571571e-01 -4.90278453e-02
 -4.09414500e-01 -5.35723269e-02  1.48662943e-02  1.48290277e-01
 -3.40960994e-02 -7.55090406e-03 -5.33935800e-02 -5.19969240e-02
 -6.82090688e-03  1.97398104e-02  7.66318738e-02  5.96745834e-02
 -4.40113731e-02  6.92848000e-04 -2.64155775e-01 -1.27986416e-01
 -8.38133693e-02  5.49236201e-02 -7.93856680e-02  2.18062475e-01
 -8.95234644e-02 -1.47265822e-01 -7.83389658e-02  1.20528685e-02
 -2.16434926e-01  5.18929623e-02  2.14053392e-01 -1.10797778e-01
  1.96076497e-01 -2.33734146e-01 -1.30467147e-01 -1.47446290e-01
 -1.54113963e-01  3.43806893e-02 -1.14371954e-02 -1.25650123e-01
  1.03299366e-02  1.37901396e-01  1.62554175e-01  1.15246393e-01
 -7.75207877e-02  2.80877560e-01 -3.66355963e-02 -2.38618419e-01
  2.11662218e-01 -1.82436034e-01  7.81299695e-02  1.38192058e-01
 -4.08406466e-01 -1.31039813e-01  2.53709033e-02  4.81799066e-01
 -4.03951108e-01  2.48419747e-01  5.75827695e-02  2.12514386e-01
  3.61192107e-01  2.22048461e-01 -1.59996703e-01  5.70140705e-02
 -3.53050008e-02 -1.60013080e-01  7.27404580e-02  5.45385256e-02
 -1.63117424e-01  2.98629925e-02  2.23127920e-02 -1.51467388e-02
 -9.58134308e-02  5.23107639e-03 -8.47545713e-02  1.94914296e-01
  5.87658584e-02 -1.57742292e-01  1.02434576e-01  9.23640840e-03
 -1.80700734e-01 -7.31607378e-02 -9.33027044e-02 -4.98138219e-02
  1.31521314e-01  2.70159692e-01  1.30465850e-02 -1.29064396e-01
  5.24407811e-02 -1.03456222e-01  9.64071676e-02 -1.80981513e-02
 -1.45945668e-01 -3.63462597e-01 -3.17068473e-02 -1.31239220e-01
  5.21631800e-02  9.64253768e-02  2.38662764e-01  2.31236368e-01
  5.57874069e-02 -8.41522515e-02  4.26229872e-02  1.91929102e-01
 -1.18924171e-01  3.12766396e-02  2.96959937e-01  9.91193019e-03
  5.17234728e-02  2.69032270e-02 -8.25394541e-02 -4.05707508e-02
  1.23128161e-01  1.36827528e-01 -1.50263369e-01 -9.46843475e-02
 -2.06609860e-01  8.74435380e-02 -1.12483926e-01  3.77724506e-02
 -2.60436505e-01 -1.47631645e-01 -8.04739892e-02 -7.82628432e-02
  1.17564894e-01 -1.95348427e-01  2.96086282e-01 -1.30935028e-01
 -2.48630680e-02 -1.63645193e-01 -1.70344952e-02  3.44504155e-02
 -3.76699686e-01 -1.22904144e-01 -1.78288832e-01  7.92492107e-02
  1.02961194e-02 -1.58427626e-01  1.66025981e-01  9.77097675e-02
  1.94012016e-01  1.69216082e-01  3.60895365e-01 -2.12150645e-02
 -2.38412365e-01  3.88326906e-02  2.12510787e-02  1.58731952e-01
 -2.66708136e-01 -2.54431665e-01 -9.74831916e-03 -3.36942941e-01
  1.45854905e-01 -4.68088329e-01  1.06450491e-01  1.71432376e-01
  1.10062607e-01 -1.01842329e-01 -1.18505359e-01 -1.77588001e-01
 -1.57120973e-01  3.84354964e-02  3.96598689e-02 -7.66644701e-02
  3.06248456e-01 -8.57435688e-02 -2.01593384e-01 -1.72452077e-01
  1.50953308e-01 -9.92687941e-02 -6.71194633e-03 -1.06346477e-02
 -1.90225974e-01  8.43342487e-03 -1.41401768e-01  3.34474295e-02
 -1.03799745e-01 -3.07831168e-01  2.12806445e-02 -9.86139551e-02
  3.54744978e-02  5.81112690e-02  2.69072205e-02 -4.69111390e-02
  1.90868229e-01  1.16014227e-01 -2.90366054e-01 -7.57939816e-02
 -3.68900776e-01  4.62966226e-02  4.82149539e-04  1.65831402e-01
  1.36321262e-01 -1.09397039e-01  1.76131889e-01 -2.79323906e-02
 -6.77264407e-02  5.24091348e-02  1.78916097e-01 -2.55746037e-01
 -9.30762216e-02 -2.85017759e-01 -1.31841496e-01 -7.17221871e-02
  2.01426521e-02  5.34526184e-02 -1.05048075e-01 -2.90790782e-03
  6.93213269e-02 -1.25144541e-01  1.73885420e-01  1.08970076e-01
  1.52050093e-01  4.50104252e-02 -1.17993400e-01 -2.29916424e-01
  2.17794716e-01  3.30810919e-02  2.67844982e-02 -1.59026325e-01
  4.06517312e-02 -9.71540585e-02  7.70282447e-02 -3.56043220e-01
  1.06803380e-01  1.89280331e-01 -3.79722305e-02 -6.15915358e-02
  7.84290433e-02 -2.62965802e-02 -1.91462897e-02 -6.00822084e-02
 -5.35058826e-02 -5.95173351e-02  1.20691992e-01  9.00206938e-02
 -5.98569848e-02 -1.23385638e-01 -7.43239075e-02  3.44920009e-02
  5.72649725e-02  1.24160372e-01 -1.57932147e-01  2.57289439e-01
  5.64190373e-02 -5.05291894e-02  2.43878305e-01 -1.04912236e-01
 -1.03775300e-02  1.61637813e-01  1.10482253e-01 -1.24068558e-01
  1.28972098e-01 -9.27802622e-02 -1.41036659e-01  1.33748442e-01
  2.25952873e-03  8.20351392e-02 -9.60503072e-02 -9.17622745e-02
 -2.29525730e-01  4.57344018e-02  1.85178667e-01  8.94628242e-02
 -1.69188958e-02  6.09814040e-02 -9.11778286e-02 -2.08212182e-01
  1.80139750e-01  2.87102789e-01 -2.53962390e-02 -1.04003057e-01
  2.31155545e-01 -4.10002703e-03  3.17619108e-02  4.15461063e-02
  8.60646274e-03 -3.37585732e-02 -1.10360697e-01  3.79393436e-02
 -2.35587209e-02  1.38372421e-01 -8.53021920e-04 -1.59063544e-02
  8.84080157e-02  7.26635158e-02  1.81157961e-01 -1.32635385e-01
 -1.27504215e-01 -2.71595895e-01  3.41600515e-02 -1.64276496e-01
 -4.67557088e-03 -5.07817641e-02  3.14231031e-02  4.23913747e-01
  2.26142377e-01 -6.52879924e-02  1.71315774e-01 -2.74320692e-01
 -1.92143712e-02 -7.47624412e-02 -2.59836614e-01  2.20208183e-01
 -9.40355957e-02 -2.41314434e-02  1.77208558e-02  1.43153831e-01
  6.86720759e-02  3.36028226e-02 -2.76252151e-01  1.98353622e-02
  2.43404415e-02 -1.33596152e-01 -8.70092213e-02  6.25089183e-02
  1.31028414e-01  2.24227123e-02  2.58827652e-03  1.23321876e-01
  4.03847285e-02  5.90421185e-02  6.66360185e-02  2.66840219e-01
 -8.78428295e-02 -1.88541189e-01 -6.09916523e-02  2.16390908e-01
  1.38678655e-01 -1.11175701e-01 -3.23390029e-02  1.13917604e-01
 -2.11378917e-01 -1.87285021e-01 -1.93605572e-01 -1.04693651e-01
 -2.73709428e-02  6.63580419e-03  1.11266933e-02  2.14621395e-01
  7.20872656e-02 -1.41282724e-02  2.21263304e-01 -4.54066470e-02
  1.50559634e-01 -2.85304291e-03 -2.23973989e-02 -1.29560694e-01
  9.08638537e-02 -1.10756002e-01  1.80495288e-02  3.18522677e-02
  5.82842566e-02  3.60588282e-02 -2.16266662e-01 -3.36934067e-02
 -5.08103967e-02 -6.33800998e-02  7.86348954e-02  4.54001129e-02
 -1.49452806e-01  1.62708741e-02  7.56121129e-02 -9.83804911e-02
 -3.40251438e-02 -1.40582457e-01 -8.19563866e-02  9.95611995e-02
 -1.40693039e-01 -5.25168739e-02  2.86456831e-02  9.46768150e-02
 -5.93197979e-02  6.28787130e-02 -6.51251301e-02  9.99606252e-02
  1.66023467e-02  9.61574614e-02 -1.07292466e-01  4.08364087e-02
  6.01592613e-03  1.62858237e-02  1.20065108e-01 -5.22368923e-02
 -9.94728431e-02  2.15167031e-02  1.50685638e-01 -8.28278512e-02]