http://erau.edu/ontology/meme.owl#CorpsePartyMeme
[-6.59284964e-02 -2.52729893e-01  1.28281981e-01  3.24922949e-02
  7.75756722e-04  7.25921839e-02  1.46708876e-01 -4.84724343e-02
  1.59476046e-02 -5.23581542e-02  2.26435244e-01 -9.04018059e-03
  1.49391174e-01  6.81882724e-02 -1.16697010e-02 -1.12229042e-01
 -1.56379342e-02  2.98182100e-01  3.99951972e-02  9.85148028e-02
 -1.77107975e-01  8.64861012e-02  2.10038006e-01 -2.72666337e-03
  5.98790795e-02  4.19559851e-02 -4.95714024e-02 -1.09930113e-02
  3.32496911e-01  9.67047140e-02  4.78467047e-02  2.24607766e-01
  3.09096389e-02 -1.25042006e-01 -1.34562543e-02  2.52518952e-01
  2.34794774e-04  1.71513874e-02 -7.39847496e-02 -2.00694963e-01
 -4.64625992e-02  1.67199090e-01 -1.41203389e-01 -1.02826677e-01
  1.58560589e-01  9.49778333e-02  3.70475911e-02 -5.42208701e-02
 -1.10089034e-01  6.12473451e-02  8.70854780e-02 -6.99315295e-02
 -8.97731110e-02 -1.33740366e-01 -1.14917427e-01  3.17157507e-02
  1.70827627e-01 -1.35189429e-01  1.34667978e-01  1.70934200e-01
 -1.06304102e-01 -7.33416900e-02  1.36857957e-01  8.11018124e-02
 -2.76874751e-01 -1.38338104e-01 -3.82630751e-02  1.93489958e-02
 -1.47739917e-01 -1.02740593e-01 -1.79669484e-02  1.48708731e-01
  1.00771278e-01  9.24957916e-02  8.42975378e-02  1.34589504e-02
 -1.75047908e-02  8.68342593e-02  3.31100464e-01  1.74679413e-01
 -1.56917050e-01 -2.74828114e-02 -1.61545202e-01 -2.99132764e-01
  1.35862514e-01 -5.63116707e-02 -8.79988819e-02  2.17002541e-01
  2.07242131e-01  5.35002425e-02 -4.36370820e-02 -3.13599765e-01
  1.12017527e-01 -8.15228671e-02 -2.60588974e-01  7.91516975e-02
 -7.13327900e-02 -1.28548518e-01 -8.04159045e-02  5.50869368e-02
  1.04066730e-01  9.43815634e-02  3.28342259e-01 -1.77607805e-01
 -6.74918592e-02  1.35405902e-02  1.39493629e-01  1.08467810e-01
  8.61378238e-02 -2.15891972e-01  6.73560947e-02 -6.56706467e-02
 -1.37506932e-01 -7.95818418e-02  1.52799383e-01  1.27089351e-01
 -1.33224368e-01 -1.05083823e-01  1.68121189e-01  1.91114713e-02
  8.50981623e-02 -8.74372646e-02  5.46083227e-02 -2.10792683e-02
  7.28508607e-02  1.40679786e-02 -3.38661894e-02  4.20101397e-02
  4.51143757e-02 -6.14826046e-02 -2.64185995e-01 -1.61154985e-01
 -6.91391528e-02 -1.09817691e-01 -3.82523686e-02  1.75988868e-01
 -1.75739393e-01 -1.40503854e-01  4.41405885e-02  5.60510121e-02
 -3.21708173e-01 -8.39924440e-02  1.52047515e-01  1.05407558e-01
  1.01252511e-01 -1.70478374e-01  3.20439152e-02 -1.93106368e-01
 -4.82609384e-02  8.52970257e-02  7.80754313e-02 -9.64387357e-02
  5.87852411e-02  5.28087243e-02 -1.13364510e-01 -3.10392436e-02
 -1.59160480e-01  2.74318844e-01  6.92028031e-02 -5.71145304e-02
  9.37389657e-02 -8.23078677e-02 -2.60427315e-02  1.87783744e-02
 -3.57753754e-01 -2.17402697e-01  6.13371469e-02  9.04603451e-02
 -2.98267663e-01  1.23704985e-01 -5.62453195e-02  9.72513855e-02
  3.35959941e-01  1.45153522e-01 -1.18399784e-01  1.27418274e-02
  3.91620547e-02 -3.59106697e-02  1.72046751e-01  1.94574185e-02
 -5.26210107e-02 -6.00874461e-02  1.50437057e-01 -1.13365715e-02
 -1.48766965e-01 -9.34131294e-02  2.07865741e-02  7.52824247e-02
  2.36494258e-01 -1.55549943e-01  1.89953838e-02 -6.18966930e-02
 -1.20392233e-01 -8.69014859e-02 -6.85551092e-02 -7.00989738e-02
 -4.38556336e-02  1.99929222e-01 -1.01678737e-01  7.63804018e-02
  7.51787946e-02  2.48323157e-02  2.79217921e-02 -2.20665298e-02
  6.13019690e-02 -1.75758466e-01 -2.21053772e-02 -6.98205680e-02
  2.90964901e-01  9.17046666e-02  2.00235292e-01  8.13266784e-02
 -6.79134671e-03 -5.36759160e-02  7.80876800e-02  4.41050790e-02
 -1.15396068e-01 -1.07059412e-01 -2.22604573e-02  1.82140633e-01
  9.39088240e-02  2.59336561e-01 -6.25340864e-02  7.23542124e-02
 -3.03251091e-02  4.09630220e-03  4.41363547e-03 -4.69564646e-02
 -1.00235671e-01 -1.29946217e-01 -4.58604693e-02  6.29340634e-02
 -6.48425892e-02 -7.61904940e-03 -3.83688584e-02  1.38589153e-02
 -7.89176393e-03 -5.74132428e-02  1.67458579e-01 -5.82902841e-02
 -3.31403539e-02  8.08967650e-02 -4.22964171e-02 -3.28215994e-02
 -1.74305245e-01 -4.43526618e-02 -3.00090071e-02  6.31602528e-03
 -4.95304763e-02  5.28606437e-02  2.20163222e-02 -5.78953512e-02
  1.45568028e-01 -6.78179637e-02  1.14482410e-01 -6.75461292e-02
 -7.27987364e-02  2.94246171e-02 -8.07413235e-02  1.72115199e-03
 -1.93468571e-01  5.41354828e-02 -2.66292058e-02 -5.39303198e-02
  2.33320636e-03 -1.35777295e-01  1.35021314e-01 -2.41266738e-04
  1.33927509e-01  2.19777990e-02  3.10762003e-02 -7.01306537e-02
 -8.14078823e-02  4.28023338e-02  1.53365240e-01 -1.60947591e-01
  4.30010371e-02  8.15922543e-02 -1.41400965e-02 -8.73241201e-02
 -5.86892385e-03  5.78269102e-02 -1.42437428e-01 -3.46065611e-02
 -4.27608341e-02 -2.37917844e-02 -2.07999513e-01 -6.90291217e-03
 -1.68353040e-02 -4.98556346e-02  6.65171519e-02  3.02170888e-02
 -8.37498903e-02 -3.59350443e-02  1.05493449e-01 -2.77750250e-02
  2.04450727e-01  1.62136063e-01 -1.59473926e-01 -1.17803283e-01
 -5.28817289e-02  1.38381822e-02  9.50827673e-02  5.96097708e-02
  4.04015630e-02  1.70658864e-02  3.00456613e-01 -5.26556920e-04
  8.86100158e-02 -1.31447434e-01  1.08992144e-01 -2.16592103e-01
  3.50907445e-02 -2.82463850e-03 -1.34389296e-01 -5.40552586e-02
  6.53295591e-02  3.62684578e-02 -2.60084867e-02 -4.24585789e-02
  4.22689766e-02 -2.42551100e-02  5.46034388e-02  1.54964805e-01
  9.69157219e-02  1.61273032e-02 -1.46380842e-01  8.53051548e-04
  1.82280108e-01 -6.79232925e-02 -1.43469751e-01 -6.07331283e-02
  1.06938571e-01 -3.25581618e-02  9.18788835e-02 -2.94988871e-01
  1.47589296e-01  1.78011268e-01 -1.23476074e-03  3.82914841e-02
 -1.42866001e-02  1.48694932e-01 -1.44680083e-01 -6.38529211e-02
 -1.35121450e-01  1.21457964e-01 -2.89105102e-02  1.28855988e-01
 -3.78063438e-03 -1.25575975e-01 -7.72640854e-02  2.23941401e-01
 -7.36146420e-02  1.96162447e-01 -1.13710046e-01  8.69516209e-02
  1.23413041e-01 -3.17091011e-02  2.82096237e-01  2.11140234e-02
 -8.25879499e-02  1.97991535e-01  1.30003237e-03 -1.18532509e-01
  1.74838752e-01 -1.84445530e-01 -3.01419050e-02  6.99761137e-02
 -2.93869781e-03 -1.09288106e-02 -7.20313042e-02 -1.78882368e-02
 -2.48804033e-01  2.29678545e-02  1.39930546e-01  6.10566251e-02
 -7.64718652e-02  6.19287975e-02  1.62081476e-02 -7.53810927e-02
  1.46796748e-01  2.29643688e-01 -5.75909987e-02 -6.48748428e-02
  7.63949379e-02 -1.38025656e-01 -1.40052773e-02  1.67366117e-01
 -5.08562140e-02 -8.13761652e-02  2.67302454e-03  7.61354268e-02
 -2.04379130e-02  1.93831265e-01  8.30179229e-02 -2.24947184e-01
  9.40603539e-02 -2.72490941e-02  1.63828030e-01 -7.78332353e-02
 -1.59367025e-01 -1.78649515e-01  1.00975279e-02 -1.35232016e-01
 -8.14187601e-02 -1.23098157e-01 -6.28686771e-02  2.48565257e-01
  1.20260112e-01 -4.06646123e-03  3.03824037e-01 -1.02166675e-01
 -1.93816900e-01 -6.89680055e-02 -1.47939801e-01  1.52467385e-01
 -5.90465963e-02 -4.72041257e-02 -2.90061403e-02  4.44257930e-02
  1.57960445e-01 -3.22705060e-02 -7.71273896e-02 -6.72466680e-02
  7.68759921e-02 -1.28845125e-01 -5.47206700e-02  1.35448240e-02
  9.92464423e-02 -5.73374256e-02  1.17580004e-01  2.18727618e-01
  1.39969587e-01 -8.50044861e-02  1.55792952e-01  2.96875983e-01
  8.32932666e-02 -2.12198868e-01 -8.74262229e-02  2.15640366e-01
  1.12681136e-01  1.07316434e-01 -1.57877326e-01  3.28979045e-01
 -3.02716583e-01 -1.23126619e-01 -1.86447233e-01 -1.26281559e-01
 -1.80140018e-01  6.83160499e-02  1.76774133e-02  5.42819761e-02
  2.43220463e-01  1.08850712e-04  1.84111670e-01  9.30927992e-02
  1.21396534e-01  5.12377778e-03  1.52425393e-02 -3.17559242e-02
  2.07575694e-01  9.22884271e-02  1.63749680e-01 -1.08304471e-01
  1.33292183e-01  1.54731035e-01 -7.20430911e-02 -2.11888909e-01
 -3.21471654e-02  1.45452349e-02  2.04050109e-01 -8.86119083e-02
  1.07089944e-01  1.17568910e-01  2.19135135e-02 -2.67769158e-01
  1.49474934e-01 -2.15451464e-01  4.83603217e-03  2.38091037e-01
  2.41740663e-02  2.17025857e-02 -5.28356396e-02  3.20678055e-01
 -1.91919222e-01 -2.87719995e-01  8.47925395e-02 -1.90634597e-02
  1.27168849e-01  5.57788014e-02 -6.13594130e-02  8.80381837e-02
  2.35498883e-02  1.40887782e-01  7.51157328e-02  8.58191550e-02
  1.02182828e-01 -2.34746590e-01  5.06759845e-02  5.78251593e-02]