http://erau.edu/ontology/meme.owl#IAmGrootMeme
[-0.05211096 -0.1316481  -0.08460934  0.03451735 -0.0216075   0.05357495
  0.14603184  0.04700422 -0.05880888  0.02352551  0.14079855 -0.08996809
  0.00577207 -0.05114487 -0.04094004 -0.01411632  0.06539074  0.10073438
 -0.0146293   0.02735453 -0.22352935  0.12517114  0.09449798 -0.22308935
  0.11309177 -0.01280007 -0.04565503 -0.10652841  0.17657252  0.1214399
  0.07697965  0.03613563  0.01259849 -0.0798384  -0.09777777  0.18275826
  0.03735024  0.09151198 -0.10456193 -0.18360205  0.04126079  0.13408776
 -0.13390006  0.0013833   0.04979686  0.0784302  -0.07865696 -0.0731812
 -0.02362977  0.08767118  0.04377208 -0.03782284 -0.06331232 -0.13100192
 -0.04771565  0.04492842  0.10089868 -0.1275634   0.12842113  0.04683392
 -0.06672157  0.00231788  0.05924918 -0.00671182 -0.10448733 -0.14992584
 -0.00481779 -0.05891513 -0.02803474 -0.10498486 -0.07229814  0.11430889
 -0.02058806  0.03349373  0.02577968  0.14701237 -0.12403366 -0.02704107
  0.06565081 -0.03030504 -0.07912583 -0.01415629  0.00912604 -0.25238612
  0.08069742 -0.09651771 -0.14172092  0.06247599  0.05739832 -0.02460659
  0.03205054 -0.23261239  0.06923625 -0.05929857  0.00560741  0.04742274
 -0.03375894 -0.01063331 -0.07119439 -0.08368263  0.10477801  0.09563456
  0.26192054 -0.0887488  -0.02514937 -0.0348168   0.20306389  0.00738437
  0.04586711 -0.07240462  0.07300789  0.01359483 -0.12046715 -0.05890606
  0.12859972  0.01348391 -0.29681754 -0.13631554  0.00677319  0.0089461
 -0.05696917 -0.08304761 -0.01153604  0.06943378  0.09369964 -0.11237064
  0.11218449  0.03184412  0.04659035  0.0431092  -0.18825896 -0.06732846
  0.03367069 -0.09573937 -0.06182042  0.15843645 -0.061678   -0.14220363
 -0.17159092  0.07873205 -0.26228264  0.08318026  0.15157709  0.07047117
  0.1944239  -0.22047974  0.02995672 -0.18398336 -0.13417308  0.15859073
 -0.03983908 -0.07587625 -0.00173239  0.09131867 -0.02264684  0.07907373
 -0.15527143  0.18683243 -0.00663418 -0.04976631 -0.04474193 -0.1187752
  0.0063979  -0.05694573 -0.22507544 -0.10507697 -0.04591773  0.08327627
 -0.289299    0.16936725  0.00641081  0.23043194  0.19858395  0.23167004
 -0.0749677  -0.12526006  0.05290867 -0.09792473  0.14533472  0.01825651
 -0.12703626  0.1475124   0.05743461 -0.0123391  -0.07346079 -0.00981862
  0.08576123  0.13042878  0.10823397 -0.06284452  0.10877888 -0.03128679
 -0.15360062 -0.11485639  0.02067038  0.04604503  0.01470628  0.11305264
 -0.01682635 -0.05047773  0.01830784  0.07269485  0.02241833 -0.05427888
 -0.11653662 -0.22887735 -0.07731445 -0.01230634  0.06164506  0.19293076
  0.18615864  0.02348211  0.03650077  0.00097792  0.00982748 -0.04540441
 -0.11375277 -0.14586961  0.08619796  0.02004997  0.01081016  0.13303499
 -0.08064477 -0.0319494   0.03973089  0.15440845 -0.07928875  0.01334555
 -0.01300902  0.00164035  0.07619487  0.08872506 -0.02341252 -0.11266334
 -0.02209369  0.01813839 -0.00938313 -0.09083516  0.14083467 -0.07800489
 -0.01473504 -0.14623474 -0.02468246 -0.09216951 -0.19123599 -0.06295068
 -0.21525538 -0.02279849  0.05401383 -0.06138998 -0.02061753  0.06358486
  0.13031346 -0.01352099  0.08973181  0.01696095  0.02276856  0.1030694
  0.09530032  0.07824974 -0.03877566 -0.13919732  0.00221911 -0.05616208
 -0.05003187 -0.2554026  -0.07951744  0.00607323  0.00794357 -0.1294543
 -0.06618591 -0.0008744  -0.01216703  0.08796264  0.11618908 -0.06437861
  0.16364272 -0.02549646  0.02334664  0.00470204  0.13806537  0.02710311
 -0.0112352  -0.06190628 -0.20502594  0.0163946  -0.00595714 -0.09750828
  0.02887366 -0.06245884 -0.06092948 -0.08839512 -0.00846627  0.0295925
  0.04809728 -0.00368299  0.01005909  0.05508846 -0.14798851 -0.11155359
 -0.2609971  -0.05582786  0.00781551  0.18033023 -0.05231323  0.0066257
  0.09064121 -0.0205073  -0.03124305  0.09051843  0.09979983 -0.1282914
 -0.06640358  0.04025193 -0.09987617  0.09430504 -0.01803817  0.01119041
 -0.02089858 -0.09941613  0.05721216 -0.1687485   0.21003814  0.17047474
 -0.00790392  0.11761595 -0.18275833 -0.05646304  0.09806109  0.0173725
 -0.04652343 -0.05021914  0.08473931 -0.08077752 -0.14622076 -0.2057119
  0.19844769  0.04408307 -0.07924718  0.11307424 -0.04891356  0.07803413
 -0.08510647 -0.06198981 -0.07046262 -0.04226767 -0.0505257   0.0538065
 -0.06872156 -0.09837217  0.00862412  0.03735813 -0.2828647   0.12405728
 -0.13108324  0.10611025  0.04349685 -0.09474335  0.22651787 -0.00475005
 -0.09976095  0.03378607 -0.02501068  0.03199884  0.05274457 -0.06832422
 -0.09223764  0.03666525  0.04828973 -0.03799201  0.06049871 -0.07228985
 -0.172167    0.06711474 -0.02745197 -0.06187647 -0.09432857  0.05642405
  0.04529572 -0.05488758  0.02413026  0.17619403 -0.10098553 -0.12884709
  0.10701163 -0.13033387 -0.20394063  0.23497453 -0.1961809  -0.21678878
 -0.09106488  0.02544474 -0.1347905   0.35598102 -0.07205115 -0.2887376
  0.04815241  0.0495974   0.46101764 -0.03772936  0.06329562 -0.14750026
  0.05521849 -0.34108484 -0.22381745  0.04453819  0.0098354   0.4927246
  0.1086214   0.13512075  0.08070673 -0.1553091  -0.21476305  0.00474171
  0.02564748  0.04256643  0.05429704 -0.12552725  0.02208069  0.1743749
  0.12203048 -0.04179504 -0.06054702  0.04865602 -0.11585544 -0.16337658
 -0.0048096   0.20628478  0.14992936 -0.06173828  0.0175624   0.26932463
  0.07870497 -0.22931461  0.08785066  0.0614471   0.11280242 -0.00962306
  0.06111448  0.06612767  0.09945375  0.00490158 -0.03276667  0.18967919
 -0.18165408  0.00997511 -0.15787505 -0.04278968  0.0065549   0.07674666
  0.04760368  0.06464589  0.05903326  0.02528493  0.12499803  0.05856841
  0.10821722  0.15373132  0.07733705 -0.05052679  0.16468461  0.08050356
  0.09251649 -0.1002642  -0.04617096  0.08350181 -0.07542908 -0.06482198
 -0.02987487  0.06175563  0.13730563 -0.03433564  0.1859273   0.08118383
  0.00136395 -0.23641124  0.04673988 -0.06783309 -0.05302282 -0.00261793
 -0.0263772  -0.03486136 -0.11105821  0.22372092 -0.06641054 -0.09122651
 -0.02295875 -0.08486495  0.01917538  0.01674497 -0.06910611 -0.01031682
 -0.03656028 -0.05280139  0.12974587 -0.03639653 -0.02152922  0.00371048
  0.00849129  0.14805295]