http://erau.edu/ontology/meme.owl#NambiaMeme
[-6.94273859e-02 -1.04773559e-01  3.81090306e-02  4.14697193e-02
  2.85571162e-02  5.94182499e-02  7.57577792e-02 -2.93567795e-02
 -1.86984949e-02 -1.35225877e-01  7.41294548e-02  1.18673053e-02
  8.81646108e-03 -1.29185347e-02 -7.81026185e-02 -9.59680974e-02
  1.67694971e-01  4.54198010e-02  4.25513126e-02  7.85117224e-02
 -1.65335238e-01  1.09223783e-01  4.95980792e-02 -9.90085751e-02
  2.94321746e-01 -1.38824195e-01 -5.92498705e-02 -5.82577623e-02
  3.53000194e-01  1.54946432e-01  1.74866483e-01  1.04254536e-01
  5.60153928e-03 -1.07245989e-01 -1.89198982e-02  1.81290954e-01
 -4.12619719e-03  2.74890214e-02 -5.24456166e-02 -9.14584771e-02
 -7.18427300e-02  1.58762425e-01 -2.01768577e-01  5.61646037e-02
  1.10743292e-01 -2.27001924e-02 -5.50488709e-03 -1.30446881e-01
  1.83517393e-02  7.47313630e-03  5.56210428e-02  1.07940704e-01
 -1.18866064e-01 -1.66517556e-01 -1.64157391e-01  7.22624511e-02
  1.68009385e-01 -2.27513701e-01  1.62206009e-01  9.05191973e-02
  4.66829427e-02 -2.40352750e-02  1.34195790e-01  4.50564846e-02
 -1.11525126e-01 -9.05667320e-02  1.41422004e-01 -8.08773283e-03
 -1.04658015e-01 -4.20797616e-02 -9.85646844e-02  8.61939639e-02
  1.42241031e-01  6.10121293e-03  2.46895496e-02  7.81275034e-02
  1.47782722e-02  9.66787189e-02  9.07275826e-02  5.40718287e-02
 -7.79678971e-02 -1.37724638e-01 -2.30837259e-02 -1.34638011e-01
  1.20234624e-01 -1.47742722e-02 -7.88986683e-02  1.08034052e-01
  6.92330971e-02 -6.40290305e-02 -3.13660763e-02 -1.10759005e-01
  5.16638122e-02 -9.87459794e-02 -8.18845704e-02  2.93154214e-02
  5.13358302e-02 -7.59783713e-03 -8.23057964e-02 -8.20229501e-02
  1.53393194e-01  7.81629905e-02  2.71069378e-01  4.55875788e-03
 -2.69306228e-02  1.41148254e-01  6.16736636e-02  8.01741518e-03
 -7.76707381e-02 -7.74251809e-03  3.53579074e-02 -2.74640266e-02
 -1.29375786e-01 -8.51398483e-02  1.21967271e-01  1.70139633e-02
 -1.49801478e-01 -4.69672233e-02  8.36177170e-03  3.78815681e-02
  2.00173352e-02 -4.45068479e-02 -1.32554054e-01  1.24559581e-01
  1.89696148e-01 -1.04230605e-01  1.51621662e-02  8.23076889e-02
  5.97413294e-02  6.25882670e-02 -2.39142552e-01 -7.07845613e-02
 -7.07581267e-02 -1.63356185e-01 -5.68958521e-02  1.38988063e-01
 -2.23432705e-02 -1.27916876e-02 -1.71792686e-01  1.12570979e-01
 -2.49177039e-01 -2.63398793e-03  1.48504242e-01  4.78692912e-02
  2.06736267e-01 -2.49887407e-01  9.75550935e-02 -5.84782511e-02
 -9.58722532e-02  1.15222782e-01 -2.09450647e-02 -5.46944253e-02
 -1.46434128e-01  7.22005442e-02 -1.31844267e-01  1.46475226e-01
 -1.04734048e-01  1.85056016e-01  8.97849575e-02 -3.41612026e-02
  5.08816987e-02  1.89571977e-02  2.06471216e-02 -8.29308573e-03
 -2.38797233e-01 -1.21695042e-01  3.18805948e-02  1.36674702e-01
 -2.64513999e-01  1.23099081e-01 -1.54254083e-02  2.01430917e-01
  2.49044687e-01  1.27756432e-01 -6.13049567e-02  2.25680508e-02
 -2.12627873e-02 -2.74805240e-02  1.11930802e-01 -4.84723188e-02
 -1.28522754e-01  3.14517058e-02  7.89412577e-03  4.47200947e-02
 -3.37748900e-02 -5.37924357e-02  1.47743419e-01  7.65989125e-02
  1.11633047e-01 -8.72929767e-02  5.09125879e-03 -5.61248399e-02
 -1.02385812e-01 -9.86289307e-02  1.02989756e-01 -7.81699941e-02
  4.67445096e-03  1.24621518e-01 -5.51068522e-02 -9.67453346e-02
  3.33907008e-02  2.80921515e-02  7.86612630e-02  7.97859803e-02
 -6.75151646e-02 -2.77182579e-01  3.47256772e-02 -7.38468096e-02
  2.40393519e-01  1.63557127e-01  2.70974994e-01  5.39875254e-02
 -1.11220740e-02 -1.26768257e-02 -1.70082599e-02 -2.36474001e-03
 -8.59123319e-02 -2.73178592e-02  1.22039959e-01  1.44348353e-01
  1.33663891e-02  1.15229264e-01 -9.47034806e-02  6.11236095e-02
  9.74784493e-02  4.47418205e-02 -2.55038217e-02  3.89535576e-02
  1.31880364e-03  9.62031074e-03  3.13849142e-03 -6.65885061e-02
 -9.93939042e-02 -1.95845053e-01 -8.13366938e-03  1.41583025e-01
 -1.12539679e-01 -2.35618234e-01 -2.80951168e-02 -9.73224789e-02
 -3.09983529e-02 -6.95129111e-02  5.83185479e-02 -9.21972245e-02
 -1.80377766e-01 -5.26792482e-02 -1.02288783e-01 -1.17686681e-01
  4.55095395e-02  6.22844845e-02  8.59424770e-02  3.68264765e-02
  1.23729073e-01 -2.61971429e-02  1.54179484e-01  4.85635409e-03
 -1.40888527e-01  8.68691429e-02 -7.02073053e-02  1.04409464e-01
 -1.43577680e-01 -6.25581890e-02 -3.36981229e-02 -1.98198900e-01
 -1.25014782e-01 -1.12960584e-01  1.23372473e-01  5.99509403e-02
  7.45025575e-02 -1.32717267e-01 -1.45764738e-01 -1.75122004e-02
  6.31485507e-02 -6.78687096e-02  4.15518470e-02  3.62592451e-02
  7.86406919e-02  4.62658219e-02  1.66447312e-02 -1.38246734e-02
  1.86480314e-01  1.23693012e-01  6.54729679e-02 -1.27443716e-01
 -9.33348835e-02 -7.10234493e-02 -1.19697861e-01 -2.11029164e-02
  4.17797081e-03 -4.23784070e-02  8.83684214e-03 -1.98561206e-01
  4.61843610e-02 -3.56619656e-02  3.98021601e-02  3.52014601e-02
  6.94849938e-02 -2.74535827e-02 -1.00288071e-01 -1.10014983e-01
 -1.17020026e-01  2.88965292e-02  1.94363650e-02  1.17082819e-01
 -8.54530185e-02  4.25626263e-02  6.89490214e-02 -6.44465312e-02
 -7.18292445e-02 -3.00703179e-02  2.13492125e-01 -1.29356310e-01
 -9.73544121e-02  2.43981984e-02 -1.36321306e-01  5.64310886e-02
 -1.13198064e-01  4.00811248e-02 -2.44093500e-02 -1.24905743e-01
  1.78895772e-01 -4.67056260e-02  1.13624677e-01  1.69393808e-01
 -4.79773134e-02  1.29300682e-02 -7.41110221e-02 -3.87619017e-03
  6.29804656e-02  5.60644381e-02  2.84561720e-02 -6.75570369e-02
 -1.56871267e-02 -2.46071801e-01 -1.68865565e-02 -1.86463445e-01
  1.29964620e-01  8.68173167e-02  8.05213377e-02  1.00532524e-01
 -5.98810688e-02  8.74636546e-02 -2.32803216e-03 -8.27955306e-02
 -1.01231195e-01 -1.00220934e-01 -1.17657907e-01  1.18223175e-01
 -4.14823741e-02 -1.35558933e-01 -4.25597802e-02  3.12090367e-02
 -1.40855268e-01  1.77937955e-01 -2.37544551e-01  8.76891166e-02
  9.29351449e-02  7.36135989e-02  1.76813737e-01 -1.25239432e-01
 -8.06913823e-02  1.19167350e-01 -6.05927664e-04 -5.78392558e-02
  6.46701036e-03  5.39764166e-02 -8.00797120e-02  1.08903907e-01
  7.53392130e-02  3.70304510e-02 -1.07307751e-02 -8.02287832e-02
 -2.03578994e-01  1.33682668e-01 -7.66909868e-03 -2.78244428e-02
  3.68565619e-02  6.09115139e-02 -5.91676570e-02 -7.76446760e-02
  4.72104438e-02  1.21001326e-01 -6.09144568e-02 -1.20834030e-01
 -3.53001151e-03 -2.01530308e-01 -1.45298541e-01  3.03058624e-01
 -7.47595876e-02 -2.24410951e-01  1.23023324e-01  5.90890013e-02
 -5.04104383e-02  3.48897189e-01  1.93340406e-02 -2.25600347e-01
  1.06132835e-01  9.26672816e-02  5.15594721e-01 -1.25156626e-01
 -7.37164617e-02 -1.86623290e-01  1.43486544e-01 -3.12946767e-01
 -2.06882641e-01  5.60694262e-02 -1.56251356e-01  4.04740453e-01
  9.46620256e-02  3.49685848e-02  1.97104309e-02 -1.55340672e-01
 -1.59624636e-01 -2.74955425e-02 -6.17917776e-02  1.11642912e-01
 -7.66467303e-02 -1.30046993e-01 -9.62860584e-02  8.27430040e-02
  1.51943654e-01 -2.84418780e-02 -1.28448129e-01 -5.01247421e-02
 -5.11782803e-02 -1.75724536e-01 -5.87049797e-02  1.06824256e-01
  1.38653114e-01 -1.56086627e-02  7.40105063e-02  2.06831321e-01
  4.72659245e-02 -1.56805098e-01  1.92899182e-01  1.93834499e-01
  1.53775766e-01 -8.83925781e-02  5.82569726e-02  1.18074613e-02
  1.39675155e-01  7.44816139e-02 -9.57391560e-02  2.86628067e-01
 -1.79466069e-01 -2.96095561e-04 -1.88647985e-01 -1.62934011e-03
 -8.20375010e-02  1.03101581e-02  7.17265680e-02  1.15480877e-01
  1.30224705e-01 -5.07368408e-02  1.35012373e-01  7.10540116e-02
  1.48246884e-01  4.97979783e-02  5.84049933e-02 -3.19902115e-02
  1.34380102e-01  2.48154685e-01  1.67139634e-01 -1.15052693e-01
  7.29184300e-02  3.26037668e-02  1.29066005e-01 -2.08920479e-01
 -3.67329605e-02  4.70333546e-02  9.67796817e-02  4.72592376e-02
  1.54310882e-01  1.31803110e-01  5.05315587e-02 -2.16792285e-01
  8.30876976e-02 -1.07579976e-01 -6.64021745e-02  1.81852892e-01
 -5.21427393e-02 -1.30241171e-01 -4.44563031e-02  1.82759359e-01
 -1.41536430e-01 -1.91187903e-01 -1.34021565e-01 -3.67917009e-02
  7.56100342e-02 -5.58114722e-02 -7.65678063e-02 -1.20794596e-02
 -5.01492061e-02  3.43278907e-02  6.00041114e-02  1.48647517e-01
 -5.99248847e-03 -4.98363301e-02  6.33090138e-02  5.49696907e-02]