http://erau.edu/ontology/meme.owl#MineCraftAwesomeParodysMeme
[-1.75234124e-01 -1.27804101e-01  2.99206171e-02  1.51179552e-01
 -2.25950647e-02  5.68834580e-02  1.47244886e-01 -2.70394050e-02
  5.80054559e-02 -8.60289410e-02  5.40907569e-02 -1.39248595e-01
  1.13919012e-01  3.02535482e-02  1.39104063e-02  9.46017157e-04
 -5.31385168e-02 -7.03525217e-03 -7.11387619e-02  1.70651823e-01
 -8.51736516e-02  7.93714076e-02  4.51582521e-02 -1.37345031e-01
  3.64765190e-02 -9.71418098e-02 -3.89406830e-02 -8.18694979e-02
  2.84378648e-01  1.14605702e-01  6.83014020e-02  1.71060935e-01
  5.71716577e-02 -9.94032025e-02 -5.22455461e-02  2.26118162e-01
 -1.24928884e-01  8.28264430e-02  7.86446780e-02 -4.96939123e-02
 -1.17598876e-01  1.23319656e-01 -2.02757046e-01 -2.98515856e-02
  9.24132839e-02 -2.08784565e-02  6.29559085e-02  4.37410213e-02
 -7.49986805e-03  5.34160770e-02  4.02816236e-02  2.74196602e-02
 -1.12865321e-01 -4.85831313e-02 -6.58796951e-02 -2.62086987e-02
  3.81768793e-02 -1.65087566e-01  6.88029751e-02 -1.77090876e-02
 -1.31056830e-02 -5.35457060e-02  7.89829195e-02  6.80817887e-02
 -4.82064411e-02 -6.97292984e-02 -8.06759596e-02 -5.45551218e-02
 -1.00916468e-01 -1.54429317e-01 -2.46565029e-01  1.25919148e-01
  7.13391751e-02  7.40691647e-02  3.24761420e-02  7.58314580e-02
 -5.03460877e-02  5.74031584e-02  1.23259626e-01  1.88635141e-02
 -7.31334910e-02  2.20324397e-02  4.72616404e-03 -2.76557535e-01
 -1.46242669e-02 -5.03330827e-02 -9.95133594e-02  1.05571888e-01
  1.14913963e-01 -7.40686581e-02 -1.55036405e-01 -1.66434661e-01
  9.71664935e-02 -1.08796753e-01 -3.81323621e-02  8.16079602e-02
 -7.41912723e-02 -5.12415729e-02 -1.47070497e-01  2.44222372e-03
  1.46308802e-02 -5.57240397e-02  3.84117156e-01 -4.96240854e-02
 -4.50275876e-02 -3.19152735e-02  2.05215380e-01 -2.88299453e-02
 -3.47650498e-02 -1.80421144e-01  6.38120575e-03  1.27285659e-01
 -1.45600289e-01 -1.67620912e-01  1.60948843e-01  2.46212691e-01
 -2.86305904e-01 -3.68453637e-02  8.96099061e-02  9.77403298e-02
 -4.63871397e-02 -1.88578442e-01 -5.13190515e-02  1.30060405e-01
  3.44764553e-02  4.27779974e-03  1.06756063e-02  1.85934943e-03
  2.54181623e-02 -1.36644039e-02 -1.55734137e-01  1.37722548e-02
  3.77189219e-02 -1.21026635e-01 -7.33006224e-02  2.62179598e-02
 -5.81590496e-02  5.74082769e-02 -8.91409889e-02  1.53710485e-01
 -1.65848076e-01  4.34972309e-02  1.50045455e-01  9.66518000e-02
 -4.78254631e-02 -1.84118301e-01  4.47752066e-02 -5.79746291e-02
 -1.88856889e-02  1.09646872e-01 -3.78324874e-02 -1.04600877e-01
  2.50421837e-02  6.94510639e-02 -1.50824524e-02  4.64138500e-02
 -1.22962065e-01  2.15835467e-01  9.78232846e-02 -5.07614464e-02
 -6.48820726e-03 -1.58587113e-01 -3.77388634e-02 -1.84688158e-02
 -1.56737745e-01 -1.53037503e-01  1.38243958e-02  1.47175059e-01
 -3.33422273e-01  1.28988400e-01  4.67083082e-02  7.17313960e-02
  1.84010148e-01  9.06600580e-02 -1.19023323e-01  2.91247610e-02
 -4.29012440e-02 -1.30915627e-01  5.73801547e-02 -1.10432673e-02
 -3.53483930e-02  1.58782184e-01 -4.83567417e-02  3.20486873e-02
 -2.08005570e-02  5.94288632e-02  1.19129658e-01  2.05754992e-02
  2.01575175e-01 -4.25208062e-02  4.67731245e-03 -1.70018785e-02
 -1.78427711e-01  3.51232588e-02 -3.68332900e-02 -3.62921208e-02
  6.57493994e-02  1.61096156e-01 -1.09200276e-01 -8.71263295e-02
  6.01190254e-02 -7.78178424e-02 -1.25498297e-02 -1.98597312e-02
 -4.94596958e-02 -2.12083593e-01 -8.84370059e-02 -5.25689796e-02
 -9.74506326e-03  7.83404484e-02  1.51576981e-01  9.39383656e-02
  5.71322329e-02 -2.25820411e-02  3.97711881e-02  7.67299011e-02
 -7.70861506e-02  2.54642311e-02  6.75513595e-02  5.67181818e-02
  1.13163561e-01  9.56732631e-02  5.46329934e-03  1.43316630e-02
 -1.83365569e-02  3.59521694e-02 -7.00352043e-02 -9.01470110e-02
 -6.56607971e-02  3.30493860e-02 -4.91272099e-02  3.77801619e-02
  4.80439514e-03 -6.75670579e-02  2.22705267e-02  3.32556316e-04
 -1.08860172e-01  1.44023737e-02 -2.23869849e-02  6.50217175e-04
 -2.14225799e-02 -1.38411834e-03  4.25872616e-02  7.15462631e-03
 -2.22749740e-01 -7.22545851e-03 -1.14319198e-01 -1.57936141e-02
 -9.92738977e-02  4.90536876e-02 -3.16101871e-02 -2.50117145e-02
  1.19774856e-01  6.88654408e-02  2.31813371e-01 -9.38478485e-02
 -6.50614500e-02 -8.37360173e-02  3.09912022e-02 -4.35867868e-02
 -9.07439664e-02 -2.12914914e-01 -1.22005984e-01 -3.39343846e-02
  3.11235487e-02 -1.78432122e-01  4.40764576e-02  4.21827361e-02
 -2.23343782e-02 -3.38828564e-02 -3.16809118e-02 -7.24375546e-02
 -8.26294050e-02  3.61464880e-02  1.24363750e-01  7.23334728e-03
 -4.91459062e-03 -9.34606567e-02 -1.10456452e-01 -1.53801171e-03
  5.21725826e-02  6.30779490e-02 -4.71387096e-02 -8.43356773e-02
 -1.27966732e-01  3.79471667e-02 -5.91971613e-02  5.51880300e-02
 -4.02401015e-02 -2.05985069e-01  3.94601142e-03 -9.43051577e-02
 -2.88553722e-02 -5.31461975e-03 -5.62239671e-03  4.38807905e-02
  3.87025531e-03  4.25888784e-03 -7.25418255e-02 -9.49160084e-02
 -1.17029265e-01  7.50747845e-02  1.07752465e-01 -5.57975769e-02
 -5.09717502e-02 -2.22366601e-02  1.24732904e-01 -2.40699425e-02
 -7.42011145e-02  1.15532158e-02  1.92504808e-01 -1.22952379e-01
 -2.46912930e-02 -2.13182159e-02 -1.36997877e-02  8.74407291e-02
  1.60139743e-02  6.13530213e-03 -3.03110443e-02 -5.70041537e-02
  9.46777984e-02 -2.04892561e-01  6.93449304e-02  1.77419499e-01
 -2.27958094e-02 -7.50840902e-02 -9.60979238e-02 -2.19563171e-02
  1.02302007e-01 -7.74202589e-03 -5.42264469e-02 -8.05059541e-03
  7.89367035e-02 -9.71346945e-02  1.15155585e-01 -1.58358231e-01
  9.30019130e-04  1.47569478e-02  2.83116605e-02 -3.57588828e-02
  4.71023582e-02  5.51439561e-02 -4.81931008e-02 -5.96123859e-02
 -1.34423852e-01  7.41702318e-02 -2.45841034e-02  4.03762758e-02
  7.94479027e-02 -1.08227246e-01  5.69797074e-03  5.32485992e-02
 -1.45700321e-01  1.16229847e-01 -3.69052775e-02  4.42199931e-02
  1.28388211e-01  4.70286570e-02 -2.44348273e-02 -1.24510583e-02
 -5.30321635e-02  9.73453000e-02 -1.80966724e-02 -3.52564901e-02
  1.41844749e-01 -6.47169128e-02  5.43105192e-02  2.56918911e-02
  3.25207412e-02  3.61995995e-02 -4.54058591e-03 -8.35612342e-02
 -1.72623292e-01  8.17295909e-03  1.53138876e-01  6.49563894e-02
 -6.95855170e-02 -7.35323355e-02 -3.87467705e-02 -2.71287002e-02
 -3.67303519e-03  1.16905369e-01 -9.56436433e-03 -1.21982507e-01
  9.98075679e-02 -9.02694538e-02 -1.27073035e-01  6.57240972e-02
 -9.51191559e-02 -9.70423296e-02  6.91603422e-02  1.01567894e-01
  2.66011246e-02  2.25545958e-01 -4.56451140e-02 -1.36534795e-01
 -3.71076725e-02  1.42341748e-01  1.79803133e-01 -9.17414799e-02
 -7.26622716e-02 -5.52176647e-02  1.74595535e-01 -2.11802199e-01
 -8.17575529e-02  4.16807123e-02 -1.70565695e-02  3.22655946e-01
  1.19555285e-02  4.34137434e-02  4.67555523e-02 -1.51527435e-01
 -1.06961638e-01  7.55430385e-02 -9.42486599e-02 -3.12628821e-02
 -1.24997906e-01 -4.92818542e-02 -3.67347151e-02  1.41189680e-01
  3.02574597e-02 -4.41930480e-02 -1.90645501e-01 -6.08933680e-02
  5.61056398e-02 -7.61515722e-02 -7.99211487e-02  1.57071613e-02
  1.28852159e-01 -7.48073980e-02  5.13718054e-02  1.51256576e-01
 -9.18121077e-03  1.34625658e-02  1.38848037e-01  1.84786409e-01
  7.31823519e-02 -1.58316955e-01 -9.34370473e-05  1.23482630e-01
  1.56834424e-01  8.23674947e-02 -1.44638792e-01  2.75980175e-01
 -2.04732627e-01 -1.47209495e-01 -2.71526486e-01 -5.22211455e-02
 -1.62877142e-01  7.56748244e-02  4.56709303e-02  2.01228827e-01
  7.77222440e-02 -4.55721132e-02  1.55657291e-01 -3.30794826e-02
  8.27846080e-02  4.96478714e-02 -2.80286968e-02 -1.16519770e-02
  1.36327580e-01  4.01357412e-02  4.84820493e-02 -1.04341693e-01
 -3.31482152e-03  8.25187936e-02 -7.44384108e-03 -1.06189638e-01
 -2.90787034e-02 -2.01893579e-02  1.98117375e-01  3.13021131e-02
  9.80713964e-02  1.73657045e-01  1.24742121e-01 -5.14927097e-02
  1.48948923e-01 -2.03644514e-01 -6.71661049e-02  1.15507446e-01
 -1.84716936e-02  4.87170815e-02 -5.85861430e-02  3.01187932e-01
 -1.44142121e-01 -2.20795915e-01  4.71971631e-02  3.12000122e-02
  1.38889506e-01  6.96245953e-03 -2.40990203e-02 -2.90244073e-02
  6.15162477e-02  1.34688422e-01  3.28984037e-02  3.24002914e-02
 -6.56607077e-02 -6.31663874e-02  3.56855243e-02  6.75650835e-02]