http://erau.edu/ontology/meme.owl#ThoseWhoFightFurtherMeme
[-1.43434882e-01 -1.91581696e-01  4.99930196e-02  1.49104614e-02
  8.28968640e-03  5.57738636e-03  2.04117581e-01  5.96930124e-02
 -3.10232099e-02 -4.72448617e-02  1.28735006e-01 -5.55633716e-02
  2.78296079e-02  2.24277005e-02 -6.04245737e-02 -2.60580182e-02
  4.34900522e-02  2.23934442e-01  1.56256836e-02  6.64872974e-02
 -3.21050704e-01  4.22943346e-02  1.20481670e-01 -1.20181061e-01
  6.08520769e-02 -5.73675781e-02  3.97904590e-02 -1.71515331e-01
  2.50762612e-01  9.63938013e-02  4.52327318e-02  9.60003734e-02
  6.21280596e-02 -1.20591946e-01 -1.84229040e-03  2.93402642e-01
  1.63567010e-02  1.20927505e-01  2.83667371e-02 -2.55666405e-01
 -8.00064579e-03  1.73324943e-01 -1.71019122e-01 -1.21730819e-01
 -2.07299292e-02  1.26841247e-01  5.76073937e-02  5.14925346e-02
  3.22660953e-02  6.72502890e-02  4.21614572e-02 -2.78717279e-02
 -9.82836857e-02 -1.48910299e-01 -1.77771047e-01 -1.33326640e-02
  1.04436710e-01 -6.54083863e-02  1.36343226e-01  1.65924802e-01
 -1.58722565e-01 -9.62812454e-02  1.34724751e-01  1.83032956e-02
 -2.09722757e-01 -6.38395324e-02 -5.73196448e-02 -2.07847320e-02
 -7.51102567e-02 -2.02148467e-01 -1.01436734e-01  1.27194047e-01
  2.01556206e-01  1.36979997e-01  2.49550510e-02  1.40024170e-01
 -8.03873092e-02  2.66340170e-02  2.09675729e-01  1.16876937e-01
 -9.97638777e-02 -1.57670930e-01 -8.95547494e-02 -2.28426829e-01
  2.28452422e-02 -8.74633640e-02 -1.00124687e-01  1.09017149e-01
  9.76899341e-02 -1.44826225e-03 -5.51979020e-02 -2.97067910e-01
  1.39739767e-01 -5.23834899e-02 -2.23671928e-01  6.34030253e-02
 -1.75791550e-02 -6.33119419e-02 -6.05343021e-02 -9.68009047e-03
  1.00094549e-01 -2.35208366e-02  3.02735478e-01 -1.71135873e-01
  1.29533000e-03  1.59233045e-02  1.32560596e-01  3.35022174e-02
  5.13984412e-02 -7.94633478e-02  8.18307176e-02  3.91043015e-02
 -2.17553899e-01 -1.47619709e-01  1.43020958e-01  8.27306062e-02
 -3.24114203e-01 -1.62564337e-01  8.40238631e-02  1.49743557e-01
 -3.68251614e-02 -4.74981181e-02  2.02183966e-02  1.76367676e-03
  3.85482647e-02 -1.27834961e-01  3.62014286e-02 -6.23039752e-02
  4.83142920e-02  2.46876497e-02 -1.72049224e-01 -1.15070380e-01
  4.44558449e-02 -2.94857919e-02  4.47232202e-02  1.66475549e-01
 -1.23794973e-01 -1.07855111e-01 -4.06543650e-02  3.87079939e-02
 -3.59948874e-01 -6.51957374e-03  9.31222588e-02  1.93294212e-01
  1.77178636e-01 -1.37483791e-01  1.88127253e-02 -2.17821181e-01
 -7.72713646e-02  1.87837437e-01  4.03888077e-02 -1.26917586e-01
  5.55201480e-03  7.98980054e-03 -7.99665749e-02  3.06258891e-02
 -2.48286411e-01  1.72194123e-01  1.24667570e-01 -1.67064831e-01
  5.87480068e-02 -1.86270162e-01 -4.57992661e-04  5.69252893e-02
 -2.27774575e-01 -2.47139335e-01 -2.40806993e-02  1.54193431e-01
 -3.80845070e-01  1.21220075e-01  7.95766190e-02  1.82688251e-01
  2.84964561e-01  2.26653397e-01 -1.30488630e-02 -7.02557117e-02
 -7.80412108e-02 -8.62450972e-02  1.78945199e-01  2.03334708e-02
 -1.01332448e-01  1.15724877e-01  1.04853012e-01 -4.98695709e-02
 -9.57838744e-02  4.95551005e-02 -2.99373060e-03  1.35197967e-01
  2.81463116e-01 -6.68381900e-02  3.98970209e-02 -5.46736158e-02
 -1.99536234e-01 -8.17125961e-02 -8.66224617e-02  5.58362603e-02
  4.89267632e-02  1.50025532e-01 -1.52291030e-01 -4.12640488e-03
  5.11367694e-02  5.81738465e-02  7.10537955e-02 -3.59074622e-02
 -1.62406638e-02 -1.75759494e-01 -5.23651280e-02 -7.46967047e-02
  9.70697701e-02  1.01827912e-01  2.15593234e-01  1.88083097e-01
  1.34555185e-02 -4.01847139e-02  7.63866976e-02 -2.32665576e-02
 -1.36667252e-01 -4.92287166e-02  8.75543579e-02  9.15385485e-02
  2.41112202e-01  1.38379604e-01 -5.58086149e-02  5.50611084e-03
 -9.25382413e-03  1.69043560e-02 -1.35341957e-01 -7.01571256e-02
 -2.01657694e-02 -7.52279023e-03  4.50061485e-02  3.39000002e-02
 -5.61239272e-02 -3.06733698e-02  4.76059020e-02  6.87829703e-02
  3.00196442e-03  4.74673277e-03  8.35335404e-02  1.14485426e-02
  1.15919374e-02  2.17972994e-02 -2.17684731e-02 -3.93773466e-02
 -1.91544607e-01 -2.20064484e-02 -1.27550259e-01 -5.94392791e-02
 -1.30952775e-01  7.20676407e-02  4.31467919e-03 -4.09391075e-02
  1.98476344e-01  3.36391740e-02  1.26144007e-01 -5.73361069e-02
  2.01989859e-02 -6.68851063e-02 -7.87301362e-03  7.65767973e-03
 -1.01736441e-01 -7.45098591e-02  2.54409760e-02 -1.37236314e-02
  5.08502079e-03 -1.91964507e-01  4.01500389e-02 -1.59060676e-02
  1.44705713e-01 -3.97085249e-02 -1.56407747e-02 -2.79388875e-02
 -5.65642454e-02  1.93003081e-02  2.02497691e-01 -8.76398906e-02
  7.58985728e-02 -4.20042388e-02 -5.53159863e-02 -1.66828949e-02
  3.60740125e-02  1.14540793e-01 -9.73091796e-02 -8.55950639e-02
 -1.02220729e-01  1.61319897e-02 -7.49198422e-02 -4.40445729e-03
 -3.80060226e-02 -4.03612033e-02  8.47681090e-02 -1.50161430e-01
 -7.68183023e-02 -1.43919408e-01  5.28073125e-02 -9.08783171e-04
  1.22714840e-01 -1.17641035e-02 -7.16593564e-02 -1.36410162e-01
 -1.72045603e-01 -1.25841955e-02 -3.65338624e-02  1.83939710e-02
 -4.65835407e-02 -6.35230467e-02  2.04342440e-01 -5.23582101e-02
 -3.59218777e-03  8.24437384e-03  1.15602516e-01 -1.59974873e-01
  1.91398209e-03  4.57694642e-02 -1.89304745e-04  5.12477048e-02
  1.65371653e-02 -5.78683242e-02  6.25114366e-02 -5.95644265e-02
 -3.60366665e-02 -1.15455575e-01  1.30936578e-01  1.28405571e-01
  1.29518379e-02  7.03977514e-03 -1.45249173e-01 -3.60476673e-02
  8.30904096e-02 -7.86330327e-02  3.00609302e-02  5.65808341e-02
 -2.19770279e-02 -2.17214674e-02 -3.28906365e-02 -2.31352851e-01
  6.69290796e-02  1.45611063e-01 -3.23668011e-02  3.84890772e-02
  3.36398557e-02  3.01015321e-02 -9.42175984e-02  2.30882759e-03
 -2.93156840e-02  2.91406550e-02 -8.67073908e-02  1.71133235e-01
 -1.47286160e-02 -2.07459286e-01 -4.77196015e-02  4.85768430e-02
 -7.91915208e-02  1.15997240e-01 -1.43406898e-01  3.49653699e-02
 -3.19257379e-02 -1.48241624e-01  2.07545280e-01  2.38234140e-02
 -1.23661734e-01  1.23821080e-01 -1.21560499e-01  5.92267960e-02
  2.13222783e-02 -1.45543039e-01 -4.07263562e-02  3.43341418e-02
 -6.72120377e-02  3.90507057e-02 -2.06678989e-03  2.88876854e-02
 -1.00518569e-01 -1.22429468e-02 -4.48110607e-03 -3.17338407e-02
 -4.81408760e-02  2.02922281e-02 -1.62388068e-02  1.15981959e-02
  8.43194276e-02  1.99929461e-01 -1.03261344e-01 -3.08554992e-02
  7.34271333e-02  5.04513122e-02 -4.18272391e-02  5.65910675e-02
 -8.52064565e-02  8.88584256e-02 -4.54429723e-02  9.00980830e-02
 -5.49662523e-02 -4.74210232e-02  5.07515594e-02 -6.87693655e-02
  3.78756262e-02 -1.60853670e-03 -5.95826544e-02  2.86486112e-02
  3.22157033e-02 -5.12737408e-02  1.73686445e-02  5.55496588e-02
  7.20407739e-02 -2.02892851e-02 -3.06473132e-02 -8.49499106e-02
  8.48314464e-02  4.92751300e-02  1.97254270e-01 -1.31974056e-01
 -1.58209145e-01 -9.85982344e-02  2.37387866e-02  4.62740660e-02
  7.35735074e-02 -1.73109062e-02  1.10395234e-02 -2.88421903e-02
  4.42922153e-02 -2.17330996e-02 -1.90231130e-02 -5.01939505e-02
 -9.44514759e-03 -1.44977331e-01 -1.62185375e-02  7.98725486e-02
 -4.65572923e-02 -9.32850689e-02  9.90895256e-02  8.10202658e-02
 -3.30680213e-03 -6.88768104e-02  5.53966165e-02  1.23727024e-01
 -1.65359452e-02 -9.23429355e-02 -4.53327000e-02  1.52870387e-01
  2.50434037e-02  1.72185898e-01 -4.99302670e-02  2.20972613e-01
 -1.32105008e-01 -3.23249809e-02 -5.77526316e-02 -6.89528808e-02
 -3.13335359e-02  3.41537967e-02  1.20794661e-02 -2.41593812e-02
  8.60506594e-02 -2.67943833e-02  1.29819587e-01 -1.25153223e-02
  1.58175137e-02  6.80163652e-02  6.84481263e-02 -8.19734037e-02
  1.33179873e-01  8.17039162e-02  1.52339399e-01 -8.05053711e-02
  7.47734085e-02  1.36770457e-01 -1.06942942e-02 -1.35210395e-01
 -3.18690911e-02  3.46019268e-02  1.56864285e-01 -1.08494252e-01
  2.35949606e-01  5.44734709e-02 -2.02744529e-02 -2.00945765e-01
  1.23839155e-01 -2.42411196e-01  4.40286510e-02  9.51516479e-02
  6.19947985e-02  4.92371693e-02 -4.68239151e-02  2.40787148e-01
 -1.50548607e-01 -1.67383090e-01  7.99943805e-02 -1.00547425e-01
  1.54920354e-01  8.24603289e-02 -5.48995733e-02 -2.64184047e-02
  7.95036033e-02  5.68196364e-02  1.40993029e-01 -3.51933017e-03
  3.63921076e-02 -1.47652090e-01 -1.96111891e-02  1.80652902e-01]