http://erau.edu/ontology/meme.owl#TellCerseiIWantHertoKnowItWasMeMeme
[-0.09687264 -0.11262558 -0.0527592   0.06403053  0.0497339   0.16373406
  0.07476766  0.00955873  0.09396573 -0.02770618  0.0218879   0.01091595
 -0.14242312 -0.11727351 -0.04128629  0.03051215  0.17732689 -0.0197171
 -0.00765815  0.02624777 -0.09207503  0.14529599  0.01871763 -0.11469277
  0.18992168 -0.05580442  0.05999891 -0.10168767  0.1041903   0.1821903
 -0.00496651  0.0717188  -0.00503825  0.02709994 -0.19149727  0.18615241
 -0.06815774  0.07793333 -0.13509664 -0.13522707  0.03332499  0.13867767
 -0.15917373  0.05246928  0.01093357  0.06660251 -0.08765872 -0.15040375
  0.06099717  0.09343471 -0.02597473  0.03012737 -0.11776208 -0.11123025
 -0.03301706  0.06026104  0.10302241 -0.05042019  0.16988036  0.05788692
  0.02970244  0.03035197  0.04031977  0.09372837 -0.11494687 -0.06244998
 -0.03152842 -0.02971086  0.01495459 -0.11624552 -0.14929548  0.0587666
  0.01507264  0.13711345  0.06364501  0.14630318 -0.14940952  0.00426542
  0.08683799  0.02964561 -0.06776503 -0.10881891  0.0197694  -0.17861553
 -0.00656178 -0.11621128 -0.1292247   0.07843713  0.08380724 -0.00433242
 -0.01944666 -0.27629718  0.13398491 -0.10767312  0.01390423  0.08084667
  0.02644791  0.00569192 -0.01128936 -0.09417456  0.12861653  0.05514544
  0.41088623 -0.04482761  0.06172233  0.01703851  0.1617469  -0.03691515
 -0.00452107 -0.07512885  0.07528862  0.06106244 -0.01911023 -0.12208177
  0.16012922  0.12651953 -0.2122627  -0.13322064 -0.08064397 -0.01369125
 -0.11412756  0.02410353 -0.05638872  0.05109067  0.09595574 -0.04841635
  0.01898351  0.11752776  0.05068551  0.01856264 -0.18450296 -0.00524057
 -0.01843709 -0.08045013 -0.02033714  0.2080413  -0.08790103  0.0081131
 -0.27508327 -0.01415179 -0.2938738   0.11850461  0.12415996  0.03021692
  0.24428219 -0.186785    0.00327525 -0.10606007 -0.05954099  0.19070733
 -0.12647137 -0.10156589 -0.0473708   0.06570216  0.05153237  0.13633008
 -0.17867534  0.13292558  0.04683633 -0.19524549  0.06703571 -0.27929607
 -0.01528686  0.00244612 -0.11116201 -0.02930992 -0.02763795  0.20692275
 -0.2623564   0.12971474 -0.05098829  0.15151136  0.20730488  0.13453804
 -0.05071161 -0.00069536  0.028751   -0.08717235  0.1733654  -0.07111321
 -0.14129888  0.18757792  0.02748167  0.13010007 -0.10990619 -0.04697936
  0.10921045  0.19285494  0.23117496  0.0250988   0.09661879  0.00593996
 -0.05184086 -0.00740282  0.01636809  0.03262344  0.07112099 -0.01417857
  0.04261699 -0.01824841  0.00351143  0.09669482  0.03946217  0.01187847
 -0.1236879  -0.04916766 -0.00327281  0.02723023 -0.08290403  0.08779433
  0.13375817  0.07170072  0.01185566  0.0385965   0.01847747  0.04919357
 -0.06589406 -0.07357094  0.13840932  0.04397165  0.07553593 -0.01614816
 -0.1049329   0.03858684  0.03973151  0.05048555 -0.07711586  0.0642069
 -0.07609364 -0.05105201  0.08911045  0.01618223  0.03108496 -0.19280905
  0.10870959  0.08902542 -0.08801693 -0.03479702  0.07229631  0.0037931
  0.09831627 -0.15946986 -0.0142342   0.05333599 -0.22955206 -0.07804798
 -0.2899084   0.05626287 -0.16150384 -0.12117778  0.0317104  -0.05705667
  0.16415274  0.10793437  0.19881655 -0.00059303 -0.09241627  0.07753875
  0.10474434  0.04420003  0.001379   -0.17433059 -0.0221477  -0.18702316
 -0.02390228 -0.19083145 -0.15364999  0.07075868  0.02964633 -0.09429958
 -0.09119284  0.04736516 -0.07624739  0.01125902  0.00462899 -0.03442822
  0.08520472 -0.07992021  0.04746287 -0.01078334  0.19906077  0.04587759
  0.02419718 -0.03595243 -0.16918519 -0.0040472  -0.07455166 -0.01126631
 -0.07010822 -0.03004654  0.0415474  -0.0019666   0.05349227  0.03366902
  0.02350465  0.05555576  0.06980816 -0.11605204 -0.09633706 -0.04836221
 -0.16057901  0.07983125 -0.0707676   0.1161778   0.03034207 -0.00170543
  0.00702797 -0.03464382  0.01243083  0.154306    0.04756924 -0.12379574
 -0.00483196 -0.01296914  0.01590463  0.07740576 -0.1148678   0.01355668
 -0.04216657 -0.08418825 -0.00335201 -0.04969168  0.17315133  0.12415413
 -0.04229448  0.02749063  0.00725481 -0.07402099  0.08927831  0.04570335
  0.01027485  0.01729376  0.02782405 -0.14281863 -0.11963911 -0.1545325
  0.12286101  0.03983016 -0.04964153  0.16038895  0.02846056  0.02976401
 -0.04452727 -0.04961934 -0.13796465 -0.09725079 -0.01715284  0.13904485
 -0.07040071 -0.18057375 -0.09067989 -0.06227866 -0.14799875  0.18893276
 -0.14251633  0.16388199  0.14958678 -0.05235188  0.17160264 -0.12380722
 -0.02061343  0.12163987  0.0276456  -0.01942422  0.08132643 -0.04679295
 -0.02179252  0.10826939 -0.0196907   0.01513888  0.01103691 -0.08829603
 -0.25005725  0.0057538   0.04512468 -0.06335872 -0.10631837  0.01065582
 -0.00509619 -0.1540548   0.14380242  0.15287691 -0.15830442 -0.14148216
  0.15274721 -0.08125725 -0.18145801  0.18258372 -0.01741485 -0.19164464
 -0.06456254  0.06165081 -0.04204119  0.07662325 -0.08838311 -0.22378287
  0.09023218  0.08328331  0.45696026 -0.03112138  0.01158081 -0.08527043
  0.03624384 -0.2587011  -0.22694167  0.12702808 -0.01754662  0.3433219
  0.1263733   0.08580051  0.15025808 -0.27368096 -0.13666557 -0.08478598
 -0.02652029  0.03225572 -0.07638494  0.01199812 -0.00514764  0.05789328
  0.03840661  0.00407707 -0.18301246  0.02840961 -0.16985226 -0.24694921
  0.02542308  0.14415406  0.16821492  0.03072398  0.14209759  0.3074693
  0.04351727 -0.13202482  0.06927306  0.05832208 -0.03523678 -0.07207658
  0.05865641  0.12460271  0.09052837  0.07808521 -0.04569242  0.32404402
 -0.24009885 -0.09069145 -0.20245826 -0.02689144 -0.046838    0.08723214
  0.03781566  0.04222135  0.02135004 -0.04320833  0.12847175 -0.05776351
  0.03454451  0.08053305  0.07430077 -0.08548281  0.19392839  0.09394009
  0.04823805 -0.03031649 -0.07414892  0.07732372 -0.08298583 -0.14270169
 -0.0606092   0.12190751  0.0820163   0.07575501  0.16543983  0.11111265
  0.04123307 -0.12094463 -0.03354559 -0.12168491  0.03517248 -0.02987831
 -0.09110244 -0.11563338 -0.05294948  0.19793615 -0.13623445 -0.1047249
 -0.04291812  0.00435768 -0.01552974  0.0475756  -0.08703732 -0.02269634
 -0.02266451 -0.15240766  0.1742547   0.04339526 -0.04640232 -0.09119524
  0.05343269  0.16506553]