http://erau.edu/ontology/meme.owl#MathLadyConfusedLadyMeme
[-1.60073757e-01 -1.41729787e-01  1.28045782e-01  8.72858334e-03
  5.12625910e-02  2.52966565e-04  1.25255853e-01 -8.27708915e-02
 -2.78592464e-02 -8.24271664e-02  7.99419731e-02 -2.60080211e-02
  1.17639124e-01  1.00268178e-01 -4.98603424e-03 -1.91437248e-02
  6.40785024e-02  1.04668640e-01  5.25842048e-02 -1.81111749e-02
 -2.74697751e-01  5.02780899e-02  8.88882503e-02 -4.61463220e-02
  1.47980288e-01 -8.64152387e-02 -7.83546865e-02 -1.58861168e-02
  2.78212845e-01  1.39084756e-01  4.61471379e-02  4.04665358e-02
  1.24293774e-01 -1.60183206e-01 -2.71196868e-02  1.43253222e-01
  3.00684874e-03 -1.76783260e-02  6.29322429e-04  9.12258308e-03
 -2.84667443e-02  1.89955696e-01 -1.04345858e-01 -6.08121278e-03
  9.18081179e-02  7.37175206e-03 -7.33317249e-03 -9.47828442e-02
  1.67392530e-02 -7.05695003e-02  1.72058679e-02  1.26319155e-01
 -4.71685007e-02 -3.42514813e-02 -1.51164085e-01  3.42641585e-02
  1.00134186e-01 -1.02149181e-01  1.87333956e-01  1.53136715e-01
  6.53763711e-02 -2.76086628e-02  1.37814671e-01  6.11335672e-02
 -1.02016985e-01 -3.83923575e-02  1.52349221e-02 -4.51978184e-02
 -1.04939297e-01  4.14302498e-02 -6.37094229e-02  3.00801452e-02
  1.12168603e-01  4.27586176e-02  6.30421340e-02  7.14206547e-02
 -9.34779570e-02 -1.82693489e-02  7.83769488e-02  5.83225079e-02
 -7.53071904e-02 -4.71649691e-02 -5.71476258e-02 -1.24396868e-01
  5.70947453e-02 -1.04551889e-01 -2.40536798e-02  2.38068160e-02
  6.59368783e-02  2.71137822e-02  2.00838875e-02 -1.30116329e-01
  1.10732475e-02 -3.70421335e-02 -1.11158065e-01  4.63854223e-02
 -3.99535410e-02 -7.89582133e-02 -1.01080351e-01 -1.09142534e-01
  4.33702283e-02  9.63688269e-02  1.92504302e-01 -5.82254380e-02
 -2.76290178e-02  9.92662162e-02  1.44228622e-01 -4.22169222e-03
 -4.39521903e-03 -5.20217940e-02  4.92432192e-02 -5.89152761e-02
 -6.82688728e-02 -1.83673073e-02  2.63667367e-02  4.97282296e-02
 -1.39770165e-01 -1.87254891e-01  4.76073846e-03  1.86425205e-02
 -1.01014548e-05 -4.35410291e-02  3.78594883e-02  1.69642046e-01
  1.34045511e-01 -8.49020407e-02  4.17309552e-02  2.07102187e-02
  1.26536921e-01  6.62058964e-02 -1.84656546e-01  8.97868797e-02
 -2.06615347e-02 -1.48607656e-01  1.14718946e-02  8.49757195e-02
  3.26127782e-02 -2.45083198e-02 -1.47295445e-01  8.38361122e-03
 -1.72305703e-01  3.28777870e-03  8.49478170e-02  6.60277605e-02
  2.07610592e-01 -1.34636655e-01 -1.92411765e-02 -1.28909703e-02
 -4.39244881e-02  9.10248086e-02 -1.04151115e-01 -1.13205537e-01
 -1.34224668e-01  9.55958813e-02 -4.42567542e-02  1.04397811e-01
 -9.06809568e-02  1.30851954e-01  9.36248153e-02  2.69475281e-02
  8.61206092e-03 -4.58613560e-02 -2.49792151e-02 -9.84736159e-02
 -1.25909016e-01 -1.14906020e-01  5.20249419e-02  5.89222349e-02
 -2.46000618e-01  4.96148616e-02 -1.14013543e-02  9.19446424e-02
  1.80819169e-01  1.04382828e-01  1.18428012e-02  3.91655564e-02
 -2.88052727e-02  1.88740976e-02  9.02833641e-02 -4.47281962e-03
 -6.83916733e-02  1.62356213e-01  3.70807163e-02 -2.03129146e-02
 -1.11076310e-01 -3.73201557e-02  9.34001878e-02  7.50249997e-02
  2.57968783e-01 -8.49722046e-03 -2.08038706e-02 -2.75198923e-04
 -1.10009819e-01 -6.64118528e-02  4.96213585e-02 -9.30395052e-02
 -8.90143123e-03  9.96792465e-02 -1.02698475e-01  5.47771109e-03
 -2.95267254e-03 -6.74616173e-02  1.13520343e-02  3.08183115e-02
 -2.79228333e-02 -2.61512130e-01  3.11291590e-02 -8.24393556e-02
  2.78585047e-01  8.28734040e-02  2.34266058e-01  6.61959276e-02
 -6.65465221e-02 -7.01354221e-02  9.10458863e-02 -5.63107543e-02
  4.62467037e-02 -5.42157367e-02  6.61650673e-02  1.93051904e-01
  5.20754904e-02  2.21078217e-01 -1.21081546e-01  7.71957114e-02
  4.31857184e-02  6.66582435e-02 -7.86954015e-02 -1.33200241e-02
 -1.19998483e-02 -1.14411131e-01  5.56070171e-02 -7.47190462e-03
 -3.36513259e-02 -1.88551530e-01  7.57093949e-04  5.60757704e-03
 -1.52006671e-01 -2.82692723e-02 -3.36185768e-02 -8.03562552e-02
 -1.31297885e-02 -8.62997398e-02 -5.72834304e-03 -6.87509403e-02
 -2.19150111e-01  1.83900483e-02 -7.99447298e-02 -1.02384627e-01
 -1.89546440e-02  6.44026697e-02  5.78487702e-02 -1.40236290e-02
  1.04781739e-01  3.91675904e-02  2.20210463e-01 -4.88173030e-02
 -2.04275340e-01 -4.87240329e-02  1.94646940e-02  4.58114184e-02
 -1.31708995e-01 -2.94511542e-02 -1.98891629e-02 -6.66994303e-02
 -1.39211804e-01 -1.12006448e-01 -2.03516427e-02  8.55445489e-02
 -2.27790195e-02 -1.01662032e-01 -7.08097443e-02 -4.85638753e-02
 -1.20924171e-02 -8.88709072e-03  2.25748494e-02  3.60191264e-03
 -6.29855040e-03 -1.54270530e-02  3.19860317e-02 -7.23735895e-03
  1.33168146e-01  1.36304185e-01  2.10071206e-02 -1.77642107e-01
 -8.39177892e-02  6.31505623e-02 -5.54043278e-02 -1.18950810e-02
  9.83113050e-02 -1.28296176e-02 -1.90564506e-02 -1.48235604e-01
  2.23643277e-02 -6.33815080e-02  4.07324992e-02 -4.26207371e-02
 -5.58297187e-02  3.10191419e-02 -1.41977146e-01 -1.22789182e-01
 -1.62740603e-01  4.02668938e-02  2.61599850e-02 -9.87324864e-03
  2.54720487e-02  5.55601418e-02  1.20833941e-01  6.02179840e-02
 -7.18372837e-02 -4.72824536e-02  1.70636386e-01 -2.36172572e-01
 -5.98698407e-02  1.48814529e-01 -9.64701325e-02  5.85155115e-02
 -1.33256733e-01  5.27953431e-02  1.65819302e-02 -1.37324989e-01
  1.13698453e-01 -3.67111973e-02  1.42085597e-01  1.27164751e-01
 -7.19756633e-02  7.13702589e-02 -1.33515671e-01  9.99896899e-02
  1.64041162e-01  7.41209323e-03  9.99525934e-02 -8.35299343e-02
  4.78473194e-02 -6.74865022e-02 -3.53100913e-04 -2.39664480e-01
  4.61728424e-02  1.95383951e-02  1.73333548e-02  1.36163160e-01
 -7.42677320e-03  1.62029013e-01 -4.24322933e-02 -5.91640696e-02
 -1.14019744e-01 -1.04525266e-02 -1.36879355e-01  7.37736821e-02
  7.27411136e-02 -1.69108599e-01 -3.50770056e-02  5.20798974e-02
 -1.82640120e-01  1.64498389e-01 -1.33235902e-01 -1.34275695e-02
  1.61283165e-01 -2.68377159e-02  1.92203790e-01 -1.08079009e-01
 -2.16046963e-02  7.56469890e-02  3.29068676e-02 -7.22225830e-02
  2.49931831e-02 -1.08822465e-01 -1.53455034e-01  4.11066599e-02
  4.09661457e-02 -2.90718414e-02  9.87798441e-04 -4.42852974e-02
 -2.22318575e-01  8.34578127e-02  6.64451867e-02 -7.84336925e-02
 -6.67652488e-02  6.36594221e-02  1.89125556e-02  2.60864235e-02
  3.22050340e-02  2.06367999e-01 -4.72047292e-02 -1.50944054e-01
 -3.28031965e-02 -1.63923144e-01 -1.20580770e-01  2.33654961e-01
 -2.55622622e-02 -2.16076106e-01  8.52742791e-02  1.46831647e-01
 -2.05055717e-02  3.04961175e-01 -3.69191766e-02 -2.57273555e-01
 -4.06137779e-02  1.03649795e-01  3.87661219e-01 -8.46292675e-02
 -8.73918086e-03 -7.86414817e-02  5.96853718e-02 -2.64905304e-01
 -2.17026338e-01  9.26714912e-02 -5.20325117e-02  2.73785889e-01
  2.33727079e-02 -6.09645806e-02  3.99999656e-02 -1.52871832e-01
 -1.59594387e-01  3.18558402e-02 -5.64493611e-02  1.05657674e-01
 -2.81221028e-02 -2.06280909e-02 -2.80690640e-02  1.15213394e-01
  7.75697231e-02 -3.02957539e-02 -1.25801995e-01 -7.87673816e-02
 -8.57731774e-02 -1.33194208e-01  2.19240375e-02  8.69128257e-02
  5.96212558e-02 -6.18745275e-02  1.44362584e-01  2.73327649e-01
  7.65211880e-02 -1.77502379e-01  2.13836312e-01  1.51466146e-01
  8.17107931e-02 -7.76933460e-03  3.29984687e-02  5.04514650e-02
  2.60900199e-01  1.54390469e-01 -7.06773624e-02  3.52383345e-01
 -2.28144065e-01 -3.18514034e-02 -3.04150999e-01 -1.66003287e-01
 -1.61434278e-01  5.88716306e-02  1.86856762e-02  1.32480666e-01
  1.24442488e-01 -2.15701666e-03  1.93797112e-01  9.66848060e-02
  1.05028443e-01  1.64753776e-02  5.37845641e-02 -3.11203972e-02
  9.55162197e-02  1.16714679e-01  1.37105003e-01 -1.09491840e-01
 -8.21650103e-02  5.92743643e-02 -1.91112813e-02 -1.63369104e-01
  8.42334144e-03  1.61816522e-01  1.51596472e-01  5.97385019e-02
  1.55209586e-01  1.59174442e-01  5.78778833e-02 -1.71351895e-01
  6.03214540e-02 -1.20974787e-01 -1.35425955e-01  1.48752749e-01
 -4.28821556e-02 -5.68230413e-02 -1.07716605e-01  2.60369629e-01
 -2.22132400e-01 -2.98754781e-01  1.57308369e-03 -1.11270629e-01
  1.36076182e-01  2.92117335e-03 -1.36770070e-01 -2.63896328e-03
  5.98668940e-02  7.87835866e-02  2.62622535e-02  1.62651673e-01
 -1.26727661e-02 -3.22225019e-02  1.81375474e-01  5.97468242e-02]