http://erau.edu/ontology/meme.owl#PartyParrotMeme
[-0.07170069 -0.15938424  0.04807352  0.10744481 -0.09830674  0.02400302
  0.14260894  0.10092211  0.0795773  -0.07035383  0.13574381 -0.0998067
 -0.05076705 -0.01755749 -0.05394497  0.00974992  0.10410292  0.01879794
  0.04190297  0.12766793 -0.23268579  0.07129291  0.11133767 -0.17341572
  0.08924898 -0.11679219 -0.07307351 -0.13698104  0.3722379   0.18452367
  0.14082912  0.10781777  0.03386521 -0.09367156  0.02101175  0.09075021
 -0.01269259  0.13400255 -0.02268776 -0.1299593   0.00364124  0.19498177
 -0.23643588  0.00665492  0.12496333 -0.04299598  0.04565392  0.0326343
 -0.00368097  0.08525954  0.06748325 -0.01954373 -0.1381657  -0.16014254
 -0.01793285 -0.07564977  0.09773246  0.05002066  0.21181943  0.10488202
 -0.03748577 -0.00116215  0.05273172  0.05644308 -0.057976   -0.05749002
 -0.00786458  0.04593408 -0.11243065 -0.11417422 -0.24747638  0.03163854
  0.13263083  0.03740824 -0.04318094  0.1503738  -0.00460538  0.10285576
  0.10423651 -0.01486215 -0.1000559  -0.07393367 -0.01235173 -0.10659157
 -0.07236668 -0.11722294 -0.15564065  0.01580383  0.09403769 -0.04171164
 -0.00135544 -0.2662595   0.04259017 -0.06424892 -0.03894519  0.10354909
 -0.07925524  0.06534432  0.02209123 -0.13271421  0.12656493 -0.03153472
  0.25038117 -0.05768149 -0.05645359 -0.04756116  0.00969399 -0.08392873
 -0.01502161 -0.05338864  0.08891635  0.07008068 -0.15285724 -0.18714826
 -0.00286133  0.13206321 -0.24387328 -0.07132427  0.09854148  0.06594492
 -0.00956315 -0.0467491  -0.06246829  0.0612584   0.01195997 -0.17822309
 -0.01998584  0.00248231 -0.01558822  0.02942089 -0.19478145  0.04099737
  0.06774786 -0.06547786 -0.11077265  0.11506998  0.0775428  -0.13858785
 -0.14884667  0.07418095 -0.26308274 -0.08812764  0.06111154  0.08580576
  0.10259929 -0.31080246  0.16569015 -0.15598503 -0.02618715  0.10647696
 -0.00604667 -0.09132586 -0.08912755  0.03847794  0.0474501   0.10452744
 -0.16646047  0.22500673  0.00556272 -0.0736465   0.07802008 -0.05069007
  0.06584058 -0.09100968 -0.14883842 -0.1667087  -0.0820017   0.06856455
 -0.30716878  0.23788351 -0.05076467  0.20103392  0.12263933  0.05794393
  0.01472249 -0.04919622 -0.17438026 -0.02199887  0.05645164 -0.0379333
 -0.06414392  0.17587136 -0.06656511  0.10982538 -0.04950599 -0.01319806
  0.11014656 -0.05198571  0.2962381  -0.02331764  0.00899437 -0.0221848
 -0.20132436 -0.08786295 -0.02503347  0.00101776  0.02124663  0.09147151
 -0.12491456 -0.08084515 -0.07888231 -0.04132921  0.06349958 -0.1337799
 -0.04103466 -0.28473467 -0.00863328 -0.00758023 -0.03557519  0.13603991
  0.30588335  0.15489273 -0.04733171 -0.07303882  0.10169423  0.07071814
 -0.12959939 -0.12563337  0.04315078  0.08792581  0.2221059  -0.01384354
 -0.11116849  0.01214562  0.06012683  0.0463993  -0.16571571 -0.00649115
 -0.03546618  0.03448935  0.18001862  0.05071542 -0.01458651 -0.072222
 -0.0593266  -0.01920038 -0.06425247 -0.03223388  0.00369401 -0.01009764
 -0.02810264  0.04798631  0.10420194  0.01951765 -0.24734895 -0.02314183
 -0.07749952 -0.03631897 -0.05929433  0.03767803  0.07748798 -0.04140509
  0.0925447   0.05908282  0.04746736 -0.09670924 -0.14361906 -0.0856141
  0.03391473 -0.02591032  0.03088764 -0.14176394 -0.07135057 -0.11445968
 -0.02099943 -0.08962744 -0.18737125 -0.06106945  0.01939695 -0.04554482
  0.01501534 -0.03767316 -0.03639425  0.08640532  0.12759733 -0.02042859
  0.00777464 -0.05314578 -0.03052055  0.08743896  0.09996238  0.06504118
  0.00185444 -0.02187705 -0.17986278 -0.05082512  0.06262726  0.05394167
 -0.04013583 -0.07797095  0.11490932 -0.02926769 -0.06810575  0.00660279
  0.08391658  0.02895895  0.08819894 -0.03145112  0.00394373 -0.04883058
 -0.1777607   0.09873088  0.02410924  0.04927739  0.05651321 -0.01309141
  0.10626899 -0.03390393 -0.07420926  0.09339898  0.27293018 -0.13422349
  0.01598485  0.03195096  0.06064712  0.03727649 -0.02926405  0.00798657
  0.0372955  -0.01971019  0.04086878 -0.15807249 -0.02734275  0.13648038
 -0.0507688   0.02731767 -0.01123015  0.05775808  0.05006796 -0.11081731
 -0.04177523 -0.05131664 -0.0052043  -0.12281223 -0.12300894 -0.13214156
  0.01598331  0.16331615 -0.17772962 -0.02171005  0.0578021   0.17444621
 -0.2320795   0.02699907 -0.10454368  0.1315099  -0.06086875  0.09755591
 -0.03501093 -0.09843555 -0.07749777 -0.01021633 -0.02364799  0.24776758
 -0.07102436 -0.00454234 -0.06168901 -0.12667249  0.08620925 -0.05211717
 -0.09752591  0.07028625 -0.02049821 -0.0437346  -0.00160094  0.0616166
 -0.08847991 -0.05164984 -0.11630066  0.06657515 -0.03425058  0.04164965
 -0.28535664  0.0603734   0.04668286 -0.12653334 -0.19090989 -0.03681458
  0.0295053  -0.05782185  0.12716748  0.09319814 -0.09021463 -0.0915205
  0.14113444 -0.2201639  -0.17253785  0.15665096 -0.14631082 -0.2087568
 -0.04619974  0.1440295  -0.00348372  0.37880012 -0.1228212  -0.34640768
  0.05545598  0.15303226  0.37299457 -0.14350523 -0.07069045 -0.23945606
  0.01231218 -0.39440674 -0.2099969  -0.02984633  0.03121036  0.53326666
  0.11736468  0.11236954  0.00118081 -0.1688555  -0.1619904  -0.00739233
 -0.09349624 -0.00469815 -0.14163229 -0.13010974  0.01674742  0.13805252
  0.20417252  0.06911211 -0.172878    0.07796971  0.03461964 -0.10033043
  0.04569888  0.18689913  0.06968348 -0.08417716 -0.01215438  0.24150674
  0.09302331 -0.12252993  0.13089027  0.11521152  0.04068035 -0.02346165
  0.00996206  0.18225755  0.00210951  0.00305752 -0.09251585  0.29185495
 -0.15683249 -0.04902811 -0.18724768 -0.13912918 -0.08530292  0.05651104
  0.18630016  0.04949173 -0.01799251  0.02305805  0.19131139  0.07138129
  0.02843642  0.03407329  0.12754168 -0.00102026  0.1695641   0.03983826
  0.08158485 -0.142091   -0.05545355  0.12609614 -0.01336081 -0.08724387
  0.02422739  0.06302623  0.26410586 -0.05098162  0.17868419  0.14760368
  0.0214298  -0.06972783  0.15220709 -0.21634273 -0.14234105  0.13010043
 -0.01943627  0.0663299  -0.08027158  0.32761347 -0.09965409 -0.2344274
  0.02654518  0.0161585   0.10259323  0.04773995 -0.07534339 -0.02871626
  0.17827274  0.02338113  0.08578339 -0.0476215  -0.02416467 -0.07330293
  0.03396234  0.11361636]