http://erau.edu/ontology/meme.owl#MeVsYouMeme
[-0.10639928 -0.17270008  0.00695525  0.02687436 -0.05468024  0.12866956
  0.09171766  0.13400844  0.05123526  0.02285585  0.09352312 -0.10848629
 -0.01697317 -0.06944084 -0.07643205  0.08846556  0.08357568  0.02768147
  0.04028285  0.04397609 -0.19018957  0.02766972  0.1006704  -0.1414472
  0.2094489  -0.05397705  0.03319514 -0.1358497   0.16070764  0.23659828
  0.04281587  0.09704564  0.01375636 -0.1151323  -0.06847885  0.14419961
  0.0142708   0.09835093 -0.10774703 -0.13579819  0.11738722  0.22163516
 -0.12015106 -0.08487644  0.13563739  0.13512796  0.02634528 -0.10420092
  0.01596007 -0.00545177  0.06335314  0.06782803 -0.02646099 -0.16512752
 -0.19097444 -0.04809808  0.01052668 -0.06246316  0.21052843  0.08938994
  0.03339325 -0.04856487  0.14132066  0.09863035 -0.07830499 -0.04611884
  0.01565965 -0.00879865 -0.06498887 -0.20403743 -0.17656274  0.05390724
  0.14452186  0.06138349  0.03160555  0.18617399 -0.10151292  0.01627943
  0.12657076  0.05095998 -0.05158141 -0.17781508 -0.03663165 -0.11316106
  0.03579213 -0.14467041 -0.10864262  0.00644234  0.02742687  0.00742814
  0.06166491 -0.1855723   0.1742683  -0.05601639 -0.1773868   0.13852829
  0.03422317  0.04275674 -0.10648884 -0.09260412  0.12027097 -0.04495676
  0.34028253 -0.10178918  0.0121731   0.0749976   0.01244673 -0.0344151
 -0.08484067 -0.14400014 -0.01129538  0.05934395 -0.04024701 -0.12284021
  0.07718723  0.03211332 -0.31428376 -0.14840996  0.05174838  0.0424066
 -0.12778601  0.05814293 -0.04175622  0.16727151  0.09173393 -0.17650765
 -0.01278104 -0.04560752 -0.06131044  0.01914531 -0.2444225  -0.01651232
 -0.02031065 -0.02797707 -0.12738991  0.07383578  0.01779602 -0.07240447
 -0.19644429  0.05088116 -0.3197963   0.02212017  0.04413544  0.03551915
  0.20985106 -0.24472919 -0.00883171 -0.12762524 -0.05899509  0.05142573
  0.01267498 -0.09502497 -0.05875071  0.06289665  0.01560394  0.1175862
 -0.17153786  0.10641925  0.0718027  -0.12093173  0.07946361 -0.150658
  0.06161492 -0.03946029 -0.16406052 -0.16706418 -0.01154019  0.16598903
 -0.3057616   0.11691419  0.05588212  0.19256438  0.18980792  0.10114153
  0.02274519 -0.00125716 -0.11723543 -0.07869091  0.08131795 -0.01933429
 -0.09659195  0.16827352 -0.03322217  0.02204623 -0.06630444  0.01921492
  0.0852199   0.03053924  0.19684204 -0.11353423  0.1828811   0.05503837
 -0.20933034 -0.0542522  -0.06815793 -0.04396101 -0.02015857  0.16507724
 -0.03725853 -0.07107953 -0.07999612 -0.03377623  0.06227319 -0.11580266
 -0.07024138 -0.29068324  0.0047696  -0.14342393  0.06277681  0.06477589
  0.15731463  0.12775677 -0.14006095 -0.08124501  0.11531392  0.01377729
 -0.15202236 -0.10908679  0.23187822  0.07617678  0.14630632  0.12079918
 -0.18814985  0.00314803 -0.01409363 -0.04820857 -0.25499594  0.0252861
 -0.00627717  0.03590119  0.09839588  0.03728952 -0.1390276  -0.16269618
 -0.06424569 -0.06356997 -0.10211807 -0.11142472  0.05075996 -0.15369868
  0.02411006 -0.09664278 -0.0304319  -0.03062162 -0.25990874 -0.08804306
 -0.14544548 -0.05432889 -0.06111388  0.07270221  0.1490561   0.04049361
  0.101009    0.17641985  0.17505181 -0.04019126 -0.16288336 -0.06039054
  0.07125404  0.05953413 -0.07109769 -0.10124945  0.01254138 -0.20337975
 -0.04042731 -0.32318297 -0.1318898   0.04782952  0.12017787 -0.15636669
 -0.04352202 -0.08485916 -0.07129204  0.11161045  0.06153747 -0.00817113
  0.08478665 -0.10549547 -0.03823851  0.06932387  0.21264327  0.0069744
 -0.01443707 -0.1224115  -0.2072816  -0.0122197  -0.07126972 -0.02935009
 -0.00795144 -0.08217422  0.09545126 -0.17692293  0.05598342 -0.09871931
  0.02328164 -0.0441896   0.0768251  -0.02681871 -0.16117848 -0.14837947
 -0.30291116  0.08544585 -0.08153734  0.1095606   0.07858531 -0.07501809
  0.08186426 -0.03860568 -0.03834808  0.15314023  0.21399592 -0.20096874
 -0.03509356  0.08529905 -0.00508791  0.07207438 -0.06949803  0.03288254
  0.00196605 -0.01760173  0.01026338 -0.10723927  0.20346573  0.07003531
 -0.02878958  0.03065192 -0.02218118 -0.00282502  0.04424061 -0.08793841
  0.09691254  0.14417398 -0.05069669 -0.08951456 -0.17545971 -0.22941282
  0.10586606  0.13959305 -0.12806007 -0.00276215 -0.0108865   0.06676337
  0.00220707  0.04588204 -0.08269433 -0.08764405  0.022076    0.167711
 -0.02719177 -0.1356262  -0.07004263  0.04286803  0.02275519  0.1547063
 -0.10933506  0.1439258   0.02664164 -0.07218374  0.20823602 -0.07906947
 -0.12627348  0.03155036  0.05094001 -0.01630796 -0.08627423 -0.03458191
 -0.19227861  0.08177844 -0.13209108  0.02526336  0.03687141  0.03990724
 -0.2745538   0.07560725  0.09618494 -0.07912421 -0.14577724  0.05320503
 -0.10084277 -0.02371153  0.08993665  0.12276194 -0.00553473 -0.09613821
  0.12206669 -0.0565266  -0.06715028  0.1707672  -0.04935385 -0.13213827
 -0.0642224   0.03556043  0.08066948  0.18605575 -0.13369642 -0.20888908
  0.03996744  0.09819672  0.11238623 -0.03383113 -0.02513796 -0.15274982
  0.0029708  -0.2867634  -0.07451171  0.06031984 -0.0111662   0.27278098
  0.17073056  0.09403067 -0.0166196  -0.1837262  -0.09412277 -0.06857798
 -0.05996552  0.00976515 -0.04983028 -0.09796882 -0.02701469  0.15586011
  0.00918133  0.01064152 -0.13360256  0.04689713 -0.06359788 -0.1262776
  0.01231963  0.16798753  0.02466244 -0.05069465 -0.0119148   0.2288124
  0.01316693 -0.1602011   0.22226222  0.1676717   0.03229926 -0.00057407
  0.11179897  0.09124228  0.10373735 -0.00920902 -0.05702614  0.22324882
 -0.14453688 -0.04802286 -0.19154857 -0.15012494 -0.04322014  0.09673288
  0.0594666   0.19947217  0.06067172 -0.102065    0.25732145  0.00488482
  0.1197962  -0.00136863  0.07590508 -0.0111467   0.23256803  0.06596964
  0.12585892 -0.06872658 -0.14774697  0.04989889 -0.07426006 -0.07169662
 -0.10903119  0.10492563  0.22823837  0.05206642  0.2163139   0.10554677
  0.11850694 -0.07852649  0.10351912 -0.04905112 -0.00387159  0.09133879
 -0.08888669 -0.05085328 -0.1123573   0.25774533 -0.06495439 -0.16019596
  0.05568883 -0.02658771 -0.00144147  0.10163516 -0.13785715 -0.01756959
  0.09866991  0.04837671  0.02774349  0.07181422 -0.05113558  0.09488726
  0.09448497  0.00652693]