http://erau.edu/ontology/meme.owl#LelfMeme
[-5.66522069e-02 -1.53739214e-01  1.41019687e-01 -1.12854593e-01
 -4.20993418e-02  4.96814586e-03  6.36284724e-02 -2.07781494e-02
  4.55180109e-02 -2.67735384e-02  1.08897462e-01 -4.33030427e-02
  9.48755369e-02  1.71552047e-01  7.78441355e-02 -9.11779255e-02
  1.57208741e-02  1.43688917e-01  2.10532509e-02 -2.58502752e-01
 -4.55207169e-01  8.49613920e-02  6.21964633e-02 -4.40101884e-03
  1.56432807e-01 -7.05127567e-02  1.13694845e-02  1.18664131e-01
  6.19336329e-02  1.99724704e-01 -8.55869800e-02 -2.25108806e-02
  1.72592640e-01 -1.56359836e-01 -1.00371040e-01  1.81209430e-01
 -3.77858132e-02 -6.76027536e-02  6.70409575e-02 -7.83434734e-02
 -8.01881310e-03  2.17783123e-01 -2.19400182e-01 -1.97066441e-02
  1.36713728e-01  7.55260065e-02 -1.11974135e-01 -1.82427838e-01
 -8.41862932e-02  4.45820391e-02 -5.51577955e-02  9.64012928e-03
  5.36263064e-02  1.31816324e-02 -2.51192421e-01  5.71720600e-02
  8.23708698e-02 -1.96574978e-03  1.50919825e-01  1.24876760e-01
 -1.80216134e-01  8.61977111e-04  4.01880853e-02  9.63428020e-02
 -1.84761852e-01 -1.14832357e-01 -1.14124551e-01 -9.96008366e-02
 -1.83762312e-01 -1.64267495e-02 -1.86855733e-01  1.44462526e-01
  6.46643713e-02  2.36316890e-01  1.26579106e-01  2.03358904e-01
 -3.56134623e-01 -5.78636602e-02  1.55559927e-01  8.16597641e-02
 -1.88880518e-01  4.83709127e-02 -3.97903398e-02 -1.64450929e-01
  5.56843467e-02 -1.45079136e-01 -3.64012942e-02 -1.40440881e-01
  6.41926304e-02  6.08704537e-02 -4.58546355e-02 -3.09716344e-01
  1.49414673e-01 -2.97504142e-02 -1.38977274e-01  4.94768210e-02
  8.61418769e-02 -1.48251846e-01 -4.99897711e-02 -1.52125791e-01
  1.72665462e-01  1.00040972e-01  4.25025254e-01  6.21243380e-02
 -1.01815216e-01 -2.30829436e-02  1.60235092e-01  3.17716710e-02
  4.61391844e-02 -2.43757293e-01  7.66419098e-02  4.59971512e-03
 -7.86995664e-02 -1.69918790e-01 -1.64613128e-01  3.97166871e-02
 -2.04899326e-01 -2.31820285e-01 -8.74677077e-02 -8.08282644e-02
 -2.15139583e-01 -1.11473933e-01  6.50742501e-02  2.44994536e-01
  2.57479995e-01 -1.50555432e-01 -2.80007310e-02  6.78355545e-02
  2.32467249e-01  5.39470315e-02 -2.10418329e-01  1.93936199e-01
  5.63921668e-02 -1.90165639e-01  1.09350145e-01  4.63670641e-02
 -4.97139059e-02  8.62905011e-02 -2.53810912e-01 -4.14848439e-02
 -2.04894707e-01  1.03286691e-01 -1.23807356e-01  2.15938643e-01
  2.23234594e-01 -2.90296674e-01 -8.89286324e-02 -1.69544742e-01
 -3.20910588e-02  3.17126691e-01 -2.12039337e-01  1.98203567e-02
 -1.69438764e-01  2.48793989e-01 -6.79383501e-02  1.38397411e-01
 -7.80819878e-02  2.12856352e-01  3.37141678e-02 -1.97969824e-02
  2.76880264e-02 -1.60427511e-01 -1.19106583e-01 -1.01809926e-01
  4.72202040e-02 -1.60678625e-01  1.35862678e-01 -8.66551399e-02
 -4.74649847e-01  4.88629974e-02  6.05701702e-03 -6.17842041e-02
  1.68432355e-01  3.00972193e-01 -7.25098774e-02  2.34482996e-02
 -4.13182862e-02  1.18537005e-02  2.33791262e-01 -1.09611768e-02
 -1.09398037e-01  3.37491781e-01  1.74723446e-01  1.37409061e-01
 -1.84316427e-01 -1.41809568e-01  1.35072991e-01  7.84667432e-02
  5.11250019e-01  1.99849546e-01  1.37761667e-01  3.85511108e-02
 -2.02316210e-01  9.68443900e-02  8.45033675e-03  2.88516916e-02
 -9.88762379e-02 -1.00129023e-01 -9.36359391e-02 -2.71199085e-03
 -7.17571899e-02  3.20145749e-02 -2.19710276e-01 -1.44440278e-01
  3.56769785e-02 -5.07142097e-02 -4.79132086e-02 -8.68629850e-03
  2.16777101e-01 -2.63465196e-02  2.45146409e-01  8.61172751e-02
 -1.03879757e-01 -1.13485614e-02  2.41739750e-02 -9.81594771e-02
  5.47056049e-02 -7.50392005e-02  3.28711554e-04  1.83119521e-01
 -3.46790142e-02  2.00754508e-01 -1.22614481e-01  2.24705487e-01
 -4.95993942e-02  7.57742152e-02 -1.41722932e-01  3.70732322e-03
 -6.07727915e-02 -1.24155827e-01  2.64792204e-01  9.25708488e-02
  1.16088100e-01 -1.35128945e-01  2.57651731e-02  1.94485262e-02
 -9.56409425e-02  6.46923706e-02  1.07001737e-02 -1.58716943e-02
  4.34707059e-03 -1.82959154e-01 -6.92673326e-02 -3.63168791e-02
 -3.03034514e-01 -8.78248736e-02 -2.60641336e-01 -9.52550992e-02
 -1.85810283e-01 -2.18908824e-02 -1.57549530e-02 -1.41313389e-01
 -5.39604276e-02  1.65285617e-01  3.64606082e-01  8.13190266e-03
 -2.36902207e-01 -1.48340270e-01  7.31142098e-03 -1.28896898e-02
 -2.03746796e-01  1.08885281e-01 -9.31171328e-02 -3.88003364e-02
 -2.63285667e-01 -2.22734019e-01 -2.54451692e-01  7.63481408e-02
  1.69868860e-02 -4.99057099e-02 -1.01129204e-01 -1.36390347e-02
 -1.50556102e-01  1.07951835e-01 -6.58058748e-02 -1.69277817e-01
  1.43972496e-02 -1.17023893e-01  1.17388166e-01  9.88881662e-03
  9.46269631e-02  2.16111407e-01  1.42802950e-02 -2.26693854e-01
 -1.97771132e-01  2.81597942e-01  3.06323706e-03  5.80657925e-03
  8.15229639e-02 -2.34870762e-02 -1.69389341e-02 -2.24787984e-02
 -1.31744780e-02 -5.00314124e-02  3.63631360e-02 -1.98493097e-02
 -1.27086475e-01 -6.25265716e-03 -1.47131607e-01 -1.85090229e-01
 -1.70252100e-01  5.41894548e-02  2.26812419e-02 -1.82985794e-02
  4.04216312e-02  6.61707949e-03  9.98179317e-02  2.03680962e-01
 -4.47395369e-02 -5.96414693e-03  1.96877882e-01 -1.43758699e-01
 -4.51922268e-02  3.22431892e-01 -1.46922804e-02  1.45832777e-01
 -2.34926954e-01 -6.38276860e-02  1.15646757e-01 -1.91485032e-01
  6.37681857e-02  2.39872597e-02  3.61951381e-01 -9.42398533e-02
 -8.12962800e-02  1.37064949e-01 -1.12967648e-01  1.83406193e-02
  2.18855038e-01  1.82215869e-01  1.85456693e-01  7.63296559e-02
  3.02840420e-03 -6.56754225e-02 -8.54731873e-02 -3.42014402e-01
  1.24814138e-01 -8.34997669e-02  3.43658449e-03  1.74173370e-01
 -5.51236495e-02  1.39471918e-01  2.09179212e-04 -8.88278894e-03
 -8.83286893e-02 -8.91777426e-02 -1.02694161e-01 -7.35631585e-02
  2.96181619e-01 -2.93886721e-01 -6.52052313e-02 -2.18696371e-02
 -3.71161282e-01  2.68328279e-01 -7.60818571e-02 -2.61993110e-02
  2.01424941e-01 -1.27778709e-01  2.46781737e-01 -2.40138203e-01
  9.30432463e-04 -2.93534510e-02  9.06973481e-02 -3.81295681e-02
 -1.18897548e-02 -1.38816088e-01 -1.96473271e-01  2.81877052e-02
  3.21810916e-02 -4.83399555e-02  2.60358095e-01 -1.14140160e-01
 -3.52464944e-01  8.00624788e-02  1.24113718e-02  2.36884113e-02
 -2.51615435e-01  1.13080591e-01 -1.91458434e-01  2.42953449e-02
 -3.64262797e-02  2.33096316e-01 -1.94766849e-01 -2.85434723e-01
  3.57721932e-02 -6.57169297e-02  3.75518315e-02  1.11628041e-01
  9.16557983e-02 -1.78190023e-01 -7.08405077e-02  6.30804673e-02
  3.41589898e-02  1.79486707e-01 -5.04763238e-02 -1.81548625e-01
 -7.38502368e-02  6.42965734e-02  1.57969758e-01  6.64860681e-02
  1.16418630e-01  1.89463109e-01  2.67344080e-02 -1.62974000e-01
 -1.07885368e-01  3.32011133e-01  6.01153113e-02 -2.40148589e-01
 -8.65218565e-02 -5.33111878e-02  8.55472535e-02 -1.59763262e-01
 -1.77202687e-01  3.09618879e-02 -8.87792036e-02 -5.86074926e-02
 -1.49489000e-01 -6.57413006e-02  2.77140737e-02  1.18822947e-01
  1.70449130e-02 -4.83346209e-02 -1.25353441e-01  5.55890948e-02
 -2.40980476e-01 -2.69964635e-01  1.94741815e-01  1.13638304e-01
 -1.10179540e-02 -1.02309315e-02  2.61536956e-01  3.62579644e-01
 -3.02009899e-02 -3.06472629e-01  1.07163578e-01  4.40513119e-02
  9.55070704e-02  1.58931404e-01  1.42527878e-01  1.61547974e-01
  2.79587030e-01  6.51343912e-02 -1.29992574e-01  6.18880093e-01
 -3.01611632e-01 -3.73916812e-02 -3.79763335e-01 -2.42817909e-01
 -2.72190720e-01  1.65099323e-01 -1.42006010e-01  2.09436253e-01
  5.63265979e-02  1.09632887e-01  2.37529218e-01  5.80192767e-02
  3.87791358e-02  1.47758201e-01 -3.88415791e-02 -1.61786228e-01
 -2.52420269e-02  5.67121319e-02  2.13183895e-01 -1.04588993e-01
 -2.68469900e-01  1.00694038e-02 -2.49058887e-01 -1.00841619e-01
  6.91928416e-02  3.06192160e-01  1.38863817e-01  6.62380606e-02
  3.34804535e-01  1.26283273e-01  7.55653158e-02 -2.07821637e-01
  1.89402878e-01 -5.89761250e-02 -3.46828736e-02  2.30791122e-01
 -3.13013829e-02 -9.51442420e-02 -3.29075724e-01  3.06482524e-01
 -2.62634069e-01 -5.63589990e-01  4.60437685e-02 -2.22104624e-01
  1.20750085e-01  1.33012965e-01 -3.21472228e-01  4.37906161e-02
  1.28667817e-01 -1.61753744e-01  1.36977350e-02  1.64331555e-01
 -1.05330773e-01 -2.61218809e-02  1.14140719e-01  1.04819894e-01]