http://erau.edu/ontology/meme.owl#TheBongChonDongGhostMeme
[-2.60843802e-02 -9.63178277e-02  3.64484563e-02 -2.46042144e-02
 -5.66911362e-02  8.26698989e-02  5.15165590e-02  1.79924592e-01
 -5.21856919e-02 -3.07668955e-03  1.58092901e-01 -6.29717782e-02
  9.11972206e-03 -7.01013505e-02 -2.04136282e-01  5.35009690e-02
 -7.97365734e-04  1.20582022e-01 -4.48571071e-02  7.47873560e-02
 -2.29905136e-02  3.13342400e-02  6.88740909e-02 -5.11931740e-02
  1.47973925e-01  6.58064336e-02  1.38586149e-01 -8.17243531e-02
  1.26904517e-01  1.17480956e-01 -3.22767086e-02  1.86574355e-01
  1.10349879e-01 -3.59230973e-02 -3.03564034e-02  2.49703556e-01
 -8.18051025e-02  1.08061999e-01  6.94433898e-02 -2.40209982e-01
  1.14410140e-01  2.02293634e-01 -1.31336018e-01 -4.45606792e-03
  1.24847978e-01  8.66621062e-02  6.22323044e-02  3.32756303e-02
 -1.32292286e-01  8.88290554e-02  3.52429575e-03 -4.36477922e-02
 -9.52398479e-02 -4.71105464e-02 -1.33472651e-01 -7.60416463e-02
  3.17289755e-02 -9.91624445e-02  1.00101851e-01  6.01319186e-02
 -1.31628960e-01 -8.17233324e-02  1.00377560e-01  9.13303271e-02
 -2.00928435e-01 -2.58980125e-01  4.68508638e-02 -3.61757688e-02
 -6.70648441e-02 -2.29297429e-01 -1.63373157e-01  9.53567177e-02
  1.08916596e-01  1.30990043e-01  9.20992345e-03  2.12094977e-01
 -1.14417367e-01  1.11648507e-01  1.42238408e-01  6.85315728e-02
 -8.23177397e-02 -1.73640355e-01 -1.43541962e-01 -2.40569919e-01
  2.47625649e-01 -1.09412730e-01  5.74902147e-02  5.43879578e-03
  5.17159402e-02 -5.65787405e-02 -7.11408034e-02 -3.12305599e-01
  1.65490016e-01 -1.26180828e-01 -2.84892283e-02  5.46411052e-02
  8.62857848e-02  3.19933258e-02  1.90058276e-02 -1.24428958e-01
  6.29023686e-02  6.93827271e-02  3.94968778e-01 -2.11561650e-01
  5.44957258e-02  1.73149016e-02  3.60640377e-01 -1.98973581e-01
  3.90091725e-02 -1.59036875e-01  4.98707816e-02  1.60191864e-01
 -1.77939281e-01 -1.42913535e-01 -1.81082711e-02  1.31935522e-01
 -3.52982968e-01 -2.86310911e-01  4.66534942e-02  8.56103189e-03
 -2.70655245e-01 -3.74387540e-02 -1.54181058e-02  2.59106234e-02
  1.17517091e-01 -8.92951712e-02  5.23203239e-02 -1.10785134e-01
  1.21187203e-01 -2.01939233e-02 -2.25057185e-01 -1.02930777e-01
  2.80905440e-02 -2.07330547e-02 -1.10273302e-01  5.84733821e-02
 -1.83961191e-03 -7.46117309e-02 -1.92524791e-01  8.95669311e-02
 -2.40335122e-01  1.34680226e-01  7.89330974e-02  5.70386052e-02
  1.79464757e-01 -1.85829818e-01 -8.16334225e-03 -1.43779933e-01
 -5.74054457e-02  1.74606964e-01  1.13458559e-01 -4.79814187e-02
  1.56805925e-02 -8.77962820e-03 -2.58907821e-04  2.90901326e-02
 -2.71853834e-01  9.49746966e-02  4.64368761e-02 -3.00680473e-02
  1.56822447e-02 -8.61014873e-02 -2.27052867e-02 -1.58810705e-01
 -1.00740872e-01 -1.26563534e-01 -2.12785825e-02  2.38921642e-02
 -5.15350938e-01  9.78570208e-02  1.13644451e-01  1.54303625e-01
  2.09150672e-01  2.91009426e-01 -6.97915927e-02 -1.45250276e-01
 -6.00665510e-02 -1.07303597e-01  1.53003931e-01 -1.43408671e-01
 -9.18816775e-02  1.44594043e-01  1.64657071e-01 -1.25572353e-03
 -1.33505076e-01  3.31854518e-03  7.08415136e-02  1.56131107e-02
  2.84863263e-01  5.28797209e-02  1.39218122e-01 -5.09894118e-02
 -2.23214552e-01  3.60900350e-02 -1.33944169e-01  2.26761512e-02
 -3.86240110e-02  8.72876793e-02 -1.06158242e-01  2.01658048e-02
  4.27662442e-03  5.97988404e-02  8.87382030e-02 -1.18949160e-01
 -1.64341144e-02 -1.56094447e-01 -1.90991221e-03  6.52512023e-03
  1.26465991e-01  1.00672215e-01  2.01316655e-01  1.38213068e-01
  1.88612398e-02 -6.05497919e-02  4.83645871e-02 -2.35439632e-02
 -1.84476897e-01 -7.57340640e-02  1.64198190e-01  1.34372577e-01
  9.58588794e-02  1.92085028e-01 -1.38824210e-01  4.42700051e-02
 -5.89449815e-02 -6.44969568e-02 -5.03855124e-02 -4.28712852e-02
  4.73519750e-02  2.87842285e-02  2.53219247e-01  4.99834605e-02
 -3.28072999e-03 -1.41341716e-01  2.18295529e-02  3.88122573e-02
 -5.78403100e-02  8.05574432e-02  3.21347751e-02  1.06032155e-02
  2.59024394e-03 -3.63365375e-02  5.39312065e-02 -7.91012645e-02
 -2.30387956e-01 -9.43401158e-02 -2.02549800e-01  7.29388595e-02
 -4.61299643e-02  7.41959363e-02 -1.30390876e-03  4.98884022e-02
  2.34186705e-02  6.05899654e-02  1.33715838e-01 -7.36279562e-02
 -1.36253098e-02 -1.60565913e-01  4.54362780e-02  4.77840984e-03
 -1.10276133e-01 -4.35244292e-02  2.57527456e-02 -2.27574799e-02
 -1.19963951e-01 -1.16825730e-01 -1.21152468e-01  7.36433566e-02
  2.10347071e-01 -1.20002061e-01  2.39958595e-02 -1.86205029e-01
 -1.92790627e-01  1.78211227e-01  1.71043068e-01 -8.76121148e-02
  1.41982064e-01 -5.81011511e-02 -5.93735352e-02  1.38496011e-01
  5.09436503e-02  9.37429965e-02 -1.22633547e-01 -1.29131004e-01
 -1.77015692e-01  1.39631480e-01 -1.15999624e-01 -1.18124476e-02
 -4.38458957e-02 -8.79981667e-02  8.94915387e-02 -1.17719814e-01
 -7.19477162e-02 -1.59237489e-01 -2.66649742e-02  7.02394396e-02
  6.43359199e-02 -1.06505565e-02 -9.17381942e-02 -9.47976336e-02
 -2.13884249e-01  1.60245318e-02  2.26479899e-02  2.71351356e-02
 -3.16449907e-03 -1.62960708e-01  1.47089168e-01 -2.62262486e-02
 -3.68602537e-02  2.00551659e-01  3.01704764e-01 -1.45928115e-01
  3.24970521e-02  1.76298842e-01  2.48904638e-02  7.78489187e-02
 -9.66920797e-03 -5.30775450e-02  1.34857535e-01 -9.84542668e-02
  9.42439437e-02 -2.14179605e-01  2.43371189e-01  2.66262032e-02
  8.51171389e-02  6.49562627e-02 -2.96388984e-01  6.73954785e-02
  3.76413651e-02 -7.42583582e-03  2.00342759e-02  1.20692082e-01
  4.99098524e-02 -7.40116164e-02 -4.66009416e-02 -1.89555675e-01
  1.55114487e-01  5.32448245e-03 -3.85628939e-02  8.27122927e-02
  4.21233214e-02  1.59988284e-01 -3.80547419e-02 -4.32193354e-02
 -1.14559062e-01 -5.03246263e-02 -4.46424223e-02 -2.01046187e-03
  3.85075547e-02 -9.19542611e-02 -4.01455872e-02  8.82008001e-02
 -1.12866342e-01  2.10668609e-01 -1.58525363e-01  8.40255469e-02
 -4.67796884e-02 -1.12626925e-01  2.27112368e-01 -3.20385136e-02
 -9.26762521e-02  8.53834450e-02 -5.14459349e-02 -1.31950835e-02
 -2.59445179e-02  1.63365528e-02 -9.31774974e-02  2.63601821e-02
 -6.84553906e-02  1.09820161e-02  7.95877278e-02 -1.50457444e-02
 -1.76964909e-01  6.37544319e-02  5.57539426e-03 -4.88703661e-02
 -1.87276691e-01 -8.77053011e-03 -8.07041898e-02  4.91708703e-02
  9.97170210e-02  1.89896166e-01 -1.24927595e-01 -3.69257964e-02
  1.40757300e-02  2.04781187e-03 -2.79106591e-02  1.10520096e-02
  1.13885179e-02  3.10878251e-02 -1.87759727e-01  4.09833528e-02
 -1.04372073e-02  9.23448727e-02 -1.22233614e-01 -8.17723423e-02
 -9.67491046e-02 -3.95882241e-02  5.69570065e-02  1.16597950e-01
  8.40635747e-02 -1.76392350e-04 -5.97106256e-02 -9.26388279e-02
 -2.96990760e-02 -3.57489996e-02  2.49946434e-02 -3.27452570e-02
  1.40846595e-01  1.66421577e-01  1.59062088e-01 -2.29641601e-01
 -7.44762719e-02 -3.79133895e-02 -3.09637208e-02  9.55279358e-03
 -6.81381766e-03 -1.11440651e-01 -1.54119767e-02  5.76023869e-02
  3.71132717e-02 -2.09589414e-02 -1.79003328e-01  9.49638635e-02
  4.19071596e-03 -5.28177507e-02  3.89802903e-02  1.65418044e-01
  1.20203845e-01 -8.51308107e-02 -4.49665040e-02  1.19917788e-01
  4.25513759e-02 -1.09452099e-01  1.48495257e-01  6.65684119e-02
 -1.62439588e-02 -2.88315099e-02  3.45711671e-02  1.10879071e-01
  1.81065202e-01 -2.55496837e-02 -6.39934242e-02  3.77019376e-01
 -2.88850725e-01 -2.52144672e-02 -1.45805418e-01 -1.91857502e-01
 -1.00545004e-01  1.64898798e-01 -2.41416637e-02  5.68116009e-02
  1.26459002e-01  5.81419021e-02  2.60150075e-01 -1.09279342e-01
  4.67516147e-02  1.00992098e-02  5.71149029e-03 -5.95370308e-02
  4.54722457e-02  1.20511502e-01  7.24771544e-02 -5.44602834e-02
 -4.64467593e-02  1.03808366e-01 -1.17222704e-01 -4.11863290e-02
  1.34927183e-02  8.16186294e-02  1.86167508e-01 -1.36390820e-01
  2.67536163e-01  6.96208850e-02 -2.48162691e-02 -4.87101898e-02
  1.32039621e-01 -1.03059217e-01 -4.10835557e-02  5.92414662e-02
 -8.71272851e-03  7.51387775e-02 -1.76127821e-01  3.96934927e-01
 -6.74049258e-02 -2.81329483e-01  4.44891304e-02 -1.31708190e-01
  1.57157481e-02  5.10710813e-02 -1.52773872e-01  1.30704436e-02
  1.01547621e-01 -3.28035131e-02  4.69141006e-02  1.15749119e-02
 -5.21573089e-02 -5.05851507e-02 -4.24938425e-02  1.79993838e-01]