http://erau.edu/ontology/meme.owl#RollingLemonMeme
[-1.31428763e-01 -1.67097047e-01  2.93520489e-03  1.54384496e-02
 -7.87662566e-02  1.23155557e-01  5.76935224e-02  1.95398211e-01
  7.38228038e-02 -9.12188068e-02  2.65016537e-02 -2.88957376e-02
 -1.89596843e-02 -1.01043858e-01  1.87922884e-02  7.81547353e-02
  1.37185752e-01 -7.03210058e-03  3.31989191e-02  1.71294272e-01
 -1.63006991e-01  4.75472808e-02  9.73417908e-02 -6.08286485e-02
  2.30058074e-01  1.93569157e-02  7.52549917e-02 -3.62131260e-02
  2.51033068e-01  1.64711475e-01  6.27917498e-02  6.16282970e-02
 -4.72471267e-02 -1.32277042e-01 -4.21577804e-02  1.20471396e-01
 -1.10414885e-02  8.69149491e-02 -8.89013708e-02 -1.03913590e-01
  1.22806445e-01  2.36306995e-01 -3.33068445e-02  3.77777889e-02
  1.33396775e-01  5.08968830e-02 -1.40792681e-02 -9.99373794e-02
 -6.44310785e-04  7.79809281e-02  8.68618265e-02 -2.27402262e-02
 -3.82818617e-02 -4.02442701e-02 -7.96936750e-02 -7.50465989e-02
  9.28436890e-02 -8.01890064e-03  1.52916417e-01 -2.79681701e-02
  1.02764562e-01 -2.00081449e-02  4.89354990e-02  5.46039231e-02
 -5.55655695e-02 -2.11915430e-02  1.10192657e-01 -2.59066932e-02
 -5.65628931e-02 -9.23732817e-02 -1.23571008e-01  1.19708940e-01
  1.31242082e-01  4.12604287e-02 -2.68656742e-02  1.90759912e-01
 -1.53353354e-02  1.14133283e-01  5.48771583e-02  6.05931506e-02
 -8.28404799e-02 -1.00293294e-01 -6.30240664e-02 -1.27942115e-01
  3.26103084e-02 -1.64531678e-01 -1.01626806e-01  1.05016299e-01
  7.05190599e-02 -1.04252189e-01  1.15075424e-01 -2.02691749e-01
  8.21687058e-02 -1.06555879e-01  1.04082515e-02  1.56257376e-01
 -6.57961890e-02 -3.69457789e-02 -6.62858337e-02 -1.18403830e-01
  1.01470813e-01  1.97064411e-02  2.64294833e-01 -1.40961379e-01
  1.28539070e-03 -6.04318269e-03  1.31982654e-01  6.20614691e-03
  1.72458459e-02 -5.37649654e-02  4.66486551e-02  4.55678329e-02
 -1.14315003e-01 -9.45566222e-02 -1.52244745e-02  1.22684643e-01
 -2.29539543e-01 -2.04026401e-01 -4.23477776e-03  2.71842275e-02
  2.25385334e-02  9.79591394e-04 -1.00618221e-01  8.52999389e-02
  8.84568468e-02 -2.20981136e-01  8.50864649e-02 -3.54325026e-02
  1.82491262e-02  1.08994946e-01 -1.89562798e-01 -1.90736968e-02
 -4.26321961e-02 -2.47239554e-03 -1.48809850e-01  9.41149592e-02
 -2.68728398e-02 -1.13605976e-01 -1.66564733e-01  5.73863499e-02
 -2.59863734e-01  9.01894737e-03  7.65670165e-02 -2.40984745e-02
  1.98587358e-01 -2.40035623e-01  9.16642845e-02 -1.42199293e-01
 -1.60543576e-01  6.09703809e-02 -5.90485521e-02 -6.04354143e-02
 -8.64674971e-02  1.83781721e-02  1.35475416e-02  8.20586979e-02
 -8.14535767e-02  1.28563359e-01  1.97565220e-02 -1.26836270e-01
  6.31149337e-02 -1.11646660e-01  8.45765695e-02 -1.55188397e-01
 -1.39282048e-01 -1.15603276e-01  1.49797872e-02  3.60834450e-02
 -2.12356612e-01  1.86743870e-01 -8.05160925e-02  1.84394836e-01
  1.32951096e-01  8.43028203e-02  3.18395384e-02  9.48034041e-03
 -1.07614122e-01 -5.08033782e-02  3.45314704e-02 -3.82780395e-02
 -2.88418047e-02  1.03896610e-01 -2.14381237e-02  9.73734111e-02
 -1.66158363e-01 -3.43074277e-02  8.04896057e-02  6.91192150e-02
  1.55860499e-01 -4.56968322e-02  7.92200640e-02  2.91075627e-03
 -1.27024785e-01 -9.56206471e-02 -9.86181572e-03  2.85052191e-02
 -1.38777716e-03  1.46264136e-01 -5.26119210e-02 -8.25903341e-02
 -4.89816889e-02  4.76346118e-03  6.78571165e-02 -6.04606327e-03
 -5.04573509e-02 -3.43428910e-01  4.78515401e-02 -5.66001125e-02
  2.68750787e-02  9.62088704e-02  3.01936805e-01  1.64807774e-02
  1.91733483e-02 -1.22986764e-01  9.48927477e-02  3.18739265e-02
 -1.19432770e-01 -1.55833557e-01  1.61684245e-01  1.07718393e-01
  1.78031996e-01  1.06854327e-01 -9.30581838e-02  4.11238000e-02
  2.03130804e-02  1.35406749e-02 -1.57587945e-01 -5.53381220e-02
 -1.89818665e-02 -2.34288425e-04  1.29309162e-01  9.60124731e-02
 -5.39622046e-02 -1.24484807e-01  2.76148450e-02  3.32724601e-02
 -6.86404705e-02  4.66028675e-02  8.67522582e-02 -6.12253211e-02
  6.09924532e-02 -5.51819801e-02  8.03406164e-02 -4.60952111e-02
 -1.35305971e-01 -1.80101153e-02 -1.34103462e-01 -3.06885992e-03
  1.47474641e-02 -3.48762646e-02  6.31157085e-02  1.57150570e-02
  7.42595345e-02  7.61236176e-02  9.02850330e-02 -1.11617129e-02
 -1.38069764e-01 -5.96584529e-02  1.30212396e-01  1.82559118e-02
 -2.07234025e-02 -1.22776680e-01  3.38335969e-02 -1.59440845e-01
 -7.89967924e-02 -2.45546982e-01 -8.28879029e-02  1.19019337e-01
  1.01419695e-01 -1.17330648e-01  2.95328931e-03 -3.78391221e-02
 -2.24441942e-02  8.57398883e-02  3.21881995e-02 -3.18884030e-02
  3.27559561e-02 -5.56249022e-02 -8.07763115e-02  2.97091976e-02
  1.24948226e-01  7.18231350e-02  1.87895466e-02 -8.70356262e-02
 -2.08704874e-01 -1.06375895e-01 -3.44140157e-02 -7.50094000e-03
  1.08555250e-01 -5.95376752e-02 -8.43930803e-03 -1.01243734e-01
 -2.73981635e-02  8.33360478e-03 -4.32723900e-03 -1.38171995e-02
  4.41134833e-02  1.95635073e-02  5.08853747e-03 -1.68581810e-02
 -2.28155732e-01  5.95311597e-02 -2.12723985e-02  9.16709602e-02
  3.54168862e-02 -1.69114731e-02  1.00438766e-01  5.02091367e-03
 -6.09604642e-02  1.27955526e-01  1.57116458e-01 -2.36443609e-01
 -2.77275257e-02  8.13066438e-02 -6.26960322e-02  3.84400114e-02
 -3.15565653e-02  5.31018451e-02  3.30627523e-02 -3.86390276e-02
  2.32232548e-02 -1.65287018e-01  1.33413509e-01  1.46513432e-01
 -2.75452137e-02  7.46804029e-02 -1.55085146e-01  9.03934464e-02
 -1.07024284e-02 -9.47937891e-02  1.19890468e-02  1.01895081e-02
  1.13650421e-02 -8.82148296e-02 -1.34905517e-01 -2.38270089e-01
  1.21783309e-01  7.00058714e-02 -8.17799196e-02  1.11202046e-01
  4.29147445e-02  1.32987633e-01 -6.10583909e-02 -1.83557067e-02
 -7.72979036e-02 -2.36671884e-02 -5.95635176e-02  2.71604955e-02
 -8.68329406e-02 -3.66606340e-02 -4.11818102e-02  5.38205691e-02
 -7.92909488e-02  1.72063336e-01 -2.02789158e-01  8.60457867e-02
  5.96117415e-02 -1.39093891e-01  1.33744881e-01 -1.25973240e-01
 -1.43011346e-01  9.61869135e-02  3.22980396e-02  1.33289620e-02
  1.52002508e-02 -3.12709482e-03 -2.06932649e-01  6.35429844e-02
 -5.92500530e-02 -1.36026461e-02 -5.48631847e-02 -4.79467660e-02
 -2.70754635e-01  1.74070209e-01  5.87986186e-02 -1.47476524e-01
 -1.70048058e-01  5.96631654e-02 -5.99879175e-02  2.95455288e-03
  4.47375812e-02  1.83968723e-01 -5.53952567e-02 -1.31948099e-01
  4.18538526e-02 -1.02902159e-01 -1.77274913e-01  1.68476269e-01
 -1.36451855e-01 -1.30099654e-01 -2.07791645e-02  7.73377642e-02
 -3.84900309e-02  2.11046100e-01 -9.34255645e-02 -1.84599981e-01
 -2.10200418e-02 -2.04024184e-02  3.50223452e-01 -6.17594831e-02
 -1.01971626e-01 -1.81661367e-01  7.09942821e-03 -2.35177085e-01
 -1.98881716e-01  2.11620051e-02 -3.62057611e-02  3.69003445e-01
  1.94562912e-01  1.59490198e-01  1.28060440e-03 -9.37049165e-02
 -1.33641049e-01 -6.68301340e-03 -6.49581030e-02 -1.03322754e-03
 -9.60973278e-02 -1.56706255e-02 -4.32095230e-02  1.28188148e-01
  1.88648060e-01  6.72258139e-02 -2.08787739e-01  1.00101873e-01
  3.13765667e-02 -1.60469592e-01 -3.06577180e-02  2.57211089e-01
  1.10301211e-01 -5.98482899e-02  2.15528067e-02  2.75657833e-01
  1.16305612e-01 -1.57925457e-01  2.07766265e-01  2.10874513e-01
  5.66263944e-02 -4.56195995e-02  1.00695360e-02  7.79886767e-02
  7.29950145e-02  1.85900386e-02 -1.31031483e-01  2.38056645e-01
 -2.57652253e-01 -2.60166870e-03 -2.48422578e-01 -1.12032183e-01
 -6.19270243e-02  7.33085573e-02  1.19244859e-01  1.80774808e-01
  1.28569737e-01 -5.61148413e-02  2.39110991e-01 -7.64007643e-02
  1.24390788e-01  1.07813617e-02  2.72261128e-02  3.64254415e-02
  2.56708086e-01  3.03871818e-02  1.27831012e-01 -1.40213162e-01
 -5.05423546e-03  1.38075873e-01 -1.07199065e-02 -1.57886863e-01
 -2.09776554e-02  1.03648558e-01  2.23135278e-01  3.82606126e-02
  2.30904952e-01  1.42823175e-01  4.28388417e-02 -1.30440682e-01
  1.71947449e-01 -1.66854426e-01 -1.66905448e-01  4.62728776e-02
 -1.12791970e-01 -7.77656212e-02 -6.72184825e-02  3.79781693e-01
 -1.37308195e-01 -1.42203167e-01 -5.05525731e-02  6.27745092e-02
  3.50975133e-02 -2.90955175e-02 -1.09946258e-01 -6.59529939e-02
 -1.51379071e-02 -3.64573337e-02  1.69202462e-01 -1.57929547e-02
 -7.47750476e-02 -1.07427478e-01  6.29765615e-02  5.88049777e-02]