http://erau.edu/ontology/meme.owl#JokerMeme
[-0.19190943 -0.10439141  0.09795795  0.12597345 -0.06345633  0.06808899
  0.17331341  0.02103142  0.00446861 -0.10453711  0.10044539 -0.00519607
  0.06663281  0.05006623 -0.02130227  0.03301956  0.11162168  0.07335529
  0.04755337  0.15804645 -0.1300612   0.04445853  0.17000076 -0.08096468
  0.127759   -0.12487099 -0.11158019  0.0203841   0.27467453  0.13992256
  0.20426099  0.12156082  0.10938559 -0.1670944  -0.0095958   0.11219036
 -0.05526878  0.08150444 -0.00910537 -0.12627016 -0.02320037  0.19643426
 -0.15721735 -0.00298862  0.05527335 -0.02674849 -0.04667395  0.00908503
 -0.04671197 -0.00831333  0.04991146 -0.03943744 -0.10825381 -0.04645072
 -0.03033662  0.06718534  0.14211649 -0.12783873  0.10813417  0.08969257
  0.07110135 -0.07522954  0.15628345  0.03693869 -0.12936094 -0.06271231
  0.10287753 -0.01534459 -0.0708084  -0.0388135  -0.081326    0.08020941
  0.00070593 -0.04293222  0.07510904  0.00498501 -0.05408879  0.04458861
  0.06759055 -0.00973193 -0.0812933   0.01296074  0.02543042 -0.22137752
  0.03245859 -0.10728128 -0.1582496   0.14547716  0.04143269 -0.06406745
 -0.01796847 -0.17304799 -0.03338349 -0.12379461 -0.0331119   0.07261254
 -0.13295604 -0.05670939 -0.17698774 -0.00663181  0.0524806   0.06816481
  0.32390875 -0.10836601 -0.09346936 -0.04864699  0.14640704 -0.00355369
 -0.01281007 -0.08290273  0.05694599  0.00545663 -0.06073366 -0.00345253
  0.08175213  0.13163698 -0.19483903 -0.02435071  0.05088565 -0.0038769
 -0.00213257 -0.07880614  0.00375501  0.13159299  0.12281527 -0.02821301
  0.04390614  0.0326753   0.05899056  0.04092888 -0.27403662 -0.00168042
 -0.08502156 -0.01617613 -0.0358634   0.15533365 -0.08338085 -0.11861605
 -0.08043895  0.10090684 -0.13222465 -0.0441508   0.2594765   0.01383448
  0.12441392 -0.2061374   0.05908338 -0.11404592 -0.07092398  0.04207241
 -0.02700577 -0.15501535 -0.04823539  0.12197349 -0.03748183  0.10490634
 -0.04503117  0.15967625  0.07218648  0.00600919 -0.00359976 -0.18266502
  0.01226075  0.06986937 -0.26391223 -0.15270756  0.01633162  0.10134028
 -0.2800385   0.1803281  -0.0297769   0.2247344   0.16751452  0.08220778
 -0.05485377  0.00449849 -0.06962511 -0.10659615  0.0548408  -0.00578243
 -0.0544461   0.08323997  0.02209904  0.0581594  -0.09659424 -0.02261261
  0.18262199  0.12296069  0.07876148 -0.1997943  -0.0369609  -0.04812507
 -0.11418265 -0.13157046  0.06199447 -0.12408413  0.00686703  0.2607799
 -0.0737181  -0.09914219  0.03609979 -0.0693105   0.07669431  0.10222468
 -0.03535794 -0.44652608 -0.02038167 -0.08510154  0.21628144  0.2895781
  0.407306    0.10499889  0.00745681 -0.07984195  0.11319919  0.06923518
 -0.06179557 -0.07877468  0.17475061  0.17587851  0.12480453  0.22780527
 -0.12484974  0.00445326 -0.01459092  0.06120034 -0.08915358 -0.06421835
 -0.11590482 -0.05320985 -0.08787315  0.03744506 -0.0460341  -0.18915579
 -0.0331557  -0.04674404 -0.18382424 -0.0611739   0.08691156 -0.05652551
 -0.08121417 -0.0198134   0.00489448 -0.05036651 -0.30023098 -0.04699672
 -0.09901597 -0.00772474 -0.06226423  0.02491205  0.04681772  0.01237195
  0.19066912 -0.02708325  0.16774215 -0.03725291 -0.16463487  0.01143158
  0.04067688  0.02793303 -0.14144646 -0.07595498 -0.07501162 -0.18658605
  0.00907018 -0.13702515  0.06421799  0.08553141 -0.01228234 -0.08206305
 -0.00810541 -0.02718291 -0.11569412 -0.08250757  0.02219138  0.02107395
  0.07301034  0.01630362 -0.02430962  0.02788755  0.00731037  0.1280015
 -0.04244184 -0.06642853 -0.12303457 -0.0709937  -0.07454846 -0.09790199
  0.03245507 -0.10589118 -0.03382727 -0.11640018 -0.06219961  0.03773793
 -0.01772312 -0.07339104  0.06728746  0.10181719 -0.15525374 -0.01948858
 -0.11442716  0.06864954  0.10680453  0.02824211 -0.00908465 -0.01915148
  0.19942194 -0.01596394 -0.11915053 -0.04394053  0.14169736 -0.19776554
 -0.03832885 -0.05766032 -0.16234769  0.01506218  0.00958242  0.05674205
 -0.0421118  -0.0371248   0.0713706  -0.05746894  0.11634782  0.12049548
  0.04962821 -0.0919855  -0.05028123  0.01375704  0.15843654  0.03384048
 -0.01717852 -0.11344474  0.03175576 -0.1162037   0.0306803  -0.21823178
  0.0598447   0.07118113 -0.0497756   0.11032153  0.00759978  0.21983817
 -0.10623324 -0.04072928 -0.1772864   0.11394944 -0.16738197  0.17651786
 -0.00592067 -0.06415346  0.05146259  0.07683317 -0.11798714  0.08493961
 -0.06027924  0.09460934  0.08535782  0.09310999  0.1251632  -0.07081857
 -0.05825844  0.1343492   0.07324123 -0.0296574   0.12149492  0.02329532
 -0.13027786  0.03108525  0.05638797 -0.0048261  -0.08810734 -0.04061517
 -0.1856908   0.09216025  0.10474128 -0.03178298 -0.02518332 -0.00452311
  0.13272154 -0.02695723  0.04204851  0.14513835 -0.0292172  -0.09427157
 -0.00772242 -0.12160688 -0.16360876  0.11360186 -0.05846139 -0.0694615
  0.09895699  0.06100653 -0.05875039  0.19525923 -0.04108009 -0.17016657
  0.01782147  0.02168498  0.22796862 -0.06058668 -0.09466345 -0.06666673
  0.09144264 -0.1701813  -0.18013014 -0.08480116 -0.04819684  0.30335915
  0.08318821 -0.1014976   0.08057255 -0.08880667 -0.23047838  0.05557205
 -0.12036654  0.08088381 -0.16641986  0.03941901 -0.08564381  0.10997114
  0.20639914 -0.02940836 -0.13114014 -0.08730041  0.04842625 -0.10237351
 -0.01520707 -0.00322103  0.17700005 -0.02050116  0.04314438  0.20919514
  0.19588906 -0.08582459  0.19324866  0.15192394  0.19609855 -0.07586672
 -0.03223739  0.0777022   0.13990043  0.09506439 -0.09058277  0.19272186
 -0.23455988 -0.06280626 -0.22641683 -0.05107656 -0.02144343  0.01556243
  0.04635061  0.23727441  0.09320392 -0.01873804  0.23089465  0.06754786
  0.18520768  0.0018641   0.00705873  0.07317047  0.19498691  0.01123768
  0.11242453 -0.05186183 -0.07533189  0.11962377  0.02955727 -0.10444735
 -0.00463008  0.08737769  0.18404487 -0.019667    0.05986752  0.16396008
 -0.01411237 -0.07901022  0.07155081 -0.19054681 -0.11742118  0.22961906
 -0.09785266 -0.00390749 -0.04081147  0.31894964 -0.13600951 -0.14072149
  0.00456334 -0.04741847  0.06438169  0.01913867 -0.08533048 -0.03651387
  0.02276476  0.14049557  0.03221158  0.06047544  0.03502214 -0.12747627
  0.1975283   0.06396582]