http://erau.edu/ontology/meme.owl#YoureDoingItWrongMeme
[-0.06878182 -0.18213457  0.09492338 -0.08034714 -0.0384906   0.1549763
  0.19501446  0.1178047   0.19298941  0.05335675  0.20332028 -0.15466991
 -0.12455447 -0.03393307 -0.01255076  0.17020895 -0.01884869  0.09934265
 -0.15856922  0.22069712 -0.22329418  0.06454463  0.14980294 -0.07305437
  0.17672114 -0.04843426  0.11205477 -0.13953206  0.11315143  0.04049016
  0.02785581  0.05117083  0.07982542 -0.03943465 -0.09259011  0.25952092
 -0.22553453 -0.10026287 -0.10092506 -0.20473303 -0.00356522  0.16585809
 -0.34225675 -0.08490819  0.00539985  0.15509625  0.00901107 -0.21678528
  0.04399614  0.04419591  0.17638987 -0.05158427 -0.05041291 -0.00117819
 -0.09928896 -0.0392695  -0.03931985  0.0211782  -0.20380223  0.00882177
  0.03587568 -0.11017177  0.14740303  0.09091452 -0.13566719 -0.18749328
 -0.18400088  0.00569069 -0.02570014 -0.13406451 -0.24865903  0.15329967
  0.0678171   0.24875219 -0.11861865  0.1767955  -0.22575694  0.12883283
  0.08123509  0.10247099 -0.01841548  0.00610509 -0.10963686 -0.1425378
 -0.1558487  -0.07892492 -0.06460965 -0.05890027  0.18378244 -0.19132122
 -0.19922286 -0.37498274  0.23182586  0.12163486 -0.03778076  0.09429631
 -0.07724646 -0.03231737 -0.10453098 -0.01428567  0.03967207 -0.1438793
  0.39186242  0.06515642  0.08150486  0.02418064  0.0951985   0.06023538
  0.14587413 -0.13380268 -0.03090294  0.18266529  0.04399722 -0.2613287
  0.05131794  0.10469748 -0.2001737  -0.11108892 -0.00315296 -0.04987298
 -0.21878749 -0.12945317 -0.09762346  0.1350815   0.03442019 -0.06104885
 -0.07046073  0.05016975  0.04705145 -0.15522163 -0.12957262 -0.10526203
  0.01598435 -0.07461912 -0.01047515  0.03961056 -0.08764491  0.04604712
 -0.10604278 -0.07767638 -0.23821892  0.0398083  -0.01034924  0.25108317
  0.06537389 -0.01695796  0.06469797 -0.21234035  0.11245924  0.24157207
 -0.0713148  -0.03903361  0.08904358 -0.07283712 -0.12965927  0.04352934
 -0.19507906  0.27713096 -0.06288314 -0.22340454  0.08214418 -0.33211258
 -0.29511914  0.04914191 -0.08317352 -0.28338772 -0.23748435  0.17184064
 -0.15087302  0.11377072 -0.05809118  0.08614025  0.00432139  0.13773663
 -0.23065202 -0.15551963 -0.02690458 -0.04503252  0.19892049  0.03864904
 -0.04537631  0.13402486  0.07248235  0.02482457  0.01357278 -0.13181354
  0.12236863  0.0377013   0.07853307  0.04262675  0.04285241  0.09211785
 -0.16013809  0.09949236 -0.08730928  0.05400828 -0.00249029  0.10620992
 -0.03015161 -0.08641288 -0.10050969  0.01578947 -0.06319178 -0.18429603
 -0.0317684  -0.19188118 -0.00778055  0.05630507 -0.10582446  0.04322577
  0.23747447  0.11152976 -0.01884215 -0.17657904  0.12186575 -0.06415804
 -0.23329268 -0.09557819  0.2202144   0.05875557  0.29716069  0.09757529
 -0.02244453  0.02531478 -0.23985659 -0.21005882 -0.18601695 -0.13850297
 -0.12853636  0.02929909  0.07366493  0.05662354 -0.01834128 -0.06959259
  0.16056417  0.01469647 -0.11674853  0.06912711  0.16010179 -0.00263556
 -0.02287434  0.12131016  0.05606405  0.20046987 -0.34762743 -0.17567664
 -0.40530965  0.09793518 -0.25509828  0.19345722 -0.1553678   0.04164247
 -0.01797129  0.13936175  0.33884418 -0.15423839 -0.03307746 -0.06240808
 -0.15544713 -0.10787153 -0.22203104 -0.0592675  -0.11501044 -0.00779132
 -0.07442898 -0.24608712  0.04924964  0.08621228  0.15791981  0.17796035
  0.02812328  0.09975873 -0.09280302  0.122535    0.18872887 -0.11084069
  0.23220292 -0.09757353 -0.15131478  0.10052838  0.08327151  0.11412365
 -0.27289283 -0.30807486 -0.10643597  0.05908332  0.04280625 -0.03496168
 -0.07485248 -0.13946755  0.00657485  0.17310254  0.0900399  -0.19820566
 -0.00154192  0.0608602   0.26536506  0.00536048  0.06192307 -0.34385648
 -0.04919409  0.11875051  0.06381609 -0.04955002 -0.03361612 -0.21991247
  0.14665218 -0.11944723 -0.10610996 -0.06407914  0.07910126 -0.15122502
 -0.00857224 -0.10288475 -0.12048163  0.11886908  0.0391261  -0.10191248
  0.0292028  -0.07203171 -0.11366503 -0.29408866  0.14372547  0.06762133
 -0.06108847  0.09589313 -0.02429827 -0.06045135  0.33679903  0.2124503
 -0.02274961  0.19803883  0.04440969 -0.06355652 -0.02711068 -0.11289567
  0.11978913  0.15927199 -0.00508764 -0.08267818  0.01600111 -0.02403885
  0.02664256  0.00714702 -0.04967017  0.00693674  0.04707064 -0.01070196
  0.34654424 -0.22329567 -0.04300669  0.15303937 -0.23176074  0.05605631
 -0.24140769  0.05108091  0.09071188 -0.05209045  0.14595042 -0.14973667
 -0.06103723  0.06294147  0.0185441   0.09058701  0.02905639 -0.03898457
 -0.08124329  0.23816311 -0.08941789  0.07634706  0.16765565 -0.11416486
 -0.29012504  0.14214014  0.01270135  0.02604404 -0.33310097  0.00202527
 -0.14979428 -0.11664844 -0.12746687  0.3479823  -0.0674041  -0.00731873
  0.16816416  0.08681837 -0.1963801  -0.04499483 -0.18997413 -0.07856338
 -0.00666358 -0.005535    0.02374072  0.01880549 -0.05369982  0.02837966
 -0.04023584 -0.00661288 -0.13286676  0.08659397 -0.04539998  0.02830814
 -0.00183545  0.05136404  0.05492799  0.12033849 -0.0444489  -0.07147115
  0.19700614  0.13486725  0.15840602 -0.06546823 -0.1120605  -0.02703458
 -0.06201483 -0.25852725 -0.29108736 -0.29767707  0.03383944  0.13422367
  0.04892481 -0.13861112 -0.27259028  0.03073087 -0.06001529 -0.24731292
  0.03335209 -0.00095142  0.1628086  -0.15827711  0.27827036  0.37836257
  0.04436719 -0.09863915  0.20235732  0.398662    0.12721558 -0.22197881
  0.1602082   0.28343567 -0.07600238  0.09263653 -0.29252216  0.49019757
 -0.5883222  -0.24050413 -0.2719059  -0.21537405 -0.08948654  0.00785062
 -0.06085802  0.25938812  0.26769173 -0.11624052  0.3633843  -0.10463949
  0.18892707  0.21338478 -0.07472658 -0.05769681  0.17313097  0.06618537
  0.33252466 -0.13669078 -0.08940147  0.25552788 -0.02810257  0.08398454
 -0.06648339  0.08335901  0.4823689   0.08163662  0.39512637  0.262553
  0.02215402  0.00656296  0.36643228 -0.3918707  -0.04183154  0.32236266
  0.2924653  -0.06311923 -0.06837632  0.44293198 -0.29736087 -0.32750076
  0.068924   -0.20024413  0.24086848  0.1238949  -0.26125014 -0.12531842
 -0.09444109 -0.03563802  0.26047537 -0.10647327 -0.20432387 -0.20933717
  0.01857799  0.212608  ]