http://erau.edu/ontology/meme.owl#FindtheLetterWordNumberThumbsupifyoufounditMeme
[ 0.11386175 -0.0867526  -0.01620102 -0.09424556  0.11448425  0.1819715
 -0.12629335  0.10744134 -0.13531251 -0.04221076 -0.06676129 -0.13662517
 -0.16992365 -0.06451214 -0.03710363 -0.0023494   0.01467886 -0.10880806
 -0.06789549  0.06174275 -0.17140946  0.15275154  0.15624778 -0.01009634
  0.12642264  0.04512959  0.11807107  0.18869424  0.24475935  0.15464048
  0.07214142  0.24482378 -0.03284283 -0.07299086 -0.10901684  0.00166612
  0.03693728  0.17529242 -0.09634361 -0.1570466  -0.11164583 -0.07820641
 -0.11232375 -0.05011293  0.07583496 -0.01523915  0.14058465  0.02522112
 -0.01428787  0.07131596  0.02404036 -0.02029164  0.03170348  0.11535402
 -0.1605227  -0.04280439 -0.03676777  0.05438166  0.21317933 -0.11629523
 -0.00104672 -0.00558357 -0.07572626  0.10816666 -0.12643617  0.09253627
  0.04882825  0.00884185 -0.08023342  0.00979151  0.0050191   0.2069333
  0.13539758  0.07508074 -0.02369241  0.2424659  -0.06537744  0.11011636
  0.0363706   0.03368026 -0.06581822 -0.16801465 -0.04161434 -0.12787156
  0.13675697 -0.17156674  0.05243494 -0.1425619   0.05687064 -0.05551215
  0.07657182 -0.18329874  0.17961997 -0.14301817 -0.07419273  0.03445199
 -0.0090605  -0.02521736 -0.06025606 -0.20277491  0.09665158 -0.08094084
  0.23253551 -0.07528017 -0.10756668  0.07607795  0.09879123  0.03214308
  0.08226182 -0.15471008 -0.09863703  0.08858203 -0.02290216 -0.18213844
 -0.01379976 -0.03152151 -0.26250342 -0.04006048 -0.00454949  0.1261879
  0.07145458 -0.07304436 -0.31440163 -0.18637396 -0.05324248 -0.14670865
  0.14099407  0.19504146  0.0853019  -0.0434525  -0.0678439  -0.01938712
 -0.03039406  0.0054173  -0.0572699   0.11242951 -0.11672937 -0.07512606
 -0.1365517  -0.06756102 -0.0508109   0.07737837  0.02823133  0.03142691
 -0.00447073 -0.29708263  0.11046378 -0.09653208  0.10015935  0.14968991
 -0.18567422  0.01944331 -0.14912964 -0.00783032  0.00874472 -0.09963298
  0.04211226  0.0709435  -0.08301567 -0.34253052  0.06981077 -0.01137881
  0.0210447  -0.11045694 -0.15181571 -0.03792799  0.20310521  0.13697024
 -0.3719483   0.18624881 -0.00854951  0.2320238   0.19771658  0.25539994
 -0.16643465 -0.10346876 -0.00664222 -0.1363131  -0.02359496  0.10578273
 -0.06038882  0.03189407  0.03794893  0.0879944  -0.20720692 -0.15907086
 -0.09446798  0.00096584  0.08676758 -0.10375995  0.02648966  0.04833183
 -0.18882436 -0.04483151 -0.18425252  0.04778605  0.1564693   0.0111551
 -0.0326662  -0.10382158 -0.08213393  0.03333646  0.14823796 -0.05022791
 -0.12830631 -0.36626348 -0.03908658 -0.01868516  0.23254381  0.04458751
  0.31435075  0.12738967  0.2116704  -0.23048806 -0.13224219  0.10996909
 -0.08048653  0.02195764  0.51073694  0.22218049  0.15505087  0.05288613
 -0.0797471   0.09805624  0.02542108 -0.13651568  0.08608078 -0.1338068
 -0.11584309  0.09726852  0.24167968  0.14709993 -0.10033078 -0.11834217
 -0.04053018  0.1149069   0.06456345 -0.22037941  0.11442682  0.13061862
 -0.00470796 -0.08684683 -0.01148749 -0.09797942 -0.23691069 -0.03782493
 -0.26441005  0.02075198  0.02735926 -0.22919631  0.20479813  0.17081808
 -0.0632698   0.09905294  0.18568681  0.1305074  -0.19511165 -0.14164536
  0.01545823 -0.17084943 -0.10011172 -0.10225771  0.01959873 -0.08502971
 -0.17743182 -0.18148169 -0.02117716  0.23079094  0.23619029  0.11154583
 -0.04388731  0.01929552 -0.02839014  0.30677986  0.08446422 -0.01109429
  0.16400485 -0.00187383 -0.2278214  -0.19094032  0.09095873  0.15633176
  0.01599864 -0.09670033 -0.14318284 -0.00973937 -0.1414823   0.1283695
 -0.01771791 -0.21244232  0.06354343 -0.17255214 -0.00856653  0.06412134
  0.0140645   0.06127264  0.09515743 -0.07464012  0.05047205 -0.09289747
 -0.21135685 -0.05417354  0.09068249  0.11297588  0.07982279 -0.14767367
  0.03851814 -0.04440685 -0.10817902  0.00440548  0.32058498 -0.2440624
  0.00274336  0.10780971 -0.1406054   0.03456216 -0.04887355  0.01890433
  0.2467822   0.10652213  0.06640776 -0.19932471  0.06256212  0.11234941
  0.21122028  0.12433876 -0.21612936  0.03528728  0.06791832  0.05378712
  0.13739999 -0.10119879 -0.01961298  0.04330811  0.0604802  -0.38055375
  0.08104376 -0.02132607 -0.01402175 -0.09385395 -0.04157422  0.01353362
  0.08006012  0.05231297 -0.06175548  0.04148542  0.17409524 -0.21648644
 -0.05291197 -0.002      -0.07149648 -0.06998358  0.00306574  0.220306
 -0.26299036 -0.0062814  -0.15699404 -0.24520756  0.15688105 -0.13008714
 -0.00638983  0.16466114  0.00734441 -0.10788245 -0.09298319  0.07982934
 -0.29684487  0.06925714 -0.14164604 -0.17428209  0.0957386  -0.16027912
 -0.19140132  0.2859016   0.06741026  0.09474427 -0.15760577  0.02998962
 -0.3342387   0.06165271 -0.00710019  0.20661418 -0.23393962 -0.17634991
  0.04864444 -0.07901369  0.05129581  0.05524607 -0.10643445 -0.1050984
 -0.00554846 -0.00439977 -0.11684617  0.33930355 -0.02130534  0.110215
  0.06220188 -0.16986857  0.251804   -0.07374426 -0.01291459 -0.24349812
  0.1402446  -0.1257487   0.04801392 -0.01898636 -0.01807788  0.15838605
  0.19887793  0.01893906  0.14300613  0.00082243 -0.0996316  -0.17323218
 -0.18227424  0.18120757 -0.05144402 -0.12938526  0.19215697  0.06998964
  0.19327283  0.15158619 -0.36938235  0.17356336  0.07947203 -0.22721715
 -0.07805608  0.2517109   0.12038758 -0.05090836  0.03172843  0.278225
 -0.0125826  -0.04343404  0.09767272  0.31678963  0.08258782 -0.23677404
  0.11443137  0.06255116  0.1196434   0.02599522 -0.12604226  0.27060843
 -0.3107999  -0.15835176 -0.276038   -0.13120712 -0.11612492  0.03067761
  0.03761433  0.11304987  0.36933088  0.0193905   0.08503921 -0.16261247
  0.13952503 -0.04387468 -0.05756357 -0.20260768  0.05966445 -0.06833906
  0.15102299 -0.0215386   0.07168422  0.0850856  -0.19631141 -0.1464367
 -0.10552916  0.06466592  0.11479431 -0.02079418  0.14404319  0.14168304
  0.03181233 -0.15656842  0.23654032 -0.19686662 -0.30159467  0.03404138
 -0.13859639  0.00252095 -0.02967205 -0.00843232 -0.10396156 -0.07383556
 -0.25251114  0.1059745   0.1902215   0.12699394 -0.20649847  0.05358456
 -0.12387522 -0.2237076   0.1387364  -0.02426686 -0.1414966  -0.17397827
 -0.13093601 -0.02422836]