http://erau.edu/ontology/meme.owl#ICriEvrytiemMeme
[ 5.03266118e-02 -1.54536217e-01  2.36772168e-02 -2.74473652e-02
  7.69817829e-03  5.15817478e-02  3.23487483e-02  1.12277893e-02
  6.33136742e-03  2.17482690e-02  1.96723461e-01 -9.60649643e-03
 -6.53383508e-02 -1.60652027e-02 -1.30171314e-01  3.58692482e-02
  1.97983626e-02  1.43714920e-01  1.77828167e-02  6.89874142e-02
 -1.90378144e-01  1.53195178e-02  1.43673554e-01 -8.05272907e-02
  1.25118822e-01  5.44356834e-03  4.81497832e-02 -9.10317078e-02
  1.86240837e-01  7.14415833e-02  7.99702033e-02 -4.67690006e-02
  1.61669254e-01 -3.03438064e-02 -3.76154147e-02  9.68774110e-02
  6.20302968e-02  2.76013482e-02 -1.07912496e-01 -1.84812382e-01
  1.28937945e-01  2.23432571e-01 -1.01958051e-01 -1.56728178e-01
  5.22858575e-02  6.98314682e-02  6.54003695e-02 -6.94327429e-02
 -1.76961124e-02 -9.16115269e-02  4.70544323e-02 -2.56598759e-02
 -5.41649722e-02 -5.51458038e-02 -5.62247373e-02 -6.54871762e-02
 -2.19086632e-02 -1.30250275e-01  1.47583008e-01  1.39092594e-01
  9.75906178e-02 -8.82139280e-02  1.82422385e-01  9.91753116e-02
 -2.25588292e-01 -1.54391617e-01 -3.73078301e-03  8.51959176e-03
 -3.64717469e-03 -2.11977139e-02  6.80615008e-02  2.54884511e-02
  1.15514576e-01  1.00265026e-01  2.00470295e-02  1.36225939e-01
 -9.66462642e-02 -7.86977261e-02  1.28107816e-01  2.24390887e-02
  2.88462136e-02 -1.07236482e-01 -1.22018799e-01 -1.03236690e-01
  7.34024867e-02 -1.05775274e-01  3.21448557e-02 -5.45849167e-02
 -4.79350351e-02 -9.60806664e-03 -6.46777358e-03 -2.62826592e-01
  5.48965931e-02 -1.58149786e-02 -1.91531673e-01  4.12488542e-02
  8.37895181e-03  1.00595497e-01  5.44855036e-02  4.00603414e-02
  1.41369924e-01  7.24885091e-02  1.58236727e-01 -1.53693706e-02
  7.59608522e-02  1.27859160e-01  1.66172281e-01 -7.77655691e-02
 -6.24280702e-03 -1.97110940e-02 -1.00308388e-01  1.22933365e-01
  1.27018154e-01  1.03924284e-02  5.38493395e-02 -4.45908867e-02
 -1.81513354e-01 -1.93476513e-01  1.13014050e-01 -4.05330881e-02
 -8.17547515e-02  7.74534494e-02 -1.66403167e-02  9.27718654e-02
  2.07057670e-02 -7.32629970e-02 -7.94051588e-02 -5.80317155e-02
 -4.65661846e-02 -9.74693447e-02 -2.13745043e-01 -4.40195948e-02
 -7.13658184e-02 -7.07842293e-04 -4.36132587e-02  1.21178612e-01
 -4.25542035e-04 -4.76774238e-02 -8.04508105e-02 -1.08820617e-01
 -2.14333788e-01 -4.04978618e-02  7.54194930e-02  8.98169726e-02
  1.88530535e-01 -1.41575605e-01  4.97497842e-02 -8.44599307e-02
 -2.01210799e-03 -3.85267176e-02  6.21508248e-02 -5.57492711e-02
 -1.29347786e-01 -2.09747493e-01  9.55047272e-03  1.92443132e-02
 -1.45431027e-01  7.17815608e-02  1.54143106e-02 -1.08847566e-01
  1.39610454e-01 -1.77900225e-01 -7.99377933e-02  2.75340322e-02
 -2.42242098e-01 -6.28483966e-02 -7.38824084e-02  2.17707977e-01
 -1.44972950e-01  2.78925858e-02  9.50850546e-03  2.54305720e-01
  2.51259059e-01  1.20546646e-01  4.99284081e-02 -6.41784519e-02
 -1.27117811e-02  5.55223934e-02  1.68542460e-01 -1.06478199e-01
 -1.88298076e-01  6.60700724e-02  6.64237738e-02 -8.22319090e-02
 -5.16015030e-02 -2.41036471e-02  1.00393720e-01  1.27006188e-01
  4.32593524e-02 -1.08888328e-01  4.86839227e-02  6.46545589e-02
 -1.05394609e-01 -1.01054542e-01 -3.55150513e-02 -5.59120551e-02
  1.58460215e-02  1.74029291e-01  3.08557078e-02  3.80396843e-02
 -5.54504357e-02 -2.46780440e-02  1.87892735e-01 -1.55567288e-01
  1.04642594e-02 -2.39748552e-01  9.47570205e-02 -7.96369761e-02
  2.66203731e-01  1.49537265e-01  1.97515741e-01 -3.63860861e-03
 -9.32414010e-02 -5.67090996e-02  1.79155022e-01 -7.12509826e-02
 -1.49182633e-01 -1.44594729e-01  1.97744504e-01  4.25589122e-02
  2.25979552e-01  3.11447293e-01 -2.09347084e-01  9.34218466e-02
 -3.12043242e-02 -1.36525467e-01 -1.82991624e-01  6.10914491e-02
 -1.03440704e-02 -7.98625499e-03  6.61611408e-02 -2.89205350e-02
 -1.01882316e-01 -1.94018334e-01 -1.06398039e-01 -5.22025079e-02
 -9.09458250e-02 -9.59208086e-02  8.57624114e-02 -6.30565286e-02
 -4.89343405e-02 -9.75729749e-02  3.11085656e-02  7.35163242e-02
 -2.76107579e-01 -2.11535707e-01 -2.06718072e-01 -3.76220606e-02
 -9.23065916e-02  1.78229377e-01  1.37136951e-01  1.08730398e-01
  8.46506655e-02  2.00456344e-02  2.18851164e-01 -7.93560371e-02
 -4.84285057e-02 -3.66434790e-02 -6.86919838e-02  1.30321547e-01
 -1.21567778e-01 -7.83856511e-02 -5.86109869e-02 -1.49378166e-01
 -1.20554216e-01 -1.03332467e-01  6.07455373e-02 -6.02289774e-02
  9.77839604e-02 -4.64814715e-02  2.24407706e-02 -1.00888155e-01
 -1.08619602e-02  9.55633372e-02  1.56069964e-01 -5.42877428e-02
  1.39474392e-01 -3.07184737e-02  1.78757366e-02  1.09664522e-01
  1.38585180e-01 -5.83598018e-02 -1.39157087e-01 -1.29503295e-01
 -1.20699637e-01  9.68044251e-02 -1.77700907e-01 -1.59210399e-01
  2.81906291e-03  7.85382465e-02  1.48212001e-01 -2.11224761e-02
  9.75033417e-02 -2.20673397e-01 -3.43428692e-03 -5.72638363e-02
  2.02315703e-01 -4.58564349e-02 -1.69123828e-01 -2.84693956e-01
 -1.54591203e-01 -1.80842727e-02 -5.82846813e-02  1.08482227e-01
  3.10373940e-02 -6.41118437e-02  1.42716780e-01 -1.15980275e-01
 -4.59335968e-02  6.45665154e-02  1.36582032e-01 -2.65570700e-01
 -1.35833651e-01 -4.46413010e-02 -1.00858562e-01  2.74419487e-02
  8.99000466e-03  4.82712239e-02  1.65780764e-02 -1.75532959e-02
 -4.73396219e-02 -6.59565032e-02  1.82958215e-01  4.12702449e-02
  2.23400854e-02  1.31985083e-01 -3.68393324e-02 -6.31332174e-02
  1.45273283e-01 -1.01497248e-01  1.16537131e-01  1.04792401e-01
 -4.07814942e-02 -1.20113291e-01 -4.54926863e-02 -1.72374621e-01
  1.87758535e-01  1.58904165e-01 -1.45782322e-01  4.24563475e-02
 -2.36790981e-02  6.16202876e-02 -2.56830156e-02  7.30758980e-02
 -5.61308041e-02  9.96271428e-03  4.36930393e-04  1.15203239e-01
  3.69531624e-02 -9.64501575e-02 -2.41230503e-02  7.95969218e-02
 -3.98180969e-02  1.27939910e-01 -1.53577000e-01  1.00493923e-01
 -2.39090677e-02 -9.34044737e-03  2.54875213e-01 -4.07091714e-02
 -4.70007956e-02  9.14263204e-02  1.81306787e-02 -1.09251805e-01
 -1.00095056e-01 -8.56536180e-02 -1.29907981e-01  1.16687559e-01
 -1.54586554e-01 -5.25765345e-02  6.35327818e-03  8.85643587e-02
 -3.74678016e-01  4.06528339e-02 -8.09839519e-04 -7.64009878e-02
 -2.00724468e-01 -2.46275496e-02 -6.47675768e-02 -9.06852409e-02
  1.51033506e-01  1.47359043e-01 -8.37925002e-02 -4.32612598e-02
  6.38666824e-02 -7.18974769e-02 -9.77404416e-02  7.93944672e-02
 -6.87417910e-02 -1.49522334e-01 -9.16617885e-02  8.33413526e-02
  3.53550315e-02  8.78951773e-02 -5.76179512e-02 -1.69600427e-01
  1.16745152e-01  2.13530846e-02 -1.03994599e-02  2.21903855e-03
  1.02555268e-02 -1.37669355e-01  2.78649237e-02 -2.53584585e-05
 -3.98730859e-02 -1.23042110e-02 -3.91915403e-02  7.24181682e-02
  1.75871640e-01  1.23130763e-02  1.82548076e-01 -1.90415129e-01
 -1.17322512e-01 -1.51866749e-01 -5.06231412e-02  2.08810363e-02
 -6.08186647e-02 -1.69213787e-01  3.13073918e-02  1.16083108e-01
  1.06269680e-01 -4.10844721e-02 -4.97714058e-02  9.14451629e-02
 -1.05402157e-01 -6.66921586e-02  2.86389459e-02  7.54269771e-03
  7.96807408e-02 -7.41761774e-02  1.27852485e-01  2.76967049e-01
  1.59869611e-01 -1.09367833e-01  2.52682865e-01  1.96581677e-01
 -1.24191409e-02 -1.02723017e-01  4.86383475e-02  6.72030449e-02
  4.22522053e-03  9.22546610e-02 -2.66664475e-02  2.01197401e-01
 -1.63493112e-01  4.05871831e-02 -1.73719347e-01 -2.13145345e-01
  4.25132290e-02  1.38753086e-01 -2.21718363e-02  2.92920545e-02
  2.59397954e-01 -7.67163560e-02  3.32510114e-01  1.38366878e-01
  9.85708386e-02 -5.38677238e-02  9.42571908e-02  9.23168436e-02
  1.74554184e-01  6.12573028e-02  8.95652771e-02 -1.04047926e-02
 -9.33513343e-02  2.57571191e-01 -1.10893033e-01 -1.31736668e-02
 -3.02068926e-02  1.14921071e-01  2.44868785e-01  7.85581954e-03
  1.48447290e-01  1.19961202e-01  4.23367657e-02 -4.60926294e-02
  6.36307448e-02 -7.24569559e-02 -8.87088291e-03  6.39816970e-02
  1.41355440e-01  2.32478436e-02 -1.00266442e-01  1.46447927e-01
 -7.68431798e-02 -1.49358377e-01 -1.14531871e-02 -1.20704338e-01
 -4.63483743e-02  5.71824312e-02 -1.60978526e-01 -4.05361177e-03
 -2.56402940e-02  8.73290375e-02  5.34205064e-02  4.75214310e-02
  2.03127898e-02  9.70676541e-03  9.20741409e-02  1.04776055e-01]