http://erau.edu/ontology/meme.owl#HipsterBaristaMeme
[ 1.83393639e-02 -1.79657079e-02  2.19220202e-02  1.32283077e-01
 -8.73468295e-02 -3.58843729e-02  1.24247640e-01  9.67128351e-02
  4.22658585e-02 -7.95370527e-03  2.17681125e-01 -1.06822565e-01
 -1.08155236e-01 -1.10709503e-01 -1.72361806e-01  1.21992357e-01
  1.93552859e-02  9.85196084e-02 -2.67899428e-02  1.03906900e-01
 -5.61889634e-02  1.42016321e-01  1.44947663e-01 -2.62248158e-01
  1.03972875e-01 -3.81221771e-02  1.39728352e-01 -1.48052916e-01
  2.37436205e-01  1.20914124e-01  6.02832809e-02  6.40036836e-02
  2.09731217e-02  7.50908954e-03 -1.44712314e-01  1.07499100e-01
 -7.91100860e-02  6.17395416e-02 -1.72132581e-01 -1.97630465e-01
  9.02442411e-02  2.31505439e-01 -3.30563396e-01 -2.08715536e-02
  5.39703406e-02  1.21404991e-01  1.74999256e-02 -6.04568496e-02
  5.60920350e-02  7.19800498e-03  1.52803168e-01 -1.58232927e-01
 -9.67561007e-02 -2.22328991e-01 -1.01874374e-01 -2.11399794e-01
  8.73392597e-02 -6.46513775e-02  7.17454627e-02  9.86892879e-02
  8.21712986e-02 -1.64456859e-01  2.83870250e-01  6.73968196e-02
 -8.32326263e-02 -1.16126001e-01 -4.95868102e-02  6.48162439e-02
 -8.12267289e-02 -2.43739694e-01 -1.32393390e-01  6.91947043e-02
  1.76418334e-01  5.17037837e-03 -5.08672465e-03  1.41520724e-01
 -7.81467482e-02  1.27495155e-01  1.68732628e-01  2.74073798e-02
  7.90428892e-02 -1.78777114e-01 -3.54167633e-02 -1.17878757e-01
  4.84357178e-02 -1.17742881e-01 -1.41263396e-01 -2.07978636e-02
  5.21574914e-02  2.81896796e-02  5.12815900e-02 -2.55230218e-01
  1.23514593e-01 -1.10869065e-01 -1.61224991e-01  1.23909768e-02
  4.32836302e-02  2.29226649e-02  2.21080631e-02 -4.55265492e-02
  1.43061370e-01 -1.11041948e-01  1.71849743e-01 -1.42908782e-01
  4.42640670e-02 -1.04596280e-01  4.40353081e-02 -9.23032612e-02
 -6.34490699e-02 -2.88918279e-02 -2.65188385e-02  5.46146743e-02
  5.20743709e-03 -1.88415289e-01  1.76336825e-01 -5.53425215e-02
 -2.49032021e-01 -1.25664726e-01  1.17434025e-01 -2.59383004e-02
 -3.87165360e-02  1.11394068e-02 -9.91246775e-02  2.53560450e-02
  5.40360436e-02 -1.33802950e-01 -1.44632816e-01 -3.14982086e-02
  3.87729071e-02 -1.23527847e-01 -3.03040534e-01 -4.33701314e-02
 -2.96691190e-02 -4.13617417e-02 -2.27028474e-01  1.75185397e-01
 -5.17428555e-02 -6.50279373e-02 -1.77774772e-01  9.98754129e-02
 -3.42510819e-01 -8.78774077e-02  1.41702667e-01 -4.72769886e-02
  2.47016445e-01 -2.79102325e-01  1.19781487e-01 -6.91193640e-02
  8.92079994e-02  1.61688149e-01  1.25203773e-01 -6.95400611e-02
  1.00883760e-01 -4.27996777e-02 -1.13102883e-01  2.19589379e-02
 -2.39993453e-01  1.17889583e-01 -7.14845657e-02 -1.61908299e-01
 -3.14894170e-02 -1.39877364e-01  3.92283052e-02 -1.03712943e-03
 -2.71891356e-01 -9.03025344e-02 -2.32755110e-01  1.73303902e-01
 -1.93719119e-01  1.52560487e-01  4.88135107e-02  1.72854826e-01
  1.83389947e-01  9.33859274e-02  9.51150507e-02 -5.65098114e-02
 -1.62494719e-01  3.27447504e-02  4.42442559e-02 -1.15855068e-01
 -1.02204725e-01  1.54178575e-01 -6.98431060e-02  1.62222952e-01
 -9.61306971e-03 -3.34555767e-02  1.81653202e-01 -1.79618516e-03
  1.59521103e-01 -2.03207806e-01  1.57769457e-01  1.67041756e-02
 -1.74526826e-01 -4.31159809e-02 -6.46576434e-02  3.45295928e-02
 -5.06276265e-02  1.23523407e-01  3.32955620e-03  1.63404793e-02
 -7.85377100e-02 -7.88476244e-02  1.37552219e-02 -1.75519690e-01
 -4.44178022e-02 -2.23136783e-01 -7.97598734e-02  3.56263518e-02
 -3.72092016e-02  2.41502807e-01  3.75467017e-02  5.79168163e-02
 -5.65579794e-02 -1.45056233e-01  1.21026687e-01  1.42409444e-01
 -2.42303267e-01 -1.72485366e-01  2.44835272e-01 -5.98186515e-02
  3.33622038e-01  5.62158935e-02 -1.77105322e-01 -2.56926995e-02
 -7.19460249e-02 -1.66056618e-01 -2.38318980e-01  1.14462443e-01
 -7.16250166e-02  1.19846106e-01  5.05059473e-02  5.00108227e-02
 -1.99464142e-01 -3.06182820e-02 -1.61512971e-01 -5.71935102e-02
 -1.04524411e-01 -1.68798864e-01  1.25490827e-03 -1.73757613e-01
 -9.36093449e-04 -6.88554440e-03  2.83323713e-02 -1.52282305e-02
 -2.19129845e-01 -4.73999605e-02 -2.32985616e-01 -1.31731597e-03
 -2.46333808e-01  4.87133488e-02  7.53526837e-02  4.83046249e-02
  2.01180577e-01  1.16136029e-01  1.79557666e-01 -1.12345526e-02
 -4.89611551e-02  4.85244319e-02 -6.25382140e-02  5.19138947e-02
  8.38384964e-03 -5.76174483e-02  3.91317494e-02 -1.69364005e-01
 -3.72986589e-03 -1.80567428e-01 -1.15505397e-01 -1.22262537e-01
  2.11049855e-01 -1.50169224e-01 -2.25197454e-03 -1.65512010e-01
  1.23411408e-02  1.66866422e-01  2.29948148e-01 -1.07626997e-01
  1.69297397e-01  6.75960910e-03 -4.29923926e-03  5.88949211e-02
  1.23375691e-01  8.97256285e-02 -8.76885653e-02 -1.16148423e-02
 -2.14233547e-01 -1.69536211e-02 -1.36238918e-01 -8.37475136e-02
 -1.66571066e-01 -1.28324643e-01  1.16872847e-01 -4.34820242e-02
  4.65275766e-03 -2.60241535e-02  1.05710536e-01  5.12286760e-02
  1.77270815e-01 -8.36372282e-03 -7.94423744e-02 -7.80407712e-02
 -2.56116986e-01  3.48447151e-02 -9.87835452e-02  1.85219616e-01
 -1.52224163e-02 -3.55216302e-02  7.73469359e-02 -5.49302250e-02
  8.02195147e-02  2.14390740e-01  1.69583067e-01 -1.59077197e-01
  4.11427431e-02  2.27240734e-02  7.12037832e-02  4.71591484e-03
  6.43982217e-02  1.42572790e-01 -9.26213264e-02 -6.28381828e-03
  9.04525369e-02 -2.07216382e-01  1.97687179e-01  1.20058507e-01
  1.65808741e-02 -6.91932291e-02  1.40380301e-02 -1.24683373e-01
  6.34161308e-02 -4.33629416e-02  2.11456921e-02  1.37802407e-01
  6.36888742e-02 -1.04604013e-01 -1.73005536e-01 -2.21749112e-01
  2.05557123e-01  9.72106084e-02 -2.83352345e-01  4.12690407e-03
 -2.16881232e-03  1.10430688e-01 -2.95539573e-02  4.00273949e-02
 -2.49466836e-01  3.18592861e-02 -1.01156861e-01  2.28763998e-01
 -1.00865759e-01 -4.02835123e-02 -9.05131251e-02  7.09437579e-02
 -1.16111850e-02  1.73561409e-01 -1.13085471e-01  1.18374027e-01
 -1.70586228e-01 -7.91006014e-02  2.15423018e-01  7.43444311e-04
 -1.64504170e-01  1.74463183e-01 -3.58092738e-03  2.90275011e-02
 -1.55966401e-01  1.60692722e-01 -2.70137936e-02  6.86321408e-02
 -1.71960741e-01 -3.09665166e-02 -4.01993329e-03  1.28020480e-01
 -2.55633712e-01 -2.43087728e-02 -1.65870646e-03 -2.20706671e-01
 -2.01838136e-01 -7.42025226e-02  1.20416116e-02 -4.58319560e-02
  1.96481109e-01  4.45616208e-02 -1.05986603e-01 -1.16417911e-02
  1.62127703e-01 -8.35391805e-02 -6.34351149e-02  6.61785826e-02
 -9.49511006e-02 -1.49024978e-01 -1.76134273e-01  4.00699303e-02
  6.81764036e-02  4.34443131e-02 -1.51406586e-01 -1.87527254e-01
  1.50619626e-01  4.90277819e-02 -6.92851543e-02  1.68596357e-02
 -9.09481198e-02 -2.59303600e-01 -1.28115594e-01 -1.82867140e-01
 -6.73569068e-02 -1.08877130e-01 -4.68011363e-04  2.40992859e-01
  2.38347158e-01  2.38403320e-01  7.58730993e-02 -2.39018247e-01
 -1.90467417e-01 -6.70438707e-02  1.02224760e-02  9.62093472e-02
 -8.08046758e-02 -1.09201342e-01 -1.70788243e-02  8.24263394e-02
  1.10257104e-01  4.40336876e-02 -6.70515792e-03  1.13490991e-01
 -6.28539622e-02 -1.15846328e-01 -1.01945311e-01  8.50128457e-02
  2.60906041e-01 -7.03092590e-02 -7.11703524e-02  1.96659878e-01
  1.15263596e-01 -1.75317526e-01  2.89359689e-01  1.60847887e-01
  9.56700591e-04 -1.82350874e-02  1.78538814e-01  1.22005709e-01
 -4.05058004e-02 -2.31507840e-03 -6.98197037e-02  1.78967640e-01
 -2.93660998e-01 -1.40074771e-02  4.69429679e-02 -1.22058772e-01
  6.98864413e-03  1.10715106e-01  1.29487440e-01  1.35822207e-01
  1.38854131e-01 -1.60252303e-01  2.50754714e-01  1.17667625e-02
  7.47632459e-02  5.09278178e-02  8.82396474e-02 -5.66831841e-05
  2.66987205e-01  3.47943120e-02  1.66547075e-01 -1.63252577e-01
 -1.61610812e-01  2.06998363e-01  6.66756257e-02 -1.07075855e-01
 -9.32802856e-02  5.91812469e-03  9.92420614e-02 -2.96052173e-02
  3.51316422e-01  1.58011273e-01 -2.88574696e-02 -2.62530167e-02
  1.31917030e-01 -7.68697681e-03  1.68120012e-01  9.34147164e-02
  4.73120809e-02  3.32285613e-02 -1.44192666e-01  2.07600400e-01
  1.46378661e-02 -8.30086041e-03  1.20645016e-01  2.82290187e-02
 -4.79976684e-02  9.20657516e-02 -1.58220276e-01 -3.65685374e-02
  6.70305863e-02  8.48556310e-02  4.31109499e-03 -7.94888735e-02
 -3.11446749e-03  4.70304564e-02  3.86653095e-02  5.97112030e-02]