http://erau.edu/ontology/meme.owl#HeDoesItforFreeMeme
[-5.00787124e-02 -2.30731130e-01 -4.81186062e-02 -6.97580352e-02
 -7.09189940e-03  9.18113515e-02  1.54626772e-01  5.92770763e-02
 -4.47734781e-02 -5.23944125e-02  6.75233305e-02 -1.57098576e-01
  1.48084730e-01 -1.27370775e-01  1.35215865e-02  3.57879549e-02
 -8.98305103e-02  9.83426124e-02  9.61726680e-02  3.90631072e-02
 -1.46534473e-01  6.15819842e-02  4.70830128e-02 -8.46019983e-02
  2.05984693e-02  7.32779801e-02  4.35214955e-04 -2.88550444e-02
  1.73606694e-01 -1.93108823e-02  8.67738426e-02  8.25420320e-02
 -5.13119064e-02 -9.42355916e-02 -4.13997732e-02  1.98239073e-01
  5.66554442e-02  1.24442816e-01 -9.80663598e-02 -2.54979551e-01
  6.46046177e-02  5.87733239e-02 -2.75156945e-02 -3.63628976e-02
  1.15809061e-01 -7.29405209e-02  4.60101217e-02 -5.19897509e-03
 -6.06050156e-02  1.76538363e-01  6.82543740e-02 -6.71049953e-02
 -1.33405551e-01 -2.34429196e-01 -4.25401255e-02 -2.94275079e-02
  1.93521738e-01 -1.00372918e-01 -2.88184509e-02  1.00548349e-01
 -1.70331389e-01 -9.99673158e-02  6.87627941e-02  8.38456675e-02
 -2.51437277e-01 -1.34022057e-01  1.95744801e-02 -7.12485835e-02
 -1.46508068e-01 -1.45519346e-01 -7.81724323e-03  1.12223707e-01
 -5.09795286e-02 -5.94018251e-02 -4.93329577e-03  8.47905278e-02
 -2.13754818e-01 -2.18898687e-03  1.77431241e-01  1.36688739e-01
 -6.15523122e-02  3.81619558e-02 -1.18796173e-02 -2.41536573e-01
  1.23778135e-01 -6.75298721e-02 -1.89534172e-01  1.31790876e-01
  1.52856112e-01  1.66969206e-02 -2.94398759e-02 -2.29750082e-01
  1.63235173e-01 -8.20920765e-02 -1.10307500e-01 -1.89239066e-02
 -2.53418949e-03 -5.82799839e-04  4.35753837e-02  8.88747349e-02
  1.89630225e-01  1.40276104e-01  2.96545982e-01  6.39218241e-02
 -5.85107058e-02 -6.06649332e-02  9.43892300e-02  6.86348230e-02
  5.36625274e-02 -8.93876180e-02 -3.26487236e-02 -5.70515208e-02
 -1.87701583e-01 -6.91874176e-02  1.88120916e-01  1.05165184e-01
 -2.75854856e-01 -1.52294368e-01 -7.99453992e-04  6.15429468e-02
  1.40767261e-01 -1.31486818e-01 -6.50496259e-02  1.05256453e-01
 -3.99571732e-02 -5.03249839e-02  1.23415645e-02 -3.74320312e-03
 -1.33256137e-01 -2.83744768e-03 -2.69388437e-01 -1.02441534e-01
  1.00596249e-01 -1.64682522e-01 -7.77771324e-02  8.01372826e-02
 -2.08699822e-01 -6.02450632e-02 -7.96858594e-02  2.01669931e-01
 -3.06644917e-01 -9.17899683e-02 -8.46215561e-02 -3.18875797e-02
  1.44631743e-01 -1.59898192e-01  1.29748523e-01 -2.08265185e-01
  4.85236421e-02  1.80641249e-01 -2.94188354e-02 -1.12903208e-01
  1.11154124e-01  7.52238259e-02 -1.14498451e-01  8.52118805e-02
 -1.26898125e-01  2.78939039e-01  3.11474893e-02 -4.12557125e-02
  1.50912985e-01 -1.25655159e-01  7.00056925e-02  4.10812385e-02
 -3.07060122e-01 -2.08446488e-01 -5.40434644e-02  1.23466164e-01
 -3.08445513e-01  1.74305826e-01 -9.99689940e-03  2.16365576e-01
  3.60199749e-01  2.09331989e-01 -1.35841355e-01 -1.26331672e-01
  9.12050903e-03 -9.86991823e-02  1.79828480e-01  2.29425309e-03
 -1.43846110e-01  4.32956778e-02  1.52229503e-01  9.83370990e-02
 -9.81891602e-02  2.09954605e-02 -2.60378867e-02  7.94155449e-02
  2.31557831e-01 -7.99053833e-02 -8.01003650e-02  6.85933977e-02
 -2.46979877e-01  4.05740328e-02  1.84768438e-02  7.16492161e-02
  9.43227559e-02  1.93356276e-01 -1.38743035e-02 -3.28186974e-02
  2.84416899e-02 -2.37275660e-02  3.63913402e-02  6.15579002e-02
 -1.65611342e-01 -3.68373469e-02 -5.62138334e-02 -4.23293896e-02
  8.65171999e-02  6.81003034e-02  2.14049652e-01  4.16789874e-02
  1.66151952e-02 -1.01910114e-01  1.56461731e-01  9.10616219e-02
 -1.83196142e-01 -3.87434103e-02 -1.03236027e-02  5.10165729e-02
  1.54348269e-01  1.40118048e-01 -8.50074291e-02  9.08823609e-02
  2.36238800e-02  5.34114204e-02 -1.66459009e-01 -6.42438978e-03
 -9.48299468e-02  7.59067982e-02 -3.64459492e-02  3.56330983e-02
 -1.99414358e-01  3.57783362e-02  7.75538236e-02  1.06105551e-01
 -1.19469389e-02 -1.52965367e-01  3.22762161e-01 -1.95796087e-01
 -1.12600781e-01  2.08073985e-02  4.32555843e-03 -1.58391185e-02
 -2.38981262e-01 -8.22860897e-02 -2.20308334e-01  5.30870669e-02
 -1.01013437e-01 -1.41419709e-01  4.92762849e-02  9.95408278e-03
  2.35671937e-01 -1.34099930e-04  2.05565646e-01 -4.06659693e-02
 -7.09413365e-02  7.16767982e-02 -4.85079363e-03  5.94124049e-02
 -1.39270827e-01 -2.26923689e-01  9.64694098e-03 -1.37854874e-01
  4.11997549e-03 -3.56819332e-01  1.47234201e-01 -5.05068898e-02
  8.56736228e-02 -1.90330110e-02 -1.15948580e-01 -1.36921570e-01
 -8.45199451e-02  1.55791357e-01  1.86792225e-01 -9.22555178e-02
  2.11122185e-01 -1.35830333e-02 -8.51449147e-02 -9.92214829e-02
  8.81377310e-02  1.30220830e-01 -1.79184992e-02 -1.99007075e-02
 -1.34699181e-01  7.75829703e-02 -7.83213526e-02 -8.31009075e-03
 -9.44365561e-02 -1.30667508e-01  1.08410291e-01 -5.03027206e-03
  2.72233188e-02 -1.46535477e-02  2.63659675e-02 -3.60531099e-02
  1.71155736e-01  1.11731037e-01 -2.38849849e-01 -1.53961718e-01
 -3.85983288e-01 -3.30761075e-02  3.11869793e-02  2.05529168e-01
  4.67764772e-02  5.72683252e-02  4.32036608e-01  3.80959548e-03
  2.67914217e-02 -3.13921832e-02  1.87710702e-01 -1.70412660e-01
 -1.14420569e-02 -8.55895504e-02 -8.45685899e-02  3.01881321e-02
  1.84400510e-02 -4.20877151e-02 -1.27356499e-02 -8.43639523e-02
  1.21812202e-01 -1.13363430e-01  1.56860441e-01  1.85717374e-01
  5.00914715e-02 -3.84384915e-02 -1.14793226e-01 -1.08863041e-01
  1.22641616e-01  6.87522069e-02 -1.93047643e-01 -6.79761395e-02
  1.13982074e-01 -1.31398946e-01  9.07398015e-02 -2.96649694e-01
  1.61243126e-01  1.42643690e-01 -6.11455962e-02  7.47181429e-03
  1.12047875e-02  1.15851074e-01  2.56012920e-02 -1.92005094e-02
 -2.33834013e-02  4.20549326e-02 -2.19631959e-02  2.76391557e-03
 -1.13346577e-01 -7.68498778e-02 -1.03183813e-01  3.38877514e-02
 -1.94656298e-01  1.00001812e-01 -2.10599139e-01  2.29508087e-01
  7.48719275e-02 -1.00234233e-01  2.80959934e-01  1.02218259e-02
 -1.48261473e-01  5.35073392e-02 -6.17755344e-03 -5.50262704e-02
  2.92326324e-02 -6.57059848e-02  1.29883187e-02  1.06928967e-01
  7.01526850e-02  7.29957670e-02 -7.39317462e-02 -7.53759686e-03
 -1.70955524e-01  1.85706131e-02  1.57565102e-01  9.80852395e-02
  3.23414095e-02 -2.33711563e-02 -3.14007252e-02 -2.30153263e-01
  1.68706421e-02  2.19094127e-01 -1.12015819e-02 -1.54508650e-01
  1.19144797e-01  4.56642732e-02  5.59347533e-02  1.18165024e-01
 -2.85524949e-02 -1.62742510e-02 -6.14981838e-02 -4.81358021e-02
  2.06426959e-02  1.28947094e-01  9.75640118e-02 -9.92234051e-02
  1.53474927e-01  4.81647737e-02 -5.58282137e-02 -5.52560575e-02
 -2.07301490e-02 -3.32950540e-02  9.53429043e-02  1.06287817e-03
  5.88762341e-03 -3.24564353e-02 -6.57528117e-02  1.28084728e-02
  1.71459466e-02  5.00977896e-02  1.90602973e-01 -1.87859699e-01
 -1.81602880e-01  1.01939281e-02 -1.28290758e-01  1.56541318e-02
 -4.25429232e-02 -5.19225374e-02 -4.05007601e-02  7.52500966e-02
  1.25879690e-01 -3.19713354e-02 -1.67442575e-01  6.95587918e-02
 -5.94727434e-02 -2.97328038e-03 -4.35419530e-02 -1.08385980e-02
  1.16148494e-01 -7.27680475e-02 -3.63151208e-02  2.16889516e-01
  5.38183637e-02 -6.52153865e-02  2.13897065e-03  2.58728147e-01
  1.02615125e-01 -1.01566657e-01 -8.66377875e-02  1.78347006e-01
  1.68567851e-01 -4.37497608e-02 -9.54171941e-02  3.52154434e-01
 -1.47902176e-01 -6.70168102e-02 -2.43570536e-01 -2.37628669e-02
  2.99723409e-02  1.34144917e-01  4.66969498e-02  1.33475423e-01
  4.15953770e-02 -7.43023977e-02  3.99327241e-02  8.76373798e-02
  7.91627839e-02  1.62197258e-02  1.10854387e-01 -4.28722380e-03
  2.25098357e-02  9.01558548e-02  7.28851557e-03  5.09955250e-02
  6.67061955e-02  1.05704978e-01 -1.14867069e-01 -2.92414408e-02
 -1.24311686e-01 -2.34702416e-02  7.06220744e-04 -1.04098275e-01
  4.62715700e-02  1.62321031e-01  6.46837428e-02 -1.50868356e-01
 -2.28217468e-02 -1.87639982e-01  1.03455082e-01  8.07978883e-02
 -1.05877489e-01  1.16031626e-02 -1.02786869e-01  3.52624804e-02
 -5.04603796e-02 -1.40916482e-01  8.19759518e-02 -6.97236415e-03
  1.85581446e-02  1.91315114e-01  8.82971063e-02  5.90770841e-02
  3.61990705e-02  1.55465975e-01  1.55537605e-01 -2.46920325e-02
  8.01476389e-02 -1.30802058e-02 -5.85420318e-02 -2.85257362e-02]