http://erau.edu/ontology/meme.owl#XYearIAmForgottenMeme
[-0.09759366 -0.22060837  0.02132018 -0.03405993 -0.09159712  0.05949425
  0.11054482  0.00186461  0.05903146  0.0279165   0.16028263 -0.01699485
  0.07535628  0.0806493   0.00293228 -0.08648362  0.12638228  0.10484271
  0.06709033  0.08855506 -0.10436035  0.01558925  0.12371396 -0.11216719
  0.17544585 -0.0215742  -0.1103173   0.02754108  0.28730026  0.18531384
  0.09730987  0.11615756  0.00218612 -0.13605441  0.14174066  0.07542394
 -0.04324549  0.02463045 -0.02899993 -0.04900704  0.00459077  0.26650694
 -0.08985645  0.03712299  0.10740858  0.02287229  0.05034307 -0.1105696
 -0.05243437 -0.02875327  0.00431045  0.0204135  -0.12199571 -0.18373883
 -0.14829142  0.04158328  0.07715163 -0.07839239  0.20358807  0.16631813
  0.01804174 -0.03910386  0.15070277  0.11365496 -0.10692805  0.01563746
 -0.02811668  0.03068259 -0.1479649  -0.08118898 -0.20478065  0.02740905
  0.12431111  0.14181347 -0.02874826  0.09931493 -0.01762966  0.03878178
  0.14530899  0.10366442 -0.17126928 -0.08383525 -0.18482934 -0.10493089
 -0.03382664 -0.0732564  -0.13293552 -0.00596166  0.06483247  0.00942118
  0.05368656 -0.21574491  0.07421431  0.02299111 -0.16026855  0.15013915
  0.01473881  0.00400078 -0.16448614 -0.04563381  0.04659974  0.03074787
  0.24531233 -0.08676555 -0.03021467  0.04776346  0.04501567  0.01657071
 -0.03446195 -0.13953525  0.06772429  0.01897545 -0.08386343 -0.15635395
  0.01797026  0.02791146 -0.12225547 -0.11190351  0.11921279  0.00079881
 -0.06082124  0.01415108 -0.02374655  0.11840568  0.14767154 -0.07067551
 -0.03205693  0.0117213  -0.05463757  0.03565776 -0.233633   -0.06207243
  0.0304344  -0.09222905 -0.06199755  0.14133193  0.10755395 -0.12222154
 -0.14306751  0.05438812 -0.33243743 -0.00192769  0.06902058  0.17622912
  0.13944465 -0.23233208 -0.00120001 -0.23335285 -0.07502073  0.0864437
  0.0415552  -0.06042439 -0.07401768  0.11884737 -0.08647614  0.13455032
 -0.14071119  0.2419439   0.03494988 -0.04105503  0.06952307  0.05596491
  0.05639463 -0.01328955 -0.20816202 -0.2093212   0.04855284  0.02007925
 -0.30326077  0.15856586  0.01226404  0.10089579  0.15272266  0.12475183
 -0.04071993  0.00654374 -0.03402365  0.02400013  0.09976877  0.01464773
 -0.1338248   0.04378788 -0.00252038 -0.02767075 -0.07747587 -0.04122698
  0.03291676  0.07481203  0.14755972 -0.08755781  0.04725004 -0.08632597
 -0.23139536 -0.1286733  -0.00703971 -0.09885898 -0.08496073  0.24243206
 -0.14202954 -0.0047871  -0.03883855  0.00104937  0.03800377 -0.03526764
 -0.00651944 -0.23609266  0.0030156  -0.09967671  0.25069112  0.157732
  0.3978851   0.15601338 -0.11336955 -0.0758644   0.04504637 -0.02928664
 -0.13369952 -0.13040468  0.0342686   0.17632866  0.13510312  0.18303035
 -0.16888072  0.08581103  0.08960596  0.02587746 -0.1018263   0.01027114
 -0.02042609 -0.06992631  0.13063283  0.05448243 -0.00762109 -0.12180747
 -0.06188502  0.02798398 -0.15098943 -0.05649361 -0.00107612 -0.07108299
 -0.03159386 -0.03110069  0.01087651 -0.04878542 -0.1816878  -0.09941136
 -0.06255363 -0.11836311 -0.00235923  0.13041773  0.14272216  0.04943561
  0.12286162  0.03423431  0.11681518 -0.15260226 -0.19713776 -0.04666142
 -0.06650341  0.0443457  -0.16826898  0.02991067  0.02047333 -0.17340033
 -0.13107653 -0.05377153 -0.02924745 -0.00418206  0.1388933  -0.11280409
  0.00275092 -0.01198764  0.04258368  0.01015515  0.07871725 -0.01087166
 -0.06917338  0.05657421  0.00670397  0.04044908  0.09073508  0.05012233
  0.0279198  -0.06907682 -0.16118215 -0.01524546 -0.09541489 -0.04844538
  0.07837766 -0.0184915   0.09040077 -0.11095205 -0.01415554 -0.07707483
  0.05431974 -0.01638773  0.20450763  0.0329362  -0.14397274 -0.18273818
 -0.166986    0.06670341  0.0673076  -0.06044753  0.05012209  0.0064709
  0.12076475  0.05089458  0.02156117 -0.03878767  0.19022477 -0.24328937
 -0.04036922  0.0601046   0.00415092  0.05380993 -0.07913098  0.04595037
  0.03914312 -0.08165789  0.04889078 -0.08516429  0.0897209   0.1596349
 -0.03773677  0.02700453 -0.10112068 -0.00905828  0.09413644  0.01778456
  0.00546455 -0.06977318 -0.0783821  -0.14171615  0.01916678 -0.24939294
  0.0636349   0.18961719  0.0009409  -0.00784658 -0.03784763  0.242278
 -0.14007977 -0.05044608 -0.06997844 -0.02146174 -0.04103335  0.18764095
 -0.07640042 -0.1787286  -0.08570758  0.09279788 -0.03735024  0.18465354
 -0.14741617  0.10126612  0.04587292 -0.12233298  0.23802407 -0.07393954
 -0.08689046  0.13418785 -0.04493448 -0.00976623  0.01004715 -0.06014404
 -0.20394105  0.06119337 -0.04428184  0.0009153  -0.05494795 -0.01857249
 -0.29973054  0.09942789  0.08379423 -0.09693747 -0.04479745  0.12868176
 -0.08481563 -0.06489997  0.12315354  0.1936435  -0.06559318 -0.09114794
  0.10498237 -0.26747125 -0.13316742  0.27818263 -0.15249433 -0.28543237
  0.01934564  0.16236724 -0.11199123  0.3942931  -0.05651855 -0.29926798
  0.08595991  0.17899507  0.40380147 -0.24238415 -0.09492375 -0.29769507
  0.03595116 -0.38769248 -0.1064982   0.03248368 -0.02270458  0.60515106
  0.1100083   0.03921205  0.05825029 -0.13371632 -0.18419026  0.03716729
 -0.16942689  0.15768152 -0.06926764 -0.16549477  0.00097101  0.13530767
  0.10147802 -0.05455219 -0.13787149 -0.01781455 -0.01154969 -0.22431259
  0.00178285  0.10322467 -0.00165813 -0.0420105   0.11554641  0.23871724
  0.14521272 -0.16004357  0.08631196  0.172256    0.06050362  0.03282009
  0.07187591  0.12179361  0.10469103  0.0422756  -0.08724285  0.3408992
 -0.14953695 -0.06385457 -0.27402756 -0.1584258  -0.14810228 -0.01294307
  0.21863067  0.13464428  0.04944974  0.0301706   0.2528853   0.12046278
  0.18448849  0.03983122  0.15789233 -0.07070093  0.16969825  0.11701236
  0.20491572 -0.22441533  0.0151503   0.08419308  0.01835502 -0.22297898
  0.02381345  0.10759628  0.27103806  0.00642098  0.25900325  0.14873779
  0.10788357 -0.16767095  0.11769111 -0.1260433  -0.13619475  0.21383645
 -0.03315881 -0.07027162 -0.10982995  0.3036865  -0.27439857 -0.28458953
 -0.04147493 -0.04475046  0.0856683   0.04136303 -0.1643707  -0.07998354
  0.08386339  0.0825763   0.09729391  0.12120074 -0.05129056 -0.20136271
  0.13272427 -0.0194505 ]