http://erau.edu/ontology/meme.owl#FaceplantMeme
[-1.98155805e-01 -2.32830212e-01  1.01463832e-01 -2.63401382e-02
  4.96191811e-03  2.87362393e-02  2.96266347e-01  1.49573818e-01
  5.41285872e-02 -3.78284417e-02  1.67180330e-01 -6.92364797e-02
 -3.24535668e-02 -8.51846039e-02 -1.28710136e-01  1.28504187e-01
  9.49124023e-02  1.12102211e-01  9.75277200e-02  1.33836299e-01
 -2.66749740e-01  8.83502066e-02  1.90989643e-01 -2.45612547e-01
  1.86123639e-01 -9.53530148e-03  2.15377975e-02 -2.27485657e-01
  2.52864748e-01  1.59587324e-01  7.07841963e-02  1.21750332e-01
  8.14759508e-02 -1.42552733e-01 -8.63157660e-02  2.77575999e-01
 -6.86207563e-02  1.23221084e-01 -1.32440731e-01 -2.27585077e-01
  3.62933688e-02  2.33524501e-01 -2.84812331e-01 -1.30701452e-01
 -6.63006911e-03  1.21741191e-01 -3.05226049e-03  2.85359845e-02
  9.90489572e-02  3.57828178e-02  1.38388216e-01  1.59738807e-03
 -2.01582909e-01 -2.20089689e-01 -6.85627013e-02  1.25761470e-02
  6.33345246e-02 -1.73921380e-02  1.27873376e-01  1.44887745e-01
 -2.75596343e-02 -2.06538811e-01  1.75090849e-01  1.01344734e-01
 -1.74890861e-01 -3.66865695e-02 -7.07587749e-02 -1.55884447e-02
 -9.39699262e-02 -2.93167174e-01 -1.91515759e-01  8.34869221e-02
  1.56464115e-01  1.13104939e-01 -6.98118061e-02  1.57318056e-01
 -2.21083701e-01  1.19116530e-01  9.58406553e-02  3.49558853e-02
 -1.86359528e-02 -2.27260292e-01 -1.44778788e-01 -1.68485343e-01
 -1.17522970e-01 -1.37161449e-01 -2.04791322e-01 -4.87283207e-02
  1.34569898e-01 -1.33155733e-02 -6.85909670e-03 -3.14527631e-01
  1.92275390e-01  1.12380341e-01 -9.28714648e-02  4.10168245e-02
 -1.39200035e-02  2.44017262e-02 -2.17396169e-04 -3.86943705e-02
  2.13689264e-02 -5.44705503e-02  3.34946871e-01 -1.40588537e-01
  9.55835581e-02  2.09463015e-02  1.28178254e-01 -4.88685593e-02
  4.64832336e-02 -6.38642535e-02 -1.90275162e-02  6.79726377e-02
 -9.78722498e-02 -2.13413656e-01  1.55341089e-01  1.24473073e-01
 -3.87848705e-01 -2.49876007e-01  7.10392892e-02  1.35308966e-01
 -8.89932141e-02 -1.24926362e-02 -7.50522465e-02  1.11552820e-01
  2.54920609e-02 -1.41260237e-01  3.94543260e-02 -9.79577657e-03
  5.39486222e-02 -1.01627111e-01 -1.89958274e-01 -1.76179558e-02
  1.40012279e-01 -9.70492437e-02 -5.49698807e-02  2.12104335e-01
  6.74230000e-03 -5.01229018e-02 -1.82119146e-01  4.10370305e-02
 -3.13078910e-01 -4.72042300e-02 -2.40165796e-02  1.16062433e-01
  2.46537253e-01 -1.39054850e-01  5.50733469e-02 -2.53742844e-01
  1.03849389e-01  2.86885709e-01  5.79830147e-02 -1.28259972e-01
  6.99565783e-02 -1.64132454e-02 -1.33161634e-01  6.80597872e-02
 -2.69195437e-01  2.13681951e-01  4.88314517e-02 -1.89582840e-01
  1.12557009e-01 -2.99848557e-01 -1.02041133e-01  7.09246248e-02
 -1.79286346e-01 -2.88961381e-01 -1.80221975e-01  1.37853011e-01
 -1.94451243e-01  1.22750983e-01  7.29563981e-02  2.26594284e-01
  1.78725213e-01  1.71023563e-01 -6.62002563e-02 -1.25604004e-01
 -1.29094154e-01 -1.31922036e-01  1.77670375e-01  1.01973033e-02
 -9.50458571e-02  1.88886598e-01  1.11278415e-01 -3.69342938e-02
 -3.28599801e-03  5.81271062e-03 -1.35134105e-02  7.07083493e-02
  2.73079932e-01 -6.92101568e-02  4.11024913e-02  3.24387066e-02
 -2.23140180e-01 -1.68479662e-02 -2.55766809e-02  2.48030424e-02
  7.11453855e-02  1.33647561e-01 -2.54117474e-02  4.46847528e-02
 -1.08191194e-02  5.61722275e-03  8.12474936e-02 -1.23724334e-01
 -1.00963913e-01 -1.30310729e-01  3.10442150e-02  3.70592251e-02
  4.29203995e-02  1.38190612e-01  2.08094507e-01  1.50474146e-01
 -1.00563839e-01 -1.47775620e-01  2.56019801e-01 -1.00862481e-01
 -2.01374784e-01 -6.29950166e-02  1.11289315e-01  5.62432371e-02
  3.08959007e-01  4.32467014e-02 -1.64112538e-01 -1.28015345e-02
 -5.46071604e-02 -8.81346837e-02 -2.14278445e-01 -4.94299270e-02
  4.92519839e-03  2.53033489e-02  8.70045573e-02 -1.17356524e-01
 -1.42578766e-01 -3.03525589e-02  1.06404252e-01  4.31952514e-02
 -8.61217827e-02 -2.58606002e-02  1.12683505e-01 -5.24822176e-02
 -3.53493430e-02  6.29432872e-02 -1.37117272e-02  4.29678001e-02
 -2.08768591e-01 -1.28893144e-02 -2.12208271e-01 -3.92068587e-02
 -2.70197928e-01  7.58642927e-02 -1.16921100e-03 -3.95802483e-02
  1.15940899e-01  3.55437994e-02  1.61803663e-01 -1.12444617e-01
  1.13403713e-02 -1.12020243e-02 -2.56313235e-02  3.97616439e-02
 -8.22313204e-02 -1.36295408e-01  3.70959714e-02  2.19503138e-02
 -8.96530878e-03 -1.17663413e-01 -6.48791045e-02 -7.01750740e-02
  1.42230958e-01 -1.07917394e-02  1.00702271e-02 -6.45853877e-02
 -4.17750962e-02  8.06164891e-02  2.31077746e-01  2.14137770e-02
  1.26434609e-01 -4.44629639e-02 -4.53873090e-02  7.35985190e-02
  1.02065168e-01  9.38847065e-02 -6.77831769e-02 -1.34946421e-01
 -1.02272570e-01  2.90316343e-02 -2.70913285e-03 -8.33931416e-02
 -9.77394879e-02 -9.52065885e-02  7.39180446e-02 -3.57319936e-02
  2.94119325e-02 -2.11255282e-01  1.68387908e-02  8.25638399e-02
  2.26478979e-01 -9.19593871e-02 -2.50511877e-02 -2.01925755e-01
 -1.74174830e-01 -1.09011857e-02  1.65804122e-02  4.82723638e-02
  5.18691950e-02 -8.90973583e-02  2.11618558e-01 -1.33370742e-01
  9.28324685e-02  6.77508786e-02  6.28262907e-02 -2.03922302e-01
 -1.70007208e-03  7.48980269e-02  6.42844141e-02  8.42829123e-02
  1.99569087e-03  1.76021773e-02  5.16793989e-02 -1.18974902e-01
  1.34949135e-02 -2.20527694e-01  1.90864697e-01  1.84146062e-01
 -5.64333377e-03 -7.91126713e-02 -7.41196647e-02 -5.40196933e-02
  6.70871362e-02  2.25790087e-02 -2.04559080e-02  5.42859733e-02
  5.38841113e-02 -1.13765700e-02 -1.49073929e-01 -7.19679147e-02
 -3.12895374e-03  1.40808627e-01 -8.08691978e-02  6.86821342e-02
 -1.89786814e-02  5.27856313e-02 -6.70930520e-02 -3.80742736e-02
 -1.05033904e-01  4.16551791e-02 -2.09061116e-01  8.88368040e-02
 -1.12150786e-02 -1.61698297e-01 -6.28173053e-02  3.23037319e-02
 -1.34650975e-01  1.02334186e-01 -1.51096627e-01  3.44428681e-02
 -7.28544667e-02 -1.53698936e-01  2.71232933e-01  5.49945980e-02
 -1.41821131e-01  4.06494103e-02 -1.02994576e-01  3.07637453e-02
 -1.97336059e-02 -1.00580864e-01 -4.49328423e-02  1.50643572e-01
 -1.04240529e-01  3.21868062e-02 -4.37125424e-03  6.99431449e-02
 -1.18006095e-01 -1.98266171e-02  1.19006224e-02 -1.41648576e-01
 -1.20383821e-01 -2.95297001e-02  2.71998253e-02 -5.90016134e-02
 -8.76954850e-03  1.97618619e-01 -7.39434659e-02  9.45255440e-03
  1.89590797e-01 -3.17168273e-02 -1.80791095e-01  1.67350203e-01
 -1.55540034e-01 -1.37801375e-02 -1.52834445e-01  8.51002708e-02
 -5.10369726e-02  1.85835555e-01 -8.33806545e-02 -1.85278326e-01
  7.61255547e-02  1.16998091e-01  9.73400921e-02 -2.88718790e-02
  1.06510324e-02 -1.31397724e-01 -2.58955173e-02 -1.10524178e-01
 -6.34054020e-02  3.40999290e-02 -3.64448279e-02  1.58390835e-01
  1.54602110e-01  7.91239068e-02  1.44870937e-01 -1.91413254e-01
 -1.29316524e-01 -8.35051835e-02  7.94733465e-02 -7.13898763e-02
 -4.85834517e-02 -1.04268529e-01  7.09235072e-02  1.11809187e-02
  3.73660699e-02 -1.15760021e-01 -2.28048563e-02  3.52308452e-02
 -9.61085036e-02 -2.11974233e-01 -2.27873027e-02  1.81909557e-02
  3.69562693e-02 -1.35507166e-01  1.42815441e-01  1.79581866e-01
  4.96458933e-02 -5.75134705e-04  8.96307975e-02  1.77030146e-01
  7.58239701e-02 -1.85502563e-02  7.40315318e-02  9.73191783e-02
  5.76430513e-03  1.21551923e-01 -1.11514814e-01  3.33356738e-01
 -2.58400202e-01 -5.68303652e-02 -8.67024213e-02 -1.13520615e-01
  3.13239470e-02  1.00544035e-01  1.06662735e-01 -1.90443806e-02
  1.13247871e-01 -1.20533809e-01  1.96812868e-01 -4.77145426e-03
  1.29219562e-01  1.42935580e-02  1.26308724e-01 -9.63927060e-03
  6.96873814e-02  1.71947435e-01  1.60208225e-01 -8.77233446e-02
 -7.39119574e-02  1.41371235e-01  4.41544456e-03 -3.08809280e-02
 -3.18755470e-02  7.30036646e-02  2.57390559e-01 -6.13685213e-02
  1.91353530e-01  2.27787778e-01 -8.04428905e-02 -6.32324666e-02
  8.35030302e-02 -2.10241243e-01  8.71408135e-02  1.05733432e-01
  1.94642082e-01 -3.91266868e-02 -7.39159212e-02  2.46698469e-01
 -2.40789950e-01 -1.88538343e-01 -3.04360297e-02 -1.12289540e-01
  1.64335474e-01  1.99204594e-01  3.08826622e-02 -4.47171703e-02
  9.31597278e-02  5.83643503e-02  1.82567731e-01  1.66921653e-02
  1.43944817e-02 -3.91659997e-02 -1.38296820e-02  1.35934755e-01]