http://erau.edu/ontology/meme.owl#ImSoAloneMeme
[-0.02668791 -0.01939517  0.03378551 -0.02429663 -0.07237224  0.14760606
  0.02344516  0.07637656  0.02547348  0.04379858  0.13634594 -0.03561689
 -0.12053858 -0.03011377 -0.1721358   0.03862927  0.13482752  0.04138706
 -0.02168426 -0.00239607 -0.08207287 -0.01760945  0.09627815 -0.065321
  0.17957883 -0.05622496 -0.01171495 -0.05793753  0.10943747  0.13689065
  0.09582472  0.10589818  0.04996247 -0.04213192 -0.00252624  0.23422837
 -0.01758471  0.1294025  -0.04186049 -0.01611108  0.11042331  0.19434875
 -0.23773678  0.02254178  0.04903907  0.08821976 -0.01785332 -0.06277604
 -0.02143755 -0.02632488 -0.00756619  0.05919006 -0.05146804 -0.08957726
 -0.2045764   0.01779136  0.09052085 -0.1022698   0.22142656  0.10367058
  0.03360186 -0.03099391  0.15706557  0.11643872 -0.14294463 -0.13896403
  0.07895999  0.02988571 -0.10993319 -0.08149591 -0.09868682  0.0526023
  0.17178741  0.12398437  0.04894283  0.18103112 -0.17349668 -0.01679903
  0.06926018  0.05414276 -0.04938518 -0.15975583 -0.09126152 -0.17697144
  0.21423836 -0.07842154 -0.05157608 -0.07806579 -0.0120732  -0.0846542
  0.0446384  -0.22998855  0.11525227 -0.02839079 -0.05515537  0.08667322
  0.00235294 -0.05888855 -0.03670516 -0.09525377  0.14833102  0.01365502
  0.29615796 -0.17609581 -0.00954882  0.12273803  0.16674957 -0.12556711
 -0.02357166  0.00369701 -0.04262936  0.06628723 -0.03422327 -0.12765102
  0.00872416 -0.03009044 -0.33563834 -0.20343257 -0.04413546  0.12083609
 -0.20263517  0.04449384 -0.08737146  0.13330156  0.18180186 -0.12049386
  0.02268953 -0.03917981  0.13833772  0.0286653  -0.22172134 -0.09115446
  0.03542999 -0.01255704 -0.13157353  0.12656187  0.03699752 -0.03710322
 -0.26465702  0.01455891 -0.25323913  0.1218113   0.07750044  0.02663223
  0.28198776 -0.19515419 -0.01017655 -0.14346518 -0.06997508  0.1578326
  0.02365422 -0.06363104 -0.03095986  0.05259575  0.06020864  0.13586451
 -0.2547719   0.08510596  0.04674542 -0.12134855  0.06124317 -0.03153739
  0.0309983  -0.04688294 -0.2384891  -0.08688938  0.0285064   0.18412702
 -0.39174694  0.11599148  0.14591984  0.15242988  0.06154026  0.2007107
 -0.02028743 -0.10582655 -0.05899159 -0.05215726  0.10966849  0.0024454
 -0.15209156  0.15263309  0.10907561 -0.04922691 -0.05676946  0.06973605
  0.06667233  0.05541086  0.15089217  0.01261045  0.14443108 -0.02920069
 -0.15533693 -0.08394959  0.0187591  -0.03342453  0.00434659  0.0589335
  0.00451509 -0.05923196 -0.11107018  0.06221785  0.07449467 -0.02972979
  0.00348853 -0.21612872 -0.00492722 -0.03530811  0.11184957  0.13915057
  0.20354787  0.05084413 -0.09373986 -0.03044698 -0.00083298 -0.07348871
 -0.16353832 -0.04243317  0.22413889  0.09865679 -0.03029525  0.11447814
 -0.12123033  0.07543971 -0.00339135 -0.05525076 -0.12492171  0.03075052
 -0.01003739  0.01429999  0.20146379  0.10637472 -0.0420303  -0.2604911
 -0.04180365 -0.0338087  -0.13491103 -0.03439957  0.00563592 -0.03739536
 -0.03738726 -0.1124908   0.02117744 -0.04264523 -0.25549087 -0.11193851
 -0.1882118  -0.01407182 -0.02956859  0.10738215  0.10154722  0.06981899
  0.06054729  0.06395505  0.14233853 -0.06768076 -0.14311312 -0.07117873
  0.0479368   0.04259511 -0.16736107 -0.02882489  0.05981344 -0.13641435
 -0.15225643 -0.17732123 -0.153683    0.04886562  0.09167199 -0.15971123
 -0.06016384 -0.11171027 -0.06024117  0.04847877  0.09912983  0.03651125
  0.06576692 -0.09303034  0.01257984  0.09755911  0.1214782   0.19105247
 -0.14173123 -0.1383245  -0.24214827  0.12455299  0.01717121 -0.0294449
  0.00973283  0.07363562  0.0980894  -0.29340526 -0.05026179 -0.18100564
 -0.07738397  0.01847923  0.09917845 -0.05515842 -0.1665366  -0.04771957
 -0.18549146  0.0912585  -0.02290908  0.05519834  0.02278024 -0.14393461
  0.04178707 -0.10045499 -0.12879469  0.1466828   0.3381268  -0.11783215
 -0.05076984  0.14292389 -0.02717182  0.08238506 -0.03025835  0.03287319
  0.10080384 -0.01674522  0.01195636 -0.10033191  0.2647157   0.11536672
 -0.0135247   0.03779516 -0.11235216  0.04942853  0.06139053  0.02113416
  0.08783121  0.08163083 -0.06261842 -0.07608681 -0.12316828 -0.1995102
  0.13003829  0.01145143 -0.00100537  0.05033131 -0.00671709  0.09840776
 -0.04812105 -0.06658722 -0.0979452  -0.10008098 -0.09906697  0.12451456
 -0.00602964 -0.07704192 -0.0608562   0.03000508 -0.04348928  0.14896835
 -0.15821955  0.09391382 -0.10966291 -0.04806251  0.33272535 -0.1874876
 -0.10870962  0.06189185 -0.07970966  0.0649355  -0.13715562  0.08669256
 -0.16238952  0.03804918 -0.08189157 -0.01848338  0.13030623 -0.04427039
 -0.16955766  0.18502751 -0.02436971 -0.10590313 -0.1148296   0.10132064
 -0.09982833  0.04267111  0.10334065  0.19458622 -0.15369812 -0.04673642
 -0.03280497 -0.06184007 -0.07737213  0.14906156  0.00751417 -0.12848482
 -0.06157774 -0.02104892 -0.04833893  0.11348738 -0.09307203 -0.1602225
  0.01549753  0.0574985   0.20742097  0.08134278  0.01430436 -0.1155913
 -0.10181009 -0.23225716 -0.0634235   0.03861852  0.0272829   0.16221526
  0.16434774  0.09709635  0.1149233  -0.24245101 -0.17133853 -0.07646503
 -0.0108914   0.11933003 -0.04294124 -0.12099393 -0.02254987  0.03260186
  0.08612167  0.01375023 -0.17550026 -0.0513908   0.00310006 -0.17558603
  0.0642704   0.20617332  0.04425571  0.01100227  0.10662168  0.09553333
  0.04005877 -0.23281445  0.18943967  0.04946984  0.00366669 -0.02699284
  0.07901493  0.07119285  0.15031826  0.05576809 -0.02079287  0.32193795
 -0.14703867  0.05029667 -0.12459724 -0.2109645  -0.02227497  0.07808164
  0.02851055  0.09385577  0.06544841  0.04065743  0.3267358  -0.10666285
  0.12052943  0.02847205  0.09630602 -0.00168281  0.10475827  0.13662347
  0.17802605  0.04652848 -0.11807058  0.06865615 -0.00420406 -0.07697113
 -0.07865737  0.11540655  0.17753263  0.00060701  0.28781092  0.02542478
 -0.03273693 -0.09511045  0.10989841 -0.13448189 -0.0704926   0.04237968
 -0.01436498 -0.05375886 -0.08877407  0.27453992 -0.05943845 -0.19674514
 -0.05711822 -0.12491528  0.1099898   0.08014008 -0.17555991 -0.09404325
  0.05748342 -0.08273567  0.02801485  0.06262721  0.08196555 -0.01444654
  0.02458436  0.10044457]