http://erau.edu/ontology/meme.owl#BasementCatMeme
[-4.54444997e-02 -7.06931427e-02  1.22224696e-01 -4.37751561e-02
 -3.86036150e-02  8.58749375e-02  2.79762894e-01  1.89346656e-01
 -7.55740181e-02 -7.06874952e-02  1.36413842e-01 -7.81344026e-02
 -5.93197010e-02  6.64929301e-02 -7.54778087e-02  9.40370560e-02
 -6.08751690e-03  1.05885431e-01  7.89334849e-02  6.84526190e-02
 -1.65891171e-01 -4.34414446e-02  1.05340280e-01 -1.18116111e-01
  4.55342494e-02  4.53843474e-02  6.49621561e-02 -1.21676207e-01
  1.84090793e-01  4.02494781e-02  1.92385837e-02  1.40984654e-01
  8.10024142e-02 -1.12878613e-01 -3.91061231e-02  1.70166403e-01
 -1.22688897e-01  1.42454118e-01 -2.06961716e-03 -1.45337448e-01
  5.59897721e-02  2.18894690e-01 -1.96560264e-01 -1.04749642e-01
  7.26907253e-02  7.21137002e-02  3.74124311e-02  2.01976523e-02
  3.67164449e-03 -1.18322819e-02  1.13361031e-01 -1.79674905e-02
 -3.55371796e-02 -1.90998599e-01 -1.16377778e-01 -6.35273159e-02
  1.01652443e-01 -1.10840917e-01 -3.40429731e-02  1.71285212e-01
 -9.12248641e-02 -1.36481613e-01  1.74958631e-01  3.76016274e-02
 -2.98876554e-01 -1.21954165e-01 -1.01273380e-01  3.87313440e-02
 -1.51123464e-01 -2.64013857e-01 -1.18653111e-01  1.02985181e-01
  1.29486114e-01  5.43535575e-02  5.98613806e-02  1.70301244e-01
 -2.26397634e-01  7.98328519e-02  2.47147992e-01  1.60225153e-01
  3.40508781e-02 -4.78255525e-02 -8.27960148e-02 -1.76643655e-01
  3.98793593e-02 -9.29791406e-02 -1.47278041e-01  5.09258434e-02
  1.64366916e-01  8.18713978e-02 -2.01383028e-02 -3.03899080e-01
  1.79034859e-01 -4.72679995e-02 -1.65369943e-01  1.15045449e-02
 -3.44625395e-03  1.23895779e-01 -4.76561375e-02 -1.81749724e-02
  1.47217482e-01 -3.15323584e-02  4.09761071e-01 -9.41014737e-02
  4.78716604e-02 -1.55051406e-02  8.30177143e-02  3.20064649e-02
  5.21017537e-02 -1.81516692e-01 -2.69991048e-02  2.58119348e-02
 -1.50339708e-01 -1.90037251e-01  1.16314143e-01  1.50410891e-01
 -3.71172994e-01 -1.36481717e-01  1.22634828e-01  9.78633091e-02
 -1.27268597e-01 -2.95052305e-02 -5.08688502e-02  1.84827089e-01
  7.26155564e-02 -8.78241286e-02 -7.97032043e-02 -7.11982744e-03
 -1.63659956e-02 -2.74765063e-02 -3.22374731e-01 -7.32024536e-02
  4.14749309e-02 -3.37086208e-02 -7.86976889e-02  7.12231770e-02
 -5.22527471e-03 -1.16896026e-01 -1.36916280e-01  1.02332771e-01
 -2.88768798e-01 -9.78503190e-03 -9.02014598e-03  4.43177633e-02
  2.36823887e-01 -1.51569605e-01  4.36209068e-02 -1.93321630e-01
  1.52339369e-01  2.66125828e-01  9.11874771e-02 -1.03501134e-01
  5.58739379e-02  6.82327896e-02 -4.63136286e-02  6.84128702e-02
 -2.06451491e-01  2.13613272e-01  6.50689974e-02 -9.26175341e-02
  5.33162653e-02 -2.61562288e-01 -6.87601939e-02  7.51462281e-02
 -2.40033373e-01 -2.69955456e-01 -9.93318111e-02  1.50116220e-01
 -3.92287940e-01  1.38580203e-01  1.32519647e-01  1.98461100e-01
  2.38975480e-01  2.19537258e-01 -4.36393842e-02 -7.01910183e-02
 -8.39262977e-02 -1.99073609e-02  1.53201014e-01 -3.91608924e-02
 -1.12354107e-01  9.47757661e-02  1.47979498e-01  8.40206072e-03
  2.80819703e-02 -3.24829780e-02  5.15252873e-02  7.90883228e-02
  2.99328655e-01 -7.81197995e-02  1.22994762e-02 -2.08288692e-02
 -2.48812199e-01  4.66244593e-02 -1.02737032e-01 -4.96102422e-02
  4.62053381e-02  1.91200197e-01 -1.35320619e-01 -1.02901300e-02
 -1.99319329e-03 -8.26827064e-02  1.00484155e-01 -9.38464999e-02
 -5.49305491e-02 -1.54095843e-01  2.53994260e-02 -5.61463239e-04
  1.59460217e-01  5.17045856e-02  2.19297811e-01  1.17959544e-01
 -1.32828891e-01 -1.00003004e-01  1.88220561e-01 -2.41373274e-02
 -1.86952725e-01 -3.36353034e-02  1.54694170e-01  1.41011760e-01
  1.95153475e-01  1.99932441e-01 -1.42451480e-01  6.55530691e-02
 -1.47817150e-01 -1.55535072e-01 -2.12107286e-01 -5.79018285e-03
 -2.00738925e-02  2.43089348e-02  8.29029456e-02  7.11899577e-03
 -1.57454610e-01  4.56959121e-02 -4.67987638e-03  6.84677390e-03
 -1.00511715e-01  1.70041844e-02  1.72478065e-01 -1.10236071e-01
 -8.67675915e-02  2.55355816e-02 -2.58195243e-04  1.86743159e-02
 -1.84939057e-01 -1.11703143e-01 -1.66236743e-01 -1.88479815e-02
 -1.74955338e-01  9.82060060e-02  5.26427999e-02 -2.06750426e-02
  1.92358598e-01  4.57905307e-02  2.44745135e-01 -1.29759431e-01
 -1.32876992e-01 -5.10099269e-02 -2.72543356e-03 -3.10814343e-02
 -1.86487079e-01 -4.12963256e-02 -9.30812433e-02 -9.96618569e-02
 -2.74471790e-02 -2.73668379e-01  4.16934304e-02 -8.34132079e-04
  9.37776864e-02 -2.41428111e-02 -1.74719319e-02 -1.53874010e-01
 -1.25044614e-01  1.50063798e-01  2.60061115e-01 -6.93243891e-02
  1.97960183e-01  9.86098498e-03 -5.69578446e-02  2.31498703e-02
  6.37993589e-02  1.85742423e-01 -8.28654990e-02 -9.19616148e-02
 -1.35507226e-01  9.26710516e-02 -8.58006626e-02 -5.11586368e-02
 -1.39264733e-01 -8.95058811e-02  2.20508650e-01 -7.32724071e-02
 -1.18631413e-02 -1.17865279e-01  3.79871503e-02  1.10710096e-02
  2.02650145e-01  3.89507525e-02 -1.69991925e-01 -2.17081740e-01
 -2.14614704e-01  7.41205886e-02  9.65979695e-03  5.39144203e-02
 -5.01643568e-02 -1.54529303e-01  3.12485367e-01 -3.41504328e-02
  3.87444533e-02  8.97460990e-03  2.02153429e-01 -2.19968140e-01
  7.77734593e-02  4.40464467e-02 -6.90733716e-02  6.48732781e-02
  2.48457696e-02  4.18352475e-03  8.53734165e-02 -8.43070224e-02
  3.75243761e-02 -1.38402626e-01  2.02520490e-01  1.38435662e-01
  7.11142719e-02 -7.13543668e-02 -1.33607730e-01 -5.47079146e-02
  2.15317488e-01  2.21799631e-02 -4.00034338e-02  6.53844625e-02
  2.07526819e-03 -1.37087544e-02  6.59767389e-02 -2.26242840e-01
  6.40792400e-02  2.19765499e-01 -1.00662306e-01 -9.76938475e-03
 -3.67578026e-03  1.76544189e-01  5.15211083e-04  1.16720600e-02
 -8.59645903e-02 -4.71891984e-02 -1.37312487e-01  1.33999303e-01
  2.05544960e-02 -1.49928018e-01 -1.07966110e-01  1.54838338e-01
 -8.62724781e-02  1.50581986e-01 -1.87058225e-01  1.86777741e-01
 -5.18372469e-02 -3.29282321e-02  2.48048782e-01 -1.66230686e-02
 -1.69150412e-01  6.14767112e-02  2.34573465e-02  6.94081411e-02
 -5.28224520e-02 -8.51052999e-02 -2.54396182e-02  1.38217703e-01
 -7.33437687e-02  1.99804399e-02  2.75425222e-02  2.48747822e-02
 -7.97346607e-02 -6.03638552e-02  1.27235875e-01 -1.94148488e-05
 -7.72172585e-02 -2.65532956e-02 -5.93985878e-02 -1.85904857e-02
 -4.17618193e-02  1.44501671e-01 -2.54733264e-02 -9.16470066e-02
  1.38729185e-01 -4.72988822e-02 -3.28023806e-02  1.08485021e-01
  1.22158900e-02  3.62579040e-02 -1.37422144e-01  6.97976500e-02
  4.96850275e-02  1.59169585e-01 -2.86244042e-02 -1.87993571e-01
  1.96075793e-02  8.74266699e-02 -2.02995278e-02  1.62707623e-02
 -1.41094448e-02 -9.95570198e-02  9.54314917e-02 -6.01548962e-02
  3.81499529e-02 -3.89846414e-02 -4.31043431e-02  8.59305263e-02
  9.96320099e-02  6.00642944e-03  1.47648305e-01 -1.83254734e-01
 -1.51540011e-01 -3.25680301e-02 -1.36042029e-01  2.18882249e-03
 -8.30531269e-02 -1.06084332e-01  8.60259030e-03  7.07506910e-02
  9.04253945e-02 -7.72495419e-02 -1.25588998e-01  3.26664746e-02
 -5.01430780e-02 -3.66889685e-02 -1.34189082e-02 -8.56767297e-02
  1.78071298e-02 -5.08894064e-02  3.55267082e-04  1.37982935e-01
  6.51080087e-02 -5.14583923e-02  1.29200965e-01  1.36163816e-01
  9.56497043e-02 -6.51857778e-02  1.17727973e-01  1.70497537e-01
  1.38053507e-01  8.99670348e-02 -1.58840612e-01  3.15430969e-01
 -2.05534533e-01 -4.43614423e-02 -1.56114638e-01 -4.82045747e-02
  1.94909479e-02  1.08938999e-01  2.88231354e-02  1.05860054e-01
  9.65992138e-02 -7.49443546e-02  1.87607557e-01  3.55226584e-02
  9.92768034e-02 -1.59195662e-02  2.86275502e-02  2.83011030e-02
  5.34848794e-02  4.66739424e-02  1.34566918e-01 -9.74538624e-02
 -1.02509968e-01  1.69685021e-01 -3.11141629e-02 -3.16421464e-02
 -1.00469045e-01  4.13195454e-02  2.07634181e-01 -9.00683030e-02
  1.50590822e-01  1.69659257e-01 -3.77063313e-03 -3.54432501e-02
  2.19202228e-02 -2.56160557e-01  1.07780732e-01  1.76884994e-01
  1.75973512e-02  5.35367876e-02 -1.41516060e-01  2.04664320e-01
 -1.75782636e-01 -2.48733819e-01  1.61505669e-01 -1.51758224e-01
  1.86356008e-01  2.19118610e-01  2.28426349e-03  6.20396845e-02
  2.69768517e-02  2.10996702e-01  8.26590806e-02 -4.08177311e-03
  2.94538550e-02  6.04163297e-03  1.82401221e-02  2.23188400e-02]