http://erau.edu/ontology/meme.owl#HarmlessScoutLeaderCreepyScoutmasterMeme
[ 0.00774287 -0.17316303 -0.04583854  0.17414463  0.14538454  0.06956839
 -0.01143441  0.10129558  0.00050965  0.03651064  0.07542729 -0.14904264
 -0.16377811 -0.04797092 -0.16030598  0.0509948  -0.0334028  -0.134167
 -0.07673969  0.11331495 -0.17789428  0.0684283   0.06035217 -0.19224936
  0.13375781 -0.06532335  0.07804151 -0.1060321   0.1759083   0.20551658
  0.11345141  0.13485287  0.07145175  0.03145746 -0.04496506  0.06007853
  0.03201498  0.05658104 -0.07825223 -0.17234942 -0.00454599  0.06202769
 -0.05351678 -0.10984728  0.17041387  0.1851636   0.00673787 -0.14788853
 -0.03160404 -0.01110916  0.05795965  0.0630626  -0.01482641 -0.08611668
 -0.10027312 -0.03230918 -0.05786151 -0.0436368   0.1442878  -0.00512782
  0.12333357 -0.15830544  0.06985881 -0.00730436 -0.05170212 -0.2077376
 -0.06875718 -0.05359686 -0.09033293 -0.3251361  -0.050182   -0.07901936
  0.17276263  0.01430077  0.10100535  0.13327637 -0.15191358  0.01888409
  0.11244131 -0.12497411  0.11686383 -0.14415555 -0.02221655 -0.0419513
  0.15921678 -0.08532221 -0.07363445 -0.09329621  0.02687404  0.00404631
 -0.01140897 -0.21430698  0.15022519 -0.14358915 -0.13749953  0.02380724
  0.03946218  0.06095256 -0.02934381 -0.0784255   0.14155978 -0.02177911
  0.34677503  0.02092216  0.01899764  0.04971091 -0.00718114 -0.04557973
 -0.15776499 -0.102177   -0.06952194  0.16698419  0.02226754 -0.1469678
  0.08142201  0.01264123 -0.37141275 -0.02492985  0.03858862 -0.02171385
 -0.18342355 -0.01058794 -0.10221891  0.08408376  0.05255905 -0.09474367
 -0.03514812 -0.06421961 -0.17702192 -0.15476175 -0.23176351 -0.04523109
 -0.06647285 -0.07436395 -0.05222996 -0.03290901 -0.05794741  0.0727993
 -0.15435116 -0.02011842 -0.14698496  0.08008999  0.07073803 -0.00270091
  0.05332337 -0.2511156  -0.08081207  0.00980232 -0.04074849  0.06426153
  0.10549045 -0.07659122 -0.05904096 -0.00467124  0.04129713 -0.00782141
 -0.13205074  0.16463487  0.12229902 -0.26794928  0.12811409 -0.22978066
  0.06680184 -0.04428745 -0.13574636  0.05430212 -0.06473736  0.26412243
 -0.36659127  0.17261267  0.22856185  0.3492011   0.3119505   0.15316868
 -0.07254168 -0.02108494 -0.02875093 -0.11007677  0.0397599  -0.09944773
 -0.12065362  0.2084282  -0.12693174 -0.00124614  0.04449902 -0.02786772
  0.22071055 -0.00704275 -0.00332448 -0.11908263  0.20611604  0.14686471
 -0.3146474  -0.06622661 -0.09682854 -0.14644583  0.07034961  0.07915901
  0.01272135 -0.00702237 -0.09229235 -0.05307592  0.11465874 -0.19653589
 -0.17120853 -0.29415685 -0.03891391 -0.1327749   0.10796585  0.03434595
  0.16823675  0.19916676  0.02024347 -0.10792538  0.14871861  0.12177251
 -0.03266756 -0.10023134  0.33877042 -0.07614166  0.21909726  0.11220352
 -0.17922884  0.00062107  0.00057812 -0.18315472 -0.25042346  0.04928303
 -0.12159309  0.17311665  0.06201304 -0.01375458 -0.24340425 -0.28810954
 -0.15515193 -0.0855234  -0.07376234 -0.11852507  0.0204196  -0.03239634
  0.07172113 -0.09276969  0.03124359  0.01991863 -0.3270912  -0.11850572
 -0.20540494 -0.00605243 -0.10770841  0.02532565  0.1341644   0.16586626
  0.08051673  0.24472997  0.36633718 -0.02483361 -0.15236522 -0.02558465
 -0.04406808  0.13444127 -0.04832576 -0.13201033 -0.10545387 -0.1917207
 -0.04780374 -0.24270491 -0.06166379  0.10853721  0.04633373 -0.04826476
 -0.11252479 -0.19113928 -0.14810635  0.20208512  0.11535177 -0.03610918
  0.1465257  -0.20665148  0.03226475  0.01521723  0.15155692 -0.06535272
 -0.02318061 -0.06394639 -0.11925072  0.02679565 -0.1433257   0.00457058
 -0.05456421 -0.09296226  0.16604945 -0.12404231  0.14352362  0.03601994
  0.04147454 -0.04375061  0.0487481  -0.05184105 -0.19984329 -0.13209169
 -0.3542281   0.01867452 -0.16093425  0.12709843  0.12074043 -0.08345757
 -0.00132741 -0.04010355 -0.081752    0.16516954  0.18739314 -0.08178353
 -0.05034307  0.07571232  0.05584808  0.03969099  0.05411264  0.06821865
 -0.01176924  0.02059453  0.12029379 -0.03290301  0.2602488   0.02300872
 -0.00817949  0.0520072  -0.0186333   0.03105298 -0.01374462 -0.07331904
  0.16412331  0.07985188 -0.0090373  -0.09196658 -0.13406383 -0.24823366
  0.10410786  0.08156656 -0.21370873 -0.12987417 -0.06060408  0.02439188
 -0.02707829  0.11254438 -0.05319818 -0.09922546  0.16348872  0.13717866
 -0.05452303 -0.10705382 -0.06253377  0.07141728  0.03999465  0.13690159
 -0.11616112  0.04342197 -0.05945574  0.03692362  0.15661298 -0.03953805
 -0.1233908   0.02606077  0.05938293 -0.09598434 -0.13963418 -0.0740794
 -0.0696981   0.0452603  -0.13028239  0.00948711 -0.03723394  0.0116644
 -0.36339045 -0.01468096  0.13575453 -0.07652864 -0.17018299  0.10631996
 -0.08446881 -0.05325013  0.11236647  0.15503043 -0.06813648 -0.16773026
  0.06620505  0.02390052 -0.00311875  0.06736738  0.09117614 -0.1002496
 -0.082549    0.00662667  0.07393844  0.09934759 -0.12840442 -0.17416698
  0.07194591  0.03157451  0.08356058 -0.01677274 -0.02907872 -0.0940116
  0.06815775 -0.13691647 -0.01815033  0.1312607  -0.07503647  0.17062932
  0.23772337 -0.01209619  0.05085969 -0.25778008 -0.05787408 -0.11374034
 -0.03500026  0.0095432  -0.08834045 -0.13842276  0.02089971  0.20939559
  0.02322483  0.01117394 -0.1825313   0.0565869  -0.13488556 -0.0774229
 -0.00771189  0.26628396  0.16485976 -0.0764085  -0.03107514  0.23642704
  0.00078677 -0.17694166  0.20199232  0.17785834 -0.05793042 -0.12615488
  0.12947159  0.13830054  0.230125    0.02809861 -0.03032524  0.31313875
 -0.1355157  -0.11592708 -0.27879104 -0.10569769 -0.10691595  0.18279278
  0.06221878  0.09883014  0.2226807  -0.07894193  0.24605025 -0.04512283
  0.11224761  0.01574332  0.09763152 -0.01668241  0.09185594  0.0969603
  0.10100644  0.02568923 -0.06980719  0.08727071 -0.132734    0.05719896
 -0.01157122  0.10949939  0.21752264  0.06456178  0.10639832  0.14678183
  0.07815278 -0.07315556 -0.00784326 -0.12677579 -0.11528818  0.02561604
  0.00264826 -0.03698895 -0.02667402  0.11654932 -0.05049416 -0.16258748
 -0.01532252 -0.09203564  0.11385693  0.09337912 -0.20400621 -0.00902226
  0.09345105  0.02645634  0.05616553 -0.05227718 -0.05657103  0.16645522
  0.10560677 -0.00127907]