http://erau.edu/ontology/meme.owl#ShutUpGrandmaDrinkYourPruneJuiceMeme
[-0.1271926  -0.08267809  0.11604927 -0.07371313  0.13536169 -0.05117514
  0.12279135 -0.09078032  0.17242815 -0.04608648  0.14544654 -0.0087312
 -0.11910416  0.03227457 -0.02699415 -0.04019582  0.2131328   0.06467357
 -0.04419133  0.06399717 -0.23472232  0.15478131  0.22757721 -0.14352258
  0.12080348  0.01018179  0.13335602 -0.22020021  0.31565675  0.10295779
 -0.0397783  -0.09557069 -0.07769708 -0.09365566 -0.15761493  0.3152229
 -0.09242573 -0.01421285 -0.09239964 -0.08842375 -0.02894063  0.21176368
 -0.38857326 -0.04218851  0.04504672  0.09144128 -0.00255826 -0.14813925
  0.1498745   0.02637378  0.09955731 -0.04591668 -0.00479107 -0.13772494
  0.01505636 -0.02375367  0.10560931 -0.06815156  0.11861046  0.13509488
 -0.06224623 -0.06262679  0.22266601  0.18458539 -0.21420747 -0.08420256
 -0.16220702 -0.08132053 -0.12170348 -0.16233703 -0.16319866  0.2349262
  0.24914525  0.15750866  0.10561202  0.11588161 -0.1318095   0.00993045
  0.26861343  0.15653427 -0.0694806   0.0082596  -0.10271944 -0.24507447
 -0.01305524  0.01869766 -0.0671418   0.09184849  0.33034745  0.01924131
 -0.12223741 -0.36261696  0.22943845 -0.01083412 -0.1382597   0.10214723
 -0.03238254 -0.05386696 -0.12815312 -0.0233359   0.1382372  -0.13656904
  0.3414459  -0.05702903 -0.05211296 -0.03547041  0.10580788  0.12666194
  0.06009358 -0.15779167 -0.04127802 -0.01956948 -0.10046385 -0.24175896
  0.16789371  0.00778665 -0.36101028  0.02954476  0.02127068  0.09862991
 -0.04364833 -0.16906658 -0.03671719  0.03156956  0.07862246 -0.03205533
 -0.11184911  0.06452124  0.02509031  0.00147303 -0.0764981  -0.10342411
 -0.035703   -0.07699209 -0.03769949  0.20713897 -0.06641462 -0.03064454
 -0.21159494 -0.13450234 -0.28204253  0.12029863  0.11509427  0.15277907
  0.13085854 -0.13827497  0.15534589 -0.13850391 -0.06468084  0.16660365
 -0.01272728 -0.08044923  0.02356794 -0.05859499  0.04323109  0.00658185
 -0.17088377  0.19795372  0.01821011 -0.2740887   0.14686772 -0.26238367
 -0.08085208  0.06351405 -0.24240832 -0.14803214 -0.11412742  0.28957924
 -0.1644193   0.04331418  0.04861631  0.18628512  0.19048789  0.13050552
 -0.12787     0.06662341 -0.04207103 -0.05646075  0.2019734   0.03259875
 -0.13766098  0.16468658 -0.0024218   0.00904639  0.00789565 -0.15484253
  0.12848938  0.2094369   0.11120796  0.04230318  0.05619783 -0.11677133
 -0.20758066 -0.10587735 -0.03034691 -0.05813958  0.05383313  0.10678159
 -0.07357441  0.03789483  0.0127567  -0.11077341 -0.00719965 -0.23554443
 -0.01223561 -0.19579808 -0.00169515 -0.05988875  0.03815239  0.06028847
  0.09636802  0.03368667  0.00208111 -0.09020931  0.10035472 -0.04119096
 -0.1501344  -0.19314732  0.17709894 -0.04062976  0.17355904  0.06123485
 -0.05895847 -0.00480958 -0.11971694 -0.02163883 -0.21448502  0.01640661
 -0.08042897  0.0053047   0.01104501  0.12159097 -0.08809657 -0.0369241
 -0.02325233  0.04711512  0.01929639 -0.08247799  0.06033617  0.01675295
  0.10520788 -0.0598923   0.0213324   0.08760791 -0.22619118 -0.08995534
 -0.26441497 -0.06706256 -0.15578805  0.08148665 -0.02178414 -0.01991821
  0.21006206  0.07994373  0.2807611  -0.08275919  0.01716935 -0.0052071
 -0.07139327  0.07436814 -0.19474503 -0.10565911 -0.14145945 -0.08986299
 -0.00753899 -0.1583737   0.09104073  0.07172098  0.08045822  0.07098179
 -0.00075992  0.05184593 -0.08744114  0.06849884  0.11032424 -0.22528416
  0.14318767  0.02150617 -0.00576694 -0.03236179  0.1134408   0.08679833
 -0.15201695 -0.13860439 -0.0590344   0.02422136 -0.0089438   0.09592679
 -0.0772906  -0.00693171  0.04898866  0.06142244  0.06461085 -0.07275134
  0.03004953  0.07575377  0.18721117 -0.11190246 -0.1072742  -0.2549217
  0.06277885 -0.04688904 -0.00211817  0.1157636  -0.14337726 -0.11902586
  0.19130956 -0.07520375  0.00099261 -0.04132447  0.01848568 -0.17285503
 -0.08154701 -0.10196375  0.03765072  0.02478339  0.04277776  0.07422165
  0.01840464 -0.08837236 -0.02497717 -0.09719586  0.21829088  0.12003197
 -0.01216988 -0.07247695 -0.11600637 -0.19723721  0.23905945  0.07120053
  0.06738009  0.05660516 -0.02468469  0.01833811 -0.01580031 -0.21566679
  0.03694751  0.19229451 -0.08188561  0.03369967 -0.02943047 -0.04960841
 -0.00683124  0.04703683 -0.09887996  0.01934449  0.02055757  0.12986413
  0.06783193 -0.18674153 -0.06593953  0.19379057 -0.15562442  0.09857914
 -0.2435987   0.07284807  0.10277826  0.00570223  0.10671268 -0.00734122
 -0.03242522  0.19670689 -0.00201337  0.02373236  0.07151046 -0.08765896
  0.04851879  0.04126192 -0.18967988  0.00202174  0.12074852  0.05247035
 -0.22555935 -0.03239192 -0.11296814 -0.00962815 -0.22533634  0.05780022
 -0.12109808 -0.00590946  0.03042247  0.14275992 -0.06525195 -0.00830353
  0.23420303 -0.2932561  -0.07866205  0.13143355 -0.1057567  -0.2457844
 -0.05607519  0.03041862  0.0356933   0.10363894 -0.01312298 -0.21992783
  0.16738982  0.11048329  0.23549837 -0.07312287  0.03526915  0.00546421
  0.02699057 -0.1987088  -0.10635684  0.046934    0.03408828  0.26851362
  0.1816518   0.11360047  0.07900584 -0.13716082 -0.08817291 -0.17405154
 -0.02402293  0.04311141 -0.08037182 -0.12559018  0.06748952  0.10749523
  0.14484309 -0.05493569  0.00735048  0.03173043 -0.1449473  -0.1568571
 -0.06288164  0.05566364  0.07257587 -0.12903635  0.21973307  0.3347311
  0.07253285 -0.02826273  0.12103937  0.19285612 -0.0020659  -0.06511296
  0.15955786 -0.01223045 -0.1345592   0.19071464 -0.10192626  0.13603923
 -0.26400334 -0.12541297 -0.05902909 -0.16204838 -0.05244884  0.0710654
  0.03648139 -0.02088108  0.09056748 -0.05967417  0.15608875  0.07417565
 -0.1277062   0.05853073 -0.01388817 -0.09330014  0.24791427 -0.03139036
  0.21449515 -0.08533474 -0.06419478  0.14225158  0.04416631 -0.01359577
 -0.02065594 -0.03075973  0.08728044 -0.00339982  0.13429718  0.02739889
 -0.02345377 -0.1674232   0.08568949 -0.23522781  0.01596125  0.04109638
  0.17603245 -0.06037529 -0.1050683   0.26706725 -0.27402878 -0.08773182
  0.06057829 -0.02448477  0.07459936  0.0026053  -0.05662795 -0.02715699
 -0.04539244  0.06171286  0.11207602 -0.03425534 -0.12806658 -0.1174073
  0.0645885   0.2948561 ]