http://erau.edu/ontology/meme.owl#DrJeansBananaDanceMeme
[-1.46109583e-02 -3.85243036e-02  1.26088709e-01 -1.45686902e-02
  1.75390661e-01 -1.10917725e-01  3.68484971e-03 -1.48654401e-01
 -1.26837924e-01 -4.96196933e-02  2.21287787e-01  2.08720211e-02
  1.04989477e-01  1.05625554e-03 -1.56203791e-01 -1.92677259e-01
  1.03756256e-01  1.09814040e-01 -3.59873101e-02 -2.60999147e-02
 -7.07797259e-02  1.60905629e-01  2.23428026e-01 -1.43508837e-01
  8.13293681e-02  3.73871648e-03  1.58559605e-01 -2.15161979e-01
  3.05889070e-01  1.61644712e-01 -6.21248484e-02  1.59008846e-01
  3.05940639e-02 -1.08934171e-01 -8.42416137e-02  4.41036701e-01
 -2.71658242e-01  6.82514533e-02  3.00449394e-02 -2.90834010e-01
 -4.59892564e-02  1.77010968e-01 -3.91035467e-01  3.95198958e-03
  1.82656020e-01  2.67785907e-01  9.46722180e-02 -7.86600187e-02
  9.71496850e-02 -3.67409317e-04  1.60008326e-01 -8.82387310e-02
 -1.66615456e-01 -1.05059847e-01 -1.22016184e-01 -3.89848985e-02
  1.67269036e-01 -2.71894097e-01 -6.26692027e-02  6.72714636e-02
 -8.24358165e-02 -1.03332192e-01  3.53418827e-01  1.12200357e-01
 -1.36206627e-01 -7.07720071e-02 -1.65622652e-01 -4.37211469e-02
 -1.76606178e-01 -1.02392510e-01 -1.02517672e-01  2.37380013e-01
  6.42437860e-02  5.17320167e-03  7.68221496e-03 -8.66517201e-02
  3.59963253e-02  1.74252376e-01  1.73632890e-01  3.97208557e-02
 -8.36310014e-02  1.04853742e-01 -6.52316399e-03 -2.93959260e-01
  2.12879494e-01  9.24172476e-02  4.96956110e-02 -1.85834132e-02
  3.12843263e-01  5.93876578e-02 -3.11228514e-01 -1.46172479e-01
  1.28460377e-01 -1.05817772e-01 -1.72021732e-01  7.17955604e-02
  7.36458451e-02 -3.49316746e-01 -2.25475907e-01  9.91006102e-03
 -1.80663317e-02 -1.33990288e-01  3.51825386e-01 -1.16879949e-02
 -2.01047301e-01 -7.75784627e-02  2.69322306e-01  7.82182068e-02
  5.11354208e-02 -3.75298947e-01 -5.96502498e-02 -4.27444540e-02
 -8.71514827e-02 -2.49984920e-01  1.57598734e-01 -1.27585593e-03
 -2.88581282e-01  3.59394103e-02  2.12518815e-02  2.36089174e-02
 -1.20568916e-01 -3.87534291e-01  1.90507229e-02  2.73569077e-02
 -5.90739064e-02  8.34920108e-02  2.39867833e-03  1.63722634e-02
  1.98175982e-01 -8.94768089e-02 -7.37177730e-02 -6.85306415e-02
 -1.17308423e-01 -2.30172679e-01 -5.16086556e-02  1.80467203e-01
 -8.96249190e-02  9.05693322e-02 -9.95650887e-03 -4.35936302e-02
 -1.50987193e-01  2.49542877e-01  2.86253482e-01  1.18978836e-01
 -1.45365587e-02 -1.47914380e-01  1.93450681e-03  2.04712935e-02
  2.88511179e-02  2.90116221e-01  5.85852936e-02 -2.72882044e-01
  2.89789319e-01  9.88666862e-02 -7.39086932e-03  3.37396705e-05
 -1.56810030e-01  1.73285887e-01  1.69064730e-01  1.46856941e-02
 -2.82835484e-01 -9.84673724e-02 -2.44314689e-02  9.94517654e-02
 -3.83915901e-01 -8.26026946e-02 -6.69294372e-02  2.09267467e-01
 -3.88470620e-01 -1.78212989e-02  1.38228193e-01  9.24737304e-02
  1.12573549e-01  1.97218671e-01 -2.39957973e-01 -4.74083088e-02
  1.51212782e-01 -2.67004877e-01 -6.00222440e-04 -1.71138242e-01
 -2.55624726e-02 -1.15351073e-01  1.28519833e-01 -8.51232409e-02
  7.66930804e-02 -9.86637771e-02  4.18194085e-02  1.17982097e-01
  1.26376927e-01  3.15032117e-02  1.03868358e-01 -3.37550282e-01
 -6.40637353e-02  8.25914517e-02 -6.80079386e-02 -2.29777187e-01
  3.31742093e-02 -2.30619162e-02 -4.56034951e-03  6.24292381e-02
  9.74189118e-02 -8.35029706e-02 -2.09201753e-01 -1.80459991e-01
  5.30759571e-03 -3.56523931e-01 -5.23533672e-02 -7.66989067e-02
  2.24144742e-01  2.35996887e-01  2.92821173e-02  1.30163193e-01
  2.27526471e-01 -4.73300740e-02  1.19733298e-03 -1.10083837e-02
 -9.55463573e-02 -1.73548698e-01  2.30315655e-01  2.27397028e-02
 -3.87246348e-02  1.44793198e-01 -1.43427759e-01 -9.32263806e-02
 -1.23802871e-01  1.20927088e-01 -9.87032950e-02  3.02374992e-03
 -2.73375541e-01  2.27732658e-02 -3.68602760e-02  1.16733849e-01
 -1.92658350e-01 -1.80241257e-01 -1.07751012e-01 -7.72641674e-02
  4.14843112e-02 -1.64491683e-01 -1.36610851e-01 -9.95521806e-03
 -2.37824302e-02 -9.11916941e-02 -7.96101764e-02  8.99848435e-03
 -3.78161460e-01  4.11113501e-02 -1.99849591e-01  2.86340386e-01
 -1.18715055e-01  1.13729725e-03 -8.81295428e-02 -5.13847172e-02
  5.89697026e-02  1.95997301e-02  1.30596235e-01 -1.43519878e-01
 -1.66744867e-03  5.60008399e-02  7.88886920e-02  8.94406512e-02
 -3.37383211e-01 -7.59494677e-02 -5.26220016e-02  3.88290584e-02
  1.69465579e-02 -1.80069864e-01  1.00174509e-02  5.07746451e-02
  4.92320657e-02 -2.25074077e-03 -1.39150210e-02 -1.29001915e-01
 -2.40109757e-01  5.88124059e-02  1.99664548e-01 -2.19062597e-01
  7.16436654e-02  2.71358732e-02  1.11387059e-01 -1.10832706e-01
  1.62496176e-02  8.92517343e-02 -3.06335986e-01 -2.50408918e-01
 -1.53452367e-01  9.11147371e-02 -1.29378125e-01  9.28829461e-02
 -2.33326957e-01 -2.99369991e-01  3.73766990e-03 -1.69302206e-02
  2.65331771e-02 -1.40320197e-01 -7.63547886e-03  4.62328643e-03
  4.60555218e-02 -1.26640886e-01 -1.93834439e-01 -1.25443906e-01
  1.04184188e-01 -9.71469283e-02 -4.42570308e-03  3.50277930e-01
 -1.97186425e-01 -3.30216706e-01  3.62070590e-01 -5.79176769e-02
 -1.89705744e-01  2.43584998e-02  2.74914443e-01 -1.25629306e-01
  1.01056002e-01 -1.40749337e-02 -1.06799625e-01 -7.29233474e-02
  1.53600514e-01  1.91596195e-01 -1.07194915e-01  9.65075120e-02
  1.88807204e-01 -9.58277360e-02  2.98202544e-01  2.94885606e-01
  1.48655966e-01 -7.42009804e-02 -2.85661727e-01  6.71871156e-02
  2.84544110e-01 -2.22925730e-02 -6.71498924e-02 -8.26504175e-03
  4.69110012e-02  1.05217367e-01  4.55560386e-02 -1.70817256e-01
  1.49250060e-01  6.77865595e-02  1.15925096e-01  1.13580436e-01
  2.65109316e-02 -4.64815237e-02 -3.47936116e-02 -1.33900598e-01
 -3.06119621e-01  9.43016782e-02 -6.95604384e-02  1.07047431e-01
  1.48466527e-01 -1.76456779e-01  8.80602375e-02  1.27485350e-01
 -2.36486450e-01  3.77455093e-02 -2.19168305e-01  1.38783827e-03
  1.85605735e-01  2.48048678e-01  1.20723352e-01 -4.74746414e-02
  2.43663620e-02  2.18078300e-01  3.87982689e-02 -3.63257974e-02
  9.23532993e-02 -1.32327480e-02  1.05401911e-01 -2.20344141e-02
 -3.18448879e-02 -1.36125579e-01  3.06616068e-01 -7.15564191e-02
 -1.30926445e-01  1.38456207e-02 -5.60195604e-03  2.14643762e-01
 -2.69412130e-01  1.48244634e-01  1.52676970e-01  1.72949448e-01
 -9.98975337e-02  1.68241844e-01  8.18845779e-02 -1.46815348e-02
  9.37031731e-02 -1.77030832e-01 -4.49999943e-02  7.24172220e-02
  1.43778220e-01 -1.61613882e-01 -8.44815895e-02 -1.50082260e-01
  3.06203421e-02  2.17966631e-01  1.30973682e-02 -1.76722974e-01
  1.27405584e-01 -3.00376471e-02  3.03395778e-01  8.94972309e-03
  3.69320624e-02  1.53796449e-01  4.41677589e-03 -2.28909239e-01
 -2.14580983e-01  1.05538657e-02  2.87805200e-01  3.57810587e-01
  1.88504368e-01  1.47749513e-01  1.86557040e-01 -1.51303157e-01
 -1.13199793e-01 -1.62358746e-01  1.33111984e-01  2.79704958e-01
 -4.06297669e-02 -1.76632211e-01  1.26242384e-01  1.91435769e-01
  2.32751325e-01 -1.66209862e-01 -2.30481871e-03 -9.92974341e-02
  4.28412966e-02 -5.76315559e-02 -1.70384139e-01  4.73810509e-02
  3.36655080e-01 -1.48956269e-01  1.16288707e-01  2.48283714e-01
  4.71945889e-02 -2.41565611e-02  2.76099831e-01  2.31383920e-01
  2.22198561e-01 -5.59977666e-02  1.58530369e-01  6.15558438e-02
  9.27100033e-02  1.71717197e-01 -1.94979563e-01  1.38695374e-01
 -4.26453859e-01 -2.71722883e-01 -8.34463686e-02 -2.84569621e-01
 -3.16192240e-01  1.55936778e-02  1.28562283e-03  1.35957062e-01
  2.80748546e-01 -2.14559529e-02  1.61322027e-01  7.41936788e-02
  3.10758129e-02  2.02182874e-01 -1.49970025e-01 -2.36845881e-01
  2.17204049e-01 -7.76127428e-02  1.01107135e-01  7.98399821e-02
  3.49951684e-02 -6.54307902e-02  1.42944723e-01 -1.71308473e-01
  6.35252893e-02 -1.21726491e-01  7.72525966e-02 -1.37811854e-01
  4.64822948e-02  6.50783926e-02  1.90322861e-01 -2.82451630e-01
  3.27401310e-02 -2.87262369e-02 -2.25502718e-02  1.84068441e-01
  6.62075430e-02  5.21171023e-04 -1.12324648e-01  3.10755283e-01
 -1.72200978e-01 -1.12275004e-01 -7.59057584e-04  5.14097214e-02
  1.11633562e-01 -1.69867754e-01 -2.02121690e-01  1.23115718e-01
 -1.28455475e-01  6.17141835e-02  2.72975937e-02  1.02237158e-01
 -1.57143753e-02 -1.95258379e-01  1.32656023e-02  2.31170997e-01]