http://erau.edu/ontology/meme.owl#JustAsPlannedMeme
[-8.40935633e-02 -1.41022980e-01  1.10416383e-01  3.56014557e-02
  3.97143103e-02  5.87088503e-02  1.16498075e-01 -4.06902581e-02
  3.10231596e-02 -1.40585974e-02  1.18774079e-01 -6.36164621e-02
 -3.28993946e-02 -8.27132899e-04 -1.31605774e-01  1.34661943e-01
  4.06375043e-02  2.06474274e-01  4.63951081e-02  5.95204458e-02
 -7.36158937e-02  9.70597714e-02  1.16026536e-01 -6.30004257e-02
  1.63410366e-01  7.46682957e-02  1.18410558e-01 -1.90184504e-01
  1.79555312e-01  1.32422462e-01 -1.12728560e-02  9.26930979e-02
  1.08635833e-03 -4.53178808e-02 -1.52941838e-01  2.36575142e-01
 -1.22526497e-01 -1.15188137e-02 -1.27396867e-01 -1.97793379e-01
  3.97152901e-02  9.81337875e-02 -1.45014524e-01 -1.03358142e-01
  1.88980084e-02  1.99301213e-01  3.60303521e-02 -1.24638841e-01
  4.31966297e-02 -1.77093726e-02  9.23614055e-02  8.65223259e-03
 -8.55504870e-02 -8.43564719e-02 -9.15145501e-02 -3.38150859e-02
  5.59418835e-02 -9.27176401e-02  4.81264293e-02  1.26614630e-01
  6.18856912e-03 -1.16946302e-01  2.51712203e-01  7.12305382e-02
 -1.55003309e-01 -1.21689230e-01 -1.07410170e-01 -7.26321414e-02
 -4.11469154e-02 -2.11596251e-01 -1.08999923e-01  1.04725383e-01
  7.83106461e-02  4.83767577e-02  6.19128458e-02  1.39490947e-01
 -9.01404172e-02  1.41513413e-02  2.15274662e-01  1.27761275e-01
  4.13263552e-02 -6.71685934e-02 -5.73412441e-02 -1.69212162e-01
  1.16074286e-01 -5.31731769e-02 -4.14994992e-02  9.16178897e-02
  1.94889694e-01  6.57288656e-02 -2.84042326e-03 -3.01457584e-01
  2.25117892e-01 -7.08591938e-02 -1.93179369e-01  6.58710822e-02
  2.66276039e-02  1.15275159e-02 -9.86255407e-02 -2.87785772e-02
  1.06516451e-01  1.38152204e-02  3.15194100e-01 -1.07958294e-01
  5.39900586e-02  8.45103860e-02  1.47812352e-01  1.20214336e-02
 -2.74310224e-02 -1.74845293e-01 -5.88042149e-03 -4.15268773e-03
 -4.84440178e-02 -2.39813104e-02  2.10512206e-01  2.51889825e-02
 -2.39632711e-01 -1.36212677e-01  7.98525810e-02 -6.30401075e-02
 -5.95517829e-02 -5.05971089e-02  4.97155041e-02  5.54411747e-02
  4.92599197e-02 -1.59977153e-02 -7.28723630e-02  1.05108703e-02
 -3.13870423e-02 -1.69776320e-01 -2.37836108e-01 -8.56807157e-02
 -1.46086544e-01 -8.72461274e-02 -5.18228114e-02  8.33514035e-02
 -1.25212222e-01 -8.57069865e-02 -5.67909144e-02 -2.14243662e-02
 -3.05119932e-01  1.46103613e-02  1.09400988e-01  4.20365855e-02
  1.54655620e-01 -7.39342049e-02 -9.33704376e-02 -1.13809265e-01
  1.40430784e-05  1.51333749e-01 -1.11791771e-02 -1.51182532e-01
  1.80319641e-02 -5.37472628e-02 -9.14697051e-02 -3.42694186e-02
 -2.07753792e-01  1.10633500e-01  5.86319715e-02 -1.45216897e-01
  1.68646928e-02 -2.57583708e-01 -8.25022459e-02  2.07628198e-02
 -1.98778927e-01 -1.54835254e-01 -1.22997813e-01  1.92110628e-01
 -1.83440343e-01  1.88304689e-02  3.32296602e-02  1.61501110e-01
  2.42438704e-01  1.15825780e-01 -7.37888813e-02 -5.76246679e-02
  1.17721595e-02 -5.60037047e-02  1.69389680e-01 -5.83719499e-02
 -9.38727707e-02  9.35388729e-02  8.23997557e-02 -1.16921579e-02
 -2.74608806e-02 -6.07028641e-02  6.31426349e-02  1.23817511e-01
  1.40213475e-01 -1.52401984e-01  1.19047001e-01 -5.23624057e-03
 -2.39619687e-01 -4.79728356e-02 -1.44499198e-01 -9.08452347e-02
  2.86295284e-02  2.29086876e-01 -8.01982582e-02  2.60205884e-02
  7.03417435e-02 -3.97808962e-02  1.34014934e-01 -1.33506238e-01
 -9.04894546e-02 -2.89972097e-01 -2.91570486e-03 -9.08743963e-02
  2.05059841e-01  1.25910059e-01  1.23004690e-01  9.48162600e-02
 -4.20581512e-02 -9.51765254e-02  1.47953779e-01 -3.88534516e-02
 -1.21542737e-01 -2.08533660e-01  2.16983050e-01  7.24292919e-02
  1.85378626e-01  2.69541651e-01 -9.74875689e-02 -3.00669181e-03
 -8.61670524e-02 -1.66767538e-01 -1.90271050e-01  1.44854106e-03
 -4.56816591e-02 -1.89130362e-02 -1.01318788e-02  2.68716235e-02
 -8.84263813e-02 -1.32371515e-01  1.44861611e-02 -2.37394273e-02
 -9.14803296e-02 -1.24975502e-01  7.44998679e-02 -7.82960504e-02
  9.15349722e-02 -5.10527343e-02 -1.51121579e-02  3.49332429e-02
 -1.80501163e-01 -9.60906502e-04 -2.15992153e-01 -1.27438074e-02
 -1.70301005e-01  6.93848580e-02  1.27569392e-01 -6.27111318e-03
  1.76443338e-01  4.58292291e-02  2.71750838e-01 -8.24729577e-02
 -1.50316628e-02  4.96218801e-02 -7.67069533e-02  1.37612179e-01
 -1.55361503e-01 -4.01121154e-02  3.52694541e-02 -6.16527461e-02
 -2.61723567e-02 -1.79566771e-01  1.16694309e-01  3.32628712e-02
  1.75300643e-01 -1.18553072e-01  4.47243340e-02 -8.49306360e-02
 -8.28008726e-02  5.79362549e-02  1.00933135e-01 -1.47337213e-01
  1.90151125e-01  5.62400138e-03  6.07692078e-03 -1.76028609e-02
  1.06078118e-01  2.00771838e-02 -1.37474656e-01 -1.30322665e-01
 -3.77227888e-02 -2.15707570e-02 -1.95151135e-01 -6.60015494e-02
 -6.17444962e-02 -4.72984836e-02  7.44580254e-02 -2.86022108e-02
  1.00118645e-01 -1.46185681e-01  1.00626677e-01  3.92129645e-02
  1.69430315e-01  2.65346896e-02 -1.57931864e-01 -1.97250426e-01
 -1.10390484e-01  6.72595650e-02 -2.97325812e-02  9.55118015e-02
  5.58403023e-02 -4.96489294e-02  1.40658841e-01 -7.24301487e-02
  1.15496702e-01  2.64472496e-02 -1.33137451e-03 -2.34368786e-01
 -1.73552497e-03  6.60997331e-02 -5.93028925e-02 -1.54163064e-02
  1.79884210e-02  9.00787339e-02 -4.76643369e-02 -2.17786189e-02
  2.74214782e-02 -1.42878652e-01  1.97516739e-01  1.50924399e-01
 -1.87858511e-02  2.13975459e-02 -1.90509304e-01 -7.17870817e-02
  2.13528216e-01 -5.17670326e-02  6.89240992e-02  1.59392491e-01
  1.44124240e-01  1.10180816e-02  2.07482204e-02 -1.39361918e-01
  1.07022353e-01  1.38007715e-01 -1.26881346e-01  5.81536368e-02
 -3.83412503e-02  3.63293514e-02  9.84711647e-02  4.79796343e-02
 -1.40271872e-01 -6.43846020e-02 -2.89157424e-02  2.06528857e-01
 -3.20113525e-02 -1.78609043e-01 -8.35144073e-02  1.79809481e-01
 -5.11450656e-02  1.30896587e-02 -1.38510019e-01  9.88716930e-02
  2.63755745e-03  2.01426055e-02  2.48321027e-01  6.93483278e-02
 -7.05474168e-02  1.37230337e-01 -1.29501335e-03  1.82411429e-02
  4.68879342e-02 -2.06870273e-01 -2.16418151e-02  1.06888659e-01
 -4.95594330e-02  6.40847012e-02 -3.73270288e-02  9.73906294e-02
 -1.58916727e-01 -1.29277393e-01  3.62145416e-02 -2.06670202e-02
 -4.40788940e-02  3.92160192e-02  3.64359841e-03 -2.90891174e-02
  1.18274592e-01  2.47646570e-01 -3.75457369e-02 -8.94195959e-03
  1.03408895e-01 -2.34198086e-02 -4.04917635e-02  1.53990969e-01
 -7.35785887e-02  2.06952747e-02 -1.17804281e-01  8.19812492e-02
  1.04976958e-02  2.00707596e-02  4.82051708e-02 -1.72760814e-01
  6.74911067e-02  2.46163756e-02 -3.20135802e-03  8.91902018e-03
 -6.39241538e-04 -3.56352516e-02  7.16444757e-03 -2.08408404e-02
  7.61547759e-02  1.50734223e-02 -3.01425140e-02  2.24536862e-02
  1.95924312e-01  1.10796809e-01  1.93273261e-01 -1.60153672e-01
 -1.59800947e-01 -1.61661953e-01  5.22701368e-02  8.22558850e-02
 -4.48344322e-03 -1.07230591e-02  2.08080676e-03  6.47427812e-02
 -2.38086283e-02 -1.07453413e-01  5.78589924e-02  3.23431450e-03
 -1.03243038e-01 -2.08812833e-01 -4.89894487e-02  9.21924226e-03
  1.51318043e-01 -5.28338403e-02  1.24267504e-01  2.51857162e-01
  5.77651039e-02 -1.14303805e-01  1.62736058e-01  1.85218856e-01
  2.49694777e-03 -1.38420150e-01  4.05661874e-02  1.11029990e-01
  6.30624667e-02  1.29678145e-01 -7.33923838e-02  2.13253781e-01
 -3.79740655e-01 -1.11907825e-01 -1.19114198e-01 -1.07725896e-01
 -1.10130221e-01  1.21786810e-01  6.24453695e-03  5.06589338e-02
  2.42219135e-01 -7.41116107e-02  1.27293169e-01 -3.35325412e-02
  1.14899881e-01  7.74798766e-02 -2.56806263e-03 -2.77030114e-02
  2.11776316e-01  7.06010386e-02  1.83275744e-01 -9.99891013e-02
 -2.82330904e-02  7.86277056e-02  5.90985687e-03 -1.05116948e-01
 -1.21932700e-01  5.88563234e-02  5.53054400e-02 -2.15725657e-02
  1.38493970e-01 -3.18371691e-03 -1.54693192e-02 -1.36296138e-01
  9.20731295e-03 -1.01124972e-01  9.07759741e-02  8.67979750e-02
 -3.11525026e-03 -6.50225878e-02 -6.98270053e-02  2.02895492e-01
 -1.50594458e-01 -1.18523374e-01  1.33507058e-01 -9.91678834e-02
  9.44751650e-02  1.03110492e-01 -5.04127257e-02  1.48849338e-02
  2.00297702e-02  1.14274211e-01  8.82708877e-02  2.61768233e-02
  2.61091478e-02  2.39660274e-02  1.13156170e-01  1.38262495e-01]