http://erau.edu/ontology/meme.owl#MoustairMeme
[ 1.41890394e-02 -1.88168675e-01 -2.76827980e-02  1.94001831e-02
  1.35422749e-02  1.86287910e-01 -6.01338074e-02 -7.85849020e-02
  7.91172385e-02  9.69241410e-02  4.24934588e-02 -2.39032321e-02
 -2.45317165e-02 -5.21761226e-03 -3.89761440e-02 -5.76112196e-02
  8.40346292e-02 -3.16153876e-02 -6.39842004e-02 -2.60604676e-02
 -1.75860357e-02  7.67399743e-02  3.80895275e-04 -3.84704992e-02
  1.70261219e-01  3.56258117e-02 -4.70721582e-03 -5.44646792e-02
  1.01739928e-01  2.10208356e-01 -1.26320859e-02  4.04110290e-02
  5.23698181e-02  6.67861477e-02 -3.87363099e-02  1.53163046e-01
  2.49245530e-03 -5.88254519e-02 -2.00804964e-01 -1.07293520e-02
  1.24761783e-01  1.39246687e-01 -1.39104292e-01  9.13354158e-02
  2.00156979e-02  9.11190435e-02  6.38331100e-02 -2.62235522e-01
  9.75997280e-03 -1.47666320e-01 -7.87782222e-02  1.00060456e-01
 -3.18098143e-02 -2.26607233e-01 -1.52976453e-01 -4.09410670e-02
  1.32354451e-02 -1.15587071e-01  2.99202412e-01  6.47840649e-02
  1.31710336e-01  6.25329316e-02  1.68767288e-01  1.24020211e-01
 -4.15259227e-02 -3.26250196e-02 -2.37107761e-02 -1.36787593e-02
  1.56152118e-02 -1.07431613e-01 -9.77336615e-02 -7.45615438e-02
 -2.84292805e-03  8.12112018e-02  4.24795933e-02  3.26954909e-02
 -1.39474317e-01 -1.87366173e-01  5.75886481e-02 -2.27764063e-02
 -9.81443971e-02 -1.83179587e-01 -1.46573231e-01 -1.46370485e-01
  4.70359661e-02 -7.31405094e-02 -4.42914926e-02 -4.26135585e-02
  8.48308858e-03 -3.99519131e-02  3.19328196e-02 -1.79521650e-01
  5.43694012e-02  3.93877253e-02 -1.00157008e-01  2.07489491e-01
  4.36434336e-02 -5.99719882e-02 -1.09114490e-01  1.97517928e-02
  6.27983212e-02  1.09068215e-01  2.88227677e-01 -9.40341204e-02
  3.24729122e-02  2.18841299e-01  7.49565959e-02 -8.29593539e-02
 -1.04922265e-01 -1.00134566e-01 -1.15720078e-01  1.19902164e-01
  1.17130592e-01 -4.32236865e-02  1.63098827e-01 -3.61185074e-02
 -2.61809856e-01 -2.20161468e-01 -3.35674994e-02  3.75809446e-02
 -1.65740445e-01  2.59279218e-02 -5.42899966e-02  9.93953794e-02
  2.66004838e-02  5.25019430e-02  3.06991860e-02 -5.89148924e-02
  5.76351210e-02 -3.54016409e-03 -2.32482851e-01 -1.30892098e-01
 -5.48861027e-02 -2.29207166e-02 -1.05438434e-01  1.42009422e-01
 -6.95470721e-03 -7.02454336e-03 -2.05766335e-01  1.22812921e-02
 -2.54933059e-01  2.01805696e-01  1.41899318e-01  3.16959359e-02
  2.32756525e-01 -8.94775689e-02 -1.38206050e-01 -9.30083822e-03
 -1.90846100e-01 -7.38784298e-02 -1.01518827e-02 -1.22742571e-01
 -2.50893906e-02 -8.15165788e-02  1.66825458e-01  1.89091429e-01
 -2.25688845e-01  6.02138378e-02  9.64673534e-02 -2.19425842e-01
  1.20103307e-01 -5.73546402e-02  2.04163976e-02  2.00224277e-02
 -2.71111280e-01  3.46060060e-02  3.68710235e-02  4.12071526e-01
 -1.84303969e-01  1.40194386e-01  4.60550226e-02  6.74987435e-02
  6.23400509e-02  1.16233394e-01 -5.71117848e-02  7.48068653e-03
  4.96316552e-02  2.57681403e-02  1.34111136e-01 -2.12899223e-02
 -1.83823675e-01  8.20557550e-02 -4.56130579e-02 -6.53758496e-02
 -6.99120313e-02  9.65924561e-02  3.54376831e-03  1.67704359e-01
 -1.96564407e-03  5.07579409e-02  1.72519192e-01  4.03102487e-03
 -1.21074669e-01 -1.34386823e-01 -8.36332422e-03 -8.40861201e-02
 -5.59282564e-02  1.52713984e-01  6.71553984e-02 -4.57170121e-02
 -6.63514957e-02 -5.88931702e-02  1.25504032e-01 -4.89994586e-02
 -1.82847172e-01 -2.48271927e-01  6.72571361e-02 -2.13360891e-01
  4.74529117e-02  5.74087724e-02  1.91995665e-01  1.34475186e-01
 -3.57334651e-02 -1.40777358e-03  1.19120376e-02 -4.95059490e-02
 -7.02921748e-02 -1.07341014e-01  2.84141779e-01  4.37433198e-02
  8.16356614e-02  1.83868065e-01 -1.18388414e-01  1.48572505e-03
  1.10610507e-01 -3.82615440e-02 -1.77338257e-01  3.80901508e-02
 -1.00199111e-01  3.32018510e-02  2.21390650e-02  5.80312125e-02
 -1.54030956e-02 -3.00186306e-01 -9.95280743e-02 -4.81776185e-02
 -8.43537226e-02 -1.22627370e-01  6.59609511e-02 -9.06545222e-02
  1.19570289e-02 -1.54980987e-01 -1.24420831e-02  1.15845422e-03
 -3.09493572e-01 -1.47548571e-01 -2.01929033e-01  4.12355028e-02
 -5.81721636e-03  1.37858078e-01  1.24722630e-01  7.60155618e-02
  9.19424221e-02  4.63005081e-02  2.57344097e-01 -6.69862702e-02
 -1.91145599e-01  4.91267629e-02  5.45077808e-02  1.34485677e-01
 -2.21903697e-01 -2.09693953e-01 -1.09150680e-02 -3.12681288e-01
 -7.13232383e-02 -2.83871055e-01 -8.57771710e-02  1.40538201e-01
  1.38804272e-01 -2.61766702e-01 -1.22683614e-01 -2.04930663e-01
 -1.06152529e-02 -2.39698216e-02  1.47180278e-02  9.56571195e-03
  1.39506431e-02 -7.02560619e-02 -3.37604992e-02  2.75519434e-02
  2.67986000e-01 -1.63199399e-02 -1.20852664e-01 -1.35243446e-01
 -2.03333914e-01  1.16318792e-01 -1.61322013e-01 -3.71529423e-02
  2.53860001e-02  2.82728858e-02  8.44614431e-02 -2.27866292e-01
  1.59900114e-01 -8.14694688e-02 -5.84011413e-02 -7.23386481e-02
  1.57007277e-01 -1.20892622e-01 -2.95205384e-01 -2.19605520e-01
 -3.01679760e-01  1.02980517e-01 -8.98647159e-02  3.70857343e-02
  6.01606630e-02 -4.29262891e-02  2.86705606e-03 -5.36266901e-02
 -2.03330684e-02  1.42710984e-01  2.59510607e-01 -2.04971969e-01
 -9.92807671e-02 -1.79755464e-02 -7.10378662e-02  9.02979895e-02
 -8.94956738e-02  1.05940424e-01 -5.22759892e-02 -1.47804385e-02
 -2.21591573e-02 -9.60952044e-02  2.84452528e-01  1.35330319e-01
 -7.00596124e-02  1.41208023e-01 -3.32465582e-02  2.17358693e-02
  1.82068080e-01  5.46647534e-02  1.75560445e-01  4.09756005e-02
 -3.27553786e-02 -2.17635795e-01  3.36567424e-02 -1.75165832e-01
  1.60726994e-01  9.05251130e-02 -3.93053005e-03  5.37266433e-02
  1.24608735e-02 -2.70873215e-02 -2.99301259e-02 -1.33523434e-01
 -7.02652335e-02 -1.81164354e-01  3.50297615e-02  1.78960741e-01
 -3.35129686e-02 -2.04446435e-01 -3.59841883e-02 -1.01011936e-02
 -9.71798822e-02  1.06767237e-01 -1.49939775e-01  1.35100707e-01
  1.59438744e-01  5.00294454e-02  3.55219483e-01 -1.59719497e-01
 -7.69225061e-02  1.67485371e-01 -4.58992608e-02 -2.23770589e-02
  1.12065673e-02 -1.38021007e-01 -1.83830097e-01  9.36870873e-02
 -2.27508266e-02  1.45625500e-02 -1.34095561e-03 -1.50055379e-01
 -3.97351205e-01  2.17984706e-01  1.57382358e-02 -1.04574822e-01
 -1.43447265e-01  9.54869762e-02 -1.68857291e-01 -9.24445391e-02
  1.49556234e-01  3.11609328e-01 -2.00834602e-01 -1.47023931e-01
  8.95010084e-02 -6.61999062e-02 -9.59158316e-02  1.48172945e-01
 -4.76796813e-02 -1.60324320e-01 -1.77258197e-02  6.55450523e-02
 -2.62948684e-02  1.40233859e-01 -1.77198589e-01 -1.06739447e-01
  6.50160983e-02  1.82427973e-01  3.53927135e-01 -1.30407482e-01
 -5.19745834e-02 -1.27927810e-01 -1.14067219e-01 -2.22613573e-01
 -5.47549352e-02  9.33129415e-02  4.56217341e-02  3.68224621e-01
  2.04839259e-01  6.09832220e-02  2.60621160e-01 -2.98321515e-01
 -6.79672509e-02 -1.24456346e-01 -6.93679079e-02  1.94562763e-01
 -1.28739029e-01 -9.35420990e-02 -1.47658084e-02  1.11592412e-01
 -1.49686662e-02 -1.26090012e-02 -3.55956107e-01 -5.73430136e-02
 -3.34113874e-02 -2.76105255e-01 -1.13234222e-01  2.06023172e-01
  1.68608770e-01  2.66907439e-02  1.74625739e-01  3.30374181e-01
  1.16720974e-01 -1.76703230e-01  3.25255752e-01  2.92222649e-01
 -5.20037636e-02 -1.18768722e-01 -1.36038696e-03  1.43228188e-01
  1.89655110e-01  7.86953885e-03  1.92857964e-03  3.24876428e-01
 -1.89649925e-01 -6.03791624e-02 -2.97643900e-01 -2.50844121e-01
 -3.63089852e-02  1.10297255e-01  9.43266153e-02  1.96264371e-01
  1.53029069e-01 -3.33095267e-02  3.48537326e-01 -5.67161739e-02
  1.44670352e-01  8.28971490e-02  5.36040440e-02 -1.00927606e-01
  2.62628138e-01  1.21507317e-01  1.38062701e-01 -1.37721850e-02
 -5.98564260e-02  7.36200809e-02 -9.06316787e-02 -1.04566336e-01
  1.35171786e-02  1.00521833e-01  1.61204591e-01  1.50559425e-01
  1.20239325e-01  2.61629764e-02  9.67383087e-02 -1.54019088e-01
  3.62575166e-02 -6.80479780e-02 -9.61164832e-02 -5.05067874e-03
 -7.70369321e-02 -6.07088208e-02 -6.88828900e-02  2.41578251e-01
 -1.12352148e-01 -1.34627983e-01 -9.48391706e-02 -5.07462993e-02
  8.02126974e-02 -7.66479149e-02 -2.51307219e-01 -1.03043944e-01
 -4.94407825e-02 -8.04067403e-02  1.16202071e-01 -1.86694227e-02
 -3.26588564e-02 -8.21402445e-02  2.23693773e-01  1.02097124e-01]