http://erau.edu/ontology/meme.owl#VanossGamingMeme
[-0.01501053 -0.02817592 -0.03378846  0.15331475  0.01327054  0.06126675
  0.0321816  -0.00892412  0.06339677 -0.00196899  0.08843976 -0.06172863
 -0.07101154  0.07855207 -0.11300383  0.01345938  0.02825277  0.01614519
 -0.10570814  0.16841356 -0.12919237  0.08244939  0.06565779 -0.11084115
  0.05452442 -0.1491757  -0.05233923  0.00166939  0.21093239  0.11697033
  0.21980458  0.11325738  0.12780166  0.00877338 -0.00660334  0.14872241
 -0.0158805   0.02156969 -0.00624936 -0.07254185 -0.11171789  0.1642463
 -0.20315573 -0.06291     0.08732855  0.02325296 -0.00404091 -0.1143772
 -0.02137343 -0.01945688  0.13654113 -0.02965109 -0.10163788 -0.0878192
 -0.10393534  0.02211205  0.1303041  -0.24879996  0.06235931  0.04506606
  0.10922287 -0.07673328  0.09934572  0.10824005 -0.08248167 -0.14205189
 -0.04569626  0.01009664 -0.10781872 -0.06369656 -0.11491246  0.08819011
  0.10483977  0.08698662  0.03347379  0.09806938 -0.12718879  0.01402462
  0.02368928  0.00939272  0.03262552  0.01362524 -0.02449679 -0.16584466
  0.10472991 -0.00559002 -0.10239165 -0.0049198  -0.01148705 -0.08758934
 -0.0698571  -0.19790798  0.06106401 -0.07846387 -0.02809807  0.03430013
 -0.0938428  -0.09849223 -0.14741434  0.0800791   0.13744798  0.03493792
  0.2656269  -0.00410461 -0.05416671  0.04068711  0.17297588  0.08072352
 -0.05881624 -0.09168485  0.04537318  0.08903831  0.06660911 -0.03740593
  0.13467605  0.03029144 -0.20657632  0.0300489   0.06378248  0.0039621
 -0.06104052 -0.0363244  -0.11441372  0.0718646   0.25220415 -0.0238665
  0.0525885   0.03659584  0.02461748 -0.11965568 -0.2603806  -0.04475078
 -0.07315237 -0.12003909 -0.02003997  0.1765461  -0.14858119  0.04324991
 -0.16948794  0.00973305 -0.21798415  0.01428143  0.29164314  0.05635953
  0.08303868 -0.18800506  0.05003848 -0.10085824 -0.13733776  0.07551929
  0.05105043  0.01451999 -0.10185304 -0.02598858 -0.0629124   0.01496664
 -0.15455472  0.2515804   0.00377898 -0.12389299  0.03448361 -0.1301001
 -0.01443568  0.04964813 -0.27081507 -0.01067122  0.07591587  0.29075715
 -0.2838354   0.08359173  0.02964108  0.2712942   0.23544075  0.1275258
 -0.1357056  -0.08346269 -0.01920101 -0.02529164  0.05890622  0.03067815
 -0.10083099  0.13842858 -0.02317447 -0.01275463 -0.00595859 -0.04097024
  0.19282874  0.12982032 -0.061442   -0.17021538  0.02362766  0.01518632
 -0.07696391 -0.13432322  0.06713099 -0.10624167 -0.02440766  0.215949
  0.07291531 -0.06314627 -0.03779164  0.00511845  0.08842052  0.04184672
 -0.10546803 -0.22686955 -0.12296335 -0.07235759  0.15442526  0.14400317
  0.20294155 -0.00123435  0.0391585   0.00903783 -0.02885155  0.00197625
 -0.05855566 -0.05078612  0.15794474  0.02281883  0.00511454  0.20203169
  0.01259538  0.11996137 -0.00099799 -0.03447752 -0.06739403  0.05610002
 -0.18624642  0.11056007 -0.00226747  0.07158431 -0.07310975 -0.26272956
 -0.08485888  0.03124277 -0.08720401 -0.09841753  0.01149433  0.0537949
 -0.04241466 -0.03128139  0.0386351   0.01867764 -0.22490947 -0.11933039
 -0.20400648 -0.01461109  0.01682017  0.05539961  0.01147121  0.0870036
  0.0918524  -0.01272405  0.29184535 -0.04936293 -0.04958791  0.04316768
 -0.12846494  0.03394971 -0.1975998  -0.08942703 -0.01884702 -0.11968863
 -0.14077507 -0.06499069  0.2240418   0.04481123  0.02043313 -0.01166709
 -0.11550995 -0.02559444 -0.00799275  0.00113003  0.00094082 -0.02094133
  0.06382649 -0.00210583  0.01745552  0.02687509  0.020045    0.11788823
 -0.05305987 -0.03713914 -0.05024984 -0.01993936 -0.15230058 -0.04171539
 -0.00832315 -0.00818346  0.09269616 -0.10842506  0.06944813  0.02732599
 -0.01137197 -0.0572027   0.06049796  0.05845099 -0.06461348 -0.01846475
 -0.09153243 -0.00209802  0.01296577  0.02065715  0.01302637  0.0035952
 -0.02209307  0.01554627 -0.14274684 -0.12490312  0.09834199 -0.10940174
 -0.15315959 -0.18572517 -0.11394957  0.05775148  0.06679554  0.0367812
 -0.05963669 -0.03260488  0.03969127  0.02054007  0.14280157  0.11109119
  0.01201256 -0.023988   -0.09082712 -0.06635039  0.04010293  0.04915029
 -0.01739646 -0.06763394 -0.06238209 -0.15453823  0.11998724 -0.20601411
  0.11757622  0.10096444 -0.01680666 -0.07718038 -0.05655293  0.06956514
 -0.10984506 -0.09774878 -0.13692233  0.00403751  0.02025194  0.11170163
  0.01274581 -0.11900315 -0.02603346  0.1853092  -0.09965884  0.04733696
 -0.08883402  0.05232286  0.0476677   0.11499727  0.13579912 -0.08710077
 -0.01527473  0.18810996 -0.07516378 -0.00401918 -0.01590899 -0.03422192
 -0.07786882  0.14302734  0.07327378 -0.04463028 -0.04776792 -0.09767373
 -0.3421603   0.13868952  0.05600996 -0.00151875 -0.04016512 -0.02048507
 -0.10410374 -0.09675649  0.07837372  0.25418714 -0.1178794  -0.17930697
  0.04523874 -0.13859726 -0.20369595  0.134252   -0.17872578 -0.16694973
  0.09805381  0.09725228 -0.09236825  0.3380351   0.01905984 -0.17355244
  0.09193363  0.04867794  0.47825503 -0.14670588 -0.13224077 -0.23854592
  0.13285817 -0.2141419  -0.12240058  0.09398767 -0.13414192  0.42202234
  0.1842513  -0.06101531  0.15292871 -0.22364984 -0.08032139  0.01224906
 -0.08822275  0.10472915 -0.20238909 -0.11408433 -0.09403041  0.11572264
  0.13608688 -0.07868807 -0.16720761 -0.06132962 -0.05177467 -0.23233293
  0.01095036  0.10120503  0.17804545 -0.00874178  0.18332009  0.21632908
  0.19461256 -0.16089143  0.19293456  0.299622    0.19259615 -0.22509241
  0.08311872  0.1810439   0.06401943  0.0101277  -0.05343474  0.28145412
 -0.27177206 -0.04630287 -0.24690594 -0.04561321 -0.08773045  0.11976878
 -0.07766702  0.10099036  0.23726456 -0.05565386  0.27236032 -0.03492543
  0.22664101 -0.00124789 -0.02678004  0.0441908   0.12597829  0.09933698
  0.08943602 -0.02221313  0.07101807  0.24824938  0.05492794 -0.07268268
 -0.03166975  0.09018094  0.24379413  0.04142468  0.1320819   0.15636145
  0.03805378 -0.11662801  0.11401504 -0.2548051  -0.16104092  0.14372179
 -0.02394011 -0.03028642  0.09905043  0.12248979 -0.18026692 -0.10005744
 -0.09802393 -0.08038705  0.14340709 -0.02116569 -0.14668013 -0.09814575
 -0.06197122  0.09939849  0.06899471 -0.07182779 -0.05867578 -0.1781965
  0.06482408 -0.00169162]