http://erau.edu/ontology/meme.owl#ExpressionMemeSemanticTag
[-9.83490497e-02 -4.89651831e-03  6.91787153e-02  1.26613125e-01
  4.92869504e-02  4.85877618e-02 -7.74045363e-02  3.43128927e-02
  9.31627974e-02 -2.19217852e-01 -1.16827294e-01  2.69264847e-01
  1.96217120e-01  1.55660167e-01 -5.96340932e-02 -1.78603426e-01
 -9.70036015e-02 -6.60274029e-02  3.14936973e-02 -4.80627641e-02
 -7.60552427e-03  1.61123827e-01 -3.52408662e-02  1.35310367e-01
  3.16338837e-02 -1.80497408e-01 -7.43044959e-03 -1.98619720e-02
  3.97778451e-02 -7.14655370e-02 -2.14174271e-01 -7.14770928e-02
 -1.49811760e-01 -2.59966999e-02 -1.21855475e-01  4.85334247e-02
 -1.50135711e-01  1.19671024e-01  4.48516756e-02  2.34056473e-01
  7.40458965e-02  2.80545074e-02 -2.56527483e-01 -3.23779956e-02
 -2.13583916e-01 -5.45176901e-02  7.46637359e-02 -1.69535786e-01
  4.77344655e-02 -1.69950202e-01 -2.94456840e-03  1.62948057e-01
  2.03387067e-01  8.27286206e-03 -1.79527223e-01  2.31377453e-01
 -7.90750608e-02 -1.74569972e-02  1.05095550e-01  1.72586277e-01
  1.77692801e-01 -1.62393808e-01  1.89801734e-02  3.75416465e-02
 -5.56210503e-02 -4.61069047e-02 -1.15132719e-01 -6.59254789e-02
  1.01650901e-01 -9.83185992e-02  1.42897651e-01 -1.94196552e-02
 -2.30379775e-02 -1.39908036e-02 -2.05351949e-01 -8.02008957e-02
 -3.74975316e-02 -1.13800071e-01 -2.89546791e-02 -1.14643425e-01
  1.45967633e-01  1.79827765e-01 -2.61222661e-01 -1.00762874e-01
 -5.30683361e-02  9.14878119e-03  1.27419859e-01  4.78694774e-02
 -2.06343755e-02  2.57015765e-01 -9.99005288e-02 -8.85798689e-03
 -2.08589002e-01 -2.50549093e-02  5.38708530e-02 -8.18129703e-02
 -5.59770279e-02  2.58595467e-01  2.30988357e-02 -1.98647454e-02
  9.55568328e-02 -5.17322533e-02 -8.28645304e-02  2.86672935e-02
  1.33545578e-01 -1.12216324e-02  7.62919337e-02  1.82474151e-01
  1.03355430e-01 -1.43018607e-02  1.77628383e-01  1.09375022e-01
  3.10301911e-02  2.07401477e-02  1.58562720e-01 -1.27112329e-01
  4.27510180e-02 -1.20825870e-02 -1.25048831e-01 -1.16083622e-02
  9.90253466e-05  1.48908556e-01  7.50514865e-03  1.42868077e-02
 -1.99260041e-01 -2.36264125e-01 -2.04445906e-02  1.45355955e-01
 -2.23760068e-01 -1.39768139e-01 -3.29818539e-02  4.17396501e-02
  2.05319729e-02 -1.71922013e-01  9.20000076e-02 -9.78946760e-02
  1.06058784e-01  2.91000046e-02  4.38899696e-02 -3.63911604e-05
 -7.41767660e-02 -1.02703478e-02 -6.58080727e-02  6.04985952e-02
  1.41050480e-02  3.14210318e-02 -4.96210679e-02 -1.27270490e-01
 -9.66773555e-02 -2.44101416e-02  7.03605488e-02  3.66023704e-02
 -1.53967172e-01 -1.29160672e-01 -9.91916955e-02 -1.33753970e-01
  4.08092849e-02 -4.14353744e-05 -6.91129267e-02 -4.98849750e-02
  7.05943480e-02  2.28540257e-01  9.53362659e-02  1.47440359e-02
 -1.06952652e-01 -1.12170018e-01  9.90109704e-03  1.32733569e-01
 -1.77474082e-01 -4.38145511e-02 -3.32154259e-02 -2.43083965e-02
 -3.25112864e-02  1.85010120e-01  1.21544421e-01 -6.34839432e-03
  5.66622652e-02  3.06677073e-02  2.36160923e-02 -2.63855495e-02
 -1.75864130e-01 -8.76837224e-02 -2.58528106e-02 -3.04447673e-02
 -2.21976899e-02 -1.77713651e-02 -1.72440439e-01  3.63216475e-02
  1.25611395e-01  1.29157484e-01  5.74140402e-04  2.35197157e-01
  1.91529438e-01  1.24505192e-01 -1.17844738e-01 -1.65441502e-02
 -7.17273802e-02 -5.18914983e-02 -1.33633733e-01  1.71725228e-01]