http://erau.edu/ontology/meme.owl#RozenMaidenMeme
[-4.91943173e-02 -7.40635172e-02  4.77331467e-02  6.40718192e-02
  3.02687455e-02  7.75620565e-02  2.17417553e-02 -1.04606718e-01
  1.34750251e-02 -5.47286943e-02  8.90798643e-02 -1.36309087e-01
  1.34124877e-02  9.37642530e-03 -1.44036748e-02  1.73443705e-02
  8.88562668e-03  6.85824230e-02 -1.04041837e-01  1.93136752e-01
 -5.60897589e-02  1.81858778e-01  1.90274253e-01 -2.16026064e-02
  4.59970422e-02 -1.00269401e-02 -3.08259446e-02  2.50267293e-02
  3.56416166e-01  4.79498925e-03  2.84534059e-02  1.85059026e-01
  2.98436265e-02 -1.05650648e-01 -5.48947044e-02  2.11598843e-01
 -5.31918332e-02  2.71959621e-02  2.06714179e-02 -1.61763266e-01
 -1.29504815e-01  2.80524995e-02 -8.67630616e-02 -9.37952623e-02
  6.37550876e-02 -3.64538804e-02  8.10756683e-02  2.49126460e-02
 -5.75919263e-02  1.38569891e-01 -2.66927183e-02 -1.33643916e-03
 -1.37369514e-01  2.58110408e-02  4.61412268e-03 -4.31215763e-02
  1.16969116e-01 -1.56942874e-01  1.65764540e-01  1.60810240e-02
 -7.13269971e-03 -6.44351691e-02  6.36136085e-02  2.36467659e-01
 -2.09442943e-01 -1.60779312e-01  6.52434006e-02 -9.53368396e-02
 -5.36706410e-02 -4.45953049e-02 -7.87669569e-02  1.16179332e-01
 -3.21927182e-02  4.65269648e-02  4.80694287e-02  2.41383929e-02
 -5.86122759e-02  8.40485916e-02  1.22069664e-01  7.52625912e-02
 -3.47593948e-02 -1.60927717e-02 -5.64985722e-02 -1.41220286e-01
  1.45619050e-01 -5.18476069e-02  9.12566260e-02  1.29159376e-01
  9.55378041e-02  1.18799722e-02 -9.06396210e-02 -2.46614620e-01
  4.12486261e-03 -2.02921018e-01  3.83661571e-03  2.37718467e-02
 -7.05226064e-02 -1.46273971e-01  7.15936646e-02 -1.12847621e-02
  1.08531483e-01  8.49059895e-02  1.86732143e-01 -1.73175454e-01
 -6.10789172e-02 -1.33209089e-02  2.42396072e-01 -4.18412387e-02
  8.52700546e-02 -8.53028297e-02 -9.16941464e-02  4.90029529e-02
 -1.73117772e-01  3.98026332e-02  5.75376227e-02  1.20345473e-01
 -1.76351637e-01 -8.27195942e-02  1.01877473e-01  9.29912645e-03
  1.49608841e-02 -1.34605929e-01 -8.28267485e-02 -8.42279419e-02
 -7.75084225e-03  2.03527766e-03 -4.21904735e-02  3.53474654e-02
  5.38696088e-02  3.90409939e-02 -1.64927229e-01 -1.10377990e-01
 -1.48002461e-01 -1.23586103e-01 -4.01532352e-02  1.02981701e-01
 -1.52384162e-01 -7.93123171e-02 -7.49461725e-02  4.46457341e-02
 -1.16893001e-01 -6.21029362e-02  1.40951231e-01  1.58521123e-02
  2.98800897e-02 -2.84777254e-01  5.18898591e-02 -3.48343700e-02
 -2.40828888e-03  2.26196069e-02  5.48393764e-02 -9.35020447e-02
 -8.60167260e-04 -1.78698339e-02 -6.79213414e-03 -5.06456830e-02
 -8.14422294e-02  1.31155521e-01  2.33287122e-02 -9.05162171e-02
  9.60663781e-02 -6.95955604e-02  1.81523394e-02  3.09410971e-02
 -1.78077146e-01 -2.15507690e-02  7.45775178e-02  1.20644547e-01
 -2.54515976e-01  2.58221775e-02  4.57716966e-03  1.31954923e-01
  2.95192122e-01  1.37062937e-01 -1.17955431e-01  1.15361775e-03
 -3.52509692e-02 -6.95004091e-02  1.11999907e-01 -3.97708900e-02
 -8.98752362e-04 -1.13518853e-02  1.01377979e-01  6.20213412e-02
 -2.02163935e-01 -5.17642945e-02 -2.90883929e-02  1.18932128e-02
  1.25572756e-01 -1.81716263e-01 -5.21127582e-02  1.34744700e-02
 -1.78124502e-01 -8.45113471e-02 -9.50320661e-02 -3.33716795e-02
  1.48542434e-01  1.67128235e-01 -1.78528547e-01 -2.52725184e-03
  9.67335850e-02 -4.35180888e-02  1.85772836e-01  5.73609956e-02
 -9.18830410e-02 -1.92703545e-01 -9.77916494e-02  4.47682105e-03
  1.99304834e-01  8.80039781e-02  2.18706176e-01  1.10158905e-01
  8.18353295e-02 -1.02481104e-01  1.77750806e-03  1.04073994e-01
 -8.71838257e-02 -1.15428351e-01  1.51385427e-01  2.06547499e-01
  5.66228889e-02  2.36061946e-01  1.82583909e-02  1.00580387e-01
 -5.24507724e-02 -2.11205818e-02 -3.88988070e-02 -1.37715340e-01
 -1.55902520e-01 -7.40081295e-02 -1.89597718e-02  4.34279963e-02
 -2.09293365e-01 -1.33913368e-01 -2.82105673e-02  2.51431204e-02
 -7.66613260e-02 -1.99483782e-02  1.37292266e-01  5.33453980e-03
 -8.89607519e-03  5.61055690e-02  9.44283530e-02 -1.04904279e-01
 -3.46293658e-01 -2.28866097e-02 -1.14663072e-01  4.58359085e-02
 -8.35904703e-02  8.20610020e-03  6.77531660e-02  5.70871383e-02
  1.23207077e-01 -4.41908799e-02  2.68895060e-01  4.65641059e-02
 -1.30592123e-01 -3.18675376e-02  1.15463648e-04 -1.90444887e-02
 -8.77042338e-02 -5.72303385e-02 -1.83589365e-02 -2.94184610e-02
 -7.02510700e-02 -1.33174986e-01  2.12239817e-01  1.41079649e-01
  1.35797113e-01 -1.24570467e-01 -3.04685570e-02 -1.58512965e-01
 -2.05033183e-01  1.32714270e-03  9.65248644e-02 -1.31554320e-01
  1.47643030e-01  8.30137059e-02 -1.33024707e-01 -1.07633404e-01
 -8.36974457e-02  1.00665569e-01 -1.02032125e-01 -4.53213640e-02
 -4.92128618e-02 -3.79480533e-02 -2.72713006e-01  1.51479408e-01
 -3.53767388e-02 -2.05647066e-01  3.75954341e-03 -1.19442947e-01
 -5.95626831e-02  1.47914793e-02  1.79568045e-02  3.21792401e-02
  2.68911660e-01  6.66306764e-02 -1.12902053e-01 -3.49235088e-02
 -1.15333892e-01 -1.35390628e-02  7.08948821e-02  2.54637692e-02
  5.37372008e-03 -5.55604994e-02  1.52974024e-01 -3.10065337e-02
 -1.13139369e-01 -4.67407592e-02  2.17517853e-01 -3.02600026e-01
 -2.12432500e-02 -4.02288400e-02 -1.43012822e-01  3.88067439e-02
 -1.57604553e-02  8.50762576e-02  1.82384342e-01 -7.89011121e-02
  1.01430453e-01 -1.55140117e-01  7.77439326e-02  2.31071085e-01
  1.82982564e-01 -4.75747176e-02 -2.74442673e-01  5.66484444e-02
  1.15507126e-01 -3.77239613e-03  7.77331367e-02 -7.37483948e-02
  8.29460844e-02 -7.10021108e-02  1.57853365e-01 -2.68535942e-01
  1.45348728e-01  1.22607991e-01  5.26823439e-02  1.15186833e-01
  1.27911463e-01  6.63492531e-02 -8.63417238e-02  2.91005969e-02
 -1.04917087e-01  1.05541393e-01 -1.06811695e-01 -4.72946279e-02
 -3.65924239e-02 -1.01453148e-01  4.27150913e-03  7.08229393e-02
 -1.11257238e-02  1.75935760e-01 -1.47529244e-01  5.20627573e-02
  7.52409101e-02 -1.30606860e-01  1.38176143e-01 -5.28351404e-02
 -1.05291307e-02  2.87170470e-01 -7.39447251e-02 -1.52372435e-01
  7.66271204e-02 -3.73869576e-02 -4.76532765e-02 -1.30696326e-01
 -8.51815101e-03  1.47247519e-02 -1.38857141e-01 -1.24792770e-01
 -2.16898963e-01  7.81487450e-02  7.27147534e-02  8.74078497e-02
 -6.21596612e-02  6.77741505e-03 -1.06204122e-01 -5.90051711e-02
  1.61791816e-01  2.62563527e-01 -1.78951070e-01 -1.08548254e-01
  6.66858181e-02 -1.75831228e-01 -7.83259273e-02  1.26321286e-01
 -2.29947805e-01  4.72050644e-02 -4.62545827e-02  1.45807013e-01
 -7.36004859e-02  2.62150615e-01 -9.51675102e-02 -1.42186791e-01
  6.58445731e-02  3.77497356e-03  4.16873813e-01 -1.84199542e-01
 -2.84450445e-02 -1.43133372e-01  8.00185949e-02 -1.43634349e-01
 -7.44937211e-02 -1.29034132e-01 -3.71947959e-02  2.79091626e-01
  1.84032351e-01 -6.08260781e-02  2.49856934e-01 -5.20620830e-02
 -1.30121082e-01 -1.81012988e-01 -6.61209002e-02  1.67233109e-01
 -1.29681617e-01 -7.07496479e-02 -9.73204672e-02 -5.01413830e-02
  1.73384070e-01  2.15163529e-02 -1.34374201e-01 -6.70328364e-02
  1.83620676e-01 -1.08638458e-01 -1.93016246e-01  3.00445743e-02
  1.60484552e-01 -4.64910828e-02  2.64767110e-02  1.98299542e-01
  3.99686396e-02  6.32950589e-02  1.55324057e-01  3.19856226e-01
  7.96063989e-02 -2.06606731e-01 -5.65704331e-03  1.47199050e-01
  2.30969153e-02  8.80879164e-03 -1.31011859e-01  2.42949978e-01
 -4.27085370e-01 -1.30541176e-01 -2.67566174e-01 -1.35430962e-01
 -1.13621049e-01  1.05166294e-01  6.27671480e-02  9.49875936e-02
  2.94058949e-01 -2.09313929e-02  2.59831816e-01 -1.01878598e-01
  9.46877450e-02 -6.00076951e-02  5.93396556e-03 -7.40985945e-02
  6.73103854e-02  4.90451381e-02  1.52374685e-01 -3.19970772e-02
  6.21373206e-02  1.60015106e-01 -2.90454589e-02 -1.76687166e-01
 -3.96989062e-02  4.18359153e-02  7.94924721e-02 -9.54090282e-02
  7.51485899e-02  2.17297852e-01 -6.54874817e-02 -2.43928999e-01
  1.88273728e-01 -2.17567936e-01 -1.00318827e-01  9.18214694e-02
  3.91764529e-02 -2.35879291e-02 -4.59517464e-02  1.02893166e-01
 -1.49120644e-01 -1.23292908e-01  4.55345623e-02 -5.45020476e-02
  9.28658172e-02  2.58232113e-02 -3.17331813e-02 -1.81191470e-02
  4.21021655e-02  3.38201523e-02  2.94856112e-02  1.68899167e-02
  1.26410211e-02 -1.79875329e-01  7.80141503e-02  7.86361620e-02]