http://erau.edu/ontology/meme.owl#PeeYourPantsMeme
[-9.03744996e-02 -6.59995433e-03  6.84521869e-02  1.18139490e-01
  4.17525396e-02  4.73738723e-02 -7.34695047e-02  3.42167504e-02
  8.66443366e-02 -2.01621220e-01 -1.11783653e-01  2.56986380e-01
  1.87449962e-01  1.43539980e-01 -5.71564436e-02 -1.68055251e-01
 -9.05058458e-02 -6.67859986e-02  2.56990418e-02 -5.05256392e-02
 -6.87254546e-03  1.54529765e-01 -3.82951461e-02  1.30772457e-01
  2.95124426e-02 -1.74283907e-01 -3.33651155e-03 -2.06307843e-02
  3.41435075e-02 -6.62734434e-02 -2.01983646e-01 -6.83233961e-02
 -1.38448581e-01 -2.11125128e-02 -1.14518233e-01  4.72509675e-02
 -1.39482886e-01  1.10905483e-01  4.12634388e-02  2.21290603e-01
  6.64839223e-02  3.10889110e-02 -2.44474024e-01 -2.79913284e-02
 -2.05071494e-01 -5.09530716e-02  6.92904294e-02 -1.63964003e-01
  4.47476283e-02 -1.54108256e-01 -8.44793394e-03  1.55602708e-01
  1.96261778e-01  9.42323450e-03 -1.65865690e-01  2.22067952e-01
 -7.27232769e-02 -1.45950699e-02  1.01329662e-01  1.63576782e-01
  1.68992907e-01 -1.54613495e-01  1.43410871e-02  3.15466262e-02
 -5.36787286e-02 -3.95315886e-02 -1.03143491e-01 -6.07608147e-02
  1.01152353e-01 -9.60246623e-02  1.32832453e-01 -2.09068041e-02
 -1.76383164e-02 -9.70065687e-03 -1.92621231e-01 -7.27871805e-02
 -3.37265208e-02 -1.02000609e-01 -2.90076751e-02 -1.07230924e-01
  1.35504127e-01  1.65800124e-01 -2.41769284e-01 -9.64618251e-02
 -4.39254977e-02  1.02234986e-02  1.15323268e-01  4.69545461e-02
 -2.41653249e-02  2.44886041e-01 -9.03673619e-02 -4.35405830e-03
 -1.93812102e-01 -1.76643599e-02  4.52507287e-02 -7.18990937e-02
 -5.07722609e-02  2.45282099e-01  1.69433318e-02 -2.18839291e-02
  8.72087926e-02 -4.63591143e-02 -7.64066577e-02  3.06751244e-02
  1.27630129e-01 -7.33607356e-03  7.60984644e-02  1.71705276e-01
  9.87722278e-02 -1.85400341e-02  1.71700105e-01  1.07660435e-01
  2.58284137e-02  2.18707211e-02  1.47892609e-01 -1.20011233e-01
  3.83897163e-02 -1.23913726e-02 -1.18670657e-01 -1.31925195e-02
 -1.99966226e-03  1.36388004e-01  6.61202893e-03  7.56213302e-03
 -1.83611810e-01 -2.23400354e-01 -1.59680136e-02  1.36050850e-01
 -2.04268754e-01 -1.33527920e-01 -3.64127308e-02  3.92607339e-02
  1.61005277e-02 -1.62177041e-01  9.17055532e-02 -9.23687369e-02
  1.04886018e-01  2.77567320e-02  4.18356322e-02 -3.40154627e-03
 -6.93777576e-02 -5.72754256e-03 -6.25338256e-02  5.89826517e-02
  1.85215883e-02  2.91117523e-02 -5.18788807e-02 -1.16807111e-01
 -9.59298313e-02 -2.27204803e-02  6.53252155e-02  3.18080112e-02
 -1.46800816e-01 -1.15392119e-01 -9.25780460e-02 -1.23680770e-01
  3.78241241e-02 -4.47306735e-03 -6.22069389e-02 -4.92609590e-02
  6.15205169e-02  2.14537129e-01  8.97643566e-02  1.46237109e-02
 -1.03612378e-01 -1.02526411e-01  9.77080036e-03  1.29131302e-01
 -1.63787931e-01 -3.71480584e-02 -3.05956323e-02 -1.73656121e-02
 -2.56694406e-02  1.75243959e-01  1.16559304e-01 -1.15705328e-02
  5.52037768e-02  3.11891977e-02  1.87997520e-02 -2.60065570e-02
 -1.65853858e-01 -7.69852996e-02 -2.96358094e-02 -2.86696795e-02
 -1.85068976e-02 -1.80276874e-02 -1.62700623e-01  3.14696766e-02
  1.16374806e-01  1.19773209e-01  1.75290115e-05  2.21235931e-01
  1.81584045e-01  1.17827572e-01 -1.04723401e-01 -1.64879374e-02
 -6.71454519e-02 -5.16504422e-02 -1.20155297e-01  1.62260175e-01]