http://erau.edu/ontology/meme.owl#KCGreenMeme
[-7.68258572e-02 -2.04051554e-01  1.32467300e-02 -1.21394947e-01
 -1.17169628e-02 -7.26935118e-02  1.21936776e-01 -1.47116721e-01
  1.68659568e-01 -5.00192456e-02  1.69377401e-01 -8.18794146e-02
  1.56225562e-01  9.29605886e-02  5.77267557e-02 -2.07318336e-01
  2.53656618e-02  1.62070230e-01 -3.74749079e-02  3.35176513e-02
 -1.57855928e-01  2.59520590e-01  1.62031114e-01 -1.54201776e-01
  3.54649313e-02  1.20655648e-01  1.43112522e-02 -6.70272261e-02
  3.25010657e-01  1.03542721e-02 -3.54226381e-02  2.46985175e-04
 -1.90794721e-01 -1.00765653e-01 -4.53561395e-02  2.37856254e-01
  1.02790885e-01 -2.62072962e-02 -4.12532277e-02 -9.35479719e-03
 -7.79535621e-02  1.77419901e-01 -2.52889723e-01 -4.10158932e-02
  1.75120652e-01 -2.38772109e-02  7.93707296e-02 -1.38737932e-01
  8.81969370e-03  3.72625999e-02  6.77591339e-02 -2.07285136e-02
 -5.38209453e-02 -1.89547077e-01 -5.19684702e-02 -8.37893113e-02
  6.79603741e-02 -6.69744704e-03  1.99086159e-01  6.27479404e-02
 -1.40264019e-01 -4.88621444e-02  1.32819057e-01  1.19709544e-01
 -4.09013629e-02 -6.72527552e-02 -8.34842771e-02 -5.66313043e-02
 -1.44698635e-01 -7.23812357e-02 -1.62130758e-01  1.21882915e-01
  1.58690482e-01  1.12334818e-01  2.07834058e-02  2.12955493e-02
  3.00936215e-02 -5.73590063e-02  2.64302760e-01  1.02117881e-01
 -9.65372398e-02  5.48185706e-02 -2.08984479e-01 -2.19169497e-01
  1.52926147e-02  2.19673105e-02 -8.85307342e-02  9.28854644e-02
  1.70705065e-01  3.55429621e-03 -2.45424733e-02 -1.90036148e-01
  1.80304125e-01  1.66588295e-02 -1.06865302e-01  8.24802518e-02
  4.36461233e-02 -8.00301358e-02 -1.21107608e-01  3.31303254e-02
  7.30926543e-02 -1.95049252e-02  1.51204690e-01 -3.88457440e-02
 -8.94521475e-02 -4.39715423e-02 -2.50821542e-02  1.35248050e-01
  2.26518828e-02 -5.95482253e-02  7.13857869e-03 -9.53660756e-02
 -1.00173093e-01 -1.10372640e-01  1.03754155e-01  6.71814755e-02
 -7.55992606e-02  1.73837133e-02  1.93470970e-01  1.30666137e-01
  1.36925608e-01 -6.61476403e-02 -1.44000873e-02 -1.50397057e-02
  6.10065050e-02  7.64289126e-02 -8.31234008e-02  1.99647546e-02
 -3.04946620e-02  2.12595258e-02 -1.05154961e-01 -9.18230265e-02
  5.65305315e-02 -8.68352801e-02 -9.90262702e-02  1.12160169e-01
 -6.43901601e-02 -1.12245930e-02 -8.11982676e-02  1.20886728e-01
 -3.10925543e-01 -4.96264584e-02  9.72215235e-02  1.26855209e-01
 -2.06726585e-02 -1.75713941e-01  1.15770683e-01 -1.51923805e-01
 -1.29385054e-01  2.73730531e-02  2.95394789e-02  2.36756401e-03
  2.68329568e-02  2.05305684e-02 -9.61944927e-03  4.21741381e-02
 -1.04374886e-01  2.71630108e-01  1.37468684e-03 -1.09729141e-01
  1.82671577e-01  7.25678504e-02 -4.64051329e-02 -6.63906410e-02
 -1.91371366e-01 -1.86014771e-01  8.87740776e-02  7.42372721e-02
 -1.42790809e-01 -2.13083858e-03 -4.93486337e-02 -5.69455996e-02
  1.23336494e-01  6.16490431e-02 -8.81588086e-02  1.37871087e-01
 -2.11281553e-02  3.86550054e-02  1.52946487e-01  6.27644509e-02
 -7.64419958e-02  3.80904004e-02 -7.88696259e-02 -3.94257251e-03
  9.88130365e-03 -7.80578107e-02  1.68793444e-02  9.52969678e-03
  1.71307951e-01  2.97734346e-02 -1.29509037e-02 -7.61061758e-02
 -2.78050750e-01 -1.34870827e-01 -2.90083718e-02  1.86737385e-02
 -5.18814586e-02  2.06651241e-01 -7.17621371e-02  4.74764849e-04
  7.16211135e-03 -1.10794552e-01 -5.57063855e-02 -1.76964357e-01
  2.01635510e-02 -1.25555262e-01 -6.28068298e-02 -1.90501343e-02
  9.64291841e-02  2.49349065e-02  1.43334359e-01  8.52520764e-03
 -3.53255048e-02 -1.91811789e-02  5.83094694e-02  4.75805737e-02
 -1.18940085e-01 -1.39191747e-01 -7.48426914e-02  7.65607506e-02
  1.93652704e-01  1.03308521e-01 -6.90597817e-02  7.37895891e-02
 -4.07039095e-03  6.86755106e-02 -1.29326761e-01 -4.31624847e-03
 -7.59436889e-03  1.52028454e-02  1.11661270e-01  1.16189986e-01
 -1.00833982e-01  1.12875454e-01 -7.49191120e-02  7.14543313e-02
 -2.71212775e-03 -1.50309697e-01  9.57909748e-02 -1.06189912e-02
  4.93214699e-03 -6.40351996e-02  1.16872098e-02 -3.19738090e-02
 -1.27869353e-01 -4.06687632e-02 -1.41367063e-01 -1.55564398e-01
  5.90853654e-02  5.95290698e-02  7.21603036e-02 -6.64380267e-02
  1.71971351e-01 -2.03572549e-02  1.06843449e-01 -5.53247929e-02
 -6.26047179e-02  3.61737423e-02 -4.92039397e-02  1.11051589e-01
 -1.17753953e-01 -7.37062171e-02 -1.31398275e-01 -1.84522688e-01
  7.99876929e-04 -1.95973501e-01  8.24776366e-02 -4.47280928e-02
  1.94014639e-01 -6.24954663e-02  6.78439364e-02 -6.66840421e-03
 -1.92037057e-02  2.77594216e-02  1.28508076e-01 -1.74034402e-01
  5.19606583e-02  1.17185809e-01 -3.31042297e-02 -1.37172326e-01
  3.18834856e-02  5.37841059e-02  1.15145575e-02 -6.03602640e-02
 -7.35386759e-02 -3.24548557e-02 -8.93950760e-02  1.60863772e-01
 -7.35415937e-03 -1.05810672e-01  4.11382616e-02 -7.75004271e-03
  4.15955968e-02 -3.86320464e-02  6.58709854e-02  6.29432201e-02
  1.69613972e-01 -1.31997522e-02 -9.65073928e-02 -2.36686304e-01
 -5.51537834e-02 -4.70296293e-02  1.88590493e-02  9.75681618e-02
 -9.84829739e-02  6.15894832e-02  2.21004382e-01  1.23286873e-01
  1.71520472e-01 -1.31421924e-01  7.72720799e-02 -1.87421188e-01
 -1.35169581e-01  4.52377833e-02  7.27922022e-02  6.13893420e-02
 -6.91760331e-02  1.32202972e-02 -5.00980299e-03 -1.56137496e-01
  7.69850686e-02 -1.26387283e-01  9.87646207e-02  1.42203405e-01
  1.97197013e-02 -7.89459646e-02 -1.22109137e-01 -1.23161718e-01
  1.56631649e-01  8.34008213e-03  3.35644744e-02 -1.99112222e-02
  1.13980798e-02 -1.63308799e-01  4.73422557e-02 -2.03497961e-01
  1.83240309e-01  4.83577549e-02 -3.76216955e-02 -3.34995836e-02
 -3.84041891e-02  3.33103575e-02 -5.96584044e-02 -1.01210142e-04
 -2.35726424e-02  9.26244166e-03  9.68287215e-02  1.26894359e-02
 -1.80495288e-02 -1.25136033e-01 -1.14984274e-01  1.38855681e-01
 -8.73878226e-02  1.06297314e-01 -1.04190163e-01  1.06343538e-01
  1.56966493e-01 -1.01214666e-02  9.06976163e-02  1.97192151e-02
 -8.72744545e-02  1.45612508e-01 -2.22329870e-02 -6.45280257e-02
  1.26914695e-01 -9.54508260e-02  3.23004611e-02 -6.82587363e-03
 -5.07541597e-02  7.26409210e-03  2.46901195e-02  4.82536629e-02
 -3.06936473e-01 -2.61141229e-02 -3.31835598e-02 -3.53529230e-02
 -6.48553222e-02 -3.99538539e-02 -1.92091450e-01  3.38417781e-03
  1.10888287e-01  1.12399548e-01  2.14565126e-03  2.96237320e-02
  1.42213762e-01 -3.24612409e-01  7.75629357e-02  1.36442274e-01
 -1.54112801e-01 -2.50610530e-01 -2.73953727e-03  9.86578688e-02
  9.62849259e-02  1.61121100e-01  3.44036631e-02 -2.11336106e-01
  9.76123586e-02  1.54019877e-01  1.83278695e-01 -1.65756375e-01
 -9.02149528e-02 -9.05327275e-02  2.55274381e-02 -2.62047410e-01
 -1.12416409e-01  3.09240222e-02  1.77193694e-02  3.24609131e-01
  4.31408621e-02  2.62118578e-01  7.83121884e-02 -1.47154117e-02
 -1.16397828e-01 -8.58885571e-02 -1.35054633e-01  3.98588032e-02
 -2.71820948e-02 -1.69022068e-01 -1.55563662e-02  7.69680962e-02
  8.27811882e-02  2.93760095e-02  9.00791511e-02  6.05769865e-02
 -8.17691013e-02 -6.05898835e-02 -4.73787524e-02  1.18917964e-01
  1.17824562e-02 -1.69911444e-01  9.36346278e-02  2.96044499e-01
 -2.77422629e-02 -1.15034252e-01  1.01131685e-01  2.33788878e-01
  5.43906763e-02 -2.98163686e-02  8.31154138e-02  5.62052503e-02
 -3.69529463e-02  5.82521185e-02 -9.13432762e-02  9.90715548e-02
 -1.11677453e-01 -1.29720852e-01 -1.50948524e-01 -1.43473834e-01
 -1.92783698e-01 -5.68726547e-02  1.89918295e-01 -2.78263986e-02
 -7.11381854e-03  1.37451235e-02  1.39163928e-02  1.43587351e-01
 -1.32176980e-01 -1.03868367e-02  6.49475604e-02 -4.95272242e-02
  1.77148446e-01  5.19417273e-03  1.03338234e-01 -2.55584061e-01
  2.61266232e-02  9.93886888e-02  2.45912261e-02 -1.50019139e-01
  5.80072962e-03 -3.67012508e-02  7.61602074e-02  3.67210321e-02
  1.16367713e-01  8.30090865e-02  6.03782348e-02 -2.33746648e-01
  9.54878107e-02 -5.60464934e-02 -3.51979658e-02  3.32729891e-02
  8.85769576e-02  6.13570772e-02 -1.82422712e-01  1.69812843e-01
 -1.67824551e-01 -8.15558210e-02  7.82954544e-02  1.07513450e-01
 -6.58199266e-02  5.79666309e-02 -2.45346013e-03  1.54057946e-02
  8.16632062e-02  1.02979079e-01  5.55343442e-02  3.88432592e-02
 -8.57623070e-02 -4.89108413e-02  2.62237210e-02  7.08571523e-02]