http://erau.edu/ontology/meme.owl#ThedesertrainfrogMeme
[-5.82044758e-02 -1.03590101e-01 -3.01447753e-02 -1.31264655e-02
  2.25796849e-02  1.80762067e-01  1.65494695e-01  9.14504975e-02
 -9.18250382e-02  1.31569486e-02  7.97816291e-02 -1.57032311e-01
 -1.35513574e-01 -1.41912505e-01 -1.64305791e-01  8.56769606e-02
  1.12583572e-02  1.77093931e-02 -7.41744507e-03  1.47453276e-02
 -1.53246075e-01 -2.80685835e-02  4.43763882e-02 -7.88800940e-02
  7.10970089e-02 -3.25462297e-02  9.42346291e-04 -1.13306865e-01
  1.12874828e-01  6.23901710e-02 -2.73078103e-02  9.96029451e-02
  1.20880194e-01 -7.75184333e-02 -8.15390944e-02  1.19165368e-01
  2.80202292e-02  1.14080518e-01 -1.19683020e-01 -1.71265408e-01
  9.60254520e-02  1.24615885e-01 -7.31868967e-02 -2.43544877e-02
  5.66240810e-02  6.06081858e-02 -4.39661369e-03 -3.01542431e-02
  2.24635098e-02  1.19937673e-01  5.82424924e-03  7.20000565e-02
  6.65079877e-02 -6.74745217e-02 -1.61799163e-01 -3.72417457e-02
  5.04802912e-02 -1.18497081e-01  7.84944892e-02  6.63217232e-02
 -8.77491664e-03 -1.07786506e-01  8.82166177e-02  5.33497036e-02
 -1.25563577e-01 -7.41751790e-02  4.28862404e-03 -5.08589000e-02
 -2.44490188e-02 -1.92637444e-01 -2.69440673e-02  4.42354605e-02
  9.08844471e-02  9.92525183e-03  3.43195871e-02  1.31958798e-01
 -1.53760016e-01  4.98441607e-02  8.62633213e-02  1.01224650e-02
 -2.70721260e-02 -1.88519180e-01 -3.70674171e-02 -1.55867398e-01
  8.11877176e-02 -2.46423036e-01 -6.34805784e-02  4.01007347e-02
  1.67020515e-01  1.58777647e-02 -1.52022000e-02 -2.35688925e-01
  1.12712540e-01 -8.55009407e-02 -5.53425401e-02 -2.24260204e-02
 -8.25730786e-02  7.38277799e-04  1.24082811e-01 -1.23674206e-01
  5.43113984e-02  1.15398020e-02  2.19391093e-01 -6.44779503e-02
  4.13284302e-02  4.12777402e-02  4.34189402e-02 -1.10461496e-01
  5.59953302e-02  4.30028513e-03 -5.20082489e-02  8.17192793e-02
 -5.20282723e-02 -9.72203463e-02  8.10261294e-02  6.94508553e-02
 -1.54767022e-01 -1.27664283e-01  3.23530380e-03 -3.66859585e-02
  2.93307006e-04  2.16717236e-02 -6.12921529e-02 -1.47253210e-02
 -5.34052076e-03 -1.13280214e-01  6.42931610e-02  3.11452188e-02
 -6.12623356e-02 -8.06460604e-02 -1.13869473e-01 -5.99481799e-02
  3.41944508e-02 -1.09290361e-01 -1.05523169e-01  1.58880092e-02
 -4.55211215e-02  4.68688980e-02 -1.77750051e-01  3.58975604e-02
 -1.64310887e-01 -1.13132186e-02 -1.13213606e-01 -3.40416841e-02
  1.07952282e-01 -1.37561649e-01  2.28216294e-02  4.94363569e-02
  8.47035348e-02  1.01713337e-01 -2.78623239e-03 -6.35221675e-02
  3.65720876e-02 -5.72011322e-02  3.74252349e-02  3.52923535e-02
 -2.00797394e-01  7.23789558e-02  4.96360064e-02 -1.45389676e-01
  9.51965526e-02 -1.90614358e-01  7.74228498e-02 -4.58909981e-02
 -8.84471908e-02  5.30813867e-03 -1.41792223e-01  1.60619408e-01
 -1.41020700e-01  1.34131059e-01  4.09626141e-02  1.65010601e-01
  1.66985810e-01  1.80892214e-01  5.57386205e-02 -9.58902910e-02
 -3.50741558e-02 -4.73626144e-02  8.12413320e-02 -1.10947462e-02
 -7.07039312e-02  9.94905233e-02  8.73563811e-02  7.47763142e-02
 -1.16718613e-01  1.95407830e-02 -3.10058855e-02 -4.97527346e-02
  1.66038290e-01 -4.21033800e-02  1.06255025e-01  1.68093339e-01
 -2.66626894e-01 -4.06100834e-03 -1.12917148e-01  3.25810201e-02
  1.53004140e-01 -2.73548029e-02 -4.01037782e-02  7.66389258e-03
 -2.42658183e-02  6.27034679e-02  9.86024663e-02 -5.14507405e-02
 -1.67501748e-01 -1.13103144e-01  2.54515465e-02 -5.25077842e-02
 -1.64225288e-02  4.88591194e-02  7.10975826e-02  2.02395886e-01
 -3.90108451e-02 -1.93325996e-01  1.57077521e-01  6.02250919e-02
 -1.04261786e-01 -6.79618046e-02  1.54027358e-01  9.08114836e-02
  2.31298566e-01 -8.40750802e-03 -1.34857029e-01 -5.57585573e-03
  7.24080205e-02 -8.36011916e-02 -1.50255874e-01 -1.72276683e-02
 -1.00952596e-03 -2.44710152e-03  4.39755917e-02 -3.07238242e-03
 -1.81601390e-01 -1.40145496e-01  3.34376879e-02  6.32025078e-02
 -2.31312923e-02 -2.54385378e-02  1.62767544e-01 -8.44465345e-02
  7.06895292e-02  3.00030913e-02 -2.33886782e-02  1.39968917e-02
 -2.92408109e-01 -9.35666189e-02 -2.15590432e-01  8.07014108e-02
 -7.93829933e-02  4.63195220e-02  5.23047261e-02  9.29545909e-02
  7.98495486e-02  1.95927367e-01  1.95819154e-01 -2.16983501e-02
 -1.03709862e-01 -5.58471195e-02  6.77844882e-02 -8.54072645e-02
 -1.19703580e-02 -1.84869066e-01  2.30213422e-02 -1.15133204e-01
  1.56116914e-02 -2.21883014e-01 -1.81297407e-01  6.36024177e-02
  1.08259633e-01 -1.00160707e-02 -1.18376620e-01 -8.84017795e-02
 -4.35916781e-02  2.11438328e-01  2.14129150e-01 -9.89655778e-03
  1.75408229e-01 -1.31417006e-01 -6.72982559e-02  9.73289832e-03
  1.70449227e-01  5.70684439e-03 -8.65631998e-02 -7.66720846e-02
 -1.10457256e-01  1.82605963e-02 -2.98372209e-02  2.16528121e-02
 -7.22870156e-02 -1.18133500e-01  9.02816057e-02 -3.48661095e-02
  8.53176415e-03 -5.33271655e-02  7.15675503e-02  4.07855548e-02
  8.93931314e-02 -4.10348736e-02 -1.08935311e-01 -1.24202140e-01
 -3.74748647e-01  4.91486602e-02 -4.54153381e-02  1.18495286e-01
 -4.08304520e-02 -3.59108560e-02  1.52929917e-01 -5.35683036e-02
 -2.82427426e-02  1.78053856e-01  2.12307066e-01 -1.19245984e-01
  1.20833062e-01  9.69758183e-02  6.58945218e-02  4.73864563e-02
 -1.16136186e-02 -3.52780707e-03  8.87742788e-02 -4.71461155e-02
  1.05429828e-01 -1.49009570e-01  1.31904036e-01  9.74028111e-02
 -2.92420443e-02  1.15178213e-01 -1.10210545e-01  2.77048871e-02
  7.59253204e-02  6.13405369e-02 -6.15617121e-03  9.01871547e-02
  7.68553466e-02 -5.47793023e-02 -9.66119468e-02 -2.38408282e-01
  2.82331966e-02  1.52490109e-01 -1.68047264e-01 -3.18265185e-02
  7.66703337e-02  4.03113887e-02  4.19136658e-02  1.56082551e-03
 -6.52903467e-02  1.96019243e-02 -4.39269878e-02  1.68594997e-02
  1.99967083e-02 -1.49222925e-01 -4.39067595e-02  4.13459353e-02
 -7.38953277e-02  1.89552546e-01 -2.27092445e-01  1.07625499e-01
  6.41771927e-02 -1.22016549e-01  2.37266392e-01 -1.92143414e-02
 -1.41139582e-01  7.68465102e-02  2.48920787e-02 -1.42288074e-01
 -2.63982074e-04 -1.93700679e-02 -4.61385325e-02  4.86092195e-02
 -1.35772660e-01 -4.26346585e-02  4.74383719e-02 -9.65220947e-03
 -1.94380835e-01  1.87677573e-02  9.17478874e-02 -2.02388000e-02
 -2.29872286e-01  3.71236168e-02 -8.36409926e-02 -1.11255966e-01
  8.71094242e-02  2.43488595e-01 -1.41956404e-01 -1.05927065e-01
  1.46839052e-01  4.51047570e-02 -1.00895986e-01  1.11782871e-01
  2.95536853e-02 -1.28753617e-01 -1.09802976e-01  4.93044220e-02
  7.10440725e-02  2.01772138e-01 -2.19153404e-01 -2.71351904e-01
  1.04959346e-02  4.35485430e-02  1.89437300e-01  7.66796321e-02
  9.27996486e-02 -7.73517340e-02 -5.01962714e-02 -2.75406867e-01
 -1.56906784e-01  3.44205052e-02  6.04324555e-03  2.12625101e-01
  2.14986622e-01  1.21533871e-01  8.39469805e-02 -3.18860590e-01
 -1.74443141e-01 -9.50906128e-02  2.45319847e-02  4.24891040e-02
 -2.78768186e-02 -1.16411075e-01 -1.14984289e-02  1.16917096e-01
  1.24899698e-02  3.73942591e-02 -2.19819307e-01  3.97002883e-03
 -1.42839423e-03 -1.80945113e-01 -7.01957867e-02  2.52526700e-01
  1.77606419e-01 -1.66471973e-01 -9.50263999e-03  2.60522097e-01
 -2.47538462e-02 -3.60490568e-02  2.91068882e-01  2.80479968e-01
  4.39403066e-03 -1.79314315e-01  8.87227356e-02  1.51256546e-01
  1.94998771e-01 -2.31968183e-02 -6.05679937e-02  3.91677946e-01
 -2.72280425e-01 -1.42709315e-01 -2.81187922e-01 -1.31188303e-01
  2.73935311e-02  1.44423664e-01  3.62001061e-02  1.42800540e-01
  1.62432939e-01 -9.16908011e-02  2.75157511e-01 -3.51472013e-02
  7.41754919e-02  1.35362381e-02  6.10503778e-02 -8.96058008e-02
  1.30121365e-01  1.91714466e-01  7.71600008e-02 -7.14430865e-03
 -1.32324949e-01  5.65331057e-02 -1.16786107e-01 -1.22354059e-02
 -1.27148554e-01  8.44470859e-02  1.59341544e-01 -3.04280762e-02
  2.42212728e-01  2.78677076e-01  3.41663621e-02 -1.18814982e-01
  4.37049344e-02 -1.67386115e-01  2.39634011e-02  7.09047616e-02
  3.16928898e-04  4.73969989e-02 -8.63990113e-02  2.85882294e-01
  2.93236040e-02 -2.07719088e-01  7.99341723e-02 -1.13040358e-01
  1.66777477e-01  1.44760907e-01 -1.23528562e-01  2.22245902e-02
  8.72780979e-02 -5.17017879e-02  4.16259803e-02 -2.95742769e-02
 -3.07973586e-02 -2.23308541e-02  9.67469215e-02  1.60560265e-01]