http://erau.edu/ontology/meme.owl#SpidersGeorgMeme
[-0.25233838 -0.15115102  0.00275685  0.0396901  -0.04964449  0.12165874
  0.15390235  0.12019271 -0.00995572 -0.01930136  0.13275947 -0.10901962
  0.00199329 -0.05762188 -0.05400662  0.02259736  0.06587637  0.05037533
 -0.0171208   0.00737886 -0.33246472  0.00768602  0.14370431 -0.19928412
  0.10202676 -0.01802569  0.02160112 -0.02223609  0.15640356  0.0759079
  0.12737003  0.01672939  0.07828733 -0.1317484  -0.00769316  0.03207006
  0.03889478  0.0948028  -0.00547568 -0.04465982  0.07896915  0.27102223
 -0.10249891 -0.0610992   0.10646887  0.09740002 -0.07754856 -0.0571534
 -0.01914353  0.02196563  0.03473581 -0.00649249  0.03390973 -0.04427427
 -0.08818849 -0.02466562  0.04017059 -0.04626283  0.144989    0.07168931
  0.03978514 -0.12897469  0.10844404  0.06174809 -0.07314384 -0.04134982
  0.06008141 -0.05547296 -0.09847199 -0.07108736 -0.09448878  0.08254702
  0.11063451  0.0305007   0.07201017  0.09726955 -0.10448585  0.02719796
  0.08521792  0.00482628 -0.03580385 -0.0379903  -0.0039986  -0.18631381
 -0.02017395 -0.12226016 -0.14516419 -0.00284924 -0.0504672  -0.01559128
 -0.00692754 -0.16078116  0.06366987 -0.033047   -0.05304669  0.04557388
 -0.01638929  0.03946167 -0.13974403 -0.08488538  0.02252174  0.01050327
  0.20331576 -0.11763812 -0.00802358  0.01877746  0.18244724 -0.00974926
 -0.01742888 -0.0514114  -0.00730823  0.0561843  -0.02131794 -0.07450947
 -0.09303501  0.01237912 -0.22533835 -0.15156187  0.01342251  0.05684229
 -0.06233541  0.01210449 -0.02668487  0.19854966  0.11627639 -0.10713512
  0.04362233 -0.04033008  0.0657125   0.07281438 -0.05098509  0.05702952
 -0.02994401  0.02943122 -0.06134718  0.15179941  0.04175448 -0.01218264
 -0.1661387  -0.00120054 -0.16069447  0.08226041  0.04320217  0.08296192
  0.15743385 -0.20018782  0.0293112  -0.06491855 -0.05232798 -0.01910624
 -0.02319345 -0.02138184 -0.04720563  0.11317141  0.01739694  0.1217368
 -0.0349216   0.09089942  0.03314318 -0.0441053   0.07678793 -0.15024301
  0.02013288 -0.0144589  -0.15716445 -0.11924416  0.01832222  0.03638673
 -0.16809247  0.11164206  0.03177509  0.09480755  0.10582738  0.13195139
  0.0367853   0.01226091 -0.08517027 -0.03150701  0.02442082 -0.00613081
 -0.03185344  0.09945501 -0.00881319 -0.02465201 -0.08544955 -0.00923407
  0.09143408  0.05150997  0.09504897 -0.11124977  0.08899425  0.0409536
 -0.23856807 -0.08412863 -0.00631556 -0.01402093 -0.01599077  0.15561998
 -0.03263973 -0.09254854 -0.09613691 -0.04707761  0.06063784 -0.08332201
 -0.02506658 -0.4178555   0.03888169 -0.11392698  0.15713958  0.20022
  0.32919198  0.11262973 -0.09783296 -0.1397032   0.12859587 -0.01351426
 -0.1993394  -0.04474542  0.22716928  0.18884747  0.19709846  0.19985378
 -0.17959248 -0.00575752 -0.01166417  0.01544198 -0.14274286 -0.00240587
 -0.02189677 -0.11455678  0.09250722  0.05279701 -0.10446168 -0.07977729
 -0.02056454 -0.07264136 -0.09940315  0.03503358  0.01716349 -0.04834726
 -0.03534636 -0.04858327 -0.02829161 -0.07895056 -0.21248162 -0.07227714
 -0.10561045 -0.06460988  0.00731177 -0.01132615  0.09421863  0.04143323
  0.09351842  0.17800617  0.08778447 -0.04926873 -0.11330466 -0.09443156
  0.15560132 -0.04361166 -0.0240335  -0.00461531 -0.01170417 -0.13672914
 -0.0737275  -0.2070743  -0.14109026  0.06754288  0.03845627 -0.07189109
  0.01733823 -0.04234453 -0.06729885  0.11609022  0.05004766  0.06588005
  0.08101181 -0.11323829 -0.05202745  0.09669027  0.08361708  0.00622092
 -0.00273647 -0.04387863 -0.14240773  0.00521394  0.01662795 -0.12856318
  0.07931907 -0.10047295 -0.01465775 -0.13862486 -0.02455483 -0.01631639
 -0.02984329 -0.08648621  0.01816456  0.01461473 -0.11160012 -0.10970853
 -0.15418632  0.05535616 -0.01779682  0.0494034   0.00650376 -0.03117213
  0.07552845 -0.01482115 -0.12553088  0.08014491  0.16700281 -0.23509775
 -0.00214102  0.05057069 -0.04782951  0.05951842 -0.09912725  0.08795278
  0.06276951 -0.00190083 -0.00298103 -0.06262488  0.16591811  0.02799362
  0.05074634 -0.00059566 -0.02490799  0.02965428  0.02547638 -0.06124466
  0.05192112  0.0760131  -0.04501799 -0.01640839 -0.14915933 -0.22353506
  0.10509546  0.10395636 -0.07170108  0.07000356  0.01575373  0.09680258
  0.00316971 -0.01213845 -0.0733516  -0.00809503  0.01465087  0.13322996
 -0.01672758 -0.11333688 -0.03236887 -0.027444   -0.08693257  0.16009943
 -0.08543401  0.09800311  0.06058106 -0.03500756  0.14976686 -0.03424291
 -0.05267011 -0.05111479  0.04683211 -0.04678452 -0.04043639  0.03416016
 -0.1978076  -0.03394862 -0.05233332 -0.05294279  0.06408468 -0.0230153
 -0.1957009   0.13361579  0.10877635 -0.05584786 -0.19683857  0.05077205
 -0.04264268  0.05540428 -0.04548367  0.09869874 -0.03964408 -0.07953189
  0.06207097 -0.07822202 -0.02718895  0.13637312  0.03576046 -0.11914136
  0.06660582  0.0537172  -0.00342594  0.18801022 -0.15738371 -0.12428822
 -0.01826201  0.0767659   0.11246247 -0.05494651 -0.02772595 -0.10256095
  0.01950997 -0.2528608  -0.15891649 -0.0010638   0.00062534  0.3261029
  0.13377963 -0.013182   -0.03123512 -0.15473045 -0.10699234  0.05810628
 -0.1116873   0.01346315 -0.08936518 -0.11568665 -0.06396686  0.10881346
  0.06383391  0.02251943 -0.18506403  0.03491959 -0.01719688 -0.12235163
 -0.01044741  0.12157317  0.05637461 -0.07346083 -0.07252223  0.22100626
  0.05176956 -0.13879977  0.21010962  0.08772532  0.12106811  0.03329334
  0.05121329  0.05868503  0.14603816  0.00909402 -0.11139501  0.15300103
 -0.12534754  0.01298983 -0.22186743 -0.12983435  0.00474375  0.04481435
  0.07587135  0.27456868  0.03784269 -0.03911268  0.23442689  0.03473095
  0.10611518 -0.04130351  0.07042833  0.04486193  0.16735126 -0.00447907
  0.15746287 -0.10060422 -0.14942656  0.15145251 -0.05063108 -0.09947136
 -0.10015597  0.04806726  0.30844113  0.03916693  0.27223173  0.16245013
  0.09102623 -0.08270767  0.11429472 -0.03976618 -0.07085918  0.08324762
 -0.0478309  -0.01554242 -0.14069371  0.35467583 -0.1304913  -0.15523401
 -0.03346412 -0.00065907 -0.01374393  0.05062408 -0.21230662 -0.07613135
  0.06320243 -0.00485785  0.0368612   0.01784688 -0.06838708 -0.05994476
  0.09341062  0.00063996]