http://erau.edu/ontology/meme.owl#SantaClausIsWhiteMeme
[-2.91495975e-02 -1.57769129e-01 -9.18315491e-04 -8.77735540e-02
 -1.64222233e-02  8.63584653e-02  1.55384108e-01  3.22013162e-02
 -8.33229572e-02 -1.03202993e-02  1.11796439e-01 -1.04366891e-01
  5.34070767e-02 -4.38281149e-02 -2.89709494e-02 -3.41017470e-02
 -4.45373319e-02  7.22217485e-02  8.33520815e-02  4.36334033e-03
 -1.92346632e-01  1.45588666e-02  1.26503989e-01 -1.07103080e-01
 -1.33177089e-02  4.04644534e-02  8.65876954e-03 -1.20549813e-01
  1.54349834e-01  7.22843856e-02 -3.15904133e-02  1.19005404e-01
 -3.86175923e-02 -1.09380595e-01 -2.99293231e-02  1.66339234e-01
  9.01134089e-02  1.23704322e-01 -1.21415935e-01 -1.41222849e-01
  7.91163296e-02  1.31306469e-01 -6.65738657e-02 -9.36112180e-02
  1.40844107e-01  2.67952383e-02  1.09000549e-01  1.65877175e-02
  3.72149646e-02  5.18539324e-02  5.02606966e-02 -1.62576027e-02
  3.93609777e-02 -1.73938617e-01 -1.44105703e-01 -2.78860237e-02
  8.19037333e-02 -5.59126101e-02  1.21000528e-01  7.10926279e-02
 -1.09392807e-01 -5.39546013e-02  1.33353144e-01  2.07310822e-02
 -1.20567814e-01  3.87277175e-03  6.16979366e-03  6.99760020e-03
 -8.61039609e-02 -1.96625292e-01 -5.24896495e-02  1.58217326e-01
  9.51879397e-02 -1.03318235e-02  2.37625577e-02  8.04419667e-02
 -1.23374620e-02  3.34865227e-02  1.80327967e-01  4.97713014e-02
 -9.20717269e-02 -1.13491230e-01 -8.36366639e-02 -2.44171545e-01
  2.63222139e-02 -1.00029431e-01 -9.30513367e-02  8.90712664e-02
  1.07333362e-01  5.37369102e-02 -3.42038870e-02 -1.62346646e-01
  1.13585323e-01 -7.13475570e-02 -1.78339973e-01  6.95925355e-02
 -1.80289987e-02  2.64228601e-02  1.74416304e-02 -6.26095198e-03
  1.06970444e-01 -1.23849465e-02  2.70729452e-01 -4.80192862e-02
 -5.97114488e-03  1.84119344e-02 -2.55366452e-02  7.48456120e-02
  5.29737808e-02 -1.09275132e-01 -9.02555734e-02  2.32635885e-02
 -7.58442655e-02 -1.15234837e-01  1.66110963e-01  6.04181476e-02
 -2.05632672e-01 -1.57393605e-01  1.01226695e-01  1.50768712e-01
  6.33677766e-02 -3.45152393e-02 -9.02299732e-02  4.26188111e-02
 -6.15346506e-02 -4.53663096e-02  1.36055896e-05  3.58847417e-02
 -9.81663540e-02 -9.66295786e-03 -1.79879025e-01 -9.12550762e-02
  7.02216700e-02 -1.89661495e-02 -1.21252030e-01  8.90951231e-02
 -7.08732754e-02 -2.51528304e-02 -1.29993036e-02  1.35313004e-01
 -2.27656588e-01 -1.19530102e-02 -7.05704466e-02 -1.12557672e-02
  1.25028789e-01 -1.71927571e-01  8.49315524e-02 -8.69753659e-02
  6.82019070e-02  7.72950500e-02  3.81865911e-02 -1.22306563e-01
  4.75729629e-02 -2.36633029e-02 -4.90346327e-02  3.66580635e-02
 -1.48956284e-01  1.58238649e-01  4.47238795e-02 -1.28235430e-01
  1.37229994e-01 -7.78425261e-02  5.32785282e-02  5.28700091e-02
 -2.43503317e-01 -2.01378465e-01 -5.91396391e-02  1.90160081e-01
 -2.23003834e-01  1.32639706e-01  2.58720163e-02  1.24610774e-01
  2.15741679e-01  1.59298569e-01 -1.89282815e-03  1.77476127e-02
 -2.36177258e-02 -6.59795031e-02  4.44138311e-02  5.42858802e-03
 -8.52045640e-02 -2.80895438e-02  5.06445430e-02 -1.74083468e-02
 -2.73625571e-02  4.14625965e-02 -9.79564115e-02  1.28947673e-02
  1.64582640e-01 -8.81270468e-02  4.03096415e-02  1.14782061e-02
 -2.62795031e-01 -1.20882019e-02 -1.06051892e-01  6.14869185e-02
  8.88425633e-02  1.80537894e-01 -4.89481352e-02 -4.39794697e-02
  1.73906086e-03 -2.22748555e-02  2.75493618e-02 -8.28062519e-02
 -5.71664684e-02 -2.02372506e-01  2.09594518e-02 -7.64021575e-02
  8.78324434e-02  5.53724058e-02  1.15585633e-01  1.57787398e-01
 -2.58060731e-02 -7.31630474e-02  1.08486786e-01  5.20011298e-02
 -1.72885329e-01 -4.89708930e-02  8.04696083e-02  9.77665856e-02
  1.91841245e-01  9.47582349e-02 -1.60220101e-01  6.35300623e-03
  2.53671855e-02  2.31512561e-02 -1.94975317e-01 -1.74234863e-02
 -1.82532892e-02  3.54899280e-02 -6.40734956e-02  3.68404053e-02
 -1.78292185e-01  7.01012164e-02 -3.34511623e-02  3.45236771e-02
  3.26852575e-02 -1.56638756e-01  2.00084388e-01 -1.40177310e-01
 -1.44938682e-03 -4.32385923e-03 -1.08350301e-02  4.69119567e-03
 -1.71491206e-01 -6.83779642e-02 -8.10070559e-02 -1.36019504e-02
 -6.07129857e-02 -1.13042276e-02  6.40523955e-02  1.27160568e-02
  1.54389173e-01  9.51109976e-02  1.43365681e-01 -4.41676676e-02
 -1.09277911e-01 -1.66158900e-02  2.23354939e-02 -5.31111052e-03
 -1.00761950e-01 -1.73578978e-01 -8.43773112e-02 -1.81422547e-01
  3.85585167e-02 -3.29051882e-01 -1.14395646e-02 -3.01779546e-02
  1.20526224e-01 -7.43750185e-02 -7.00421557e-02 -1.02620043e-01
  4.08949191e-03  1.58826500e-01  2.08468363e-01 -6.89809397e-02
  1.88071489e-01  5.24004502e-03 -1.21088162e-01 -4.26381677e-02
  1.47726208e-01  5.01582306e-03 -3.01458146e-02 -5.00515103e-02
 -1.80652067e-01  5.69551699e-02 -1.01964250e-01  3.77868861e-02
 -7.04857484e-02 -1.41998708e-01  1.34838000e-01 -1.11309215e-01
  2.48500146e-02 -8.06217417e-02  8.67979303e-02 -4.55249138e-02
  1.42580479e-01  2.65286826e-02 -2.18677223e-01 -2.23323286e-01
 -3.04243445e-01  1.48022389e-02 -1.55325281e-03  1.37310535e-01
 -2.02239547e-02 -6.02654442e-02  3.01948994e-01 -7.70683214e-02
  2.40890048e-02  4.31895219e-02  2.30461344e-01 -2.20729783e-01
 -1.21303573e-02  4.80905510e-02 -4.83195968e-02 -1.22395426e-03
 -9.13286873e-04  1.34605612e-03 -1.13474927e-03  4.87132231e-03
  7.03996122e-02 -1.09253220e-01  1.50936410e-01  1.43877298e-01
  6.71147406e-02  1.15321549e-02 -1.02697298e-01 -6.82562143e-02
  1.10255316e-01 -4.88440320e-02 -1.54428137e-02 -1.33097740e-02
  3.27499732e-02 -5.38644902e-02  2.22831732e-03 -2.85629421e-01
  1.28477380e-01  1.66573063e-01 -4.38139141e-02 -2.82449890e-02
  2.06364617e-02  2.13711094e-02 -9.65699926e-03  1.28570506e-02
 -4.70505357e-02  1.13604241e-03 -1.86735636e-03  4.13996018e-02
 -6.09832536e-03 -1.28447145e-01 -5.39611764e-02  2.04288382e-02
 -6.44068569e-02  1.52313560e-01 -1.73079744e-01  1.84317797e-01
  4.22047228e-02 -1.02629185e-01  2.43498355e-01  2.60779867e-03
 -1.85659677e-01  8.16272646e-02  1.15534593e-03 -8.32064226e-02
  4.79599386e-02 -8.39455426e-02 -3.13058048e-02  6.24681637e-02
 -6.50627390e-02  2.32547969e-02  3.95873040e-02  4.65230010e-02
 -1.83802664e-01  2.48010959e-02  1.11446537e-01  2.51735412e-02
 -6.87992647e-02  2.74715889e-02 -1.48498073e-01 -1.08403817e-01
  6.21762015e-02  1.38170630e-01 -4.30613458e-02 -5.62486053e-02
  1.62813649e-01 -2.71753874e-02 -1.38740512e-02  1.28116190e-01
 -2.26965733e-02 -7.37056062e-02 -8.93314183e-02  2.32417341e-02
 -6.91331411e-03  2.19954297e-01 -5.67756742e-02 -1.75282136e-01
  1.13571338e-01  2.28233393e-02  1.36717996e-02 -1.59557965e-02
 -2.19288804e-02 -1.85924694e-01  3.15246284e-02 -1.72684878e-01
 -3.75455245e-02 -1.00619532e-02  2.43971664e-02  2.42861077e-01
  1.13825440e-01  5.27003668e-02  1.13821901e-01 -1.61324769e-01
 -1.30147845e-01 -1.19160064e-01 -1.39543459e-01  6.72833994e-02
 -1.16464999e-02 -8.84189084e-02  2.68581137e-02  9.03962702e-02
  8.17645714e-02  1.31956721e-02 -1.66864708e-01  1.72451567e-02
  2.75785755e-02 -7.26178065e-02 -1.16456740e-01  7.76979849e-02
 -1.05553810e-02 -7.89125264e-02 -1.26985107e-02  1.25285029e-01
 -3.72213162e-02 -2.72022821e-02  1.51013479e-01  2.84348726e-01
  2.55843420e-02 -1.13683634e-01  1.00573292e-02  1.26101330e-01
  9.36401561e-02 -1.74424574e-02 -8.00796300e-02  2.06567034e-01
 -9.52620208e-02 -1.32232115e-01 -1.92651778e-01 -9.96516868e-02
  6.19141478e-03  4.83346023e-02  9.56768990e-02  1.52030706e-01
  1.31837815e-01 -1.09970152e-01  1.97573870e-01  1.06660984e-01
  2.12807469e-02  3.56397219e-03  4.71352190e-02 -7.94784725e-02
  1.58440813e-01  6.40392751e-02  5.87652028e-02 -7.95499533e-02
 -2.59739961e-02  1.27410054e-01 -7.36696497e-02 -9.54813808e-02
 -1.25542313e-01 -4.40222509e-02  1.25577986e-01 -3.89352143e-02
  1.37795940e-01  1.44202575e-01  9.01059583e-02 -1.62022620e-01
  8.52992982e-02 -8.66220817e-02  8.40894952e-02  1.03510611e-01
 -1.27155948e-02  6.55254573e-02 -1.07267931e-01  1.57227486e-01
 -4.30122390e-03 -1.04635812e-01 -7.18067493e-03  3.78622860e-02
  7.93411359e-02  1.09867342e-01  1.40393730e-02  4.72915471e-02
  5.57177477e-02  5.32061309e-02  5.58417365e-02 -5.00520086e-03
  3.33290175e-02 -6.55811746e-03  3.33770784e-03 -1.69370174e-02]