http://erau.edu/ontology/meme.owl#ThisPosterIsaSkeletonMeme
[-7.09440187e-02 -1.79002240e-01 -1.49971237e-02 -3.83577906e-02
 -1.47950262e-01  5.29894652e-03  1.33404642e-01  9.77863893e-02
  1.24019094e-01 -3.07295583e-02  1.19889729e-01 -9.14053470e-02
 -8.18951149e-03 -7.12364167e-02  4.24138941e-02  3.15638073e-02
  2.44476311e-02  5.60702421e-02 -4.32260744e-02  3.72054093e-02
 -9.00565237e-02  1.53553784e-01  1.07474752e-01 -2.04436302e-01
  1.54967949e-01  1.10507747e-02  7.38181248e-02 -6.76968545e-02
  1.52799055e-01  4.41441238e-02  5.30572869e-02  5.94234616e-02
 -1.55001320e-02 -5.66704944e-02 -7.53290430e-02  1.94206282e-01
 -4.31538634e-02  1.19615756e-01 -3.53772305e-02 -1.28025800e-01
 -1.36205181e-02  1.91993758e-01 -1.84964716e-01 -1.93477739e-02
  5.94294928e-02  7.24006630e-03  1.46934297e-02 -1.53956478e-02
 -2.81694941e-02  8.76459703e-02  5.16238697e-02  9.36509052e-04
 -1.49885178e-01 -1.19895510e-01 -6.29051775e-02 -3.80231068e-03
  1.59932636e-02 -4.03021052e-02  7.39122629e-02  6.49862364e-02
 -9.47493091e-02 -3.30578499e-02 -8.54741156e-05  1.13274090e-01
 -1.07528389e-01 -6.22326806e-02  7.95849115e-02  4.23669294e-02
 -2.68751495e-02 -1.79917905e-02 -1.70344055e-01  1.09710746e-01
  5.53374439e-02  7.75129423e-02 -9.26134288e-02  1.99569568e-01
 -1.61071390e-01  1.07255474e-01  2.50309333e-02  2.95071565e-02
 -4.70885076e-02 -5.19998036e-02 -8.16764534e-02 -1.34950295e-01
 -3.94380502e-02 -7.10004866e-02 -1.23250410e-01  5.67715056e-02
  1.14599261e-02 -1.56198321e-02  7.26915523e-02 -1.39753103e-01
  1.82249427e-01 -1.17273005e-02 -4.81181825e-03  7.11532757e-02
  1.24162985e-02  9.57365111e-02  4.91055734e-02 -1.80286821e-02
  6.86888024e-02  3.38176638e-02  2.35977456e-01 -5.77837266e-02
  4.20416072e-02  1.03379542e-03  8.24440867e-02  3.33065949e-02
  1.44816944e-02 -3.89745198e-02  1.47898830e-02  6.76068887e-02
 -1.05578810e-01 -1.19343728e-01 -4.90391031e-02  5.63474484e-02
 -2.14249015e-01 -1.42355591e-01 -3.41707431e-02  4.01660651e-02
 -6.81865960e-02 -4.57451940e-02 -9.67169330e-02  1.16548985e-01
  1.22419976e-01 -1.15475878e-01  2.67758388e-02  2.99391393e-02
  3.72082442e-02  1.29776850e-01 -1.24287702e-01  3.02424524e-02
  9.56739187e-02 -5.23349755e-02 -9.16632190e-02  3.42446566e-02
  6.55701756e-02 -8.72509181e-02 -1.92766488e-01  1.35207191e-01
 -2.16906205e-01  8.74792226e-03 -3.12169902e-02  7.17549697e-02
  1.37376428e-01 -2.06164241e-01  5.80651946e-02 -2.17561543e-01
  6.31849915e-02  1.70101956e-01 -3.48922983e-02 -3.17172222e-02
  4.77516167e-02  1.11224674e-01 -7.10170269e-02  8.94681737e-02
 -1.29341245e-01  2.26079404e-01 -3.50545347e-02 -5.83588704e-02
  4.45685610e-02 -7.43160397e-02 -6.01563789e-03 -2.48035137e-02
 -8.78193304e-02 -2.07095608e-01 -1.57335680e-02  2.91014835e-03
 -1.89971060e-01  1.40607759e-01  1.59346163e-02  1.38590783e-01
  1.18355297e-01  1.59154981e-01 -4.28284109e-02 -8.57395381e-02
 -7.87973329e-02 -4.62154895e-02  1.19471088e-01 -1.50496811e-02
 -4.79370803e-02  1.18001178e-01  4.17286716e-02  3.23044434e-02
 -1.45651512e-02  1.10493489e-02  7.01740384e-02 -6.14615064e-03
  1.81032360e-01 -3.60182747e-02  5.31666121e-03 -2.33126222e-03
 -1.76603973e-01 -1.55433770e-02 -1.13869356e-02  1.08761914e-01
  4.50899228e-02  1.22883461e-01  9.90337133e-03 -9.33827534e-02
 -3.26791033e-02  7.57694943e-04  6.52069449e-02 -8.34917575e-02
 -6.04009293e-02 -1.00464836e-01 -3.61915082e-02  7.59942308e-02
 -7.39836916e-02  7.60101900e-02  1.62134990e-01  1.28879389e-02
 -1.77939199e-02 -3.93177308e-02  1.11838169e-02  6.39436115e-03
 -1.83314517e-01 -1.23605048e-02  5.45959175e-03  9.23146531e-02
  4.17217910e-02  4.81294543e-02 -1.33735344e-01  4.12892140e-02
 -6.38131499e-02  4.34549265e-02 -1.54727459e-01 -1.68731920e-02
 -4.26638387e-02  3.62054980e-03  1.29373506e-01  1.82950180e-02
 -1.23537622e-01 -1.47825284e-02  2.51499508e-02  7.06463754e-02
 -8.67470950e-02 -6.92990124e-02  1.35150552e-01 -9.78480950e-02
 -5.84637262e-02 -4.90358397e-02  2.64435690e-02  1.27597498e-02
 -2.22942248e-01 -7.74464607e-02 -2.50185966e-01 -5.83470464e-02
 -7.79866949e-02 -5.65311164e-02  3.44539508e-02 -6.81394413e-02
  1.75292060e-01  5.24757206e-02  1.81877881e-01 -6.38215020e-02
 -9.92451161e-02 -5.47756534e-03  7.67939389e-02 -8.80981889e-03
 -3.43559682e-02 -8.80782977e-02 -6.36654422e-02 -8.63804072e-02
 -8.01695362e-02 -3.10535133e-01 -7.45040029e-02 -2.37010680e-02
  1.01248503e-01 -6.07467331e-02 -6.29844069e-02 -1.56023409e-02
 -6.72233850e-02  1.24490537e-01  6.61396459e-02 -4.90778647e-02
  1.89374924e-01 -5.77839054e-02 -1.00943841e-01  9.03332606e-02
  1.15740225e-01  3.64584476e-02  9.22137871e-03 -1.55814871e-01
 -2.33811185e-01  3.88535522e-02 -1.58785842e-02 -4.06349152e-02
 -3.88688520e-02 -1.74675778e-01  7.00808764e-02 -8.33422020e-02
  1.20112114e-02 -2.10005287e-02 -1.76260862e-02  6.68476149e-03
  1.97881192e-01  1.40303681e-02 -1.76880389e-01 -1.49977446e-01
 -2.87903041e-01  4.96765822e-02  1.33681120e-02  1.00058205e-01
  1.34314178e-02 -7.02803060e-02  1.45990208e-01 -3.32710780e-02
 -4.11358476e-02  3.43882814e-02  2.41712958e-01 -2.17405409e-01
 -5.49255461e-02  3.71847488e-02 -1.11268573e-02  1.20804809e-01
 -8.47280771e-02 -5.46118282e-02  5.56864478e-02 -1.09837949e-01
  7.92738944e-02 -2.59317935e-01  1.96578801e-01  1.54222459e-01
 -3.28256446e-03 -4.77675535e-02 -1.22031905e-01 -6.16883300e-02
  8.34413692e-02  2.00547390e-02 -4.30035479e-02  3.22374403e-02
 -4.22378369e-02 -1.42562881e-01 -1.11177698e-01 -2.36004218e-01
  1.72765180e-01  1.03600979e-01 -3.37684043e-02  1.07694022e-01
  4.60083485e-02  6.68324754e-02 -6.83973506e-02 -2.77029327e-03
 -5.61173335e-02 -7.55089596e-02 -6.94595426e-02  5.21811359e-02
 -3.57028581e-02 -1.66618645e-01 -9.82548520e-02 -5.66601716e-02
 -1.54095426e-01  1.79052502e-01 -1.40278071e-01  1.96850777e-01
  3.57945822e-02 -8.06042030e-02  2.24112719e-01 -6.51707128e-02
 -9.72445682e-02  3.32128280e-03 -1.00906938e-02 -6.18731007e-02
  9.82061867e-03  4.44968864e-02 -9.81682763e-02  1.26509160e-01
 -1.94527134e-02  3.37071046e-02  4.58323024e-02 -4.93711904e-02
 -2.09396243e-01  5.46917655e-02  8.11958089e-02 -8.62016231e-02
 -1.46442056e-01  1.07598871e-01 -7.30604380e-02  7.45629775e-04
 -2.73213405e-02  1.48518771e-01 -4.17899489e-02 -5.54469936e-02
  1.29127949e-01 -1.38177797e-01 -8.94278139e-02  1.12337388e-01
 -1.60410643e-01 -1.15497001e-01 -9.61326808e-02  6.44001216e-02
 -3.25022303e-02  2.84946680e-01 -1.00354992e-01 -2.27857977e-01
  4.40227650e-02  1.09720947e-02  1.54603407e-01 -3.17214616e-02
  3.44345160e-02 -1.15698233e-01  8.45497623e-02 -2.68609941e-01
 -8.77788514e-02  4.52315658e-02 -1.62553191e-02  3.46701175e-01
  8.60270038e-02  8.63765627e-02  6.08749501e-02 -1.18632980e-01
 -1.43662021e-01  1.29207401e-02 -1.42327189e-01 -1.30870938e-01
 -1.04556955e-01 -1.97973475e-01 -1.65783707e-02  9.82038826e-02
  1.17058866e-01  6.77384483e-03 -1.60592452e-01  1.20411582e-01
 -9.10978168e-02 -1.27331495e-01 -4.98251803e-02  6.62338957e-02
  6.80490881e-02 -8.03036802e-03 -3.29032466e-02  2.59731174e-01
 -4.37173853e-03 -2.00876102e-01  8.99078697e-02  1.63087592e-01
  1.80351973e-01  1.04650669e-02  1.32168934e-01  1.69673502e-01
  5.81296347e-02  1.99137386e-02 -1.85130894e-01  3.82121652e-01
 -2.91306317e-01 -4.83570024e-02 -2.48118177e-01 -4.00376245e-02
 -3.76365148e-02  5.15561290e-02  1.06863387e-01  1.16025381e-01
  3.85892168e-02 -3.67129557e-02  1.66214466e-01  3.50409858e-02
  8.30463767e-02  7.27283135e-02  9.50627923e-02 -2.22779159e-02
  1.57111958e-01  9.33987796e-02  1.55857146e-01 -1.54082969e-01
 -6.70962781e-02  1.91416889e-01 -1.02976099e-01 -1.42730862e-01
 -1.12408802e-01  5.57432771e-02  3.10881972e-01 -1.92666277e-02
  3.08752477e-01  2.23896772e-01  1.02169417e-01 -2.18037650e-01
  1.55078530e-01 -1.92931071e-01 -1.58362258e-02  8.52458179e-02
  3.58786434e-02 -4.31941077e-02 -2.03350350e-01  2.78755248e-01
 -2.05511108e-01 -2.18988046e-01 -5.98624535e-02  9.84185841e-03
  3.73907872e-02  2.01712370e-01 -4.44593914e-02 -3.72284278e-02
  5.15295304e-02  2.70676687e-02  1.59770533e-01 -2.56441217e-02
 -2.49648914e-02 -5.72254546e-02 -6.73691630e-02  2.01873537e-02]