http://erau.edu/ontology/meme.owl#MostPeopleRejectedHisMessageMeme
[-1.17203236e-01 -1.93061009e-01  3.66262868e-02  6.72720298e-02
  3.72636281e-02 -6.55301334e-03  1.93586603e-01  6.83698878e-02
 -2.66203489e-02 -1.02968797e-01  1.33262247e-01 -1.69501513e-01
  5.65730110e-02 -4.71022390e-02 -3.68198939e-02  4.94030565e-02
 -2.65599731e-02  6.11260347e-02  1.07828267e-01  1.51654959e-01
 -1.48519963e-01  4.49650586e-02  7.34948143e-02 -1.43802702e-01
  1.09270707e-01 -9.31491237e-03 -1.53949363e-02 -1.12331629e-01
  2.86296934e-01  1.22300096e-01  3.96555066e-02  7.85870254e-02
  6.70986548e-02 -1.06456250e-01  2.45610904e-02  1.54877946e-01
  5.98853454e-03  9.46158320e-02 -1.69408843e-02 -1.27110630e-01
  7.75898015e-03  1.00374646e-01 -1.21955633e-01 -2.12128144e-02
  9.68085453e-02  1.52402360e-03 -2.75564194e-02  4.42090221e-02
  2.68692188e-02  1.80432829e-03  5.99020496e-02 -3.30204074e-03
 -8.01555067e-02 -1.36554152e-01 -1.95028596e-02 -3.20781246e-02
  1.81291662e-02  2.19664443e-02  8.05858374e-02  9.05706882e-02
  2.29567550e-02 -8.49430561e-02  1.10197961e-01  6.02005806e-04
 -1.00471899e-01 -5.02223149e-02 -6.19371906e-02 -4.14363388e-03
 -1.60971731e-01 -2.14595079e-01 -1.66262656e-01  8.87704920e-03
  9.95793641e-02 -1.81717668e-02  4.53916229e-02  8.47124606e-02
 -1.59685597e-01  4.66619283e-02  9.98294279e-02 -3.52375060e-02
 -7.92795643e-02 -8.04106444e-02 -4.84854449e-03 -1.63334027e-01
  4.33159396e-02 -1.55750066e-01 -1.02908038e-01  2.99782827e-02
  1.42345473e-01  1.54483449e-02 -2.07641292e-02 -2.38961294e-01
  6.48340583e-02 -6.96188807e-02 -1.16767593e-01  2.19339766e-02
 -1.51220371e-03  9.31578130e-03  4.54578772e-02 -9.41826999e-02
  7.99159706e-02  1.67320564e-03  2.81472594e-01 -7.70968571e-02
 -2.04399917e-02 -4.50886413e-02  1.27003074e-01 -9.17063653e-02
 -3.04518919e-02 -1.23487674e-01  1.51475677e-02 -2.42881640e-03
 -1.13443300e-01 -1.74165204e-01  8.98323059e-02  1.58828586e-01
 -2.95896471e-01 -1.15004219e-01  2.53707673e-02  8.45334604e-02
  2.10310277e-02 -9.38159823e-02  2.48888899e-02  1.35203868e-01
  4.37702565e-03 -1.25356570e-01  4.28016521e-02 -5.78873083e-02
 -3.71147282e-02 -3.31560783e-02 -1.77259743e-01  8.25601146e-02
  8.53161365e-02 -8.80902261e-02 -1.24047026e-01  5.16787693e-02
  3.88937332e-02 -6.40639514e-02 -1.06062792e-01  5.97588643e-02
 -1.81394801e-01 -4.32174094e-02 -1.03712245e-03 -1.28772641e-02
  1.13639794e-01 -2.06504330e-01  9.38499868e-02 -5.85926548e-02
  3.71390246e-02  1.56529143e-01 -2.87646037e-02 -1.71301648e-01
  4.30410262e-03  4.74020094e-02 -1.78569392e-03  3.40038426e-02
 -1.47838309e-01  1.64022014e-01  9.24420878e-02 -3.45633812e-02
 -2.50665080e-02 -1.24846935e-01  3.11319400e-02 -1.29298151e-01
 -1.03768177e-01 -1.88188717e-01 -1.13874182e-01  4.57462780e-02
 -3.56474131e-01  1.22297294e-01  6.38785958e-02  2.07509711e-01
  1.54597819e-01  6.32923767e-02 -2.72429734e-02 -4.35222276e-02
 -8.29121619e-02 -1.11382626e-01  1.23569176e-01 -6.62167370e-02
 -8.76119360e-02  2.04098761e-01  4.18304577e-02  6.83931559e-02
 -1.97799597e-02  6.30201250e-02  9.09968987e-02 -3.03552598e-02
  2.79089928e-01 -2.00950745e-02  4.53523919e-02 -9.54730716e-03
 -2.12433890e-01 -4.46416773e-02 -3.63533199e-02 -8.05853866e-03
  5.35550490e-02  9.87132564e-02 -9.41494107e-02 -3.72861028e-02
 -4.94159234e-04 -1.09832332e-01  1.61159076e-02 -1.34004042e-01
 -8.34979117e-02 -2.37227201e-01 -2.28450801e-02 -5.82660325e-02
  1.36917625e-02  1.19928852e-01  2.30204567e-01  1.76523075e-01
 -7.39128441e-02 -1.45715162e-01  1.92768261e-01  3.87959369e-02
 -1.03980787e-01 -2.34982166e-02  1.02387354e-01  5.78598678e-02
  2.17424765e-01  6.46050945e-02 -1.97604343e-01  3.43563817e-02
  4.03860845e-02  4.86767367e-02 -1.91872761e-01 -5.24116494e-02
 -3.30113731e-02  7.38380849e-02  5.58377802e-02 -2.77060606e-02
 -7.46209547e-02 -7.00548068e-02  5.62655041e-03 -8.62794816e-02
 -4.17459048e-02 -7.68250823e-02  5.46223298e-02 -1.21957920e-01
 -2.88830642e-02 -6.19421378e-02  3.72389816e-02 -1.06291110e-02
 -2.44276837e-01  2.87971310e-02 -1.35572016e-01  8.88982695e-03
 -1.48453385e-01  2.70987786e-02  7.90701658e-02 -2.23808996e-02
  9.85355750e-02  9.47471559e-02  1.72296301e-01 -1.03383645e-01
 -1.31723285e-01 -3.94069813e-02  2.00172234e-03  1.12020075e-01
 -5.75313270e-02 -1.91331863e-01 -3.11540086e-02 -3.89409028e-02
  2.91991886e-02 -9.00567845e-02 -1.35904863e-01 -7.85133243e-02
 -2.28479709e-02 -1.19538102e-02 -1.53932755e-03 -1.22583203e-01
 -5.44247888e-02  1.52100265e-01  1.98590279e-01  3.24237719e-02
 -1.07593685e-02 -1.07665211e-01 -1.16178089e-05  2.23802645e-02
  9.89085585e-02  1.38652306e-02 -4.18046452e-02 -6.63892627e-02
 -1.23976156e-01  1.03970222e-01  1.48539413e-02  1.98758058e-02
 -3.17538008e-02 -2.98627596e-02  8.79544881e-04 -3.03060170e-02
  4.05308492e-02 -3.49401087e-02  7.02354759e-02  5.37740476e-02
  5.51336706e-02  9.28624067e-03 -7.49398321e-02 -1.27882212e-01
 -2.42327660e-01 -3.41995293e-03  4.34108041e-02  6.65674284e-02
  2.47114487e-02 -3.60769429e-03  2.08909735e-01 -6.21267408e-02
 -7.77384266e-03  1.34859085e-01  1.97499052e-01 -1.55283168e-01
  7.78710321e-02  1.23222165e-01  5.38084283e-02  5.16201779e-02
  5.92268072e-02  5.33172339e-02 -1.70019865e-02 -5.48088290e-02
  1.13854133e-01 -1.92730308e-01  6.40789717e-02  7.36895502e-02
 -8.39940012e-02  7.14494288e-02 -8.79054293e-02  3.52681428e-02
  1.12983733e-01 -2.45507341e-02 -2.79751476e-02  9.10898263e-04
  1.51983395e-01 -6.81612641e-02 -4.83718887e-02 -1.63921684e-01
  5.28173931e-02  4.78366800e-02 -1.57185540e-01 -2.71863211e-03
 -2.65864120e-03  1.35047048e-01 -6.90453425e-02  5.16053941e-03
 -1.40618056e-01  3.05641778e-02 -1.56043693e-01  6.36381730e-02
 -3.83668542e-02 -3.75821553e-02  6.41715294e-03  3.61605696e-02
 -1.41838342e-01  2.28159860e-01 -1.27681017e-01  2.21461039e-02
 -1.70269352e-03 -1.45278662e-01  1.38049468e-01 -3.01203765e-02
 -1.60513029e-01  7.37385675e-02 -2.33863723e-02 -6.46208078e-02
 -1.73288956e-02 -7.62138963e-02 -6.37166873e-02 -2.95954198e-02
 -6.34286478e-02  3.87478285e-02  2.84816395e-03  5.19862585e-02
 -2.40745202e-01 -9.42476932e-03  1.43590659e-01 -6.39155582e-02
 -1.64798498e-01 -5.03598452e-02  4.23489213e-02 -1.49339482e-01
  7.18103573e-02  6.55310005e-02 -2.19204668e-02 -1.25150010e-01
  1.09261177e-01 -1.16560511e-01 -1.95612490e-01  1.55328870e-01
 -7.10224360e-02 -2.41766170e-01 -1.41327873e-01  5.51978461e-02
  4.78707440e-02  2.53827929e-01 -1.27067119e-01 -2.51627296e-01
  5.52996472e-02  1.98597759e-01  1.70999199e-01 -6.32354692e-02
 -5.13725840e-02 -5.80292940e-02  3.57114598e-02 -3.04443002e-01
 -1.86182261e-01  1.94698330e-02  3.21474974e-03  3.10639322e-01
  9.09822881e-02  9.88272130e-02  6.60609305e-02 -2.31085256e-01
 -1.95572346e-01  2.41623800e-02  1.58618558e-02 -3.29311527e-02
 -5.13018556e-02 -8.29282999e-02  2.61564385e-02  1.76229492e-01
  8.48195553e-02 -3.92741561e-02 -9.54234898e-02  6.37913942e-02
 -5.86919598e-02 -1.02452442e-01 -3.15141603e-02  1.49924651e-01
  1.10446088e-01 -2.02309385e-01  4.70331535e-02  2.63061106e-01
  5.68917915e-02 -8.33088756e-02  1.39103889e-01  1.59705386e-01
 -1.25955453e-03  1.42699527e-03  3.55333276e-02  1.28046393e-01
  1.90830052e-01  1.16870135e-01 -1.06211089e-01  3.84663850e-01
 -1.77445203e-01 -8.84818584e-02 -2.03680620e-01 -2.21499354e-01
 -1.64745316e-01  1.48616076e-01  1.05529793e-01  1.14859968e-01
  6.04698770e-02 -3.42759974e-02  1.97250798e-01  7.13935494e-02
  8.29250589e-02  4.06027548e-02  1.63467333e-01 -1.13036009e-02
  1.02103174e-01  8.19580778e-02  6.92689791e-02 -8.93308520e-02
 -5.35770990e-02  5.59612550e-02 -2.24443525e-02 -7.34094530e-02
  3.46568786e-03  7.74081349e-02  1.55568421e-01 -5.72672635e-02
  1.34165153e-01  1.86100662e-01  6.30504265e-02 -8.40122998e-02
  1.07286140e-01 -1.82898507e-01 -5.96469603e-02  1.27328217e-01
 -2.08924431e-02  3.91504467e-02 -1.62645146e-01  3.08082134e-01
 -1.12540767e-01 -2.76183009e-01  9.96769965e-02 -4.43290062e-02
  1.09928690e-01  6.48047253e-02 -9.31782871e-02  6.04279281e-04
  1.18266277e-01  1.07328735e-01  1.13287583e-01  4.55073044e-02
 -3.97900939e-02 -4.08402383e-02  6.90742284e-02  1.88250259e-01]