http://erau.edu/ontology/meme.owl#FandomStuckMeme
[-9.85324830e-02 -6.47925446e-03  6.99899346e-02  1.33415714e-01
  4.72263284e-02  4.67886291e-02 -8.74141082e-02  3.48366350e-02
  9.70082954e-02 -2.29408413e-01 -1.27123728e-01  2.87503511e-01
  2.04617590e-01  1.57113537e-01 -6.20995127e-02 -1.83292076e-01
 -9.78385434e-02 -7.61833861e-02  2.75980104e-02 -5.82149029e-02
 -1.08255548e-02  1.68873861e-01 -3.84936929e-02  1.40599862e-01
  3.54122184e-02 -1.91064447e-01  1.11539150e-03 -1.92597657e-02
  3.75689603e-02 -7.82842264e-02 -2.23847136e-01 -7.48912469e-02
 -1.55210704e-01 -2.02483665e-02 -1.30312517e-01  4.50078733e-02
 -1.50053307e-01  1.24270000e-01  4.79909703e-02  2.48914674e-01
  7.66534805e-02  3.45629863e-02 -2.68371195e-01 -3.71070355e-02
 -2.23256722e-01 -6.02884740e-02  7.88451806e-02 -1.81643635e-01
  5.48133589e-02 -1.71947449e-01 -9.93052125e-03  1.80798545e-01
  2.16528147e-01  1.35269007e-02 -1.89560533e-01  2.40164429e-01
 -7.82900453e-02 -1.85898542e-02  1.12855688e-01  1.82149857e-01
  1.86761349e-01 -1.71967074e-01  1.88211799e-02  3.76503691e-02
 -6.39250651e-02 -4.51264568e-02 -1.10798828e-01 -6.83838353e-02
  1.05017059e-01 -1.08648911e-01  1.50484666e-01 -2.36985944e-02
 -1.77946575e-02 -1.27086565e-02 -2.15460047e-01 -7.27677569e-02
 -3.51611823e-02 -1.09903187e-01 -2.81607751e-02 -1.13287963e-01
  1.47663221e-01  1.83520660e-01 -2.69062936e-01 -1.10817388e-01
 -4.95938323e-02  9.37556569e-03  1.29706725e-01  4.84932661e-02
 -2.77341343e-02  2.69702196e-01 -1.04873709e-01 -7.86013901e-03
 -2.12032974e-01 -2.53177714e-02  5.55509143e-02 -7.50811845e-02
 -5.09265661e-02  2.73589641e-01  2.03622505e-02 -2.29993686e-02
  9.37728584e-02 -5.76655008e-02 -9.20147300e-02  3.43747884e-02
  1.48276612e-01 -1.09123243e-02  8.43974799e-02  1.90969780e-01
  1.10966690e-01 -1.87214557e-02  1.86847717e-01  1.20770171e-01
  2.79425886e-02  3.00441012e-02  1.67558432e-01 -1.27472341e-01
  3.89873609e-02 -1.52162891e-02 -1.36629775e-01 -1.98492724e-02
  3.26004019e-03  1.50392532e-01  1.23050660e-02  6.38933666e-03
 -2.05527857e-01 -2.45361701e-01 -1.71091333e-02  1.53456345e-01
 -2.28909746e-01 -1.41149178e-01 -3.74496728e-02  4.33417037e-02
  2.26442404e-02 -1.79593399e-01  9.77316052e-02 -1.09421931e-01
  1.15979247e-01  3.64395194e-02  3.85419093e-02 -3.51802027e-03
 -7.53065571e-02 -2.22650822e-03 -6.55983686e-02  5.74582145e-02
  2.19235420e-02  2.45925430e-02 -5.53430244e-02 -1.31866351e-01
 -1.04917377e-01 -2.20997147e-02  7.66717270e-02  3.69482674e-02
 -1.64180949e-01 -1.25425816e-01 -9.94637683e-02 -1.30832434e-01
  3.94553281e-02 -9.28465556e-03 -7.29539245e-02 -5.13437204e-02
  7.26155117e-02  2.40590110e-01  9.98261496e-02  1.35025838e-02
 -1.22132882e-01 -1.11627072e-01  1.06178615e-02  1.43421605e-01
 -1.82442591e-01 -4.48653139e-02 -3.43964510e-02 -2.21608281e-02
 -2.50624940e-02  1.89177766e-01  1.29203945e-01 -1.02740498e-02
  6.42179251e-02  3.15101333e-02  1.89445578e-02 -3.03606056e-02
 -1.88014969e-01 -8.99938792e-02 -3.21914554e-02 -3.65603417e-02
 -2.58062221e-02 -2.47711167e-02 -1.78577393e-01  3.00972145e-02
  1.24971867e-01  1.33167475e-01 -8.67580893e-05  2.43972868e-01
  2.05054119e-01  1.30050361e-01 -1.19610004e-01 -1.97841022e-02
 -7.72892758e-02 -5.51665202e-02 -1.34829015e-01  1.81412831e-01]