http://erau.edu/ontology/meme.owl#FirstKissMeme
[-0.07482849 -0.08801726 -0.01502747 -0.03172214 -0.06512191  0.14719564
  0.14349191  0.15207934 -0.03841176 -0.14239977 -0.04606144 -0.131489
 -0.06493174 -0.17217463 -0.03997462  0.17891811  0.02215179  0.14680597
  0.06728216  0.07763928 -0.15666565  0.04249257 -0.07350665 -0.08621059
  0.12193841 -0.02607893  0.09272967 -0.21208742  0.2387234   0.19468033
 -0.00641438  0.13017239 -0.0604241  -0.04806338 -0.11627692  0.29569763
 -0.03380697  0.07025356 -0.04777882 -0.19963108  0.07136856  0.08764532
 -0.10447557  0.07744     0.11077596 -0.04150292  0.02962619 -0.01477867
  0.05880772  0.14694439  0.05157015  0.05194445 -0.08197542 -0.11844011
 -0.09772771 -0.08292427  0.09539681 -0.00072439  0.0075166   0.01831214
 -0.13747764  0.03000729  0.06420287 -0.09269587 -0.12787023 -0.08507404
 -0.0832322  -0.03203709 -0.07112142 -0.25505316 -0.20842469  0.0997472
  0.09076179  0.10147721 -0.00553637  0.2525775  -0.10240151  0.09828054
  0.11228842  0.1201432  -0.03509942 -0.13037427  0.06217018 -0.14594479
  0.11815923 -0.1498696  -0.13182169  0.09450653  0.11115305 -0.04277356
  0.02657632 -0.29914218  0.18331975 -0.16674756 -0.05647099  0.07023013
  0.04651717 -0.03356399  0.07137    -0.1936651   0.15821677 -0.01990125
  0.39619505 -0.14745522  0.11349057 -0.01498193  0.04465255 -0.13664572
 -0.00902873 -0.10048839  0.12758553  0.02365828 -0.20178668 -0.20744416
  0.10690853  0.17957084 -0.25302538 -0.14130777  0.00843277  0.05631949
 -0.06666899 -0.06285162 -0.02295117  0.07487933  0.07745482 -0.21158727
  0.11709822 -0.05329365 -0.00391677  0.04273679 -0.2635487  -0.03505625
  0.01011398 -0.09846871 -0.16797833  0.00583679 -0.11920956 -0.03820913
 -0.11942995  0.05834015 -0.45556986  0.00330778 -0.00682113  0.01898277
  0.16362233 -0.14745902  0.05796238 -0.14705615 -0.08080737  0.33961678
 -0.13305156 -0.11480442 -0.03187382  0.07538615  0.03710952  0.01749989
 -0.22942452  0.15500425  0.04565259 -0.08738518 -0.05921241 -0.17707363
  0.05706015 -0.20552497 -0.04623251 -0.06214469 -0.04319917  0.09799241
 -0.37013116  0.1067298  -0.03608122  0.1630129   0.13084099  0.14221144
 -0.03846175 -0.09361137 -0.18538193 -0.10723351  0.22082521 -0.0827863
 -0.05805844  0.2713408   0.08948815  0.22579691 -0.11808047 -0.00480882
  0.01810761  0.03271763  0.40665835  0.03209376  0.19240375  0.04342226
 -0.27293426  0.01900561 -0.07508906  0.12080621  0.02064231  0.02873378
 -0.15909617 -0.14378044  0.02870452  0.08602618  0.11258639 -0.08174422
 -0.17141217 -0.15391456  0.01741339 -0.0968491  -0.16186532 -0.03190213
  0.1882309   0.16534771 -0.02609495 -0.04546224  0.0581622   0.02304034
 -0.09399081 -0.15674552  0.1766725   0.03851544  0.22314474 -0.02190343
 -0.09161963  0.09250505 -0.01184078  0.01503575 -0.13428047 -0.05952778
 -0.0414899   0.12892352  0.18032362  0.06212667 -0.01915466 -0.03124172
  0.18388972  0.13923112  0.01324113 -0.0284926   0.07142571 -0.07117054
  0.100524   -0.10121078  0.11189783 -0.06660561 -0.10778569  0.05762187
 -0.2687709   0.04299119 -0.05287817 -0.01295547  0.08736843 -0.07024336
  0.0713027   0.14274096  0.20261073  0.00307344 -0.04538439 -0.05721731
  0.07562346  0.0928064   0.07455135 -0.13852818  0.12553973 -0.06597254
 -0.00545975 -0.19295809 -0.17559277 -0.04117734  0.10007294 -0.1392293
 -0.08633202 -0.06610516 -0.06451093  0.15063529  0.15500979 -0.08445005
  0.04027854 -0.08341366 -0.03070082  0.02598222  0.15017192  0.1301012
 -0.06496685 -0.08596087 -0.17320701  0.00579112 -0.01219849  0.07989824
 -0.01139159 -0.0964207   0.00763761 -0.06255452 -0.02836063 -0.00999511
  0.10238543  0.11100093 -0.06742852 -0.0636138   0.0176485  -0.03432674
 -0.2770333   0.01842746  0.03612053  0.17514908 -0.05306468  0.01373566
  0.11473217 -0.02008746 -0.00181559  0.21671425  0.16077547 -0.0382384
  0.10514145  0.15619907  0.05517058  0.02688722 -0.01721429 -0.10905961
  0.03597328 -0.04766801  0.10950636 -0.2676141   0.14147551  0.01251271
 -0.19425398  0.10763699 -0.18295981  0.02449184  0.04723682 -0.01216705
 -0.01706938  0.14390889  0.1627847  -0.04186016 -0.11925866 -0.16535226
  0.09198552  0.01267693 -0.13732493  0.01891647  0.03972692  0.02820988
  0.01951464 -0.06485905 -0.11345923 -0.10383462 -0.15397047  0.03138708
 -0.0355782  -0.10107484 -0.0128966   0.05567422 -0.16036966  0.23167026
 -0.19527377  0.13120665 -0.06617209 -0.22011293  0.16456167 -0.04645872
 -0.24302965  0.11656941 -0.07486416  0.03690819  0.00605672 -0.07639699
 -0.07860668  0.02761033 -0.04485283  0.11593913  0.1290964  -0.00364971
 -0.13169098 -0.02233637  0.0040745  -0.08471108 -0.09762938 -0.07523964
 -0.10193323 -0.08392724  0.07910922  0.20376757 -0.14715995 -0.1457421
  0.21407406 -0.03684275 -0.20960745  0.12696807 -0.12674952 -0.09624885
 -0.18995373  0.12049302  0.01840143  0.16947092 -0.08983504 -0.2582842
 -0.00260974  0.1035573   0.29383507  0.06124855  0.00931903 -0.01957598
 -0.00294535 -0.2851007  -0.16689594  0.09908031  0.02716487  0.09805469
  0.13509752  0.3609863   0.14197998 -0.22197299 -0.16615756 -0.0645963
  0.07254297  0.00489071 -0.04741968 -0.02213538 -0.0793739   0.08720789
 -0.02658961  0.02563312 -0.11440369  0.13470913 -0.06111802 -0.25434092
  0.03944923  0.32351166  0.12092434 -0.10431602  0.03636331  0.24279876
 -0.01894808 -0.19894442  0.09800761  0.18698776 -0.03729239 -0.08150816
 -0.01907732  0.2246123   0.11881192  0.04888876 -0.07222395  0.39533633
 -0.2655163   0.0028744  -0.14710158 -0.0887402  -0.09998535  0.17219487
  0.08702388  0.05556434  0.04839692 -0.00141511  0.11459383 -0.13628164
  0.0024845   0.1861071   0.04098686 -0.14348641  0.12272174  0.08075093
  0.08460426 -0.08886628  0.0022993  -0.01123084 -0.00551591 -0.12550914
 -0.14597243  0.09553466 -0.0247841  -0.01879639  0.24030933  0.06781804
  0.04967245 -0.15235175  0.14724666 -0.16248275  0.05364281  0.0245226
 -0.15702711 -0.04108538 -0.13083215  0.3971873  -0.00931405 -0.2322074
  0.14616555 -0.07204416  0.19321312  0.11582778 -0.13905631  0.0120993
 -0.01809232 -0.09020676  0.24428363 -0.06931812 -0.05600154 -0.06611423
  0.01843892  0.25635543]