http://erau.edu/ontology/meme.owl#GoozertheDinoMeme
[-0.1095592  -0.00887692  0.07138316  0.13804412  0.0465359   0.05503394
 -0.08937848  0.02897201  0.09471832 -0.22553593 -0.13063782  0.2952922
  0.21116294  0.16244915 -0.06652899 -0.18791352 -0.09526164 -0.07396059
  0.03081539 -0.05492722 -0.01432594  0.18062451 -0.04907538  0.14966364
  0.03056234 -0.20609808  0.0010772  -0.03161513  0.04122453 -0.08049092
 -0.23004343 -0.07425511 -0.15859683 -0.02133009 -0.1387358   0.04779926
 -0.15433857  0.13519403  0.05535731  0.25389734  0.08045684  0.03222835
 -0.2816786  -0.02920483 -0.23758155 -0.05914783  0.076006   -0.18470545
  0.05483769 -0.17538534 -0.00886518  0.18074533  0.21672127  0.01185844
 -0.19563083  0.256404   -0.08584234 -0.02465736  0.11875533  0.18788226
  0.19974923 -0.17329589  0.01893814  0.04411139 -0.06606767 -0.04477568
 -0.12431396 -0.06607912  0.1073234  -0.11721232  0.14595021 -0.02137783
 -0.0160577  -0.01762969 -0.21617064 -0.08296663 -0.03757021 -0.12040927
 -0.02958097 -0.11964327  0.16907355  0.19500183 -0.2754621  -0.11347366
 -0.04149655  0.00268951  0.1384392   0.04758578 -0.02184993  0.27975252
 -0.1000982  -0.00858464 -0.22231309 -0.02692952  0.05153148 -0.08745175
 -0.05284974  0.28258514  0.01671774 -0.02168586  0.1047183  -0.05920422
 -0.081956    0.02724016  0.15386768 -0.01305789  0.08883061  0.19434501
  0.1138814  -0.02571401  0.19445711  0.12123995  0.03010091  0.01607646
  0.17319395 -0.13160227  0.04149866 -0.01907817 -0.14005704 -0.00964561
  0.00948035  0.16557652  0.01055564  0.0103622  -0.22112383 -0.25120443
 -0.02512513  0.15605597 -0.23758233 -0.15219574 -0.03704718  0.04348025
  0.02096022 -0.18641768  0.11006242 -0.10879318  0.1220554   0.04046345
  0.04589792 -0.01069384 -0.08457523 -0.0016481  -0.06474669  0.07217237
  0.01312046  0.03541694 -0.06590629 -0.12928078 -0.10389876 -0.02994101
  0.08094656  0.03216423 -0.164893   -0.13966984 -0.11072729 -0.1426459
  0.04168773 -0.0092499  -0.06630519 -0.06456304  0.07408943  0.2523085
  0.10682995  0.01459108 -0.12045994 -0.11835343  0.01416277  0.14085005
 -0.18221125 -0.04152671 -0.02863541 -0.0269381  -0.03009692  0.19922781
  0.13505088 -0.01278024  0.0667983   0.03661662  0.0158847  -0.03458244
 -0.19350915 -0.08356282 -0.03272858 -0.02997735 -0.02888883 -0.0248016
 -0.1922597   0.03420444  0.12778535  0.1301993  -0.00655557  0.2591592
  0.21658084  0.13928603 -0.12139478 -0.01907221 -0.08720225 -0.06140428
 -0.1430746   0.19431713]