http://erau.edu/ontology/meme.owl#ThingsTimHowardCouldSaveMeme
[-0.15734735 -0.23483324  0.0672173  -0.0382835  -0.15192623 -0.04608852
  0.20137264  0.25401652  0.0987939  -0.11798106  0.19196035 -0.13967802
  0.05732582 -0.09015353 -0.00729555  0.0512621   0.0188433   0.16590582
  0.088485    0.14639433 -0.21929401  0.23160078  0.18663943 -0.15464291
  0.18160519  0.23025773  0.24489169 -0.08024988  0.37038004  0.12629004
 -0.00170135  0.0288089  -0.01787581 -0.11702657 -0.02447362  0.19109723
 -0.08679008  0.1229206   0.00124904 -0.21139176  0.04233872  0.2334731
 -0.1317689   0.04699449  0.14115793 -0.01044322 -0.0067347  -0.05763931
 -0.01266797  0.12803875  0.14764453 -0.17648235 -0.08372004 -0.07222319
  0.02785039 -0.20701316  0.06010582  0.10640889  0.12586315  0.00817469
 -0.13474645 -0.12691294  0.0814583   0.06503472 -0.13128947 -0.08895987
  0.03462237 -0.03914913 -0.1265536  -0.13107437 -0.13466801  0.19170637
  0.08792136 -0.02110884  0.02578249  0.09432139 -0.19185661 -0.00141814
  0.179083   -0.01959719 -0.10864431 -0.04967991 -0.16339578 -0.23751068
  0.04829936 -0.12277536 -0.17386232  0.13379161  0.07210776 -0.04812215
  0.08429484 -0.34997007  0.16510268 -0.02634408 -0.01299292  0.05387455
  0.01672977 -0.0197558   0.06757215 -0.15546726  0.10605244  0.04186342
  0.21681638 -0.19903362  0.05593332 -0.14574721  0.33495218 -0.03267967
 -0.00486984 -0.06008535 -0.0102344  -0.01491158 -0.25530082 -0.13381785
 -0.09275471  0.06269055 -0.30712676 -0.25758904  0.03128156  0.02432294
  0.08813944 -0.13125995 -0.04107709  0.02572549  0.09932017 -0.20890763
 -0.00557471 -0.11163233  0.16136989  0.10399822 -0.17214715  0.02114961
 -0.00424186 -0.02173433 -0.19203852  0.12485041  0.00968048 -0.1848571
 -0.10815199  0.14574751 -0.2644862  -0.0288505   0.02447876 -0.00071174
  0.1506754  -0.27169564  0.14060639 -0.16573119 -0.09837842  0.1796172
  0.05009849 -0.02721981  0.06747674  0.08169675 -0.08384534  0.03625206
 -0.06149843  0.26593158  0.01519114 -0.11823326  0.01821572 -0.04352737
  0.0452857  -0.09996229 -0.12274495 -0.2094674  -0.0247857  -0.13617682
 -0.2166485   0.19878936  0.01105645  0.1350488   0.13165122  0.1510563
 -0.02045197 -0.1091559  -0.10245611 -0.03258108  0.09565979 -0.03748038
 -0.04731952  0.06767936  0.00449466  0.04139328 -0.05853847  0.01036039
  0.07178287 -0.00866826  0.21328005  0.02172189  0.04031708 -0.07504385
 -0.26320544 -0.08563884 -0.05078781  0.11379249 -0.06384512  0.16630714
 -0.01872214 -0.01102637 -0.08160863 -0.06442031  0.06754787 -0.22628549
  0.0343098  -0.20691273  0.00291339 -0.02492073  0.01851874  0.13574271
  0.3179985  -0.03611403  0.03955722 -0.15318437  0.11005626 -0.01697521
 -0.17640606 -0.15327959 -0.02243378  0.14932668  0.255958    0.12897503
 -0.08864294  0.01495498 -0.0395457   0.04208336 -0.22276607 -0.08928835
 -0.02544849  0.02032452  0.19925074  0.13041076 -0.10771551  0.08282745
 -0.00445655 -0.02062167  0.00172603  0.12715532  0.18561953 -0.10335713
  0.02504715 -0.06650313  0.09225813 -0.09475901 -0.09070294  0.03641463
 -0.15898687 -0.05204909 -0.09079655 -0.10471741  0.06798837 -0.05807574
  0.11180636 -0.00475571  0.018703   -0.04364031 -0.06736128 -0.05853401
  0.01393897  0.0908047  -0.04374614 -0.06837168  0.05016733 -0.04510602
 -0.11774291 -0.18272962 -0.0862736  -0.06384146  0.09208094 -0.08188439
  0.10693099 -0.10502975 -0.03061738  0.14698368  0.07077739 -0.13372941
  0.00162523 -0.03022348 -0.0162428   0.01752379 -0.03499857  0.11701657
 -0.02737287 -0.01248617 -0.22993246  0.04652743 -0.01313907 -0.04242921
  0.09369606 -0.11226458  0.01546673  0.0455813  -0.03851706 -0.04039451
 -0.02777779 -0.00259728  0.20839469  0.04297514 -0.05890261 -0.06330146
 -0.15135781 -0.04815324 -0.05850917  0.15144612  0.00220544 -0.02999288
  0.20089062 -0.00268301  0.1258042   0.06651286  0.12955135 -0.21168448
  0.05306447  0.22142813  0.04769365  0.03927694  0.0471281   0.12928297
  0.06776122 -0.05370036  0.094016   -0.26706648  0.14731964  0.16602768
  0.05690916 -0.02371192 -0.30252662 -0.00777068  0.05978574 -0.05859475
  0.02573613  0.00289671  0.10653213 -0.02538433 -0.18702452 -0.24024367
  0.16545893  0.04427674 -0.17637017  0.14820918  0.03169672  0.18457748
 -0.11260828  0.07155485 -0.12228045  0.05467641 -0.09983307  0.02175094
 -0.1746975  -0.03081333 -0.05099501  0.0936961  -0.13726535  0.19648604
 -0.11729848  0.07393768 -0.06231396 -0.25705191  0.22957419  0.01534994
 -0.20649968  0.09262131 -0.02074608  0.03987854 -0.01417994  0.01216003
 -0.20726007 -0.06905119 -0.08477832  0.00311029 -0.12796116 -0.02104639
 -0.27714184  0.05632602  0.00595619 -0.18389426 -0.22638652  0.08662839
 -0.0539005   0.07291693  0.06888257  0.12764084 -0.08341931 -0.04095669
  0.12692441 -0.21412572 -0.1200484   0.08277001 -0.1620228  -0.11365223
 -0.19287     0.12474688 -0.07621797  0.31640297 -0.10263798 -0.3189785
  0.01131956  0.05492457  0.33587575 -0.1386864  -0.07909823 -0.15383248
 -0.08112528 -0.2505366  -0.11355974 -0.04587966  0.06480394  0.3431679
  0.13384314  0.18608664  0.13750984 -0.10270608 -0.21698025 -0.04185646
  0.08956538 -0.05593034 -0.12486186 -0.08809657  0.06192075  0.13787024
  0.22446038  0.04767454 -0.06351409  0.20169543  0.04847334 -0.2569461
 -0.09797819  0.17306203  0.10488652 -0.12900329 -0.02978542  0.26401854
  0.18355584 -0.15761131  0.11146493  0.12712023  0.01091528  0.15942493
  0.03942792  0.08083753 -0.03762805  0.03652492 -0.17969859  0.24291976
 -0.29675725  0.04288974 -0.2451119  -0.2630517  -0.09043924  0.18393505
  0.18321203  0.06512707  0.0943455   0.05841795  0.19223882 -0.0695693
  0.03891677  0.02135073  0.15072711 -0.00188699  0.18020907  0.02486118
  0.19285613 -0.13184829 -0.03251728  0.23637585 -0.11358183 -0.21205097
  0.06254938 -0.00996808  0.14439522 -0.09911159  0.27054784  0.08921088
 -0.05203624 -0.21128546  0.14180376 -0.20630151 -0.1985353  -0.02226293
 -0.04043764 -0.03936717 -0.1965563   0.4401545  -0.13353612 -0.19523194
 -0.06439273  0.09555244  0.0596462   0.12143262 -0.04375317 -0.04072282
  0.0957603  -0.02350182  0.2448757  -0.11450162 -0.0365585  -0.15390004
 -0.00112829  0.17915101]