http://erau.edu/ontology/meme.owl#PikaScottMeme
[-1.81354750e-02 -1.16234712e-01  5.49330898e-02  8.16573054e-02
 -5.87205179e-02  3.77177447e-02  1.09078035e-01 -7.01690316e-02
  1.15258284e-02 -6.98060393e-02  7.82547966e-02  2.40597818e-02
  9.42569897e-02  1.07401736e-01  3.67962644e-02 -1.07375771e-01
  9.84317809e-02  4.36864905e-02  2.95159072e-02  3.06599624e-02
 -1.28249869e-01  1.16640672e-01  7.46138096e-02 -7.74318725e-02
  9.11724418e-02 -6.26013428e-02 -1.11511558e-01  2.13156710e-03
  3.31376284e-01  1.83043033e-01  1.25681847e-01  1.42322779e-01
  7.56499590e-03 -4.59060483e-02  2.65348889e-02  1.04311496e-01
 -4.21039388e-02  8.19137413e-03 -5.61976470e-02 -3.30624916e-02
 -7.26128742e-02  1.36206850e-01 -1.64730027e-01  3.69167551e-02
  7.00624883e-02 -4.91815768e-02  4.67110276e-02 -9.48201865e-02
 -1.42541360e-02 -1.55145722e-02  1.79059748e-02  7.84852579e-02
 -7.10197687e-02 -2.21076310e-01 -1.03279814e-01  5.33438548e-02
  1.19881406e-01 -1.24212183e-01  1.78715348e-01  8.67222324e-02
  3.22193932e-03  4.05755900e-02  1.00074857e-01  1.06620928e-02
 -1.09808370e-01  1.75595507e-02  3.68374027e-02  2.26844233e-02
 -3.70796509e-02 -3.87509055e-02 -1.42613813e-01  2.15688944e-02
  2.62260400e-02  1.71612054e-02  6.69589341e-02 -3.34328003e-02
  2.14741267e-02  1.35264760e-02  1.33520633e-01  1.34470174e-02
 -1.05388790e-01 -2.34502424e-02 -1.17714321e-02 -1.08354963e-01
 -1.42743066e-02  1.45666336e-03 -1.26479417e-01  1.29331484e-01
  5.35188168e-02  3.52769084e-02  1.58193670e-02 -7.61885494e-02
 -2.73905881e-02 -1.78365186e-02 -1.06164046e-01  1.18192464e-01
 -7.34403543e-03 -6.00278191e-02 -1.16345420e-01  1.42152635e-02
  4.20600064e-02  4.86831665e-02  2.07536370e-01 -4.66275662e-02
 -6.61610961e-02  7.50936940e-02 -2.68013738e-02  2.62094550e-02
 -9.52860862e-02 -1.00876249e-01  1.00298133e-02 -3.21386382e-02
 -4.97998260e-02 -4.15295027e-02  1.14870064e-01  3.78818698e-02
 -4.48409542e-02 -3.84771707e-03  9.31786373e-02  4.49605994e-02
  5.96349090e-02 -6.17133975e-02 -5.13368063e-02  5.80662787e-02
  9.51883048e-02  9.02438350e-03 -2.38500331e-02  4.94127758e-02
  8.50718766e-02  3.19119394e-02 -2.17908561e-01 -3.18575427e-02
 -6.17042184e-02 -1.08499415e-01 -5.88163175e-02  1.35833845e-01
 -1.57995149e-02 -8.18067640e-02 -3.96525487e-02  1.11552462e-01
 -2.19059169e-01 -4.45943102e-02  1.98813081e-01  1.00722142e-01
  1.04324512e-01 -1.57132477e-01  2.59625912e-02 -7.80784339e-02
 -1.10824175e-01  4.77809869e-02 -2.07589902e-02 -8.90822560e-02
 -5.99499010e-02  9.39505473e-02 -1.08680185e-02  1.30790666e-01
 -8.91814381e-02  2.16601431e-01  9.40632373e-02 -5.00190593e-02
 -1.08504314e-02  2.93731838e-02  3.78883407e-02  5.40687107e-02
 -2.66382128e-01 -7.96011761e-02  1.15635388e-01  1.90867946e-01
 -2.40833312e-01  1.36993349e-01 -3.29460599e-03  6.58340305e-02
  1.63017124e-01  5.57234399e-02 -7.14500621e-02  9.03504714e-02
 -2.29715537e-02 -8.21544323e-03  6.01122901e-02  6.14455086e-04
 -9.00853798e-02 -1.08010881e-02 -3.79038677e-02  5.19147366e-02
  3.72942304e-03  4.41037724e-03  6.65713772e-02  5.93554154e-02
  1.34271666e-01 -5.58130145e-02  1.37516519e-03 -8.77202973e-02
 -8.91607851e-02 -1.11946642e-01  4.92552631e-02 -5.68620972e-02
  3.02632544e-02  2.31840327e-01 -7.44866505e-02 -4.82872203e-02
  4.80518118e-02 -4.18095663e-02  6.45943210e-02  1.87868048e-02
 -5.69814444e-02 -2.56320417e-01  2.87602103e-04 -1.29606426e-01
  1.46388248e-01  1.06012590e-01  2.41983026e-01  1.48554742e-01
 -1.19644031e-02  1.38661535e-02 -4.27967310e-02  1.13449665e-02
 -3.46737318e-02 -8.65340903e-02  6.14055097e-02  1.50454402e-01
  5.81947826e-02  1.14405647e-01 -5.95517680e-02  1.25360796e-02
  7.37954378e-02  8.42597485e-02 -9.12119448e-02  1.51666924e-02
 -7.04471394e-02  1.12749469e-02 -1.68324541e-02  4.16206196e-02
 -2.62097083e-02 -5.50310612e-02 -1.06391199e-01  5.33513203e-02
 -5.62981181e-02 -1.47340983e-01  1.47436792e-02 -4.61631231e-02
 -2.20501944e-02 -4.33772616e-02  3.08766607e-02 -5.47406599e-02
 -2.12024882e-01 -2.59997305e-02 -5.78468181e-02 -1.02226824e-01
  2.04532109e-02  4.21604998e-02  6.71125576e-02 -5.38197123e-02
  1.46527588e-01 -5.78676760e-02  1.12186626e-01 -7.29973242e-02
 -1.61195636e-01  9.31999609e-02  3.27210245e-03  7.21733198e-02
 -1.16532035e-01 -6.70332387e-02 -6.93889633e-02 -1.92626789e-01
 -1.60835776e-02 -1.36061743e-01  5.26019447e-02  2.67445091e-02
  6.16927110e-02 -1.47978455e-01 -9.43327248e-02 -2.96089016e-02
  2.72567347e-02 -8.36722851e-02  4.18025516e-02  9.50269960e-03
 -1.84740759e-02  6.01371787e-02  2.38518901e-02 -6.90028593e-02
  1.23788945e-01  6.78414777e-02  4.23384756e-02 -9.06312764e-02
 -1.23650156e-01 -5.53207584e-02 -1.33439973e-01  3.52902641e-03
 -5.34284487e-03 -7.53379837e-02  3.12572084e-02 -1.41350791e-01
  4.63219695e-02  3.61745358e-02  3.03599071e-02 -7.43539631e-02
  1.01800054e-01 -4.76748720e-02 -1.77002400e-01 -1.17258236e-01
 -9.89544690e-02  7.83502385e-02  5.85162379e-02  4.23976481e-02
 -2.23808549e-02  5.61339706e-02  1.20575108e-01  4.41161320e-02
 -1.16583426e-02 -7.28603825e-02  2.02068865e-01 -1.61158353e-01
 -4.93400879e-02 -1.63413808e-02 -1.09979935e-01  6.19571982e-03
 -6.99814409e-02  4.97235395e-02 -5.39248772e-02 -8.06982294e-02
  9.72536728e-02 -5.96176460e-03  7.20274299e-02  2.01698229e-01
 -4.55983263e-03 -3.52011546e-02 -4.62135114e-03  4.04821374e-02
  1.45063058e-01 -1.64172743e-02  3.97166274e-02 -9.42129865e-02
 -5.62694529e-03 -2.20027015e-01  4.36067171e-02 -2.08054140e-01
  9.19646174e-02  1.37830153e-01  2.34474186e-02  5.85849211e-02
 -4.28202242e-04  8.31316486e-02 -8.95676017e-02 -6.37776628e-02
 -1.36912882e-01 -4.90569696e-02 -9.61208493e-02  1.51864916e-01
 -3.39772627e-02 -1.34373620e-01 -2.67484244e-02  3.65845561e-02
 -5.99351078e-02  1.60353601e-01 -8.83443430e-02  6.75486997e-02
  1.71346545e-01  8.22523236e-02  1.41876295e-01 -6.23556152e-02
 -6.91567287e-02  2.11433530e-01  1.71357039e-02 -6.94181398e-02
  9.57414061e-02 -5.33601381e-02 -8.29615295e-02  2.95330118e-02
  4.43891101e-02  3.43896709e-02 -9.23272371e-02 -4.40979637e-02
 -2.94558376e-01  6.68794289e-02  7.91514367e-02 -4.18484770e-02
  2.27850284e-02  5.48556820e-02  1.22978503e-03 -3.82264964e-02
  7.02127665e-02  1.34721726e-01 -8.50153267e-02 -8.99020433e-02
  3.11346129e-02 -1.81978479e-01 -7.37699345e-02  1.44769266e-01
 -8.61239806e-02 -1.03036493e-01  8.04477632e-02  1.17764011e-01
 -5.33148944e-02  2.40019977e-01  1.91281792e-02 -1.95395067e-01
  5.97510375e-02  1.08749367e-01  3.01923931e-01 -1.78948775e-01
 -1.37438491e-01 -1.11422904e-01  4.40794677e-02 -2.19488919e-01
 -9.94116068e-02  4.04807776e-02 -9.89106577e-03  3.63398820e-01
  4.84898314e-02  3.97224799e-02  1.40762255e-01 -9.57156271e-02
 -1.65360779e-01 -4.46951389e-02 -1.13517508e-01  1.45986542e-01
 -1.24708064e-01 -7.99498558e-02 -9.95207876e-02  5.67036234e-02
  1.49576828e-01  1.40782958e-02 -9.55849290e-02 -6.92928061e-02
  1.06516723e-02 -1.86560959e-01 -6.41161054e-02  7.90530965e-02
  1.04575254e-01  3.30593511e-02  8.99311230e-02  2.65683800e-01
  6.45786747e-02 -1.34269118e-01  1.74682558e-01  1.81976154e-01
  1.15994811e-01 -3.39395851e-02 -1.91527400e-02  1.15199357e-01
  9.65552032e-02  4.24338914e-02 -7.87265152e-02  1.79827735e-01
 -1.48053929e-01 -4.95424680e-02 -1.97428465e-01 -4.95191328e-02
 -1.33470342e-01 -1.24618495e-02  1.71068594e-01  1.18243665e-01
  8.47783759e-02  8.48153699e-03  1.29676774e-01  6.63515627e-02
  8.15410316e-02  4.36407104e-02  4.43907529e-02 -5.74347042e-02
  1.66282207e-01  8.52304026e-02  8.33917335e-02 -1.38784200e-01
  5.10540381e-02  6.42085746e-02  7.52406120e-02 -2.42480710e-01
 -1.22343414e-02 -1.27140817e-03  1.00684933e-01  2.50648484e-02
  6.73283488e-02  6.72279298e-02  8.79109576e-02 -2.39726827e-01
  9.11252350e-02 -7.21179917e-02 -5.53898923e-02  1.41272157e-01
 -4.54018228e-02 -6.79153427e-02 -7.98609778e-02  1.84179142e-01
 -1.45384178e-01 -1.21135771e-01 -5.77100515e-02  1.90311838e-02
  1.04482397e-01 -1.60698034e-02 -7.93034211e-02  2.85104904e-02
  2.90937871e-02  7.45733604e-02  7.20593780e-02  3.32648717e-02
 -1.13628786e-02 -1.16843954e-01  1.19430423e-01  1.30789075e-02]