http://erau.edu/ontology/meme.owl#YouMakeMyKokoroGoDokiDokiMeme
[-6.91889152e-02 -9.74556580e-02 -3.68237048e-02  4.31421027e-02
  1.30121624e-02 -2.85537299e-02  1.71655878e-01 -4.27101217e-02
 -9.25361216e-02 -1.91326179e-02  1.08720146e-01 -1.57853365e-01
  6.63007190e-03 -1.20108783e-01 -6.72749728e-02 -5.57578690e-02
  9.10630729e-03  6.53795749e-02 -1.08439162e-01 -8.28955173e-02
 -1.96805552e-01  1.82149678e-01  5.29143028e-02 -2.38991722e-01
 -2.37302552e-03  2.14044806e-02  2.39280723e-02 -1.80778369e-01
  2.06295326e-01  3.88582274e-02  3.50321904e-02  4.84529659e-02
 -2.15789094e-03 -4.83806059e-02 -1.03056878e-01  1.47566468e-01
  5.43325432e-02  1.23009287e-01 -6.83311373e-02 -5.20042703e-02
  2.44775731e-02  1.87835068e-01 -1.95469901e-01 -6.30182549e-02
  2.46565584e-02  6.17980026e-02 -1.27500501e-02 -9.37238783e-02
  3.79535034e-02  2.45381799e-03  7.22319856e-02  3.79859731e-02
 -2.88599748e-02 -2.40114138e-01 -1.58644617e-01 -6.61462322e-02
  1.46692187e-01 -2.54451126e-01  2.03306600e-01  1.32247865e-01
 -1.98156331e-02 -4.78803962e-02  1.48391187e-01 -1.97114665e-02
 -7.73324966e-02 -1.01433314e-01  4.90254490e-03 -4.74531762e-02
 -8.05381760e-02 -1.69065654e-01 -9.27089825e-02  1.70002896e-02
  1.31156087e-01  4.73504737e-02  8.17939192e-02  8.00816938e-02
 -1.35055855e-01 -1.97414798e-03  1.46937400e-01 -5.04753878e-03
  3.68691869e-02 -1.11002162e-01 -7.08115175e-02 -2.06527263e-01
  8.72485861e-02 -3.74923870e-02 -5.34075946e-02 -4.65302430e-02
 -7.39435339e-03  5.64472638e-02 -3.47669907e-02 -6.97185397e-02
  1.04738221e-01 -4.17243168e-02 -6.96191341e-02  8.09819717e-03
  8.80715847e-02 -1.00582857e-02 -3.80165391e-02 -7.82232285e-02
  9.99198407e-02  7.84141049e-02  2.07584679e-01 -9.26404521e-02
  9.10937190e-02 -3.70758050e-03  1.82953179e-01  1.77241280e-03
 -1.01111896e-01 -6.90537738e-04 -6.54492760e-03  6.83228020e-03
 -7.59609640e-02 -1.22133836e-01  1.80652037e-01 -1.12009503e-01
 -3.50299954e-01 -2.04165116e-01  1.20756626e-02  1.18965112e-01
 -5.16441688e-02 -5.20347245e-02 -8.15849900e-02  9.91643667e-02
  9.00325626e-02 -3.25483605e-02  7.45941605e-03 -6.16709515e-02
  9.62444916e-02  2.84694321e-02 -1.90916643e-01 -2.89964359e-02
  4.09268923e-02 -8.42429325e-02 -1.01271771e-01  1.39422253e-01
  3.08698770e-02  7.42261158e-03 -2.37871408e-01  4.60084677e-02
 -2.45424315e-01  1.37111664e-01  1.11030467e-01 -1.45443827e-02
  2.66422093e-01 -2.17942834e-01 -1.51683018e-02 -3.88288200e-02
 -1.14178672e-01  1.73136130e-01  7.21780360e-02 -1.33092612e-01
  3.37262116e-02  2.11238042e-02 -6.51542693e-02  1.11618772e-01
 -2.13255748e-01  1.92397699e-01 -5.28524350e-03 -1.13032930e-01
 -2.16722302e-02 -1.27540603e-02  1.55575750e-02 -3.66814397e-02
 -2.86395848e-01 -1.07561082e-01 -7.58957565e-02  2.53710657e-01
 -2.61955708e-01  1.12212740e-01  1.35048360e-01  1.47186160e-01
  2.27462143e-01  2.11907089e-01  3.38951200e-02 -4.93189655e-02
 -1.99682117e-02  1.10345390e-02  1.47652671e-01 -1.66212507e-02
 -8.15320164e-02  1.19413696e-01 -1.54195800e-02 -7.84044191e-02
 -2.96116192e-02  3.88489887e-02  7.39639252e-02  6.88725561e-02
  1.00760348e-01 -5.20114340e-02  8.35183039e-02 -3.15788165e-02
 -2.17742622e-01 -1.34556994e-01  5.08668320e-03  2.98668928e-02
  2.09152512e-03  1.94781050e-01 -3.66435088e-02 -2.58539021e-02
  2.58921040e-03 -8.22483003e-02  7.46914968e-02 -9.68353674e-02
 -1.91587597e-01 -1.91894516e-01 -2.78515350e-02 -7.58960545e-02
  4.41237316e-02  1.55423984e-01  1.04679205e-01  7.54567981e-02
 -4.71142083e-02 -3.79029997e-02  5.22305071e-02 -2.62375027e-02
 -1.27977476e-01  2.16049561e-03  1.76813617e-01  3.50800045e-02
  1.12923034e-01  9.07757059e-02 -2.06096917e-01  2.12577730e-02
  7.25142434e-02  6.76345900e-02 -1.80806160e-01  9.12407115e-02
 -2.65098643e-02 -2.14567501e-02  5.20181619e-02 -2.93740276e-02
 -2.21783921e-01 -1.41005829e-01 -9.96878147e-02  4.18623015e-02
 -5.17104119e-02 -1.93867445e-01 -1.07793557e-02 -1.47863045e-01
 -1.74309348e-03 -1.62599593e-01 -2.01580636e-02 -1.24297239e-01
 -2.08090425e-01 -4.00285311e-02 -1.79919854e-01 -8.15825090e-02
  8.90678726e-03  3.85221131e-02  7.68282861e-02  5.45799471e-02
  2.19763502e-01  4.54872176e-02  2.26865202e-01  1.05867349e-02
 -6.10262677e-02  1.29839018e-01  4.36786041e-02  1.62226349e-01
 -8.94238800e-02 -1.74281582e-01 -3.43900099e-02 -1.28765330e-01
 -6.43549040e-02 -2.48512909e-01 -1.31437210e-02 -5.22774784e-03
  3.52510065e-02 -2.03734905e-01 -1.45958737e-01 -2.03424901e-01
 -1.13984933e-02  1.09619483e-01  1.77218810e-01 -5.14977984e-02
  1.67161375e-01 -4.10593674e-02 -1.51598155e-02 -1.33288633e-02
  2.06276342e-01 -3.51525494e-03  2.39530783e-02 -7.98509121e-02
 -1.87964395e-01  1.13729805e-01 -7.61623085e-02 -4.44231257e-02
 -8.20224360e-02 -1.18831545e-01  7.04807714e-02 -2.14537770e-01
  7.64944851e-02 -4.17468250e-02  4.72567789e-02  2.31248662e-02
  5.04467897e-02 -3.95953096e-02 -2.32151642e-01 -1.75169393e-01
 -3.43619019e-01 -6.78644702e-02 -9.27493870e-02  2.36156583e-01
 -9.32802707e-02 -3.05983722e-02  9.62406844e-02 -9.04473737e-02
  1.50970807e-02  1.32434115e-01  2.69877374e-01 -1.90553173e-01
 -3.40047739e-02  4.42689992e-02 -1.01679564e-03  7.76255876e-02
 -7.43901953e-02  8.03750157e-02  1.72277242e-02 -1.48327395e-01
  2.02240199e-01 -1.55788109e-01  2.78541952e-01  2.10647225e-01
 -3.17740254e-02  4.02427390e-02 -1.26582846e-01 -8.00203234e-02
  1.33316338e-01 -1.60488840e-02  5.94549365e-02 -1.09333396e-02
 -4.31528362e-03 -7.05134794e-02 -9.84794870e-02 -2.54688025e-01
  1.87400281e-01  8.66992101e-02 -3.07951141e-02  9.52044949e-02
 -3.43695246e-02  1.63772944e-02 -2.47365292e-02 -9.58278105e-02
 -6.67037964e-02 -1.60657734e-01 -2.63293255e-02  1.88784271e-01
 -9.00681242e-02 -1.96987823e-01 -2.84372587e-02  2.42976309e-03
 -1.79926232e-01  1.68835387e-01 -1.74037024e-01  1.37055412e-01
  2.67871446e-03 -1.14910316e-03  2.67301887e-01  4.21231333e-03
 -1.17751755e-01  9.31056067e-02 -6.39689788e-02 -8.33825544e-02
 -4.02261019e-02 -4.56245430e-02 -4.04845439e-02  7.30714723e-02
 -1.01421112e-02  1.03792539e-02  1.69929732e-02 -1.88424438e-02
 -1.77554041e-01  2.29062047e-02  1.38589563e-02 -1.19010322e-01
 -6.07338659e-02  8.77396911e-02 -2.91296858e-02 -2.80749463e-02
  6.13887468e-03  1.30504489e-01 -1.03974104e-01 -7.04567656e-02
  8.50174204e-02 -1.09741196e-01 -9.43948552e-02  2.20322520e-01
 -6.30285367e-02 -1.38205990e-01 -9.86111388e-02  1.21243805e-01
 -2.34402139e-02  2.46411547e-01 -1.24245949e-01 -2.72476554e-01
  8.09534937e-02  8.06191415e-02  3.54901254e-01 -6.01010658e-02
  6.81362450e-02 -1.58183277e-01  2.40154546e-02 -3.16892505e-01
 -1.39206126e-01  1.74128395e-02 -1.76547002e-02  3.75358760e-01
  1.45553812e-01  7.38003626e-02  9.59329009e-02 -3.12461942e-01
 -1.29317179e-01 -8.01548958e-02 -1.79907456e-02  1.87139869e-01
  4.53077480e-02 -1.79718181e-01 -4.03567357e-03  8.68275687e-02
  3.22977826e-02  7.01727299e-03 -5.88378310e-02  5.52339964e-02
 -1.27443835e-01 -7.57027864e-02 -8.41714814e-02  9.28649530e-02
  1.32329270e-01 -4.40621190e-02 -4.45097573e-02  1.82831660e-01
  5.52080646e-02 -1.95447519e-01  2.02979565e-01  5.43171354e-02
  2.60927062e-02  2.44851573e-04  1.05549783e-01  7.61869922e-02
  2.11543307e-01  9.84203070e-02 -2.16519069e-02  2.13443220e-01
 -1.22924283e-01  7.62760490e-02 -1.07409358e-01 -6.18810691e-02
 -6.74453145e-03  4.19660397e-02  1.04905114e-01  7.87445996e-03
  4.33528610e-02 -2.77162604e-02  1.68831483e-01  1.15744084e-01
  6.91310614e-02  4.36750129e-02  1.53767243e-01 -1.49704935e-02
  1.31257355e-01  1.80289418e-01  6.68812171e-02 -1.39044315e-01
 -6.33728877e-02  9.60807204e-02 -2.52513140e-02 -1.21119551e-01
 -4.10363339e-02  2.16995142e-02  1.21949874e-01  1.52856493e-02
  1.76330432e-01  6.71464205e-02  6.56056851e-02 -2.16343358e-01
 -4.79995124e-02 -6.90487698e-02  4.50142920e-02 -4.82296087e-02
 -1.78255048e-02  5.15938774e-02 -1.31613001e-01  1.77163005e-01
 -6.72893226e-02 -9.67786238e-02 -5.03084250e-02 -2.34751403e-02
  3.23842093e-02  5.55748828e-02 -3.24058644e-02  4.69149761e-02
 -3.73123772e-03  9.98505279e-02  3.75305787e-02 -2.45865881e-02
  3.30727398e-02  8.09811056e-02  1.80318020e-02  7.12670833e-02]