http://erau.edu/ontology/meme.owl#PinkTaxMeme
[-1.01010658e-01 -2.44115293e-01 -5.29610589e-02  4.98602837e-02
 -4.19089347e-02  9.54523608e-02  2.51979887e-01  1.33894280e-01
 -1.81750789e-01 -3.41298059e-02  9.32392627e-02 -1.15620688e-01
 -5.96134737e-02 -1.60328820e-01 -2.80242600e-02  2.18635984e-02
 -6.06293883e-03  1.96355030e-01  4.25585434e-02 -4.80098017e-02
 -2.34233513e-01  5.59724532e-02 -1.16418209e-02 -1.13962166e-01
  1.22743048e-01  6.01236932e-02 -4.71945964e-02 -2.27169663e-01
  1.54748380e-01  1.19303688e-01  6.60408661e-02  2.29644537e-01
  2.79124007e-02 -9.99147967e-02 -4.43914533e-02  2.34735906e-01
  9.87682715e-02  1.57407746e-01 -8.29790905e-02 -1.24873407e-01
  4.61947583e-02  1.06625155e-01 -1.12083584e-01 -2.68871263e-02
  9.52471793e-02  1.71899807e-03 -1.51780993e-02 -1.31156251e-01
  1.91528257e-02  4.30817679e-02  9.64082703e-02  1.97332814e-01
 -5.81640191e-02 -1.98388234e-01 -1.84726119e-01  5.54583408e-02
 -1.20528853e-02 -4.57057171e-02  2.82661337e-02  1.08190112e-01
 -5.63929304e-02 -3.50922868e-02 -2.26939209e-02 -2.16249257e-01
 -6.28857911e-02 -7.19762370e-02 -8.25427398e-02  5.75375259e-02
 -7.35753328e-02 -1.24738909e-01 -9.98812541e-02 -1.08875213e-02
  1.13039240e-01  5.88183329e-02  2.31992248e-02  8.35298970e-02
 -1.24470912e-01 -5.77354021e-02  1.05150603e-01 -9.62324813e-02
 -3.08344867e-02 -2.43767977e-01 -9.27716047e-02 -5.59708960e-02
  7.01614991e-02 -2.14965045e-01 -2.00778827e-01  1.72969904e-02
 -2.21157651e-02  3.51279490e-02  1.01577953e-01 -1.36696070e-01
  1.00613162e-01 -1.42239435e-02 -5.80313690e-02  1.78232417e-03
 -3.10900784e-03  7.73722380e-02  5.27160801e-02 -1.82327166e-01
  8.72314349e-02  1.43066734e-01  3.37984025e-01 -6.90461621e-02
  2.65885562e-01  9.65610519e-02 -1.61245447e-02 -9.04808864e-02
  1.79140363e-02 -4.71723340e-02  2.02211946e-01  9.34810657e-03
 -4.30743173e-02 -2.09297001e-01  4.46854457e-02  2.73485258e-02
 -1.61555007e-01 -1.82477936e-01 -5.02712326e-03  6.23513646e-02
 -1.70213714e-01  5.03290445e-02  1.07163452e-01  1.54966429e-01
  1.18094586e-01 -7.84401298e-02  1.64811462e-01 -1.93736795e-02
  1.21692747e-01  1.05245762e-01 -3.26955795e-01  4.64668544e-03
  7.26782978e-02 -1.19861796e-01 -3.93635333e-02  4.14849184e-02
  1.47692069e-01 -1.97555169e-01 -1.06961705e-01  4.86720242e-02
 -2.50056535e-01 -3.51007245e-02  1.98406260e-02 -3.16178761e-02
  3.18505347e-01 -1.48156390e-01 -4.74410243e-02 -1.34225264e-01
  5.60518019e-02  3.03019971e-01 -4.11282703e-02 -1.55961782e-01
  3.39984559e-02  2.62651205e-01  8.99653696e-03  1.96379259e-01
 -1.93984553e-01  2.48704553e-01  7.67975450e-02 -1.06221121e-02
  1.45771634e-02 -1.55266330e-01 -1.71322655e-02 -1.79620102e-01
 -8.52009654e-02 -1.20927989e-01 -5.28058931e-02  1.51289284e-01
 -3.83284688e-01  1.42069012e-01 -2.74933670e-02  1.88301265e-01
  1.20165914e-01  2.58234173e-01  2.03963723e-02 -1.11536130e-01
 -8.48650262e-02 -1.98939919e-01  2.90797055e-01 -4.79110219e-02
  7.75126461e-03  7.82239139e-02  5.97677752e-02 -2.82524563e-02
 -3.25746387e-02  7.66603053e-02  3.72773744e-02  4.16923910e-02
  3.87350887e-01 -5.52518927e-02  1.86619341e-01  6.24503195e-02
 -1.57372653e-01 -8.36346019e-03 -7.24413469e-02  3.39081772e-02
  1.36199191e-01  1.27077863e-01 -1.42445881e-02 -1.33803576e-01
  8.07387605e-02  8.68041664e-02  1.35890827e-01 -1.39588788e-01
 -1.45502195e-01 -3.09296727e-01  8.10905844e-02 -3.49301309e-03
 -5.43907098e-02  1.05837144e-01  3.20398510e-01  2.81867445e-01
 -1.28967136e-01  5.23814112e-02  1.64132729e-01 -8.08239952e-02
 -6.88857734e-02  3.61315012e-02  8.34568888e-02  1.22064099e-01
  1.71373993e-01 -3.27597815e-03 -2.47527063e-01  7.21786097e-02
  1.29452571e-01  1.28036991e-01 -6.42300025e-02 -4.67028171e-02
 -1.05551161e-01 -1.76049490e-02  1.94756076e-01 -4.59758081e-02
 -1.56591505e-01 -8.06746334e-02  9.05390307e-02  7.89484456e-02
 -3.72956991e-02 -3.29228453e-02  1.48798004e-01 -2.15996847e-01
 -4.76687253e-02 -1.44713148e-01 -3.93689387e-02 -4.40466776e-02
 -3.23405892e-01  2.21100892e-03 -1.59649119e-01  8.69016200e-02
  1.58195700e-02 -1.12139191e-02 -3.26412707e-03 -2.44717989e-02
  1.67541444e-01  1.23783480e-02  2.43877992e-01  3.96445692e-02
 -1.51487365e-01  9.92786065e-02  7.65341595e-02  1.89287215e-01
  4.80344854e-02 -1.01754002e-01  1.17204580e-02 -2.94508599e-02
  9.69122443e-03 -3.34690154e-01 -3.25381041e-01 -1.39823221e-02
 -2.79780142e-02 -1.02459200e-01 -1.85106754e-01 -7.37068057e-02
 -6.30321205e-02  6.88918009e-02  2.19627395e-01  4.43412364e-02
  1.32325754e-01  3.97106968e-02  2.73386240e-02 -1.06188089e-01
  2.56375015e-01 -2.17149165e-02  6.86327741e-02 -1.72437549e-01
 -2.94823617e-01  7.11240172e-02  7.90058896e-02 -2.11770367e-02
 -1.60167277e-01 -1.25020668e-01  4.27161008e-02 -1.24041550e-01
 -6.24465160e-02 -9.82225388e-02  9.24022943e-02  3.68281268e-02
  1.01461373e-01 -5.10927886e-02 -2.03039169e-01 -8.19041058e-02
 -4.73689497e-01  2.42287870e-02 -5.09419404e-02  2.74346530e-01
 -3.99897806e-02 -4.96068671e-02  1.20772891e-01 -1.67666540e-01
  4.42395806e-02  1.49549499e-01  2.49828726e-01  6.24148082e-03
  1.60517439e-01  1.80173576e-01 -2.69137435e-02  1.00525074e-01
 -6.05864078e-02 -1.07658163e-01 -5.56409126e-03 -1.32605791e-01
  1.11803450e-01 -2.04226524e-01  1.36272356e-01  1.32534102e-01
 -1.68931156e-01  8.10652822e-02 -7.96487704e-02  2.96425857e-02
  1.46546125e-01 -5.00896685e-02  1.99421681e-02  6.71455339e-02
  8.18309486e-02 -1.02570795e-01 -1.99991703e-01 -2.39761308e-01
  1.88754663e-01  6.25581741e-02 -4.81623225e-02  1.36801392e-01
 -6.86271535e-03  3.75103652e-02 -1.82192430e-01 -1.70613140e-01
  1.15733165e-02 -1.56881899e-01 -1.46420687e-01  1.71281919e-01
  2.80570015e-02 -3.28133047e-01 -1.00525104e-01 -4.31403071e-02
 -1.66516542e-01  3.27936351e-01 -9.46692303e-02  1.78971171e-01
 -2.00937390e-02 -1.52345911e-01  3.59383643e-01 -7.43610114e-02
 -1.82769358e-01  2.41204482e-02  1.91166461e-03 -1.41998351e-01
 -1.37410536e-02 -1.78819910e-01 -1.27482221e-01  6.99087977e-02
 -4.99756932e-02  4.36979383e-02  1.09208591e-01 -3.40330973e-02
 -1.06957585e-01  1.50493933e-02  1.65351778e-01 -8.78568962e-02
 -3.69539522e-02  1.67930886e-01  1.42902970e-01 -1.28889635e-01
  5.34050446e-03  2.05783442e-01 -9.85071138e-02 -1.05698816e-01
  4.81935702e-02  4.62322347e-02 -2.03849182e-01  1.66563824e-01
 -2.21945290e-02 -1.70456618e-01 -1.90548614e-01  1.23352325e-02
  3.07046156e-02  2.42287233e-01 -1.09306134e-01 -3.51627678e-01
 -1.74274743e-02  1.51053637e-01  3.48908603e-01  9.08063725e-02
  3.31217237e-02 -9.44379494e-02  2.28396170e-02 -3.97755802e-01
 -2.49025807e-01  9.30981562e-02  2.22136471e-02  3.92883569e-01
  7.33542889e-02  1.29692748e-01  1.01222590e-01 -2.68412650e-01
 -1.07259743e-01 -5.98454438e-02  3.09168212e-02 -7.92309567e-02
  4.52511199e-02 -1.76621720e-01 -3.88475657e-02  1.15384415e-01
  2.46602031e-05 -5.57205789e-02 -1.97505116e-01 -2.82027517e-02
 -1.01939902e-01 -2.07325518e-01  6.08393513e-02  2.95119226e-01
  7.99521506e-02 -7.70867541e-02  4.49533165e-02  2.31594235e-01
 -6.73522949e-02 -3.05992395e-01  1.07230440e-01  7.67207369e-02
  4.92148884e-02  8.36371332e-02  9.89425331e-02  2.45196506e-01
  2.50657201e-01  9.83537734e-02 -6.05344176e-02  4.50991601e-01
 -1.51262403e-01  3.70486989e-03 -2.49445960e-01 -4.37627807e-02
 -7.14194253e-02 -3.11575644e-02  1.17058709e-01 -8.62844735e-02
 -4.72977236e-02  3.76819298e-02  1.29705504e-01  2.74826586e-02
  1.65519431e-01  2.48163402e-01  2.65135795e-01 -1.33703440e-01
  4.09134999e-02  2.03872591e-01  1.78532049e-01 -7.83266500e-02
 -6.02967218e-02 -3.59463203e-03 -1.08188592e-01 -1.10123105e-01
 -1.06404364e-01  1.83862567e-01  2.30190054e-01  3.75498319e-03
  2.12838605e-01  2.31057331e-01  1.47488207e-01 -2.38058224e-01
 -1.26651013e-02 -2.67239749e-01  3.22495848e-02  8.01432803e-02
  1.17719471e-02 -1.31377026e-01 -1.15746245e-01  3.89188647e-01
 -3.31922211e-02 -3.28603745e-01  7.16905072e-02 -1.39106482e-01
  3.32053512e-01  1.70504421e-01 -1.23346858e-01  7.20011219e-02
  2.45347247e-02 -7.04509169e-02  3.79989535e-01  5.19698299e-02
  8.92028362e-02 -1.44553427e-02 -3.14445095e-03  1.52322128e-01]