http://erau.edu/ontology/meme.owl#TheSimpsonsCouchGagMeme
[-7.93359801e-02 -2.29554489e-01  9.90209132e-02  6.75562993e-02
 -9.65601429e-02  1.00651480e-01  1.02965616e-01  1.77929122e-02
 -4.98256944e-02 -1.04738854e-01  1.80977732e-01 -3.93959600e-03
 -4.06066515e-03  5.69492616e-02 -1.29566580e-01 -1.20939076e-01
  8.42065737e-03  1.59216717e-01  5.70211187e-02  4.19370607e-02
 -1.54575676e-01  1.42174378e-01  1.23335972e-01 -7.38509893e-02
  9.86656360e-03  9.65192541e-02  1.09896436e-02 -6.39911741e-02
  2.74767041e-01  8.99241120e-02  8.08710828e-02  2.80502826e-01
  5.54155558e-02 -9.15847793e-02 -2.99201207e-03  2.46951446e-01
  4.66294325e-04  9.18503031e-02  9.35329590e-03 -1.51252881e-01
 -1.10185035e-01  1.02728128e-01 -1.18078403e-01  3.62790264e-02
  2.17112884e-01 -4.02058065e-02  1.73187062e-01  5.16839176e-02
 -1.55993164e-01  8.17255154e-02  4.76606749e-02 -3.85310911e-02
 -1.37243479e-01 -8.76559392e-02  3.26137096e-02  1.79830417e-02
  1.03068426e-01 -3.34094428e-02  1.40764892e-01  7.49228373e-02
 -2.07133517e-01 -7.97887370e-02  7.88544789e-02  9.59545523e-02
 -1.87195197e-01 -1.92263588e-01 -4.88007590e-02  2.95398235e-02
 -1.55885160e-01 -1.15058735e-01 -1.63316786e-01  5.99553436e-02
 -1.80026144e-02  3.23435366e-02  8.13649744e-02  1.55815156e-02
 -1.53985292e-01 -1.41081084e-02  2.53217608e-01  2.48683500e-03
 -8.22699219e-02 -3.83219570e-02 -6.49765506e-02 -2.90590644e-01
  1.24456301e-01 -2.64463853e-02 -1.04521841e-01  7.01002702e-02
  1.62271664e-01 -2.73313224e-02 -6.66864440e-02 -3.99956137e-01
  7.51493573e-02 -2.03247160e-01 -5.46790250e-02 -2.45247986e-02
  4.66377884e-02  4.26942445e-02  2.57130689e-03 -3.39288637e-02
  1.18986912e-01  9.23513174e-02  3.80655378e-01 -8.88794437e-02
 -5.54829724e-02 -1.31157953e-02  1.00894198e-01 -9.62615162e-02
  1.85004491e-02 -2.66931713e-01  9.45696831e-02  5.95220178e-02
 -1.49179369e-01 -1.72439158e-01  5.57684861e-02  1.81143388e-01
 -1.89185157e-01 -2.59750467e-02  1.33378685e-01 -5.02065662e-03
 -9.21274871e-02 -1.72399268e-01 -1.51704252e-02  2.11074222e-02
  7.80864209e-02  4.67950739e-02  9.01724473e-02  4.82342206e-02
  1.41144469e-01  1.29677206e-02 -2.65924931e-01 -1.19760074e-02
 -6.33802414e-02 -8.14781636e-02  4.65628952e-02  1.73766822e-01
 -4.21600156e-02 -8.88064280e-02 -7.95300603e-02  1.23848185e-01
 -1.90849602e-01  2.87014470e-02  1.58300847e-01  4.55560833e-02
  9.43036899e-02 -2.20404908e-01  4.58244532e-02 -1.81825966e-01
  3.79931442e-02  1.65903836e-01  6.59707710e-02 -1.11974232e-01
 -1.91638665e-03  1.36829972e-01  7.75656030e-02  6.70789257e-02
 -7.00682700e-02  2.45331526e-01  1.00730889e-01  2.39544678e-02
  1.56985566e-01 -1.81700081e-01 -2.06650868e-02 -1.47006521e-02
 -1.67319775e-01 -1.16264038e-01  1.03365451e-01  8.35082754e-02
 -3.60470951e-01  2.06170931e-01 -5.46215326e-02  6.54053837e-02
  3.03755790e-01  3.27058643e-01 -1.15705319e-01  1.07554542e-02
 -3.80459018e-02 -1.97193921e-01  1.85677007e-01 -8.08691308e-02
 -9.84477252e-02 -1.23532135e-02  6.19490817e-02  6.15025423e-02
 -6.06139563e-02 -7.64520392e-02 -4.25658226e-02  4.18108292e-02
  3.48573446e-01 -3.24199237e-02  5.64040802e-02 -1.05111174e-01
 -2.87074268e-01 -3.25393602e-02 -1.48732364e-01 -6.66655749e-02
  3.07992827e-02  1.94316849e-01 -1.33949816e-01 -3.01737543e-02
  2.22691912e-02 -5.12017533e-02  1.71856374e-01 -1.81218963e-02
 -1.59331173e-01 -3.49307835e-01  5.20629175e-02 -1.84857119e-02
  3.13651592e-01  1.78791106e-01  4.43124473e-01  2.89451301e-01
  9.92544647e-03  1.69455458e-03  8.96242112e-02 -9.19986367e-02
  2.11513266e-02 -4.81274202e-02  4.24161479e-02  3.40224177e-01
  2.15954244e-01  2.14740321e-01 -1.32961407e-01  1.03015706e-01
  1.53130693e-02 -6.51999712e-02  3.09122428e-02  6.24609627e-02
 -1.17628366e-01 -3.08339968e-02  1.07574739e-01 -4.72428510e-03
 -9.34767574e-02 -5.46083711e-02 -5.28688543e-03  2.53843311e-02
 -2.34616883e-02  6.71481639e-02  1.41075522e-01 -4.48641255e-02
 -1.21259056e-01  3.54418084e-02  5.25060967e-02 -4.93206754e-02
 -2.90426612e-01  4.12426963e-02 -1.01239219e-01  1.66824639e-01
 -5.87777526e-04 -5.32674082e-02  8.71651322e-02 -3.93707119e-02
  1.17243946e-01 -1.03780463e-01  2.48248562e-01  5.04975207e-02
 -1.45437643e-01  4.49875509e-03  6.39879629e-02  3.83394361e-02
 -7.35607967e-02 -7.01636821e-02 -7.65846595e-02 -9.80316624e-02
  8.53190105e-03 -1.31370753e-01 -7.78734311e-02  4.73745614e-02
  8.90014470e-02 -1.22054800e-01 -7.25263283e-02 -9.21408311e-02
 -2.12332308e-01  4.82293777e-02  6.48321509e-02 -1.03548639e-01
  1.05982929e-01  1.67807400e-01 -2.84921769e-02 -1.32653117e-02
  9.48725827e-03  1.26480699e-01 -4.81431447e-02  1.23850936e-02
 -5.00694960e-02  1.03059901e-04 -1.38201877e-01  5.87983020e-02
 -6.61599189e-02 -2.09372729e-01  1.58072263e-01 -3.37927602e-02
 -7.75352567e-02 -1.61194091e-03  7.20295087e-02 -1.28831007e-02
  1.29783869e-01 -3.16543765e-02 -2.04170629e-01 -8.24700925e-04
 -1.56365216e-01  4.17729132e-02  1.06917702e-01  7.91330263e-02
 -7.21989796e-02 -5.51443808e-02  1.84627220e-01  2.07249518e-03
  6.98364973e-02  5.27794147e-03  2.12805182e-01 -1.05407350e-01
  8.01522508e-02 -1.77335683e-02 -1.18984677e-01 -1.66635327e-02
 -5.44854365e-02  1.92633681e-02  5.18329181e-02 -6.58058599e-02
  1.26951694e-01 -1.34684369e-01  1.02470160e-01  1.42078534e-01
  1.26256004e-01 -7.13486373e-02 -1.66037232e-01  9.03404802e-02
  1.72515199e-01 -4.44490723e-02 -6.38605803e-02 -1.25062749e-01
  8.83879885e-02 -1.58468336e-01  1.53608650e-01 -1.25013679e-01
  7.76131600e-02  8.85065049e-02  2.59428527e-02  1.20015778e-01
  3.84873562e-02  9.84914675e-02 -2.10935697e-01 -1.88061476e-01
 -9.19333920e-02  9.40366611e-02 -1.05445854e-01  9.95370001e-03
  2.19287295e-02 -1.73210040e-01 -6.25301898e-02 -6.95841969e-04
 -1.77297950e-01  2.50839144e-01  1.88497826e-02  9.10623223e-02
  3.02809142e-02  4.83503938e-02  1.84017122e-01  8.43509585e-02
 -4.82932143e-02  4.35534604e-02 -3.09416885e-03 -1.49446905e-01
  1.32788241e-01 -1.37008414e-01 -4.29635262e-03 -1.36157185e-01
  5.12797274e-02  6.81566587e-03 -3.90593372e-02 -1.75417319e-01
 -1.64448038e-01  4.94831540e-02  1.11134872e-01  1.22878561e-02
 -6.82580173e-02 -4.04592417e-03  2.87811309e-02 -1.80172659e-02
  2.88662333e-02  2.58787185e-01 -7.21414760e-02 -2.17995971e-01
  1.28543466e-01 -1.89375028e-01  1.44391293e-02  9.91439968e-02
  4.88637835e-02  5.50303273e-02 -7.40688369e-02  2.85693500e-02
 -4.37942967e-02  2.97870666e-01 -1.02774717e-01 -2.77457714e-01
  6.76217005e-02  1.10255107e-01  4.01669949e-01 -1.59642890e-01
 -6.18401207e-02 -4.94901501e-02  1.04708798e-01 -2.46923327e-01
 -9.66274738e-02 -7.84849375e-02  1.15488417e-01  3.62667143e-01
  9.73021016e-02 -1.61336791e-02  2.20984921e-01 -2.04689085e-01
 -5.36061712e-02 -1.49780540e-02 -1.23116508e-01  9.28648263e-02
 -2.25970671e-01 -1.73914805e-02 -6.95218891e-02  1.65337566e-02
  1.41508341e-01 -1.70106500e-01 -2.64712304e-01  2.92775650e-02
  1.03995755e-01 -1.57437563e-01 -5.96504249e-02  5.37467040e-02
  1.67506680e-01 -1.14139900e-01  1.50846597e-02  1.07908279e-01
  9.59207341e-02 -3.85779515e-03  1.37654707e-01  2.47804865e-01
  1.48289055e-01 -1.09410947e-02 -9.19918865e-02  2.27133557e-01
  9.29440334e-02 -1.02279045e-01 -1.11635722e-01  3.34835202e-01
 -2.44186893e-01 -9.37240198e-02 -2.58803308e-01 -8.67483169e-02
 -5.96746020e-02  8.87206644e-02  8.96283612e-02  9.83162224e-02
  8.91645327e-02  2.43132785e-02  5.74010797e-02 -3.27474996e-02
  2.93913111e-03 -3.04071475e-02  3.70410495e-02 -1.13901399e-01
 -6.94634020e-03 -3.77864912e-02  3.89324874e-02 -2.53439993e-02
 -5.78947552e-03  5.46523109e-02 -3.92085202e-02 -8.74563456e-02
 -1.97228901e-02  6.94269091e-02  1.13069765e-01 -1.58602551e-01
 -1.37371859e-02  1.32835776e-01  5.93147939e-03 -1.14849076e-01
 -2.02096570e-02 -2.08811343e-01 -7.88071677e-02  1.11192338e-01
 -3.15149650e-02  9.03057307e-03 -1.20313741e-01  2.33179390e-01
 -1.44775555e-01 -3.34344119e-01  2.71145497e-02  4.65383288e-04
  1.67646602e-01  1.06291354e-01  2.04710029e-02  2.50364617e-02
  9.58775207e-02 -3.51830460e-02  8.24204385e-02  1.16690788e-02
  4.44686040e-02 -7.92502910e-02  3.80030200e-02  4.13950644e-02]