http://erau.edu/ontology/meme.owl#NSFWComixMeme
[-9.49532688e-02 -1.34244621e-01  7.15267882e-02  4.95042354e-02
  7.71647468e-02  8.60139169e-03  1.06287934e-01 -7.18109980e-02
  4.52551991e-02 -1.00307003e-01  2.14254066e-01 -7.50869513e-02
 -3.83147188e-02 -5.70819899e-02 -1.21849954e-01  6.40054466e-03
  7.13655278e-02  1.18112385e-01  2.93333549e-02  3.10762227e-02
 -1.08501114e-01  2.46534362e-01  1.91761509e-01 -1.64529547e-01
  5.70454597e-02  4.59982343e-02  1.33917511e-01 -1.31784305e-01
  2.91233659e-01  1.26292929e-01  1.22749716e-01  1.45094603e-01
 -2.38939710e-02 -9.61564034e-02 -1.28429964e-01  3.49709660e-01
 -1.09506413e-01  8.25371593e-02 -3.94834235e-04 -1.08307011e-01
 -9.48369950e-02  2.58754402e-01 -3.60398859e-01 -6.13603964e-02
  1.86807081e-01  5.19654937e-02  2.95442948e-03 -7.43167251e-02
  6.89849555e-02  5.72232716e-02  1.72251210e-01 -5.28588258e-02
 -2.11392865e-01 -1.67481497e-01 -3.81299146e-02  5.15891016e-02
  1.59622043e-01 -1.97481692e-01  8.79747197e-02  8.88734683e-02
 -5.44613879e-03 -2.02606246e-01  2.14766711e-01  7.21302629e-02
 -2.01150283e-01 -1.51391938e-01 -9.78330374e-02 -8.81074443e-02
 -1.80764392e-01 -2.38994718e-01 -2.14107975e-01  1.45269975e-01
  1.38072044e-01  9.09634084e-02  4.23218273e-02  6.52864873e-02
 -1.38382211e-01  7.49347731e-02  2.70297885e-01  5.25925541e-03
  6.11880445e-04 -1.23426807e-03 -4.71832640e-02 -2.40082741e-01
  9.00169611e-02  2.12846864e-02 -1.59040630e-01 -4.62440066e-02
  1.91856861e-01  5.18694818e-02 -1.23866923e-01 -3.04537386e-01
  2.17188790e-01 -9.37341824e-02 -8.71463418e-02 -1.44298896e-02
  1.64553255e-01 -6.71108663e-02 -4.53234054e-02  2.47084983e-02
  1.74955621e-01  8.74148775e-03  4.57914442e-01 -2.31220946e-02
  4.36053500e-02 -1.18203506e-01  2.26389214e-01  1.84427586e-03
 -8.23204741e-02 -2.04011530e-01 -2.36303844e-02 -3.51126827e-02
 -9.79706794e-02 -1.93190292e-01  1.44206345e-01  4.46084403e-02
 -3.07628036e-01 -4.51907925e-02  5.18890694e-02  9.99443680e-02
 -6.54918253e-02 -1.94379658e-01 -8.10642391e-02  1.15085319e-01
  1.25350803e-01 -6.63820328e-03 -3.03334538e-02  5.21128252e-02
  1.39570981e-01 -6.91024661e-02 -2.59902596e-01  7.36837387e-02
 -9.45855081e-02 -1.61741212e-01 -8.33586529e-02  2.40085408e-01
 -1.12864397e-01  2.27673212e-03 -1.47806376e-01  2.59895697e-02
 -2.46844113e-01  5.32377698e-02  1.76804662e-01  3.50737572e-02
  2.05277517e-01 -2.70899147e-01  5.39000295e-02 -1.04938529e-01
 -3.06882467e-02  3.01938593e-01  9.13317651e-02 -1.09525584e-01
  5.26848659e-02  1.07846811e-01 -1.39620110e-01  8.66831690e-02
 -2.23996788e-01  2.84724712e-01  1.86218116e-02 -3.94007042e-02
 -2.63179690e-02 -2.29837865e-01 -4.85898294e-02  4.65389714e-03
 -2.52235532e-01 -1.14907481e-01 -4.30744467e-03  1.72838047e-01
 -2.98676521e-01  3.05478442e-02  4.63060811e-02  1.30403355e-01
  2.53620356e-01  1.92881629e-01 -1.24978229e-01  3.48422974e-02
 -2.32688934e-02 -1.36954218e-01  1.49815828e-01 -1.35381579e-01
 -5.35820611e-02  1.08153649e-01  1.07815221e-01  3.63529399e-02
 -1.83768710e-03 -1.16925299e-01  1.92351744e-01  1.06625184e-01
  1.61538988e-01 -1.02289557e-01  1.61405411e-02 -1.36863634e-01
 -1.95361570e-01 -2.00851932e-02  8.24651644e-02 -1.17748886e-01
 -3.68092000e-03  1.58024818e-01 -9.33504701e-02  4.56202812e-02
  5.26264459e-02 -6.15070425e-02  8.24216604e-02 -1.35278523e-01
 -1.11892611e-01 -1.41337067e-01 -3.86259034e-02  2.61854380e-03
  2.01332673e-01  1.80456623e-01  2.28820533e-01  4.46810424e-02
 -3.94958109e-02 -4.79958244e-02  8.18388388e-02 -8.56792033e-02
 -1.18588284e-02 -7.04853423e-03  9.52855572e-02  9.13106278e-02
  2.37786956e-02  6.89986348e-02 -1.23481058e-01  6.94115832e-02
 -8.01935866e-02 -3.77327949e-02 -5.97937107e-02  3.90107185e-02
 -1.04507491e-01 -2.40855273e-02 -1.11351372e-04 -6.49736077e-02
 -1.52310580e-01 -2.02796105e-02 -9.23966244e-03  7.43703246e-02
 -4.19725478e-02 -1.08321972e-01 -8.24923813e-02 -4.71752584e-02
 -2.96868533e-02 -6.52716309e-02  1.63577385e-02  7.47489091e-03
 -1.52558446e-01  4.07044366e-02 -1.35343865e-01  7.76870698e-02
 -1.35030985e-01  4.20271838e-03  3.11892312e-02 -4.11007889e-02
  1.27416894e-01 -3.76941152e-02  2.13005587e-01 -4.82575260e-02
 -1.21140536e-02  1.22613460e-01 -5.53198270e-02  2.05019265e-01
 -1.09206401e-01 -4.22817729e-02 -5.40962107e-02 -3.07662468e-02
 -6.28238618e-02 -2.36869641e-02  1.31979078e-01  4.30694930e-02
  7.16410056e-02 -1.73870493e-02 -7.51366466e-02 -1.14773333e-01
 -1.06885217e-01  1.11409007e-02  5.03554903e-02 -6.07123859e-02
  1.42984137e-01  6.73920810e-02  6.10835180e-02  3.92794423e-03
  1.96057418e-03  4.88539152e-02  1.48616796e-02 -7.26571158e-02
 -6.98866546e-02  5.38950861e-02 -1.41202301e-01  1.94417685e-02
 -1.60773441e-01 -1.19106010e-01  5.62506169e-02  7.54000470e-02
  9.37641636e-02 -2.94265598e-02  1.56188728e-02  5.78403361e-02
  1.28119290e-01 -5.78462593e-02 -9.24552456e-02 -4.28481176e-02
  8.78316909e-02 -8.96085799e-02  5.00935763e-02  1.74533620e-01
 -3.40532362e-02 -7.09045753e-02  1.47775143e-01 -7.46229663e-02
  5.79068735e-02 -2.29820842e-03  7.86984488e-02 -7.08969608e-02
 -2.78994609e-02  2.50673736e-04 -7.13845193e-02 -3.23889703e-02
 -1.59588475e-02  1.13708965e-01 -4.55228686e-02 -6.12340607e-02
  1.99667901e-01  5.32522649e-02  1.76434904e-01  8.16339850e-02
  8.51189196e-02 -1.57001942e-01 -8.92705545e-02 -1.11117877e-01
  1.04689829e-01 -6.50525047e-03 -3.42377946e-02 -5.34222228e-03
  4.76364493e-02 -1.08428262e-01 -3.46580707e-02 -7.85023794e-02
  1.03799380e-01  4.01172303e-02 -1.74180754e-02  1.89056605e-01
 -8.70262459e-02  3.80001850e-02 -2.93082073e-02 -1.26725614e-01
 -1.12635210e-01  5.51330100e-04 -1.72629029e-01  1.36370257e-01
 -3.08686569e-02 -1.24196105e-01 -4.51583192e-02  9.47258025e-02
 -1.64539650e-01  1.60793126e-01 -1.30278677e-01  3.00399326e-02
 -3.29555734e-03  1.08926125e-01  1.44379258e-01  5.35604917e-02
 -4.51274402e-02  4.55577113e-02  3.63143273e-02 -1.22377388e-01
  9.44089144e-02 -7.37557039e-02  7.21882060e-02  3.86059061e-02
  5.83102517e-02  6.83394670e-02  4.24600467e-02  2.23006159e-02
 -1.33808285e-01 -6.34365007e-02  3.07530146e-02 -6.57406673e-02
 -3.06687355e-02  4.41968888e-02  3.99052165e-02 -4.94935624e-02
  3.78271751e-02  5.54366224e-02 -1.09697012e-02 -7.53162354e-02
  1.85563922e-01 -2.25976288e-01 -8.91764313e-02  2.08430916e-01
 -1.19702872e-02 -1.14086419e-01 -9.22792554e-02  3.36915366e-02
 -2.37789191e-02  3.18383694e-01  5.76869696e-02 -2.64840364e-01
  1.64969459e-01  1.09043308e-01  4.35083181e-01 -1.24040611e-01
 -6.81452528e-02 -7.54772872e-02  1.32421255e-01 -2.42976829e-01
 -1.67525589e-01  3.70040871e-02  1.46951443e-02  2.54095137e-01
  1.13955334e-01  3.41110267e-02  9.48718116e-02 -1.92942604e-01
 -2.66530272e-02 -8.17428678e-02  4.67190519e-03  7.41134817e-03
 -1.42070144e-01 -1.35189220e-01 -3.45905758e-02  8.29039887e-02
  1.39290288e-01 -1.81617409e-01  3.43386456e-02  8.57946649e-02
 -1.23562887e-01 -1.64825603e-01 -6.24437705e-02 -4.14110534e-02
  1.86122417e-01 -5.65026775e-02  1.60498604e-01  2.18740493e-01
  1.14395075e-01 -9.60789844e-02  5.64758778e-02  1.39737204e-01
  1.50980547e-01 -1.35328704e-02  4.76914383e-02  1.22933336e-01
  3.76798697e-02  5.78390658e-02 -1.02725938e-01  2.15090573e-01
 -3.29703838e-01 -4.58691195e-02 -8.96781012e-02 -8.17392319e-02
 -1.52457073e-01  1.50647879e-01  1.14060275e-01 -1.30438665e-02
  1.90653965e-01 -3.86922918e-02  1.70564950e-01  8.86478424e-02
  6.83920607e-02  6.01670742e-02  1.82564575e-02  3.04261111e-02
  3.64813656e-02  1.29376873e-01  1.51605666e-01 -1.11708030e-01
  2.83633415e-02  7.76060894e-02  6.17333315e-02 -1.99544847e-01
 -6.01911871e-03 -2.96290759e-02  1.11087926e-01 -9.86605287e-02
  1.00536555e-01  1.03580423e-01  2.68225390e-02 -1.59582675e-01
  5.93299270e-02 -1.01360373e-01  5.44871539e-02  1.24550909e-01
  2.89520193e-02 -9.64033753e-02 -2.01148152e-01  2.31058449e-01
 -2.37082139e-01 -2.29196742e-01 -6.65534958e-02 -7.51573883e-04
  9.68241319e-02  4.29732762e-02 -2.51958636e-03  3.53015177e-02
 -6.37475494e-03  1.24613203e-01  1.04556113e-01  3.86794694e-02
 -2.20603049e-02 -4.15943377e-02 -8.42438824e-03  1.47783771e-01]