http://erau.edu/ontology/meme.owl#NiggaNiggaNiggaTheNiggaSongMeme
[-0.09677144 -0.14912929  0.11416551  0.10394391 -0.00714156  0.03395138
  0.40983847  0.16102603 -0.04191381 -0.00273698  0.14982377 -0.04538543
 -0.19421157  0.10475442 -0.15657985  0.01890714  0.04951018  0.20883314
 -0.02755358  0.22700769 -0.3373136   0.02936262  0.22514105 -0.19485375
  0.2139458  -0.1166493   0.07205617 -0.2059037   0.4055977   0.05882786
 -0.03432149  0.06004313  0.32437623 -0.15412594 -0.03311425  0.19201416
 -0.10991786  0.06909351 -0.04187796 -0.10436475 -0.05362609  0.2328107
 -0.31482312 -0.06368504 -0.04825938  0.12893601  0.01265283 -0.02976801
  0.10976216 -0.03707074  0.15022677  0.03732529  0.01582198 -0.01807724
 -0.1405193  -0.15413995 -0.03322    -0.16639738 -0.01519616  0.11397065
  0.03250303 -0.22120827  0.11542233  0.05166861 -0.26852116 -0.06904636
 -0.16096245  0.06986251 -0.1128714   0.02398965 -0.00100975  0.08778878
  0.24871396  0.13154192  0.01718042  0.08090957 -0.15816748 -0.05500396
  0.14361346  0.03416471  0.00305967 -0.19011907 -0.15784694 -0.2048734
 -0.01467896 -0.24201083 -0.15169421 -0.02170532  0.15605837 -0.02195468
  0.04912183 -0.360002    0.06564198  0.12437068 -0.11569422  0.02707653
 -0.19010077  0.00320241 -0.01060602 -0.19552134 -0.12262732 -0.23306714
  0.17856328 -0.11605915  0.09551802  0.10082234  0.08005209 -0.11109789
  0.10977469 -0.03672742  0.04473547  0.16155931 -0.03378861 -0.16955048
  0.05204586  0.04011137 -0.24322641 -0.07068753  0.11254797 -0.02041778
 -0.14343548  0.07741484 -0.00675772  0.11229647  0.02469902 -0.03461405
 -0.01520144 -0.02048722  0.14914002 -0.01341214 -0.15582448 -0.07125066
  0.01914794 -0.08206375  0.01245755  0.05492424  0.20368743 -0.03447815
 -0.2150803   0.09452953 -0.1559096   0.03558713  0.03603543  0.12359849
  0.05149392 -0.04649635  0.04694918  0.00285528  0.2695065   0.10873345
  0.07677768 -0.09746383  0.00231655 -0.12363783  0.06306705  0.06538235
 -0.1536309   0.07703124  0.09877226 -0.15713517  0.01824264 -0.22388873
 -0.1201648   0.04553633 -0.11568379 -0.12382293 -0.14633311  0.08822937
 -0.10833318  0.10952796  0.17102493  0.08591573  0.0674156   0.17868942
  0.03828093 -0.17233065  0.00143163  0.01150607  0.12335954 -0.01041254
 -0.07569852  0.07642726 -0.01137032 -0.07192035  0.0729913   0.03205343
  0.10052333  0.07433368  0.21898161  0.0092089  -0.01770638  0.11210821
 -0.23624118 -0.05896644 -0.19322173 -0.06183379  0.04714241  0.03946292
  0.03640404  0.00093916 -0.09177461 -0.09078853  0.07339285 -0.14747782
  0.00895692 -0.25280657  0.11027966  0.04003027  0.12358402  0.11648466
  0.16885519  0.09371149 -0.06574055 -0.12429032  0.27962917 -0.01773967
 -0.11504868 -0.10830766  0.20643593  0.07357322  0.32421935  0.27882448
 -0.07605238  0.03879     0.04084876 -0.15282619 -0.19894205 -0.02045666
 -0.04127569 -0.03362119  0.15015166 -0.03989593  0.01371052 -0.12187026
  0.05050095 -0.01881759 -0.19127645  0.15378739  0.12405124  0.03883594
  0.03989852  0.08496769  0.05091093  0.04675088 -0.19881997 -0.11358581
 -0.26950377  0.0181743  -0.16962557  0.23570587  0.01539968  0.06021158
  0.16852352  0.06749449  0.22500038 -0.13958146 -0.06923991 -0.20002027
 -0.00746796 -0.1349347  -0.14582394 -0.04240731 -0.04407583 -0.07600128
 -0.03774653 -0.13616869 -0.16972563 -0.0121671  -0.03646142  0.03316414
  0.013534   -0.09016664  0.06244413  0.04439593  0.26696506 -0.0032933
 -0.00239662 -0.09160139  0.00250804  0.06203664  0.08241359  0.17127363
 -0.1464755  -0.18236259 -0.22918919  0.06571869  0.02674614 -0.10614067
 -0.00778814  0.03139877  0.18039887  0.0209611  -0.12157314 -0.2280003
 -0.0883541   0.03473503  0.20078582 -0.04379403 -0.11539543 -0.23025642
 -0.1312887   0.07438893 -0.09019864 -0.02894418 -0.12361644 -0.11606255
  0.10078424 -0.07944814 -0.03019777  0.0495172   0.15526393 -0.13713075
  0.12812464  0.18622912  0.05555326  0.15219237  0.0796187  -0.00208406
  0.09602594 -0.07934283  0.01682731 -0.23993918  0.15061617  0.18370399
 -0.06856539  0.00165545 -0.10258611  0.06288005  0.21975946  0.10057972
  0.05880263  0.12234702  0.01864465  0.09994566  0.02082585 -0.13868219
 -0.02037583  0.19092761 -0.21781117 -0.08319733  0.08029767  0.18728146
 -0.12353326  0.07123092 -0.08602556  0.04834544 -0.11968675  0.16656213
  0.1499984  -0.27769527 -0.07349903  0.08099922 -0.06919888  0.074167
 -0.19301045  0.05685074  0.0403514   0.03367884  0.17320074 -0.01602809
 -0.09400306  0.07912943 -0.08272836  0.02687962 -0.03268236 -0.09597382
 -0.03680276  0.08083592 -0.18309318 -0.1925055   0.01105173 -0.04840063
 -0.1438388  -0.04800795  0.03606572 -0.10146379 -0.33629346  0.04380174
  0.01313548  0.18769313 -0.05631582  0.22659038 -0.12479009 -0.08671073
 -0.02020755 -0.05128575 -0.1525734   0.03333293 -0.02775752 -0.06655397
  0.01645388  0.08957594  0.01705704  0.1780894  -0.2103194  -0.31675455
 -0.03901264  0.13441496  0.04653805  0.13450816  0.15329605 -0.03287731
  0.01114111 -0.13116084  0.02669219 -0.023321    0.04077365  0.18310972
  0.15769002 -0.00612428  0.0696729  -0.23461002 -0.16902457  0.0096996
  0.06028334 -0.144238   -0.04084453 -0.10398658  0.08351994  0.13018095
  0.08669557  0.02220028 -0.10237563 -0.0691774  -0.07140663 -0.14145584
 -0.09860286  0.03315683  0.12790163 -0.16901168  0.08534748  0.19105202
  0.11258487 -0.01499169  0.38013422  0.12963976  0.04257333 -0.12902668
  0.21017924  0.03097375  0.11425517  0.24164933 -0.08539274  0.35000566
 -0.19225742 -0.07690855 -0.26670176 -0.11749405  0.05334499 -0.03286751
 -0.1160823   0.02908648  0.19006963 -0.01853069  0.22380319  0.0361212
  0.10085124  0.08226346  0.02773836  0.01007966  0.06889082  0.1389662
  0.17970835  0.06485101 -0.15398207  0.21462215  0.0794874   0.06612671
  0.02848874  0.18077256  0.3345573   0.00962135  0.285858    0.17686976
 -0.03630808  0.00695902 -0.0701974  -0.39254978 -0.0150681   0.01166982
  0.26889998  0.09944431 -0.01948198  0.30660084 -0.13176341 -0.2658064
  0.16330148 -0.1722876   0.32100016  0.14732483 -0.08733802 -0.05486297
  0.0522991   0.07527366  0.11877323 -0.0455283   0.08301889 -0.0726541
  0.0970061   0.23716547]