http://erau.edu/ontology/meme.owl#IDoNotControltheSpeedatWhichLobstersDieMeme
[-2.49420583e-01 -1.72152549e-01  5.70525415e-02  1.44034490e-01
  7.51628280e-02 -1.29265403e-02  1.75623223e-01 -1.55249960e-03
  2.96505336e-02 -1.30679771e-01  1.08236879e-01  3.23597789e-02
 -6.82894327e-03  7.78869689e-02 -9.69773009e-02  1.37506807e-02
  1.17321342e-01  1.43372759e-01  5.98345660e-02 -1.14962077e-02
 -4.00250971e-01  4.66844179e-02  2.20803469e-02 -1.35884017e-01
  1.82326525e-01 -2.05979839e-01 -8.95813480e-02 -1.79247186e-01
  3.48023117e-01  3.03356886e-01  1.01323366e-01 -4.24783723e-03
  2.24220872e-01 -1.21593207e-01 -2.70071179e-02  2.29821935e-01
  2.24245526e-02  3.50933783e-02  4.86434177e-02 -1.70593709e-01
 -8.65389779e-03  2.92248011e-01 -1.17342412e-01  1.83192175e-02
  8.84617642e-02  1.07322969e-01 -1.12711154e-01 -1.20527700e-01
  6.52261544e-03  1.33028589e-02 -1.23561108e-02  1.14021949e-01
 -1.27406865e-01 -1.57019377e-01 -2.00810701e-01  2.35046055e-02
  1.24925993e-01 -1.57994390e-01  2.93230504e-01  2.15585589e-01
  7.75837824e-02 -4.58911918e-02  9.68204960e-02  4.32725549e-02
 -8.77931938e-02 -6.54180348e-02  2.61592306e-02 -8.07844475e-03
 -8.61165002e-02 -1.04015678e-01 -1.09261580e-01 -4.17933166e-02
  6.83085322e-02  1.98285226e-02  1.05735421e-01  4.72086966e-02
 -1.61981225e-01  7.91244730e-02  4.58918288e-02  1.06970649e-02
  4.92125042e-02 -4.80698980e-02  1.82347838e-02 -1.26295730e-01
  4.89683114e-02 -8.88383463e-02  5.30113690e-02  4.43387367e-02
  8.63561332e-02  6.14514574e-02 -9.45512056e-02 -1.72237635e-01
 -8.34234208e-02 -1.67790771e-01 -1.37363717e-01 -1.75282769e-02
 -1.37722930e-02 -6.93758130e-02 -3.78555581e-02 -8.60264301e-02
  7.66093582e-02  1.29076362e-01  1.76909074e-01 -1.10181771e-01
 -1.77029241e-02  5.81526384e-02  1.96162418e-01 -3.06137023e-03
 -1.79738028e-03 -3.93592194e-02  1.52704716e-01 -1.20525047e-01
  3.02016791e-02 -5.96512891e-02  1.44628994e-02  9.29849148e-02
 -2.10932538e-01 -1.44294679e-01 -2.15916261e-02 -4.50757630e-02
 -9.39401165e-02  1.58783942e-02  1.14384204e-01  2.25307629e-01
  1.81262165e-01 -6.12573177e-02 -1.57945941e-03 -2.87828892e-02
  1.58039220e-02  2.95170993e-02 -1.87183738e-01  9.50236171e-02
 -3.93964611e-02 -1.84330314e-01 -1.41230850e-02  1.39761388e-01
  1.77206919e-02 -6.65462867e-04 -2.05353767e-01 -1.36637703e-01
 -3.05047572e-01  7.96302035e-02  1.56697854e-01  1.70899220e-02
  2.76597500e-01 -1.76676422e-01 -7.80040920e-02  6.07559532e-02
 -1.88172057e-01  1.14769407e-01 -9.92724150e-02 -1.37121066e-01
 -1.83624014e-01  8.47009420e-02  5.87671660e-02  6.50866777e-02
 -1.65464461e-01  1.42734453e-01  1.01855837e-01 -4.04817499e-02
 -2.72075944e-02 -1.47847012e-01  7.39020333e-02 -3.04869059e-02
 -8.40564668e-02 -1.41494602e-01 -8.81858468e-02  8.53353888e-02
 -2.64876366e-01 -1.97667698e-03  3.40616852e-02  2.61465490e-01
  2.53958970e-01  1.65162876e-01  1.08430982e-02  1.12884827e-02
 -2.75744125e-02 -4.93934862e-02  1.38065115e-01 -1.37899324e-01
 -7.68844411e-02  2.43827209e-01  4.05467190e-02  4.78196517e-02
 -6.34630024e-02 -1.07482485e-01  1.53975114e-01  1.37965977e-01
  2.72673130e-01 -8.00634027e-02  8.64929985e-03 -7.13890325e-03
 -1.12946369e-01 -1.23902768e-01  1.07532933e-01 -1.12011909e-01
  1.52609181e-02 -6.75368682e-02 -5.39805181e-02  1.40643477e-01
  5.10781184e-02  1.18041839e-02 -7.87929744e-02  6.06608354e-02
 -2.76491083e-02 -1.78672746e-01 -2.23142933e-02 -1.43424124e-01
  2.01102421e-01  5.13921157e-02  1.67068884e-01  1.02946721e-01
 -7.43498430e-02 -9.33071971e-02  2.22113743e-01 -6.57086298e-02
  7.80264363e-02 -8.46475437e-02  1.78030074e-01  1.53355792e-01
  2.93978192e-02  1.72843307e-01 -2.15074196e-01  5.67171089e-02
  6.51066974e-02  1.74846098e-01 -6.59230500e-02  5.17936125e-02
 -5.91895878e-02 -1.47964090e-01  4.22309861e-02 -8.15802962e-02
 -6.33921251e-02 -3.42644274e-01 -8.06158707e-02 -1.19221203e-01
 -8.87322500e-02  2.65607331e-02 -1.34051740e-01 -9.81116667e-03
  6.64666742e-02 -4.78119552e-02  2.02085031e-03 -3.48606817e-02
 -2.07119823e-01  1.64814446e-06 -1.65597349e-02 -4.59838249e-02
 -1.92705281e-02  9.98617113e-02  7.79607370e-02 -7.00041652e-02
  1.34129956e-01  1.43108964e-01  2.63332456e-01 -5.68391569e-02
 -1.68078184e-01 -4.22122143e-02 -1.22300407e-04  5.54998927e-02
 -1.19135283e-01  4.29593138e-02 -5.25118336e-02 -3.20738256e-02
 -9.24568623e-02  9.39669460e-02 -4.74948511e-02  9.21288505e-03
 -7.33998716e-02 -1.36429429e-01 -6.31666854e-02 -7.76783526e-02
 -1.09223284e-01 -1.76288579e-02  3.51114497e-02  6.69611394e-02
 -1.10810824e-01 -1.25987098e-01  1.12075776e-01  6.01145178e-02
  7.89093003e-02  1.01286069e-01  1.63939558e-02  5.89268422e-03
 -6.17459323e-03 -5.82110696e-03 -1.11502044e-01 -1.81983560e-02
  1.10650174e-01  1.17425965e-02  3.01618632e-02 -1.48013204e-01
  8.30902234e-02 -4.43389639e-02  5.97092547e-02 -1.26320664e-02
 -1.96907759e-01 -1.71769056e-02 -1.55223235e-01 -3.39004435e-02
 -1.97539389e-01  6.62170798e-02 -3.94177772e-02  3.01042553e-02
  6.73146034e-03  6.49347231e-02  8.63258019e-02  4.59368303e-02
 -8.13172087e-02  3.64038460e-02  1.44198239e-01 -3.01242620e-01
 -6.19971380e-03  1.50802299e-01  3.33446190e-02  3.08316555e-02
 -1.35891169e-01  1.72338158e-01 -4.78648059e-02 -1.59003228e-01
  1.35192081e-01 -5.92535399e-02  1.49273664e-01  1.39609352e-01
 -1.17722563e-01  1.47165298e-01 -1.46876410e-01  4.86318171e-02
  1.43811226e-01 -3.01824119e-02  5.98989539e-02 -1.46052033e-01
  4.85213064e-02 -5.84412664e-02 -6.32266477e-02 -1.79156363e-01
  7.91597068e-02  1.24705374e-01 -1.30840644e-01  1.53568134e-01
 -2.52938382e-02  1.84282809e-01 -1.29652649e-01 -8.17838535e-02
 -1.59409583e-01 -1.00240661e-02 -8.92545804e-02  2.16219097e-01
 -3.36323790e-02 -1.81387246e-01  8.66986662e-02  7.17164353e-02
 -1.14373416e-01  1.95313707e-01 -2.11895242e-01 -3.59180830e-02
  1.18049674e-01 -4.39267904e-02  1.69047669e-01 -1.28046483e-01
 -4.98015322e-02  1.31680384e-01 -3.76145504e-02 -2.48076636e-02
 -5.47833852e-02 -6.39487132e-02 -1.48876682e-01 -9.95856971e-02
  5.67973293e-02 -2.08674595e-02 -7.02719092e-02 -8.53827149e-02
 -3.21573585e-01  5.00526279e-02  2.78148800e-02 -1.42559469e-01
 -1.03518590e-01  2.00915132e-02  9.66547728e-02 -8.40400532e-02
  2.18410686e-01  2.31023461e-01 -1.21903993e-01 -1.18369520e-01
 -3.89146358e-02 -7.67782032e-02 -1.66091740e-01  3.01198214e-01
  5.92734590e-02 -1.21330053e-01  3.50849554e-02  1.86455905e-01
 -4.38898839e-02  1.11461878e-01 -5.66659607e-02 -3.18636239e-01
  5.11747610e-04  9.79112834e-02  4.02173311e-01 -7.07281232e-02
  3.81499417e-02 -5.00847213e-02 -2.48547848e-02 -3.14378411e-01
 -3.32842439e-01  6.77872524e-02 -1.31652042e-01  1.57859728e-01
  1.51811481e-01 -1.01895817e-01  9.25911367e-02 -3.08842003e-01
 -2.36286953e-01 -3.70845501e-03  6.52540056e-03  2.59096473e-01
 -1.00339435e-01 -6.00446388e-02 -3.24387327e-02  8.59704763e-02
  1.06774069e-01 -6.42772764e-02 -9.29625705e-02 -7.85891786e-02
 -6.02681339e-02 -1.43327713e-01  4.83830459e-02  1.65407851e-01
  1.18927084e-01 -3.08371428e-02  1.37082592e-01  2.69297481e-01
  1.23944163e-01 -2.08531678e-01  2.27357954e-01  1.57840073e-01
 -1.44368922e-03 -7.60542869e-04  9.26275998e-02  1.74382314e-01
  2.82323718e-01  1.79712683e-01  2.20954455e-02  3.92583400e-01
 -2.42122754e-01 -7.28128524e-03 -3.06863934e-01 -1.43360242e-01
 -1.93881109e-01  7.11153150e-02  4.71760593e-02  7.34938085e-02
  2.05235645e-01  5.33475028e-03  2.68843681e-01  1.58960856e-02
  6.29028454e-02  4.20492608e-03  1.36603162e-01 -3.87655944e-02
  1.94505677e-01  6.64062500e-02  9.20625031e-02 -1.53649807e-01
 -1.10312708e-01  9.62956101e-02  1.90207642e-02 -1.11392871e-01
  1.55835718e-01  2.50446916e-01  1.88495129e-01  4.53766212e-02
  1.76390350e-01  2.07427725e-01 -1.04032502e-01 -1.72276869e-01
  4.73691188e-02 -2.10877359e-01 -2.17231616e-01  1.75280839e-01
 -1.06503211e-01  1.38558997e-02 -1.19047500e-02  3.00159097e-01
 -1.56374067e-01 -3.08384836e-01 -9.91131458e-03 -1.79279968e-01
  9.67135653e-02 -3.16619910e-02 -2.02070415e-01 -8.26751441e-02
  1.68305621e-01 -5.35161747e-03  9.99537557e-02  1.96603283e-01
 -1.09532736e-01 -3.10286675e-02  2.40448654e-01  1.79952130e-01]