http://erau.edu/ontology/meme.owl#DeadBartMeme
[-1.31864458e-01 -8.85934681e-02  2.48666797e-02 -7.12013803e-03
  7.73114478e-03 -2.64533944e-02  1.28547356e-01  2.89512146e-02
 -1.28330708e-01 -2.15158165e-02  1.51792318e-01 -3.63179073e-02
  8.60978663e-02 -3.28800082e-02 -1.24293804e-01 -3.77200618e-02
  9.89208221e-02  1.70702264e-01  9.32565406e-02  5.27624078e-02
 -2.77183771e-01  5.88778630e-02  7.60886818e-02 -1.59177601e-01
  1.80369541e-01  1.97946001e-02  4.58016470e-02 -2.02238694e-01
  2.22445995e-01  1.59035370e-01 -3.69686424e-03  1.18776850e-01
  3.42374071e-02 -7.87527263e-02 -1.19601138e-01  2.84924507e-01
 -9.01629478e-02  1.11061141e-01 -2.76617203e-02 -1.63157225e-01
  5.16330637e-02  2.70043492e-01 -1.20554321e-01 -6.97285011e-02
  1.68597355e-01  1.47183731e-01  5.86945424e-03 -2.28061900e-02
 -1.71512477e-02  4.21356000e-02  1.40432548e-02  4.59482893e-02
 -9.14736241e-02 -8.98243338e-02 -4.10302356e-02 -5.71417017e-03
  1.29671022e-01 -1.19776949e-01  9.65204909e-02  1.01816699e-01
 -5.11687174e-02 -2.84274928e-02  1.64070234e-01  3.06884549e-03
 -1.93621308e-01 -1.58472806e-01 -1.08625693e-02 -6.75329119e-02
 -9.79453102e-02 -1.06259838e-01 -8.72437581e-02  1.77820861e-01
  1.47121072e-01  2.44765412e-02  8.00766423e-02  1.96137547e-01
 -2.79544368e-02  1.55591115e-01  2.10504726e-01  8.77071694e-02
 -3.89991663e-02 -1.01935253e-01 -7.66122192e-02 -2.76897550e-01
  1.36033788e-01 -9.36330557e-02 -3.26633342e-02  1.25858411e-01
  1.59122378e-01  3.67073575e-03 -7.14608422e-03 -2.90212214e-01
  1.45225704e-01 -9.29929167e-02 -9.75379199e-02  4.02065702e-02
  1.00148013e-02 -4.25008386e-02 -7.56687298e-02 -7.23453164e-02
  9.93401185e-02  2.09750608e-02  3.07697564e-01 -1.72833651e-01
  3.38209271e-02  2.46986989e-02  2.67974406e-01 -7.28507154e-03
  1.96095090e-02 -1.31662488e-01  5.24476692e-02 -1.90703943e-02
 -2.04795569e-01 -1.11144692e-01  1.14912428e-01  1.18637569e-01
 -3.39306056e-01 -2.44762585e-01  4.49435897e-02  1.92632694e-02
 -1.08754136e-01 -6.34436607e-02 -4.10339702e-03  4.40518409e-02
  9.16571841e-02 -1.54632881e-01  6.36179969e-02 -4.08997685e-02
  9.82239842e-02  1.58650335e-02 -1.15652680e-01 -5.21120615e-02
 -1.49397105e-02 -1.42076075e-01 -3.49260569e-02  6.16382547e-02
 -3.83785218e-02 -5.78951836e-02 -8.72380286e-02  9.70305409e-03
 -2.37082660e-01  8.32075402e-02  1.13443166e-01  1.40205085e-01
  1.17650390e-01 -1.86536670e-01  6.49290532e-02 -1.26505300e-01
 -2.58238637e-04  2.15022266e-01  2.06489582e-02 -1.61995769e-01
  1.33259356e-01  7.93299899e-02 -7.74794817e-02 -1.09690391e-02
 -2.35491842e-01  8.29115212e-02  1.06271334e-01  4.12203334e-02
 -7.22399801e-02 -1.61699325e-01 -2.56205047e-03 -6.19045235e-02
 -1.95955083e-01 -2.11241499e-01 -8.75186250e-02 -3.81106348e-03
 -2.89572179e-01  9.28556249e-02  4.80369776e-02  1.05967104e-01
  2.23341122e-01  1.58823207e-01 -1.08552435e-02 -7.09442496e-02
  3.47754136e-02 -1.40460178e-01  1.09345227e-01 -5.76567799e-02
 -4.40665297e-02  6.43418357e-02  8.46480355e-02 -1.00230798e-01
 -6.82118014e-02 -1.45222386e-02  9.58022475e-02  7.60433674e-02
  2.77997822e-01 -7.67753795e-02  1.13218024e-01 -1.26891494e-01
 -1.13735348e-01  1.28182592e-02 -2.16354560e-02 -6.50478452e-02
  9.42379832e-02  4.48308960e-02 -6.11491539e-02  6.49002045e-02
  5.75140826e-02  5.20515367e-02  1.60418730e-02 -6.88958764e-02
  3.03456523e-02 -2.42104769e-01  8.21291178e-04 -4.88631204e-02
  1.39554366e-01  1.14712574e-01  1.18632965e-01  4.20024842e-02
  2.16940474e-02 -8.08951110e-02  1.23966493e-01 -1.11214770e-02
 -1.24662489e-01 -1.22584037e-01  5.67970686e-02  9.38872099e-02
  7.52278715e-02  1.94132477e-01 -1.75526679e-01 -5.84966056e-02
 -7.70321488e-02  3.87038104e-02 -1.38081372e-01 -3.28865126e-02
  6.21668771e-02 -6.29282743e-02  7.26628453e-02  6.26635998e-02
 -9.83239785e-02 -5.41404523e-02  1.82064623e-02 -7.79753327e-02
 -4.01941463e-02 -1.65996619e-03  2.77415197e-02 -6.82965890e-02
  2.76184734e-02 -6.17495365e-02 -2.14033965e-02 -9.96456295e-03
 -1.32638022e-01  5.44428080e-02 -8.58554244e-02 -7.38807172e-02
 -4.62233126e-02 -3.12900878e-02 -2.98328064e-02 -2.92223878e-02
  1.00264162e-01  1.50327571e-02  1.04878381e-01 -4.06753831e-02
  2.45868806e-02  9.14621651e-02  9.35200825e-02 -7.83247408e-03
  1.50845246e-02  2.07210984e-02  5.82968742e-02  1.05870822e-02
 -8.57978910e-02 -1.89405814e-01 -3.44922170e-02  8.59960041e-04
  5.21018840e-02 -9.93243679e-02  2.83281300e-02 -3.86422686e-02
 -9.34533775e-02  7.84456655e-02  1.89358845e-01 -7.98678249e-02
  1.08922645e-01 -4.99661407e-03  2.74456702e-02  9.83594637e-03
  1.06312923e-01  2.80419942e-02 -8.94364864e-02 -1.23358637e-01
 -1.06801316e-01  3.73232216e-02 -8.51435289e-02 -2.53039016e-03
  2.99522355e-02 -4.98180501e-02  3.14132720e-02 -1.28494933e-01
 -5.33606075e-02 -1.30977660e-01  6.29041046e-02  9.16919392e-03
  9.16758925e-02  1.85002852e-02 -1.26524851e-01 -1.25571057e-01
 -1.19931564e-01 -9.53401159e-03 -3.73275578e-02  9.02658775e-02
 -1.12099893e-01 -1.14812985e-01  2.00444564e-01 -1.36931855e-02
 -4.17777933e-02  8.29918608e-02  1.50045127e-01 -2.62423068e-01
  1.00873457e-02  9.79099199e-02 -1.63670834e-02  8.54500309e-02
  9.71057788e-02  9.17099044e-02 -4.44245199e-03 -3.32597084e-02
  2.12451201e-02 -1.53278053e-01  1.93929031e-01  2.00454339e-01
  1.83356460e-02  1.02974705e-01 -2.19964251e-01  1.00712352e-01
  1.23607226e-01 -7.74715021e-02 -2.57581826e-02  4.43227030e-02
  1.25565216e-01  3.21012959e-02 -1.22863956e-01 -2.67483622e-01
  1.63412869e-01  1.54218152e-02  3.51246782e-02  1.28309056e-01
  2.89171711e-02  8.15020204e-02 -2.25543557e-03 -3.65285724e-02
 -1.64115608e-01 -7.03155249e-02 -8.65247101e-03  8.94793645e-02
 -5.50415646e-03 -1.06534757e-01 -2.28919517e-02  9.86458063e-02
 -1.70182779e-01  1.57867596e-01 -1.28587872e-01  5.96461967e-02
  9.16621312e-02 -8.89452770e-02  2.09952280e-01  5.04344068e-02
 -1.29875749e-01  8.63831267e-02  1.92450564e-02 -2.42813360e-02
  6.68930039e-02 -8.84635821e-02  1.18359802e-02  1.51207652e-02
 -7.45178340e-03 -4.70551699e-02  9.65927839e-02 -1.15494886e-02
 -1.49675757e-01 -5.66965677e-02  4.62089702e-02 -2.80178729e-02
 -1.29158914e-01  1.27488449e-01  6.03966750e-02  6.60620108e-02
  2.49772333e-02  1.41136900e-01 -1.36769693e-02 -3.69181745e-02
  7.61333406e-02 -1.78755596e-01 -1.72812104e-01  2.40128189e-01
 -5.76675385e-02 -1.64299741e-01 -1.08007021e-01  3.51062603e-02
 -1.01758465e-02  2.27778077e-01 -3.13175842e-02 -2.79859930e-01
  3.71882878e-02 -7.73020787e-03  2.70620406e-01  2.66451165e-02
  4.26247530e-02 -1.16080970e-01  5.64589053e-02 -2.93046027e-01
 -2.82533556e-01  1.59923900e-02 -8.47997423e-03  4.57922846e-01
  1.69556692e-01  1.41333520e-01  1.04058102e-01 -1.13163218e-01
 -1.81452274e-01 -5.00331260e-02 -2.96481443e-03  8.85805264e-02
  1.09365307e-01 -7.01662675e-02 -2.18949504e-02  7.46259242e-02
  9.49908644e-02 -4.29465063e-02 -5.51978722e-02 -7.42810220e-03
 -9.42472019e-04 -9.53772366e-02 -5.81864938e-02  1.25194803e-01
  1.30412772e-01 -1.43183649e-01  6.38890266e-02  2.56000906e-01
 -1.71607127e-03 -1.81043819e-01  1.81055918e-01  1.58025354e-01
  1.05819762e-01 -7.44680166e-02  3.22648473e-02  8.32504854e-02
  1.86226979e-01  1.47631437e-01 -1.64882451e-01  3.14440072e-01
 -3.52504164e-01 -7.83140883e-02 -1.66128188e-01 -1.07608132e-01
 -2.38811567e-01  9.69468206e-02  5.02084866e-02  1.13023505e-01
  2.03018680e-01 -6.29415438e-02  2.18503892e-01  8.87961090e-02
  6.36981800e-02  6.16180897e-02  6.23001680e-02 -4.02738573e-03
  2.41469249e-01  1.56945348e-01  2.05415204e-01 -1.20436847e-01
 -3.57272029e-02  8.58548731e-02 -1.73188765e-02 -2.39368767e-01
 -1.24463625e-01  1.86503306e-02  2.47099906e-01 -3.59964967e-02
  2.75337458e-01  1.52316540e-01  1.04280569e-01 -2.50834405e-01
  1.25944436e-01 -6.71212524e-02 -5.28377481e-02  5.23933433e-02
  2.18955278e-02 -3.85180302e-02 -1.55364498e-01  3.26585740e-01
 -1.13506041e-01 -2.10216179e-01  3.96236293e-02 -8.72913096e-03
  8.55353251e-02  6.47997856e-02 -8.30057412e-02  4.48738597e-02
  4.90257218e-02  2.89515667e-02  8.98282975e-02  1.26955628e-01
  2.53590895e-03 -9.29641500e-02  5.20130470e-02  1.98186636e-01]