http://erau.edu/ontology/meme.owl#DragonBallFighterZMeme
[ 0.15013659 -0.15412636  0.13921462  0.01632652  0.03353918  0.20351702
 -0.01454777 -0.19967161 -0.06209791 -0.21120004 -0.03252846 -0.01091135
 -0.01385367 -0.02045792  0.01475379  0.03507123 -0.21998265  0.16791353
  0.05148941  0.2886942   0.09532345  0.0509701   0.2436156   0.20123234
  0.01375531  0.00103117 -0.03299645  0.1840859   0.5273234   0.03151958
  0.11157237  0.24322559  0.03445186 -0.07267592 -0.12377889  0.20324257
 -0.03670868 -0.07699119 -0.22124684 -0.08851161  0.03264109 -0.02860499
 -0.13846421  0.05228566  0.13885798 -0.1914059   0.10504638 -0.12563969
 -0.03522561  0.05150241  0.04121143 -0.09552626  0.01393138 -0.02237894
 -0.04928195 -0.1198458   0.30178353 -0.15804598 -0.07236747 -0.00565801
  0.09844722 -0.08057502  0.08522576  0.12434389 -0.29156208 -0.07984495
  0.15397307 -0.01947078 -0.1431022   0.16699189  0.10813531  0.13672549
 -0.10112873 -0.09258406  0.0144279  -0.04666066  0.04832034  0.16355415
  0.16673474  0.1268171  -0.05030222  0.04119153 -0.08306368 -0.17708923
  0.20049688 -0.11720243  0.00598915  0.14000684  0.22155961 -0.06369682
 -0.02584208 -0.23553017 -0.06754386 -0.15070336 -0.05223802 -0.00193653
 -0.24269322 -0.14899953  0.15710495  0.09960193  0.11573091  0.14394198
  0.2666537   0.01169713 -0.09098938  0.0909938   0.08201826  0.0303103
  0.17983295 -0.08406414 -0.1396052   0.03156045  0.15239409  0.04418489
  0.19323613  0.18361583  0.04161273 -0.06639652  0.08908183 -0.11195663
  0.21181828 -0.12839822 -0.26562804 -0.06085544 -0.0385715   0.12702811
  0.03347374  0.14846468  0.13117643 -0.10690372 -0.32638627 -0.15047707
 -0.22115745 -0.2050681  -0.24585663  0.02369634 -0.2927066  -0.0234135
  0.09354945  0.11070797 -0.03572895 -0.13334356  0.05676049 -0.27258426
 -0.04806555 -0.07500335  0.20473762  0.05470273  0.17644832  0.06442056
 -0.19459507 -0.22940563  0.04593235 -0.14575134 -0.071389   -0.01940536
  0.00625253  0.15955122 -0.0860892  -0.09215483  0.10896657 -0.04190884
 -0.04690279 -0.0359423  -0.41397256  0.04629581  0.01261469  0.25099248
 -0.11337379  0.166926   -0.16254282  0.13003053  0.20876466 -0.00848019
 -0.18562615 -0.06790318  0.05654043  0.09996389  0.07516407 -0.15161984
  0.02940018 -0.24520372  0.16978732  0.24137221 -0.27167985 -0.08078933
  0.11802663  0.01050156  0.10968801 -0.14290825 -0.14733273  0.08336216
 -0.08449645 -0.07482909 -0.1202934  -0.06616404  0.07636072  0.17456526
  0.01726118 -0.05938178  0.10112185 -0.10876913  0.14171062  0.2486548
 -0.0458504  -0.30523908  0.15527765 -0.01984717  0.2913838   0.09818519
  0.27475154 -0.02794022  0.16027379 -0.16215244  0.1322259   0.27257988
 -0.00620784 -0.00454342  0.2789647   0.16142595  0.19930668  0.4064346
  0.00247894  0.23259363  0.06102012 -0.16306752  0.02260398 -0.14442036
 -0.27368164  0.03092542 -0.18342726  0.07317022 -0.06586414 -0.1973606
  0.04040109 -0.05210169 -0.12613007 -0.23228486  0.3508203  -0.13874729
 -0.1213913   0.12062808  0.11689377  0.08957466 -0.3001578  -0.10442623
 -0.16297744  0.27183825 -0.07573689 -0.0554507   0.05881383  0.02550545
  0.06296312 -0.12691578  0.4383247  -0.01586488 -0.39408052 -0.01851338
 -0.14219005 -0.07096013 -0.27974838 -0.16928424 -0.09198837 -0.21267465
  0.01188246 -0.20692751  0.24633564  0.10161477  0.05825155  0.03594904
 -0.02290119 -0.11674375 -0.05456109  0.11952079  0.15820284 -0.11558747
  0.08698838  0.13663039 -0.20632793 -0.26897416 -0.0254996   0.19426216
 -0.21592905 -0.04399176 -0.07241227 -0.01666429 -0.3630107   0.04511872
  0.01079916 -0.17007372  0.00998178  0.1019942  -0.02859929  0.06288943
  0.08654075 -0.02799415  0.19130984  0.2075566  -0.17581014 -0.09953421
 -0.16224721  0.10277737  0.19837597  0.16566588  0.0729531   0.01943888
  0.44205642 -0.03217624 -0.02313017 -0.16685475  0.26983052 -0.36261225
 -0.00508983 -0.08951465 -0.32254207 -0.12196176  0.12801397  0.09900156
 -0.04952203  0.00829481  0.193989   -0.19390814  0.02672286  0.32392457
 -0.01875734  0.056519   -0.2218008   0.14617787  0.39166382  0.07034357
 -0.1282993  -0.23006293  0.35341588 -0.06268413  0.42317015 -0.3838725
  0.21984605  0.13710904  0.02466558  0.03693261  0.03684102  0.18592048
  0.01085654 -0.0695323  -0.24610221  0.17291804 -0.07978772 -0.07025708
  0.08345516  0.05996571 -0.05352084  0.19386233 -0.09692421  0.2978324
 -0.27675906  0.15297952  0.12669219  0.05958451  0.32580334 -0.23986721
  0.03782766  0.3754363   0.11367351 -0.28749418  0.17490822  0.02251479
 -0.09278185  0.10859571  0.0768346  -0.09846606 -0.17763771 -0.23086528
 -0.28781497  0.13188955  0.23076364  0.18906155 -0.03977169 -0.01507647
 -0.03794694 -0.22920012  0.16360006  0.35475492 -0.16684216 -0.13690546
 -0.11349854  0.03568862 -0.01543742  0.02816147  0.09272482 -0.06006322
  0.06917325  0.04534927  0.03748401  0.11729141  0.13410108 -0.03843774
  0.0969826  -0.16463293 -0.0518529   0.04101517 -0.1705564  -0.08129985
 -0.04494302  0.05055092 -0.0128187  -0.19069181 -0.0692857  -0.07755531
  0.12437924 -0.1440672   0.5669352  -0.08085942 -0.22578293 -0.04910157
 -0.3067613   0.32261297 -0.3653792   0.00863559 -0.11871505 -0.02410166
  0.41394064  0.0980082  -0.4105662  -0.02001183  0.22671266 -0.1374728
 -0.22296739 -0.10345211  0.36287382 -0.01674495  0.13255997  0.30603582
  0.33655152  0.04729215  0.33709678  0.6284781  -0.02013175 -0.48979637
 -0.21700822  0.27096385  0.22471784  0.11471809 -0.24282469  0.54584354
 -0.48980892 -0.23101847 -0.41073108 -0.12708697 -0.09770838  0.09073633
 -0.00802268  0.29928884  0.4965437  -0.18306312  0.24987268  0.0231702
  0.23634852 -0.00559297 -0.1256741  -0.01788483  0.17122163  0.05953746
  0.03839619  0.10692159  0.15559502  0.21142964 -0.02497849 -0.17974718
 -0.06245968  0.03879058 -0.01879624  0.07582155 -0.03477091  0.32699776
  0.02276753 -0.10655496  0.16810249 -0.34750268 -0.06980548  0.25822255
 -0.09437717  0.12066351  0.09733404  0.11905201  0.01658415 -0.22871462
 -0.05444216  0.09928601  0.21242301 -0.04301018 -0.11010343  0.084092
 -0.13753596 -0.00905759  0.14672863 -0.00255025  0.17734322 -0.33816072
  0.16672081 -0.04539148]