http://erau.edu/ontology/meme.owl#CryMoarMeme
[ 1.17915804e-02 -9.69310328e-02  1.13420501e-01 -1.62824169e-02
 -2.06046775e-02  2.28590723e-02  1.83279783e-01 -8.11434165e-02
 -8.02462697e-02 -1.00760765e-01  1.09380104e-01 -6.18759468e-02
  6.45565009e-03 -1.70314051e-02  1.52680688e-02 -2.29579536e-03
  4.44725202e-03  1.15936771e-01 -1.78928114e-02 -3.41078192e-02
 -6.31348491e-02  4.49519753e-02  9.87826511e-02 -9.71280113e-02
 -5.81641272e-02 -1.85690261e-02 -5.37430570e-02 -3.22333984e-02
  1.95559114e-01 -1.26342615e-02  4.69794795e-02  1.40621901e-01
 -3.05709504e-02 -8.61224160e-02 -4.83831130e-02  1.82297885e-01
  3.94482352e-03  1.24507092e-01  2.41594035e-02 -6.09178059e-02
 -7.55794793e-02  1.83138102e-01 -1.57564491e-01 -1.21469505e-01
  6.23167902e-02  4.95712608e-02  5.55128492e-02  4.31735478e-02
 -3.61765325e-02  4.90196906e-02  5.43637462e-02 -3.25520313e-03
 -6.86385855e-02 -1.63467392e-01 -1.65717691e-01  8.89324408e-04
  1.13924161e-01 -1.77146390e-01  1.52267203e-01  1.32664680e-01
 -4.37536985e-02 -4.71749231e-02  1.11730270e-01 -1.87323627e-03
 -1.09036624e-01 -7.45010972e-02  4.27637249e-02 -8.67713522e-03
 -3.86231616e-02 -5.91521189e-02 -5.38735986e-02  1.15255527e-01
  1.21480048e-01  6.62396178e-02  2.69402470e-02  7.43092149e-02
 -1.54750487e-02  1.02890451e-02  1.55438200e-01  4.59135436e-02
 -6.58317283e-02 -9.00356323e-02 -3.46093103e-02 -1.64312497e-01
  4.24301289e-02 -8.51807222e-02 -2.81593893e-02  3.58745866e-02
  4.79245372e-02  8.87357164e-03 -4.36751433e-02 -8.86325240e-02
  7.60615990e-02 -9.58272517e-02 -1.23740979e-01  1.18041039e-01
  2.37174449e-03 -7.43544707e-03 -2.48358697e-02 -5.59651069e-02
  9.40359011e-02  1.91724114e-02  2.62995571e-01 -7.99735188e-02
  3.27186994e-02 -8.83321930e-03  6.52598515e-02  4.91199009e-02
 -5.81983058e-03 -2.84213684e-02 -5.53400777e-02  1.95995998e-02
 -1.48052067e-01 -7.15216696e-02  7.61175156e-02  7.77049689e-03
 -1.54023737e-01 -1.33673131e-01  6.35192022e-02  1.65565878e-01
  3.87533046e-02 -6.22023977e-02 -9.69691724e-02  6.10979535e-02
  3.03815771e-02 -7.94327334e-02  3.04128453e-02  5.91165088e-02
  1.03483409e-01  5.62382825e-02 -1.81060061e-01 -1.40920766e-02
 -4.59883213e-02  2.08991189e-02 -9.02884007e-02  9.30704400e-02
 -2.12263484e-02 -8.74982867e-03 -3.79801691e-02  6.21996634e-02
 -2.18277633e-01 -1.21510178e-02  1.18032798e-01  5.47939055e-02
  1.45057797e-01 -1.79519728e-01  3.48432735e-02 -9.51645374e-02
 -7.25011304e-02  1.55920997e-01  2.09117997e-02 -1.15945607e-01
 -8.51157755e-02 -3.55876749e-03 -4.75314744e-02  4.85967509e-02
 -1.65573135e-01  1.52946994e-01  3.73927541e-02 -7.05165043e-02
 -1.01446202e-02 -5.80510078e-03 -3.33031937e-02 -1.44189140e-02
 -2.18861654e-01 -1.31323680e-01  8.24761912e-02  2.00925514e-01
 -2.60405213e-01  1.11326821e-01 -3.67133282e-02  1.18714295e-01
  1.44435212e-01  8.85238424e-02  6.03431314e-02  1.19367260e-02
 -9.17305052e-02 -6.09379308e-03  1.02373108e-01 -9.25543439e-03
 -7.71198124e-02  5.24352975e-02  1.10190153e-01 -1.47462701e-02
 -9.47307050e-02  3.13698240e-02  4.69298251e-02  2.94713862e-02
  1.86621174e-01 -4.55052145e-02  2.35043876e-02 -8.49909186e-02
 -1.43038586e-01 -4.75629456e-02 -2.25162655e-02  2.89195031e-02
  5.37998304e-02  1.85000256e-01 -1.65176943e-01 -1.13134325e-01
  4.82497774e-02  1.61588716e-03  1.43304393e-01 -1.27644464e-02
 -6.44313172e-02 -1.88701198e-01  2.15073992e-02 -7.29866773e-02
  7.36371949e-02  7.79441223e-02  1.10901594e-01  2.05406714e-02
 -3.28434743e-02  7.29032010e-02 -5.38919792e-02 -7.14882417e-03
 -9.27894749e-03  6.01911917e-04  7.64412805e-02  1.75562769e-01
  6.13841303e-02  1.43376797e-01 -7.35196471e-02  8.80433619e-02
 -5.17494865e-02  7.27111250e-02 -1.30859807e-01 -2.80168448e-02
 -4.62447181e-02 -5.75718135e-02  1.92373190e-02  7.35368161e-03
 -1.12924561e-01 -1.74730550e-02 -3.13044116e-02  8.34071264e-02
 -4.84602191e-02 -1.25159234e-01  4.73055011e-03 -7.75081143e-02
 -4.16696407e-02 -7.53532946e-02  2.49126088e-02 -3.45434360e-02
 -2.08610803e-01 -1.49835357e-02 -1.16715766e-01 -3.34569402e-02
 -4.91246358e-02  6.34397343e-02  2.93686185e-02 -6.61235377e-02
  1.39152303e-01  1.03185214e-02  1.32598191e-01 -1.58943161e-02
 -1.47454798e-01  1.66656263e-02  6.17942661e-02 -8.72134790e-03
 -9.04434174e-02 -1.38718769e-01 -1.02435365e-01 -9.42213908e-02
 -4.78301160e-02 -2.51435548e-01  9.31683555e-03  4.75117378e-02
  1.00978039e-01 -1.58488363e-01 -1.00804977e-01 -1.24001831e-01
 -1.07138231e-02  1.04939509e-02  8.04012492e-02 -3.63110192e-02
  7.80722722e-02 -1.33647704e-02 -4.93606851e-02 -1.22442003e-02
  1.28244400e-01  4.00493853e-02 -2.21681106e-03 -1.44032985e-01
 -1.98792785e-01  6.43532872e-02 -1.05081350e-01 -7.46774860e-03
 -9.92677733e-02 -1.38096526e-01  1.10673651e-01 -1.76060677e-01
  2.71149781e-02 -5.53015247e-02  5.20459861e-02  1.70522723e-02
  8.32671002e-02 -3.74923572e-02 -1.58044517e-01 -1.49527296e-01
 -2.16469303e-01  4.90243733e-02  2.64780577e-02  1.03392243e-01
 -8.04697499e-02 -5.64149953e-02  1.53611645e-01 -5.53000085e-02
 -4.12944853e-02  3.43430080e-02  2.37639561e-01 -1.92350298e-01
  9.12089739e-03  1.99277103e-02 -1.55510515e-01 -1.07324896e-02
 -5.50090373e-02 -5.53669408e-02  9.75366533e-02 -4.84255739e-02
  5.78576177e-02 -1.26669064e-01  9.60404053e-02  1.21762291e-01
 -3.76653895e-02  1.18044978e-02 -8.20110738e-02 -4.02710633e-03
  1.15487352e-01 -7.80127794e-02  3.88162881e-02  4.72062752e-02
 -2.22008787e-02 -9.02305990e-02  7.36287329e-03 -1.45523474e-01
  1.46950766e-01  9.82464924e-02  5.90667464e-02  1.08431056e-01
  6.25947937e-02 -3.58444685e-03 -2.77445819e-02 -2.80801784e-02
  2.62674727e-02 -5.23383580e-02 -1.31261036e-01  7.31967613e-02
  4.28864211e-02 -9.91541669e-02 -1.66482665e-02 -6.61310330e-02
 -1.01530060e-01  1.44844875e-01 -1.28324568e-01  8.54941383e-02
  1.24172997e-02 -7.75399664e-03  1.56075627e-01 -3.45111415e-02
 -5.18270209e-02  4.07842323e-02 -3.30299512e-03 -7.58267865e-02
  3.77451405e-02 -5.03904931e-02 -6.60756752e-02  2.92668175e-02
  9.16926842e-03  4.49958518e-02  3.87131833e-02 -2.52746288e-02
 -1.50820553e-01  3.29896808e-02  2.96240523e-02 -4.25315350e-02
 -4.32882011e-02  3.20049748e-02 -1.02042630e-01 -4.03916165e-02
 -4.63376530e-02  9.08477902e-02 -6.19425140e-02 -4.44156826e-02
  1.63966790e-02 -6.76554367e-02 -6.03892803e-02  7.43749812e-02
 -1.89594757e-02  2.94072330e-02 -2.34535692e-04  4.96020168e-02
 -1.95870996e-02  1.52974099e-01 -7.57610574e-02 -1.69806957e-01
  1.78793655e-03  1.02049857e-02  8.16801116e-02 -3.60456519e-02
 -2.15194505e-02 -7.96349570e-02  6.10407107e-02 -6.31480962e-02
  1.39683057e-02  1.07758511e-02 -5.17953234e-03  1.06342894e-04
  5.44021614e-02  6.35684803e-02  9.30118561e-02 -6.05044588e-02
 -1.09725729e-01 -1.09543800e-01 -6.05919771e-02  7.59152845e-02
 -3.37569416e-02 -4.89113443e-02 -2.62870546e-02  1.79143362e-02
  8.71905982e-02 -4.53270366e-03 -6.59299567e-02 -1.61022004e-02
  3.53739224e-02 -4.83548082e-02 -7.23553374e-02 -1.01194466e-02
 -7.50720827e-03  2.77240612e-02  5.93755208e-02  9.25092921e-02
  1.68029778e-02 -1.02677189e-01  1.46108210e-01  1.12520292e-01
  1.10603325e-01 -4.40774150e-02  1.28035909e-02  8.91076997e-02
  3.04394979e-02  1.09513447e-01 -7.68694729e-02  1.26716286e-01
 -1.00960761e-01  6.07469566e-02 -7.11006597e-02 -3.87778990e-02
  1.32108424e-02  3.83740142e-02  5.01834340e-02  8.43083039e-02
  9.60840434e-02 -2.43867189e-02  1.59128711e-01  1.28165781e-01
  3.15611809e-02 -2.82387268e-02  2.76460946e-02  1.06866471e-02
  1.21529885e-01  6.63908869e-02  2.43709981e-02 -1.31992579e-01
 -2.93141566e-02  1.07459597e-01 -2.69669257e-02 -1.88231617e-01
 -3.86246219e-02  4.56562452e-03  4.70616259e-02 -6.52842131e-03
  1.27836660e-01  3.64549607e-02  4.32472639e-02 -1.62174612e-01
  9.23433080e-02 -7.75830746e-02  5.35936058e-02  6.67336732e-02
 -2.07660366e-02  6.32434785e-02 -1.30080596e-01  1.56300008e-01
 -9.02304500e-02 -1.07594229e-01 -3.26935127e-02  3.38058397e-02
  3.23084220e-02  6.55455738e-02 -1.04330610e-02  5.60860336e-02
  1.81879494e-02  1.11060418e-01  8.75185989e-03  4.58997600e-02
  1.08272582e-01 -9.24095232e-03  5.36899567e-02  3.01034823e-02]