http://erau.edu/ontology/meme.owl#ThatIsMahoganyMeme
[-0.12647907 -0.18072808  0.06991863 -0.11028502  0.03609876  0.01726129
  0.03116912  0.01751542  0.1238974   0.02330238  0.1449586   0.00374949
  0.08405472 -0.00944542 -0.1460646  -0.10124771  0.09932221  0.05015438
  0.05450099  0.0881182  -0.05260902  0.04537031  0.03640071 -0.12133301
  0.22591153  0.0626203   0.05811702 -0.04822809  0.14386313  0.09583841
  0.00346289  0.05365233  0.00628407 -0.04371199 -0.00373343  0.18499956
 -0.03449162  0.04735756 -0.08273903 -0.15539666 -0.00328369  0.21650964
 -0.11371952 -0.05097069  0.11569292  0.09572034  0.07458941 -0.0683786
 -0.03293884  0.00563345 -0.00200081 -0.04388373 -0.09645114 -0.08284146
 -0.05058223 -0.04434551 -0.03154342 -0.04927461  0.2617717   0.0141347
 -0.04757742 -0.10670356  0.1347931   0.16995342 -0.15112698 -0.11410471
  0.03899182 -0.08637143 -0.02605831 -0.14979321 -0.1382339   0.09186955
  0.1316401   0.10547421 -0.01003978  0.20586509 -0.12884603  0.04865557
  0.1372442   0.03716871 -0.10370147 -0.13716106 -0.1812601  -0.19605708
  0.06833904 -0.06766697  0.00567726  0.05824533  0.07889349 -0.05127206
 -0.02946419 -0.29976532  0.23572241  0.01313047 -0.11404761  0.20595776
  0.0394114   0.0129841  -0.11448549  0.01886933  0.10107051  0.05940927
  0.29753298 -0.13914888 -0.04883477  0.07969738  0.21143353 -0.04772447
 -0.0278484  -0.09756108 -0.10376552  0.15189071 -0.10018205 -0.13872877
  0.03300282  0.10259051 -0.33060038 -0.23020934  0.01497742  0.10429782
 -0.06237863 -0.03799619 -0.03893949 -0.00404951  0.06781147 -0.08126256
 -0.00932567 -0.05129654  0.00272987 -0.07749403 -0.07000732 -0.08287022
  0.05194113  0.00490799 -0.03235455  0.0610534  -0.09279776  0.00672323
 -0.08575188  0.00841094 -0.26128155  0.03573129  0.07686573  0.1941485
  0.091758   -0.20373555  0.00481063 -0.14572054 -0.15966278  0.06663687
  0.01411892 -0.06056234 -0.03112612 -0.0828447  -0.0269816   0.01883429
 -0.15737325  0.11597936  0.09673417 -0.15296845  0.1711298  -0.11470008
 -0.02418706 -0.03186598 -0.18921372 -0.1168518   0.0418064   0.14257666
 -0.17794184  0.11946177  0.03611555  0.19690722  0.21681874  0.17511518
 -0.10173226 -0.00073609 -0.05839223 -0.05815344  0.13397442  0.02366593
 -0.15576458  0.12608747  0.02474243 -0.1104102  -0.07675223  0.00860916
 -0.05302258  0.06521352  0.0829374  -0.04323946  0.11181557 -0.02038951
 -0.16585799 -0.05328367  0.00489515  0.00088385  0.02158938  0.16493903
  0.00454863  0.04248298 -0.03791465  0.01939055  0.10151514 -0.09310299
 -0.02321341 -0.17508009 -0.01547988 -0.08259302  0.08933083  0.03947992
  0.1665423   0.04388914  0.04330999 -0.11943226  0.01835733 -0.01150058
 -0.15399028 -0.17196156  0.11098216  0.05872871  0.17133059  0.11301307
 -0.11235399 -0.03132153 -0.08969449 -0.11698437 -0.21123816 -0.02177404
 -0.0003925  -0.01175839  0.08107691  0.01523081 -0.01058844 -0.1409924
  0.0061558   0.00597019 -0.04089091 -0.06214888 -0.01282108  0.00264347
  0.00807149  0.00776608  0.02475704  0.0205963  -0.2026597  -0.05155156
 -0.16460457 -0.12123678 -0.08841992  0.08152834  0.08836686  0.05099152
  0.06528559  0.05943339  0.09860317 -0.05249654 -0.01494869 -0.02953364
 -0.00729326  0.02596563 -0.15346633 -0.08024254  0.0033622  -0.16341643
 -0.11907232 -0.14648439  0.06679331  0.077641    0.20595652 -0.02457734
  0.04360445 -0.03573823 -0.10449184  0.06349807  0.077024   -0.09880312
  0.00425434 -0.11897619 -0.09612138  0.05921109  0.10933061 -0.002041
 -0.0998159  -0.1715714  -0.06176151  0.05747875 -0.08603504 -0.04562278
  0.04894893  0.01074931  0.07369674 -0.16616833  0.07761704 -0.14793266
 -0.00546931  0.004711    0.23643367 -0.106015   -0.06343141 -0.22388716
 -0.08935308 -0.01554364 -0.02501272 -0.06223528  0.03082368 -0.0876649
  0.12439618 -0.0313091   0.01150279  0.07651469  0.11805966 -0.26472104
 -0.13932645  0.02257255  0.05122052  0.08347907 -0.03640098  0.01513185
  0.11644619 -0.01722347 -0.10406669 -0.1062723   0.25522527  0.11540333
  0.03156795  0.0143004  -0.13865152 -0.03743058  0.02253233 -0.06306459
  0.07776141  0.11432435 -0.03140641 -0.09316302 -0.04745633 -0.19176963
  0.07487068  0.11714867  0.01667356  0.05088842  0.01714087 -0.01811351
  0.02880056  0.06521542 -0.08596694  0.00438994  0.09062533  0.08219119
 -0.01735575 -0.10778201 -0.04348304  0.0364457  -0.12694435  0.06727989
 -0.20351255  0.0305378   0.11299121 -0.08955114  0.18832615 -0.06443334
 -0.04405574  0.12139562 -0.04830435 -0.01387498  0.00162293 -0.07849935
 -0.08456557  0.07029701 -0.0894604   0.01449684 -0.01293854  0.00376371
 -0.31660533  0.06946689 -0.03826652 -0.06065252 -0.09607141  0.00298979
 -0.15560728  0.01111108  0.05982061  0.19806883 -0.11689945  0.01327064
  0.197358   -0.15394557 -0.02312075  0.15831909 -0.09648368 -0.08476886
 -0.03503944  0.08012269 -0.03067885  0.09518265 -0.08624341 -0.08585142
  0.10740812  0.07695288  0.10845821 -0.12996173 -0.09909582 -0.09563167
 -0.05948383 -0.0261493  -0.02786088  0.04051769 -0.04940744  0.2413379
  0.18864802  0.07577455  0.16295886 -0.0676835  -0.10891088 -0.11490533
 -0.0876886   0.03843914 -0.05793659 -0.08482908  0.04550412  0.00910968
  0.10918313  0.00362911 -0.18370195  0.06594948 -0.03779172 -0.17987913
 -0.05364985  0.11107828  0.04570452 -0.10644838  0.09485475  0.25979847
  0.04062862 -0.01906907  0.13234124  0.20029607  0.02725949 -0.10170135
  0.00993926  0.06904612  0.00846194  0.07360178 -0.07363006  0.24566507
 -0.20334387 -0.05715702 -0.15675443 -0.19948626 -0.06511803  0.11676895
  0.0554317   0.09537764  0.1256631  -0.07331622  0.26309603 -0.02313966
 -0.00300269 -0.04402913  0.0375762  -0.05521853  0.23775189  0.05523104
  0.18065037 -0.11142131  0.01031953  0.16045548 -0.10777767 -0.10462493
 -0.0441028  -0.03946494  0.19466619  0.02176481  0.1998697   0.07998756
  0.04715393 -0.18211584  0.17457518 -0.10819713 -0.05508215  0.07446559
  0.07332638 -0.01354749 -0.11229885  0.29862356 -0.23112406 -0.19254452
 -0.07221442  0.02866155  0.00482432  0.0455982  -0.12913781 -0.06868726
  0.05104731  0.06626395  0.09882848  0.0351137  -0.03522537 -0.12427235
  0.07752149  0.08746503]