http://erau.edu/ontology/meme.owl#GetToTheChoppaMeme
[-1.55675486e-01 -1.75963789e-01  4.80426215e-02 -6.16267323e-02
  1.27704829e-01  3.25938463e-02  1.27577126e-01 -1.07940286e-01
  1.36820927e-01 -4.35087197e-02  1.77240178e-01 -8.52642655e-02
 -5.53445816e-02 -4.17019352e-02 -3.88919190e-02  5.05504683e-02
  1.60996139e-01  1.21272795e-01 -6.68195188e-02  7.89613277e-02
 -1.73617601e-01  1.60832509e-01  2.08440751e-01 -1.28129214e-01
  1.72132820e-01  2.39023529e-02  1.03701398e-01 -1.93794638e-01
  2.59395421e-01  9.85596031e-02 -3.79618220e-02 -3.51053141e-02
 -7.05310330e-02 -1.19029351e-01 -1.87585920e-01  3.36953849e-01
 -5.17105572e-02  8.34957347e-04 -8.55661482e-02 -9.43532065e-02
 -3.62907462e-02  2.09340230e-01 -3.07181329e-01 -5.64713627e-02
  6.76344335e-02  1.34004399e-01 -6.36195317e-02 -1.72626004e-01
  1.27201527e-01  2.53931973e-02  8.88141841e-02  1.07785370e-02
 -3.62446010e-02 -9.25111771e-02 -6.55224323e-02  1.97209846e-02
  1.06152676e-01 -1.60231158e-01  1.36994869e-01  8.07717815e-02
  2.54806802e-02 -7.53090456e-02  2.36805364e-01  1.30224243e-01
 -1.65927038e-01 -1.34652928e-01 -8.29590932e-02 -1.13228180e-01
 -8.97570997e-02 -1.72341287e-01 -1.32715479e-01  1.59997404e-01
  2.03358486e-01  1.77511215e-01  4.22953218e-02  1.14886351e-01
 -8.58105868e-02  1.14906132e-02  2.22340018e-01  1.59019068e-01
 -6.91718608e-02 -2.37790458e-02 -8.09017643e-02 -2.85991430e-01
  6.08400665e-02 -4.64189388e-02 -6.44635558e-02  6.15325086e-02
  2.51059890e-01 -1.12700276e-02 -8.94079953e-02 -2.67187476e-01
  2.42797747e-01 -2.93692052e-02 -6.89654276e-02  9.92759913e-02
  3.19789536e-02 -1.37818128e-01 -1.23027146e-01 -6.37327284e-02
  8.82315710e-02 -3.82212773e-02  3.07413220e-01 -1.16204485e-01
  4.95370924e-02  3.95078026e-02  2.33823702e-01  7.13158771e-02
  5.59886433e-02 -6.20230287e-02 -2.36399081e-02 -2.13660058e-02
 -1.45662785e-01 -1.37831151e-01  2.22992763e-01  4.38600704e-02
 -3.19313258e-01 -1.12890415e-01 -2.99440208e-03  8.09530690e-02
 -3.22534032e-02 -9.58385393e-02 -1.86409857e-02  7.10721239e-02
  1.20361224e-01 -4.62119505e-02  1.21736424e-02  1.50394700e-02
 -5.47761156e-04 -9.12744086e-03 -1.47667706e-01 -9.54495296e-02
 -7.62239769e-02 -6.99576735e-02 -8.15490410e-02  1.80787593e-01
 -9.67522562e-02  6.38523232e-03 -2.64234811e-01 -8.26601610e-02
 -3.06208879e-01  1.68598071e-01  1.37928262e-01  9.61668715e-02
  1.91190019e-01 -8.63397792e-02  5.41691519e-02 -1.20697603e-01
 -1.38419002e-01  1.81614593e-01 -4.81862091e-02 -1.28874227e-01
  4.48158570e-03 -6.40605390e-02 -4.37847199e-03  4.98552620e-02
 -2.28160605e-01  1.41676486e-01  5.66540398e-02 -2.35432208e-01
  5.03464080e-02 -2.29619622e-01 -8.04747492e-02 -5.74835092e-02
 -2.04126701e-01 -1.73385963e-01 -6.52670711e-02  2.37476096e-01
 -1.93625867e-01  6.53501786e-03  2.12507527e-02  1.72713608e-01
  1.78005993e-01  1.12541907e-01 -8.97378772e-02  4.88890987e-03
  3.43632884e-02 -5.37441857e-02  2.02902064e-01  2.34229900e-02
 -1.25466764e-01  1.90557554e-01  6.45439401e-02 -2.35237647e-02
 -6.33427724e-02 -9.85368863e-02  1.62820086e-01  1.73217401e-01
  5.02668545e-02  1.45948408e-02  8.85631070e-02 -7.83225968e-02
 -2.31228754e-01 -1.47583649e-01 -9.22341738e-03 -3.71443145e-02
 -1.87965855e-02  1.56835228e-01 -1.26619041e-01 -1.19778570e-02
  2.62127407e-02 -3.57548557e-02  6.49636611e-02 -1.76640719e-01
 -1.10335380e-01 -2.32151672e-01 -2.47723125e-02 -9.93737057e-02
  9.08404291e-02  1.29830882e-01  1.80412114e-01  2.09448878e-02
 -2.87785269e-02 -8.21580067e-02  8.91487449e-02 -8.34015980e-02
 -1.09798670e-01 -1.48903370e-01  1.89704284e-01  9.23904311e-03
  1.32060423e-01  1.33525431e-01 -9.25975367e-02  2.26612166e-02
 -8.48318785e-02  1.24390963e-02 -1.65246218e-01 -7.75022060e-03
 -2.47879475e-02 -4.93531600e-02 -1.09730028e-02  5.77458367e-02
 -8.57703090e-02 -1.22427903e-01  2.36877855e-02  9.24452394e-02
 -8.67300406e-02 -8.68693218e-02  5.64794205e-02 -2.50903741e-02
  8.59275907e-02 -1.34524658e-01 -2.53685508e-02  1.44506563e-02
 -2.15304360e-01 -5.99760041e-02 -3.06539029e-01 -6.27590250e-03
 -9.83749256e-02  9.64663848e-02  3.46046314e-02  8.61162320e-03
  1.92991719e-01  7.43037835e-02  2.57269651e-01 -8.57642815e-02
 -6.71614707e-03  3.98136228e-02 -7.20423786e-03  1.35725781e-01
 -1.44920409e-01 -1.49199337e-01 -7.80419111e-02 -1.07208453e-01
 -8.73195101e-03 -1.96812004e-01  4.88971472e-02  1.19123042e-01
  1.26158297e-01 -1.64243672e-02 -4.25550826e-02  6.41391100e-03
 -6.91328272e-02  5.37218302e-02  6.86206594e-02 -1.31907567e-01
  1.44868553e-01 -3.73719931e-02 -3.17809246e-02 -2.84441914e-02
  1.72366917e-01  2.47331467e-02 -1.51183888e-01 -2.15735376e-01
 -1.09939203e-01 -8.74779373e-03 -5.31839132e-02  1.99796688e-02
 -3.46631259e-02 -1.44585269e-02 -2.82210056e-02  1.78688373e-02
  9.85975340e-02 -8.18430632e-02  1.42475078e-02  7.24439099e-02
  1.31315932e-01 -5.49256727e-02 -8.09800774e-02 -2.61415392e-01
 -4.93005067e-02 -2.45023854e-02 -3.79233039e-03  1.28447860e-01
 -1.25853315e-01 -6.07556812e-02  1.36987343e-01 -9.52329040e-02
  9.81532410e-03  1.85826793e-02  3.90312821e-03 -1.87788010e-01
 -7.65165538e-02 -3.54799367e-02 -6.35383278e-02  4.48783562e-02
 -1.43767549e-02  4.90689576e-02  1.20652597e-02 -1.23195514e-01
  3.23258229e-02 -1.38311312e-01  2.22515583e-01  8.50136951e-02
 -3.56201120e-02  4.96409908e-02 -1.64434090e-01 -1.23979978e-01
  2.03031868e-01  6.53039813e-02  5.81294931e-02  1.10025160e-01
  2.29899269e-02 -5.37172817e-02 -5.26211113e-02 -1.55440643e-01
  1.26068518e-01  8.80972892e-02 -5.66806868e-02  6.71697706e-02
 -3.93672362e-02 -3.75744030e-02  4.27765958e-02 -3.86531018e-02
 -4.22614329e-02 -7.43660629e-02 -4.11226377e-02  1.26881987e-01
  3.33714671e-02 -1.59183532e-01 -3.07300836e-02  1.50355756e-01
 -2.00457394e-01  6.56107515e-02 -2.63479382e-01  7.57174417e-02
  1.22863188e-01  4.75139953e-02  1.46336094e-01 -1.09903319e-02
 -5.73475435e-02  1.07511945e-01  2.27790717e-02  9.40857362e-03
  1.09267145e-01 -1.27651021e-01 -1.28016062e-02  1.04357414e-01
 -5.62277138e-02  2.04146523e-02  9.69594643e-02  8.60157330e-03
 -2.11209878e-01  4.27188687e-02 -9.62952971e-02 -6.52652979e-02
 -2.01484218e-01  5.25562018e-02 -8.49837661e-02 -3.76797505e-02
  1.63250901e-02  1.51172757e-01 -5.38462996e-02 -3.70698771e-03
  1.83716074e-01 -2.19404578e-01 -1.73149109e-01  2.13761419e-01
 -1.66605234e-01 -2.87007749e-01 -1.42888194e-02  4.22372147e-02
 -6.85728900e-03  2.06041187e-01 -7.57674202e-02 -2.38386005e-01
  9.46342796e-02  7.44106546e-02  4.34090644e-01 -8.06682184e-02
  4.37073223e-02 -4.58570430e-03  7.48995617e-02 -3.16160649e-01
 -1.69236392e-01  8.77560750e-02 -1.80969685e-02  3.35631907e-01
  1.87117353e-01  1.66753128e-01  5.78809939e-02 -1.77578479e-01
 -1.15637168e-01 -1.19402595e-01  6.44085333e-02  2.26221234e-02
 -1.89376548e-02 -1.01609491e-01  1.09699517e-02  1.77117750e-01
  3.12851407e-02 -9.21351910e-02  1.86736535e-04  2.39217095e-02
 -1.88593820e-01 -1.75915256e-01 -5.76827973e-02  1.42998978e-01
  1.28585935e-01 -1.39728487e-01  2.24506512e-01  3.71236742e-01
  4.10739854e-02 -1.41277552e-01  1.91957816e-01  1.75145149e-01
  4.56068590e-02 -1.02021880e-01  1.15218982e-01  1.19729647e-02
  5.71982469e-03  1.79027379e-01 -7.93668181e-02  1.61889076e-01
 -2.91727930e-01 -9.35961008e-02 -1.14009358e-01 -1.63149402e-01
 -7.04724193e-02  7.81637877e-02  2.21500266e-02  6.06715307e-02
  1.70990407e-01 -3.95703427e-02  2.11652637e-01  5.36756851e-02
  2.08514798e-02  1.12133659e-01  1.96724478e-03 -5.98632358e-02
  2.63421744e-01  1.00198314e-01  1.82934389e-01 -1.20023675e-01
 -3.93085517e-02  5.19943237e-02  4.96054031e-02 -5.47424816e-02
 -4.29700576e-02  6.88874125e-02  1.18525632e-01  5.75831309e-02
  2.01553807e-01  3.55369896e-02  1.72018830e-03 -1.57302678e-01
  8.99034515e-02 -1.32212430e-01 -5.91918640e-03  3.34651247e-02
  5.82481883e-02 -6.79087341e-02 -1.38014600e-01  3.26157302e-01
 -2.05056369e-01 -1.32863849e-01  5.99742271e-02 -6.61942884e-02
  2.67237648e-02 -2.55226139e-02 -6.32064268e-02 -1.34519832e-02
 -8.91982168e-02  6.47911876e-02  6.29995018e-02  1.06682759e-02
 -8.95807967e-02 -4.31296043e-02  1.03080519e-01  2.79393971e-01]