http://erau.edu/ontology/meme.owl#LessAmbitiousMoviesMeme
[ 7.91338086e-03 -1.22203767e-01  2.47435607e-02  1.50242999e-01
 -6.07548207e-02  1.60134554e-01  1.63766891e-02  1.06119283e-01
  1.07722946e-01  2.16556881e-02  1.27310634e-01  1.20861409e-02
 -5.09078614e-02  3.15428078e-02  2.39506233e-02 -8.40468239e-03
  7.64118880e-02  3.07893232e-02 -2.91910376e-02  7.68542290e-02
 -5.74789196e-02  1.08266972e-01  9.66978073e-02 -4.65275794e-02
  1.35227665e-01 -2.37082709e-02  4.55215015e-02  2.46183127e-02
  7.64705092e-02  2.05996126e-01  7.36038685e-02  1.40834510e-01
  3.02798823e-02  1.12036103e-02 -2.25262763e-03  7.92521909e-02
 -4.60982248e-02 -5.71511220e-03 -1.23626187e-01 -1.27598643e-01
  5.21621071e-02  1.60593376e-01 -3.97121385e-02  3.12351920e-02
  1.27250731e-01  6.32629991e-02  4.65733074e-02 -7.25409016e-02
 -5.64285368e-02 -9.17826500e-03 -2.08139978e-03 -6.52471930e-02
 -4.99744490e-02 -4.67863977e-02 -3.17685641e-02  3.73268425e-02
 -5.16205058e-02  2.32009441e-02  1.16727956e-01  2.38762796e-02
  6.29566684e-02  1.39602169e-03  4.04630639e-02  7.39137409e-03
 -5.12286648e-02 -3.74274002e-03 -3.35020348e-02  4.06703167e-02
  2.94604655e-02 -1.11053504e-01 -1.67797983e-01  4.54875417e-02
  1.76783055e-02  9.66348797e-02  6.05836846e-02  1.19175553e-01
 -9.60484147e-02  3.54274013e-03  7.86421299e-02 -1.04826212e-01
 -1.01916716e-01 -6.17486313e-02  6.08552666e-03 -1.45146534e-01
 -1.27850957e-02 -9.10175964e-02 -1.17690504e-01  5.03032915e-02
  8.37238133e-02 -3.83955576e-02  8.83904546e-02 -2.15159550e-01
  1.98632181e-02 -8.09081271e-02 -1.38271570e-01  1.33758605e-01
 -4.93349843e-02  6.86838329e-02 -7.88020268e-02  8.65323171e-02
  1.82356194e-01  2.20843852e-02  4.57280695e-01 -6.88933954e-02
  1.97969545e-02 -3.34889702e-02  5.29632485e-03  4.33867872e-02
 -9.95693877e-02 -2.82480717e-01 -6.48127170e-03  8.80504847e-02
  8.95894840e-02 -9.82511044e-02  3.13494890e-03  1.26026168e-01
 -1.91706166e-01 -4.39729579e-02  2.39674281e-02  1.87878963e-02
 -5.01413122e-02 -1.18861049e-02 -5.11607789e-02  1.22345641e-01
  5.25054075e-02 -3.07666436e-02 -1.06658228e-01  3.42491642e-02
 -2.63350420e-02 -4.97197136e-02 -2.20762074e-01  8.55995342e-03
 -8.01239982e-02  4.78180908e-02 -8.39168280e-02  9.89126861e-02
 -1.59711670e-02 -8.98885205e-02 -3.99064198e-02  1.92304291e-02
 -1.96346998e-01  4.85153869e-02  1.05760485e-01 -3.72440591e-02
  1.44470200e-01 -3.04803222e-01 -3.56703624e-02 -1.02346845e-01
 -6.67975917e-02 -2.96646322e-04 -5.32830693e-02 -6.83216900e-02
 -7.67436624e-02  7.20907748e-02  5.54278120e-02  8.34664255e-02
 -7.26987571e-02  2.03650564e-01 -1.80175493e-03 -1.58567309e-01
  4.85130139e-02 -1.69544563e-01  2.31419802e-02 -2.84363311e-02
 -1.77915856e-01 -1.12423390e-01 -2.26278715e-02  1.41082719e-01
 -2.63347656e-01  2.24237785e-01 -1.49596520e-02  9.20896605e-02
  1.37152821e-01  1.20291449e-01 -7.64523819e-02  1.26108140e-01
  3.08123883e-02 -6.44254535e-02  2.50893757e-02 -5.80329373e-02
 -7.79473335e-02  9.41935480e-02 -2.90480442e-02  8.88416767e-02
 -3.92231904e-02 -6.40690699e-02  5.33204824e-02  9.69830900e-02
  1.34845719e-01 -9.72609296e-02  9.47462618e-02  1.75920948e-02
 -7.33375698e-02 -1.60477851e-02 -8.69641732e-03 -6.84664845e-02
 -3.42332982e-02  9.47227105e-02  4.32448722e-02 -8.64350423e-02
 -9.70129073e-02  1.24045387e-02 -9.67684388e-03 -5.12402579e-02
 -2.12687459e-02 -2.59729385e-01 -1.37085933e-02 -1.96223743e-02
 -3.23641070e-05  8.05004835e-02  2.22891495e-01  1.25603616e-01
 -5.00701694e-03 -8.03973749e-02  3.81600335e-02  1.02807805e-01
 -7.96696097e-02 -8.05226937e-02  1.45183131e-01  3.77750844e-02
  5.99628277e-02  9.79063213e-02 -1.12392247e-01 -1.33099342e-02
  3.88127426e-03  4.32833135e-02 -1.22514829e-01 -1.90048944e-02
 -1.73483178e-01  2.87154969e-03  1.00872032e-02  4.18404415e-02
  5.45211025e-02 -1.06999770e-01 -1.62217245e-02 -7.13936985e-02
  2.09950320e-02  2.71181157e-03  9.87120494e-02 -3.88408378e-02
  4.91479523e-02 -1.04276247e-01  5.19191921e-02  1.03968039e-01
 -2.23113582e-01 -9.34117436e-02 -1.74933240e-01  3.10754739e-02
 -1.39030069e-01 -4.76311520e-02  1.25433788e-01  6.08642725e-03
  1.06683604e-01  1.63550109e-01  1.88838840e-01 -7.39018843e-02
 -2.17087865e-01 -7.37956688e-02  4.49817851e-02  7.24329576e-02
 -1.34691104e-01 -1.32782822e-02 -8.38788152e-02 -2.91167855e-01
  5.86864464e-02 -2.38274768e-01 -1.03713185e-01  6.49686903e-02
  5.37182800e-02 -3.91026847e-02 -4.07660082e-02 -4.42543626e-02
 -5.03872037e-02  3.77851352e-02 -1.54569456e-02 -2.42273621e-02
  6.94585145e-02 -1.04742222e-01 -6.20460808e-02  3.90908830e-02
  9.53442901e-02 -7.41158947e-02  2.07358561e-02 -2.07869224e-02
 -1.88173786e-01  9.95695032e-03 -1.22620463e-01 -5.08596450e-02
 -2.83060838e-02 -5.82486875e-02  6.79389462e-02  1.48712546e-02
  1.98458694e-02  9.00187418e-02  2.29374543e-02 -7.91239589e-02
  1.13699205e-01  2.15446819e-02 -1.15247160e-01 -5.21191657e-02
 -1.31268904e-01  9.64242965e-02 -2.46696044e-02 -5.42487903e-03
  1.28875971e-01 -5.73810786e-02  6.17232062e-02 -1.36585990e-02
 -2.28147320e-02  1.44288093e-01  1.30189359e-01 -2.03303486e-01
 -5.46044633e-02  1.04173254e-02 -2.38366928e-02 -2.42208056e-02
 -2.57234089e-02  9.71950591e-02 -1.19999669e-01  9.13431942e-02
 -2.26226337e-02 -2.24514883e-02  1.32168531e-01  8.63846950e-03
  8.88160244e-03  4.61534485e-02 -1.43684279e-02 -1.05043806e-01
  9.48988274e-02 -5.44403121e-02  4.57597449e-02 -8.79414100e-03
  5.26723936e-02 -1.68236867e-01 -3.76516208e-02 -2.40934789e-01
  1.63227066e-01  1.15496747e-01 -1.81266993e-01  5.08887991e-02
  1.00891322e-01  1.03501685e-01 -5.12335189e-02  2.01596189e-02
 -1.05832078e-01 -2.71081440e-02 -2.64499504e-02  1.34904921e-01
 -7.10871667e-02 -1.17405601e-01 -6.86584786e-02 -9.60183702e-03
 -4.20512334e-02  1.85241014e-01 -1.52046159e-01  1.55556008e-01
  7.88230821e-02 -4.07142155e-02  1.85803890e-01 -1.71487451e-01
 -5.18096611e-02  4.99838293e-02  9.21595395e-02 -1.41389603e-02
  1.03715345e-01 -7.42880031e-02 -6.06117509e-02  1.42281324e-01
 -2.78623514e-02  1.94494538e-02 -4.87515293e-02 -3.43407411e-03
 -3.58356863e-01  3.02607752e-02  1.67365789e-01 -8.35944563e-02
 -1.36691406e-01  4.53024097e-02 -8.73567685e-02 -1.38800904e-01
  1.45773396e-01  1.54844761e-01 -1.08115859e-01 -1.56951159e-01
  1.74601883e-01 -1.05555870e-01 -9.65191871e-02  9.25188139e-02
 -4.31176499e-02 -1.05362751e-01 -7.83015788e-02  8.39053392e-02
 -5.71482740e-02  1.69837579e-01 -5.36369942e-02 -1.37809187e-01
  8.16861764e-02  6.90587163e-02  2.03242660e-01 -6.83264434e-02
 -1.85758933e-01 -2.12462649e-01  5.57383560e-02 -1.41624004e-01
 -8.87863636e-02  6.97741136e-02 -1.84142049e-02  3.53853881e-01
  2.23943010e-01 -3.61386016e-02  1.46119177e-01 -1.68524161e-01
 -1.34195209e-01 -1.97533201e-02 -2.29539022e-01 -2.03934051e-02
 -1.98396340e-01 -1.06267810e-01  1.81687512e-02  1.69749841e-01
  1.34656221e-01 -9.85262729e-03 -2.71987051e-01  1.08013891e-01
 -3.38067450e-02 -2.42519766e-01 -6.04715720e-02  9.46739614e-02
  1.93842188e-01  4.69847657e-02  8.31257850e-02  3.08295965e-01
  7.50293508e-02 -1.22396536e-01  1.61176950e-01  2.22138882e-01
  9.64260381e-03 -1.27793878e-01  2.01388579e-02  2.42676705e-01
  1.27650753e-01  1.54242581e-02 -8.53864029e-02  3.47485512e-01
 -2.78783500e-01 -1.24903925e-01 -2.45091408e-01 -1.08729035e-01
 -7.95637667e-02  8.77262801e-02  7.80819282e-02  2.51016378e-01
  1.70077398e-01 -2.90111937e-02  2.94675320e-01  2.56964983e-03
  1.39538914e-01  8.84935483e-02 -6.93852454e-02  1.52619211e-02
  1.88014224e-01 -2.00486500e-02  1.46419063e-01 -8.32651258e-02
 -5.46413213e-02  1.84074342e-01 -1.24755695e-01 -1.58286646e-01
 -4.18861723e-03  9.56918597e-02  2.84617990e-01  3.37275746e-03
  1.22484125e-01  1.10277854e-01  6.77088648e-02 -1.50279626e-01
  6.65384308e-02 -1.09197140e-01 -2.87264306e-02  1.21330321e-01
 -7.69501999e-02 -6.88488409e-02 -1.07962027e-01  2.87532598e-01
 -1.87429860e-01 -1.45570233e-01 -4.49188463e-02  3.86352949e-02
  4.33336683e-02  4.82576825e-02 -1.89893216e-01 -6.82946220e-02
  2.48612110e-02 -3.25294547e-02  1.44946903e-01  3.23382067e-03
 -6.44664466e-02 -6.15102425e-02  1.35068238e-01  4.79389541e-02]