http://erau.edu/ontology/meme.owl#PierreThePelicanMeme
[ 0.0545169  -0.11677106 -0.08710962 -0.11304601  0.04493757  0.20181431
  0.08938709  0.09758465 -0.06386225  0.02943301  0.081694   -0.09174535
  0.02568693 -0.07484235 -0.08416186  0.02448795 -0.03456389  0.0860569
 -0.03554541 -0.0231254  -0.0896093   0.04384765 -0.00920763 -0.03495993
  0.06050891  0.11147349  0.04884335 -0.06296306 -0.01333521  0.03289253
 -0.05143946  0.18456751  0.03644424 -0.04119981 -0.0574052   0.22436465
  0.04974424  0.12164044 -0.12857252 -0.152207    0.16761462  0.09149455
 -0.06966076 -0.05105321  0.06705213  0.04114486  0.1153288  -0.03218618
 -0.0071895   0.03303626  0.00057546  0.04225991 -0.04489401 -0.09813561
 -0.13570406 -0.04262203  0.0534003  -0.08647279  0.12227098 -0.00916575
 -0.05066291 -0.01149545  0.0371958  -0.00702973 -0.12565765 -0.08649552
  0.04094978 -0.06694511  0.00992001 -0.1422617  -0.03514546  0.10306334
  0.09399832  0.10989714  0.00883697  0.20754525 -0.06153039  0.02511314
  0.10906533  0.04310732 -0.09784914 -0.24708742 -0.10382269 -0.2367097
  0.11643497 -0.18515088 -0.00711712  0.04864865  0.05190089 -0.02249264
  0.10860098 -0.23404162  0.14740302  0.00363362 -0.06068593  0.0674369
  0.02474305 -0.01726446  0.07263445 -0.05275392  0.09760742  0.09434073
  0.33920455 -0.16862209  0.06269386  0.10329961  0.13957442 -0.03437793
  0.1181196  -0.07462463 -0.0612367   0.07389364 -0.00394283 -0.05689698
  0.14876963  0.12573819 -0.20581128 -0.32300088  0.02901388  0.17845784
  0.00273475  0.09806534 -0.06582264 -0.03138565 -0.03948289 -0.04028489
  0.10497953 -0.02830707  0.0102318  -0.03135789 -0.17748658 -0.10404974
  0.09456623  0.00210274 -0.08407474  0.03887405 -0.07153394 -0.0969524
 -0.07332667  0.12415803 -0.23193344  0.04466659 -0.04566426  0.03122071
  0.20674352 -0.11792367 -0.03268802 -0.09155867 -0.0434519   0.12102412
 -0.03762751 -0.06394651  0.01345658 -0.13897026 -0.02294629  0.04953694
 -0.2147507   0.06995713  0.01910824 -0.15674683  0.06093439 -0.10902516
 -0.02525676 -0.15289386 -0.1764661  -0.08249126 -0.00077154  0.13241422
 -0.29257682  0.10078794  0.02174571  0.07100781  0.2068883   0.19527306
 -0.02145548 -0.11282025 -0.0007749  -0.09517915  0.11342225 -0.02695145
 -0.18843532  0.08417711  0.16426815 -0.05581572 -0.12673084  0.04107698
 -0.14939862  0.04443983  0.21244553  0.05074457  0.11595868  0.08523274
 -0.1450366  -0.03149119 -0.06609807  0.13747032  0.0705862   0.0558585
 -0.04560732 -0.01627731  0.03867135  0.15059546  0.09704595 -0.03179452
 -0.07063202 -0.09888664  0.01980813  0.0080485   0.01664644  0.01969619
  0.09713349  0.08957241 -0.00704635 -0.08892968  0.0623951   0.00567246
 -0.13974641 -0.01292661  0.0621007   0.07913094  0.08421806  0.07218978
 -0.08206068  0.01824991  0.0349532  -0.01468023 -0.06385624 -0.06605849
  0.07828041  0.00121212  0.13069475  0.06595914  0.02885186 -0.01443454
  0.09220159  0.13975996  0.0143858   0.00148644  0.19058684 -0.02175471
  0.03304022 -0.06932289 -0.03077135 -0.00134761 -0.12097126 -0.05165874
 -0.20906647  0.0335382  -0.04178825 -0.02999615  0.08471718  0.02969954
  0.07109481  0.0711735   0.05575584  0.02719144 -0.03601404  0.00386488
  0.12089796  0.0346121  -0.02402416 -0.18007345  0.06056838 -0.10174809
 -0.01690364 -0.24936807 -0.05426721  0.04850795  0.19723913 -0.10677102
 -0.0524933  -0.09199645  0.04549962  0.15122673  0.23169042 -0.06631752
  0.14469093 -0.09462655 -0.15063816  0.00412678  0.19516689 -0.00483128
 -0.0591655  -0.10680644 -0.1597555   0.1001965  -0.09247287  0.00351651
 -0.0117     -0.02107017  0.00941453 -0.11740559  0.01590693 -0.07301126
  0.0008056   0.04870484  0.1483199  -0.0354564  -0.07828805 -0.18916194
 -0.29941627  0.01803074  0.00946332  0.04220306  0.03176353 -0.0076418
  0.17534336 -0.09266113  0.01875273  0.14486282  0.1520224  -0.19751422
 -0.01076064  0.14412445 -0.02159682  0.07720549 -0.05168236 -0.05834838
  0.0815566  -0.04184237  0.01717263 -0.13666882  0.16463934  0.11099111
  0.07766308  0.1625959  -0.23219614 -0.01122808  0.05705443 -0.0225678
 -0.06040835  0.04409768  0.14936869 -0.12443938 -0.04787517 -0.23450655
  0.1677881   0.00270789 -0.01751533  0.05587189  0.05275435  0.00419279
  0.05755302 -0.07399019 -0.0268642  -0.12475432 -0.00184671 -0.08510091
 -0.01852627 -0.10127565 -0.09773549  0.04180343 -0.12464613  0.17240012
 -0.25083756  0.12819175  0.01235525 -0.16709064  0.3084927  -0.09196486
 -0.15744455  0.05817586 -0.07451201 -0.04844778  0.11017501 -0.11532067
 -0.05176339  0.11652757  0.01254687  0.06338248  0.05242814  0.00289164
 -0.16793671  0.05771499  0.04682724 -0.02811369 -0.13010697  0.00761389
 -0.08905242 -0.0828494   0.13702111  0.19714086 -0.16015282 -0.02301821
  0.13874297  0.07411704 -0.03573707  0.16388653 -0.02748887 -0.05988956
 -0.1641118   0.07052945 -0.05189023  0.1304101  -0.02606696 -0.09958167
 -0.00250603 -0.02632469  0.17340575  0.07090391 -0.00983908 -0.19396994
 -0.04290138 -0.12029056 -0.10791684  0.04677611 -0.05598928  0.18277404
  0.11799263  0.14976293  0.22777972 -0.21987781 -0.10434242 -0.11200897
 -0.06369443 -0.00672197  0.07699013 -0.07579152  0.0229896   0.03984441
  0.00639725  0.02599057 -0.22753996  0.067415   -0.03030968 -0.1492717
 -0.08251735  0.22742444  0.12729676 -0.06015326  0.09724288  0.22822167
 -0.02838586 -0.13756312  0.16972792  0.19255972 -0.04273742 -0.22497305
 -0.02185907  0.18444553  0.18130319  0.02154182 -0.04423993  0.31129965
 -0.19769475 -0.05954896 -0.19982694 -0.11619614 -0.08445346  0.09226686
  0.06743306  0.03421301  0.18487379 -0.01357805  0.2493404  -0.06468244
  0.10914183  0.0645965  -0.00431294 -0.0933787   0.11599085  0.17635767
  0.12303959 -0.06076033  0.06266857  0.05942775 -0.12351348 -0.17721236
 -0.09474062  0.03280626  0.19574678  0.01906755  0.289081    0.12101842
  0.05066796 -0.21138535  0.12025125 -0.12559345  0.06662316  0.03543904
 -0.02246885  0.03173426 -0.15198165  0.2747081  -0.03449041 -0.17556086
 -0.03432735 -0.0799716   0.07323442  0.09289837 -0.12185559  0.03373704
 -0.0547887  -0.06808878  0.20856108 -0.02486088 -0.00464112 -0.06105666
 -0.06157829  0.12438157]