http://erau.edu/ontology/meme.owl#GakMeme
[ 4.90055010e-02 -5.63971959e-02  1.01699410e-02 -2.76347045e-02
 -1.17481805e-01 -1.77285057e-02  1.06814206e-01  7.83555433e-02
 -2.79547591e-02 -3.92069258e-02  1.89912304e-01 -3.27385589e-02
  2.54046489e-02 -2.44966219e-03 -6.35423511e-02 -5.17884754e-02
  3.34345587e-02  9.67652202e-02  4.46318835e-02 -6.35091960e-02
 -9.97238755e-02  3.57177854e-02  1.52191132e-01 -8.13086331e-02
 -7.44288340e-02  9.79462042e-02  1.03741698e-02 -3.78411300e-02
  1.09401941e-01 -3.42905847e-03  2.53213216e-02  1.39623046e-01
  3.49582322e-02 -4.60602976e-02  3.38462777e-02  1.69815645e-01
 -9.74545442e-03  1.36752978e-01  5.17720990e-02 -1.14243709e-01
  9.72399488e-02  2.86159933e-01 -1.27224356e-01  1.34556089e-03
  1.21915430e-01 -6.58198744e-02  5.81307150e-02  8.90210345e-02
 -9.61071104e-02  8.41777101e-02  2.30710488e-02 -7.48145431e-02
 -9.98870507e-02 -1.36998072e-01 -1.06318099e-02 -9.41508636e-02
  2.03768507e-01 -1.61736310e-01  4.85237576e-02  1.39044866e-01
 -1.79918095e-01 -9.21892077e-02  9.54616815e-02  7.61297420e-02
 -2.37420887e-01 -1.28767535e-01  2.11587865e-02 -2.93123014e-02
 -1.07308581e-01 -1.10382460e-01 -6.25720471e-02  2.21926440e-02
  1.45842265e-02  3.82752009e-02  8.22490007e-02  6.94471225e-02
 -1.73678011e-01  3.36392634e-02  2.00835899e-01  5.65930344e-02
  1.32638719e-02  2.74105724e-02 -9.20945853e-02 -1.65918663e-01
  1.35549232e-01 -1.44604901e-02 -4.14868779e-02  1.83988770e-03
  8.44814628e-02  8.64162594e-02 -2.42520496e-03 -1.89709336e-01
  8.94740969e-02 -5.31545430e-02 -4.91021536e-02  5.20740338e-02
 -2.22308580e-02  2.23436616e-02  5.83998114e-02  2.26550344e-02
  1.37892649e-01  1.40585497e-01  1.10528059e-01 -1.24251589e-01
  4.29144921e-03 -6.72251955e-02  1.87113926e-01 -2.66788416e-02
 -1.18370345e-02 -1.02638409e-01 -1.12442365e-02 -2.82078097e-03
 -1.43766716e-01  5.11375582e-03  9.24289972e-02  7.54348114e-02
 -2.72514194e-01 -2.03168765e-01  1.38888866e-01  6.80094510e-02
 -5.09765930e-03 -2.23908164e-02 -8.39416906e-02  3.35558765e-02
  8.16163272e-02 -1.00055186e-03 -7.22747222e-02 -1.01960540e-01
  7.71096617e-04 -1.73048005e-02 -2.06781581e-01 -8.78481492e-02
  4.62228432e-03 -1.57155737e-03 -1.00027204e-01  1.26204699e-01
 -2.65414976e-02 -7.76864365e-02 -1.61365435e-01  7.52314180e-02
 -1.53431416e-01 -1.30066350e-02  1.75418518e-02 -1.17745250e-02
  1.51413679e-01 -1.30565017e-01  3.97562869e-02 -1.75009683e-01
 -1.26227178e-02  1.28337443e-01  1.61716968e-01 -1.18687585e-01
  1.23194702e-01  2.96382383e-02  5.01854229e-04  7.15854391e-02
 -1.50994197e-01  2.20781475e-01  1.46209793e-02 -2.76906900e-02
  7.62540773e-02 -8.10440779e-02  3.59362215e-02  3.32067534e-02
 -2.64388919e-01 -1.26491606e-01 -6.30100351e-03  9.16362479e-02
 -2.61212647e-01  9.33682099e-02  1.48118705e-01  9.40951928e-02
  2.02181101e-01  2.14869663e-01  3.25995521e-03 -9.61890668e-02
 -1.01381622e-01 -4.01230045e-02  1.01153806e-01 -4.93555218e-02
 -8.04244056e-02  1.60251912e-02  9.34441164e-02  4.00276808e-03
 -4.62431088e-02 -3.51540674e-03 -3.50600407e-02  2.91791428e-02
  1.87215343e-01 -2.94579435e-02 -3.73931252e-03 -9.70345140e-02
 -2.52749115e-01 -2.76503190e-02  1.85924652e-03 -2.11009420e-02
 -1.52230347e-02  1.82784632e-01 -8.86179581e-02  5.85233495e-02
  1.02970080e-06 -5.79660311e-02  1.26158074e-01 -5.58105744e-02
 -9.05091465e-02 -1.14695393e-01 -1.35732079e-02 -3.52871865e-02
  1.35034844e-01  6.63719922e-02  2.26783216e-01  4.11362611e-02
 -5.27427383e-02 -3.04784030e-02  1.00845806e-01  4.84338496e-03
 -1.20932095e-01 -7.32767135e-02 -7.41988420e-02  1.16391443e-01
  1.03448920e-01  1.64056793e-01 -1.30823568e-01  9.03706551e-02
 -3.72848362e-02 -4.87412848e-02 -1.73899040e-01  5.87108620e-02
 -1.28469512e-01  2.08471995e-02  8.85077789e-02  4.30695824e-02
 -2.00580433e-01  1.97404176e-02 -1.12535760e-01  6.33816794e-02
 -3.47177349e-02  6.85449094e-02  1.85196877e-01  1.26164211e-02
 -1.40302986e-01 -9.98037402e-03  3.13304365e-02 -2.35246588e-02
 -2.47521833e-01 -7.32371211e-02 -2.10628852e-01  9.53993648e-02
 -5.78598455e-02 -5.08480566e-03  4.34492379e-02 -3.54745090e-02
  1.93639159e-01 -1.34006599e-02  1.70640275e-01 -1.12940229e-01
 -1.10952839e-01  2.18296703e-02  6.50049075e-02  4.87567000e-02
 -1.73666090e-01 -2.07786122e-03  1.21153076e-04 -7.85848722e-02
 -4.39458936e-02 -2.10859731e-01  7.95062333e-02 -2.23866086e-02
  9.70592871e-02 -1.21386617e-01 -7.05337226e-02 -2.46488050e-01
 -1.67225212e-01  1.70578524e-01  1.35237277e-01 -1.54207483e-01
  2.10929543e-01  2.71743033e-02 -1.46074221e-02  8.86086226e-02
 -1.77156664e-02  7.89862275e-02 -8.80882442e-02  1.16169732e-02
 -1.61319271e-01  9.85988751e-02 -1.70845613e-01  1.67395882e-02
 -7.49770850e-02 -1.14439994e-01  2.23263472e-01 -4.92652990e-02
 -3.28294411e-02 -7.42069334e-02 -5.58663905e-02 -4.31533791e-02
  2.14776814e-01  1.94593575e-02 -2.45562553e-01 -7.48773515e-02
 -2.21699029e-01 -2.23476440e-02  2.57932004e-02  9.31965262e-02
 -1.27934009e-01 -9.42847058e-02  3.70930552e-01  3.49149741e-02
  1.49852792e-02  2.56869774e-02  2.61678994e-01 -2.26259351e-01
  8.42510350e-03 -2.78442502e-02 -1.74419291e-03  2.17530914e-02
  4.99144047e-02  3.63342091e-02  1.10870831e-01 -9.72008184e-02
  9.70535129e-02 -4.37409319e-02  2.38018140e-01  1.11949198e-01
  1.09202802e-01 -7.74363056e-02 -2.57154047e-01 -2.48065908e-02
  8.12763497e-02  2.61272360e-02 -8.80893171e-02 -3.64513919e-02
  2.20792089e-02 -6.41620606e-02  6.90730289e-02 -1.71478361e-01
  8.91371816e-02  1.25480175e-01 -1.06409892e-01  8.68181065e-02
  4.61746678e-02  1.45641938e-01 -1.35400310e-01 -5.17210439e-02
 -1.03414148e-01  3.41100473e-04 -1.05089962e-01  2.56628543e-02
 -3.94708887e-02 -7.34044313e-02 -7.84843862e-02  8.87726173e-02
 -5.12297973e-02  1.54119641e-01 -1.03909589e-01  1.56089023e-01
  1.85108278e-02  4.06491533e-02  1.99452981e-01  1.03444271e-02
 -1.55885905e-01  8.81332755e-02  9.13711544e-03 -3.35424840e-02
  2.88536828e-02 -4.87304367e-02 -2.28750729e-03  3.19631025e-02
 -1.73634235e-02  6.39889482e-03 -3.35192196e-02  4.38699387e-02
 -2.11091235e-01  2.35766172e-02  4.88209985e-02 -6.30591437e-02
 -1.65309250e-01  5.17410636e-02 -1.54095294e-03 -3.28617431e-02
  5.70482388e-02  2.21942663e-01 -4.90821265e-02 -1.09717317e-01
  1.41094580e-01 -1.29814282e-01  6.87678382e-02  1.87836075e-03
  7.24446848e-02  8.44964534e-02 -1.94070473e-01  5.64930215e-02
  2.47752760e-02  1.32300243e-01 -5.48377670e-02 -1.75171062e-01
  6.27604574e-02 -2.35853787e-03  7.63930231e-02 -6.01782755e-04
  1.73289739e-02  2.33083405e-02 -1.12427752e-02 -5.99722080e-02
 -1.48626100e-02 -1.06506631e-01  5.44954315e-02  5.30513003e-02
  1.71924382e-01 -5.87365497e-03  2.57766962e-01 -2.31248409e-01
 -1.43347800e-01 -4.12815623e-02 -1.13000154e-01  8.38785842e-02
 -1.47192866e-01 -9.82962847e-02 -4.87187542e-02  1.21381681e-03
  1.58271849e-01 -3.62317171e-03 -8.13971385e-02  4.25369889e-02
  1.65642668e-02 -2.46306090e-03 -1.38673857e-02  8.99984036e-03
  9.29581597e-02 -4.16061990e-02  3.46025918e-03  1.54138967e-01
  1.15733869e-01 -6.43633157e-02  1.39614120e-01  1.74340665e-01
  7.63787180e-02 -2.68485788e-02  2.55486313e-02  2.24184960e-01
  1.39015511e-01 -1.17520997e-02 -6.29294068e-02  2.72377044e-01
 -2.01819494e-01 -2.67883334e-02 -1.84470445e-01 -1.37333319e-01
 -1.97732858e-02  1.32744029e-01  9.31203440e-02  3.01291831e-02
  9.22900587e-02  4.45433147e-02  2.23106772e-01  7.45427683e-02
  4.11252566e-02 -5.51134758e-02  2.90565845e-02  4.02030721e-02
  2.52676345e-02  7.60506541e-02 -3.61843966e-04 -5.25460206e-03
 -8.49251226e-02  1.63951874e-01 -2.75607537e-02 -3.25767361e-02
  2.19768081e-02  2.93650106e-02  1.32019848e-01 -1.26678124e-01
  1.08922228e-01  9.77786034e-02 -1.00055179e-02 -1.28372237e-01
 -7.34421937e-03 -1.76137522e-01  5.81086427e-03 -5.34196384e-03
 -5.64280227e-02  1.11392379e-01 -1.01815462e-01  1.03412353e-01
 -7.72757605e-02 -1.42044738e-01  3.93580608e-02 -6.49091378e-02
  3.44880745e-02  2.19947919e-01  5.88604137e-02  6.58884570e-02
  4.36300114e-02  1.00257337e-01 -4.40141745e-02 -5.91929480e-02
  7.93338493e-02 -9.68636870e-02  3.94373052e-02  1.12918336e-02]