http://erau.edu/ontology/meme.owl#MyLastBrainCellMeme
[-1.00848831e-01 -1.73956677e-01  6.88980222e-02  2.48146988e-02
 -2.67224144e-02 -2.48336652e-03  1.87526897e-01  1.45630255e-01
  1.31210491e-01 -1.03526227e-01  1.20649032e-01 -1.32013053e-01
  5.86412735e-02  5.18882051e-02 -6.30889758e-02 -6.14718348e-02
 -5.69738355e-03  1.06996819e-01  8.72109979e-02  1.72646150e-01
 -1.90924138e-01  9.53183025e-02  1.36295348e-01 -1.32581010e-01
  1.01534411e-01  5.66175953e-02  3.38548124e-02 -2.98970677e-02
  3.45538199e-01  1.34085357e-01 -1.93874398e-03  1.01946324e-01
  1.38081223e-01 -8.90590101e-02  3.89605276e-02  2.15042308e-01
 -4.20273393e-02  7.48370886e-02  7.63071924e-02 -1.79259643e-01
 -2.94079538e-02  1.35780960e-01 -1.13263704e-01  3.38915782e-03
  4.87937778e-02 -6.19576946e-02  2.39906032e-02 -1.00359751e-03
 -3.05690127e-03  5.89135736e-02 -3.70336063e-02 -9.47573930e-02
 -1.17026277e-01 -1.00134745e-01 -1.22272698e-02 -1.33669913e-01
  2.45417543e-02  3.39233540e-02  1.91317707e-01 -1.76455779e-03
 -1.67283103e-01 -9.11514238e-02  4.62331250e-02  1.00281216e-01
 -2.15641648e-01 -4.06943150e-02 -1.09713757e-02 -6.57148138e-02
 -7.82142580e-02 -1.34683758e-01 -1.36151537e-01  3.12640853e-02
  7.33351856e-02 -2.37259045e-02  5.28511666e-02  3.91799361e-02
 -2.41761222e-01  1.40246348e-02  1.16831049e-01 -3.06331422e-02
 -1.02218799e-01 -2.26609269e-03 -6.72030970e-02 -1.77623302e-01
  1.05966292e-02 -8.08174685e-02 -9.23324078e-02  8.24022442e-02
  2.14850511e-02  3.16892490e-02 -5.70104021e-05 -3.04564238e-01
  7.41705671e-02 -3.12951654e-02 -5.44180302e-03  3.38482708e-02
 -5.32673448e-02 -3.82027477e-02  4.26284373e-02 -5.12347370e-02
 -3.61365848e-03  3.42663862e-02  1.88479438e-01 -1.95035219e-01
 -7.05672875e-02  2.44265478e-02  1.94309905e-01 -1.11709513e-01
  2.09615827e-02 -1.02755651e-01 -2.11839546e-02  1.51182460e-02
 -1.48080930e-01 -8.81507620e-02  4.22864780e-02  1.21135116e-01
 -2.73789108e-01 -1.66476995e-01  8.72876570e-02  1.48649439e-01
  7.41721317e-03 -5.02703972e-02 -1.58247594e-02  7.89394975e-03
  3.98392268e-02 -1.97252687e-02  2.96581686e-02 -8.70995969e-02
  4.29709256e-02  2.64806468e-02 -1.12129986e-01 -5.64140715e-02
  1.08095467e-01 -1.51177421e-02 -7.26732612e-02  8.59085694e-02
 -2.21994258e-02 -8.68714005e-02 -1.05844066e-01  1.33416146e-01
 -1.96259141e-01 -2.98709422e-02  4.22405936e-02  8.06984007e-02
  5.47904409e-02 -1.58668041e-01  2.93230321e-02 -7.77720958e-02
 -3.84768844e-02  8.19409415e-02  4.45140675e-02 -5.01893312e-02
  3.05723455e-02  2.31231302e-02  7.57595375e-02  3.29249948e-02
 -5.91982268e-02  1.96318403e-01  7.92637691e-02 -9.71548185e-02
  4.86607775e-02 -4.88270670e-02  5.74060939e-02 -6.39266446e-02
 -1.52905166e-01 -1.15660191e-01 -7.25650182e-03  2.88619623e-02
 -2.65874982e-01  1.25442505e-01  1.27687261e-01  1.35105640e-01
  1.68747529e-01  1.55477345e-01 -1.00062676e-01 -5.94355613e-02
 -8.80170837e-02 -4.68319841e-02  1.04097664e-01  3.53714786e-02
 -7.93372467e-02  1.08834244e-01 -1.57657564e-02 -1.32336207e-02
 -2.57354397e-02  2.66513284e-02 -2.68890560e-02 -5.82688546e-04
  1.87042937e-01 -1.21598756e-02 -2.54080277e-02  3.52816507e-02
 -2.89215118e-01 -9.82156619e-02 -3.17507498e-02  5.74929602e-02
  2.19317768e-02  1.76871762e-01 -2.83572953e-02  2.73960866e-02
 -4.21309751e-03 -7.38468841e-02  1.01371981e-01 -6.22202717e-02
 -8.96541029e-02 -2.38137677e-01 -5.33920042e-02 -4.72156480e-02
  1.16324916e-01  1.01371258e-01  3.17403823e-01  1.51066869e-01
  1.94565672e-03 -1.64293617e-01  8.69757012e-02  3.31954844e-02
 -9.62893367e-02 -6.09054640e-02  9.50483084e-02  1.75954774e-01
  2.41255909e-01  1.31106049e-01 -9.32240114e-02  3.85005809e-02
  1.14477184e-02 -5.04439548e-02 -1.40109614e-01 -1.05037764e-01
 -7.43426830e-02  1.10030603e-02  8.17195177e-02  6.65984601e-02
 -1.05010979e-02 -2.34073289e-02 -5.53044714e-02  2.06036959e-04
 -1.98965948e-02  2.91150622e-02  1.40054360e-01  2.88804844e-02
 -3.59487049e-02  7.41247982e-02  4.87555601e-02 -7.55004585e-02
 -1.96261674e-01 -2.23685335e-02 -1.46673396e-01 -4.61067744e-02
 -6.34068698e-02 -1.74713768e-02  6.70901239e-02  3.20453010e-03
  9.43651348e-02 -2.70898063e-02  1.11047760e-01 -5.73163368e-02
 -1.06819898e-01 -4.44862209e-02  3.43871042e-02 -3.57533693e-02
 -1.31931335e-01 -1.05559312e-01 -8.57467763e-03 -6.93469942e-02
 -3.10750622e-02 -5.83445914e-02  2.16413513e-02  2.39573158e-02
  9.11566615e-02 -1.16520366e-02  5.06387688e-02 -8.82584378e-02
 -8.63045529e-02  7.92857111e-02  1.24026850e-01 -7.76188895e-02
 -4.20444347e-02 -4.97463495e-02 -1.01707421e-01  3.58089395e-02
 -3.16203368e-04  1.06299944e-01 -7.95396045e-02  5.73842004e-02
 -7.54210725e-02  8.18502456e-02 -6.65717274e-02  7.25535825e-02
  6.87441677e-02 -6.34607822e-02  5.81784435e-02 -4.24118564e-02
  9.93775204e-03 -3.61384265e-02 -6.07238673e-02 -5.45186438e-02
  1.64991423e-01  6.62682354e-02 -5.02490774e-02 -9.77016240e-02
 -1.09894380e-01  2.19254103e-03  5.28747439e-02 -1.05658509e-01
  4.14672913e-03  3.80949415e-02  1.82733819e-01  7.57280812e-02
  1.74476281e-02 -9.40454099e-03  1.34166867e-01 -1.52645648e-01
  3.92641965e-03  6.18031435e-02  6.16018847e-02  3.66547368e-02
  5.49240671e-02  4.04599942e-02  1.14941187e-01 -7.93002993e-02
  5.73446378e-02 -1.25181749e-01  8.66312981e-02  8.83329213e-02
  6.67591095e-02 -9.80312470e-03 -1.62321270e-01  1.83497053e-02
  7.31706843e-02  7.25852251e-02 -7.56083131e-02 -1.05817057e-01
  8.35717171e-02 -6.78700805e-02  5.48801646e-02 -1.21429205e-01
  1.84715595e-02  6.00898080e-02 -6.49656504e-02 -1.91737514e-03
  2.89220475e-02  1.66643173e-01 -8.99860263e-02  1.27235642e-02
 -6.99850023e-02  9.52060968e-02 -5.47693148e-02  2.23335857e-03
 -3.45295519e-02 -6.10095710e-02  1.29508115e-02  5.27903028e-02
 -7.30222985e-02  1.41845956e-01 -1.07353248e-01  2.51447391e-02
  5.46943061e-02 -1.02852598e-01  1.30072683e-01 -2.28591114e-02
 -8.12463388e-02  1.34245470e-01 -8.62643719e-02  3.93130677e-03
  5.01932912e-02 -2.82374267e-02 -7.81020224e-02 -3.64438482e-02
 -1.62802059e-02  5.40767573e-02 -1.44570783e-01 -5.16730770e-02
 -1.96591541e-01  9.68367532e-02  4.90152799e-02 -1.91925243e-02
 -1.14382811e-01 -6.59909695e-02 -9.86106023e-02 -3.42907161e-02
  8.31465945e-02  2.11875767e-01 -1.66060388e-01 -1.09149843e-01
  1.73616588e-01 -1.60288468e-01 -8.83134454e-03  4.42108959e-02
 -7.33843446e-02 -1.39756957e-02 -5.82890920e-02  1.27607331e-01
 -1.08164884e-01  1.69680387e-01 -1.26077250e-01 -1.35262191e-01
 -2.03601830e-02  1.41523167e-01  1.19403675e-01 -1.90974593e-01
 -1.07820906e-01 -7.92934671e-02 -1.01673387e-01 -1.46557063e-01
 -3.79896536e-02 -8.39377716e-02  2.34970134e-02  2.37803072e-01
  1.01982407e-01  8.34838313e-04  2.52677500e-01 -8.83441195e-02
 -2.10700214e-01  4.56851348e-02 -5.95965534e-02  1.98377222e-02
 -1.93377227e-01 -2.00164318e-02 -8.98123835e-05  1.17887268e-02
  1.16354667e-01  6.04996793e-02 -1.68180823e-01  7.63086081e-02
  8.26370940e-02 -1.63336962e-01 -6.25898987e-02  9.36628059e-02
  1.08361602e-01 -1.14568226e-01 -6.09074021e-03  1.86815172e-01
  1.19377948e-01  2.82871816e-03  1.35276929e-01  1.75934330e-01
  2.83295028e-02 -6.07911348e-02 -1.12019992e-02  1.49558887e-01
  4.61419001e-02  2.62859054e-02 -1.21218838e-01  2.93091655e-01
 -1.86193928e-01 -9.83794034e-02 -2.14927927e-01 -2.39755020e-01
 -9.42085236e-02  1.36788175e-01  6.00650348e-02  7.51600936e-02
  5.41114807e-02  6.57573789e-02  2.26670742e-01 -9.75853801e-02
  9.54633355e-02 -6.01962283e-02  8.55967328e-02 -8.23309794e-02
  7.80647844e-02  5.92565835e-02  7.41249844e-02 -6.84054196e-02
 -1.97666120e-02  1.84253886e-01 -6.54878840e-02 -8.53203014e-02
  5.38591631e-02  3.40195596e-02  1.85503379e-01 -4.70714197e-02
  1.89356595e-01  1.61276475e-01 -4.32858057e-02 -9.62423980e-02
  1.38317764e-01 -2.78290957e-01 -1.91553235e-01  9.39405859e-02
 -7.56974332e-03  1.16383374e-01 -9.25153494e-02  2.48370275e-01
 -1.21786647e-01 -2.20280573e-01  3.62335294e-02 -1.80934183e-02
  1.49067968e-01  1.20729692e-01 -8.32832083e-02 -5.24454340e-02
  1.38196096e-01  3.70820798e-02  1.28117487e-01 -5.75336069e-02
 -8.54209512e-02 -1.44748449e-01  7.83351883e-02  1.04774579e-01]