http://erau.edu/ontology/meme.owl#EmmaSulkowiczsMattressPerformanceMeme
[-6.60331687e-03 -1.01358525e-01  2.09584553e-02  7.25784665e-03
  5.05751334e-02  8.89632478e-02  8.06273967e-02  1.01935789e-01
  2.28823014e-02 -1.11621201e-01  1.23587072e-01 -4.80306298e-02
 -3.42654549e-02 -3.81222810e-03 -1.02402136e-01 -5.94468191e-02
  1.46509975e-01  1.33660892e-02 -2.66537368e-02  4.26147170e-02
 -1.92518041e-01  1.85691416e-01  8.38751346e-02 -1.85864970e-01
  1.55383468e-01 -5.46596386e-02 -1.14979893e-02 -6.25585392e-02
  2.35237479e-01  1.31120667e-01  1.53025657e-01  1.81734949e-01
  7.26906641e-04 -6.46601468e-02 -2.01915298e-02  2.35573739e-01
  4.01018374e-02  1.15330189e-01 -2.13063210e-02 -1.52551800e-01
 -3.50600891e-02  2.31355891e-01 -2.02846840e-01 -3.82842124e-02
  1.46812230e-01  9.13247615e-02  7.57150576e-02 -8.82572383e-02
 -3.34578492e-02  3.98124643e-02  7.78919831e-02  2.13928018e-02
 -1.49642840e-01 -2.00886384e-01 -1.53181762e-01  2.72456054e-02
  1.27028033e-01 -1.02378167e-01  2.33169422e-01  2.95449495e-02
 -3.80403176e-02  4.04687738e-03  7.89652243e-02  4.08503339e-02
  1.49983140e-02 -5.76065220e-02  7.25537017e-02 -4.80122007e-02
 -6.38630912e-02 -7.72125199e-02 -1.64718881e-01  1.00809969e-01
  1.18806079e-01  4.24257629e-02 -1.21694934e-02  1.69871524e-01
 -1.29977297e-02  6.50887936e-02  6.83928281e-02 -3.46689560e-02
 -5.02145588e-02 -1.51169688e-01 -7.46184960e-02 -1.70328870e-01
  3.90360281e-02 -3.74800563e-02 -1.00160412e-01  4.11673784e-02
  7.36742094e-02 -8.36272165e-02  6.51927069e-02 -1.89842686e-01
  9.73313004e-02 -5.01497686e-02 -5.70837259e-02  6.40749335e-02
  4.22654189e-02 -4.23178921e-04 -5.93830049e-02 -2.77742539e-02
  1.77541226e-01  3.13052572e-02  3.23366344e-01 -4.84383143e-02
 -2.46313475e-02  3.11768521e-02  5.33528365e-02  8.00186396e-02
  3.00043486e-02 -4.74845208e-02 -4.26111445e-02  2.44407970e-02
 -9.91198272e-02 -1.09392613e-01  7.93934688e-02  3.10434848e-02
 -2.45809257e-01 -6.47784099e-02  4.73595597e-02  1.59044504e-01
 -1.31011354e-02  1.16176857e-02 -1.51955277e-01  4.41270806e-02
  1.04267702e-01 -1.30360633e-01  6.44174144e-02  5.44945262e-02
  1.00186720e-01  5.10351136e-02 -1.92487225e-01 -3.85475233e-02
 -3.29394825e-02 -4.00873795e-02 -9.84082147e-02  1.87390760e-01
  8.15007079e-04 -4.01824266e-02 -1.42115861e-01  1.39192894e-01
 -2.62929648e-01  6.00343384e-02  1.66126639e-01  6.52640685e-02
  1.91078842e-01 -3.25415611e-01  8.34951550e-02 -1.20181449e-01
 -1.75313517e-01  9.59060043e-02  3.67664210e-02 -8.26058630e-03
 -1.03434496e-01  2.98215114e-02 -2.13053543e-03  9.86269787e-02
 -1.28942549e-01  1.81313142e-01  4.28147949e-02 -1.07097983e-01
  4.12607044e-02 -8.57828092e-03  4.29021791e-02 -6.24261051e-02
 -2.31044114e-01 -1.17712505e-01  8.86433721e-02  1.97249427e-01
 -3.67734402e-01  2.03723833e-01  4.13609995e-03  1.79506555e-01
  1.81908190e-01  1.57360509e-01 -1.28152911e-02 -2.91560963e-02
 -3.63876484e-02 -7.86084980e-02  3.33258100e-02 -8.90079979e-03
 -9.82664600e-02  7.35089406e-02  1.30832316e-02 -1.48567585e-02
 -1.24220848e-02 -4.60967571e-02  6.59306869e-02  5.32856137e-02
  1.83806747e-01 -3.29014077e-03  3.50563899e-02 -1.02478281e-01
 -1.26383081e-01 -9.87295732e-02  6.59089535e-02 -4.30267863e-02
  5.24971262e-03  8.64858925e-02 -4.07608449e-02 -5.93213029e-02
 -1.86147057e-02  6.34787381e-02  7.61065185e-02  6.21319562e-03
 -4.85569835e-02 -3.02463651e-01 -3.77982222e-02 -2.36308593e-02
  1.17160238e-01  1.33220658e-01  2.32826144e-01  1.65385772e-02
  3.02591771e-02 -9.66139045e-03 -2.73891483e-02  2.71106269e-02
 -8.54831710e-02 -1.11112213e-02  1.09965518e-01  1.31460428e-01
 -5.67053910e-03  5.35075516e-02 -6.17885254e-02  3.89749482e-02
  4.38518934e-02  1.18243039e-01 -6.15242496e-02 -1.47719560e-02
  2.66920459e-02  6.16799295e-02  1.43939614e-01  3.60084437e-02
 -8.30347463e-02 -8.36528242e-02 -6.44011497e-02  7.38615319e-02
  1.20446514e-02 -1.04464211e-01 -2.91247014e-02  7.57807260e-03
 -5.53948805e-02 -1.18899912e-01  2.97552310e-02 -3.92348506e-02
 -1.07573822e-01 -4.33344245e-02 -1.10057116e-01 -7.82711878e-02
  3.30686979e-02 -1.93511620e-02  2.64350474e-02  1.50511945e-02
  5.31999208e-02  4.59950492e-02 -6.89346925e-04  1.62121784e-02
 -1.31761953e-01  4.80876081e-02  9.48668718e-02 -4.78070404e-04
 -7.66335353e-02 -1.10362686e-01 -7.51183853e-02 -2.08753183e-01
 -5.42592071e-02 -2.18607262e-01 -1.24857314e-02  9.68412980e-02
  1.01168238e-01 -1.45495996e-01 -6.38566688e-02 -5.79584949e-02
  4.86968234e-02 -1.09241195e-02  3.39410417e-02 -5.76769793e-03
  7.96374530e-02 -4.51837368e-02 -1.73776206e-02  7.82572478e-03
  1.44803479e-01  5.08719645e-02  8.24394003e-02 -2.57967617e-02
 -1.51570648e-01 -5.69623224e-02 -4.46836315e-02  4.04629810e-03
 -1.64588038e-02 -8.51859078e-02  6.44298270e-02 -1.89792559e-01
 -2.29818793e-03  6.15158379e-02  2.52115559e-02  3.35280485e-02
  4.45000194e-02 -3.72692794e-02  3.95877361e-02 -6.46948516e-02
 -1.64715141e-01  4.95181121e-02 -7.26520792e-02  7.32926801e-02
  1.05158333e-03 -1.99777372e-02  2.78216936e-02  3.79110798e-02
 -7.58069828e-02  6.39865324e-02  2.26791114e-01 -1.19752593e-01
 -1.04695320e-01  2.45271325e-02 -8.42857733e-02  1.52141927e-02
 -1.09224118e-01  2.30648667e-02 -6.55480335e-03 -3.57537493e-02
  4.11598906e-02 -7.47212619e-02  7.33308196e-02  1.63798258e-01
  9.06906426e-02  5.68204112e-02 -9.51523930e-02 -1.72480009e-03
 -1.37783103e-02 -4.64723408e-02  2.60992739e-02 -1.03338726e-01
 -4.84293178e-02 -1.98743016e-01 -1.13008961e-01 -1.66459590e-01
  1.60914660e-01  4.42033410e-02  3.42292190e-02  6.49993047e-02
 -1.13902232e-02  8.44820961e-02 -5.38461804e-02 -4.71233353e-02
 -1.79287046e-02 -6.64851591e-02 -3.16864625e-02 -2.88424194e-02
 -6.22210726e-02 -6.59330934e-02 -5.30012548e-02 -1.24051971e-02
 -8.75719041e-02  1.71253875e-01 -1.77644521e-01  5.17774448e-02
  1.81867573e-02 -2.12908201e-02  1.19271725e-01 -1.19821027e-01
 -7.23656490e-02  4.42901859e-04  2.78824521e-03  1.89066306e-02
  1.66473221e-02  5.50890341e-02 -8.92674029e-02  9.14881453e-02
  4.39260826e-02  1.29112834e-02  4.50017676e-03 -1.05098784e-01
 -2.35272527e-01  9.77459848e-02 -4.06564735e-02 -8.29904675e-02
 -8.96026641e-02  3.99263501e-02 -1.22202843e-01  2.33462546e-03
  6.83077946e-02  1.16796568e-01 -5.09681255e-02 -8.60524699e-02
  7.82365277e-02 -1.93271577e-01 -8.90074372e-02  2.07313687e-01
 -7.66782314e-02 -1.39690861e-01  5.26918769e-02  5.06253354e-02
 -6.13709651e-02  3.53468120e-01 -4.77057882e-03 -2.02894434e-01
  3.26308422e-02  5.03797941e-02  4.67399687e-01 -1.35972559e-01
 -6.15232214e-02 -3.25200498e-01  7.16685653e-02 -2.97576815e-01
 -1.89264029e-01  1.09854594e-01 -5.67584112e-02  4.48499829e-01
  1.15880325e-01  8.36314857e-02 -5.72078954e-03 -1.17640451e-01
 -9.26084965e-02 -4.20153812e-02 -5.76904081e-02  7.17964172e-02
 -6.54616877e-02 -1.46307185e-01  2.74164905e-03  8.70341510e-02
  1.92738503e-01  1.35870092e-03 -1.43481016e-01  6.33671209e-02
  2.04339717e-03 -1.52629614e-01 -4.85104546e-02  2.37966076e-01
  6.00584522e-02 -1.45154055e-02  4.53236327e-02  1.94576204e-01
  3.54080163e-02 -2.26943225e-01  1.71933398e-01  1.60730094e-01
  1.10511333e-01 -7.91704059e-02  8.03033113e-02  1.26834258e-01
  4.16104905e-02 -2.16276813e-02 -1.12382770e-01  1.76720500e-01
 -1.47490725e-01 -3.39849554e-02 -1.70434982e-01 -5.99580780e-02
 -9.09326747e-02  4.04580161e-02  1.29791275e-01  9.35245380e-02
  1.45428360e-01  2.79783327e-02  1.53057769e-01 -7.64841912e-03
  1.20838009e-01  1.73379593e-02 -1.83286220e-02 -6.35956451e-02
  9.59046334e-02  1.25078768e-01  1.27238363e-01 -1.48885414e-01
  7.00822473e-02  1.12679489e-01 -1.93248037e-03 -1.77863657e-01
  1.49129145e-02 -2.08136272e-02  2.25748062e-01  1.35814892e-02
  1.98697880e-01  1.16202988e-01  2.47298162e-02 -1.92458481e-01
  1.48521006e-01 -8.76413211e-02 -2.00395644e-01  8.76347199e-02
 -7.01068714e-02 -2.74569802e-02 -8.39690566e-02  1.57426953e-01
 -1.67160735e-01 -8.64214227e-02 -1.85225829e-01  3.50786224e-02
  3.07191387e-02 -1.22984340e-02 -1.08911753e-01 -3.41295972e-02
 -5.42813540e-03 -7.10042864e-02  1.34725332e-01  2.73640193e-02
 -8.14223588e-02 -3.22296582e-02  1.47791468e-02  1.61356106e-02]