http://erau.edu/ontology/meme.owl#MisinformationalizedYouHearAboutVideoGamesMeme
[-0.05370304 -0.07823084 -0.00786244 -0.01213304 -0.10607643  0.06060599
  0.03078332 -0.02798485 -0.045031    0.05064116  0.20260331 -0.07692717
  0.06240864 -0.02849883 -0.11738189  0.00365381  0.07924749  0.09660238
  0.10559644 -0.09612972 -0.00786664 -0.03381393  0.09245484 -0.08162719
  0.08263965  0.03255302 -0.02927171 -0.07720963  0.03656138  0.15677308
  0.03323139  0.03242794  0.00640374 -0.03660782  0.0094081   0.15559721
 -0.02338645  0.10548958  0.01187768 -0.04626149  0.12043301  0.19731048
 -0.17607199  0.05016596  0.14558457  0.05159148 -0.08170404 -0.02373837
 -0.04140284  0.00864196  0.00441396 -0.01264703  0.00434364 -0.17750037
 -0.11746297  0.04094675  0.08556805 -0.15099436  0.1279179   0.19485767
 -0.02405728 -0.06656423  0.21809204  0.04902328 -0.15363811 -0.11476079
  0.01048554  0.02678954 -0.14285204 -0.15304261 -0.13123101  0.0076741
  0.11174525  0.0043516   0.12166972  0.0106921  -0.16193031 -0.0465131
  0.15862694  0.02448614 -0.10984657 -0.03026049  0.04199345 -0.17982513
  0.26553443 -0.05104626 -0.06484296 -0.04721681  0.05514437  0.04723907
 -0.07386405 -0.10440212  0.13122307 -0.08192647 -0.13976108  0.1509922
  0.09829469 -0.04438849 -0.06310073 -0.0484241   0.12753929  0.07047382
  0.2849221  -0.11854962 -0.00783301  0.03008712  0.19729409 -0.11240987
 -0.1556685  -0.11409468 -0.03561813 -0.03146465 -0.06876871 -0.08237621
  0.02496001  0.0029607  -0.27615145 -0.18258196  0.02056848  0.05910658
 -0.12601748 -0.0768242   0.04396849  0.20377752  0.15629704 -0.03075896
 -0.05930654 -0.08384245  0.02385142  0.01751845 -0.24161467 -0.02796284
 -0.01127118 -0.00650158 -0.17084607  0.0904286   0.03684857 -0.03857633
 -0.21739675  0.06117154 -0.22415583  0.08994385  0.08425557 -0.04950102
  0.24475223 -0.19238031 -0.01988485 -0.08267099 -0.02145379  0.16162317
  0.06115812 -0.14506592  0.04705065  0.18001175  0.01646881  0.17358938
 -0.24900417  0.15011337  0.10878358  0.04009679 -0.05328362 -0.0038374
  0.05900354 -0.00930725 -0.26674747 -0.14382069  0.00614376  0.14412785
 -0.46914148  0.0467863   0.12608889  0.10710305  0.10045426  0.11453261
 -0.03653266 -0.02712169 -0.01092981 -0.07285766  0.0948652  -0.08489855
 -0.12852639  0.11338494  0.12316673 -0.03039348 -0.01236336  0.05161465
  0.1094367   0.03227535  0.18909724 -0.07661646  0.167232   -0.09615383
 -0.2186989  -0.06751675  0.06815138 -0.10368183 -0.02053775  0.21245086
 -0.01037498 -0.07293016 -0.05270511 -0.0063252   0.03072521 -0.13094163
 -0.07167986 -0.26265356  0.01691016 -0.15817676  0.1680715   0.20839648
  0.22041692  0.12268919 -0.11883353  0.00564763  0.04028092 -0.03183333
 -0.1388946  -0.07984837  0.13026308  0.08774453 -0.08296686  0.16258658
 -0.2366757   0.04236529 -0.03641079  0.1132153  -0.20170568  0.12050093
 -0.11501876  0.01603476  0.07210308  0.06309327 -0.09953143 -0.14988245
 -0.13125542 -0.05094969 -0.13870086 -0.14875498 -0.0065256  -0.16908334
 -0.08653885 -0.15942125 -0.02572185 -0.02490641 -0.3291996  -0.05045889
 -0.18000633  0.04434506 -0.06632346  0.03511279  0.08555783 -0.06139262
  0.17876138  0.04883592  0.1318173  -0.14939274 -0.15864028 -0.00084162
  0.03808512  0.19972272 -0.19343409 -0.00049067  0.03036463 -0.14225508
 -0.04412494 -0.20040631 -0.12557316 -0.05058287  0.10027947 -0.17123187
 -0.1142578  -0.19745027 -0.10837634  0.07561741  0.03905833  0.04950517
  0.05683947 -0.02699091  0.07762414  0.09828765  0.14513525  0.04826922
 -0.07069919 -0.13653591 -0.29422203  0.16310805 -0.05753468 -0.06258664
 -0.08302783 -0.02025549  0.06485673 -0.1879085   0.08445574 -0.11926108
 -0.00546813 -0.01949331  0.06386745 -0.05410001 -0.31908655 -0.05874742
 -0.22747774  0.06501903  0.0016174   0.16015287 -0.01655707 -0.12056965
  0.21405558 -0.09397607 -0.0598629   0.15174487  0.3245598  -0.12363921
  0.0096217   0.10113575  0.00340348  0.03020475 -0.02234386  0.09587186
  0.00319017 -0.02935696  0.11384176 -0.02770794  0.30415788  0.03371022
 -0.04044535 -0.00121954 -0.08481303 -0.02263606  0.09981925  0.00201601
  0.06426913  0.08777441  0.01920271 -0.1283598  -0.04073417 -0.16455853
  0.1672053   0.02238179 -0.07365301  0.11483013  0.00519275  0.10313318
 -0.03466737 -0.10413541 -0.1532951  -0.09347615 -0.15370975  0.2128192
 -0.04578912 -0.07075126 -0.0372795   0.04345689 -0.08761519  0.17669864
 -0.10653499  0.17177293 -0.00342178  0.02768076  0.31214607 -0.08102375
 -0.10022137  0.07192327  0.03259724 -0.05586884 -0.08763489  0.06775425
 -0.08731076 -0.00706809 -0.02700497  0.0466326   0.10486061  0.08614728
 -0.24640806  0.06241377  0.07499335 -0.08851489 -0.11849738  0.09374344
  0.01375476 -0.05541929  0.08136013  0.01388675 -0.04947789 -0.05907578
  0.01768422 -0.08446588  0.00287251  0.11937506  0.09452771 -0.16566734
 -0.12572666 -0.0541382   0.01739485  0.13639235 -0.10832877 -0.16777734
  0.07223962  0.12031373  0.11937929  0.03594196  0.01417094  0.05078703
 -0.0057844  -0.27380067 -0.0688445   0.05301716  0.06085745  0.09699188
  0.12947935  0.08381151  0.10426439 -0.2840497  -0.15900351 -0.02557747
 -0.02511415  0.11513414 -0.08742794 -0.08678258 -0.05463303  0.10416705
  0.06440491 -0.07253994 -0.02650966 -0.02448037 -0.05476815 -0.08435909
  0.058116    0.06557325  0.08165012  0.04509336  0.02557293  0.14782475
  0.05879264 -0.23323278  0.12653944 -0.00116791  0.08720168  0.15420835
  0.05690366  0.05790718  0.23268458 -0.01034703  0.01107615  0.23079643
 -0.106092    0.05922266 -0.09134386 -0.22331333 -0.06011075  0.11992321
  0.04367125  0.15704599 -0.01722154  0.0416553   0.25876233  0.08004721
  0.06790538  0.05966849  0.10010975  0.0628304   0.1269843   0.09683648
  0.07350693  0.04228312 -0.13971156 -0.00308231  0.00334393 -0.09253383
 -0.01014799  0.03302483  0.05781875 -0.05872266  0.13605501 -0.03000963
  0.071997   -0.12339661  0.01853069  0.04684702 -0.0038336   0.08434615
 -0.12949726 -0.04781548 -0.18803889  0.30001345 -0.04484287 -0.15949072
  0.01137772 -0.05140456 -0.02719285  0.04894246 -0.13193324  0.01411551
  0.06367032  0.06785792 -0.08697845  0.10629418  0.08453271  0.00242301
  0.08243846  0.09228744]