http://erau.edu/ontology/meme.owl#PeppaPigGrownUpMusicParodiesMeme
[-7.26475120e-02 -1.29708022e-01  9.42236036e-02 -2.77993791e-02
  5.48345149e-02  9.89342704e-02  2.55055457e-01  1.26027644e-01
 -4.99315076e-02 -4.27243151e-02  2.30896808e-02  3.37106138e-02
 -1.53518975e-01  2.33637113e-02 -1.02064513e-01  4.91747037e-02
  1.45158932e-01  1.64767474e-01  1.36719383e-02  1.07367627e-01
 -2.92772204e-01  2.67718062e-02  9.74799544e-02 -6.27326965e-02
  1.43118888e-01 -2.58185659e-02  2.40476541e-02 -1.50246248e-01
  2.12850749e-01  5.17764837e-02  4.59271856e-02  1.14276014e-01
  1.61602229e-01 -1.00681007e-01 -4.90140989e-02  2.18771055e-01
 -5.65839931e-02  1.13857813e-01 -6.51133135e-02 -1.30575031e-01
 -4.16987240e-02  2.33786702e-01 -1.69589207e-01 -7.95458183e-02
  1.21619143e-02  8.94406959e-02  4.09920253e-02 -6.12205341e-02
  6.06384352e-02  3.65790091e-02  1.48585483e-01  3.16023044e-02
 -6.69015273e-02 -6.86816573e-02 -1.30434021e-01 -2.09002011e-02
  1.22293651e-01 -1.26358822e-01  1.29552446e-02  1.31160870e-01
 -4.18093503e-02 -7.78976306e-02  5.51541448e-02  6.81931674e-02
 -2.17753053e-01 -7.82031715e-02 -6.18514530e-02 -8.05675238e-03
 -6.67644069e-02  3.29006673e-03  2.78431345e-02  1.85038075e-01
  1.78118110e-01  1.66567728e-01  5.84345264e-03  1.63345933e-01
 -1.24791875e-01  4.31737080e-02  7.93761387e-02  1.45320013e-01
 -1.50429001e-02 -1.43148497e-01 -1.16738513e-01 -2.14932457e-01
  2.95688380e-02 -1.55952394e-01 -9.55552161e-02  5.76416440e-02
  1.68810323e-01 -3.68069783e-02  4.59480658e-02 -3.42518985e-01
  1.60597622e-01  3.96799929e-02 -1.01117864e-01  3.62197421e-02
 -1.26517415e-01  1.73694566e-02 -7.35313669e-02 -8.99324641e-02
  2.38500554e-02 -3.04774549e-02  2.83592135e-01 -9.48525406e-03
  7.17953816e-02  1.11397818e-01  1.14301950e-01  5.58410995e-02
  1.43734083e-01 -3.25809009e-02  6.44970834e-02  5.34782037e-02
 -7.19158873e-02 -1.24501489e-01  1.00511685e-01  7.09178597e-02
 -2.29303882e-01 -1.14546314e-01  2.26438465e-03  7.39838332e-02
 -3.30111384e-02  5.55831864e-02 -2.97264606e-02  6.08626939e-02
  1.20471530e-01 -9.11162272e-02  9.80801657e-02  1.09638780e-01
  8.92717987e-02 -5.44333123e-02 -1.65130347e-01 -8.62923712e-02
  2.09285785e-02 -8.32825080e-02  4.37570103e-02  1.17362291e-01
  8.46538506e-03 -3.13389599e-02 -1.66664287e-01 -3.28233875e-02
 -2.86219507e-01  7.36223161e-02  8.79319683e-02  1.55384034e-01
  1.63629681e-01 -3.24383862e-02  6.29333034e-02 -1.71121746e-01
  1.76971667e-02  1.79362148e-01 -3.37224342e-02 -6.41762763e-02
 -1.08657382e-01 -1.03136562e-01 -1.06374351e-02  3.07396855e-02
 -1.84739426e-01  1.15307145e-01  3.29883322e-02 -1.46569103e-01
  6.36409074e-02 -1.98413044e-01 -1.26348346e-01 -1.10199824e-02
 -1.58443496e-01 -1.92487001e-01 -3.81589420e-02  1.57417849e-01
 -1.72520891e-01  1.45410180e-01 -1.37001397e-02  1.98201567e-01
  1.52723938e-01  1.83399513e-01 -3.37037072e-02 -1.92004278e-01
  3.16609591e-02 -2.98429504e-02  1.64339826e-01  5.72937727e-02
 -1.04969427e-01  8.57057199e-02  1.06726445e-01 -3.56326737e-02
 -5.35236485e-02 -3.54189537e-02  1.37588130e-02  1.49270460e-01
  1.98107943e-01  3.46201323e-02 -1.36116249e-02 -5.90390468e-04
 -1.17503151e-01 -4.98983935e-02 -4.51605693e-02  9.62417744e-06
  2.45322343e-02  7.79590905e-02 -1.63755361e-02  1.18589820e-02
 -6.67055510e-03  4.37408462e-02  1.05852179e-01  1.49029400e-02
 -7.44535476e-02 -1.96285233e-01  7.25689158e-02  1.19243264e-02
  1.51519343e-01  5.06453514e-02  2.13157550e-01  5.45933507e-02
  2.75023095e-03 -7.33274668e-02  1.40244782e-01 -8.90506729e-02
 -5.47592752e-02 -8.31755996e-02  1.24054611e-01  1.35480523e-01
  1.92759857e-01  2.01084435e-01 -9.26648602e-02  8.42190534e-02
 -2.65665795e-03 -3.74993086e-02 -8.61836970e-02 -3.60455103e-02
  1.96198951e-02 -3.86393480e-02  1.60373464e-01  1.43485311e-02
  2.85873953e-02 -1.40831515e-01  1.75213933e-01  1.46560013e-01
 -6.71300068e-02  7.61326253e-02  9.78372470e-02  5.67619577e-02
  3.23492549e-02  1.89119652e-02  2.47516595e-02  9.27157551e-02
 -1.21598184e-01 -4.55607772e-02 -2.41415918e-01 -3.00849788e-02
 -5.89368455e-02  8.24901611e-02 -4.16744463e-02  1.05790757e-02
  1.35581642e-01 -3.19832750e-02  1.78517833e-01 -8.84119645e-02
  5.87667245e-03 -5.71681745e-02  6.26538601e-03 -9.17276591e-02
 -1.49804220e-01 -1.08864918e-01  2.53413841e-02 -8.13991576e-02
 -8.32573473e-02 -1.76787958e-01  8.16421956e-03  6.45002499e-02
  7.76117295e-02  6.84858337e-02 -3.90432775e-02  5.50396144e-02
  6.33453876e-02  3.56550701e-02  1.65218607e-01 -3.60226110e-02
  7.62147009e-02 -1.29288454e-02 -9.08539258e-03 -9.53301042e-03
  1.16945073e-01  1.61291748e-01 -5.98614328e-02 -1.82590798e-01
 -1.23945117e-01 -4.58870791e-02  2.46105008e-02 -9.36292186e-02
  1.40702748e-03  1.92182194e-02  1.26474425e-01 -1.42919542e-02
 -6.30596876e-02 -1.62344769e-01 -1.01350555e-02  3.99025455e-02
  9.97156948e-02 -4.22454141e-02  7.92636070e-03 -1.69218466e-01
 -6.88864216e-02  3.68704796e-02 -3.98727208e-02  1.65907256e-02
 -5.00173122e-02 -6.67359307e-02  1.51754484e-01 -2.43935902e-02
 -1.03014465e-02 -1.48447910e-02  3.26232836e-02 -1.47999227e-01
  5.56413159e-02  2.71787234e-02 -5.80522157e-02  9.01430920e-02
 -3.12918015e-02 -9.22398567e-02  9.12760794e-02 -1.06822833e-01
 -4.62001041e-02 -1.04277901e-01  1.18534550e-01  1.65361196e-01
 -3.46709900e-02  3.73494253e-02 -1.03044339e-01  4.07014154e-02
  1.95466474e-01  2.40200441e-02 -3.22254375e-02 -5.88733470e-03
  1.18970713e-02  2.38920115e-02 -1.19596012e-02 -2.14645863e-01
  2.05233265e-02  1.25052691e-01 -2.02918164e-02 -1.33909341e-02
  4.16716896e-02  1.02501355e-01 -3.61066237e-02 -8.47203098e-03
 -5.55141550e-03 -3.09578683e-02 -2.19666883e-02  8.07748511e-02
  4.85919081e-02 -2.08385393e-01 -8.33459720e-02  8.45536068e-02
 -1.84925482e-01  7.46594444e-02 -2.50042439e-01  5.15115000e-02
  6.66045398e-02 -1.96781214e-02  1.77966163e-01 -4.04592007e-02
 -8.33666399e-02  8.64386261e-02 -4.84801643e-02  3.31712514e-02
  6.64760098e-02 -1.52475759e-01 -5.87356985e-02  2.46834069e-01
 -2.09408347e-03 -1.09955944e-01  3.14525999e-02 -4.71801013e-02
 -1.22712627e-01  2.87767220e-02 -1.32997744e-02 -4.78326939e-02
 -1.20227307e-01  6.76771253e-02 -9.38592758e-03  2.87671201e-02
 -5.36224060e-02  2.59979874e-01 -6.93057701e-02 -1.29237771e-01
  3.45755108e-02  6.02548569e-03 -1.96402028e-01  1.52223021e-01
 -3.81356850e-02 -4.08863835e-02  4.20209132e-02  6.68322816e-02
 -3.46692875e-02  1.88666254e-01  3.64725431e-03 -2.13735789e-01
 -5.93688861e-02 -1.83031149e-02  1.79335311e-01  1.14559114e-01
  5.38962819e-02 -4.45480496e-02  7.13638067e-02 -5.35177290e-02
 -7.81556591e-02  9.69845280e-02 -4.86578755e-02  1.65502071e-01
  1.36538312e-01  6.13324232e-02  9.18391868e-02 -1.44004032e-01
 -9.81604308e-02 -1.79041009e-02 -2.86552850e-02 -3.74784172e-02
 -1.61217432e-02 -2.29947977e-02  5.33446744e-02  6.57752082e-02
  1.17577747e-01 -1.98329873e-02 -1.59365624e-01 -5.87532669e-03
 -9.76572633e-02 -1.84700340e-01  1.27268722e-02  8.38612765e-02
  7.86161423e-02 -9.80462283e-02  1.95710227e-01  2.06498921e-01
  8.20872188e-02 -1.26507923e-01  1.49629697e-01  1.59065723e-01
  7.34643787e-02 -1.93321750e-01  6.47713318e-02  1.20997488e-01
  9.01996717e-02  1.74703211e-01 -5.26990406e-02  3.31139982e-01
 -2.26022601e-01 -5.36772348e-02 -1.91789493e-01  5.78572322e-03
  2.54466292e-02 -2.62833647e-02 -5.44324629e-02 -2.72645392e-02
  1.55958042e-01 -6.48937598e-02  9.96010676e-02  3.04109324e-02
  5.95834367e-02  2.11598109e-02 -3.64252888e-02 -1.26766255e-02
  7.77736902e-02  1.48704216e-01  8.16777200e-02 -6.03003353e-02
 -9.87365027e-04  1.62508413e-01  1.10231414e-02 -1.54571440e-02
 -6.83759823e-02  8.99581686e-02  2.45277539e-01 -4.47256416e-02
  2.00604185e-01  1.44179299e-01 -1.66546982e-02 -1.21530823e-01
 -2.84219962e-02 -3.40146363e-01 -3.24516632e-02  6.09713942e-02
  1.09319463e-01  3.74925435e-02  2.28741467e-02  2.53733516e-01
 -2.29460135e-01 -1.66050166e-01  8.02231673e-03 -1.08566277e-01
  2.20070019e-01  1.05899513e-01 -3.90115306e-02  1.72424000e-02
 -4.59843799e-02  2.10497733e-02  1.87599942e-01 -2.50243885e-03
 -5.39443176e-03 -1.35603070e-01  1.54034719e-02  1.81241393e-01]