http://erau.edu/ontology/meme.owl#MovemberMeme
[ 3.31007421e-01  8.54660273e-02 -2.69406941e-02  1.22039773e-01
  1.14040755e-01  2.07210913e-01 -4.69334200e-02 -1.35919780e-01
 -6.66738525e-02 -1.62360087e-01 -6.90057725e-02 -3.11698299e-03
 -2.14529842e-01  4.01829034e-02 -2.28624605e-03 -1.81879297e-01
  2.69735437e-02 -6.44455403e-02 -2.85223126e-01 -1.35598648e-02
 -1.57815695e-01  2.03508332e-01 -4.51621041e-02  2.18140930e-02
 -4.58387099e-02 -3.13298739e-02 -5.33732995e-02  1.99672729e-01
  2.50386745e-01 -9.37029049e-02  2.48028412e-01  3.08066189e-01
  1.11430682e-01 -6.45075962e-02 -1.25924647e-01  3.80841583e-01
  5.61803207e-02  1.22731991e-01  8.11549574e-02  1.09881312e-01
 -1.25344470e-01  1.83257788e-01 -4.02563810e-01 -1.53220864e-03
  1.17859632e-01 -8.67177993e-02  1.95785075e-01 -2.34135628e-01
 -8.01414996e-02  7.94036239e-02  1.16801970e-01 -4.06487891e-03
 -1.89471290e-01 -6.05055206e-02 -2.42877916e-01  2.05964036e-03
  2.66076982e-01 -3.27321738e-01  1.05787724e-01 -1.68959290e-01
  1.13741279e-01  6.97634369e-02 -9.13678948e-03  3.75581197e-02
 -1.90389141e-01 -2.49426544e-01 -1.46754812e-02 -1.61705092e-01
 -1.58762872e-01  1.79758847e-01 -7.98052475e-02  2.28518441e-01
  9.18987468e-02  1.28728464e-01  5.41344136e-02  2.07466781e-01
 -1.50586694e-01 -5.13697863e-02  1.59926966e-01 -3.21352221e-02
 -3.93599868e-02 -1.17816620e-01 -4.59827855e-03 -3.00551087e-01
  1.02975689e-01 -7.89257511e-03 -1.70151204e-01 -1.05267026e-01
  4.42194054e-04 -1.96271688e-01 -2.48917309e-03 -3.80496472e-01
 -3.39282211e-03 -1.32597923e-01  9.84376818e-02  1.53462095e-02
  4.62858193e-03 -1.02116421e-01  1.33316629e-02 -9.09892246e-02
  2.71484464e-01  1.13535121e-01  4.33281839e-01  6.79092854e-02
 -4.84888442e-02  1.18768111e-01  1.73821658e-01  4.51435894e-02
  5.92104457e-02 -1.27571940e-01 -8.56145993e-02  8.77100378e-02
 -1.10562416e-02 -1.24260187e-01 -2.46146340e-02  6.20216131e-02
 -1.96337312e-01  1.13563433e-01 -1.37647279e-02  2.83956647e-01
 -9.57439989e-02 -1.26707107e-02 -2.93930233e-01  7.18048066e-02
  7.44709894e-02  2.54117716e-02  1.83060154e-01  1.63741380e-01
  3.21969211e-01  1.71423614e-01 -3.89966846e-01  3.35470401e-02
 -9.73074585e-02 -9.01745111e-02 -9.60403308e-03  3.37944090e-01
  2.40137093e-02  2.45674816e-03 -1.95270076e-01  1.68794781e-01
 -1.23266041e-01  2.09552452e-01  2.96876580e-01  6.72879890e-02
  3.21430534e-01 -3.40994954e-01  1.31460786e-01 -3.08992397e-02
 -1.75403789e-01  1.30571902e-01  2.96256561e-02  9.70584080e-02
 -2.86162555e-01  2.63577066e-02  6.65724874e-02  1.85679168e-01
 -1.16225980e-01  2.07947537e-01 -2.04121470e-02 -7.53910616e-02
  8.99976939e-02  7.26526778e-04 -1.12467065e-01 -1.47656187e-01
 -4.50359881e-01  1.46573588e-01  3.14084053e-01  3.27924997e-01
 -4.93986368e-01  3.51453871e-01 -1.59569904e-01  4.62442776e-03
  2.78129607e-01  3.60407680e-01 -4.62732650e-02 -1.41768768e-01
  3.74488309e-02 -6.37957975e-02  2.08699241e-01 -1.34509020e-02
 -1.78502858e-01 -1.23852175e-02  1.50334954e-01  4.02394533e-02
 -1.03264898e-01 -3.74993719e-02  1.97351903e-01  1.82787403e-01
  1.55488878e-01  1.13015346e-01 -7.50834718e-02  4.99660447e-02
 -1.17166284e-02 -2.71515474e-02  3.27036530e-02 -1.19993336e-01
  1.32127896e-01  2.84293704e-02 -6.97656050e-02 -3.11624467e-01
  2.50601489e-03  7.16241002e-02  1.83186784e-01  2.25923389e-01
 -1.15193471e-01 -5.60695171e-01 -3.94960232e-02  6.90663829e-02
  2.94238925e-01  2.19946563e-01  5.27186215e-01 -1.12392962e-01
  1.26929194e-01  4.67579849e-02 -2.12597400e-01  2.98714917e-02
  5.32833487e-02  1.78302079e-01  2.04441369e-01  2.63982356e-01
 -7.14722723e-02  2.41587460e-01  1.28386885e-01  3.46774966e-01
  8.83258954e-02  7.04084411e-02  1.20425001e-01 -1.47278830e-01
 -7.50070736e-02 -9.93404724e-03  2.33762637e-01  1.48469433e-01
  2.59527620e-02 -1.49464801e-01  2.30970979e-02  2.37776637e-01
 -4.39470336e-02 -1.09970504e-02 -1.33468378e-02  1.16361506e-01
 -2.20939487e-01 -2.11903736e-01  1.40299201e-01 -4.15117538e-04
 -2.79504716e-01 -1.30724132e-01 -3.11653495e-01  1.38891071e-01
  8.84495527e-02 -1.25647977e-01 -6.47040829e-02  1.56428322e-01
 -3.92213315e-02 -1.44815162e-01  2.75505990e-01  1.32028371e-01
 -2.61793435e-01  1.01521209e-01  2.45679677e-01 -1.77350745e-01
 -1.38689861e-01 -2.39491329e-01 -1.26650393e-01 -2.99374670e-01
 -2.27329195e-01 -4.57312316e-01  1.04236968e-01  3.88549834e-01
  9.87057686e-02 -1.35916516e-01 -2.68190503e-01 -1.65094361e-01
  1.04759984e-01  2.68940106e-02  1.77026279e-02  6.30345121e-02
  2.41247892e-01  8.74913111e-02 -1.06214076e-01 -1.89907610e-01
  1.19483583e-01  2.97869235e-01  1.04087390e-01 -6.80574626e-02
 -1.98205814e-01  3.21925357e-02 -1.06233999e-01  1.26304835e-01
 -2.05534592e-01 -1.33596838e-01  1.21784046e-01 -1.19563468e-01
 -9.47765261e-02  1.11541674e-01 -2.16500491e-01  4.55918163e-02
  2.14752540e-01 -4.46195016e-03  2.41186339e-02 -7.72071704e-02
 -1.70699313e-01  7.43986517e-02  4.88645285e-02  4.47113030e-02
 -1.32598683e-01 -3.85252684e-02 -3.36393341e-02  3.72123718e-02
 -2.20237747e-01  6.20401166e-02  4.47857976e-01 -1.89470723e-02
 -1.61610395e-01 -1.97341740e-01 -3.71558458e-01  7.36499429e-02
 -1.48874953e-01 -1.05272733e-01  1.04903892e-01 -9.25576985e-02
 -2.82068979e-02 -3.42857577e-02 -2.35908180e-02  2.35207751e-01
  1.38889700e-01  7.08705038e-02 -5.38261868e-02  1.53350249e-01
  1.07561216e-01  1.45861402e-01 -8.84645954e-02 -1.73015967e-01
 -8.45912173e-02 -3.41747463e-01  2.09629402e-01 -2.43626475e-01
  2.69369543e-01 -6.42862990e-02  2.53816634e-01  2.30691195e-01
  8.94337818e-02  5.57583310e-02  6.42884057e-03 -2.53075123e-01
  2.17630878e-01 -1.54481098e-01 -6.81946650e-02 -3.35126579e-01
  1.07586890e-01 -1.01536140e-01 -8.84047821e-02 -1.13953404e-01
 -2.73340404e-01  2.36951992e-01 -2.59231597e-01  8.86926893e-03
  1.58659726e-01  1.65782645e-01  1.87069640e-01 -2.46719807e-01
  1.15427002e-02 -7.19222575e-02  3.41174416e-02 -1.53265983e-01
  1.17689140e-01  2.82252859e-02 -8.86503384e-02  1.28861368e-01
  1.63541347e-01 -2.76736822e-03  9.96350795e-02 -4.09529388e-01
 -2.39149168e-01  3.73365760e-01 -2.83532747e-04  1.33827776e-02
 -1.58335060e-01 -5.01195760e-03 -3.16566408e-01 -8.36426690e-02
 -9.87364799e-02  3.10824245e-01 -2.65954912e-01 -4.23817277e-01
 -7.61423633e-02 -3.21646407e-02 -1.52075170e-02  2.71021780e-02
  1.37746051e-01 -3.28647234e-02  2.08278105e-01 -1.81889698e-01
  5.43038137e-02  2.39346549e-01  4.55161370e-02  1.14433490e-01
 -1.08546615e-01  1.50147239e-02  3.99457157e-01  1.15223629e-02
  4.83556613e-02 -1.75142661e-01  1.82263210e-01  2.92227045e-02
 -1.64716572e-01  2.11775210e-02 -7.39777014e-02  1.64978147e-01
  4.42301966e-02  2.51867343e-02  1.89645551e-02 -8.57307538e-02
  1.79118067e-02  7.03416094e-02 -2.64626592e-01 -1.07539833e-01
 -2.38650337e-01 -2.45431378e-01 -7.92196169e-02  1.02558313e-02
  3.27268660e-01 -4.02688645e-02 -5.70695043e-01  9.23299268e-02
  2.83521209e-02 -2.24953994e-01 -1.42580748e-01  2.30869800e-01
  3.59407395e-01 -1.86338890e-02  2.14741081e-01  3.23835880e-01
  9.56758112e-02 -2.54009515e-01  3.38710159e-01  3.61392885e-01
  3.22013140e-01 -3.24430525e-01  3.49068642e-02  2.98989624e-01
  1.74629793e-01  8.13768152e-03 -2.21177593e-01  4.76796567e-01
 -3.46095949e-01 -2.55622715e-02 -4.29194719e-01  8.67882930e-03
 -9.90391970e-02  1.21112667e-01  8.84429924e-03  2.27633283e-01
  2.50247806e-01  8.52094293e-02  2.60114074e-01 -7.68779069e-02
  2.96572626e-01 -1.79184638e-02 -1.55848593e-01 -1.95059888e-02
 -1.01214416e-01  2.06045687e-01  1.52700037e-01 -7.64992014e-02
  1.95079699e-01  2.86076576e-01 -2.89789271e-02 -1.55473158e-01
 -2.96283122e-02  3.46827805e-02  2.76687086e-01  8.22354555e-02
  2.82214105e-01  2.05046296e-01  1.14236400e-01 -1.70574561e-01
  2.83478230e-01 -2.50474185e-01 -2.44780853e-01  7.61005133e-02
 -6.24984242e-02 -6.31591901e-02 -1.29543811e-01  1.66207716e-01
 -2.36958519e-01 -2.89073914e-01 -2.53544390e-01  2.20787004e-02
  1.80626512e-01 -5.71989864e-02 -3.46478820e-01 -4.42691073e-02
 -3.18670541e-01 -1.01447269e-01  3.53179455e-01 -9.54111964e-02
 -7.08297640e-02 -1.14728242e-01 -6.06900789e-02 -3.86298588e-03]