http://erau.edu/ontology/meme.owl#ShoulderCookieMeme
[-1.31680787e-01 -1.36789665e-01  1.28617242e-01 -1.95358004e-02
  1.85546443e-01  5.64886294e-02  1.60228387e-01  1.76300965e-02
  1.71372853e-03  8.29032063e-02  8.81535783e-02 -4.49203178e-02
 -2.15204880e-01  7.99928531e-02 -4.15571108e-02 -9.45081413e-02
  4.59894761e-02  7.22280741e-02 -6.58134057e-04 -5.59981447e-04
 -2.66629398e-01  1.46264687e-01  3.16524357e-01 -1.52682394e-01
  7.58735314e-02  9.62043032e-02  1.14558838e-01 -1.78065583e-01
  2.07896098e-01 -9.52616741e-04 -1.90469578e-01 -1.48540142e-03
  6.38619345e-03 -1.36013404e-01 -2.48373225e-01  1.01581588e-01
 -2.52712797e-02  3.18583809e-02 -2.05390796e-01 -7.31703565e-02
  1.63167626e-01  4.70149815e-02 -3.14815819e-01 -5.06452918e-02
 -1.66243672e-01  1.04393363e-01  2.37245485e-02 -7.86354840e-02
  3.00589949e-01 -1.32345378e-01  7.79002011e-02 -7.36568794e-02
  4.61037755e-02 -7.35270381e-02 -8.90792832e-02 -6.57669082e-02
 -7.53863975e-02  9.66651291e-02  9.15125459e-02  1.10944293e-01
  1.07790828e-01 -1.87655672e-01  2.30834484e-01  9.72173437e-02
 -8.63646418e-02  2.11045071e-01 -1.73966408e-01  8.74313489e-02
  1.00046284e-01 -1.76264688e-01 -8.89532492e-02  8.08321163e-02
  2.95018498e-02  4.25982885e-02  5.20844012e-02 -3.42740901e-02
 -6.24511614e-02 -3.03954203e-02  8.84304568e-02 -5.38607650e-02
 -1.43338576e-01 -1.50824293e-01 -8.68943110e-02 -7.91186914e-02
 -2.01505110e-01 -6.86347038e-02 -4.23631445e-03 -7.76083097e-02
  8.24688822e-02  1.60351843e-01 -1.03000626e-02 -1.35810733e-01
  7.28580781e-05  1.02735870e-01 -1.35546565e-01  1.93863288e-02
 -6.72194287e-02  2.84799989e-02 -1.60117686e-01 -5.44987880e-02
 -8.21913108e-02 -5.58313094e-02  2.32340083e-01 -1.63913459e-01
  2.17890516e-02  5.30763716e-02  4.35156822e-02  8.82239863e-02
  1.47719175e-01 -1.74744517e-01 -9.55525562e-02 -1.00379214e-02
  1.66604623e-01 -5.69467023e-02  1.88700080e-01 -3.34179923e-02
 -1.16022214e-01 -2.47214392e-01  1.83099359e-01  1.54728398e-01
 -1.72325561e-03 -2.13232636e-02 -1.13985814e-01  4.58391849e-03
 -1.60521135e-01  7.43423402e-02 -9.28784385e-02  2.65084922e-01
  1.67071894e-01 -2.64794612e-03 -3.66642475e-02 -6.20718077e-02
 -4.61899377e-02  8.88354033e-02  1.31042860e-02  4.37396973e-01
  7.75358006e-02 -1.33397758e-01 -1.50983006e-01 -7.13836774e-02
 -6.03839085e-02  9.31169093e-02 -2.60420982e-02 -1.04379263e-02
  2.63353169e-01 -1.24913774e-01 -8.03736448e-02  3.71752656e-03
  2.23155677e-01  1.75322101e-01 -1.15132891e-01 -1.32748708e-01
  2.72390991e-02 -4.63330634e-02 -3.12422775e-03  7.33700097e-02
 -3.08374818e-02  2.06722304e-01 -1.09060039e-03 -3.45143855e-01
  6.55880272e-02 -3.04839581e-01 -1.95995018e-01  1.83571354e-01
 -2.50592440e-01 -5.89275658e-02 -1.73509687e-01  2.56294489e-01
 -3.18447612e-02 -1.64661114e-03  1.24003300e-02 -5.35685420e-02
  2.56810971e-02  1.61815286e-01 -3.50479111e-02  1.68845505e-01
  1.85823031e-02  3.63017619e-02 -1.38632776e-02 -9.26634893e-02
 -1.46990418e-01 -3.04342248e-02 -1.21554108e-02 -6.24253377e-02
 -2.04968620e-02 -1.26729310e-01 -1.96646154e-01  2.38268360e-01
  1.16857558e-01 -6.72688186e-02  2.90426612e-02 -3.48318415e-03
 -1.28539607e-01 -5.98346181e-02 -1.49737924e-01  2.26309057e-02
  1.78002879e-01 -4.78350967e-02  2.10147165e-02 -6.88551813e-02
  2.46884655e-02 -1.53807938e-01  8.26141890e-03 -2.08713368e-01
 -1.37950107e-01 -3.93059283e-01  1.40919581e-01  1.31698474e-01
  1.70755386e-01  2.36151919e-01  1.66483000e-01  2.90217727e-01
 -2.75472943e-02 -1.92492709e-01  1.46807507e-01 -8.23518857e-02
 -1.98297068e-01  1.00604827e-02  3.88679445e-01  1.37289792e-01
  2.89963067e-01 -7.75160966e-03 -1.79215774e-01 -1.38053507e-01
 -1.69692393e-02 -2.01684877e-01 -2.66718958e-02 -4.18154076e-02
 -2.53740042e-01 -1.31742135e-01 -1.24244476e-02  4.07941751e-02
 -1.75616607e-01 -2.24741865e-02 -4.55662608e-02  4.99935746e-02
 -5.54595217e-02 -1.97311789e-01  2.32793450e-01 -2.20415443e-02
  5.07069603e-02 -1.15548246e-01 -1.49459019e-01 -3.44530195e-02
 -3.85151416e-01 -6.43092021e-02 -2.49845698e-01  1.16904110e-01
 -1.99027762e-01 -6.08619936e-02  7.40350336e-02  6.83969818e-04
  2.15174839e-01  1.13437913e-01  1.27181768e-01 -2.34041177e-02
 -1.75020471e-01  2.61581670e-02  1.10395096e-01  1.57896541e-02
 -2.35924974e-01 -1.38961241e-01 -1.63921073e-01 -9.77308080e-02
 -7.38558499e-03 -1.52438581e-01 -1.73093587e-01  8.02460164e-02
  1.13510318e-01 -8.62022117e-02  4.00272049e-02 -1.85854025e-02
 -3.25593762e-02  1.26095638e-01  3.47617447e-01 -1.09348729e-01
  2.73674667e-01  7.49425143e-02 -1.40926316e-01 -8.14728513e-02
  1.30454764e-01  7.81720281e-02 -1.06161430e-01 -1.29113674e-01
 -1.86563060e-01  1.23560727e-01 -1.96304500e-01 -7.43003562e-02
 -1.81053266e-01 -2.55816221e-01 -5.42282946e-02 -8.47767070e-02
  1.09674148e-01 -1.40372261e-01  8.63326937e-02  1.32454215e-02
  2.30271414e-01 -7.41992593e-02 -2.66714722e-01 -3.83537024e-01
 -7.46375173e-02  8.11328962e-02  7.49842683e-03  1.61379591e-01
  3.48651111e-02 -1.40451834e-01  1.53767154e-01 -1.20726384e-01
  1.08980216e-01  2.33630314e-02  1.21782504e-01 -4.09533054e-01
  6.62949979e-02  1.30747885e-01 -1.25772446e-01  5.22572361e-02
 -1.59802556e-01  2.29764327e-01 -2.37996094e-02 -4.48083617e-02
  4.72885631e-02 -1.79347053e-01  2.27624431e-01  2.41412640e-01
  1.65392831e-01 -1.55204400e-01 -1.62424237e-01 -2.10673243e-01
  2.72135168e-01  1.24695711e-01  1.58128113e-01  1.95483286e-02
  4.40885723e-02  2.03212574e-02  7.32070804e-02 -1.33837044e-01
 -6.41078129e-03  1.51636004e-01 -3.68187879e-03  2.03925371e-01
 -2.09004199e-03 -7.41849765e-02 -5.60088865e-02 -8.64730924e-02
 -1.46388784e-01  1.39621599e-02 -2.18292296e-01  1.20891199e-01
  7.72070512e-02 -3.51624876e-01 -1.23009533e-01 -2.28838455e-02
 -8.50131065e-02  1.83002353e-01 -2.24959448e-01  1.43565655e-01
  8.77469331e-02 -1.85462437e-03  3.34871352e-01  1.06485011e-02
  2.61898935e-02  1.55692235e-01 -2.14799959e-03 -6.08798228e-02
  1.50242373e-01 -1.82640702e-01 -1.65442258e-01 -1.19503234e-02
 -1.40486687e-01 -1.26037613e-01  1.49984822e-01 -6.39217049e-02
 -4.68592495e-02  7.45733157e-02  9.83126536e-02  2.64453627e-02
 -2.06558764e-01 -2.23094448e-02 -5.21988459e-02  6.66991994e-02
  7.79352486e-02  2.93953001e-01 -1.91085085e-01 -7.39760622e-02
  2.95657843e-01 -2.47695237e-01 -1.34260073e-01  1.92306474e-01
 -1.30808251e-02 -2.41798431e-01 -1.56566396e-01  1.04446277e-01
 -9.53919366e-02  3.12877864e-01 -1.92095593e-01 -1.00621380e-01
  1.79378107e-01  9.89599153e-02  4.05399621e-01 -1.24782555e-01
 -4.82521318e-02 -3.22339565e-01  4.36630733e-02 -3.74113798e-01
 -1.55148774e-01 -1.07814543e-01  1.31436527e-01  5.04694283e-01
  1.97021216e-01 -1.34587698e-02  2.55973279e-01 -1.15378797e-01
 -1.00468382e-01 -3.19873452e-01 -1.94779243e-02  9.50440466e-02
  1.46660963e-02 -1.36566162e-01  2.12038234e-01 -6.09747767e-02
  3.54711227e-02  4.72720265e-02 -7.34744221e-02 -9.88612026e-02
 -1.01169668e-01 -3.18482459e-01 -2.26027638e-01 -7.22355545e-02
  1.34489983e-01 -2.46415585e-02  7.65900239e-02  2.87122160e-01
  4.27715369e-02  1.24171764e-01  1.41270220e-01  1.72163680e-01
 -4.14380394e-02 -9.14480835e-02  1.86745971e-01  5.66984974e-02
 -4.41094972e-02  1.85653791e-01 -1.71822250e-01  1.11929931e-01
 -3.49332869e-01 -1.90092653e-01 -9.52507406e-02 -1.77997276e-01
  1.10588819e-01 -9.82034281e-02  4.96739037e-02  3.38499770e-02
  1.17472656e-01 -1.55056402e-01  2.01085895e-01 -1.29230255e-02
  7.91469142e-02  9.28763822e-02 -1.51025606e-02 -1.87209874e-01
  2.56177723e-01 -4.27428633e-02  2.06216171e-01 -9.05712768e-02
 -1.45702839e-01  2.42592841e-01 -1.29563268e-02 -2.17813343e-01
 -2.81251390e-02  3.07474509e-02  1.15448922e-01  3.60904001e-02
 -1.36414245e-02  1.96539730e-01 -1.32759539e-02 -1.77154139e-01
  6.75735762e-03 -9.90319625e-02  2.08005250e-01  1.51321009e-01
  1.85100019e-01 -8.92650634e-02 -5.41578159e-02  1.25872731e-01
 -2.19269902e-01  6.33426011e-02 -2.45889667e-02 -2.04938333e-02
  1.39415279e-01  1.96434129e-02 -2.05163285e-01 -3.51539627e-02
 -1.07245728e-01 -1.04601771e-01  1.39624506e-01 -3.94129269e-02
 -3.98700871e-02 -5.77945001e-02  3.15443948e-02  6.83031753e-02]