http://erau.edu/ontology/meme.owl#2016BrusselsBombingsMeme
[ 0.05113726 -0.10308908  0.01805723  0.0470376   0.08568212  0.15781641
  0.07861456  0.08842157 -0.00687001 -0.02143078  0.0618869  -0.05731449
 -0.11344946 -0.03590211 -0.0995502   0.06240203  0.05747633 -0.00137473
 -0.1026308   0.09717032 -0.04748134  0.09252417  0.05579116 -0.15465434
  0.21974811 -0.10052456  0.02782711 -0.17357542  0.13640015  0.11091876
  0.09761596  0.19313337  0.04085232  0.0346123  -0.04911164  0.22965711
 -0.01047683  0.06217627 -0.1600782  -0.18789823 -0.02464133  0.02208909
 -0.16176844 -0.10815184  0.03294122  0.17572552  0.03311117 -0.09495901
 -0.00096693 -0.09221337  0.05881859  0.10055003 -0.05670789 -0.19168115
 -0.1984776   0.05472818 -0.01464368 -0.1706586   0.03892154  0.06881152
  0.06822439  0.00597196  0.13397719  0.01220821 -0.01244513 -0.05783564
 -0.0384469   0.01857622 -0.00243412 -0.1633136  -0.06838594  0.04811689
  0.05646307  0.10015208  0.01010398  0.14942591 -0.07547873  0.06934164
 -0.00988042 -0.0299425   0.05744253 -0.13193758 -0.01559412 -0.06305853
  0.09122558 -0.00275282 -0.01585638 -0.0223566   0.06086746 -0.04468717
  0.06194318 -0.09036805  0.06105374 -0.00878725 -0.14694232  0.02802683
  0.06701405  0.04147952 -0.08380802  0.0482545   0.12376792 -0.02161906
  0.34801227  0.00746606  0.03338706  0.13002269 -0.03912052  0.03155898
  0.01785681 -0.11557329 -0.09612682  0.10891704  0.04966202 -0.11916848
  0.14432245 -0.00269832 -0.20965585  0.0178141  -0.01878805  0.01364473
 -0.19437535  0.01613818 -0.11313244  0.15277743  0.0979045  -0.0330345
 -0.02478402  0.05703941 -0.04938661 -0.11776484 -0.22584999 -0.1294476
 -0.06309281 -0.07044879 -0.05895207  0.06257804 -0.00430173  0.03073994
 -0.10759261  0.03776577 -0.19846053  0.13297065  0.11586059  0.0453572
  0.14233188 -0.17915614 -0.06278239 -0.05261216  0.01825504  0.12835474
 -0.01704939 -0.10057618 -0.04842748 -0.02671549 -0.02322634 -0.00056933
 -0.14211513  0.12486631  0.05011658 -0.20792547 -0.02136042 -0.11455218
 -0.00443696  0.00257224 -0.17939924 -0.11462072 -0.04346047  0.2912321
 -0.28354478  0.08098684  0.11839511  0.21616     0.16877455  0.11215454
 -0.0858728  -0.02798605  0.08600491 -0.10570422  0.09618113 -0.08398066
 -0.1385858   0.08000725  0.05435015 -0.00978795  0.07178602 -0.0132446
  0.10154834  0.10450916  0.05008817 -0.08051649  0.14213447  0.00594915
 -0.12809451 -0.00625166 -0.09270699 -0.06408182  0.06452066  0.0981143
 -0.03621729 -0.1031092   0.02629349  0.03315712  0.05012666 -0.04949221
 -0.12448329 -0.25204104 -0.02792957 -0.05022902  0.07432729  0.07069004
  0.06315637  0.12640493  0.00963096 -0.03042117  0.03275921  0.01167717
 -0.14185145 -0.02101358  0.36421818 -0.02937002  0.00401779  0.14745091
 -0.14493237  0.04546827 -0.02658943 -0.03119825 -0.10464114  0.0045652
 -0.06599656  0.13646722  0.00385535 -0.0649588  -0.15252148 -0.22624722
 -0.0467275  -0.00903597 -0.01802088 -0.250571    0.05815082 -0.10977176
  0.00839752 -0.14138511  0.01294453  0.03641701 -0.25161442 -0.1364711
 -0.21268779 -0.03268423 -0.13974614  0.10921963  0.10168612  0.07455489
  0.07739833  0.13290147  0.31216073 -0.06357816 -0.13973022  0.02909246
 -0.0202945   0.10568319 -0.14032899 -0.14741695 -0.09694492 -0.19406113
  0.01152196 -0.24657722  0.0057202   0.06679774  0.08319898 -0.1033114
 -0.12278276 -0.10346657 -0.02795272  0.05140945  0.12751168 -0.0127839
  0.16608757 -0.08340292  0.00221434 -0.02405922  0.19100045 -0.00065173
 -0.07136285 -0.15035303 -0.12629418  0.01884819 -0.12636293 -0.10701115
 -0.12516052 -0.13798304  0.07211437 -0.1859415   0.09593374 -0.06254498
  0.07613797  0.07117156  0.13458565 -0.03387112 -0.12722327 -0.192889
 -0.2779849   0.12593724 -0.05901368  0.13944326  0.02697062 -0.13085184
  0.00956202 -0.10908823 -0.0922776   0.13527602  0.2225914  -0.1498443
 -0.07153518  0.0026578  -0.11207449  0.02285792 -0.04583069  0.02353673
 -0.07204001 -0.03648553  0.05397938 -0.1786325   0.21140233  0.15331252
 -0.00824387  0.09372424 -0.03063263 -0.06261239  0.14100692  0.01763153
  0.12318508  0.05316287 -0.00949019 -0.10440193 -0.0168877  -0.18564084
  0.21074481  0.14432773  0.00625687 -0.0532354  -0.00527923 -0.04554034
  0.04092572 -0.04254443 -0.0861553  -0.18715568 -0.03016149  0.11914562
  0.01850029 -0.1517511  -0.02610528 -0.0224748  -0.05004753  0.07433134
 -0.20305836  0.16942194  0.01512478  0.05681401  0.19152978 -0.13635899
 -0.06124482  0.09293395 -0.00652203  0.00334579 -0.05770673 -0.07518949
 -0.04895845  0.20267057 -0.00348187  0.0081188   0.09538617 -0.07790144
 -0.1950567   0.00413703  0.08128725  0.03247492 -0.05344022  0.07505572
 -0.08621081 -0.06569757  0.01884461  0.15257882 -0.07615308 -0.04244585
  0.06241297 -0.03525968 -0.16445746  0.1700477  -0.06505299 -0.10435707
 -0.04022356 -0.04793266 -0.00680835  0.15053529 -0.0548425  -0.10526247
  0.10998341  0.04075368  0.18645076 -0.02390647  0.00467192 -0.19442908
  0.10729977 -0.18105115 -0.04008761  0.1450719  -0.04179925  0.25604844
  0.17384343  0.064459    0.09172001 -0.18998225 -0.10036705 -0.16697192
 -0.0529391   0.07836629 -0.0298584  -0.19811013 -0.00110132  0.10674299
  0.03882298 -0.07059356 -0.10042302 -0.00964429 -0.12752537 -0.13598464
 -0.04343684  0.13091667  0.12509316  0.02366495  0.04247693  0.17721793
 -0.06205071 -0.14618935  0.18534258  0.19223331  0.03165145 -0.18607844
  0.15264738  0.14126481  0.12363492  0.06748521 -0.11094871  0.24485531
 -0.2060228  -0.07159035 -0.12630041 -0.00745295 -0.02556825  0.0233831
 -0.00735498  0.13961919  0.20652416 -0.09888791  0.1630655  -0.05664074
  0.19975835  0.1196534   0.01969873 -0.11109973  0.08608649  0.11435949
  0.14743717 -0.01394219  0.03525317  0.04485507  0.02263684 -0.01995236
 -0.10286013  0.04663813  0.1602154   0.05050844  0.08207879  0.0956938
  0.08056029 -0.14024508  0.04337791 -0.05840759  0.06463868  0.10086498
  0.06641324 -0.06493119 -0.03255652  0.04389631 -0.13191895 -0.06130066
 -0.05653672 -0.08727849  0.07999136  0.02181114 -0.12761638  0.03428203
 -0.08884467  0.0090324   0.10725717  0.0263322   0.01035042  0.0744635
 -0.0055548  -0.03697728]