http://erau.edu/ontology/meme.owl#VinesauceMeme
[-2.33120933e-01 -2.68773496e-01 -4.00348790e-02  6.03056736e-02
  2.50151325e-02  1.49017468e-01  1.85841098e-01  4.18480225e-02
  6.11068867e-02 -3.00358888e-02  1.02498770e-01 -1.25715703e-01
 -5.20898961e-03 -1.12674721e-01 -2.50388160e-02  4.31143679e-02
  1.30854368e-01  9.15851295e-02  7.56947994e-02  2.14604527e-01
 -1.37572676e-01  5.24952970e-02  1.54890895e-01 -1.48665190e-01
  1.74464911e-01 -5.33112176e-02 -3.75905894e-02 -1.45624325e-01
  3.02796453e-01  1.56119034e-01  4.74293381e-02  1.16834246e-01
 -2.45430656e-02 -1.37327582e-01 -5.85241206e-02  3.04584682e-01
  1.78554039e-02  1.18931398e-01 -1.24800973e-01 -3.11340719e-01
  7.74211138e-02  5.89687452e-02 -1.01348795e-01  4.57492284e-02
 -9.20662377e-03  7.14195669e-02 -5.10458499e-02 -1.80229824e-02
 -1.89494342e-02  1.44701958e-01 -3.40347365e-02 -7.61105940e-02
 -1.27033085e-01 -1.64877504e-01 -9.79242772e-02  4.60729823e-02
  1.42511338e-01 -1.07789770e-01  1.58640102e-01  3.63480859e-02
 -9.66949761e-03 -4.78248037e-02  1.15576267e-01  1.13248535e-01
 -1.24718726e-01  2.53416039e-02  4.08708118e-02 -9.26456973e-02
 -8.65325704e-02 -2.21714929e-01 -1.30594760e-01  6.59900680e-02
 -2.14593182e-03  5.42457402e-02 -3.81966010e-02  6.25352338e-02
 -9.77979451e-02  6.97232876e-03  5.79366162e-02  4.57512215e-02
 -1.78930625e-01 -4.90172915e-02 -1.37859499e-02 -2.93023705e-01
  7.41164163e-02 -1.92609280e-01 -1.42935649e-01  1.33707330e-01
  1.49283201e-01 -1.21134959e-01 -4.81447875e-02 -2.32653290e-01
  2.07836162e-02 -1.27359197e-01 -1.73521470e-02  1.30298272e-01
 -8.18626881e-02 -1.74537003e-01 -1.72108114e-01  2.17348319e-02
  3.96376550e-02  1.04767988e-02  3.53282511e-01 -1.50365621e-01
 -5.59907183e-02 -4.68066670e-02  1.43200919e-01 -1.77154765e-02
  1.10995553e-01 -8.61580372e-02  4.69880961e-02  8.45097750e-02
 -1.40954405e-01 -1.32917836e-01  2.37970561e-01  8.58549848e-02
 -3.67960215e-01 -1.13669679e-01 -2.83326600e-02  6.48134574e-02
 -5.48248589e-02 -9.62013528e-02  1.55120576e-03  3.65534909e-02
  5.21276286e-03 -3.73911709e-02  1.52235702e-01 -2.54777931e-02
 -8.93644765e-02  2.37220302e-02 -2.13669240e-01 -1.73741490e-01
  4.36845236e-02 -4.80487160e-02 -7.93470368e-02  2.23431855e-01
 -1.66767329e-01 -6.68781027e-02 -1.72168761e-01  1.06030717e-01
 -3.26866120e-01  8.89736116e-02  1.38117597e-01 -2.01319698e-02
  1.32225201e-01 -1.80171281e-01  4.73671732e-03 -1.56226531e-01
 -1.30518541e-01  1.31264001e-01 -9.75332856e-02 -2.37867266e-01
  4.64002192e-02  8.16688240e-02  4.10374515e-02  1.04353927e-01
 -1.33708775e-01  1.76932171e-01  1.02956206e-01 -2.13745102e-01
  8.60118046e-02 -2.01941937e-01  1.09442338e-01  1.52661093e-02
 -2.40272105e-01 -1.37150377e-01 -7.85909891e-02  1.82749808e-01
 -3.34782988e-01  1.23117633e-01  2.72040777e-02  2.66986817e-01
  1.71379507e-01  1.69668585e-01 -1.18549861e-01 -3.38296704e-02
  8.51417426e-03 -2.03965962e-01  9.66676846e-02  5.79624437e-03
 -1.01014026e-01  1.52750343e-01  1.43487733e-02  1.08424477e-01
 -1.68443367e-01  2.37920303e-02 -3.73655334e-02  2.00547203e-01
  1.23538546e-01 -1.16328396e-01  7.39765391e-02 -2.52576768e-02
 -2.40900725e-01 -1.03927068e-01 -2.16718530e-03  8.83420482e-02
  2.31676046e-02  1.38313532e-01 -4.70482595e-02 -5.53658828e-02
  3.31614725e-02  4.33854945e-02 -3.27024795e-02  9.11979303e-02
 -1.43788695e-01 -2.17564404e-01 -1.01046897e-01 -5.91826513e-02
 -1.90521460e-02  1.93003893e-01  2.13039696e-01  1.55288413e-01
  1.15375429e-01 -6.46928325e-02  8.08695853e-02  7.29407296e-02
 -1.54773176e-01 -1.35371372e-01  2.24881485e-01 -3.97509895e-02
  1.05662651e-01  5.99843040e-02 -4.20516990e-02  1.14178602e-02
  1.01944506e-01  1.31113797e-01 -1.04853444e-01 -8.94761011e-02
 -1.70269057e-01  1.46272611e-02 -7.76267946e-02  8.71743560e-02
 -3.01875044e-02 -2.35445470e-01  8.74122530e-02  2.94440575e-02
 -2.04651393e-02 -1.24407612e-01  2.23253191e-01 -3.27726416e-02
 -5.74349333e-03 -3.54481377e-02  1.59129295e-02 -1.02032155e-01
 -3.09883535e-01 -9.46630388e-02 -2.15591893e-01  1.18240505e-01
 -8.68893713e-02 -1.01161852e-01  1.65668521e-02  3.26511003e-02
  2.24731505e-01  1.45181715e-01  1.72696382e-01 -4.88615036e-02
 -9.62707549e-02 -5.62601499e-02  7.97573254e-02  2.20738705e-02
 -1.52632490e-01 -2.33324394e-01  3.00129801e-02 -1.40491009e-01
  7.08483607e-02 -2.32018515e-01 -1.11349031e-01  3.89227308e-02
  8.79177824e-02 -9.21761394e-02 -4.53180633e-02 -6.53990209e-02
 -9.69186500e-02 -6.19045226e-03  1.26682550e-01 -3.70580964e-02
  1.52488062e-02 -9.23497453e-02 -1.13478161e-01 -1.86989512e-02
  6.18296117e-02  8.47253278e-02 -1.48199439e-01 -2.73150448e-02
 -1.82696834e-01 -3.56181003e-02 -2.18277145e-02 -2.39020702e-03
  1.43038994e-02 -1.14646859e-01 -3.75605263e-02 -1.18613057e-01
 -6.10049441e-02  1.04571907e-02 -1.73795391e-02 -3.13380621e-02
  2.56220736e-02  3.81592214e-02 -1.03993870e-01 -1.87592525e-02
 -3.12541842e-01  3.85795459e-02  3.97241376e-02  1.10700116e-01
 -1.67317837e-02 -6.43047392e-02  1.72191083e-01 -5.54520413e-02
 -1.18857488e-01  9.74438712e-02  9.28754061e-02 -1.38483092e-01
 -3.68559733e-02 -9.14454635e-04 -5.87987527e-02  9.67180077e-03
  2.93237753e-02 -3.96412751e-03 -4.91291955e-02 -7.94262812e-03
  4.94758561e-02 -1.69711277e-01  1.98871553e-01  1.67994708e-01
  3.16935740e-02  1.90814454e-02 -1.36215627e-01 -8.95021856e-02
  3.42437625e-02  8.08329880e-02 -6.02319837e-02 -7.25237578e-02
 -9.32343397e-03 -4.73565795e-02 -1.60788633e-02 -1.57414719e-01
  1.11174099e-01  5.59734292e-02 -6.17854595e-02  5.89795457e-03
  5.39076999e-02  1.03443839e-01 -1.30272865e-01 -9.33052972e-02
 -8.31664130e-02  1.07925169e-01 -1.01573214e-01  1.23051561e-01
 -5.50228693e-02 -1.19661264e-01  5.17883934e-02 -1.75684355e-02
 -1.29476860e-01  5.68248555e-02 -1.80200905e-01  1.45188689e-01
  5.25683202e-02 -1.41523451e-01  1.75707147e-01 -1.00419536e-01
 -8.43403786e-02  1.90597445e-01 -1.21887311e-01  9.30882022e-02
  7.62001872e-02  5.58344321e-03 -6.64359629e-02 -3.34189646e-02
 -6.87083974e-03 -9.83655918e-03 -3.96502484e-03 -1.32568449e-01
 -1.33170471e-01  1.29582554e-01  4.12412733e-02  3.83696780e-02
 -4.51659411e-02 -2.43185777e-02 -1.10767260e-02 -1.30660459e-01
  1.33879274e-01  2.13889331e-01 -1.14959322e-01 -8.39549229e-02
  8.66679549e-02  1.68164494e-04 -1.57908350e-01  1.39772967e-01
 -1.51576936e-01 -8.70468020e-02  2.90143955e-02 -7.03094304e-02
 -1.37592033e-01  1.20111920e-01 -9.93918851e-02 -6.02020249e-02
  1.11835212e-01  6.33461997e-02  2.87733346e-01 -8.26956481e-02
 -1.15654059e-02 -1.04606822e-01 -1.34923989e-02 -2.40453169e-01
 -1.43961206e-01 -4.06399667e-02  3.20111215e-02  2.81020880e-01
  1.69602379e-01  3.79719846e-02  1.59527004e-01 -2.22379759e-01
 -2.02473521e-01 -5.69834188e-02  1.60653293e-02  1.63929358e-01
  3.14300787e-03  7.77229220e-02  2.50661876e-02  8.49012285e-02
  1.07501820e-01  7.80757458e-04 -1.31459594e-01 -8.39994326e-02
  3.14423665e-02 -1.21618286e-01 -1.39695527e-02  1.95517957e-01
  1.19326927e-01 -5.13848476e-02  2.44014375e-02  1.59990117e-01
  7.29616657e-02 -3.00842058e-02  5.01015000e-02  1.62263647e-01
  1.66579820e-02 -1.35000005e-01 -2.48568915e-02  5.31406216e-02
  1.14403456e-01 -1.84041541e-02  2.93995012e-02  9.77829397e-02
 -8.01959038e-02 -1.17312349e-01 -1.48853645e-01 -8.13478231e-02
  2.37984955e-02 -2.85238326e-02  2.88726613e-02  1.37195066e-01
  2.58474853e-02 -5.06471796e-03  1.32504255e-01 -8.68404359e-02
  8.67687389e-02  1.17312044e-01  2.64467411e-02 -1.21883102e-01
  1.46110415e-01 -4.46075760e-02  6.27982290e-03  8.53066072e-02
 -1.58691332e-02 -4.85902056e-02 -2.49495008e-03  1.92580707e-02
  5.05227856e-02  1.03090309e-01  3.09545938e-02  5.38556254e-04
  2.63960175e-02  4.79919761e-02 -7.17018843e-02 -6.75993487e-02
  7.01567810e-03 -1.59424663e-01 -5.29095009e-02  6.76523522e-02
 -1.42286152e-01  3.48566212e-02  5.19440323e-02  1.52947202e-01
 -2.26208530e-02  1.58328153e-02  6.95247352e-02 -2.05424298e-02
  2.41749305e-02 -5.61650209e-02 -4.87112626e-02 -1.22814141e-01
 -1.95292588e-02 -5.01985960e-02  6.76108077e-02  1.14496341e-02
  1.95873939e-02 -1.79907367e-01  7.87737072e-02  1.44973531e-01]