http://erau.edu/ontology/meme.owl#GodLeftMeme
[-1.73511535e-01 -1.20871194e-01  2.80048158e-02  3.20099550e-03
 -9.07323435e-02  1.42031297e-01  1.49688825e-01  1.13892920e-01
  4.10834327e-03 -5.49743772e-02  7.01626241e-02 -4.35499251e-02
  2.37343051e-02 -9.35564712e-02 -9.80560854e-02  3.53471898e-02
  9.84680131e-02 -1.16023114e-02  5.23051731e-02  4.48816903e-02
 -9.84506682e-02  1.68944914e-02 -5.27771004e-02 -6.30233139e-02
  1.33336395e-01  1.92721821e-02  2.15981212e-02 -1.27607971e-01
  2.09644124e-01  3.01498175e-01  5.07864989e-02  1.74990386e-01
 -5.18593146e-03 -5.71499392e-02 -3.08954418e-02  1.43840626e-01
 -1.03669107e-01  1.01231523e-01 -5.98913580e-02 -1.62761003e-01
  1.78568527e-01  1.63914412e-01 -7.96473399e-02  6.60121813e-02
  9.95350778e-02  4.38711308e-02 -3.38854939e-02 -9.66122895e-02
  3.69180962e-02  2.03416497e-02  4.66571338e-02 -3.43396217e-02
 -1.39847025e-02 -2.22971097e-01 -2.46017694e-01 -8.31790566e-02
  1.20047003e-01 -9.65155512e-02  2.55432814e-01  3.16536650e-02
  2.21791584e-02  4.28164657e-03  1.83054164e-01  3.38104106e-02
 -1.04089744e-01  6.47144450e-04  6.01797253e-02 -1.90482680e-02
 -6.65377080e-02 -3.50568891e-01 -1.55906662e-01  6.99382350e-02
  1.04771845e-01  5.60370600e-03  4.84116785e-02  7.84705877e-02
 -1.24114320e-01  9.63562503e-02  1.80423662e-01  8.31301659e-02
 -6.60979003e-02 -9.07794386e-02 -2.32386552e-02 -2.10469261e-01
  3.55984420e-02 -1.11324340e-01 -6.27236888e-02  5.85072115e-02
  3.47984880e-02  9.76620428e-03  1.93603821e-02 -1.72892228e-01
  1.32751137e-01 -1.41636595e-01 -4.92737927e-02  1.05887130e-01
  5.94137460e-02 -4.33187038e-02 -9.95046496e-02 -1.19066931e-01
  1.39338821e-01  3.87141816e-02  4.14798379e-01 -1.52801871e-01
 -1.94644276e-02 -1.36531889e-02  9.55839455e-02 -8.93609151e-02
 -5.98400496e-02 -1.26081154e-01  5.41973822e-02  4.04481515e-02
 -9.08067375e-02 -1.98229417e-01  1.08171448e-01  9.62796360e-02
 -2.70296544e-01 -2.18176126e-01 -2.72038840e-02  1.61254518e-02
 -1.10098690e-01 -1.20870005e-02 -2.94489879e-02  1.18879780e-01
  1.03070170e-01 -1.22584574e-01 -4.65424992e-02 -8.27960372e-02
  2.80385856e-02 -1.49866147e-02 -3.19003731e-01 -4.88180779e-02
  9.28447470e-02 -1.34566024e-01 -1.61764964e-01  6.20101392e-02
 -6.53183982e-02 -3.46413031e-02 -1.68367758e-01  8.57378542e-02
 -3.37140530e-01  3.69962305e-02  9.24497023e-02 -7.16009066e-02
  2.49629021e-01 -2.82569379e-01 -3.70197222e-02 -2.94697937e-02
 -1.41911477e-01  1.68758228e-01  2.35861670e-02 -1.13831781e-01
  1.01584673e-03  9.41637605e-02 -2.82905046e-02  8.95495564e-02
 -1.94128811e-01  1.63763911e-01  6.42962605e-02 -1.00536600e-01
  3.29701677e-02 -1.15046002e-01  1.46317899e-01 -5.54096103e-02
 -1.32118136e-01 -8.28301981e-02 -6.88056499e-02  1.47212446e-01
 -2.87880450e-01  1.66675240e-01  6.00293465e-02  1.30651519e-01
  1.81328297e-01  1.76085517e-01  2.02171076e-02  6.54939339e-02
 -9.88524035e-02 -2.72504967e-02  8.58352408e-02 -5.00018559e-02
 -7.00711980e-02  1.22605085e-01 -4.91692265e-03  8.23513493e-02
 -7.77110681e-02  6.97451755e-02  2.81854831e-02  3.86984348e-02
  2.52236247e-01 -3.42651866e-02  1.32789716e-01  5.63637838e-02
 -2.07244247e-01 -5.31471595e-02 -3.21599729e-02  4.15482260e-02
 -5.84810227e-03  1.53386638e-01 -5.58171161e-02  5.75018600e-02
 -4.13588211e-02  2.48972652e-03 -6.55780584e-02 -2.77399644e-02
 -9.18017477e-02 -7.08357766e-02 -4.39036414e-02 -8.38607848e-02
  7.74380192e-02  5.19003905e-02  1.12092659e-01  1.71764910e-01
 -8.87442976e-02 -6.63080364e-02  5.75829484e-02  1.01291500e-02
 -1.16082110e-01 -1.18018024e-01  1.85802892e-01  8.56727213e-02
  2.30604947e-01  4.00435925e-02 -1.35162324e-01  6.42603682e-03
  1.38899609e-02 -4.49920781e-02 -2.17382133e-01  6.07026462e-03
 -2.46719234e-02 -5.77160576e-03  7.81316981e-02  9.75121483e-02
 -1.28186326e-02 -1.73556820e-01 -7.82296062e-02  1.42142139e-02
 -4.87032942e-02 -7.77598321e-02  1.06932148e-02 -1.82914436e-01
  1.06338374e-01 -5.10527380e-02  7.67816673e-04 -1.15966007e-01
 -2.10045457e-01 -7.33090937e-02 -5.47611453e-02 -9.49708670e-02
 -5.47680408e-02  3.53411175e-02  9.87720490e-02  2.94906795e-02
  1.44101426e-01  1.21656112e-01  2.04425871e-01  2.19424814e-02
 -1.41634017e-01 -4.28178869e-02 -1.44875515e-02  5.14926612e-02
 -1.36257753e-01 -1.35972425e-01  8.00198019e-02 -1.70793414e-01
 -8.61501470e-02 -1.88084453e-01 -8.70381072e-02  3.49164568e-02
  1.62679374e-01 -2.08528832e-01 -4.92523238e-02 -1.27003685e-01
 -4.23971936e-02  2.87716631e-02  1.07720427e-01 -2.18579266e-02
 -7.08862115e-03 -4.04242538e-02  2.81225715e-04  1.80818718e-02
  1.41562745e-01  1.52518913e-01 -2.36631837e-03 -2.39065122e-02
 -1.39030114e-01  1.53767981e-03 -6.18965626e-02  1.69746280e-02
  1.47463093e-02 -6.96634874e-02  9.35575366e-02 -1.97004437e-01
  3.34242024e-02 -6.91622794e-02  6.24536276e-02 -1.83514450e-02
 -2.64786463e-02 -1.98216606e-02 -1.50772184e-01 -3.87131446e-03
 -2.83511162e-01  4.29542400e-02 -4.93348837e-02  1.14024274e-01
  4.18149419e-02 -2.40524504e-02  9.07116979e-02  3.60505395e-02
  4.49691452e-02  1.42111734e-01  1.95160612e-01 -8.80040973e-02
  6.05980977e-02  1.58754364e-01  7.48083442e-02  4.29566577e-02
 -9.80511308e-02  9.32534486e-02  4.76600631e-04 -8.15000311e-02
  1.40712366e-01 -9.81182531e-02  2.83857733e-01  1.53410256e-01
  5.59693715e-03 -2.45793965e-02 -4.17671017e-02 -5.34099117e-02
  5.09758629e-02 -6.62318096e-02  5.44122197e-02  3.43362219e-03
  1.78925321e-02 -5.99065423e-02 -1.23624317e-01 -2.52202481e-01
  7.16616511e-02  1.11038037e-01 -1.42751679e-01  4.07283604e-02
 -2.38487069e-02  1.76134348e-01 -5.70706232e-03 -5.10374978e-02
 -1.84459373e-01 -7.25195408e-02 -6.64295210e-03  1.60188437e-01
 -1.36962727e-01 -1.43097103e-01 -1.86893251e-02  4.96821180e-02
 -6.74680769e-02  1.34113640e-01 -1.43882006e-01  9.63832363e-02
  3.10811447e-03 -1.32876053e-01  2.74092674e-01 -1.24369055e-01
 -1.69659764e-01  1.99721575e-01 -5.37930466e-02  5.22142872e-02
 -8.58940855e-02 -2.39533768e-03 -8.06310624e-02  6.42548427e-02
 -2.90831849e-02  8.07762146e-02 -2.57571843e-02 -8.67094938e-03
 -1.83497205e-01  6.84051514e-02  7.16492310e-02 -1.11507669e-01
  3.09932772e-02 -2.74145640e-02 -4.55165915e-02 -7.22271279e-02
  1.26546234e-01  1.94099665e-01 -1.16408557e-01 -1.11744963e-01
  8.55873749e-02  5.32011762e-02 -5.78187481e-02  1.45461336e-01
  4.12539579e-02 -5.50018973e-04 -9.19537768e-02  1.19065069e-01
 -2.99244877e-02 -1.74942228e-03 -1.06979795e-01 -1.67992502e-01
 -2.66177487e-03  6.14395291e-02  1.31245807e-01  1.16346525e-02
 -7.50756711e-02 -1.24600932e-01 -1.59104928e-01 -1.90703601e-01
 -3.25853564e-02 -1.97011009e-02 -1.90761015e-02  1.27447784e-01
  1.45583943e-01  8.24433565e-02  7.32619241e-02 -2.71660060e-01
 -1.89048216e-01 -5.97485974e-02 -9.13200229e-02  2.05143675e-01
 -6.84580058e-02 -2.81754006e-02 -2.98612639e-02  1.18810251e-01
  2.61910651e-02  1.71556827e-02 -1.85757801e-01  6.26417156e-03
 -5.87582123e-03 -1.21209122e-01  1.05211576e-02  1.30560622e-01
  1.29058436e-01  1.71305425e-02 -4.47753184e-02  1.41011432e-01
  7.23831058e-02 -4.00621109e-02  2.15664759e-01  1.59985021e-01
  3.79582047e-02 -1.80844795e-02  6.47059903e-02  8.53543356e-02
  2.24068254e-01 -1.93332080e-02 -1.67070888e-03  2.83788145e-01
 -1.86761931e-01 -4.01320457e-02 -1.85109288e-01 -8.95775259e-02
 -8.92098248e-02  9.49410498e-02  9.64478180e-02  1.90146074e-01
  3.04118060e-02 -5.57403751e-02  2.41397336e-01 -5.65847531e-02
  7.81123042e-02  4.51566391e-02  1.06537372e-01 -7.08182678e-02
  2.25477010e-01  2.11539660e-02  5.77006787e-02 -1.68225586e-01
 -1.38052657e-01  1.51330857e-02 -5.80014475e-02 -1.40750498e-01
  5.90359676e-04  7.46048614e-02  5.56808263e-02 -4.12365235e-02
  1.83439717e-01  7.12295994e-02  1.63417459e-02 -9.74218398e-02
  2.77091414e-02 -8.96819308e-02  6.89606136e-03  1.63658679e-01
 -1.97534010e-01  1.10767148e-02 -9.82320607e-02  3.16697001e-01
 -2.29350105e-02 -2.23755077e-01  8.10343921e-02 -3.57456296e-03
  7.36367032e-02  2.41093040e-02 -5.87223992e-02  5.96829839e-02
  9.61094275e-02  4.47370410e-02  1.71159059e-02  7.74666816e-02
 -4.20686454e-02  2.87431739e-02  7.03180060e-02  5.25589809e-02]