http://erau.edu/ontology/meme.owl#OneDoesNotSimplyWalkintoMordorMeme
[-0.1012987  -0.00918067  0.07128718  0.12811914  0.05069019  0.04890107
 -0.07760389  0.03681502  0.09097454 -0.21561867 -0.12455922  0.27062634
  0.19844502  0.1517186  -0.05720753 -0.18407412 -0.0949109  -0.07008101
  0.0259591  -0.05040956 -0.00873639  0.1712605  -0.03924578  0.13567685
  0.02441765 -0.18932113 -0.00672214 -0.02012152  0.03673518 -0.07638013
 -0.21760392 -0.0694173  -0.15145054 -0.0180996  -0.12238229  0.05055941
 -0.15373144  0.11978351  0.04344308  0.23910046  0.07115181  0.02798814
 -0.26188874 -0.03286428 -0.21888511 -0.05303971  0.0754725  -0.17533688
  0.04787164 -0.17137115 -0.00762576  0.16497803  0.21339692  0.00715082
 -0.17959103  0.23966984 -0.07797311 -0.01602847  0.11161992  0.17654628
  0.18751764 -0.16511212  0.01776697  0.03167073 -0.06076584 -0.03820838
 -0.11273165 -0.06594396  0.10783385 -0.09813365  0.14441499 -0.01908109
 -0.01876611 -0.01132423 -0.20797169 -0.08137    -0.03494793 -0.11408395
 -0.02774546 -0.11640238  0.15158916  0.18117097 -0.26080054 -0.1041752
 -0.04425507  0.01334134  0.1266997   0.05872961 -0.01887296  0.2612416
 -0.09811585 -0.00304738 -0.20965989 -0.02095842  0.05267776 -0.08248223
 -0.05212368  0.27167222  0.016413   -0.02155956  0.10036008 -0.05748586
 -0.08542013  0.02819993  0.1411241  -0.00330539  0.0805085   0.18795487
  0.11031735 -0.01377321  0.18897     0.11723326  0.03423419  0.01842571
  0.16240825 -0.13021348  0.03781003 -0.01539888 -0.13319364 -0.01435926
 -0.00030213  0.15156566  0.01276484  0.00661138 -0.20360938 -0.24396758
 -0.01678514  0.15109038 -0.22434969 -0.1447553  -0.03937298  0.04441856
  0.01576592 -0.18174762  0.10373777 -0.09745532  0.11382917  0.03069972
  0.04150029 -0.00294617 -0.08161171 -0.00392453 -0.06560756  0.06517085
  0.01644599  0.03212279 -0.05902288 -0.12776712 -0.10102835 -0.02896699
  0.07066711  0.03260902 -0.15629502 -0.13327742 -0.09918368 -0.13337536
  0.0422525  -0.0072704  -0.06787715 -0.05723456  0.07054839  0.23710664
  0.09718278  0.01410645 -0.11666075 -0.11211262  0.01010908  0.1427231
 -0.18064162 -0.04338927 -0.03076985 -0.01611364 -0.03054238  0.18731639
  0.12921347 -0.00862877  0.06519154  0.03400268  0.02168873 -0.02583688
 -0.17860775 -0.08513031 -0.02934415 -0.03225412 -0.02247458 -0.01510887
 -0.17577985  0.03105845  0.12547281  0.12739155 -0.00035352  0.23702675
  0.1963531   0.12987153 -0.11794589 -0.01724607 -0.0750135  -0.05083621
 -0.12974264  0.17879733]