http://erau.edu/ontology/meme.owl#ClassicGamingEmotionMeme
[-0.13106313 -0.18118353  0.01961383  0.03985012 -0.10377786  0.05263263
  0.15715218  0.0507632  -0.01351354 -0.09453687  0.15363674 -0.04050022
  0.04051691 -0.06221227 -0.10847754 -0.03828828  0.07733987  0.2369063
  0.15064009  0.13262631 -0.29431114  0.01348299  0.08841746 -0.07456588
  0.17262198 -0.01355568 -0.00514663 -0.15978451  0.4364444   0.27382624
  0.13263184  0.09579664  0.06312693 -0.0938275  -0.06332324  0.20141616
  0.02782801  0.11443996 -0.05004282 -0.19803838  0.08975292  0.20683455
 -0.08170449  0.0440869   0.08640662 -0.05959092 -0.04907534 -0.05497132
 -0.03591723  0.10737912  0.02164268 -0.07361545 -0.03565957 -0.1455155
 -0.13201356 -0.04262458  0.17396453 -0.15725425  0.19613507  0.0990213
 -0.03766599 -0.04308413  0.18908042  0.04372144 -0.23247679 -0.06509412
  0.04410945 -0.03572238 -0.15597723 -0.13040875 -0.09966068  0.10158616
  0.1070111  -0.07531909  0.06843389  0.03070903 -0.05831251  0.07425579
  0.26373097  0.11976225 -0.10022426 -0.03139819 -0.01549268 -0.28794727
  0.14327298 -0.06852411 -0.12570743  0.12805957  0.14943531 -0.01035344
 -0.06043924 -0.24040006  0.06771042 -0.18374501 -0.11649561  0.0343704
 -0.05286333 -0.06346659 -0.0339973  -0.05409619  0.15687981  0.03407685
  0.31889662 -0.17988123 -0.02837267  0.0228452   0.18127973 -0.04550163
 -0.02412547 -0.13698165  0.06942534 -0.01100981 -0.14149606 -0.10839918
  0.19882424  0.08315285 -0.37107468 -0.23647225  0.0643291   0.02573252
 -0.01537403 -0.05176    -0.07292217  0.06236718  0.11236335 -0.10270527
  0.02016417 -0.10691331 -0.01882271  0.03984999 -0.27686113 -0.10651301
 -0.08626238 -0.0661815  -0.12255201  0.12724951 -0.11133648 -0.07913854
 -0.13219023  0.07830306 -0.2967563   0.05343903  0.06811838 -0.05733328
  0.17777541 -0.19904421  0.08854754 -0.11432175 -0.08591589  0.13349596
  0.02184751 -0.19649607  0.05789193  0.04794087  0.01329701  0.11468799
 -0.18627127  0.2169798   0.08765586 -0.07505782  0.02665414 -0.11390345
  0.1298178   0.00335422 -0.29299322 -0.23200817 -0.05437016  0.10046003
 -0.3271907   0.1416744   0.05976685  0.17993714  0.29037568  0.12296494
  0.00305569 -0.01946302 -0.0493866  -0.04657127  0.0988695  -0.09318432
 -0.07294381  0.01505845  0.03565232 -0.0105529  -0.11437384 -0.00318409
  0.12014427  0.08482757  0.20473991 -0.1147921   0.02399438 -0.03071383
 -0.20501488 -0.14084388  0.00245444 -0.06684116 -0.01059305  0.12637205
 -0.00882893 -0.03255476 -0.03294783 -0.00822996 -0.00758865  0.05294363
  0.01247534 -0.23367429  0.03954262 -0.12936895  0.17846887  0.1499701
  0.27150437  0.05203903  0.0073907  -0.05891204  0.15040909 -0.01489517
 -0.09569457 -0.06858219  0.07122002  0.07115974  0.14261523  0.1787548
 -0.11726043  0.05656978  0.05062274 -0.00701225 -0.11974511  0.04019598
 -0.09341732 -0.0102881  -0.03473702  0.05131883 -0.06373519 -0.14563876
 -0.09934048 -0.01788968 -0.03332169 -0.11196639  0.1353362  -0.11810964
 -0.02755672  0.01188484 -0.01351283 -0.07370999 -0.16407919 -0.00743919
 -0.06691887  0.06555066 -0.00067173 -0.02187859  0.10879715 -0.02018703
  0.18387273  0.01048173  0.15039021  0.03970731 -0.0778292   0.02387208
 -0.00588065  0.03945531 -0.15494128 -0.02975403  0.02474235 -0.11744145
 -0.02003035 -0.10384567  0.07048703 -0.03558586 -0.02583553 -0.10674563
 -0.04508773 -0.10663106 -0.04463052  0.06345414  0.11808647 -0.02517903
  0.0030162  -0.01146765 -0.01419323 -0.01315833  0.1213613   0.09910458
 -0.09813389 -0.01866315 -0.15836187  0.04154333 -0.11444829  0.02156493
  0.03598376  0.02718791  0.12084714 -0.09952818 -0.00742492 -0.0643376
  0.00233568 -0.08993168  0.05277741  0.11577374 -0.20686144 -0.05100153
 -0.15971968 -0.00274594  0.02781077  0.09974092 -0.03899224  0.03350951
  0.22516248 -0.01849874  0.01388442 -0.01660533  0.16708846 -0.16962552
  0.01242366 -0.02735803 -0.0787191  -0.04959636  0.09636401  0.09408589
 -0.00696709 -0.04071185  0.09188859 -0.10228968  0.17773978  0.12493434
  0.01085667  0.07557649 -0.07638033 -0.02717237  0.12374052  0.01106984
 -0.07127426 -0.06555706  0.06331976 -0.04758928  0.05688953 -0.16872768
  0.0979266   0.09482955 -0.0625132   0.05605334 -0.04581937  0.20530649
 -0.10746391 -0.08488229 -0.1068593   0.02356827 -0.03800566  0.14909004
 -0.07030773 -0.05781341  0.01241458  0.0838113  -0.08807129  0.12184381
 -0.11945529  0.11676144  0.04887341  0.0620351   0.24869165  0.00125076
 -0.11679572  0.09006855 -0.00413445 -0.02114872 -0.01209902 -0.02564185
 -0.04066222 -0.03277331  0.00699977  0.04365485 -0.04913182 -0.06267019
 -0.19289751  0.03273708  0.07461297 -0.0461663  -0.00477998  0.02135652
 -0.01686617 -0.03791248  0.15109259  0.13742933 -0.00480215 -0.08907848
  0.12656586 -0.1717661  -0.14625648  0.22330298  0.00764616 -0.113152
 -0.03875241  0.01734468 -0.05354634  0.2531273  -0.02954501 -0.32726496
  0.15656549  0.02320997  0.31793395 -0.10564442 -0.09823105 -0.18915716
  0.02516591 -0.32444572 -0.17131339 -0.0849373  -0.06027589  0.38812715
  0.18589751 -0.04598598  0.12737572 -0.17055108 -0.16437452  0.03758261
 -0.06361184  0.14489956 -0.10490198  0.03627142 -0.07230588  0.09730994
  0.13689831 -0.05593196 -0.12924549 -0.01647216  0.1184689  -0.05776726
 -0.03024538  0.02121175  0.09406091 -0.04769432  0.00716015  0.11880618
  0.12148505 -0.08705001  0.18333665  0.1913792   0.1088147  -0.07295928
 -0.09631301  0.06634115  0.13190009  0.00569104 -0.02647352  0.23303469
 -0.15266643 -0.02444808 -0.12263042 -0.16965711 -0.04851726  0.07280492
 -0.02384837  0.13401157  0.14625974 -0.01182236  0.17287943  0.11355544
  0.14421226  0.04517581  0.08190395  0.05988161  0.17524248  0.08760447
  0.04426151  0.05607483  0.00324108  0.0919264   0.03199614 -0.10213377
 -0.03346884  0.08150052  0.0787104   0.01694236  0.08231626  0.02261186
 -0.02475731 -0.07973426 -0.00600923 -0.16220684 -0.04450884  0.11125546
 -0.1505908   0.07104232  0.01246988  0.19304319  0.04265914 -0.16509078
  0.05259565  0.0242708   0.08700562  0.02232069 -0.01333466 -0.01289455
  0.07082385  0.08690874  0.00775757  0.10153391  0.08199126 -0.04890031
  0.07249346  0.07896149]