http://erau.edu/ontology/meme.owl#PrematurePeterMeme
[-9.03827399e-02 -1.22619912e-01  1.96995437e-02  3.63811776e-02
  6.30705357e-02  5.15579842e-02  1.04417436e-01  5.68006933e-02
  2.46443264e-02 -7.45051876e-02  5.41181080e-02 -8.06853250e-02
 -2.66721682e-03 -4.46489714e-02 -7.70576075e-02 -4.29887185e-03
  4.33576219e-02  3.32897641e-02 -2.03789314e-05  9.42015126e-02
 -2.10918233e-01  1.89201627e-02  3.25448327e-02 -1.50971383e-01
  7.82169327e-02 -2.52270512e-02 -1.22293155e-03 -5.56854829e-02
  2.56058276e-01  1.65347740e-01  6.77485913e-02  9.13059860e-02
  7.39751086e-02 -5.69598936e-02  3.05311475e-02  1.93290100e-01
 -8.47445056e-03  6.73052520e-02  6.21771552e-02 -1.35278881e-01
  7.53747206e-03  1.91183224e-01 -7.68000260e-02 -4.47460115e-02
  5.44224381e-02  5.62603138e-02  3.64961959e-02 -4.76444587e-02
  6.60781637e-02  2.91097201e-02 -1.05019854e-02  2.63830624e-03
 -1.13062315e-01 -1.20272867e-01 -1.05527461e-01 -5.90277314e-02
  5.74937239e-02 -9.41208843e-03  1.83191270e-01  3.46534289e-02
 -4.24103811e-02 -9.02615413e-02  1.05135940e-01  3.29411291e-02
 -1.49709001e-01 -7.68349990e-02  2.56641023e-02 -4.99855727e-02
 -2.36304887e-02 -1.87706247e-01 -9.08526182e-02  4.24899161e-02
  1.44134745e-01  2.91722063e-02  3.42706256e-02  9.56142694e-02
 -7.81399831e-02  5.13361283e-02  9.21026990e-02  6.11834712e-02
 -1.38003249e-02 -9.26488936e-02 -2.70493608e-02 -1.04227133e-01
  3.59785967e-02 -1.55228507e-02 -7.71853700e-02  6.27512112e-02
  2.17472855e-02  2.14904509e-02 -1.92955025e-02 -1.61213815e-01
  1.17445283e-01 -6.13708012e-02 -8.07957277e-02  5.83917573e-02
  7.52512831e-03 -3.91408578e-02 -6.98630000e-03 -3.57166380e-02
  8.66561532e-02  4.43194211e-02  1.76279798e-01 -1.16572581e-01
 -2.18624272e-03  5.55900522e-02  1.43922880e-01 -1.59576442e-02
 -6.14664517e-03  2.85122078e-03 -4.52193469e-02 -7.43666990e-03
 -1.33686975e-01 -9.96982232e-02  8.09585229e-02  8.61992836e-02
 -2.52905130e-01 -1.71605527e-01  3.55474949e-02  1.36349186e-01
  1.90397296e-02 -2.85693295e-02 -6.32368475e-02  4.37177718e-02
  3.97039205e-02 -1.17121667e-01 -6.73570763e-03 -8.07710513e-02
 -1.12775872e-02  8.98302626e-03 -1.03468679e-01 -7.10225180e-02
  5.18063121e-02 -6.16896041e-02 -9.11231190e-02  4.57006954e-02
 -7.99041912e-02 -6.22181362e-03 -7.43314847e-02  4.79601230e-03
 -2.74690717e-01  1.18632214e-02  4.52356562e-02  7.74339214e-02
  1.37246653e-01 -1.56548530e-01  2.03105854e-03 -4.78647538e-02
 -1.63458318e-01  9.03812125e-02  4.61374111e-02 -4.86112013e-02
 -2.10470539e-02  5.58975444e-04  9.66708921e-03  1.62399728e-02
 -1.49706960e-01  1.09761022e-01  5.79145290e-02 -1.20572589e-01
  2.61566136e-02 -1.09139338e-01  7.86494687e-02 -2.80143972e-02
 -1.73872963e-01 -5.05501963e-02 -1.48722529e-02  1.52262658e-01
 -2.57005900e-01  1.23449430e-01  8.65063071e-02  1.85330316e-01
  1.86305121e-01  1.14036992e-01 -3.11496463e-02 -2.72158664e-02
 -6.56849220e-02 -6.37219893e-03  6.36169314e-02  3.05513460e-02
 -9.14009511e-02  1.23307161e-01  5.18590324e-02 -4.05323170e-02
 -3.89516689e-02  3.30612697e-02  4.39991839e-02  4.55009639e-02
  1.20963536e-01 -5.71176037e-03  7.60667445e-03  4.01784591e-02
 -1.92740709e-01 -6.49538562e-02  3.81208286e-02 -1.94452815e-02
  8.71940926e-02  1.21052802e-01 -5.83960488e-02  4.73186821e-02
  4.15909663e-02  9.24335979e-03  7.04208314e-02 -2.32411958e-02
 -6.47333637e-02 -1.63139343e-01 -5.54748103e-02 -1.15951627e-01
  8.27360004e-02  6.21999018e-02  1.98961452e-01  7.51815736e-02
 -1.10381737e-03 -1.26415893e-01  6.25099689e-02  3.79333720e-02
 -1.21365748e-01 -4.40410487e-02  1.25665084e-01  8.30512568e-02
  2.11457863e-01  8.14332813e-02 -7.95243308e-02  1.81017034e-02
 -3.52265462e-02 -2.23096926e-02 -1.59396991e-01 -5.46626858e-02
 -3.26855108e-02  2.13424452e-02  7.08978921e-02  6.40440360e-02
 -6.40200824e-02 -6.13616183e-02 -1.67171899e-02  2.63546538e-02
 -3.56539562e-02 -2.71153124e-03 -4.61086035e-02  3.75763420e-03
  3.00880838e-02  8.07532482e-03  4.44952883e-02 -3.18773426e-02
 -1.30749866e-01 -2.83590890e-02 -1.16394483e-01 -1.02121003e-01
 -4.53472510e-02  4.77243215e-02  3.91179696e-02  7.26357549e-02
  7.69010410e-02  7.42347315e-02  9.22702402e-02 -4.90978286e-02
 -2.05288101e-02 -3.70301306e-02  1.64317861e-02  1.87795442e-02
 -4.64813411e-02 -8.07905197e-02  5.45979291e-03 -8.34767520e-02
 -6.25695288e-02 -1.09242782e-01  4.96211313e-02  4.64653634e-02
  1.14181951e-01 -6.26809597e-02 -2.16705427e-02 -9.74048823e-02
 -3.11475918e-02  7.42420629e-02  1.05031721e-01  1.83267444e-02
  9.14510153e-03 -9.40493047e-02 -3.11373044e-02 -3.59653868e-03
  7.08642155e-02  7.93512464e-02 -1.09730801e-02 -1.29333418e-02
 -6.05368800e-02  1.51824607e-02 -7.88978189e-02  2.89012380e-02
  4.39581163e-02 -2.70240717e-02  6.39249012e-02 -1.48810148e-01
  1.56585425e-02 -5.33333980e-02 -1.35253826e-02 -8.15614779e-03
  6.22071438e-02 -2.90513542e-02 -4.98249382e-02 -1.51348546e-01
 -1.53777912e-01 -1.00159021e-02 -2.54426450e-02 -4.14799973e-02
  5.42271277e-03  5.22765294e-02  9.81244594e-02  2.63007060e-02
 -1.99008361e-02  3.63433138e-02  1.45667166e-01 -1.42337918e-01
 -4.37329747e-02  3.80523726e-02  5.49972057e-02  2.38516051e-02
  9.81333316e-04  4.88522537e-02  7.67121613e-02 -6.04903288e-02
  4.01842557e-02 -6.12192824e-02  1.21909067e-01  1.13450706e-01
  1.80854145e-02  2.84305699e-02 -1.04487635e-01  4.09613224e-03
 -1.22752581e-02 -2.89946813e-02  1.97495166e-02 -1.60089452e-02
  2.45075002e-02 -6.56614751e-02 -6.00430630e-02 -1.83311760e-01
  3.61163802e-02  6.90770820e-02 -4.56674434e-02  7.44626205e-03
 -2.65730638e-03  5.99148609e-02  3.02204266e-02  3.22309211e-02
 -4.12789881e-02 -2.52688434e-02  8.86318553e-03  7.61179253e-02
 -9.76832137e-02 -4.65397723e-02 -1.57831926e-02  3.07622086e-02
 -5.55477068e-02  9.55450684e-02 -1.62152335e-01  1.42669231e-02
  1.75706986e-02 -1.07464097e-01  1.37219667e-01 -4.39747199e-02
 -9.65591371e-02  6.38048053e-02 -4.86271754e-02  4.00871448e-02
 -3.16180177e-02 -1.59621127e-02 -6.28717691e-02  3.79896015e-02
 -1.33932545e-03  5.25177196e-02 -6.18754067e-02  3.93565744e-03
 -1.98919073e-01  7.72011206e-02  5.97937615e-04 -5.61086796e-02
 -9.44364816e-03 -3.89924720e-02 -1.13615111e-01 -2.76181530e-02
  5.55801019e-02  1.77345753e-01 -1.12461001e-01 -1.00953601e-01
  7.96581656e-02 -1.49377985e-02 -3.64924259e-02  5.96280918e-02
 -1.10071721e-02 -4.91474085e-02 -8.15448351e-03  1.33517176e-01
 -6.40875846e-02  1.54465754e-02  4.74314066e-03 -5.36873825e-02
 -1.50157530e-02  6.29982650e-02  2.33956743e-02 -7.98842162e-02
 -6.58082739e-02 -7.22783506e-02 -5.14365323e-02  4.50219493e-03
 -4.83763218e-03  2.64211427e-02 -3.99796851e-02  6.92117438e-02
  8.47801641e-02  6.50640354e-02  9.06749740e-02 -8.38200822e-02
 -1.60949752e-01  1.88021827e-02 -3.96276452e-02  8.11023414e-02
 -4.06192988e-02 -1.00398101e-01 -1.62657741e-02  2.84804963e-02
  4.89041284e-02  4.80179936e-02 -1.61416218e-01  1.90058928e-02
 -2.19299961e-02 -1.11377753e-01 -1.86535474e-02  1.44687638e-01
  5.99308386e-02 -6.49317354e-02  3.31939831e-02  1.75752565e-01
 -7.12438999e-03 -9.06090885e-02  9.47865695e-02  1.62264347e-01
 -1.79563463e-02 -6.77668005e-02 -7.53002847e-03  1.15084641e-01
  1.20651804e-01  9.29341465e-02 -7.31652975e-02  2.35083655e-01
 -1.28731936e-01 -3.94567028e-02 -1.58321962e-01 -1.01262033e-01
 -8.47400203e-02  1.30846307e-01  1.11610711e-01  9.35744643e-02
  1.17122084e-01  1.59674557e-04  2.00773075e-01 -6.58105537e-02
  6.05070591e-02 -1.35052726e-02  7.97037482e-02 -5.74726611e-02
  1.18817091e-01  9.16015506e-02  1.18377790e-01 -1.23188071e-01
  4.09819335e-02  1.27381429e-01 -6.59494996e-02 -9.70293358e-02
 -3.76231931e-02 -1.05658127e-02  1.32097363e-01 -3.35623026e-02
  2.31238797e-01  1.19883142e-01  1.86833879e-03 -1.35889858e-01
  1.53893843e-01 -1.34443179e-01 -8.24070722e-02  6.33094460e-02
 -3.98232713e-02  6.59282692e-03 -7.11605996e-02  2.01775730e-01
 -1.27898678e-01 -1.58563405e-01 -2.50315052e-02 -4.25596014e-02
  9.14361030e-02  3.44244912e-02 -1.07538976e-01 -4.07589972e-02
  5.86723462e-02  4.94813621e-02  1.27497092e-01 -2.73792129e-02
 -7.59395733e-02 -3.26677337e-02  4.43658978e-02  6.27891943e-02]