http://erau.edu/ontology/meme.owl#CephalopodsMeme
[-8.20701271e-02 -1.11153677e-01  6.25393912e-02  3.78650352e-02
  1.04645286e-02  9.75151882e-02  1.07276730e-01 -1.41352639e-01
 -4.96806540e-02 -5.31705208e-02 -4.16265465e-02 -1.12646684e-01
  4.58778851e-02 -3.26450802e-02  2.25856341e-02  1.50940521e-02
 -8.19781125e-02  7.98684359e-03 -8.64736140e-02  9.26289707e-02
 -9.77981486e-04  6.83518127e-02  7.92917758e-02 -1.07379451e-01
  1.51179992e-02 -5.07674776e-02 -1.19939689e-02  3.60416318e-03
  2.48614714e-01  3.37771364e-02  3.40867452e-02  1.83899626e-01
 -1.93868279e-02 -6.57913387e-02 -1.43922105e-01  1.67851388e-01
 -4.88556139e-02  4.07525748e-02 -1.71346444e-04  2.33825017e-02
 -5.36463112e-02  4.84898202e-02 -1.70160308e-01 -3.70047875e-02
  6.43740967e-02 -2.55955011e-02  6.42408133e-02 -5.62917907e-03
  1.05956020e-02  3.34716365e-02  3.69494339e-03  4.28021252e-02
 -2.56263297e-02 -7.18872100e-02 -1.59111097e-01  6.79873442e-03
  1.07814059e-01 -1.58422008e-01  1.12390243e-01 -2.52536573e-02
 -4.25619027e-03 -3.19229439e-02  8.48638937e-02  5.15745059e-02
 -1.11710310e-01 -8.24355185e-02  4.16718274e-02 -8.17241594e-02
 -7.54528791e-02 -9.39898267e-02 -1.42155156e-01  1.02036566e-01
  8.80553350e-02  4.86543104e-02 -1.35364337e-02  7.20245689e-02
  8.33323598e-03  7.73497596e-02  1.20192617e-01  9.16513354e-02
 -5.66216670e-02 -6.58082068e-02 -5.37117794e-02 -2.35634968e-01
  6.75460324e-02 -2.35365424e-02 -9.18084830e-02  5.50089106e-02
  4.79139090e-02 -6.08335175e-02 -6.15955740e-02 -8.16306770e-02
  1.29040048e-01 -8.94414335e-02 -3.08041256e-02  9.55011100e-02
 -1.34931142e-02 -4.15397249e-02 -1.28243074e-01 -5.63325807e-02
  9.74994060e-03  3.47155407e-02  3.26991200e-01 -6.59732968e-02
  4.28026505e-02  5.14229201e-02  1.57157660e-01  1.09652802e-02
 -1.72591058e-03 -5.00131026e-02 -5.49071021e-02  1.02243245e-01
 -1.41920120e-01 -5.69178388e-02  1.24974318e-01  8.96094590e-02
 -2.44323149e-01 -1.14664085e-01  5.72235510e-02  1.10140555e-01
 -5.14738150e-02 -1.02955647e-01 -1.46919161e-01  1.95236783e-02
  8.62392187e-02  1.54494466e-02  9.10362378e-02  4.83905710e-02
  9.17176157e-02  4.62174267e-02 -1.79454818e-01 -3.56396511e-02
 -8.10900517e-03 -5.87705784e-02 -1.00731038e-01  1.82766803e-02
 -7.82819688e-02  5.77318296e-02 -9.43938717e-02  1.32926598e-01
 -1.43473119e-01  1.04079798e-01  1.03646666e-01  4.23153415e-02
  4.53887284e-02 -1.57279342e-01 -6.78383699e-03 -4.41630483e-02
  2.93414053e-02  1.39521897e-01 -5.62480986e-02 -1.26702294e-01
  2.59604342e-02  4.52545322e-02 -9.32660401e-02  2.13069730e-02
 -1.50353149e-01  1.33442700e-01  5.71251400e-02 -7.82043487e-02
  2.28551086e-02 -2.92416792e-02 -3.17362584e-02  9.50907823e-03
 -2.06199095e-01 -4.32121493e-02  8.06507170e-02  2.19635785e-01
 -3.27376664e-01  1.37497947e-01  4.81153429e-02  9.88455415e-02
  1.51160315e-01  1.07815720e-01 -8.50488842e-02 -6.56288443e-03
 -2.37767380e-02 -2.80982573e-02  6.85930550e-02 -1.23075787e-02
 -5.19293454e-03  1.02306753e-01  1.16132414e-02 -3.65522970e-03
 -1.09615900e-01  6.38669878e-02  1.13259658e-01  2.32565347e-02
  1.08527035e-01 -6.36423081e-02 -8.12095776e-03 -4.38621007e-02
 -2.39977479e-01 -1.69393420e-02 -9.20469984e-02 -3.01586296e-02
  8.32634047e-02  2.31419489e-01 -8.55734497e-02 -1.41229823e-01
  6.28251061e-02 -4.84271571e-02  1.13302410e-01  1.55113852e-02
 -8.25738609e-02 -2.48562127e-01 -2.57160980e-02 -5.64224124e-02
  6.50047064e-02  1.06745839e-01  1.59030825e-01  6.82799965e-02
  1.05013922e-01 -1.28803523e-02 -4.85390462e-02  1.25195608e-01
 -9.16528478e-02  3.94973643e-02  2.06153780e-01  9.09781605e-02
  8.40352476e-02  1.71204314e-01 -2.38796305e-02  6.35606647e-02
 -3.33207250e-02  3.10297254e-02 -1.03624128e-01 -8.85961726e-02
 -7.36092478e-02  1.29189827e-02 -4.37935591e-02  7.63178319e-02
 -8.77645612e-02 -1.09238952e-01  7.28998333e-03  6.17357790e-02
 -1.41331837e-01 -1.87695891e-01 -5.84855489e-03 -4.34008241e-02
 -4.81277741e-02 -4.04429659e-02  2.92961206e-02 -6.07067570e-02
 -1.78957924e-01 -1.47859857e-03 -1.20283216e-01 -6.52108416e-02
 -1.39919240e-02 -3.00020631e-02 -3.38866550e-04  2.19414197e-02
  1.16658278e-01  2.45658364e-02  2.19553351e-01 -3.14393602e-02
 -1.17969789e-01 -5.73269725e-02  2.38372367e-02 -5.21620736e-02
 -7.27932900e-02 -1.63214639e-01 -1.12575069e-01 -1.36671633e-01
 -3.81163470e-02 -2.65102893e-01  6.73406422e-02  1.19961321e-01
  1.02762952e-01 -8.18377659e-02 -6.49735332e-02 -1.20067656e-01
 -6.81017712e-02  4.56231646e-02  5.47026098e-02 -8.55432358e-03
  1.12976469e-01 -2.33255047e-02 -1.42449930e-01 -9.34839919e-02
  9.28247347e-02  8.52860361e-02 -2.55844705e-02 -1.48646966e-01
 -1.74658254e-01  5.02247475e-02 -1.19203739e-01 -7.03264121e-03
 -2.94075292e-02 -1.98520735e-01  1.19440621e-02 -1.72264948e-01
 -2.31782403e-02  4.02967781e-02  1.80653986e-02 -2.38920376e-02
  4.58075330e-02  2.70955563e-02 -1.58526734e-01 -1.56550974e-01
 -2.20506117e-01  5.79782650e-02  8.70419890e-02  3.69279236e-02
  4.20236122e-03 -4.21529785e-02  8.81673917e-02 -2.77017299e-02
 -7.32181743e-02 -2.81072818e-02  2.59257257e-01 -1.67055756e-01
 -7.11174235e-02  3.37010436e-02 -1.08431645e-01  3.08855996e-02
 -5.55798821e-02 -3.16914581e-02  4.06420901e-02 -4.42988947e-02
  1.37735263e-01 -2.39537880e-01  1.62045807e-01  2.00362548e-01
 -1.81477312e-02 -6.37007281e-02 -1.64211243e-01  2.52277404e-02
  9.17619839e-02  1.81051008e-02  4.00295109e-02 -2.25142110e-02
  3.81744578e-02 -4.01822142e-02  1.30801976e-01 -2.40793437e-01
  1.05873495e-01  2.91598849e-02  1.21698052e-01  1.43869072e-02
  1.55570069e-02  4.77261581e-02  5.63484691e-02 -2.18503941e-02
 -7.05748498e-02 -5.44950143e-02 -2.16373634e-02  2.61830576e-02
  4.38917428e-02 -1.01132721e-01 -1.94947049e-02 -4.80180513e-03
 -1.06461659e-01  1.31751925e-01 -1.30704150e-01  1.14542685e-01
  8.74209628e-02  3.76222171e-02  1.65561035e-01 -3.24160196e-02
  1.68435965e-02  1.44774199e-01 -1.55153954e-02 -1.21180594e-01
  7.31858835e-02 -1.41059272e-02 -6.15150556e-02  5.37151732e-02
  4.54703756e-02  2.39209458e-02 -4.27869335e-03 -8.87516961e-02
 -1.24618225e-01  5.92371784e-02  8.97313580e-02  4.14323099e-02
  3.28911692e-02 -7.08971231e-04 -1.80111170e-01  5.33351675e-04
 -2.75247637e-03  1.20628275e-01 -9.91403535e-02 -5.99971786e-02
  1.04541862e-02 -4.91843149e-02 -7.28966743e-02  6.05833121e-02
 -9.22543854e-02 -9.46039930e-02  8.06868449e-02  9.46560875e-02
 -3.56031507e-02  2.56905109e-01 -7.40333274e-02 -6.17778189e-02
 -6.79025718e-04 -6.59394404e-03  1.68082118e-01 -7.25629926e-02
 -9.27647017e-03 -1.55303836e-01  9.02552903e-02 -1.60576120e-01
  2.12860852e-02  1.02777807e-02 -3.27733383e-02  2.22602919e-01
  2.52035595e-02  2.81534693e-03  7.35067055e-02 -8.14764574e-02
 -8.00495073e-02  2.17836723e-03 -1.43297821e-01  1.19074404e-01
 -9.31428298e-02 -2.59127133e-02 -3.75785939e-02  4.37764637e-02
  6.96417764e-02  5.38977869e-02 -2.28852600e-01 -1.82882082e-02
  3.10799181e-02 -9.22191963e-02 -1.02510609e-01  1.79139078e-02
  9.86717641e-02  4.93230857e-02 -5.41859418e-02  1.55326501e-01
  3.00478060e-02 -4.01210338e-02  1.37337536e-01  1.75054252e-01
  5.63878901e-02 -1.44649476e-01 -3.79188322e-02  5.19494563e-02
  1.84362024e-01  7.58141503e-02 -1.25703022e-01  2.34066620e-01
 -2.01701969e-01 -8.37044641e-02 -2.09341377e-01 -3.18849906e-02
 -7.88302496e-02  5.67708798e-02  3.44871357e-02  1.92924976e-01
  1.12624593e-01 -3.88246924e-02  1.19484276e-01  2.93446891e-03
  1.02180064e-01  1.85502674e-02 -1.10149262e-02 -7.90992081e-02
  1.04546905e-01  7.85433203e-02  6.11706264e-02 -8.34686309e-02
  4.97053489e-02  1.12391733e-01 -4.61816750e-02 -1.54694572e-01
 -7.05997646e-02  4.07418469e-04  7.42349699e-02  6.04894124e-02
  9.47730020e-02  9.92106944e-02  8.82934779e-02 -9.00477394e-02
  1.52616367e-01 -9.39241126e-02 -5.36544323e-02  1.00689866e-01
 -1.13434851e-01  5.18139191e-02 -6.93181083e-02  1.89140007e-01
 -9.90885645e-02 -1.46826819e-01 -9.57681611e-02  5.55719323e-02
  1.07948154e-01  4.24077585e-02 -7.10204840e-02 -1.25444187e-02
 -3.56734805e-02  8.45576227e-02  2.44554114e-02 -2.77647320e-02
 -2.62802839e-03 -7.25335181e-02  4.99128215e-02 -5.07986285e-02]