http://erau.edu/ontology/meme.owl#SOHARDCOREMeme
[-1.22735882e-02 -5.34926765e-02  7.51826167e-02  3.00917905e-02
 -5.38930558e-02  1.22147620e-01  7.91629925e-02  8.64353403e-02
  3.53331789e-02 -4.18019034e-02  1.06428772e-01 -6.25806302e-02
 -3.55497152e-02 -6.70513138e-02 -1.22941762e-01  1.80469573e-01
 -1.55631145e-02  5.01812063e-02  2.72961315e-02  8.65770727e-02
 -6.19581947e-03 -6.65560439e-02  6.43711165e-02 -1.08740956e-01
  4.37913947e-02  1.58944223e-02  4.73239757e-02 -9.99920741e-02
  1.93494707e-01  2.34300047e-01  2.88187880e-02  1.48755163e-01
 -1.71995303e-03 -3.26366201e-02 -6.07217848e-02  1.67829737e-01
 -8.56392160e-02  1.81553718e-02 -4.88618799e-02 -1.46930322e-01
  1.51104257e-01  1.67770058e-01 -8.54305476e-02 -4.52539045e-03
  9.47012454e-02  1.36399642e-01  5.68569219e-03 -8.59671012e-02
 -2.03521382e-02  3.27378139e-02  9.75929126e-02 -7.58114532e-02
  7.14964839e-03 -1.38789058e-01 -1.95926383e-01 -9.69978645e-02
  1.04804300e-01 -9.77964997e-02  1.12132713e-01  4.18083370e-02
  1.02677075e-02 -5.32055795e-02  2.17539623e-01  7.87105635e-02
 -1.13092281e-01 -1.30757153e-01 -2.17752289e-02 -4.57371287e-02
 -8.23018253e-02 -3.08970451e-01 -1.95147872e-01  8.37440863e-02
  8.63200650e-02  3.40079032e-02  4.40529808e-02  1.53723449e-01
 -4.46191281e-02  1.21781789e-01  1.73698395e-01  1.49096712e-01
  1.62576661e-02 -1.35771399e-02 -1.56425238e-02 -1.55260265e-01
  1.36002868e-01 -1.78438369e-02 -5.81379533e-02  6.02306500e-02
  5.90411238e-02  3.71803902e-02 -4.11804579e-02 -2.10545987e-01
  1.47570848e-01 -1.80163667e-01 -8.08871761e-02  7.82973543e-02
  1.21108803e-03 -1.47027485e-02 -6.61871210e-02 -5.63739017e-02
  1.27067685e-01 -2.12906096e-02  3.67823124e-01 -1.87114343e-01
 -4.08846699e-02  3.04044760e-03  1.59432963e-01 -3.36365588e-02
 -2.32356153e-02 -1.76303774e-01  8.86064488e-03  6.43859059e-02
 -4.03311215e-02 -1.29224300e-01  1.52376756e-01  8.13087597e-02
 -3.32794130e-01 -1.79891139e-01  1.29821450e-01 -2.84867026e-02
 -1.79992288e-01 -4.68607992e-02 -6.10298626e-02  1.25630796e-01
  9.38522965e-02 -6.12794273e-02 -7.58496001e-02 -1.03870280e-01
 -6.55100048e-02 -7.74197727e-02 -3.37375402e-01 -1.10644527e-01
 -6.87239021e-02 -5.78648895e-02 -2.52968758e-01  1.03287525e-01
 -9.01639536e-02 -2.77060103e-02 -1.44613072e-01  5.84472790e-02
 -3.63040656e-01  5.28627075e-02  9.77421403e-02 -5.90706617e-02
  1.86265618e-01 -1.73667401e-01 -3.02105304e-02 -9.09220651e-02
 -9.73311141e-02  1.26713008e-01  5.70934527e-02 -1.09464526e-01
  5.68401366e-02  5.68918185e-03 -2.87020579e-02  9.02754813e-03
 -1.97490588e-01  1.19221583e-01  7.26388069e-03 -1.27237618e-01
 -2.49436386e-02 -1.69892967e-01  7.14838430e-02 -5.09614572e-02
 -2.44473115e-01 -6.64034262e-02 -7.67230615e-02  2.29366481e-01
 -3.94470006e-01  8.30168054e-02  8.93704444e-02  1.79144502e-01
  1.86229959e-01  9.61635411e-02 -5.00283428e-02 -4.52968143e-02
 -1.03823401e-01 -3.14071923e-02  4.84976806e-02 -9.34269950e-02
 -3.26903462e-02  1.23214029e-01  5.94431125e-02  7.00406209e-02
 -5.45864105e-02 -2.98008826e-02  1.71987012e-01  3.19762006e-02
  1.09015234e-01 -7.63033032e-02  1.66268200e-01 -1.52991470e-02
 -2.38231361e-01 -2.37264670e-02 -1.38345540e-01 -6.88829795e-02
 -6.12975918e-02  1.68406487e-01 -6.45790994e-02  1.03867976e-02
  2.65447535e-02 -2.92205270e-02 -1.26732858e-02 -9.99135897e-02
  4.13134135e-03 -2.62565255e-01 -3.07910275e-02 -1.28549382e-01
  7.45487288e-02  1.19441047e-01  1.03312716e-01  9.39657390e-02
 -2.78871637e-02 -2.84448848e-04  9.01674405e-02  3.30004543e-02
 -1.91897243e-01 -1.62443265e-01  2.47912943e-01 -1.33076427e-03
  1.70825765e-01  1.76595226e-01 -8.28404576e-02  2.44114995e-02
 -5.89001626e-02 -1.00025065e-01 -2.06136584e-01  9.20574367e-03
 -4.58235145e-02  5.33704944e-02  3.02161667e-02  1.42137095e-01
 -6.64227530e-02 -1.11233503e-01 -1.43389612e-01 -7.43524879e-02
 -1.09322421e-01 -6.01046160e-02 -1.89436562e-02 -6.32370412e-02
  5.78039922e-02 -6.35137185e-02  1.80022940e-02 -5.13588712e-02
 -1.40849844e-01 -1.17672361e-01 -1.51987240e-01  3.85932587e-02
 -9.90309194e-02  9.91269499e-02  9.30432752e-02  1.88898090e-02
  7.12488592e-02  1.56554163e-01  1.88488320e-01 -7.87096098e-02
 -1.06703371e-01 -7.82045722e-02 -1.94886532e-02  5.79726547e-02
 -1.35810629e-01 -5.73266745e-02 -2.52189878e-02 -1.34836808e-01
 -7.65138213e-03 -1.69963434e-01 -4.95482869e-02  4.82963808e-02
  1.31065667e-01 -1.70593560e-01  7.70735666e-02 -1.64097071e-01
 -1.47553772e-01  1.99578986e-01  1.39909938e-01 -1.22154109e-01
  9.03797075e-02 -7.00259581e-02  4.54476988e-03  6.46456257e-02
  1.15336552e-01  8.06555897e-02 -1.46044865e-01 -1.26046222e-02
 -1.79668501e-01  4.13871370e-02 -1.44885778e-01 -3.84422466e-02
 -6.05877042e-02 -8.72422233e-02  1.16725251e-01 -1.11666679e-01
 -9.29557209e-05 -3.61845866e-02  8.93063322e-02  1.08713731e-02
  3.26045044e-03  8.77900422e-02 -9.53869298e-02 -8.13469216e-02
 -2.25916103e-01  8.54076520e-02  1.43906306e-02  7.63464049e-02
  8.26369599e-02 -4.46985364e-02  1.57438457e-01 -3.84951779e-03
 -3.50643205e-03  1.43959910e-01  2.16319814e-01 -1.62688717e-01
 -7.72727001e-03  4.46473137e-02 -3.45927551e-02 -4.63486798e-02
  6.59800470e-02  6.57276884e-02 -6.74056858e-02 -2.73944829e-02
  5.67179136e-02 -1.21089354e-01  1.94902256e-01  8.82929191e-02
 -8.76027625e-03  1.25992633e-02 -1.14223249e-01 -2.39232425e-02
  5.09714112e-02 -8.32002461e-02 -1.32027240e-02  9.56473649e-02
  6.58371598e-02  5.12699364e-04 -6.84487494e-03 -1.93325773e-01
  1.15933314e-01  1.23736620e-01 -1.25039756e-01 -5.92703968e-02
 -9.95976180e-02  1.89711958e-01  7.98461214e-03  7.59710732e-04
 -1.83632851e-01 -3.38202491e-02  1.89613067e-02  1.24873824e-01
 -4.90318947e-02 -2.96487510e-02 -1.69891138e-02  1.93656281e-01
 -1.55532863e-02  9.99060422e-02 -6.25803992e-02  1.33545071e-01
 -5.20124696e-02  6.23449590e-03  1.70385003e-01 -4.95345006e-03
 -1.19162105e-01  1.15187772e-01  3.34094018e-02  5.85290194e-02
 -3.97835821e-02 -5.75696770e-03 -9.53234136e-02  8.44492167e-02
 -9.27323699e-02  1.39034288e-02  1.09217064e-02  4.87393178e-02
 -2.30563700e-01 -3.10969092e-02  8.61928910e-02 -3.35431956e-02
 -9.64690223e-02 -2.15458181e-02 -7.95288906e-02 -4.37884443e-02
  1.40169784e-01  1.55991182e-01 -4.29145359e-02 -4.76374067e-02
  9.62840915e-02 -1.85483061e-02 -2.89957151e-02  1.76398419e-02
  6.89532701e-03 -5.55200502e-02 -1.24244213e-01  7.76340887e-02
  2.53706574e-02  4.97544706e-02 -3.16537134e-02 -1.66462705e-01
 -2.89246440e-04  3.85320783e-02 -6.58223107e-02  5.56912879e-03
 -4.57174405e-02 -1.24182373e-01 -1.02504782e-01 -1.74395099e-01
 -1.93923134e-02  4.54783913e-05  4.29671584e-03  9.23655555e-02
  1.34842142e-01  1.59952432e-01  8.94435421e-02 -1.99675694e-01
 -1.42681360e-01 -5.41380122e-02 -2.81438045e-02  1.66742131e-01
 -7.18200654e-02 -4.92258668e-02 -3.32264565e-02  1.02614634e-01
  7.44025968e-03 -4.03250232e-02 -6.18270710e-02  1.29399495e-02
  2.89565790e-02 -6.63928613e-02  2.56337095e-02  1.11850351e-01
  1.01845592e-01  2.17800215e-02 -3.02729830e-02  1.25600100e-01
  1.15990311e-01 -1.33261919e-01  2.12658331e-01  1.05324015e-01
 -4.71784882e-02 -3.73798385e-02  2.15343069e-02  1.27162978e-01
  1.06254153e-01 -3.06148864e-02 -7.31444657e-02  2.32721955e-01
 -2.12666214e-01 -6.66053593e-02 -1.17228962e-01 -1.45065561e-01
 -7.90492073e-02  1.67929605e-01  3.87910269e-02  1.84641838e-01
  1.56305879e-01 -1.94745064e-02  2.57002711e-01 -9.46779996e-02
  1.50318071e-01  7.78902462e-03  8.54734518e-03 -4.03945334e-02
  2.08704516e-01  9.29121953e-03  1.50683429e-02 -8.75453427e-02
 -4.87030484e-02  7.80031011e-02 -1.56221464e-02 -2.94347312e-02
 -8.28928500e-02  3.83680053e-02  7.64333680e-02  9.76592861e-03
  1.96548626e-01  2.06106156e-02  2.97444854e-02  2.61510890e-02
  6.02203608e-02  3.37206945e-03  5.46563193e-02  7.30523616e-02
 -1.31521940e-01  6.50775135e-02 -6.29060417e-02  2.46145636e-01
  2.83108987e-02 -1.14968315e-01  1.27447635e-01 -6.14520274e-02
  7.80725153e-03  3.24614942e-02 -1.09693952e-01  2.30620522e-02
  8.98490548e-02  1.02254696e-01  1.71560049e-02  9.23253875e-03
 -1.82967470e-03  4.45654131e-02  8.40238705e-02 -3.16657200e-02]