http://erau.edu/ontology/meme.owl#SendNudesMeme
[-4.96030133e-03 -1.33587778e-01 -4.97304909e-02  3.15794684e-02
 -4.28375293e-04  7.13988468e-02  1.36394978e-01  1.40928626e-01
  1.33129703e-02 -3.49454582e-02  1.32802948e-02 -1.84184045e-01
 -9.21719745e-02 -1.10321127e-01 -7.49230161e-02  3.18798944e-02
  3.53761599e-03 -2.31387985e-05 -2.99133807e-02  7.20877200e-02
 -1.89875707e-01  1.62823513e-01  2.72427611e-02 -1.76666200e-01
  2.00796798e-01  9.02410131e-03  7.70431012e-02 -8.02885741e-02
  2.58509845e-01  1.77743450e-01  5.61896451e-02  1.17903292e-01
  8.97445530e-02  1.55032426e-02 -1.42190121e-02  1.12571545e-01
 -2.75103305e-03  9.48952660e-02 -3.62979025e-02 -1.02846853e-01
 -1.15322908e-02  3.69472466e-02 -1.25986502e-01  3.90114114e-02
  9.74006504e-02 -2.22209040e-02  1.27305500e-02 -1.34000078e-01
  5.31923659e-02  4.17562202e-02  6.42365217e-02  3.85228358e-02
 -4.61422130e-02 -1.67804673e-01 -7.56739229e-02 -2.73453854e-02
  4.48298529e-02  4.05710861e-02  9.36406329e-02 -1.66207980e-02
 -4.71540913e-02  1.55986138e-02 -2.00841147e-02  3.15650143e-02
 -1.22052640e-01 -1.19218737e-01  2.06416007e-02  2.35800333e-02
 -6.96903616e-02 -7.72184581e-02 -1.25967547e-01 -8.26424826e-03
  8.77002850e-02  2.01054942e-02 -2.86920532e-03  4.96321321e-02
 -1.69983223e-01  2.59274244e-02  3.99827510e-02 -5.25486236e-03
 -4.13097115e-03 -1.16547078e-01 -4.04753760e-02 -5.94667345e-02
  5.13928868e-02 -4.66757044e-02 -1.29742712e-01 -2.57764757e-02
 -1.29549520e-03  1.36174355e-02  9.01422054e-02 -1.30512163e-01
  1.44008026e-01  4.92956936e-02  1.22846514e-02 -1.08372699e-03
  7.91404247e-02  4.04335186e-02  9.46974605e-02 -1.47320017e-01
  7.95228556e-02  3.75296660e-02  1.66349411e-01  1.04763946e-02
  8.54055360e-02  4.49458510e-02  7.34658316e-02 -4.80869226e-02
 -9.41986218e-03  2.08686702e-02 -6.52565109e-03  4.48345067e-03
 -1.31933600e-01 -1.61890835e-01  1.83866937e-02 -2.64899898e-02
 -2.21599624e-01 -8.44115242e-02 -7.63360634e-02  5.48705272e-02
 -4.41946611e-02 -8.86006653e-03 -9.86795500e-02  6.26352206e-02
  1.50737241e-01 -1.56441107e-01 -5.37277339e-03  5.96243888e-03
  8.05127546e-02  3.70743722e-02 -1.54524788e-01 -7.31826155e-03
  9.88003239e-02 -1.39624998e-01 -1.13314167e-01 -1.03456725e-04
  5.27333096e-02 -5.70025556e-02 -2.01664180e-01  9.91382003e-02
 -2.06707224e-01  7.95335323e-02 -3.56053710e-02  9.57683660e-03
  1.45838305e-01 -2.13887855e-01  8.47972855e-02 -4.97205369e-02
  6.31231582e-04  1.57876402e-01  2.76074652e-02 -1.96157321e-02
 -1.65137779e-02  6.87594414e-02 -1.33572146e-03  6.93837032e-02
 -1.05245747e-01  1.62366584e-01 -4.31912858e-03 -7.40766153e-02
 -7.77008059e-03 -4.45494428e-03  4.31894436e-02 -4.67636287e-02
 -6.65729940e-02 -3.64088453e-02 -3.54975536e-02  5.67450970e-02
 -2.97479987e-01  1.93400532e-01  1.10145971e-01  1.78801939e-01
  1.14058450e-01  1.60919234e-01 -5.96476533e-02 -1.41786709e-01
  2.94921268e-02 -7.44915754e-03  1.02849118e-01 -3.80790536e-03
 -7.42800534e-02  1.03200920e-01 -2.01222710e-02  3.70372720e-02
  4.75885794e-02  2.14176383e-02  1.10143580e-01 -4.76898998e-02
  1.66205496e-01  5.61143458e-02  6.17745146e-02  1.00045241e-01
 -2.10372180e-01 -3.93813476e-02 -6.68468792e-03  5.21542020e-02
  3.79780866e-02  8.65029246e-02  6.92190304e-02 -4.82204966e-02
 -4.32120673e-02 -3.90407033e-02  8.80779922e-02 -1.10204391e-01
 -1.44144014e-01 -1.30404279e-01 -2.26620492e-02 -1.97756179e-02
 -1.39082978e-02  8.08798447e-02  1.71671733e-01  4.33609448e-02
 -1.48249697e-02 -1.15029886e-01  6.28007203e-02  4.53887507e-03
 -1.71839699e-01  2.10047271e-02  9.19527188e-02  5.07082343e-02
  1.27735630e-01  1.68010462e-02 -1.11005060e-01  4.84095439e-02
  1.28142200e-02 -1.22861480e-02 -1.20263390e-01  2.01223847e-02
 -5.88424541e-02  9.62202623e-02  1.88786611e-01  7.66470134e-02
 -7.19549656e-02 -7.83652663e-02 -2.66078450e-02  2.73741651e-02
  3.64774372e-03 -1.00806966e-01  4.31247614e-02 -1.09638020e-01
 -1.60338096e-02 -1.31666306e-02  8.06775913e-02 -6.65284991e-02
 -1.75926030e-01 -4.58209440e-02 -1.75710976e-01 -6.94973990e-02
 -1.66862141e-02 -5.13721742e-02  1.87303871e-02  6.94607422e-02
  4.59234081e-02  1.60299093e-02  1.41815588e-01  2.88997591e-03
 -4.39697690e-02  3.77150849e-02  8.89040530e-03  8.02759752e-02
  1.76749881e-02 -9.01445821e-02 -2.57202461e-02 -9.77800637e-02
 -1.13384590e-01 -1.78595513e-01 -7.83886984e-02 -1.13073289e-02
  4.12654877e-02 -5.38304150e-02 -1.32556155e-01 -7.42196143e-02
  3.20745744e-02  1.16102375e-01  3.38974856e-02  5.82100227e-02
  6.35913014e-02 -2.80661602e-03  9.58357751e-03  1.05935731e-03
  1.43414930e-01  6.45721927e-02  4.83838804e-02 -3.82906497e-02
 -1.61071569e-01  4.42338511e-02  1.70555525e-02 -5.37093403e-03
  1.23790000e-02 -1.64943263e-02  4.75194678e-02 -4.10938710e-02
  1.85504854e-02  5.13875894e-02  1.24437157e-02 -6.57505356e-03
  1.11506626e-01 -4.31087352e-02 -1.04309991e-01 -1.12044796e-01
 -2.25446656e-01  3.36585678e-02 -5.70473075e-02  1.25400841e-01
  3.67741771e-02  1.91861410e-02 -3.57346283e-03 -6.37744665e-02
  1.46496911e-02  5.24206758e-02  1.95888460e-01 -2.09567440e-03
 -3.16383168e-02  1.02139920e-01  3.88997495e-02  1.04115382e-01
 -4.52770554e-02  2.96657961e-02  6.90837279e-02 -1.06274270e-01
  1.55253828e-01 -1.34579033e-01  1.37052000e-01  1.24614693e-01
  1.54351853e-02  5.62460087e-02 -2.55143866e-02  2.12190896e-02
  3.56565975e-02  7.08925873e-02  3.36367637e-02 -3.65104377e-02
  3.64746340e-02 -1.22866556e-01 -1.13422677e-01 -1.89071998e-01
  1.17229164e-01  1.45221185e-02 -6.28949478e-02 -5.46050631e-03
 -3.21054049e-02  8.12809095e-02 -1.26963127e-02  9.56188515e-03
 -5.40327616e-02 -1.14047535e-01  3.32627620e-04  2.01676358e-02
 -8.67749453e-02 -5.66133037e-02 -7.78820962e-02 -3.33489664e-02
 -1.20804906e-01  2.18890399e-01 -1.13643937e-01  1.24637708e-01
 -3.17755118e-02 -9.12744403e-02  2.35344440e-01 -9.16102305e-02
 -9.52416733e-02  3.01734898e-02 -6.52717501e-02 -1.87129118e-02
 -1.06953032e-01  6.58946782e-02 -8.94140825e-02  8.88713971e-02
  8.27391818e-03  3.05774733e-02 -1.52079761e-02 -5.60655668e-02
 -2.04555571e-01  1.46406069e-01  3.02104801e-02 -6.85610175e-02
 -3.70133184e-02  4.33266088e-02 -1.36744589e-01 -4.41216156e-02
  4.00505699e-02  8.64105746e-02 -1.01634316e-01 -1.62588626e-01
  4.81443331e-02 -4.99374010e-02 -9.63663831e-02  1.06293090e-01
 -1.01072431e-01 -1.76768675e-01 -6.96003214e-02  3.86273488e-02
 -6.51306883e-02  2.51929283e-01 -7.58330449e-02 -1.75160185e-01
  1.87753011e-02  2.35931389e-02  2.11275771e-01 -8.74487907e-02
 -2.26810239e-02 -1.03002124e-01  7.68177211e-03 -2.08389968e-01
 -1.50034809e-02  8.44728723e-02 -4.04072739e-02  2.72574186e-01
  6.35116920e-02  4.71729599e-02  2.40981504e-02 -1.36267394e-01
 -1.34069175e-01  4.01903614e-02 -4.83031236e-02 -3.21434252e-02
 -1.23160057e-01 -2.04096004e-01 -3.17016318e-02  1.26907066e-01
  9.79467481e-02  3.81260403e-02 -2.33012080e-01  1.36977971e-01
 -7.05900192e-02 -1.36404276e-01  9.48891276e-04  2.16974050e-01
  1.33673161e-01 -3.98564823e-02 -3.87073420e-02  2.14436218e-01
 -1.40507799e-02 -2.25049168e-01  9.87235755e-02  1.47427008e-01
  2.42379364e-02  2.48169899e-02  1.05904460e-01  3.72661166e-02
  9.91704687e-02 -2.04549544e-02 -9.13055167e-02  3.22070360e-01
 -1.51965365e-01  1.78406127e-02 -1.79552957e-01 -5.96808791e-02
 -3.67590822e-02  1.38081267e-01  1.03919841e-01  7.40174651e-02
  5.64334840e-02 -4.98122099e-05  8.90698507e-02 -5.43911383e-02
  1.09295100e-01  9.46659669e-02  1.80781499e-01 -7.65422955e-02
  1.77735928e-02  1.90893590e-01  1.36588380e-01 -6.25588596e-02
 -1.62902642e-02  9.05176178e-02 -1.02406800e-01 -7.46344822e-03
 -5.31176291e-02  6.37533069e-02  1.57075614e-01 -3.27220075e-02
  2.01431200e-01  1.33798718e-01  4.29487824e-02 -1.21632382e-01
  1.17716826e-01 -1.31671846e-01 -1.14038631e-01  5.21348119e-02
 -1.25447232e-02 -5.80848865e-02 -1.12738997e-01  1.19881652e-01
 -9.07804891e-02 -2.01672629e-01 -1.19921312e-01 -3.31403390e-02
  9.89198759e-02  1.04341939e-01 -1.02886222e-01 -3.54683585e-02
 -2.83659482e-03 -7.43220299e-02  1.21295273e-01 -8.56669247e-02
 -1.25841781e-01 -2.00762469e-02 -9.06012952e-02  4.02758047e-02]