http://erau.edu/ontology/meme.owl#SnopesMeme
[-1.00227877e-01 -1.65072396e-01  2.15491503e-01 -5.08363508e-02
  5.43660391e-03 -1.56671759e-02 -2.32856069e-02  8.39737244e-03
  1.48733109e-01 -1.00521177e-01  1.55525744e-01 -8.61609876e-02
 -2.75570974e-02 -6.52298853e-02  1.29562020e-01  3.04809678e-02
  6.12173639e-02 -3.05756042e-03 -2.34617796e-02  2.09780142e-01
  1.01206981e-01  1.79652333e-01  3.29755515e-01  5.63937575e-02
  1.05884902e-01 -9.03044455e-03  8.53832439e-02  9.40040648e-02
  3.90271395e-01  1.66413262e-02 -4.13512103e-02  5.00100292e-02
  2.72588176e-03 -1.29104704e-01 -1.70510918e-01  7.81390890e-02
 -2.22795263e-01  6.84550852e-02  1.41930822e-02 -1.70256481e-01
 -8.13330617e-03  7.51430988e-02 -1.74690858e-01  1.10138822e-02
 -2.94614248e-02 -2.72563286e-02 -1.78078618e-02  6.30024374e-02
 -2.31201481e-02  4.80862185e-02 -8.85543674e-02 -2.26741686e-01
 -9.04050544e-02  9.59172919e-02 -1.51619548e-02 -8.25206712e-02
  1.04405694e-01 -4.98606376e-02  1.50500745e-01 -3.26699875e-02
  6.77905157e-02 -3.99742089e-02  1.53900921e-01  2.86618173e-01
 -7.80016407e-02  4.28611711e-02  1.07353941e-01 -7.28635443e-03
 -4.53885198e-02 -3.87475453e-02 -8.47824216e-02  1.10128812e-01
 -1.25257760e-01  2.69535892e-02  3.12233996e-02 -1.19463995e-01
 -1.15733154e-01  1.96744233e-01  8.23451653e-02 -1.78472828e-02
 -2.17760235e-01  1.04931846e-01  2.53958814e-02 -1.04914583e-01
  9.32528973e-02 -1.06933989e-01  1.72745362e-01  8.07774812e-02
  2.40680113e-01  3.66937220e-02 -1.44401804e-01 -1.37922376e-01
 -6.40158430e-02 -1.84166104e-01  8.56427401e-02  8.14828128e-02
 -1.08693009e-02 -1.39958799e-01  3.28495204e-02 -5.55156618e-02
  9.97585505e-02 -3.79716568e-02  2.58732080e-01 -9.78374556e-02
 -1.26248866e-01 -1.93858072e-01  1.87848628e-01 -1.00937271e-02
  1.48459479e-01 -1.77172750e-01 -2.60975063e-01  1.39980689e-01
 -1.22570574e-01 -3.75155639e-03 -5.67328371e-02  9.87172350e-02
 -2.63642341e-01 -1.28637210e-01 -1.05758183e-01 -1.16195809e-02
 -1.50716743e-02 -2.22972944e-01 -1.89419597e-01  3.56108658e-02
 -6.98116869e-02 -6.56187385e-02 -2.07171649e-01  1.01455197e-01
  1.08554848e-01  1.82872694e-02 -1.22548625e-01  8.42120964e-03
 -1.61968887e-01  1.15273632e-01 -1.05420537e-01  2.07486019e-01
 -7.48630613e-02  1.80404410e-02 -1.82557568e-01 -3.87455523e-02
  2.55978834e-02  2.04408631e-01  8.38304311e-02 -1.72990430e-02
  5.65902293e-02 -3.63106221e-01  1.20996594e-01  2.94262543e-02
  1.23208389e-02  9.66411531e-02 -8.47202316e-02 -1.97635725e-01
 -1.20670505e-01 -5.52907139e-02  1.21224239e-01 -2.52106283e-02
  2.90605221e-02  1.33470222e-01 -1.11321993e-02 -2.67470449e-01
  2.88556572e-02 -1.45662352e-01  1.73124764e-02  4.92192358e-02
 -1.36805966e-01 -1.94383562e-01 -8.61046836e-03  8.86404142e-02
 -2.08789274e-01  1.11694276e-01 -3.79014798e-02  2.92368531e-02
  6.89786822e-02  9.09423754e-02 -3.06885727e-02  1.37982249e-01
 -2.22954521e-04  2.40601860e-02  3.47661488e-02 -1.38111606e-01
 -6.95835203e-02  2.34302320e-02  1.32938921e-01  2.35794678e-01
 -3.14818501e-01 -3.57767344e-02  6.98262379e-02  6.33476079e-02
  8.34289845e-03 -1.96497422e-02 -1.44446075e-01 -1.15634590e-01
 -1.05020814e-01  1.55916587e-02 -1.54219583e-01 -4.84267697e-02
  4.33711298e-02 -4.33679149e-02 -1.88694835e-01 -8.77767429e-02
 -7.79656842e-02 -1.83594704e-01 -7.98967406e-02 -1.17254425e-02
 -2.66741868e-02 -2.72665113e-01 -3.53189670e-02  9.43230763e-02
  1.44161209e-01  1.97298706e-01  2.53531128e-01  1.04280382e-01
  1.57629117e-01 -1.27349451e-01 -6.12750538e-02  1.69677317e-01
 -1.00348303e-02 -5.50403297e-02  2.71557719e-01  1.05902106e-01
  1.44974872e-01  1.32216632e-01 -2.04741973e-02  4.66246866e-02
 -1.81015030e-01 -5.80478832e-02 -1.10260986e-01 -1.68800220e-01
 -2.58135349e-01 -2.37232298e-02 -2.94827186e-02  1.05448551e-01
 -7.20276237e-02 -1.76142871e-01 -4.44428287e-02 -7.87153170e-02
 -1.95992336e-01 -9.33322906e-02  1.10465772e-01 -2.93756872e-02
  3.48750725e-02 -8.34432468e-02  1.23685159e-01 -6.06525503e-02
 -5.23636162e-01 -5.95213585e-02 -2.75581181e-01  9.84534621e-02
 -2.79775977e-01 -2.25611385e-02  2.88933236e-02 -7.74628371e-02
  8.29531401e-02  1.65004358e-01  3.06373298e-01  9.90452617e-03
 -3.44987392e-01 -1.52221769e-01  1.04650021e-01 -1.09812416e-01
 -3.13940436e-01 -1.58383727e-01 -2.27694556e-01 -2.19144881e-01
 -4.75774743e-02 -9.59931612e-02 -8.13035220e-02  2.05401346e-01
  5.95886149e-02 -7.82402977e-03  4.35858220e-02 -1.37528718e-01
 -2.77109534e-01  1.70238242e-02  7.54226968e-02 -1.85218811e-01
  1.04691558e-01 -1.30156413e-01 -2.02123806e-01 -1.12386085e-01
 -5.24136312e-02  1.09811075e-01 -1.63850307e-01 -1.33691221e-01
 -1.59905717e-01 -2.15435028e-02 -2.06841320e-01  4.40999791e-02
 -1.18454717e-01 -2.58724272e-01 -8.30552652e-02 -7.60452216e-03
  4.66126986e-02  1.27517562e-02 -2.58825924e-02  8.32583010e-03
  1.37465462e-01  3.73197719e-02 -1.65170044e-01 -3.69915888e-02
 -5.69158606e-03  1.02073528e-01  4.84581813e-02  5.52503541e-02
  1.97067508e-03 -2.32557639e-01  2.45700777e-01 -2.72904299e-02
 -6.13839179e-02  7.26653934e-02  2.85628974e-01 -3.53111416e-01
  5.96225895e-02 -1.12889096e-01 -1.64904445e-01 -6.28456995e-02
 -2.57216860e-02  1.82540089e-01  1.03780322e-01 -3.15223336e-02
  2.08293591e-02 -1.86994627e-01  2.00459331e-01  1.31088749e-01
  1.48782223e-01 -7.25398678e-03 -8.20554346e-02 -7.74960369e-02
  3.04391891e-01  9.81768668e-02  2.13611111e-01 -4.13523801e-02
 -4.77352813e-02 -6.97881654e-02  1.69000104e-01 -2.81263053e-01
  7.01275393e-02  2.51408648e-02  1.01271100e-01  1.40791714e-01
  2.17436567e-01  6.99158087e-02 -4.29743044e-02  1.27664626e-01
 -1.70351475e-01  1.84147149e-01 -1.60664350e-01 -1.13922767e-02
  8.91834721e-02 -1.02452464e-01  1.15400136e-01 -1.92765161e-01
 -1.18037120e-01  2.01967657e-01 -1.82761729e-01 -2.87379371e-03
  1.96125239e-01  1.63412336e-02  8.26152861e-02 -2.17283443e-01
  5.26130088e-02  2.49049485e-01  9.89279523e-02 -1.12501137e-01
  7.40884617e-02  5.93822859e-02 -4.05542813e-02 -4.70231511e-02
 -2.25411784e-02 -2.78373007e-02 -1.30189553e-01 -1.78303480e-01
 -2.67813921e-01  1.53857008e-01  4.50036600e-02  1.26653895e-01
 -2.71900564e-01 -5.84961995e-02 -1.69026628e-01 -5.67597114e-02
  5.42249121e-02  1.77538112e-01 -1.08292282e-01 -1.27650633e-01
  9.39665437e-02 -2.28982374e-01 -1.59042642e-01 -7.41277263e-02
 -2.06625331e-02 -3.01473252e-02 -2.78671216e-02 -1.48631502e-02
  4.44515003e-03  1.97529614e-01 -2.32891575e-01 -4.48756628e-02
  1.16820328e-01 -5.64673059e-02  2.00798020e-01 -1.00483119e-01
 -2.12311074e-02  5.66418357e-02  7.23015666e-02 -7.26265535e-02
 -8.75478908e-02 -1.62030563e-01  9.69793946e-02  4.22611423e-02
  2.74328321e-01 -1.38645262e-01  2.18146980e-01 -7.76071995e-02
 -2.07036436e-01 -2.04386309e-01 -1.87162295e-01  1.59078091e-01
 -3.63049746e-01  1.13266120e-02  5.75669073e-02  1.14775850e-02
  3.22003931e-01  6.32321313e-02 -2.43635803e-01  5.67749217e-02
  1.90811992e-01 -6.09148368e-02 -2.33797401e-01 -1.59008637e-01
  2.33503610e-01  7.85891258e-04  6.93884566e-02  3.40262294e-01
  2.26407275e-02  1.14903994e-01  2.73752213e-01  2.95538634e-01
  1.49658382e-01 -9.86417606e-02  7.41958171e-02  1.00182779e-01
 -5.77741936e-02  1.21071815e-01 -1.81297228e-01  3.56160372e-01
 -5.78105569e-01 -2.41013139e-01 -2.36480772e-01 -3.12525302e-01
 -2.62696221e-02  1.13905119e-02 -7.68259838e-02  4.04505908e-01
  2.75690436e-01 -9.49951187e-02  3.78219455e-01  3.75926942e-02
  8.72799009e-02 -6.48636930e-03 -3.57700549e-02 -5.72103970e-02
  1.83954850e-01 -9.98095348e-02  5.26858270e-02 -6.74362034e-02
 -1.34303629e-01  2.21663192e-01 -8.44108984e-02 -1.11504525e-01
  1.27920300e-01  8.34521502e-02  5.54875545e-02 -1.98210552e-02
  1.21574169e-02  1.91203222e-01 -8.64459947e-02  2.00711712e-02
  2.28146493e-01 -2.00051829e-01 -8.72080177e-02  2.97314554e-01
 -2.40252465e-02  4.86726835e-02 -1.71496406e-01  3.27143580e-01
 -1.39868230e-01 -1.98354855e-01  1.59249678e-02  1.58491954e-01
  2.40321457e-02  1.11745233e-02 -9.44586918e-02  2.48062499e-02
  5.36689360e-04  6.84177154e-04 -1.36594689e-02  7.06576034e-02
 -1.27028320e-02 -1.27861261e-01  1.29205301e-01  1.78478464e-01]