http://erau.edu/ontology/meme.owl#PainisCupcakePenisCupcakeMeme
[ 1.14839546e-01 -2.28990868e-01 -3.30188535e-02 -9.79223475e-02
  1.29234836e-01  3.22621852e-01  2.02317625e-01  5.50627932e-02
 -2.64658123e-01 -3.37568820e-02 -7.55287930e-02 -1.45322427e-01
 -1.09044947e-01 -1.62097260e-01 -1.02918424e-01  5.42475730e-02
 -1.00999236e-01  3.81091945e-02 -6.46523982e-02  2.76650101e-01
 -1.90934062e-01 -5.25523163e-02  1.65850759e-01 -5.29326163e-02
  1.16471630e-02 -1.30753070e-01 -8.70546103e-02 -9.07087233e-03
  3.57519954e-01 -4.45896201e-02  2.26684436e-02  2.62324631e-01
  9.11496207e-02 -2.13308394e-01 -1.53849185e-01  1.51507378e-01
  1.14110172e-01  1.15399569e-01 -1.79558307e-01 -2.48251691e-01
  1.58758797e-02 -4.36119772e-02 -3.25285457e-02 -1.37269929e-01
  6.46780133e-02  2.75257267e-02  1.55040592e-01  1.12162180e-01
 -1.15192169e-02  1.47541389e-01  8.86913687e-02 -4.40540649e-02
  3.77694368e-02  9.23810005e-02 -1.66931570e-01 -2.14568991e-02
  1.45302832e-01 -2.32473463e-01  2.49910560e-02 -1.06327884e-01
  7.46132359e-02 -8.71910900e-02  5.23404963e-02 -1.19362362e-02
 -2.59778589e-01 -7.67235234e-02  7.08820224e-02 -1.22029409e-01
 -3.51565741e-02 -1.24230072e-01  1.05939753e-01  7.22742081e-02
 -4.32777330e-02  6.49441108e-02 -1.12983197e-01  1.46557555e-01
  6.74159750e-02  1.97422862e-01  8.01029801e-02  1.26047879e-01
 -1.12497784e-01 -1.39224097e-01  7.09105358e-02 -1.88478559e-01
  1.26278013e-01 -2.72413313e-01  5.66084730e-03 -8.91952068e-02
  1.41205996e-01 -1.28786474e-01 -2.19173804e-02 -1.94327027e-01
 -4.19346690e-02 -1.22515172e-01 -5.46116289e-03 -4.84051853e-02
 -4.43592891e-02 -9.65237319e-02  1.07319377e-01 -1.16019227e-01
  3.96395437e-02 -9.49933007e-02  2.57729441e-01  1.65535137e-02
 -2.45084297e-02  1.17971990e-02  4.63227034e-02 -5.21743670e-02
  2.84688979e-01  6.95832819e-03 -1.42405704e-01  1.82703480e-01
 -7.03451112e-02 -3.16155255e-02  1.44057378e-01  1.19300157e-01
 -9.26354825e-02 -1.17467195e-01  1.17676198e-01  4.44818996e-02
  6.36867434e-02 -1.04813455e-02 -3.03260475e-01 -1.08326502e-01
 -2.46224135e-01 -9.75474790e-02  2.15810612e-01  1.51003018e-01
 -4.00575288e-02 -4.26072404e-02 -1.98403418e-01 -9.97432023e-02
 -6.10684454e-02 -5.96641451e-02 -2.67269630e-02  7.48970062e-02
 -1.64665803e-01  6.26375452e-02 -9.22911614e-02  1.01356275e-01
 -1.24130495e-01  5.20585254e-02 -7.66714886e-02  3.56373414e-02
 -3.91931646e-02 -1.41913891e-01  8.75440314e-02  4.43922542e-02
  9.93545502e-02  1.85528114e-01 -8.58047381e-02 -9.97063220e-02
 -1.16481096e-01 -2.67267406e-01  1.17271747e-02 -4.71682288e-02
 -1.18706308e-01 -3.76424426e-03  2.22850982e-02 -2.19687268e-01
  7.63060227e-02 -1.90356210e-01 -9.72190313e-03 -1.25778735e-01
 -1.96550429e-01  6.91185445e-02 -2.16811784e-02  2.04878747e-01
 -2.42495283e-01  2.50689626e-01 -9.93079096e-02  1.18412212e-01
  2.86154181e-01  1.79429278e-01 -2.55652214e-03 -1.41234204e-01
  3.60808857e-02 -4.67574149e-02  1.19360937e-02 -1.61564518e-02
 -9.39062238e-02 -2.38484107e-02  2.17368826e-01  8.95982087e-02
 -3.28166902e-01 -3.27748843e-02 -7.63845891e-02  7.36519918e-02
  7.42532015e-02 -7.77304396e-02 -2.73016077e-02  2.41367534e-01
 -1.92260981e-01  2.33962294e-03 -2.48867616e-01  3.21887992e-02
  2.05271631e-01  3.41650826e-04 -1.21573329e-01 -1.53823987e-01
  1.34003423e-02  1.71466559e-01  1.48104653e-01  1.52711481e-01
 -2.25620300e-01 -3.08759511e-01  4.72397245e-02 -1.82758104e-02
  1.92096800e-01  1.20318681e-01  1.97195366e-01  1.35024011e-01
  2.01624796e-01 -1.95514053e-01  7.52216950e-02  1.70021683e-01
 -3.56466025e-02 -4.42473367e-02  3.67442399e-01  1.29673049e-01
  3.44132870e-01  2.07323641e-01  4.03841911e-03  1.78451657e-01
  7.46946856e-02 -1.12445869e-01 -3.30359712e-02 -1.79162666e-01
 -2.25728936e-02  8.65961537e-02  3.64110209e-02 -2.99102776e-02
 -7.99189061e-02 -1.68203741e-01  1.19974069e-01  1.84788421e-01
 -9.43637043e-02 -1.36037976e-01  2.10546121e-01  2.54651140e-02
 -4.99574142e-03  3.52730229e-02  3.29192020e-02 -6.22431412e-02
 -2.26009801e-01 -5.75320981e-02 -2.97818989e-01  2.05411702e-01
 -2.60376707e-02 -3.65739875e-02  9.93238464e-02  2.01931998e-01
 -5.62088527e-02  1.05098844e-01  1.92882657e-01  1.64787963e-01
 -1.67548656e-01 -9.54209194e-02  1.22243918e-01 -2.64884412e-01
  6.86499625e-02 -3.27470809e-01 -5.50101437e-02 -1.81993842e-01
 -3.15004475e-02 -2.51087785e-01 -2.56187469e-02  1.52009070e-01
  1.25281051e-01 -6.02520034e-02 -1.39807403e-01 -9.00680423e-02
  3.86880673e-02  2.35641181e-01  2.84191996e-01 -4.87587005e-02
  2.33233929e-01 -1.14945218e-01 -2.68278271e-01 -1.53570160e-01
  2.04279914e-01  7.47942403e-02 -5.08293770e-02 -1.06218055e-01
 -1.53427854e-01 -2.14478504e-02 -1.83113962e-01  2.61230115e-02
 -8.47863555e-02 -2.17059538e-01 -2.46068608e-04 -3.10368501e-02
 -4.56662513e-02  1.74788444e-03  7.99513683e-02  7.05348030e-02
  6.79503605e-02  7.58482218e-02  2.09340733e-02 -2.26743028e-01
 -4.56756800e-01  2.59110928e-02  9.32395905e-02  1.32907107e-01
 -3.39509174e-02  2.75588091e-02  1.89011648e-01 -8.27844217e-02
 -1.61942303e-01  1.75046429e-01  2.66084462e-01 -2.13253155e-01
  4.58267592e-02 -5.39774783e-02 -2.89383173e-01 -3.59363630e-02
  4.00388613e-03 -1.22729957e-01  1.69883952e-01 -5.18289618e-02
  7.19486475e-02 -2.97336847e-01  2.95465365e-02  1.88702136e-01
  5.22546805e-02  3.00162017e-01 -1.55102760e-01  1.04444541e-01
  7.89710283e-02  5.90936132e-02 -7.38798901e-02 -1.61141865e-02
  7.47575685e-02 -6.90141991e-02  1.90218180e-01 -2.80086726e-01
  1.18018866e-01  8.75277147e-02  4.62835133e-02 -8.14455450e-02
  1.42635509e-01 -2.56940331e-02  6.06741607e-02 -8.56118128e-02
  5.55098429e-02  1.07631214e-01 -1.22459792e-01 -2.34598935e-01
  1.82619393e-01 -8.62564519e-02  5.53091615e-02 -1.36223361e-01
 -1.81918621e-01  1.43401995e-01 -3.40741307e-01  4.55062576e-02
  7.75405094e-02 -1.01787642e-01  2.16852248e-01 -8.93313810e-03
 -1.68522149e-02  5.34719191e-02 -1.88337546e-02 -2.13880092e-01
  1.40242621e-01 -1.20508716e-01 -6.62204996e-02  6.54109493e-02
 -2.89094336e-02 -1.04382038e-01  2.88020484e-02 -2.32372180e-01
 -1.39407858e-01  1.73548326e-01  1.27795219e-01  1.64926097e-01
 -1.69120476e-01 -1.61366433e-01 -2.42261723e-01 -1.41325727e-01
 -3.81786488e-02  3.27118963e-01 -2.29957998e-01 -2.50640631e-01
  7.33665973e-02  1.11383848e-01 -2.53220022e-01  1.30017743e-01
 -1.12354428e-01 -1.20161302e-01  6.90758303e-02  1.19669437e-02
 -8.26357976e-02  3.99106711e-01 -2.06922725e-01 -1.16491191e-01
  9.10895541e-02 -8.91591087e-02  3.47678632e-01  1.64283868e-02
  1.27986252e-01 -2.76331127e-01  1.23962454e-01 -1.25753522e-01
 -1.20131172e-01 -5.05818911e-02 -2.86591761e-02  1.96087599e-01
  1.36109725e-01  6.24732822e-02  1.06611528e-01 -9.76584479e-02
 -1.30656198e-01 -6.24517165e-02 -1.20212018e-01  3.38761285e-02
 -5.34771709e-03 -2.93034576e-02  1.20215677e-02  5.18190823e-02
  1.15201116e-01  8.88272673e-02 -3.89300853e-01  5.33577166e-02
  9.30992365e-02 -8.21679309e-02 -1.82205036e-01  1.67325541e-01
  3.16198617e-01 -1.85460657e-01 -2.84981038e-02  2.99893320e-01
  2.02867109e-02  7.60498047e-02  3.63843471e-01  4.86931235e-01
  1.33841515e-01 -4.86612350e-01 -8.36652815e-02  1.16397075e-01
  1.85816780e-01 -9.21723712e-03 -2.16865137e-01  3.91383559e-01
 -3.38335127e-01 -1.48782492e-01 -2.85586089e-01 -1.94860771e-02
  7.15341270e-02  7.86273479e-02 -9.76117179e-02  3.43722522e-01
  4.33580756e-01 -1.56177863e-01  2.87363201e-01 -5.03875781e-04
  2.69979626e-01  3.24961059e-02 -7.35341161e-02 -1.41279966e-01
  5.58178239e-02  1.64354399e-01  1.50174638e-02  6.17739372e-02
  1.51563168e-01  8.92386213e-02 -6.69741184e-02 -2.67084986e-02
 -1.07658304e-01  8.03863406e-02  1.53773934e-01  4.60776314e-02
  1.59867778e-01  2.75480509e-01  8.58249739e-02  4.02951613e-03
  1.88803479e-01 -1.40902117e-01 -1.46258958e-02  1.47472203e-01
 -3.59972343e-02  1.60622716e-01 -3.17688584e-02  1.02751181e-01
  6.86724409e-02 -1.73908830e-01  3.91195863e-02 -6.26012832e-02
  1.51330814e-01  1.79119464e-02 -1.79504260e-01  5.37553355e-02
 -2.05578268e-01 -1.57337394e-02  1.35732323e-01 -9.87438858e-02
 -6.82674535e-03 -8.14357325e-02  2.09603366e-02 -2.45602448e-02]