http://erau.edu/ontology/meme.owl#SkeletorPeekabooMeme
[-8.22814405e-02 -1.46974877e-01  1.56348675e-01 -2.72506140e-02
 -4.89554293e-02  6.87341914e-02  1.96840897e-01 -4.05101366e-02
 -7.10086003e-02 -3.66635737e-04  2.01747879e-01 -1.15952455e-01
  2.31661707e-01  1.52688295e-01 -8.69448781e-02 -5.16783297e-02
  6.18827902e-03  1.89917222e-01 -8.96505713e-02 -8.39611217e-02
 -3.18987697e-01  1.16483718e-01  2.32433021e-01 -2.91877929e-02
  1.85785919e-01 -1.24011897e-01 -2.51575261e-02 -2.65682917e-02
  3.28260183e-01  1.81346580e-01 -7.31820939e-04  1.36301607e-01
  1.96898594e-01 -2.91860968e-01 -4.59013432e-02  2.47211888e-01
 -4.62951474e-02  7.32537359e-02 -8.91842097e-02 -1.48117840e-01
 -6.54956177e-02  1.82803527e-01 -2.89280981e-01 -7.72877932e-02
  1.08878657e-01  1.41041771e-01  6.88286722e-02 -6.75674453e-02
 -4.45818603e-02 -5.26730679e-02  8.47174600e-02  7.22423717e-02
  7.20607042e-02 -3.32615874e-03 -3.83319408e-01 -4.77705300e-02
  1.66783437e-01 -3.35356772e-01  1.79493800e-01  1.62931010e-01
  6.50337385e-03 -1.19356707e-01  3.18971217e-01  6.64660186e-02
 -1.13789372e-01 -1.32257670e-01  2.01177709e-02 -4.76585068e-02
 -1.40631437e-01 -1.27733752e-01  1.17582232e-02  1.05915599e-01
  1.46261230e-01  1.27042428e-01  1.18052870e-01  8.97920430e-02
 -1.34223804e-01 -2.73935888e-02  2.14771301e-01  1.04810320e-01
 -1.75933212e-01 -1.12932660e-01 -5.94769381e-02 -3.55951935e-01
  2.59622157e-01 -1.45687655e-01  6.00345396e-02  2.27637626e-02
  1.20924369e-01  1.10808145e-02 -7.27804154e-02 -1.91662073e-01
  6.20105751e-02 -5.58202602e-02 -2.90409952e-01  9.82057527e-02
  3.98145281e-02 -2.59612352e-01 -1.64942712e-01 -1.23741187e-01
  8.00954476e-02  4.49306294e-02  2.59331137e-01 -1.41736329e-01
 -1.63726479e-01  3.67985778e-02  2.00469106e-01 -3.25537026e-02
  1.59927029e-02 -1.31388649e-01 -4.13313508e-02 -4.93327901e-02
 -1.31561488e-01 -5.46048768e-02  1.28971681e-01 -3.38222608e-02
 -2.41938636e-01 -2.21541017e-01  1.35767058e-01 -6.62542079e-05
 -6.32143812e-03 -1.22435980e-01  2.05397457e-02  1.21481664e-01
  1.21945411e-01 -1.18698195e-01 -1.16324723e-02  2.48108935e-02
  1.62647873e-01 -5.59912398e-02 -3.22269201e-01 -3.54322940e-02
 -4.21774164e-02 -1.78875387e-01 -4.24074456e-02  5.99719100e-02
 -1.32107750e-01  3.89324222e-03 -1.45591959e-01  1.02773786e-01
 -2.09341213e-01  8.06982741e-02  1.43378377e-01  1.71292529e-01
  1.58561051e-01 -2.14469641e-01 -9.18055773e-02 -2.80272551e-02
 -5.56530319e-02  1.37853563e-01 -2.17413604e-02 -6.68793768e-02
 -6.20431118e-02 -6.38815463e-02 -1.33495882e-01  5.68795158e-03
 -1.54521257e-01  6.54044151e-02  1.34901226e-01 -4.72991168e-02
 -6.98937923e-02  5.21620773e-02 -7.58548826e-03 -3.23676020e-02
 -3.19770724e-01 -2.63855726e-01  4.85377349e-02  1.03266522e-01
 -3.48311782e-01  8.28029737e-02  8.24608132e-02  3.53504941e-02
  3.10770333e-01  2.11525992e-01  1.57923661e-02 -1.97536852e-02
 -3.85256186e-02  3.09266672e-02  1.03751600e-01  2.49784812e-02
 -1.78034678e-01  1.77545056e-01  1.26022488e-01 -7.11416900e-02
 -1.88375175e-01 -1.26190530e-02  1.10786639e-01  1.48262419e-02
  1.90922379e-01 -9.04978216e-02  1.32510737e-01  4.21061926e-02
 -1.24713644e-01 -5.07874414e-02 -1.28736079e-01 -6.41322583e-02
 -1.80776343e-01  9.56800133e-02 -1.93455338e-01  6.68278895e-03
 -9.60939676e-02 -2.26758365e-02 -1.08860180e-01  1.14688911e-02
  3.79309095e-02 -1.99667156e-01 -5.17902374e-02 -1.89362690e-01
  3.42849225e-01  1.36433467e-01 -4.58038272e-03  4.87848483e-02
 -5.88005818e-02 -1.07411154e-01  5.00424318e-02 -1.00972652e-01
  6.50127307e-02 -9.79264304e-02  1.01718165e-01  2.18342632e-01
  3.27344649e-02  3.46188724e-01 -8.35270882e-02  4.97886688e-02
  4.76458529e-03  7.01396447e-03 -1.21390857e-01  1.02109164e-02
  1.88177582e-02 -1.10070266e-01 -3.61113623e-02  4.56455722e-02
 -5.06204739e-02 -2.36089572e-01 -1.53430641e-01 -4.83416915e-02
 -1.22754909e-01 -7.15695545e-02 -3.95285413e-02 -1.74035698e-01
  4.34570014e-02 -4.84548658e-02 -7.29372129e-02 -1.31796673e-01
 -2.59982020e-01 -1.91806871e-02 -2.23518778e-02 -8.14302191e-02
 -6.89782873e-02  3.04388821e-01  1.74258709e-01  5.30318506e-02
  4.12169695e-02  2.79897451e-03  2.93194503e-01  1.47407046e-02
 -1.33026674e-01 -1.56155657e-02 -1.15513928e-01  8.28707814e-02
 -2.79481739e-01 -1.79221909e-02 -7.95981567e-03 -6.03571162e-02
 -9.84971821e-02 -1.52799055e-01  3.29092182e-02  8.76046419e-02
  7.96136111e-02 -1.71330020e-01 -1.15920693e-01 -8.44528675e-02
  5.64639978e-02  2.62669474e-02  8.92308280e-02 -1.34852290e-01
  1.77979060e-02  1.42290248e-02 -2.04749275e-02 -2.95437723e-02
  1.20261028e-01  1.71868950e-01 -1.30253151e-01 -1.85965180e-01
 -9.34271291e-02  9.38960835e-02 -1.31565034e-01 -8.98478851e-02
  8.08424726e-02  3.12017556e-02 -5.48474044e-02 -1.79683849e-01
  2.18910049e-03 -1.58399954e-01  6.58722669e-02 -2.31310595e-02
 -3.13779153e-02  7.53642619e-02 -2.15457007e-01 -1.54196665e-01
 -2.19864339e-01  1.14250854e-02  3.25419232e-02  1.06872302e-02
 -3.29632945e-02  4.69235331e-02  1.72826394e-01 -3.82195450e-02
 -3.79706584e-02 -4.03094701e-02  1.93146124e-01 -2.26773739e-01
 -4.99432720e-02  1.72245517e-01 -1.37052625e-01  3.58972028e-02
 -7.16789216e-02  1.00352429e-01  3.77947539e-02 -9.62459520e-02
  1.50148824e-01 -3.82584333e-02  2.48952508e-01  1.35101527e-01
 -7.85556063e-02  1.60942271e-01 -2.09870011e-01  7.43820146e-02
  2.81244010e-01  3.03280316e-02  1.07690491e-01 -2.50430796e-02
  1.07671507e-01 -3.07079908e-02  4.50596921e-02 -3.61312538e-01
  7.65478238e-02  5.53424358e-02 -2.20949249e-03  6.75931275e-02
 -4.37367819e-02  9.63283703e-02  3.19219381e-03 -2.84682941e-02
 -2.37645373e-01  7.03478381e-02 -1.39119819e-01  1.03531085e-01
  1.48020238e-01 -1.19212851e-01  2.84854453e-02  1.13655396e-01
 -2.13554442e-01  7.34094828e-02 -1.81262463e-01 -6.55259518e-03
  5.82317673e-02  6.39577955e-02  3.32939059e-01 -8.61690193e-02
 -6.06607199e-02  9.78368819e-02 -8.52667913e-03 -6.07283525e-02
 -1.86827704e-02 -1.63741693e-01 -2.08000377e-01  5.10090999e-02
 -1.57752112e-02 -6.65181130e-02  3.95398028e-02  1.67698190e-02
 -1.73828930e-01  1.17896929e-01  4.32865918e-02 -3.44474092e-02
 -1.34948015e-01  1.22155435e-01 -4.30077035e-03  1.10583209e-01
  3.19510475e-02  1.61027133e-01 -5.11487760e-02 -7.98341557e-02
 -4.97157359e-03 -1.35109752e-01 -9.23333392e-02  3.40130836e-01
 -9.84643623e-02 -1.91183701e-01 -1.62396312e-03  1.71279311e-01
 -3.98157984e-02  4.85112518e-01 -7.24387690e-02 -4.66246217e-01
  1.36491247e-02  5.91478571e-02  4.83926475e-01 -9.21587572e-02
 -1.48767391e-02 -1.85221881e-01  4.44396846e-02 -3.78773898e-01
 -1.78343356e-01  3.22192013e-02 -6.94146231e-02  2.78285474e-01
  9.62827727e-02 -2.87575517e-02  1.02702029e-01 -2.12024286e-01
 -2.84534216e-01 -9.75660011e-02  4.05606367e-02  2.59649277e-01
  1.04166695e-03  6.08907500e-03 -1.46294674e-02  2.02681303e-01
  3.56377847e-02 -6.80484921e-02 -3.82841416e-02 -1.61136642e-01
 -1.42644001e-02 -1.31083503e-01 -7.31149912e-02  8.34936798e-02
  1.64055347e-01 -9.29664020e-05  1.67120799e-01  1.96772188e-01
  9.33017507e-02 -1.59157798e-01  4.34199214e-01  2.14819863e-01
  1.41266689e-01 -8.33587795e-02  3.57595310e-02  9.76699684e-03
  2.87183136e-01  1.58739388e-01 -1.77032650e-02  3.22284818e-01
 -3.09122443e-01  7.17887059e-02 -2.23175779e-01 -2.16928929e-01
 -1.52434543e-01  8.72286111e-02 -8.43332335e-02  2.69400686e-01
  2.67561495e-01 -3.87236662e-02  3.49986821e-01  6.76849559e-02
  1.75062373e-01  1.49163520e-02  1.19143371e-02 -8.99253935e-02
  1.85782194e-01  1.89280555e-01  2.44480386e-01 -8.08410645e-02
 -1.39299020e-01  1.30882114e-02  3.01870480e-02 -1.58758178e-01
  1.40548218e-02  1.08924583e-01  7.57459924e-02  5.54220155e-02
  2.59377271e-01  2.62364205e-02  2.62029395e-02 -2.53439248e-01
  1.54836580e-01 -1.55482329e-02 -1.74762495e-02  2.98673481e-01
  1.78773310e-02  3.84098962e-02 -1.42771721e-01  3.62849921e-01
 -1.07339829e-01 -3.81506443e-01  4.84161526e-02 -1.96185708e-01
  1.80440351e-01  2.32404694e-02 -1.39160335e-01  7.49307945e-02
  4.25668396e-02  1.88538805e-01 -1.56135410e-01  1.77322924e-01
  8.04130659e-02  5.03652319e-02  1.38663441e-01  8.63719881e-02]