http://erau.edu/ontology/meme.owl#CharlieSheenMeme
[ 9.30238739e-02 -1.34104818e-01  8.89111683e-02  1.41711220e-01
 -1.16634667e-01 -1.48303143e-03  1.79307804e-01 -9.54000875e-02
  8.79727211e-03 -4.40921560e-02  1.93194583e-01  5.43395430e-02
 -4.73735258e-02  1.05683997e-01 -1.14903480e-01 -2.03266442e-01
  1.12483889e-01  2.95746833e-01  3.30395363e-02 -7.93434978e-02
 -2.29913935e-01  2.61969984e-01  1.32974267e-01 -1.21594518e-01
  1.88757688e-01 -8.37059412e-03  1.34875244e-02 -2.13789046e-01
  3.34781617e-01  1.69834301e-01  1.06974699e-01  1.03926256e-01
  2.19005927e-01 -2.20672274e-03 -3.82479914e-02  3.24353099e-01
  1.22936089e-02  7.83011988e-02 -1.61762208e-01 -1.24649502e-01
 -9.73847732e-02  2.24143922e-01 -3.31364483e-01  3.09094612e-04
  6.40010610e-02  5.00756130e-02  6.87450394e-02 -1.78254202e-01
 -1.10200867e-02 -2.62200050e-02  5.29710427e-02  6.33554161e-02
 -1.24346122e-01 -2.95086116e-01 -1.78903654e-01 -1.85072012e-02
  1.14102222e-01 -2.44560257e-01  1.63924262e-01  2.31812239e-01
 -1.75986085e-02 -9.68938097e-02  2.36208111e-01  5.63626476e-02
 -2.00169384e-01 -6.00136817e-02 -1.13877051e-01  1.34645268e-01
 -7.48061538e-02  3.45852450e-02 -6.25865012e-02  1.24710025e-02
  7.22379312e-02  7.52302149e-05  1.15692712e-01 -1.13355502e-01
 -1.44477874e-01 -8.93790498e-02  2.12823838e-01 -5.84569909e-02
 -2.88053174e-02 -1.72144249e-01 -1.07167773e-01 -1.59851894e-01
  8.74631852e-02  4.37909784e-03 -1.34561464e-01  4.15407382e-02
  9.61496755e-02  7.13454261e-02  2.21459498e-03 -2.03197926e-01
 -3.88895459e-02 -1.05223870e-02 -2.34578565e-01  4.11022156e-02
  5.32975420e-02 -2.23743096e-02  7.20468760e-02  9.91671160e-02
  1.05731599e-01  1.20704204e-01  1.82499915e-01 -1.84475612e-02
  6.02703132e-02  1.06884249e-01 -3.69673409e-02 -3.94917987e-02
 -1.04370385e-01 -1.37539685e-01 -1.39593540e-04 -9.01321620e-02
  1.40283331e-01 -9.48489606e-02  1.41144380e-01 -1.31173596e-01
 -9.72315967e-02 -5.56188673e-02  5.22424988e-02 -2.16988754e-03
 -6.53463528e-02 -7.71126524e-03  1.92193140e-03  1.28275841e-01
  1.54789701e-01  8.16567987e-02 -1.05355509e-01  5.96034378e-02
  1.91898167e-01 -4.07445841e-02 -2.90065110e-01 -1.71382558e-02
 -1.04626305e-01 -1.56482533e-01 -2.56102309e-02  2.18663990e-01
  7.78350085e-02 -7.72738680e-02 -3.12865749e-02  6.25037625e-02
 -1.91613838e-01 -3.57234094e-04  1.72961101e-01  6.98187808e-03
  2.53538936e-01 -1.65784106e-01 -1.96167026e-02 -1.30668590e-02
  6.66983128e-02  6.00675270e-02  8.61914009e-02 -1.30456999e-01
  2.27677152e-02  3.39777693e-02  1.89567991e-02  1.40627578e-01
 -1.78854376e-01  2.46878013e-01  6.64519593e-02 -1.50089273e-02
 -2.32254434e-02  2.41769366e-02  2.34889463e-02  1.80810392e-01
 -3.25848609e-01 -1.00566797e-01  7.39042123e-04  2.82496959e-01
 -1.52099445e-01  6.31713569e-02  5.70642650e-02  4.56471667e-02
  2.28266716e-01  1.94807202e-01 -5.33600710e-03 -2.82141902e-02
  7.32068047e-02 -1.85619593e-02  2.18868881e-01 -1.26988858e-01
 -1.82591379e-01 -1.35562509e-01  8.44130293e-02 -3.50171626e-02
  1.36287734e-01 -2.96101272e-02  1.13467865e-01  1.09137997e-01
  1.87147558e-01 -1.23393521e-01  3.51935104e-02 -1.12697981e-01
 -2.63991673e-02 -7.44343475e-02  2.51947585e-02 -1.43275663e-01
  5.99029660e-02  1.30605325e-01  1.29188061e-01  3.28955352e-02
  6.54516742e-02 -8.13242570e-02  6.21302985e-02  9.89666767e-03
 -3.00498791e-02 -1.68803230e-01  9.80807543e-02 -7.45309144e-02
  2.21987948e-01  1.55331939e-01  1.25706077e-01  7.80078173e-02
 -1.14278935e-01  3.85648049e-02  1.27155393e-01 -1.58616424e-01
 -6.78166142e-03  2.08065324e-02  3.20424810e-02  1.64129362e-01
 -3.94392908e-02  2.04266250e-01 -1.85821846e-01  1.10602915e-01
  1.02883302e-01  6.24581575e-02 -7.34569430e-02  1.34315193e-01
 -1.85246721e-01 -7.08037987e-02 -6.18428476e-02 -1.46862999e-01
 -1.84062079e-01 -1.32208824e-01 -1.56518191e-01 -3.82241979e-02
  8.03341158e-03 -1.66461229e-01  6.10302389e-02 -1.51171401e-01
 -9.59776267e-02 -2.61576548e-02  3.07746753e-02  9.59757641e-02
 -2.64270842e-01 -4.85198200e-02 -6.49313182e-02  7.34016970e-02
 -8.42719823e-02  1.32469296e-01  1.03913464e-01 -7.17876777e-02
  1.61732212e-01 -1.51597157e-01  3.05918038e-01 -3.33504193e-02
 -1.03781454e-01  2.05150306e-01 -7.76993781e-02  1.94389299e-01
 -2.07620412e-01  4.45935838e-02 -1.07727461e-01 -1.41993314e-01
 -2.22801976e-02 -8.45132694e-02  5.69810160e-02 -1.17287546e-01
 -2.30105896e-03 -1.84202984e-01 -1.79968014e-01 -2.09026411e-01
  4.85215597e-02 -1.18214451e-01  6.43785372e-02 -1.31436773e-02
  5.97716011e-02  1.81354925e-01  1.67425185e-01 -4.17154357e-02
  1.39064759e-01  2.49938406e-02 -2.76752356e-02 -5.22577390e-02
 -1.45938411e-01  8.87000263e-02 -1.96349859e-01 -7.45582879e-02
 -1.40966594e-01 -1.50922993e-02  2.24788576e-01 -6.88462779e-02
  5.25482893e-02 -1.63527995e-01  1.61977839e-02 -7.52300918e-02
  3.06595296e-01 -8.05033222e-02 -3.57321471e-01 -1.64248526e-01
 -1.35802224e-01  7.70686939e-02 -4.30807136e-02  1.29295483e-01
 -6.18700795e-02  3.73960286e-03  1.25761807e-01 -1.26145914e-01
  7.00409338e-02 -5.89835979e-02  2.82290816e-01 -1.58437729e-01
 -1.66766415e-03 -3.49914469e-02 -1.01169392e-01 -1.10818399e-02
  1.09671941e-03  1.66341305e-01 -1.05889343e-01 -1.01546980e-01
  1.47980928e-01  1.62135381e-02  1.21521413e-01  2.05125287e-01
 -7.27575365e-03  8.99549294e-03  4.35757302e-02 -4.63112444e-02
  2.89845020e-01  6.58612475e-02  5.53206764e-02 -8.49474147e-02
  1.40051618e-02 -2.59614944e-01  1.55372977e-01 -1.70550302e-01
  2.56446540e-01  1.89339757e-01 -1.81322768e-02  1.86949924e-01
  1.36404461e-03  4.02002335e-02 -1.61502242e-01 -1.76150978e-01
 -1.24289967e-01 -9.25099254e-02 -1.99146971e-01  2.78298944e-01
  1.01247337e-02 -2.51084775e-01 -5.45113310e-02 -2.05628742e-02
 -9.87473354e-02  1.83204427e-01 -1.00798242e-01  1.81665331e-01
  1.18594490e-01  2.43988395e-01  4.01755720e-01 -3.03410403e-02
 -4.12900746e-02  1.65405273e-01 -1.35380151e-02 -1.92220420e-01
 -1.43752312e-02 -1.37821376e-01 -1.97939519e-02  4.74232025e-02
  6.14559762e-02 -3.60381324e-03 -4.77243103e-02 -6.87402189e-02
 -3.44029486e-01 -2.13509724e-02  1.19051389e-01 -4.62829396e-02
 -4.49451469e-02  1.86784282e-01  8.30076560e-02 -9.88553762e-02
  8.12652484e-02  2.12072730e-01 -1.22268178e-01 -9.92136449e-02
  1.57809332e-02 -1.87493518e-01 -6.25425950e-02  2.09918171e-01
  5.36506064e-02 -4.21258807e-02 -1.03275731e-01  2.22159922e-02
 -3.01478580e-02  2.15449959e-01  3.17233875e-02 -3.31593364e-01
  1.78720534e-01  1.70041516e-01  2.72350580e-01 -1.00932129e-01
 -6.94475174e-02 -1.33547872e-01  5.73144630e-02 -1.81055814e-01
 -6.93549812e-02  2.89248619e-02 -9.95657779e-03  3.07413816e-01
  1.78477317e-01 -9.55054164e-02  2.68596619e-01 -2.38246903e-01
 -1.27771392e-01 -9.93172452e-02 -4.93747443e-02  1.06276415e-01
 -2.08019599e-01 -1.52377784e-01 -1.19774610e-01 -3.01294625e-02
  1.95862189e-01 -1.59987271e-01 -7.23252892e-02 -5.93260489e-02
 -6.92859013e-03 -2.47920722e-01 -1.64787978e-01 -2.17579138e-02
  2.26181433e-01  3.98548171e-02  2.00496346e-01  2.11677015e-01
  5.36538213e-02 -2.04360873e-01  3.29453796e-01  2.97921300e-01
  1.80967987e-01 -1.33161554e-02  6.89000413e-02  1.94765240e-01
  6.72267824e-02  7.83425644e-02 -1.12510987e-01  3.76591742e-01
 -2.70194858e-01  1.95011403e-02 -1.57952949e-01 -1.25236079e-01
 -9.34012234e-02  6.56686202e-02  9.95460823e-02 -1.07570132e-03
  2.46009946e-01 -4.18257490e-02  2.08611891e-01  1.57907218e-01
  1.32081658e-01  5.08599915e-02  1.23206712e-01  8.82588269e-04
  7.78185353e-02  1.82970613e-01  2.10320652e-01 -1.44834016e-02
  4.52603027e-02  2.03737214e-01  8.48193690e-02 -1.87900454e-01
 -9.24159400e-03  3.43223400e-02  1.47898078e-01 -3.20301466e-02
  1.01445973e-01  1.34620726e-01  3.63897830e-02 -2.94400960e-01
 -4.79218364e-02 -1.38023198e-01  6.37711361e-02  1.77234307e-01
  1.37758404e-01 -1.09492317e-01 -9.69172716e-02  1.10105149e-01
 -1.45978510e-01 -1.94763437e-01 -1.12337887e-01 -6.61870241e-02
  1.95821062e-01  3.23783159e-02 -9.67094079e-02 -1.14306025e-02
  5.67679293e-02  6.35474920e-02  1.85435727e-01  8.82984325e-02
  1.31730750e-01 -5.09410612e-02  8.31372216e-02  7.11567551e-02]