http://erau.edu/ontology/meme.owl#TerraFormarsCensorshipMeme
[-8.66156667e-02 -2.07945079e-01  6.38329685e-02 -5.56667447e-02
 -6.70261169e-03  7.42800757e-02  9.41568092e-02  1.41721383e-01
  7.52137527e-02  6.28950819e-02  1.34857431e-01 -1.18077122e-01
 -7.90222138e-02 -3.63998041e-02  3.09975352e-02  5.38757518e-02
 -9.62541103e-02  1.86471581e-01 -1.18459634e-01  1.33530051e-01
 -2.41578609e-01  9.70439464e-02  1.52385280e-01 -1.00548025e-02
  1.73397794e-01  8.73238668e-02  9.15155485e-02 -6.01507984e-02
  2.58558154e-01  1.51517436e-01  1.29993469e-01  1.69410452e-01
  5.85229509e-02 -1.13940332e-02  1.91199947e-02  2.74393857e-01
 -6.76304251e-02 -3.86479055e-03 -1.49434134e-02 -1.84383601e-01
 -2.30581686e-02  7.30008911e-03 -1.18638501e-01 -4.70596142e-02
  1.25960913e-02  5.42963669e-02 -7.22853048e-03 -1.86094597e-01
 -4.24941480e-02  8.25829133e-02  7.84299076e-02 -6.93698004e-02
 -6.68468922e-02 -2.98976488e-02 -1.97379634e-01  8.53668451e-02
  1.55375144e-02  3.48340757e-02 -8.54529673e-04  8.22239462e-03
 -1.02170795e-01  1.70590542e-02  2.89785005e-02  5.98347187e-02
 -2.20848039e-01 -1.88895389e-01 -1.43884420e-02  4.42324430e-02
 -6.31395653e-02 -5.81289008e-02 -1.24335691e-01  2.41517022e-01
  1.27056986e-01  1.22974962e-01 -3.22276391e-02  7.87485242e-02
 -2.07451135e-01  8.20202976e-02  8.70570987e-02  1.33666471e-01
 -4.85595725e-02 -3.15166488e-02 -2.14881018e-01 -2.05347940e-01
  6.66678175e-02  2.51827426e-02 -1.47793725e-01  1.18912771e-01
  9.96681377e-02 -9.70740914e-02 -7.06972256e-02 -3.05845052e-01
  1.10516772e-01  4.59193848e-02 -3.61381136e-02  1.83784310e-02
 -7.41869807e-02 -6.85619637e-02 -2.22980697e-02  5.87345660e-02
  8.05424526e-02  3.24951932e-02  4.37546819e-01 -9.81964320e-02
  6.29322082e-02  8.14154670e-02  1.55080035e-01  1.16158485e-01
  1.23889424e-01 -1.24460228e-01 -2.75806133e-02  1.28027052e-01
 -5.03329746e-02 -2.03979492e-01 -2.48971898e-02  4.04979363e-02
 -2.71257222e-01 -4.60356101e-02 -1.29250839e-01  4.07532156e-02
 -1.73975974e-01 -2.20949560e-01 -5.80569543e-02  6.39029294e-02
  1.96807221e-01 -7.02890307e-02  2.40081437e-02 -8.97535123e-03
  1.74909785e-01  1.25752613e-02 -9.18633714e-02 -1.55835688e-01
  3.02115586e-02 -1.15590550e-01 -5.22239171e-02  7.23774731e-02
 -8.94849822e-02 -1.09237708e-01 -3.27052139e-02 -7.71276131e-02
 -2.70870388e-01  1.63920581e-01  7.94366449e-02  9.00333896e-02
  1.64928064e-01 -4.60512042e-02  1.98931945e-03 -2.46324345e-01
 -7.76693374e-02  2.02906013e-01  1.95604768e-02 -3.03053465e-02
  9.64369774e-02  1.55348539e-01 -8.06390196e-02 -4.52240347e-04
 -1.91504151e-01  3.26517403e-01 -6.09875582e-02 -1.64244458e-01
  8.57509896e-02 -1.43453926e-01 -7.48245120e-02  5.14658168e-02
 -1.90932021e-01 -2.11542845e-01  2.53428053e-03  1.62973017e-01
 -2.87235767e-01  2.20198691e-01  4.67889868e-02  1.74440667e-01
  2.04725564e-01  2.83345520e-01 -2.71117210e-01 -1.39593050e-01
  6.19765408e-02 -8.09293017e-02  2.21719861e-01  6.25396222e-02
 -1.51512248e-03  1.20624341e-02  1.72556624e-01 -1.06532373e-01
 -1.43582048e-02 -7.93084651e-02  7.39854649e-02  7.32800364e-02
  2.37818155e-02 -3.33115049e-02  2.18923613e-02  7.00398311e-02
 -3.50188315e-02 -3.94301713e-02 -3.97206470e-02  1.62777249e-02
  4.96843420e-02  1.47481382e-01  4.49232571e-02 -8.64681322e-04
  1.55899171e-02  7.61397183e-02 -3.21765505e-02 -3.62505466e-02
  2.22261120e-02 -1.08444273e-01 -6.51390776e-02 -5.90759609e-03
  3.82941253e-02 -1.60209704e-02  1.79466948e-01  4.65382710e-02
  8.65825415e-02 -9.76637378e-02 -6.41376972e-02 -1.05076052e-01
 -1.71538979e-01  2.84341946e-02  1.42383605e-01  6.09167777e-02
 -7.38018332e-03  7.07812980e-02  1.81199498e-02  3.89961898e-02
 -1.06903628e-01 -5.73572554e-02  2.42731627e-02 -1.75852180e-01
 -1.25956491e-01 -8.31451640e-03  3.35037895e-02  1.64171726e-01
 -6.42912313e-02 -6.49658814e-02  9.56344604e-02 -7.67999096e-03
  5.64250834e-02  2.27329116e-02  2.13024214e-01 -7.17872381e-02
  1.84318200e-02  6.44240230e-02  6.56062597e-03 -6.17251382e-04
 -2.48786122e-01 -1.13535225e-01 -1.92278758e-01  1.63093617e-03
 -3.39887962e-02  6.23840429e-02 -1.47407740e-01  6.55371696e-02
  3.13037373e-02  2.44773668e-03  3.16807032e-01 -5.35521917e-02
 -5.52913174e-03 -3.97237167e-02 -1.45300180e-01 -2.27678437e-02
 -1.86325058e-01  1.26782181e-02 -5.21547757e-02 -7.90811237e-03
 -1.54558465e-01 -2.54001915e-01  1.25585690e-01  1.22033730e-01
  6.16256818e-02  1.41930461e-01 -2.51887254e-02  4.48123701e-02
 -9.55564603e-02  1.16177626e-01  7.69727901e-02 -6.86186925e-02
  2.33538762e-01 -2.08089724e-02 -1.12230763e-01 -3.59625481e-02
  8.16018973e-03  1.43183857e-01 -2.26736292e-01 -1.38071641e-01
 -2.89096888e-02  9.80662853e-02 -5.20556755e-02  4.33589518e-02
  3.46219391e-02 -1.21256299e-01 -1.70282330e-02 -7.15932325e-02
 -3.07732797e-03 -4.50617149e-02  4.08687592e-02 -3.32474448e-02
  2.50064731e-01  1.68876752e-01 -1.52852342e-01 -1.63052559e-01
 -1.36881143e-01  2.96926312e-02  4.07582931e-02  4.14394364e-02
  6.30250126e-02 -1.29871547e-01  1.22904994e-01 -1.21887788e-01
 -9.70080644e-02 -1.85322255e-01  1.93147302e-01 -1.19663574e-01
 -1.02069162e-01 -8.44958648e-02 -1.40083447e-01  2.50789430e-02
  7.81425089e-02 -1.16644157e-02  7.55225271e-02 -1.16868854e-01
 -1.88309085e-02 -2.23951176e-01  1.44895002e-01  1.50079891e-01
  7.24625438e-02  6.94471970e-02 -1.44762993e-01 -3.74984927e-02
  2.33269811e-01  1.20264836e-01  2.05457471e-02 -8.48070905e-02
  4.51595858e-02  2.02520825e-02  8.16494785e-03 -3.70349675e-01
  1.99847624e-01  1.13915853e-01  1.10551529e-01  1.09038427e-02
 -5.77235483e-02  3.93874869e-02 -1.13208793e-01 -6.57372847e-02
 -4.40929756e-02 -3.47939692e-02  1.03826448e-01  5.42093962e-02
  7.67819434e-02 -1.60255238e-01 -5.69176599e-02  1.64828926e-01
 -1.93535000e-01  1.55566841e-01 -1.30240932e-01  1.10664628e-01
  3.42592262e-02 -1.65932253e-01  2.94125915e-01 -1.45286098e-01
 -5.00783734e-02  1.36009023e-01 -1.06046863e-01 -4.95832719e-05
  4.31819521e-02 -3.40973102e-02 -1.17900319e-01  1.44819245e-01
 -3.91350797e-04  5.92542104e-02  3.02748922e-02 -2.70534575e-01
 -2.08578452e-01  1.65265024e-01  4.03944775e-02  5.43008260e-02
 -6.31800145e-02  2.07362697e-01 -1.85226828e-01 -5.17841652e-02
  2.09180992e-02  3.54498953e-01 -1.15010656e-01 -4.29830663e-02
  2.68962737e-02  1.02793172e-01 -1.07292347e-01 -6.39024898e-02
 -9.85154733e-02 -4.50288579e-02  1.40738999e-02 -7.64966011e-02
 -1.20773606e-01  8.43279529e-03  1.10196099e-01  4.87108752e-02
  1.37681048e-03 -1.60613865e-01 -8.52052793e-02  7.35928863e-02
 -3.81405652e-02 -1.69040896e-02 -5.86827584e-02  3.78146656e-02
  6.48355633e-02  6.04287907e-02 -6.24427684e-02  2.47190930e-02
  1.21835776e-01 -9.66571420e-02  2.24314377e-01 -4.50489596e-02
 -8.22727606e-02  8.20565876e-03 -1.84707761e-01 -2.66276356e-02
 -1.46851733e-01 -2.71933675e-01  2.41687428e-03  8.34417865e-02
  1.65710732e-01 -9.02271047e-02 -3.39461982e-01 -5.85468002e-02
  7.43672028e-02 -2.12349862e-01 -1.49579654e-02  9.83126312e-02
  2.89728716e-02 -2.25719158e-02  1.35868236e-01  1.84391141e-01
  1.37349498e-02 -1.30685270e-01 -1.37092359e-03  3.75996739e-01
  6.32602572e-02 -1.46796912e-01  2.04124320e-02  2.49835432e-01
  3.26547287e-02  5.46858422e-02 -2.16512874e-01  4.50279504e-01
 -3.87943298e-01 -1.22873470e-01 -2.27543205e-01 -1.24230959e-01
 -4.64453176e-02  6.83180541e-02 -2.22879164e-02  8.51245672e-02
  2.65861928e-01 -2.98117846e-02  2.44089648e-01 -1.90754235e-01
  1.51468784e-01  1.79959178e-01  8.02638382e-02 -1.21017814e-01
  9.04015228e-02  8.16744864e-02  3.12886149e-01 -4.23995256e-02
  1.29386649e-01  2.14971393e-01 -1.87918052e-01 -2.81724501e-02
 -1.50468633e-01  8.36697686e-03  2.82739311e-01 -5.09296246e-02
  2.34992325e-01  1.42918050e-01  1.03131421e-02 -1.97145537e-01
  3.05582911e-01 -3.84049356e-01 -1.39665917e-01  1.80413425e-01
  1.52539387e-01 -1.06680162e-01 -6.75821630e-03  3.90717000e-01
 -2.98381805e-01 -2.82275170e-01 -1.44136637e-01 -1.14720009e-01
  2.96468407e-01  5.16026244e-02 -1.82797760e-01 -5.97355813e-02
 -3.76530513e-02 -8.13383535e-02  3.31734419e-01 -6.50958121e-02
 -1.36862189e-01 -2.92706251e-01 -8.31682682e-02  1.15773939e-01]